200 100
1 1 1 1 1 1 1 1 1 1 1 1 
1 1 1 1 1 1 1 1 1 1 1 1 
1 1 1 1 1 1 1 1 1 1 1 1 
1 1 1 1 1 1 1 1 1 1 1 1 
1 1 1 1 1 1 1 1 1 1 1 1 
1 1 1 1 1 1 1 1 1 1 1 1 
1 1 1 1 1 1 1 1 1 1 1 1 
1 1 1 1 1 1 1 1 1 1 1 1 
1 1 1 1 
30
1 7 11 14 16 17 19 20 21 26 29 32 
42 43 44 45 55 58 61 63 65 68 75 77 
78 89 90 92 94 97 
27
3 7 10 17 27 30 36 47 49 56 62 69 
78 79 81 82 83 84 85 86 87 88 91 92 
95 97 99 
24
1 8 10 20 21 23 27 33 37 41 42 44 
49 56 62 74 75 78 81 88 89 96 97 98 
23
2 3 7 12 20 23 29 31 38 39 43 45 
46 48 49 63 66 72 76 77 79 85 90 
30
3 6 14 16 18 20 22 24 25 29 32 34 
36 39 40 42 44 46 52 57 62 64 69 76 
80 84 85 90 93 95 
32
2 3 5 9 10 11 13 15 16 17 21 23 
26 27 32 36 40 47 49 54 57 61 63 72 
75 76 78 88 90 93 94 96 
27
2 3 5 6 9 15 18 24 27 35 38 40 
41 51 52 60 61 63 64 66 72 77 78 85 
86 94 96 
31
1 2 7 12 13 24 26 30 34 40 46 49 
50 52 54 60 61 62 75 76 77 78 80 83 
85 88 92 93 97 99 100 
24
1 6 8 12 14 15 17 22 34 35 39 40 
43 45 50 63 65 69 76 81 86 95 96 100 
32
1 8 9 10 13 16 17 21 23 26 27 28 
31 32 42 44 47 48 50 57 69 72 73 74 
82 85 86 90 92 94 99 100 
27
14 17 22 23 28 30 31 33 35 36 37 39 
49 50 52 55 58 65 67 69 70 80 81 83 
90 91 93 
24
5 6 7 12 13 27 29 38 40 42 43 51 
56 61 63 64 73 77 79 82 83 88 90 93 
28
2 5 7 8 12 18 20 24 27 29 37 45 
46 49 53 62 67 68 72 73 75 76 77 80 
83 89 94 97 
28
1 5 6 10 14 20 24 27 30 33 34 35 
37 39 43 45 59 60 64 67 68 69 79 80 
84 93 94 100 
38
1 3 5 7 8 9 11 13 14 16 17 21 
22 26 30 33 39 43 46 49 50 51 55 62 
67 68 69 73 84 85 86 90 92 93 94 96 
97 100 
28
4 8 10 15 24 34 47 54 57 58 61 63 
65 67 68 70 73 78 82 83 87 88 89 90 
92 95 96 97 
32
4 6 8 9 14 15 16 20 23 25 28 30 
31 34 37 39 44 45 50 56 57 59 60 66 
71 80 84 86 90 96 99 100 
28
2 4 6 8 10 12 19 21 23 25 26 29 
34 35 42 45 50 51 54 62 67 68 69 77 
81 89 92 97 
31
3 8 10 11 14 19 21 22 34 37 40 41 
43 44 45 48 56 63 64 72 76 79 80 81 
82 87 88 90 91 92 100 
31
4 7 8 15 22 23 24 27 31 32 34 48 
49 50 51 53 56 57 58 62 63 66 68 70 
73 75 78 79 80 93 100 
35
5 7 8 13 16 19 26 32 33 34 37 38 
39 40 43 46 53 54 56 59 64 65 68 71 
73 74 80 82 83 84 91 92 94 96 98 
35
1 2 10 11 13 17 21 23 24 25 26 27 
28 31 38 40 41 42 44 48 49 50 51 54 
56 62 65 71 72 73 75 87 91 93 100 
31
3 4 6 11 13 17 20 25 34 35 39 40 
43 44 45 49 50 53 54 56 64 65 75 77 
78 80 81 84 87 99 100 
32
1 5 6 9 13 14 15 16 24 25 26 30 
31 33 35 38 42 43 44 47 51 57 60 64 
68 75 76 77 83 84 96 97 
25
3 7 9 11 13 14 27 31 32 34 38 46 
53 54 56 59 64 68 69 77 79 87 93 94 
99 
28
2 4 6 7 10 17 20 25 30 33 37 38 
39 41 43 45 47 53 55 62 67 69 72 75 
78 83 92 96 
38
3 6 7 8 12 14 16 19 20 22 23 25 
28 29 30 38 40 41 42 48 52 54 55 57 
67 68 69 72 73 76 78 84 85 86 92 93 
95 98 
35
1 10 13 15 16 20 25 26 30 33 35 37 
38 39 41 45 48 50 51 54 60 63 70 75 
77 79 82 83 87 88 90 91 92 94 98 
35
2 9 10 12 17 19 25 32 34 36 37 39 
41 47 48 56 59 61 62 63 65 75 79 80 
81 84 86 88 90 92 93 95 98 99 100 
25
1 3 9 13 14 20 28 31 33 34 43 46 
50 53 54 55 56 57 58 64 83 87 89 91 
97 
20
5 7 12 13 14 15 21 22 39 42 48 56 
64 67 68 70 73 83 94 98 
38
3 8 9 11 13 14 20 24 27 28 34 39 
44 45 49 55 57 58 62 65 67 68 70 71 
72 74 75 76 79 82 83 88 89 92 93 95 
97 100 
32
4 6 8 12 15 20 24 28 29 32 38 40 
42 46 53 54 55 56 59 62 66 68 71 74 
79 81 83 86 87 89 91 97 
33
1 4 9 10 13 16 17 22 23 24 30 34 
35 37 38 39 41 43 44 45 46 50 63 68 
71 72 74 78 79 88 89 97 98 
26
16 18 19 20 24 28 36 37 38 39 42 44 
51 59 63 66 70 73 75 78 82 84 93 96 
97 99 
35
1 2 5 6 7 11 12 19 21 24 30 31 
35 36 39 41 43 47 51 56 57 61 63 65 
67 68 74 80 81 82 86 88 92 95 99 
26
1 2 4 5 11 13 19 24 32 33 40 43 
52 58 63 70 74 78 83 84 85 89 90 94 
96 100 
25
5 7 8 9 10 17 19 28 30 31 32 36 
43 45 48 49 52 65 67 79 83 89 91 95 
97 
43
5 9 10 11 14 15 16 17 23 24 25 26 
28 31 35 36 39 40 41 42 45 46 47 50 
51 55 56 60 63 64 65 67 73 77 79 85 
86 88 89 92 93 96 97 
27
4 7 8 12 15 25 27 32 35 38 39 40 
43 44 47 48 49 57 72 76 77 81 83 87 
94 97 98 
34
1 2 3 5 10 11 18 20 21 31 35 40 
43 50 55 58 59 60 61 66 67 68 69 73 
78 79 83 85 86 91 97 98 99 100 
28
2 6 8 11 13 14 15 16 23 24 31 34 
42 50 53 54 58 61 64 71 80 82 83 86 
87 95 97 98 
34
2 4 5 6 8 11 14 16 18 19 20 22 
24 26 27 31 32 33 43 44 47 49 51 52 
53 59 60 65 74 78 81 91 96 99 
34
1 2 5 6 11 16 17 19 20 29 34 35 
38 39 43 45 48 49 50 51 54 58 67 68 
72 73 85 87 90 91 92 95 97 99 
33
6 7 8 11 17 18 28 29 32 35 37 40 
41 43 46 50 51 52 53 62 64 67 71 72 
74 80 81 83 86 87 89 95 96 
29
6 7 10 13 15 20 26 33 38 41 44 45 
50 51 56 58 61 67 68 69 72 74 76 78 
83 84 87 89 96 
29
1 2 4 5 8 10 14 15 16 17 19 21 
29 31 34 37 40 46 50 52 56 60 61 67 
69 75 78 87 95 
32
1 4 5 8 9 13 17 22 31 32 33 35 
36 39 40 41 42 46 48 51 54 57 63 68 
69 70 71 72 77 88 94 99 
36
3 5 8 10 13 15 24 31 32 33 34 36 
38 39 44 48 50 52 60 63 65 68 69 70 
71 73 74 76 77 78 80 82 83 86 91 93 
31
1 3 5 9 14 15 18 21 24 29 30 33 
35 38 41 43 46 54 55 59 65 67 71 73 
77 79 83 86 96 97 99 
26
1 2 12 16 18 20 21 28 29 30 35 39 
41 45 46 59 63 69 75 76 77 79 82 85 
86 89 
40
1 5 7 8 9 10 12 14 15 18 20 27 
30 32 33 34 36 38 43 53 54 55 60 65 
66 69 70 72 74 75 77 78 81 89 90 92 
93 95 96 99 
28
3 16 18 20 25 26 27 34 35 37 44 53 
55 57 66 68 70 71 73 78 80 84 85 88 
92 96 97 98 
36
4 9 12 13 14 16 17 20 21 25 29 32 
36 37 40 41 42 52 53 59 60 67 72 73 
76 79 80 81 84 86 88 89 90 92 96 98 
35
3 5 6 7 8 9 17 20 32 33 35 39 
41 44 45 50 51 52 57 60 67 72 73 75 
79 80 81 82 86 87 88 90 94 99 100 
36
1 2 5 8 12 18 20 24 32 34 36 37 
39 43 44 45 46 48 55 57 58 61 69 72 
73 74 77 80 82 83 88 90 91 93 99 100 
22
5 7 11 23 31 35 36 43 44 45 47 69 
71 74 76 83 84 85 86 88 91 99 
32
4 6 10 11 13 15 21 22 27 28 30 32 
33 34 38 41 42 43 45 48 53 54 58 60 
67 71 78 79 82 90 93 97 
28
1 4 17 23 32 33 36 38 41 42 48 56 
58 59 61 63 64 71 74 82 87 89 90 91 
92 93 94 98 
22
1 3 6 8 10 16 20 25 26 34 35 39 
41 48 49 57 58 64 68 79 81 83 
29
5 8 10 11 13 15 27 30 31 33 44 45 
46 52 55 57 58 60 62 64 68 71 81 82 
84 86 93 95 97 
25
1 2 3 5 12 19 20 21 24 25 28 32 
33 36 37 38 39 41 56 60 74 76 79 87 
98 
33
5 16 17 18 19 25 28 32 41 43 45 46 
47 48 53 56 58 59 60 62 63 64 75 76 
78 79 80 81 84 85 89 90 99 
25
4 11 12 13 19 20 23 27 39 44 45 46 
50 55 61 62 70 72 75 77 80 85 86 94 
100 
35
2 4 5 6 8 14 22 24 34 35 36 39 
46 48 50 51 52 54 56 59 64 66 69 70 
74 75 76 82 83 86 87 88 94 98 99 
33
1 3 6 7 8 9 12 14 16 19 21 24 
26 33 41 49 50 56 59 60 61 64 70 74 
77 78 83 88 91 93 95 97 98 
32
5 6 8 9 12 14 22 26 32 33 36 37 
40 45 46 49 52 55 58 60 61 62 66 68 
69 71 72 82 88 91 97 99 
36
1 2 4 7 8 9 14 15 18 25 35 36 
37 38 44 48 50 52 54 61 62 65 67 70 
73 74 78 79 80 83 84 86 92 94 95 100 
33
2 12 13 19 20 23 31 33 39 43 44 45 
46 52 56 57 58 59 62 63 68 72 75 79 
82 87 89 91 93 94 95 96 100 
29
1 5 6 8 10 13 15 20 28 32 34 41 
43 44 46 51 55 67 68 72 74 75 77 78 
80 82 85 89 100 
30
2 8 11 12 13 17 19 22 24 27 29 31 
33 45 46 48 50 55 58 67 68 70 73 76 
81 86 87 89 97 100 
35
1 3 7 12 14 15 20 21 22 25 30 31 
32 34 38 41 46 50 52 53 55 56 57 59 
64 78 83 84 85 86 87 88 90 93 97 
20
3 5 10 13 16 18 23 31 33 37 47 48 
55 62 71 73 74 75 84 91 
27
4 6 8 11 13 17 19 22 27 29 30 34 
45 51 53 55 62 63 64 78 79 81 82 83 
85 89 91 
27
2 3 5 8 9 11 14 15 20 21 23 27 
28 36 48 54 58 62 63 66 76 82 86 89 
92 93 98 
30
1 3 9 12 15 19 22 24 25 35 38 41 
42 45 51 53 58 62 64 65 70 71 77 82 
86 88 89 92 93 94 
23
1 4 7 10 11 14 15 16 19 22 32 39 
42 45 52 56 60 69 78 83 85 88 100 
34
9 14 17 19 24 25 33 37 43 45 46 47 
49 52 54 56 57 58 60 65 66 67 68 71 
72 75 76 77 79 80 82 97 98 99 
28
1 2 8 9 15 17 19 25 26 28 30 31 
34 36 37 38 42 47 71 76 77 86 88 93 
95 97 99 100 
32
1 5 7 14 16 17 19 22 23 24 32 33 
39 40 46 47 48 51 54 55 57 58 60 62 
66 72 74 76 83 86 94 96 
33
12 13 14 17 20 21 22 25 27 30 34 35 
43 44 50 52 53 54 58 60 62 64 66 68 
70 73 79 85 89 90 94 96 99 
24
1 2 5 10 18 19 31 36 41 45 46 47 
52 60 66 68 71 78 81 83 84 86 90 98 
27
2 3 7 13 14 18 22 24 30 40 44 45 
48 53 54 55 58 65 66 73 77 81 83 85 
90 92 96 
28
2 3 8 12 14 21 22 24 25 26 32 35 
39 41 52 59 62 65 70 71 72 73 74 76 
77 86 90 95 
41
3 9 10 12 15 19 21 27 31 32 35 36 
38 43 44 46 50 51 53 55 56 57 58 59 
60 62 65 67 68 70 74 76 78 79 80 81 
82 87 91 95 99 
21
8 14 15 17 21 30 39 40 44 59 60 64 
72 75 82 83 85 86 87 93 99 
33
1 4 6 13 16 19 27 39 40 42 43 46 
52 54 57 59 60 61 69 74 75 76 80 81 
82 85 86 87 91 94 97 98 99 
35
5 6 7 8 17 19 23 24 26 32 33 34 
36 37 38 39 40 50 52 53 54 56 57 59 
61 62 68 70 78 83 85 88 91 92 99 
28
3 5 14 18 19 27 29 30 31 32 35 36 
38 46 49 51 57 59 62 69 71 76 91 92 
95 96 98 99 
32
1 2 5 9 10 12 13 14 20 22 28 41 
42 44 57 60 61 62 63 64 65 66 69 71 
72 75 76 81 84 88 95 96 
29
1 3 4 5 9 10 14 19 21 29 37 40 
43 48 56 57 58 59 64 70 71 81 84 87 
91 93 94 96 99 
37
1 2 6 11 13 15 17 20 21 24 27 29 
30 33 34 35 36 37 39 41 42 44 46 53 
61 62 70 71 73 74 75 77 83 85 93 95 
97 
21
3 11 16 23 30 36 37 43 44 47 48 53 
56 57 62 73 77 78 93 96 97 
26
1 11 17 19 23 25 31 33 35 40 42 52 
60 64 74 77 81 85 86 87 88 92 93 96 
99 100 
25
1 3 19 20 21 22 25 33 44 47 51 60 
64 66 73 74 77 80 86 88 90 91 92 94 
96 
40
3 4 6 7 8 9 10 11 16 17 18 21 
23 24 25 28 29 33 34 35 37 40 49 52 
53 60 64 65 66 72 78 82 83 85 87 88 
91 96 97 98 
27
5 10 11 20 24 25 26 28 31 34 35 36 
41 49 50 59 61 65 71 75 83 87 88 92 
97 98 99 
36
5 9 12 13 14 15 18 22 24 26 32 38 
40 42 43 45 47 49 51 56 58 60 63 64 
70 71 72 74 75 80 86 90 91 92 95 97 
41
4 6 9 13 14 17 21 24 25 26 27 29 
32 33 35 37 39 40 43 44 46 48 50 53 
57 58 59 60 65 73 78 84 85 86 87 91 
92 94 95 98 100 
28
1 3 5 9 12 14 16 17 20 21 23 24 
30 35 37 38 44 53 55 56 57 73 75 76 
85 90 96 97 
24
3 9 10 15 21 23 31 33 37 42 52 55 
59 61 64 66 70 72 82 84 86 87 94 100 
27
9 12 15 19 23 28 29 30 31 36 42 46 
50 51 55 56 58 63 66 69 72 76 84 86 
87 90 95 
30
3 8 9 11 14 15 17 19 21 32 33 34 
37 43 52 59 61 63 67 70 74 76 80 84 
88 91 92 95 98 99 
29
3 6 14 15 16 17 22 25 27 29 34 40 
42 43 48 49 51 54 57 58 61 66 69 72 
73 78 81 87 97 
31
2 3 10 11 22 25 27 31 35 36 39 53 
54 56 59 63 66 68 70 71 73 74 75 77 
78 79 82 90 95 96 100 
33
1 4 8 10 19 22 26 31 33 35 36 37 
38 39 52 53 54 59 60 61 63 64 66 67 
71 78 79 81 85 91 92 93 98 
29
1 2 3 5 7 18 22 29 32 33 34 38 
44 45 48 53 55 60 62 67 69 71 73 80 
82 88 97 98 100 
26
4 5 12 14 18 27 32 34 36 39 41 46 
52 53 54 58 62 65 71 74 77 82 83 84 
89 95 
39
1 3 4 5 7 9 10 12 14 17 23 26 
27 28 31 35 37 38 45 46 47 53 56 58 
62 64 67 69 70 71 72 74 77 79 80 85 
91 94 99 
27
4 9 13 27 28 30 32 36 40 41 42 44 
46 49 50 53 61 64 78 82 85 87 88 89 
93 96 99 
33
2 4 5 8 10 13 19 21 24 36 39 44 
53 54 56 59 62 64 68 71 72 73 75 77 
78 81 82 90 92 93 94 97 99 
24
4 6 10 16 19 20 23 25 37 41 49 52 
53 55 56 61 64 66 67 78 91 92 94 96 
19
4 9 11 15 16 25 34 45 60 61 62 63 
65 66 73 79 82 91 93 
26
5 11 13 17 22 34 35 38 39 49 55 57 
58 62 64 68 69 72 73 76 82 87 92 93 
95 97 
41
2 4 7 9 10 12 13 15 16 18 23 29 
32 33 35 38 43 44 48 49 53 54 58 63 
66 68 69 70 73 74 78 80 82 83 85 86 
91 93 95 99 100 
30
3 4 8 15 18 23 25 30 31 40 41 43 
44 46 48 60 61 63 65 68 70 72 79 84 
85 86 87 94 95 99 
30
4 8 11 17 26 28 32 33 40 41 42 43 
44 46 47 55 61 62 64 66 69 74 83 84 
87 92 95 97 98 100 
32
3 7 14 20 25 30 32 34 35 36 37 38 
39 43 51 55 57 60 66 67 70 71 72 73 
74 77 79 83 86 94 96 100 
29
3 5 8 10 15 20 22 24 26 27 28 32 
33 35 41 44 46 48 51 55 57 63 65 71 
73 77 80 86 99 
36
3 8 9 13 14 16 20 24 30 36 37 39 
40 45 46 47 48 50 52 55 59 61 66 68 
71 72 75 76 77 86 87 91 94 95 98 100 
29
4 14 18 22 25 30 37 39 42 46 49 52 
55 57 59 60 63 64 65 66 67 72 83 84 
90 92 93 95 97 
24
4 12 18 19 23 24 26 33 34 41 44 47 
50 53 62 74 75 76 78 82 92 98 99 100 
30
2 14 22 23 25 27 32 35 38 44 45 46 
51 52 54 61 62 65 68 70 72 73 75 81 
82 86 89 90 92 98 
25
8 14 15 23 25 26 41 44 45 47 50 55 
57 58 59 68 72 74 77 78 82 83 90 97 
100 
27
4 5 9 10 13 20 22 29 30 31 36 37 
38 41 48 49 53 58 62 68 72 77 88 93 
98 99 100 
34
3 6 7 9 19 24 25 29 34 39 41 42 
43 46 48 49 53 58 61 63 64 70 71 77 
79 80 86 87 90 92 93 95 97 98 
28
15 16 17 19 20 23 28 33 34 37 38 42 
44 45 47 48 52 55 60 61 62 67 69 71 
72 77 80 81 
30
4 6 7 9 14 24 26 28 30 35 36 42 
43 44 45 46 47 50 63 64 66 72 74 87 
88 90 91 96 99 100 
31
3 5 7 12 23 25 28 32 34 38 40 44 
46 49 53 56 58 59 66 70 72 75 77 78 
81 82 83 86 89 95 100 
22
1 4 6 12 17 24 25 28 36 40 44 45 
66 70 73 78 79 84 86 88 90 92 
31
2 3 5 6 17 18 19 20 24 25 34 36 
42 44 49 50 54 58 59 60 62 63 77 81 
82 84 86 87 88 93 97 
24
1 2 6 8 9 16 17 23 24 25 27 33 
34 46 51 55 56 59 71 73 76 79 86 97 
32
4 6 9 15 19 22 23 24 34 36 39 46 
47 49 50 59 64 69 70 75 76 78 80 82 
84 86 88 89 90 94 95 98 
32
6 10 20 24 25 26 34 39 43 45 48 53 
54 55 57 60 63 65 66 67 70 77 79 80 
81 84 90 91 95 96 97 100 
25
2 5 8 13 16 19 22 26 27 28 30 34 
37 38 40 43 55 68 72 73 88 89 90 96 
100 
27
9 11 14 18 22 33 39 40 47 48 53 54 
58 59 61 63 67 73 74 76 78 79 83 86 
87 89 98 
28
1 3 10 11 12 13 27 28 30 32 35 36 
43 46 48 50 66 68 69 72 76 77 79 82 
85 91 94 95 
27
8 9 11 15 16 18 21 27 38 40 45 50 
51 53 55 59 61 70 71 78 79 86 88 90 
93 98 99 
35
1 10 11 16 19 22 24 25 29 32 33 35 
36 37 43 44 48 49 52 53 56 58 60 61 
64 66 67 73 75 82 83 90 93 95 98 
36
2 3 7 10 11 12 14 15 21 23 26 31 
32 33 35 37 39 40 42 47 48 52 54 55 
58 65 67 73 78 83 84 85 90 93 96 97 
21
7 10 17 19 21 25 26 28 31 35 43 46 
51 54 63 68 77 88 93 97 98 
31
3 4 6 9 10 11 12 15 18 22 29 42 
44 45 46 48 50 54 60 63 69 70 71 72 
74 75 76 86 89 97 100 
28
2 5 13 15 17 27 28 30 31 32 36 43 
49 59 62 63 64 66 67 68 69 73 75 77 
83 85 89 94 
34
1 2 6 10 15 19 20 21 24 28 29 33 
36 43 47 52 53 58 61 62 64 71 72 73 
75 77 78 79 84 86 87 90 91 93 
34
2 4 5 13 24 27 28 29 30 37 38 45 
47 48 49 53 55 58 60 62 63 69 70 75 
76 77 80 83 84 86 91 93 94 100 
29
4 8 9 11 13 15 16 17 22 25 29 30 
32 34 37 39 47 48 56 57 65 72 73 75 
85 88 89 93 95 
34
5 7 12 16 20 21 22 25 27 32 34 38 
39 40 41 45 46 47 48 51 55 62 65 66 
68 71 73 79 81 86 87 92 96 97 
32
7 8 9 10 12 15 18 20 22 23 27 32 
33 35 39 41 46 55 58 61 62 66 68 70 
80 83 85 88 89 94 99 100 
30
1 5 9 12 14 15 16 22 25 34 43 48 
50 51 52 53 67 68 72 76 77 78 81 82 
86 87 92 95 97 100 
29
2 5 16 17 19 20 23 25 30 32 36 40 
53 56 63 70 72 75 79 81 87 88 89 90 
92 93 97 98 100 
29
1 3 15 16 23 24 26 29 32 34 36 37 
39 40 41 42 47 48 52 54 62 63 81 85 
89 96 97 98 100 
31
5 6 11 15 16 20 23 27 35 36 37 38 
39 42 47 54 59 61 67 71 72 78 79 80 
82 85 87 94 95 96 98 
22
4 7 13 14 17 19 20 21 28 49 51 57 
71 74 76 78 79 86 89 91 95 99 
29
1 5 6 12 13 17 18 26 31 33 35 39 
40 41 52 60 64 70 72 73 76 79 83 86 
90 95 98 99 100 
38
3 4 6 7 13 21 24 26 28 29 31 32 
38 39 40 41 43 47 52 57 61 62 63 67 
68 69 72 73 77 79 82 83 85 89 91 97 
98 99 
37
2 4 6 8 12 15 18 20 21 22 24 26 
27 28 38 39 40 44 47 48 56 60 62 63 
64 71 72 74 77 78 79 81 84 86 91 92 
94 
28
10 15 16 17 18 21 27 28 29 33 40 41 
44 45 52 56 58 65 66 67 68 69 70 71 
74 75 85 89 
33
2 10 12 17 18 23 33 34 35 36 37 38 
40 42 44 46 47 49 54 55 60 63 71 73 
74 76 79 80 82 83 91 93 97 
31
1 5 9 14 18 22 26 33 35 39 42 49 
54 55 57 59 61 65 67 69 70 72 73 75 
85 88 93 96 97 98 99 
28
3 5 6 9 10 19 32 34 35 39 42 43 
48 54 58 60 61 63 65 66 82 83 88 90 
95 97 98 100 
39
1 2 6 12 13 24 29 31 32 39 44 45 
46 47 52 54 55 56 57 58 62 65 67 69 
70 74 75 76 80 82 85 87 89 90 92 95 
96 97 99 
34
1 3 4 5 8 14 15 20 23 24 26 35 
36 38 42 43 49 51 54 57 58 60 65 67 
70 75 77 79 85 88 92 94 96 98 
28
5 6 9 10 14 15 17 24 26 27 31 35 
39 41 45 47 56 59 63 69 70 71 73 74 
75 78 82 93 
44
3 4 6 7 8 10 13 14 16 17 22 25 
26 27 32 34 35 36 40 43 46 48 50 57 
60 62 64 66 67 69 71 74 75 76 78 79 
84 85 89 91 92 93 97 98 
23
3 4 9 27 29 32 43 46 47 52 60 62 
64 65 71 72 74 77 81 82 95 96 99 
30
2 3 4 13 18 27 28 29 31 36 40 54 
56 61 63 65 68 73 75 76 80 83 86 87 
89 92 95 97 99 100 
36
1 9 14 19 20 24 26 28 29 37 39 40 
45 46 48 49 51 52 53 55 56 62 63 64 
71 72 74 82 84 87 88 90 93 94 96 97 
37
1 5 7 8 10 12 17 18 24 25 27 28 
33 36 38 41 44 46 49 52 54 59 60 74 
78 81 82 84 85 87 89 90 91 93 95 96 
98 
39
2 3 5 6 10 11 12 13 15 16 23 27 
34 36 37 39 41 43 47 48 50 55 59 60 
64 67 69 70 74 75 77 79 82 83 84 92 
93 96 100 
26
7 14 21 25 27 32 33 35 38 39 42 45 
46 48 55 57 60 64 68 76 77 79 84 89 
94 99 
32
2 4 12 14 16 19 20 21 22 23 25 30 
35 37 40 41 43 45 46 54 60 62 67 73 
76 79 80 84 85 87 94 96 
35
6 8 9 10 16 19 22 26 30 32 33 34 
36 38 39 40 41 51 55 56 63 65 75 76 
77 80 81 83 86 88 91 93 97 98 99 
27
2 6 16 18 26 28 30 34 38 42 51 58 
65 66 74 75 76 79 80 82 85 86 90 92 
95 97 98 
33
3 6 9 11 16 19 20 23 27 37 40 48 
51 53 56 57 59 67 70 71 72 79 80 83 
85 88 90 93 95 96 98 99 100 
24
5 9 10 12 13 16 17 22 30 34 35 38 
40 47 54 61 62 64 65 69 79 91 93 100 
35
11 14 15 18 20 24 27 29 30 33 39 42 
45 46 47 49 56 57 58 59 66 67 72 75 
76 77 79 80 81 85 88 93 94 98 100 
32
2 5 7 11 13 15 16 19 21 25 26 30 
31 41 47 48 50 52 56 59 61 62 63 71 
74 77 83 89 97 98 99 100 
25
6 8 12 13 17 26 27 34 36 37 43 44 
48 55 64 68 70 73 74 77 86 89 90 95 
97 
28
2 5 14 15 17 22 28 29 32 33 40 42 
47 50 52 56 57 64 65 71 73 75 76 80 
82 87 92 99 
25
2 8 9 10 17 20 27 28 29 40 43 45 
48 56 57 68 70 71 72 77 79 82 84 97 
99 
31
2 4 5 9 10 13 14 17 19 25 32 33 
37 39 42 44 45 50 55 57 58 59 62 69 
72 75 76 79 82 93 98 
22
2 3 16 21 22 24 25 30 31 33 34 36 
40 48 61 65 67 70 73 82 95 99 
30
3 6 14 18 19 20 21 25 29 32 40 42 
43 46 47 52 56 59 64 68 77 80 81 83 
86 87 88 89 92 96 
34
6 7 14 18 20 23 25 28 32 37 38 39 
41 43 49 51 54 60 62 66 72 77 78 79 
80 81 83 84 87 92 93 94 95 97 
28
9 10 21 23 25 26 31 34 39 43 45 46 
47 52 53 59 60 64 68 71 75 83 90 91 
95 98 99 100 
35
2 6 14 20 21 25 36 37 39 40 42 44 
47 49 56 59 62 64 66 71 72 76 78 80 
84 86 87 88 90 91 94 95 97 98 100 
29
2 5 14 15 19 20 23 25 30 32 33 35 
40 41 46 51 54 60 63 65 75 76 81 82 
86 88 90 93 98 
29
1 3 4 9 14 19 21 23 24 27 29 31 
32 42 45 50 52 56 63 64 67 73 81 86 
89 94 97 99 100 
30
1 8 13 14 18 20 25 26 30 33 38 43 
44 48 52 53 60 63 64 65 66 68 75 80 
86 87 91 93 96 100 
28
7 13 16 20 21 25 26 33 36 39 40 41 
42 44 46 54 61 75 77 79 82 85 86 88 
90 94 97 99 
38
1 4 9 11 12 14 17 18 20 22 25 26 
35 39 40 41 50 51 55 56 60 63 64 71 
72 76 77 79 80 83 85 86 89 92 93 97 
98 99 
26
16 18 19 20 23 32 34 40 44 50 51 57 
62 66 67 69 76 77 81 89 92 93 94 96 
97 100 
26
1 2 4 6 7 11 22 25 26 28 29 30 
35 39 41 48 54 64 65 67 74 76 79 82 
87 100 
26
2 9 13 17 24 27 32 34 35 38 41 45 
47 54 58 61 69 71 74 85 87 90 91 95 
98 99 
33
2 6 8 9 10 13 14 15 18 19 22 23 
26 30 31 33 37 38 39 42 44 48 49 50 
60 61 63 65 73 75 79 83 93 
27
3 8 17 30 39 40 41 44 46 48 53 54 
58 59 61 66 67 71 75 76 86 87 89 92 
95 96 99 
27
1 15 16 17 24 25 28 30 31 35 41 52 
54 55 57 58 59 67 71 72 73 76 81 82 
87 93 98 
39
1 2 3 5 6 7 12 15 16 21 24 25 
26 29 35 37 38 39 41 46 50 51 52 53 
56 60 63 65 68 70 71 77 78 79 89 90 
93 97 99 
30
5 12 18 19 22 30 35 36 42 45 55 57 
61 62 63 65 68 71 74 77 78 79 82 83 
87 93 95 97 99 100 
32
1 2 10 19 20 21 23 29 33 35 37 39 
41 43 44 54 56 60 62 63 66 67 68 72 
74 75 82 85 87 89 90 93 
