200 100
1 1 1 1 1 1 1 1 1 1 1 1 
1 1 1 1 1 1 1 1 1 1 1 1 
1 1 1 1 1 1 1 1 1 1 1 1 
1 1 1 1 1 1 1 1 1 1 1 1 
1 1 1 1 1 1 1 1 1 1 1 1 
1 1 1 1 1 1 1 1 1 1 1 1 
1 1 1 1 1 1 1 1 1 1 1 1 
1 1 1 1 1 1 1 1 1 1 1 1 
1 1 1 1 
22
1 2 5 18 22 30 33 36 40 48 49 59 
64 72 73 76 79 80 89 93 95 97 
33
1 6 7 12 13 23 27 28 29 30 34 39 
40 41 43 45 47 52 54 58 59 60 65 72 
76 78 84 86 87 88 89 98 100 
26
2 9 11 13 16 22 23 27 33 37 51 52 
58 64 70 71 74 75 77 81 84 87 91 92 
96 99 
30
3 7 10 13 15 20 21 26 34 35 36 41 
43 44 45 47 50 58 59 61 64 65 67 77 
78 81 88 96 97 98 
34
6 7 8 10 11 13 17 23 24 30 31 33 
40 44 47 50 52 53 55 61 63 67 68 69 
74 78 81 83 87 88 89 92 95 100 
40
1 5 6 9 12 21 25 27 29 31 32 37 
40 42 44 50 51 52 53 54 55 57 58 59 
67 78 79 80 81 85 86 89 90 92 93 94 
96 98 99 100 
26
2 7 12 16 17 20 22 28 35 38 44 51 
52 53 55 60 61 62 64 73 76 79 80 89 
92 93 
27
3 6 8 13 15 16 17 27 28 29 36 38 
41 46 50 52 54 58 61 70 73 79 83 87 
91 92 93 
31
7 15 23 25 26 33 39 40 41 42 45 47 
49 51 53 54 59 60 63 64 66 68 70 71 
75 76 80 91 92 97 100 
30
3 4 6 7 9 12 13 32 37 39 48 52 
54 56 57 58 59 64 70 71 74 76 81 82 
83 87 91 93 95 98 
25
2 6 12 22 24 30 32 33 38 39 46 48 
52 53 58 60 62 64 73 76 79 80 91 96 
97 
26
1 3 5 9 18 23 27 28 32 45 47 54 
60 62 66 70 71 73 79 82 83 94 96 97 
98 100 
33
2 3 6 7 10 11 15 16 22 28 30 35 
36 39 40 42 45 46 48 52 55 58 64 67 
68 71 73 74 85 86 90 95 96 
31
2 5 7 9 16 17 21 25 28 30 35 39 
40 46 49 50 51 52 55 57 60 63 66 71 
75 78 81 85 93 94 99 
24
6 7 8 16 18 20 21 25 29 33 41 48 
50 51 52 58 59 61 71 72 78 86 88 96 
28
1 2 3 6 8 11 12 17 20 23 30 38 
39 41 46 49 52 54 57 64 65 67 68 74 
80 87 93 99 
36
1 2 4 5 7 9 13 16 18 19 21 23 
25 27 28 29 32 33 34 35 43 46 50 53 
54 60 62 63 65 68 69 76 77 80 83 98 
29
4 6 17 19 20 22 24 28 30 31 32 36 
41 43 47 58 60 62 67 73 74 75 76 82 
86 88 90 95 97 
31
1 2 3 5 12 14 19 21 34 37 38 39 
42 43 45 46 47 49 53 62 70 72 73 75 
77 79 80 82 91 92 97 
29
2 5 7 15 17 19 20 22 24 26 31 38 
44 46 48 54 58 67 68 82 83 84 86 87 
89 94 95 98 99 
38
2 3 5 8 9 12 13 14 26 27 29 30 
31 34 35 36 38 41 43 46 48 51 52 53 
65 73 76 79 83 84 85 88 90 91 94 97 
98 99 
26
3 7 12 16 18 22 26 28 33 35 42 43 
46 48 52 54 55 58 63 65 72 77 79 84 
85 93 
31
1 11 13 15 16 17 20 24 31 32 34 35 
40 41 43 44 61 63 68 69 73 81 83 84 
86 88 89 92 93 96 99 
25
1 2 4 6 7 12 14 17 21 25 29 33 
35 38 46 50 68 80 83 87 89 90 92 95 
99 
23
3 5 9 11 20 24 26 34 41 46 49 52 
55 64 65 68 75 76 77 78 82 89 100 
24
13 15 16 22 24 26 36 45 57 58 60 64 
65 72 75 76 81 85 89 92 95 98 99 100 
35
3 4 10 14 15 23 24 26 27 30 31 36 
37 38 42 43 46 48 52 57 58 61 64 65 
70 71 73 74 80 82 85 87 94 97 100 
24
4 5 6 7 14 16 18 25 27 31 42 51 
52 57 59 60 71 73 74 80 85 91 93 98 
26
4 5 7 14 22 34 39 40 42 43 49 55 
56 60 64 65 66 82 86 89 91 93 96 98 
99 100 
24
6 17 18 20 23 25 26 35 41 42 44 47 
49 65 77 78 82 84 85 87 88 90 96 98 
29
7 9 14 19 20 22 31 32 34 40 42 44 
47 48 51 58 66 69 75 80 88 89 90 91 
92 94 96 98 99 
33
2 4 8 11 12 16 17 18 25 27 29 31 
32 33 35 38 39 40 43 52 56 65 66 75 
82 84 85 87 89 90 91 96 99 
31
1 8 13 14 15 19 21 26 29 30 31 33 
34 38 44 45 50 51 52 53 57 60 68 71 
76 77 79 84 85 90 91 
32
1 6 9 13 18 23 25 26 27 28 30 32 
33 35 38 42 44 47 52 53 59 62 64 69 
75 78 83 86 88 92 96 98 
36
1 8 13 15 16 17 18 23 25 26 27 28 
29 33 42 46 47 50 52 53 59 60 63 65 
66 74 84 86 87 88 89 90 92 94 95 100 
35
10 11 13 14 17 20 24 26 28 30 35 36 
38 41 45 51 54 55 57 59 64 68 69 70 
72 74 78 80 84 89 90 94 98 99 100 
28
2 5 14 28 29 31 32 34 35 36 38 43 
47 48 50 52 53 59 63 64 67 68 71 72 
73 75 96 97 
27
4 8 9 13 15 17 21 24 32 34 41 42 
50 51 54 58 66 68 78 80 81 85 86 89 
91 92 96 
27
1 4 5 7 9 16 19 26 28 38 39 41 
42 44 47 58 59 72 79 80 84 85 87 89 
93 94 96 
33
2 12 14 18 24 25 31 33 35 36 41 45 
46 47 48 52 58 60 64 66 70 72 74 76 
77 78 83 85 86 88 92 94 98 
28
3 22 26 27 33 34 35 36 38 44 45 47 
50 53 59 62 64 69 72 74 76 80 86 89 
93 97 99 100 
36
1 3 4 5 6 10 13 16 17 19 21 24 
25 26 27 29 30 33 37 38 40 42 45 54 
59 62 63 66 68 73 77 79 86 88 89 96 
27
1 2 3 7 13 17 21 27 30 31 37 41 
43 46 52 56 57 58 61 62 76 80 88 93 
95 97 100 
41
1 2 3 4 11 12 13 15 25 26 28 30 
31 32 34 39 40 41 42 43 45 46 48 53 
57 60 62 63 64 65 66 67 75 78 79 82 
87 89 90 92 100 
30
1 2 4 8 16 29 33 35 36 37 40 41 
46 47 48 50 51 58 59 63 68 74 82 83 
84 90 93 95 97 98 
32
4 7 22 26 29 31 35 39 40 41 42 52 
56 57 61 66 68 69 70 73 74 76 77 80 
81 82 86 90 94 95 98 99 
27
1 2 12 13 14 16 20 22 27 37 40 41 
48 51 61 65 70 72 75 78 88 89 91 93 
95 96 99 
30
4 6 8 10 12 16 17 20 22 25 27 30 
40 46 47 54 55 56 63 75 77 82 83 84 
85 87 92 94 98 100 
29
1 4 5 9 15 25 26 28 29 30 38 39 
48 51 52 55 56 57 62 64 68 72 73 82 
84 86 87 93 95 
27
3 7 11 14 16 18 19 27 30 35 42 44 
46 48 50 51 52 54 61 70 74 76 77 93 
97 99 100 
29
2 6 8 14 27 28 29 30 36 42 43 44 
45 51 56 58 62 63 65 68 71 78 80 81 
84 92 93 94 100 
25
6 10 14 15 18 19 20 22 24 37 39 40 
46 49 51 61 65 67 74 76 81 83 88 91 
96 
37
3 4 5 7 9 11 12 13 15 21 22 24 
28 29 35 43 44 49 50 51 57 58 67 68 
69 71 72 77 80 85 88 90 91 94 96 97 
100 
26
5 17 22 26 30 32 33 36 37 40 43 44 
45 46 49 50 60 64 67 71 82 90 92 93 
94 97 
32
1 4 5 7 8 16 21 26 31 34 37 41 
46 50 58 59 65 66 68 71 74 75 77 84 
85 86 87 90 93 94 95 99 
34
3 7 8 10 13 14 19 22 23 27 37 38 
39 42 43 44 55 57 59 60 61 62 65 71 
72 74 77 79 81 84 90 93 94 100 
23
4 8 9 12 14 21 25 27 33 36 38 40 
41 46 47 55 64 65 78 82 91 95 99 
33
4 5 7 14 17 19 20 24 26 32 33 34 
37 39 40 42 46 55 61 63 67 68 72 75 
76 79 82 86 87 89 91 96 99 
28
4 7 8 16 20 22 23 28 40 42 46 48 
59 61 62 65 70 71 72 74 76 81 85 87 
88 93 95 98 
33
1 2 3 6 8 10 12 14 15 20 23 27 
31 32 40 42 50 57 59 63 65 66 67 68 
70 71 72 73 75 79 82 90 95 
27
1 4 8 14 16 18 22 26 28 45 53 57 
63 65 66 74 75 77 78 84 85 87 89 90 
92 93 97 
33
2 5 12 14 26 27 28 32 35 41 44 46 
48 49 50 52 56 63 69 71 72 74 76 84 
86 87 89 91 92 93 95 98 100 
33
2 5 6 8 10 17 19 24 25 30 35 44 
46 51 56 64 65 66 67 68 77 78 79 81 
82 83 84 86 89 91 92 96 100 
24
1 2 3 10 14 16 18 29 31 34 35 36 
41 44 46 50 53 69 73 77 91 93 94 96 
21
12 14 17 18 30 32 48 56 57 64 65 66 
69 70 71 79 89 91 95 99 100 
34
3 10 11 18 21 26 28 30 33 37 39 40 
45 47 48 50 52 53 54 55 60 63 66 67 
71 74 80 82 89 91 93 97 98 99 
30
7 14 19 22 26 27 28 29 34 36 45 47 
49 55 56 63 66 67 70 72 73 76 78 81 
82 83 84 87 91 97 
21
2 10 25 30 34 41 44 49 50 55 57 60 
61 66 76 78 79 87 90 94 98 
32
4 7 9 13 18 20 21 22 23 26 28 29 
32 34 39 45 52 53 60 66 67 72 74 75 
77 79 81 82 88 96 98 99 
28
1 7 9 13 14 16 17 18 25 26 27 32 
35 37 40 41 48 56 59 62 64 67 70 72 
73 79 84 98 
28
10 16 20 21 22 30 33 34 36 39 45 47 
52 59 65 66 68 74 80 81 82 84 86 87 
91 94 95 97 
25
6 15 16 17 19 22 25 26 33 34 41 53 
54 56 61 63 66 67 74 76 85 94 95 98 
99 
30
2 7 13 14 16 20 27 28 31 33 36 38 
40 47 52 54 56 57 58 59 60 63 64 65 
66 76 77 86 87 93 
25
6 7 9 12 13 14 17 18 19 22 24 34 
35 40 47 51 55 65 69 83 84 87 89 90 
92 
29
3 8 13 16 24 27 28 29 36 37 38 39 
46 49 50 62 64 65 66 73 75 77 80 86 
88 91 94 98 100 
33
2 3 6 7 9 11 15 19 20 36 38 40 
42 44 46 47 49 50 52 62 63 68 73 74 
77 80 81 83 86 91 94 97 100 
35
3 6 7 9 10 12 13 14 17 20 22 24 
29 31 32 33 34 35 38 41 46 50 51 52 
53 59 64 65 67 70 74 77 81 94 97 
34
3 10 11 13 15 17 19 23 24 25 26 27 
31 34 37 38 41 43 44 45 48 50 52 58 
61 64 71 76 77 79 80 89 92 95 
29
1 2 6 8 11 16 19 23 24 25 30 37 
42 44 45 51 56 58 59 61 65 68 69 76 
79 92 93 96 100 
26
5 9 10 15 18 24 28 36 39 46 51 54 
56 59 66 68 74 76 77 79 80 85 87 88 
96 99 
27
1 4 8 10 11 14 16 17 21 24 32 38 
47 53 56 60 62 66 72 81 84 85 86 90 
93 95 96 
40
2 3 8 9 11 13 23 26 27 28 30 31 
32 34 36 38 44 49 50 51 59 60 61 64 
65 66 69 70 73 80 84 85 86 88 89 92 
93 94 99 100 
31
3 5 6 16 22 23 24 27 31 34 37 42 
48 49 51 53 56 63 65 66 68 70 75 76 
81 86 87 91 95 96 99 
33
4 9 32 33 36 38 39 40 43 47 49 50 
54 56 58 61 64 65 67 69 72 80 81 83 
84 89 90 92 95 97 98 99 100 
23
6 15 16 18 32 33 34 35 37 40 44 46 
47 50 54 57 58 61 65 66 78 91 97 
30
1 2 12 18 19 23 24 34 35 41 47 49 
51 54 56 57 59 60 63 72 74 79 82 88 
91 93 94 95 96 98 
31
1 2 4 8 11 15 20 21 22 26 27 29 
36 37 39 48 50 57 59 60 66 67 68 79 
88 91 95 97 98 99 100 
30
1 4 15 16 18 22 33 41 47 48 49 50 
52 53 57 59 61 63 65 73 74 75 78 82 
85 91 95 96 97 100 
29
1 2 6 11 16 17 24 29 32 34 38 41 
42 44 45 59 60 62 63 64 69 73 75 85 
88 89 92 94 95 
33
1 2 3 12 14 16 19 28 30 32 36 40 
45 46 47 49 50 51 52 56 62 63 65 66 
70 72 74 82 85 88 93 97 98 
30
5 10 15 17 20 21 23 24 30 32 33 35 
39 44 49 52 53 60 61 68 77 78 80 85 
88 89 90 92 94 95 
30
1 5 7 8 9 14 17 19 21 24 28 30 
32 34 35 36 41 44 46 52 54 59 68 71 
73 74 75 77 83 96 
35
1 2 17 19 21 26 28 40 41 44 46 47 
48 52 55 56 57 58 61 62 65 66 67 68 
71 73 74 75 81 88 90 94 96 97 100 
31
4 5 9 13 24 31 32 37 38 39 41 44 
45 48 52 55 56 58 59 65 75 82 83 84 
88 89 92 94 96 98 100 
39
3 6 7 9 12 15 18 19 22 25 26 29 
30 31 37 41 44 45 46 48 50 52 56 60 
61 62 64 65 67 71 73 74 75 78 80 83 
89 95 99 
31
2 3 13 14 19 27 31 34 39 40 41 46 
50 54 56 58 61 65 66 67 70 72 74 80 
85 87 88 89 92 95 98 
32
10 12 13 14 15 20 27 30 34 36 38 40 
42 44 46 48 51 53 57 58 64 66 70 77 
78 81 85 87 90 91 94 98 
29
4 7 8 15 16 17 32 33 35 36 42 44 
46 52 53 54 65 67 71 73 79 81 85 86 
87 88 92 98 100 
36
5 8 12 14 15 19 20 22 25 28 34 35 
37 40 41 45 46 49 52 56 61 68 69 72 
79 80 81 83 85 87 88 89 90 94 96 97 
34
1 3 4 13 14 18 20 21 23 25 32 33 
36 38 40 42 48 50 52 53 54 60 65 66 
68 71 76 84 87 88 89 91 92 99 
22
3 13 15 35 40 49 52 58 61 64 67 68 
69 74 80 81 84 85 89 90 91 93 
28
2 4 6 7 11 16 20 27 30 32 34 35 
40 43 46 50 58 59 67 70 72 73 88 90 
96 98 99 100 
29
6 7 12 14 15 17 20 24 28 33 35 37 
39 43 48 55 60 63 65 68 81 86 87 88 
89 91 95 97 99 
28
4 5 6 15 16 17 23 27 28 35 37 41 
45 49 53 55 58 59 60 78 79 88 90 92 
96 97 99 100 
29
6 7 21 24 30 33 36 39 43 46 48 50 
51 53 61 64 67 68 71 72 74 75 85 86 
87 93 96 99 100 
29
3 4 5 10 17 19 22 23 24 27 33 40 
42 43 46 47 51 55 57 60 67 69 70 72 
75 84 85 96 99 
34
3 4 6 14 18 31 34 42 48 51 52 54 
59 63 64 65 66 72 73 74 78 79 80 83 
84 86 87 88 91 93 94 97 99 100 
37
2 6 10 14 17 21 26 27 28 30 36 37 
45 47 49 54 56 58 64 65 66 67 68 76 
78 79 82 83 86 87 89 90 92 93 94 95 
98 
27
3 10 11 18 24 25 35 41 42 43 44 45 
47 48 55 56 60 63 64 65 69 70 71 76 
79 81 95 
24
6 8 10 12 16 21 29 31 35 36 40 44 
45 48 49 50 61 66 68 76 78 82 92 98 
29
9 10 14 16 17 29 31 34 42 43 44 47 
50 53 57 60 61 67 68 70 73 74 77 83 
87 88 90 94 100 
31
3 6 10 12 18 20 24 27 28 39 40 41 
42 43 44 45 51 53 62 64 65 71 77 78 
84 87 89 90 92 95 99 
30
3 4 9 13 17 19 21 25 28 31 36 38 
39 46 53 55 64 65 66 67 70 71 72 76 
77 79 87 88 92 94 
25
4 10 17 24 27 32 34 37 45 48 51 53 
54 57 61 68 70 75 77 80 88 91 96 98 
100 
24
12 13 14 16 17 19 22 23 38 41 43 45 
49 50 57 59 63 66 68 88 90 93 96 98 
28
1 2 12 14 15 20 30 33 41 42 43 48 
49 50 54 56 63 73 74 75 79 80 83 84 
87 92 93 100 
21
1 4 5 7 9 11 16 18 23 39 40 45 
47 48 50 51 52 63 68 93 100 
34
4 11 12 13 26 27 29 30 39 42 44 51 
52 53 56 59 60 61 67 69 73 74 77 79 
80 81 82 83 85 86 88 89 96 97 
32
1 4 9 14 15 16 17 21 25 27 29 34 
37 40 43 45 47 48 55 57 58 59 70 80 
81 82 83 85 86 91 93 96 
39
1 2 5 6 13 16 23 25 29 30 33 36 
41 42 45 47 49 50 55 56 62 63 68 70 
71 72 73 75 76 77 83 86 87 91 92 93 
94 97 100 
28
2 6 7 12 13 15 30 32 39 41 42 51 
52 57 58 62 65 69 70 72 75 82 87 88 
91 92 93 99 
23
1 8 9 11 13 15 17 29 35 38 43 52 
53 59 60 61 71 76 79 80 83 87 92 
28
1 4 15 17 21 26 31 36 41 44 45 46 
49 52 55 58 63 64 65 66 70 71 72 75 
91 92 96 100 
28
4 5 14 16 20 24 30 31 33 36 39 43 
44 48 52 56 65 66 69 72 73 83 87 88 
93 94 96 98 
33
3 9 11 14 15 20 21 23 24 25 29 31 
33 35 36 38 41 42 45 50 51 53 59 60 
61 63 67 68 72 74 84 87 94 
30
5 6 15 16 20 21 25 26 32 34 37 40 
45 51 53 59 65 66 67 70 72 80 82 84 
85 87 90 91 94 96 
33
2 3 4 10 13 19 22 23 28 29 34 41 
42 43 47 48 51 56 57 58 64 70 72 74 
75 76 78 80 82 83 84 91 92 
35
2 3 6 9 17 22 26 28 29 30 31 35 
36 37 41 42 49 53 54 56 57 58 61 63 
66 67 70 73 79 81 88 89 92 93 98 
29
7 9 13 17 21 22 24 27 28 29 30 33 
38 50 51 53 55 56 60 63 64 72 76 87 
89 92 94 98 100 
36
1 3 4 6 8 15 17 21 24 27 28 30 
34 35 37 38 39 40 41 42 45 50 56 64 
65 70 71 74 81 83 85 90 93 95 96 97 
30
1 3 6 9 11 18 20 22 29 38 43 45 
46 49 50 51 55 60 62 65 66 74 75 83 
85 88 90 94 95 97 
33
3 8 10 14 17 19 23 24 29 30 31 38 
42 44 45 47 52 54 64 68 71 73 75 77 
79 83 84 88 89 90 94 95 99 
34
2 3 4 5 7 8 10 11 13 14 17 20 
25 27 32 36 39 44 46 60 62 64 65 66 
69 73 78 80 81 82 83 95 96 97 
34
2 5 9 10 15 21 27 29 30 35 37 38 
39 42 49 54 57 60 66 67 69 71 72 73 
77 78 81 85 92 93 94 95 96 99 
23
3 9 10 11 14 24 27 28 32 37 38 39 
41 45 46 49 60 61 74 83 89 91 100 
38
4 8 11 18 19 20 27 28 29 31 35 38 
39 41 44 47 48 51 52 54 56 59 61 62 
64 65 67 69 71 73 78 81 82 86 90 91 
92 94 
25
1 4 5 8 10 11 14 19 24 28 30 33 
35 37 40 41 47 55 56 68 71 77 78 83 
95 
31
2 4 6 7 8 17 21 23 28 32 34 35 
38 39 41 42 45 47 48 53 57 62 63 64 
65 71 74 78 93 96 97 
32
2 8 11 15 19 24 27 32 39 40 41 45 
48 53 56 60 63 68 71 74 75 76 80 82 
84 85 86 87 88 89 95 99 
27
2 4 6 9 13 20 29 38 43 44 45 47 
49 50 51 54 57 58 59 60 73 74 79 80 
85 91 100 
27
2 6 9 12 14 15 17 19 24 31 34 36 
45 52 57 60 67 71 72 73 75 85 86 87 
88 97 100 
35
3 12 13 14 18 28 30 33 38 39 41 42 
46 48 49 50 55 58 59 61 66 67 68 71 
76 78 79 84 87 93 94 95 96 97 98 
31
1 2 4 5 17 19 25 29 31 33 34 35 
37 38 39 40 42 44 47 50 54 56 66 72 
75 76 85 86 90 92 95 
23
2 6 8 9 13 15 17 19 30 32 36 38 
46 50 52 71 74 77 79 85 87 93 98 
30
6 8 9 10 12 13 15 18 22 23 24 25 
28 33 40 45 51 52 59 70 72 74 76 77 
80 82 83 97 98 99 
28
2 4 16 21 26 30 32 33 34 35 38 41 
44 45 47 50 53 54 56 60 63 70 80 86 
88 98 99 100 
25
3 4 10 16 18 21 27 31 32 37 41 42 
45 46 50 51 55 69 70 74 76 80 91 92 
99 
37
2 10 14 15 16 21 23 24 25 27 30 31 
33 34 35 41 46 48 49 50 56 58 59 61 
63 65 66 69 72 74 76 79 80 84 93 95 
99 
21
5 6 13 14 16 18 37 40 45 50 51 53 
54 57 58 61 74 79 88 91 95 
27
10 15 18 19 21 25 27 29 30 34 35 41 
47 48 49 53 59 71 74 75 77 79 84 87 
89 94 100 
29
7 8 10 20 23 25 37 41 42 43 46 50 
53 54 61 64 65 71 72 74 75 84 86 89 
94 95 97 99 100 
33
2 4 10 14 21 26 27 29 33 35 42 45 
54 57 58 60 62 65 66 67 68 71 73 74 
77 78 82 91 92 93 95 98 99 
26
1 5 7 11 14 15 18 20 21 22 24 28 
30 38 39 46 48 52 53 56 73 80 81 84 
93 98 
28
3 8 9 11 14 17 23 30 31 32 35 43 
47 50 52 54 57 58 63 68 71 73 75 81 
82 91 92 95 
36
1 5 12 13 14 17 18 19 23 30 31 32 
35 37 39 43 45 48 51 52 56 57 58 64 
68 69 70 72 77 78 80 81 84 91 93 94 
33
2 4 8 16 21 25 28 31 35 40 44 50 
51 52 55 63 64 67 69 72 73 74 75 77 
78 79 82 86 92 93 94 96 98 
28
5 7 8 9 14 25 30 31 36 38 44 47 
48 50 51 53 55 56 60 61 75 76 79 84 
86 93 97 100 
34
2 3 6 9 14 24 32 33 38 39 40 43 
50 53 60 63 65 66 69 70 71 74 75 77 
79 80 81 83 88 91 95 96 99 100 
31
5 6 10 12 15 16 19 22 23 26 33 34 
35 38 44 46 48 52 58 62 63 71 73 74 
75 79 88 89 92 97 98 
32
1 4 5 8 9 12 14 15 17 19 21 23 
24 25 32 41 43 44 53 62 66 68 70 72 
76 77 79 80 87 89 94 95 
28
1 8 10 11 12 16 17 18 19 21 23 25 
37 44 46 47 52 59 66 73 87 88 91 92 
94 95 98 99 
34
2 3 5 7 11 16 20 25 30 33 34 35 
46 47 49 50 51 54 55 60 63 64 68 71 
72 79 81 84 86 87 88 94 97 100 
28
1 8 13 16 17 23 26 29 33 41 42 43 
50 51 53 54 61 62 64 67 68 70 75 76 
83 84 85 99 
31
1 7 8 12 13 17 21 26 28 29 30 37 
41 42 44 45 49 53 56 59 61 62 64 72 
77 82 83 88 94 98 99 
34
11 15 16 17 18 23 26 27 30 33 34 35 
38 41 43 46 51 53 60 61 62 74 76 77 
79 80 83 85 90 91 93 95 96 99 
26
2 4 6 8 9 17 18 20 38 39 43 51 
52 59 63 64 68 80 82 86 87 89 93 96 
98 99 
25
3 5 8 9 12 27 28 32 34 37 43 50 
52 60 62 70 72 73 75 82 88 91 92 96 
99 
27
7 9 10 13 14 16 24 25 31 33 37 43 
45 48 51 58 65 66 69 70 73 83 86 89 
91 96 98 
34
2 4 5 6 9 13 15 18 21 22 27 28 
30 31 33 41 43 44 48 49 52 58 60 63 
70 74 75 81 83 88 89 90 96 99 
26
8 13 28 31 33 34 38 47 48 52 53 56 
57 58 69 70 71 72 74 75 80 84 92 93 
96 97 
32
3 4 9 13 16 19 20 21 24 28 34 37 
40 43 46 47 52 53 57 60 63 65 67 72 
75 78 79 90 91 94 99 100 
20
11 16 36 40 43 44 49 59 62 66 67 70 
73 74 78 79 86 96 98 100 
24
1 7 16 22 27 31 33 34 36 41 42 46 
47 49 55 63 65 74 75 85 87 89 90 98 
30
6 7 9 13 17 19 22 23 30 31 33 35 
41 55 57 59 61 63 68 69 70 72 74 78 
86 91 93 95 96 100 
28
3 5 6 8 9 17 19 21 27 28 33 37 
38 46 52 54 55 58 63 75 76 79 82 85 
93 96 97 100 
28
6 9 21 24 25 26 27 30 34 36 37 38 
40 45 48 49 50 52 61 65 68 76 86 89 
93 94 95 98 
35
5 6 7 11 12 13 15 18 19 20 23 29 
31 32 35 40 41 52 54 55 56 57 61 63 
68 72 78 79 85 88 89 93 94 95 97 
33
1 9 11 12 19 29 30 33 35 37 41 47 
50 51 60 63 64 68 69 70 71 73 79 80 
81 85 86 87 90 91 92 96 99 
31
1 2 5 12 16 17 19 23 25 28 29 33 
36 38 46 48 52 54 57 58 59 63 64 68 
70 72 78 80 86 95 99 
33
1 7 11 16 17 18 19 23 26 33 36 37 
38 46 47 48 51 57 58 59 60 65 68 70 
71 73 77 80 82 86 87 96 99 
31
2 8 12 16 20 21 22 26 28 43 46 48 
52 55 56 58 66 67 68 71 72 75 78 80 
84 85 87 88 90 91 97 
32
1 2 3 4 5 7 13 15 20 26 33 34 
40 45 46 48 49 53 55 56 60 65 66 68 
72 74 77 79 80 84 87 99 
38
1 4 5 12 15 17 20 25 28 33 34 36 
37 38 40 41 43 44 46 49 50 51 57 59 
60 61 63 66 68 69 75 79 81 87 90 91 
92 94 
34
1 3 5 8 11 19 26 27 28 30 31 34 
37 42 44 45 51 60 67 69 73 75 78 79 
80 81 86 87 89 90 91 92 94 97 
34
2 3 6 15 16 21 22 24 25 26 27 28 
29 31 36 38 45 47 51 59 62 63 65 66 
67 71 77 78 80 83 85 86 87 98 
22
6 7 11 23 32 35 37 42 48 49 57 59 
62 64 69 70 71 75 89 90 91 100 
27
1 3 6 22 24 29 32 34 35 39 41 42 
43 45 47 49 50 56 57 60 62 63 69 71 
76 82 94 
29
1 5 6 11 12 16 22 23 26 34 38 39 
47 58 59 61 62 67 68 69 71 73 76 81 
84 87 93 96 97 
44
4 7 10 12 15 16 17 19 22 23 24 28 
29 30 32 33 35 44 45 46 48 49 50 51 
55 57 58 59 60 64 65 67 69 75 78 79 
84 87 88 89 91 93 94 98 
26
5 8 9 10 12 18 21 35 36 42 43 47 
57 63 65 71 77 80 81 83 84 88 91 93 
94 97 
30
2 4 6 14 17 18 20 23 26 28 33 37 
39 40 42 43 44 48 50 53 54 58 60 67 
73 75 85 86 89 98 
31
3 6 8 11 12 13 15 16 18 21 27 31 
39 44 45 47 49 51 53 61 70 73 84 85 
89 92 94 96 97 98 100 
34
2 3 4 5 6 9 14 15 16 17 19 25 
26 28 36 39 40 42 44 47 53 57 65 70 
76 77 79 82 88 90 93 95 97 99 
27
3 4 9 10 11 29 32 33 37 39 41 44 
48 50 57 60 62 63 65 68 78 86 87 88 
92 94 97 
34
2 3 9 12 13 18 21 25 34 35 37 40 
41 44 46 49 51 52 57 62 66 71 72 74 
75 76 80 82 83 84 86 87 89 99 
30
2 3 6 13 16 20 25 34 38 45 47 51 
52 56 57 58 64 67 70 74 75 78 81 84 
86 89 90 94 98 100 
31
3 12 15 18 23 27 30 31 33 44 46 52 
53 54 55 56 57 58 60 65 67 68 72 73 
76 81 84 86 88 96 98 
21
3 5 15 22 32 33 35 37 44 49 56 59 
61 68 72 77 86 89 96 98 99 
33
5 8 9 11 12 14 18 19 20 26 29 30 
34 36 37 39 42 44 46 47 50 57 63 70 
71 77 78 80 83 87 88 89 90 
27
1 7 13 16 17 22 32 43 51 54 56 58 
61 62 63 71 73 76 77 78 83 85 86 88 
91 92 100 
