200 100
1 1 1 1 1 1 1 1 1 1 1 1 
1 1 1 1 1 1 1 1 1 1 1 1 
1 1 1 1 1 1 1 1 1 1 1 1 
1 1 1 1 1 1 1 1 1 1 1 1 
1 1 1 1 1 1 1 1 1 1 1 1 
1 1 1 1 1 1 1 1 1 1 1 1 
1 1 1 1 1 1 1 1 1 1 1 1 
1 1 1 1 1 1 1 1 1 1 1 1 
1 1 1 1 
19
1 5 9 11 13 23 32 34 41 46 60 63 
65 72 75 79 80 93 98 
23
6 10 11 13 14 19 28 30 31 33 39 42 
47 62 72 74 86 88 90 92 94 98 100 
38
1 4 5 7 11 13 15 18 19 22 24 27 
30 31 32 35 42 45 47 49 50 54 55 56 
59 67 69 78 81 85 86 87 92 93 94 95 
96 100 
33
1 4 5 6 7 10 14 15 16 18 21 22 
26 27 32 38 40 44 45 51 55 61 62 68 
71 74 78 83 90 91 95 97 99 
35
2 4 5 9 11 12 14 18 20 26 27 28 
40 41 46 49 52 53 54 56 57 60 61 63 
70 73 75 76 79 87 91 95 96 98 99 
28
2 7 11 15 17 22 28 29 32 35 36 38 
43 44 50 52 53 58 59 60 62 68 70 72 
76 85 94 100 
31
4 7 8 12 13 14 15 18 23 24 25 29 
31 39 41 45 48 49 50 51 57 62 64 69 
71 72 73 84 90 93 94 
31
1 7 11 14 15 18 20 23 24 26 27 28 
44 46 47 50 52 60 61 67 68 69 78 79 
80 81 82 83 93 94 98 
26
3 7 11 13 16 19 22 30 31 34 36 42 
45 52 54 57 58 61 62 68 73 79 84 92 
95 100 
24
3 23 25 28 29 31 34 35 41 42 48 49 
56 58 60 62 69 76 77 78 83 88 90 95 
26
2 5 15 16 19 24 26 32 36 46 47 54 
55 60 65 68 70 75 77 78 79 81 82 88 
95 98 
34
4 8 13 14 18 21 25 27 28 30 31 33 
34 35 40 41 45 48 52 53 55 58 60 66 
70 72 78 83 84 87 91 93 95 100 
29
1 5 7 9 18 19 20 22 23 29 30 32 
37 42 44 46 57 61 68 71 73 77 79 80 
85 92 96 97 100 
21
10 11 16 19 29 31 34 35 37 38 42 44 
62 65 69 83 89 91 96 97 99 
31
3 8 11 13 21 22 24 28 29 35 38 46 
51 54 59 60 62 64 71 73 78 79 82 83 
84 85 86 89 95 98 100 
34
1 2 4 5 7 11 21 24 29 31 32 38 
39 47 54 58 59 60 62 66 69 70 71 72 
74 80 82 83 84 85 86 87 90 99 
35
1 3 5 10 14 18 19 21 26 28 30 31 
32 33 40 42 51 52 57 59 60 62 65 66 
70 71 72 79 82 90 92 93 94 96 97 
32
4 13 19 20 24 26 28 32 34 40 41 44 
45 47 48 54 55 56 62 63 65 67 73 74 
77 78 79 80 85 91 92 94 
29
1 5 7 9 11 12 17 19 32 36 38 46 
49 50 52 58 64 66 67 68 71 75 78 81 
83 88 89 94 99 
34
5 10 11 12 15 17 18 21 23 25 29 33 
36 37 38 41 43 58 61 63 64 65 67 68 
70 73 78 80 81 83 84 87 94 97 
32
1 5 8 17 18 19 22 24 29 30 32 33 
42 43 45 48 52 53 54 56 59 60 63 67 
77 80 83 86 92 93 97 99 
30
1 9 10 19 20 21 22 25 32 34 36 39 
46 47 48 49 53 54 60 62 64 66 67 70 
77 83 85 94 96 98 
27
3 10 12 18 21 26 27 31 33 35 42 44 
46 53 57 65 66 70 73 79 80 85 94 95 
96 98 100 
24
4 8 9 18 26 30 31 34 36 41 43 53 
56 59 65 75 76 82 83 84 88 89 93 99 
24
5 7 17 20 24 25 29 30 34 36 44 45 
56 60 61 64 66 68 71 77 80 83 87 98 
30
1 8 13 14 16 18 22 24 25 28 30 33 
34 40 48 49 55 57 58 62 63 69 76 78 
81 82 83 85 89 92 
31
1 3 10 21 24 25 26 28 31 35 37 39 
43 44 45 46 50 51 54 55 62 64 65 66 
70 73 79 82 87 93 98 
32
1 8 16 23 26 30 35 36 39 42 46 48 
49 55 59 65 66 70 72 73 76 78 80 81 
85 87 89 90 92 93 97 98 
24
9 11 13 14 16 17 19 20 21 25 26 27 
35 47 51 60 61 68 72 73 81 93 94 95 
38
2 3 5 7 9 13 15 18 20 21 23 24 
25 27 28 29 40 42 43 44 45 46 47 48 
52 56 59 63 64 65 69 73 79 81 82 91 
92 93 
33
2 5 8 12 20 25 26 27 29 32 33 38 
39 40 41 46 54 60 66 68 70 71 73 75 
76 78 82 88 89 90 97 98 100 
35
2 3 9 14 17 19 24 29 31 35 38 40 
43 46 50 54 59 63 64 65 68 69 71 73 
75 77 78 82 86 88 90 92 98 99 100 
29
3 5 9 13 16 17 19 26 28 33 35 40 
45 46 49 56 60 66 69 71 75 76 78 80 
85 86 89 92 95 
33
1 7 8 10 11 12 13 18 19 20 23 24 
28 29 34 36 38 39 44 56 57 63 68 69 
75 77 78 80 83 84 86 91 100 
32
8 11 13 14 15 17 23 24 30 31 32 36 
37 39 42 45 48 51 54 62 63 66 69 76 
77 84 89 93 94 96 97 99 
23
6 9 10 15 18 26 27 28 31 32 35 48 
49 51 71 72 73 74 75 77 88 98 99 
25
1 10 14 15 16 18 28 29 31 33 34 39 
46 52 55 58 59 63 64 69 74 83 86 89 
91 
27
3 7 13 14 20 28 36 39 43 49 50 58 
61 63 64 65 67 68 71 75 79 82 84 88 
90 94 97 
22
2 11 18 19 21 24 28 29 34 39 49 54 
56 64 66 71 72 74 75 76 91 93 
25
4 6 7 10 18 27 28 32 39 40 42 49 
52 56 58 62 66 68 82 83 85 87 89 93 
99 
23
1 4 5 8 20 22 29 35 37 38 41 42 
46 48 49 50 53 67 69 73 76 91 98 
30
1 2 3 8 13 20 21 28 31 34 35 38 
39 45 46 52 54 57 59 60 64 68 75 79 
84 85 88 91 92 93 
38
4 6 7 11 13 15 16 18 20 25 28 29 
30 32 39 40 44 47 49 50 51 55 60 63 
64 67 69 71 72 79 83 86 88 91 93 96 
98 100 
26
1 11 20 21 22 23 25 28 35 39 42 44 
49 52 71 73 75 79 81 82 83 84 85 89 
90 91 
36
1 3 8 13 15 16 17 18 22 25 26 29 
36 37 38 39 43 45 46 57 60 70 71 72 
73 74 75 78 79 82 84 85 88 91 98 99 
26
1 2 3 4 6 7 9 16 20 23 29 31 
34 35 43 47 49 58 63 64 68 71 82 92 
97 98 
28
3 6 10 11 13 15 19 20 21 28 29 30 
32 35 40 41 47 50 52 55 57 66 68 69 
73 82 84 94 
26
1 5 7 8 11 12 18 25 26 34 42 43 
50 54 55 60 62 63 68 70 77 78 81 88 
93 96 
37
1 2 8 10 18 19 20 22 24 35 38 40 
42 43 44 47 53 55 56 58 65 66 67 72 
74 78 82 83 84 85 86 87 88 89 91 92 
93 
34
3 5 8 9 10 11 12 13 14 19 27 32 
34 40 43 47 54 59 64 65 67 72 74 75 
78 81 83 84 85 88 92 94 96 97 
35
7 16 18 19 22 23 26 27 28 30 31 34 
40 41 45 51 53 56 57 58 59 61 67 69 
70 86 87 88 90 91 92 94 95 98 100 
30
1 5 6 7 12 13 15 17 19 20 25 34 
39 40 42 48 50 52 58 62 66 73 74 76 
81 82 83 94 96 99 
33
3 7 8 10 13 15 17 20 22 28 30 33 
34 35 37 38 40 43 49 50 57 62 63 64 
66 70 72 76 77 78 85 92 93 
34
1 2 6 8 11 12 13 14 21 26 30 33 
35 36 37 38 39 40 43 47 49 50 54 57 
60 61 62 67 69 75 76 83 90 100 
31
5 9 10 14 15 16 19 23 24 26 30 32 
33 37 38 40 42 44 52 60 64 65 67 74 
76 87 88 92 93 94 100 
30
2 11 16 18 22 24 25 27 32 34 35 40 
42 43 50 51 55 61 71 74 77 81 84 88 
89 92 93 94 97 99 
32
6 7 12 14 17 19 21 26 27 28 41 42 
43 47 48 51 52 57 59 61 62 64 65 66 
67 72 74 75 87 89 93 97 
30
4 5 8 10 13 17 18 20 21 26 33 35 
43 44 52 54 57 63 66 76 82 86 87 90 
92 93 95 96 99 100 
31
5 6 8 12 15 17 18 21 22 31 34 35 
36 41 46 47 51 52 53 61 62 64 71 78 
84 89 93 95 96 97 99 
28
2 6 13 16 20 21 23 37 38 41 42 45 
50 53 56 57 58 61 62 63 66 67 69 74 
75 76 84 86 
29
6 8 9 11 17 20 28 31 35 38 46 51 
52 56 62 63 66 69 70 71 73 74 87 91 
92 93 95 97 100 
31
5 6 7 11 14 15 17 22 23 26 28 31 
32 33 34 40 43 50 52 54 57 63 65 70 
73 78 83 88 91 93 95 
32
1 2 5 7 9 12 16 20 25 29 33 38 
41 42 48 49 52 53 54 58 60 65 67 69 
75 76 78 82 83 86 94 100 
32
2 5 7 11 13 15 17 19 20 21 22 28 
29 30 36 44 54 55 67 68 69 71 83 84 
86 88 90 92 94 95 97 98 
37
4 6 16 20 26 28 30 33 34 40 42 47 
53 54 55 56 57 58 59 60 61 62 65 66 
69 71 73 74 75 78 83 91 92 93 94 95 
97 
25
2 7 9 13 17 18 20 29 30 35 37 38 
39 42 44 47 57 75 80 91 92 94 96 97 
99 
36
1 3 5 8 11 12 23 24 29 30 34 35 
37 40 42 43 47 48 50 51 55 57 61 68 
70 71 72 78 79 80 81 85 87 98 99 100 
37
1 5 7 9 12 14 16 18 23 24 32 39 
40 42 47 48 52 53 54 55 56 57 62 64 
66 71 72 73 76 77 79 80 88 89 91 97 
100 
30
5 7 10 11 21 22 25 27 29 37 39 40 
43 48 50 52 54 55 60 66 69 74 77 78 
83 88 91 93 94 99 
29
12 15 21 24 31 32 33 34 36 38 40 43 
48 52 53 54 62 65 67 69 72 74 76 79 
83 86 92 94 98 
28
2 6 17 26 40 41 48 50 53 55 58 60 
61 65 66 67 69 72 75 76 85 86 87 88 
89 90 92 98 
34
1 2 10 12 15 20 21 23 24 28 29 33 
35 38 39 40 41 45 46 53 56 60 62 64 
65 67 68 75 80 87 88 91 95 96 
22
12 14 19 28 33 36 45 50 52 55 59 60 
61 68 75 87 91 94 96 97 98 100 
31
6 10 11 12 15 20 23 27 29 30 34 37 
47 48 51 53 56 62 75 78 79 80 81 86 
87 89 92 96 97 98 99 
32
1 6 13 16 24 26 28 33 34 36 40 45 
47 48 49 52 56 63 64 65 67 68 75 84 
85 86 87 89 91 92 97 98 
29
4 6 9 11 17 23 26 27 31 34 39 40 
42 51 59 60 63 64 66 67 80 83 86 87 
93 95 96 97 98 
26
4 12 16 20 28 31 32 34 36 42 44 47 
48 49 52 54 55 61 68 72 74 82 87 91 
96 99 
32
1 5 8 9 10 12 13 15 21 27 35 36 
45 46 51 52 54 57 59 66 67 69 76 84 
85 87 88 93 94 96 98 100 
38
3 7 8 13 16 18 22 24 27 28 31 32 
38 42 43 44 45 48 49 50 51 54 56 58 
61 63 69 70 74 81 82 85 86 89 91 92 
95 100 
24
1 6 7 11 17 18 20 24 27 33 34 40 
41 42 48 59 61 76 77 78 81 83 91 92 
32
2 4 6 8 9 13 15 22 28 29 30 33 
40 45 46 49 50 51 53 56 58 62 65 66 
71 73 77 79 88 96 97 99 
33
1 4 6 14 16 20 21 22 28 31 34 38 
40 41 46 55 56 58 59 63 67 74 76 78 
79 84 89 90 93 95 96 98 100 
36
1 2 5 17 21 23 24 25 29 31 35 38 
39 44 48 50 52 53 57 58 63 64 73 74 
75 76 77 78 83 85 86 87 89 90 94 98 
28
13 16 22 30 31 37 41 43 45 47 51 53 
54 57 66 68 69 71 73 77 79 81 82 86 
87 88 97 99 
26
3 11 12 15 24 27 31 37 42 46 49 52 
55 57 58 61 65 71 73 81 83 86 88 92 
94 97 
34
2 3 12 17 22 29 32 37 40 41 44 45 
46 48 51 54 55 56 57 58 62 70 74 77 
81 82 83 85 88 90 95 96 97 99 
24
8 10 12 15 20 21 22 38 41 49 54 58 
65 76 77 80 81 84 86 87 92 96 98 99 
26
7 10 11 15 16 19 21 25 26 28 29 36 
38 55 60 68 70 73 75 77 80 82 92 95 
96 98 
35
1 2 5 7 10 13 15 18 21 25 27 32 
35 38 40 43 48 59 63 68 69 70 71 73 
74 75 77 83 85 87 92 95 96 97 100 
36
2 3 4 9 10 11 12 13 14 16 17 18 
19 22 25 26 27 35 38 39 41 44 51 52 
57 59 60 68 75 76 80 84 90 91 92 98 
31
2 3 8 9 14 15 16 19 21 22 33 35 
37 41 42 43 53 55 57 60 63 70 71 74 
81 82 85 90 91 94 95 
27
2 4 7 8 10 13 14 15 19 29 34 36 
37 40 45 46 50 53 62 67 68 72 77 86 
88 89 100 
25
4 5 17 20 25 40 43 45 46 48 52 53 
58 63 67 74 76 77 79 83 86 88 89 95 
96 
30
5 9 11 18 19 20 21 23 30 31 36 37 
39 47 51 53 56 59 60 62 67 75 76 77 
78 80 82 90 95 96 
27
3 4 9 10 11 18 19 20 21 22 28 38 
41 42 43 48 54 58 62 68 69 76 78 79 
91 96 100 
24
7 22 23 26 27 32 36 39 48 49 50 52 
54 57 63 65 69 75 79 85 87 94 96 100 
35
6 7 8 12 15 22 24 27 29 31 33 42 
47 48 49 51 56 57 59 65 68 74 75 81 
82 84 85 86 88 90 92 96 97 98 99 
27
4 5 11 19 20 24 25 37 39 47 48 49 
50 51 52 54 56 57 60 61 63 69 70 72 
76 96 98 
24
4 14 18 22 24 34 36 41 43 44 46 52 
59 64 67 79 82 83 84 87 88 89 93 94 
24
7 9 11 12 14 18 25 28 32 34 35 46 
47 48 54 58 62 64 65 69 73 84 90 94 
35
2 7 8 13 14 16 18 26 27 28 31 32 
33 35 37 38 49 51 53 55 56 57 58 61 
69 72 75 76 83 89 92 94 98 99 100 
19
2 3 14 19 21 27 33 35 36 39 42 44 
47 50 58 64 81 87 89 
29
5 6 9 11 12 21 22 27 31 33 34 36 
38 40 46 57 59 65 67 68 70 71 72 73 
81 93 94 97 99 
24
12 13 24 25 29 30 34 45 46 52 53 55 
62 64 66 69 73 78 84 89 90 91 95 97 
33
1 11 14 21 22 24 25 26 29 31 33 34 
37 38 41 42 45 48 49 50 51 59 63 64 
68 70 73 76 79 83 90 92 99 
34
6 9 13 18 20 23 24 29 36 37 39 41 
45 48 51 59 60 62 64 66 69 70 77 79 
82 83 85 87 88 89 93 96 97 99 
31
5 8 12 16 17 21 22 24 25 30 33 34 
35 36 37 39 49 56 58 59 60 65 68 69 
72 77 88 90 93 94 95 
29
2 5 12 13 14 19 23 24 25 29 30 33 
35 37 40 41 49 50 54 63 67 72 74 77 
79 84 91 93 95 
28
2 7 21 24 28 30 31 37 47 48 51 52 
57 58 63 66 70 71 79 82 84 92 94 95 
96 98 99 100 
40
1 5 8 13 14 15 23 27 29 30 32 33 
35 40 43 48 49 51 54 55 56 57 58 65 
67 68 69 71 73 75 77 79 84 85 88 91 
92 95 96 99 
33
9 16 17 20 21 27 29 33 36 38 43 47 
48 51 52 53 54 55 59 62 64 67 71 78 
79 82 83 84 87 89 91 98 100 
25
11 13 14 17 21 26 32 34 35 36 43 45 
47 50 51 60 64 67 75 79 88 89 94 96 
100 
32
1 4 7 10 11 12 17 22 26 28 30 32 
38 44 48 49 51 53 60 61 64 70 77 81 
82 84 86 87 88 89 95 96 
30
2 7 14 25 30 32 36 37 44 46 49 50 
51 53 55 56 58 59 60 64 65 68 70 77 
80 83 84 93 94 98 
21
5 14 15 22 26 34 40 41 42 44 48 51 
56 61 68 71 79 81 88 91 96 
32
3 6 9 12 19 20 21 23 24 25 26 27 
31 36 39 40 51 52 53 55 58 59 61 62 
68 75 83 91 92 93 98 100 
31
3 4 6 10 11 13 16 17 19 21 22 25 
28 32 34 39 51 59 60 62 63 69 75 76 
77 79 83 88 89 94 96 
25
1 3 4 5 6 12 18 22 25 30 36 42 
46 59 62 63 70 74 78 80 81 82 90 91 
97 
28
4 9 11 12 13 15 19 21 22 26 31 39 
44 46 47 48 53 55 62 64 68 70 75 76 
77 84 91 100 
26
1 7 25 31 38 40 41 42 44 46 49 51 
55 56 57 58 61 63 69 85 89 90 91 92 
94 97 
26
1 2 9 21 26 27 30 32 37 43 50 51 
52 53 54 60 64 71 72 76 77 87 89 91 
92 100 
34
1 3 10 14 15 22 29 32 33 37 42 44 
45 51 52 53 63 65 66 67 70 71 72 73 
79 81 84 86 88 91 95 97 98 100 
31
6 8 9 11 13 16 19 20 21 23 24 29 
32 34 35 36 48 49 53 55 65 67 68 72 
79 80 86 89 90 93 99 
28
5 8 11 14 16 17 21 28 34 36 40 44 
45 46 47 52 58 59 63 68 69 72 73 79 
86 92 93 99 
31
1 2 7 13 14 15 16 18 21 24 25 27 
30 39 40 41 42 44 52 65 66 75 76 78 
80 83 85 86 88 91 92 
35
4 6 12 14 15 16 18 20 21 24 25 26 
27 28 32 36 42 44 49 53 55 57 58 65 
66 67 70 71 75 77 79 90 91 93 98 
37
3 6 8 9 10 11 13 21 23 24 26 32 
34 36 37 39 40 44 45 47 50 53 55 57 
58 63 68 72 78 80 84 88 90 91 94 96 
99 
31
1 9 11 12 14 19 20 22 24 29 30 32 
33 34 36 42 47 51 52 58 63 64 67 70 
71 72 84 88 92 95 99 
23
8 11 13 24 36 38 40 46 47 48 54 55 
58 59 68 69 80 81 84 86 87 88 95 
33
1 5 8 12 13 14 17 19 21 31 32 35 
39 43 46 50 53 60 61 63 65 70 71 72 
74 76 81 83 92 93 96 97 98 
25
6 7 8 9 11 12 14 16 17 19 20 21 
23 29 33 34 46 50 62 63 70 75 87 91 
95 
25
1 2 4 11 14 16 18 22 27 38 46 50 
53 54 56 60 63 70 78 82 86 90 91 97 
98 
24
4 7 8 10 13 18 21 22 28 31 34 37 
47 50 52 58 63 81 87 92 93 96 97 98 
41
1 2 3 4 5 9 20 21 22 27 28 30 
32 36 38 39 40 41 44 47 48 49 54 55 
56 59 68 72 73 75 76 79 85 87 89 92 
94 95 96 98 99 
24
2 7 8 14 17 20 26 45 55 56 60 65 
70 73 74 79 83 84 87 88 90 91 92 98 
35
6 7 16 18 24 25 26 28 29 31 34 38 
39 41 46 47 51 52 53 55 56 57 60 65 
67 73 76 77 82 89 90 92 94 95 96 
30
3 4 6 8 14 17 19 23 25 26 27 30 
31 33 36 38 39 40 41 50 58 67 69 77 
85 86 90 95 96 100 
33
1 2 11 15 21 26 29 32 35 41 45 46 
47 48 53 55 58 60 64 68 70 71 72 79 
80 82 83 84 85 86 91 92 94 
30
1 3 5 12 13 19 21 28 32 39 41 42 
49 51 54 57 64 66 70 71 72 73 74 77 
78 86 91 94 95 97 
27
4 5 10 12 14 19 27 28 30 37 38 45 
46 58 61 64 69 70 75 76 78 80 86 88 
91 93 94 
29
3 5 11 13 15 22 24 27 28 30 36 37 
38 43 48 49 51 54 63 64 66 68 80 85 
91 92 95 96 97 
33
2 4 5 6 7 10 13 14 15 16 21 23 
25 29 31 34 45 46 47 52 54 59 61 64 
66 71 75 78 85 87 91 95 100 
21
12 14 15 18 25 28 29 43 44 50 52 67 
74 80 81 82 83 88 89 97 99 
22
1 4 5 21 28 35 39 40 44 51 56 57 
59 62 65 69 80 82 83 85 94 100 
27
4 7 8 25 27 31 35 36 39 40 51 55 
57 61 62 67 69 74 75 76 79 80 81 82 
86 91 100 
32
3 4 6 11 16 18 22 26 28 30 34 37 
39 41 44 45 52 54 59 63 69 72 76 78 
80 83 84 85 86 88 91 99 
27
3 5 9 15 18 20 24 28 38 42 48 49 
51 55 57 63 65 67 68 77 78 84 85 86 
90 94 98 
33
3 4 7 9 13 15 17 19 30 33 34 36 
37 39 41 43 45 56 57 58 62 63 64 68 
71 82 83 84 89 91 92 94 96 
30
9 13 14 15 25 27 30 32 33 34 35 41 
42 44 50 55 56 58 63 64 65 68 71 76 
77 82 83 90 91 96 
34
5 9 11 12 13 14 21 24 33 36 37 39 
41 44 45 48 52 59 60 61 62 66 74 76 
78 82 88 89 91 92 93 96 97 100 
24
2 5 8 13 14 15 24 25 32 33 37 43 
46 60 65 66 67 69 75 77 94 98 99 100 
31
8 9 17 19 26 27 29 34 35 37 41 43 
47 50 53 54 60 61 62 63 66 69 73 75 
76 82 84 87 90 91 99 
23
4 12 15 22 26 30 31 33 35 36 38 49 
50 58 71 82 83 84 85 86 91 95 96 
28
4 10 11 18 20 22 26 30 31 36 39 43 
44 47 52 56 58 65 72 75 77 79 80 86 
90 92 96 98 
24
7 9 14 17 18 21 22 23 27 29 42 47 
54 55 56 57 69 83 84 86 87 95 98 100 
35
8 12 15 16 23 26 28 29 32 36 37 40 
43 47 52 53 55 57 59 63 70 74 76 77 
78 82 86 88 89 90 91 94 95 96 99 
28
2 10 11 25 26 28 31 32 33 36 37 40 
41 42 43 45 49 51 56 57 60 65 67 73 
83 85 88 90 
30
2 5 7 12 27 30 33 34 36 40 45 49 
53 54 55 56 59 61 64 68 73 74 76 80 
82 86 90 91 98 99 
33
5 6 7 14 17 19 21 22 26 27 36 38 
39 40 41 44 45 46 52 55 57 63 69 71 
75 78 81 84 90 93 95 98 100 
32
1 4 7 9 11 12 13 14 15 16 20 23 
29 31 34 43 47 51 54 58 61 64 70 81 
83 88 89 90 91 94 96 100 
29
9 11 16 17 19 22 25 26 28 31 38 45 
46 50 52 53 56 58 62 63 64 65 76 77 
81 86 88 92 100 
24
11 14 16 20 21 22 26 30 33 40 43 45 
53 54 56 58 66 67 72 81 86 90 91 92 
24
5 12 13 25 35 42 43 44 45 47 56 62 
69 71 72 73 83 92 94 95 96 97 99 100 
25
3 5 14 18 22 24 45 46 47 54 55 56 
58 68 77 81 83 84 86 88 90 94 96 97 
100 
31
3 8 14 15 16 17 19 23 26 27 28 29 
32 35 39 43 44 53 54 57 63 65 70 76 
77 78 89 91 93 96 100 
30
5 9 10 14 17 18 20 26 29 32 33 38 
41 42 43 46 62 68 77 81 82 87 88 90 
93 96 97 98 99 100 
30
1 5 6 7 20 24 31 32 33 36 38 41 
42 46 51 53 58 59 67 71 80 85 89 90 
91 92 93 94 95 100 
34
1 2 3 5 10 11 13 15 17 18 20 23 
34 37 38 40 46 47 49 50 57 61 64 65 
71 75 78 83 84 85 88 89 90 93 
26
2 5 9 14 18 22 30 32 34 38 40 45 
46 53 59 60 62 69 73 74 76 79 81 82 
98 100 
27
1 2 4 14 17 18 20 23 24 25 33 35 
41 44 47 49 56 62 63 64 65 73 77 82 
90 91 92 
30
3 9 11 16 20 21 22 28 30 33 40 47 
50 52 59 61 66 68 75 82 83 85 87 88 
91 92 95 96 97 98 
30
4 5 6 7 9 11 12 13 16 19 23 26 
32 36 38 41 47 48 60 61 64 68 73 75 
79 81 87 90 91 96 
35
5 13 21 23 24 27 28 29 35 37 43 44 
46 47 48 49 52 57 58 59 62 63 71 72 
76 77 78 79 81 85 90 92 94 96 100 
38
1 4 6 7 9 14 15 18 20 24 25 26 
29 31 33 34 35 36 39 41 53 54 57 58 
59 64 66 67 70 71 73 80 84 85 89 91 
94 95 
33
1 5 12 13 14 18 21 27 30 32 38 42 
44 45 48 53 61 62 64 65 67 68 70 72 
78 82 83 90 91 96 97 98 99 
30
2 9 11 12 15 16 19 20 26 29 31 36 
39 40 44 54 55 63 69 75 81 82 84 88 
89 90 92 93 95 96 
34
1 4 5 8 9 14 15 16 18 20 29 31 
34 35 38 39 45 53 54 55 56 58 68 71 
74 75 85 87 89 90 91 92 94 100 
33
1 3 4 6 12 13 16 19 21 30 31 40 
43 47 60 61 62 64 67 68 69 70 72 77 
79 85 87 88 89 91 92 94 96 
36
1 2 6 7 10 16 17 21 23 29 31 33 
34 35 37 39 46 52 54 57 61 62 66 68 
69 71 72 74 78 80 84 85 88 93 98 99 
28
4 8 12 20 22 25 29 35 36 43 44 45 
47 48 49 53 58 61 65 69 70 71 79 85 
91 92 93 95 
35
3 4 9 10 14 17 23 25 30 32 37 38 
41 42 44 45 46 50 53 54 61 69 70 71 
72 73 80 81 83 85 86 88 89 95 98 
33
1 2 3 5 6 7 12 17 18 27 28 33 
34 41 43 46 49 50 53 55 60 61 64 66 
76 77 79 83 85 87 89 95 99 
26
1 2 3 4 5 16 20 24 31 37 38 42 
47 48 49 51 65 66 69 75 80 85 87 90 
92 97 
30
2 6 7 15 18 19 21 22 23 26 29 38 
41 43 54 55 57 59 63 64 67 68 69 74 
80 83 87 94 98 99 
31
1 3 6 9 14 15 20 21 29 30 34 35 
36 37 42 49 53 66 71 72 73 75 80 81 
82 85 87 88 91 93 97 
37
1 2 10 11 12 13 15 16 17 20 22 28 
29 35 41 43 46 47 49 51 52 54 55 56 
64 66 68 69 77 79 81 83 87 90 92 94 
98 
33
4 5 7 8 10 13 18 19 22 23 25 26 
28 30 34 41 48 51 54 55 56 59 65 68 
70 72 77 82 83 84 91 92 93 
33
3 4 6 9 11 12 22 25 26 38 40 41 
42 45 50 54 55 56 57 59 61 63 65 66 
67 71 72 74 75 80 84 91 97 
24
1 3 10 11 14 15 17 21 22 27 30 39 
43 44 48 60 61 63 71 74 79 92 96 98 
33
3 7 9 10 11 13 15 22 24 29 30 32 
33 34 35 39 41 43 44 54 56 58 63 64 
66 68 69 70 71 72 76 79 95 
29
2 6 7 9 11 20 21 34 40 41 51 56 
57 58 61 65 68 69 75 76 78 79 80 82 
84 91 92 99 100 
30
5 6 11 12 13 15 16 17 18 23 33 40 
42 51 57 58 60 62 64 69 73 75 80 85 
86 89 92 93 99 100 
30
2 3 4 6 11 17 20 22 35 40 41 42 
43 46 58 60 62 65 72 74 77 78 81 85 
86 88 90 93 94 95 
29
3 5 18 19 24 30 36 38 39 42 44 45 
46 50 51 53 55 58 59 63 64 65 70 71 
75 78 84 85 95 
34
3 5 8 16 19 20 21 22 24 25 30 31 
37 39 43 44 47 51 58 60 61 66 67 68 
76 77 78 79 81 86 88 92 97 100 
28
2 3 9 10 12 15 22 27 30 32 34 35 
36 38 40 46 52 56 58 59 69 72 79 84 
85 86 92 99 
23
13 18 28 31 32 40 44 45 48 52 56 69 
70 79 80 82 85 86 89 91 96 98 100 
34
2 8 9 16 17 18 19 20 23 26 30 35 
39 40 41 42 51 56 58 59 64 65 69 72 
73 74 75 76 83 86 88 90 95 96 
29
2 3 9 14 15 16 21 22 24 27 32 36 
37 40 42 49 58 61 62 65 76 78 85 88 
90 92 95 96 97 
23
2 11 15 17 18 19 32 34 36 43 52 65 
66 67 71 75 79 80 81 86 92 94 97 
