200 100
1 1 1 1 1 1 1 1 1 1 1 1 
1 1 1 1 1 1 1 1 1 1 1 1 
1 1 1 1 1 1 1 1 1 1 1 1 
1 1 1 1 1 1 1 1 1 1 1 1 
1 1 1 1 1 1 1 1 1 1 1 1 
1 1 1 1 1 1 1 1 1 1 1 1 
1 1 1 1 1 1 1 1 1 1 1 1 
1 1 1 1 1 1 1 1 1 1 1 1 
1 1 1 1 
28
1 6 10 12 18 19 20 22 25 26 29 30 
31 32 34 42 44 49 52 53 62 70 72 79 
86 87 94 97 
39
4 9 13 15 16 18 19 21 22 23 28 29 
32 37 39 42 45 47 48 51 52 56 60 63 
64 65 66 70 71 75 77 80 85 87 89 90 
92 94 96 
29
1 2 5 9 11 16 29 33 36 40 43 44 
45 49 53 58 63 68 72 73 74 78 80 81 
84 88 89 92 95 
30
2 8 10 14 18 25 26 30 33 35 36 45 
47 49 51 62 63 66 69 70 73 81 83 85 
88 91 94 97 98 100 
27
1 2 3 6 7 16 20 24 27 33 42 47 
49 53 55 57 62 65 70 71 77 83 85 86 
87 96 98 
35
1 2 4 5 16 18 23 29 33 38 39 44 
45 47 48 49 53 56 57 60 62 63 65 66 
67 70 74 78 82 85 86 87 89 92 100 
20
1 2 5 11 13 19 24 25 29 37 39 47 
54 62 72 82 86 92 93 96 
32
3 5 7 11 13 16 17 27 28 30 33 40 
43 45 51 62 63 66 68 71 72 74 75 78 
80 84 86 87 93 97 98 100 
27
1 5 9 11 15 16 23 24 28 30 32 37 
38 40 41 43 56 57 61 72 76 83 90 92 
93 95 97 
34
2 9 13 16 18 25 26 30 31 36 37 39 
41 43 46 47 50 51 54 56 57 58 61 62 
63 67 72 78 79 83 84 91 92 96 
29
2 8 13 16 24 26 27 29 36 37 46 48 
51 52 54 57 58 60 62 67 72 73 76 77 
79 80 84 87 90 
27
9 17 18 19 24 25 26 27 28 32 33 34 
39 40 49 50 54 60 61 62 66 73 76 81 
90 91 98 
25
3 9 17 18 20 25 26 30 31 40 47 50 
51 58 60 64 68 72 77 89 92 93 94 96 
99 
28
2 3 9 10 19 23 27 32 34 35 37 42 
51 56 60 61 62 63 70 72 78 80 87 93 
95 96 98 100 
35
1 2 3 8 12 13 14 15 16 20 22 24 
31 33 35 36 38 41 44 45 46 58 61 64 
70 72 73 77 80 81 85 89 90 95 100 
28
3 6 9 10 12 21 25 26 30 31 33 38 
43 44 49 55 58 61 63 70 73 80 81 87 
89 90 97 98 
31
2 3 4 5 6 12 21 25 26 27 32 33 
35 36 38 40 43 49 51 58 60 66 67 69 
72 79 83 86 97 99 100 
14
25 27 28 35 48 50 52 54 69 76 77 80 
90 100 
38
4 5 7 13 21 22 24 29 30 33 42 43 
46 47 50 53 54 58 59 64 65 70 72 73 
74 82 83 84 87 88 90 91 92 93 95 96 
98 99 
24
3 4 6 8 14 22 25 31 39 40 41 47 
48 56 57 59 61 71 75 79 82 90 92 95 
34
1 4 5 8 10 11 12 16 19 23 26 30 
32 33 35 36 41 44 46 54 56 57 59 66 
67 77 81 86 87 88 89 90 91 92 
24
2 4 8 12 25 27 30 35 40 41 42 54 
55 64 73 77 81 82 89 90 95 96 97 99 
23
3 5 6 7 8 16 27 30 32 35 41 43 
53 54 61 63 73 74 78 82 84 86 94 
27
9 13 14 16 20 31 32 34 39 46 49 56 
59 61 64 65 68 71 73 76 79 81 88 95 
97 99 100 
29
4 6 8 12 14 17 19 22 26 30 35 39 
43 46 52 55 57 61 63 66 67 73 77 78 
83 86 87 98 100 
21
10 13 16 19 20 23 26 30 31 33 38 52 
58 59 60 64 83 86 89 97 100 
41
1 2 3 4 5 8 9 10 12 14 18 20 
21 26 27 29 30 32 34 35 41 43 44 45 
47 52 54 55 56 58 66 70 72 75 77 78 
80 82 90 91 93 
23
1 15 23 25 27 31 32 41 45 46 53 56 
57 63 65 66 75 80 81 85 87 91 99 
28
1 2 7 8 20 29 31 33 34 38 45 51 
54 55 57 58 67 69 72 74 76 77 79 80 
84 85 97 99 
40
1 4 5 6 9 11 15 20 22 23 26 27 
30 31 34 36 37 39 41 45 49 51 53 54 
57 58 59 66 67 71 75 79 82 83 85 88 
92 93 96 99 
24
2 5 7 8 10 13 22 25 26 33 42 58 
61 68 69 75 77 79 80 84 88 89 93 95 
31
1 10 11 12 15 16 20 29 31 35 36 37 
38 39 40 41 49 56 58 59 65 68 70 71 
73 77 80 85 88 89 97 
31
2 3 6 8 9 11 17 19 22 23 24 26 
28 29 39 41 44 47 52 54 55 61 67 68 
75 77 78 80 86 93 95 
32
4 12 13 17 18 20 21 26 27 29 31 35 
36 38 40 41 42 44 46 47 55 56 57 60 
62 69 78 80 82 87 88 92 
34
2 9 11 12 15 16 18 19 24 26 30 35 
39 40 42 43 47 48 53 54 68 70 72 73 
75 79 84 88 89 90 91 93 98 100 
23
5 7 19 21 23 25 28 34 47 48 51 53 
58 66 70 71 77 88 90 92 93 95 97 
26
3 7 13 14 20 24 39 40 41 45 47 48 
49 51 56 61 68 70 73 78 86 87 88 89 
90 91 
30
8 11 15 16 20 24 32 33 34 35 40 42 
45 47 48 51 57 60 63 67 68 71 72 76 
83 85 87 88 92 96 
30
1 3 9 10 11 13 19 22 24 27 32 37 
38 41 49 50 58 62 63 65 66 70 73 75 
86 91 92 95 97 100 
33
2 4 5 7 9 10 16 21 25 41 43 46 
49 52 53 54 55 56 59 62 63 65 66 69 
70 71 72 75 80 86 91 92 94 
37
8 10 20 21 22 23 26 28 29 33 34 37 
41 42 44 46 49 51 53 56 62 66 67 70 
71 72 73 74 77 85 88 89 91 97 98 99 
100 
31
2 3 9 10 11 17 19 20 21 22 27 28 
39 40 44 45 48 52 55 57 59 64 72 73 
75 76 77 83 88 90 99 
32
1 2 5 6 7 13 16 19 26 31 33 34 
35 44 46 47 48 49 50 59 64 67 70 71 
75 76 79 85 86 88 91 97 
31
3 4 11 12 17 18 19 21 33 35 36 37 
43 44 46 47 48 50 58 59 60 62 66 67 
70 71 76 78 79 90 100 
33
4 6 7 8 13 18 20 21 23 24 28 37 
38 39 45 48 51 52 56 61 63 66 71 73 
75 80 82 86 87 90 93 96 99 
27
1 7 8 10 15 16 20 22 34 36 37 39 
40 43 49 55 56 58 61 65 68 70 71 73 
82 83 86 
31
2 4 16 18 22 23 24 25 28 29 30 36 
38 41 42 45 51 58 62 63 69 72 73 79 
80 81 82 83 85 90 93 
39
2 7 9 10 14 16 20 22 24 28 30 31 
32 34 35 38 39 43 45 50 51 55 57 65 
68 72 74 76 78 79 80 85 89 91 93 95 
98 99 100 
42
5 6 8 12 13 17 21 23 26 27 28 33 
34 36 37 39 40 41 42 43 45 47 48 51 
54 56 60 62 63 65 66 67 69 70 78 79 
80 89 90 91 92 93 
26
5 6 7 11 16 18 23 24 28 32 33 38 
39 50 53 54 57 58 59 61 73 76 77 78 
88 97 
26
1 2 12 15 16 19 25 29 30 31 36 40 
50 53 54 55 57 63 66 67 69 75 77 81 
94 95 
25
1 11 12 16 23 24 27 37 38 47 54 55 
58 59 60 62 65 67 71 72 73 79 81 82 
93 
41
1 2 5 7 8 9 11 14 16 18 26 27 
32 40 42 48 52 55 57 59 61 62 63 66 
67 68 69 71 72 75 77 81 82 84 86 87 
91 93 94 95 96 
30
7 8 12 14 21 22 26 31 32 33 34 39 
43 45 51 58 60 65 71 72 74 77 78 80 
81 86 95 96 97 100 
22
18 23 27 32 34 37 38 45 46 51 56 57 
64 66 74 80 83 87 92 93 95 99 
29
1 4 11 18 21 27 28 31 32 33 37 38 
46 48 49 52 55 63 67 69 76 77 85 90 
91 92 93 98 100 
32
1 6 7 11 12 14 15 16 20 22 25 26 
29 30 36 37 41 42 46 49 55 62 67 68 
69 71 72 75 87 97 99 100 
27
3 4 7 9 10 14 16 19 20 21 25 27 
31 33 41 50 54 61 62 78 82 83 89 93 
94 95 97 
32
6 12 15 16 19 22 23 24 25 32 35 38 
40 42 44 53 58 59 60 65 70 74 75 77 
81 83 87 90 91 93 95 98 
31
10 11 13 22 23 24 26 27 31 32 33 42 
44 48 50 52 54 57 61 66 67 73 76 77 
80 83 84 91 94 96 99 
34
2 3 4 8 11 17 18 23 24 28 38 43 
44 46 48 53 54 56 57 59 61 66 67 70 
71 74 75 80 81 84 91 92 95 98 
33
2 4 11 13 16 19 20 21 26 27 35 41 
47 48 50 55 57 58 59 64 65 66 68 73 
75 76 79 80 81 83 84 86 95 
30
2 5 10 11 17 20 25 26 33 35 40 42 
45 49 56 57 59 64 66 68 73 77 78 82 
84 85 87 92 94 99 
27
1 7 9 10 13 19 24 27 29 31 43 47 
49 50 55 57 59 73 74 78 79 80 85 86 
87 88 97 
33
2 3 5 13 15 16 17 19 27 28 29 40 
41 44 47 49 57 59 60 67 69 70 77 78 
81 85 86 88 91 94 96 97 100 
23
2 3 8 13 17 18 24 31 33 35 55 62 
70 74 78 82 87 90 91 94 96 97 100 
25
1 6 8 9 16 22 23 28 29 30 33 38 
41 47 52 54 78 81 82 85 92 95 97 99 
100 
34
5 7 10 14 16 22 25 29 31 34 38 39 
42 44 48 49 54 57 58 59 60 63 66 68 
75 79 80 90 91 92 93 94 98 100 
28
7 9 11 20 23 24 27 30 33 34 37 39 
44 47 50 51 62 68 71 83 85 88 90 91 
93 95 97 100 
27
1 5 6 11 16 24 25 30 31 32 39 53 
55 58 59 60 65 66 68 71 72 75 76 81 
82 84 91 
38
9 10 12 13 14 15 19 20 22 23 26 27 
28 30 31 33 35 36 39 43 45 47 48 51 
58 60 62 65 68 69 70 73 74 80 85 93 
98 100 
38
1 3 4 5 7 12 14 15 17 19 20 23 
24 30 31 33 39 40 41 44 46 50 53 59 
61 63 66 70 75 78 83 84 88 89 93 94 
98 100 
28
9 11 12 15 21 23 27 29 41 42 45 47 
48 53 54 58 59 60 66 71 78 81 88 91 
93 95 96 98 
30
1 6 8 14 15 18 20 23 27 31 32 34 
35 38 45 46 48 53 58 67 72 73 80 82 
85 88 90 92 98 100 
30
5 7 8 12 19 22 24 32 33 38 40 41 
45 47 48 50 54 60 61 63 70 72 75 77 
84 86 87 89 93 98 
33
1 5 7 8 13 23 25 26 29 30 31 32 
35 37 41 53 54 55 56 57 60 61 62 66 
68 71 73 82 83 86 87 93 99 
28
6 8 10 11 14 21 28 32 40 41 45 49 
51 54 55 58 63 65 66 68 69 79 84 85 
86 93 96 99 
35
13 15 21 22 24 28 29 30 35 37 40 45 
48 49 50 51 54 60 61 63 69 70 71 72 
73 75 77 78 79 83 87 89 91 92 96 
29
2 3 7 8 10 13 17 25 27 28 31 33 
34 51 53 55 58 62 63 64 70 72 73 77 
80 81 85 93 98 
33
3 4 6 10 11 12 17 18 27 28 32 36 
39 44 45 48 51 53 55 57 58 59 62 68 
69 71 77 80 84 86 89 97 98 
28
4 7 11 21 25 31 32 35 41 51 52 56 
58 60 61 63 67 68 73 77 79 82 85 86 
90 95 96 97 
20
11 15 17 19 23 28 33 41 44 45 46 49 
60 69 71 75 78 81 92 97 
29
1 5 13 16 18 19 20 21 25 26 31 34 
40 48 52 55 58 65 66 72 76 78 81 82 
85 89 93 94 95 
31
2 5 9 16 17 18 21 26 40 41 45 49 
50 55 58 59 60 61 63 64 67 68 73 75 
82 84 92 93 95 98 99 
30
1 2 5 6 9 11 12 15 23 24 29 31 
38 42 47 50 51 54 57 66 68 82 84 89 
92 93 97 98 99 100 
27
1 6 13 16 18 24 41 46 47 48 51 63 
66 68 70 74 75 76 77 78 85 90 92 93 
96 99 100 
20
1 10 15 16 26 27 28 29 32 33 35 37 
44 47 54 74 77 82 84 99 
36
4 9 20 23 24 25 32 33 34 35 40 41 
44 45 49 52 54 55 58 62 65 67 69 71 
72 73 74 75 77 78 83 89 90 92 95 96 
32
3 4 6 7 13 14 22 26 29 36 40 43 
45 46 48 51 54 59 60 61 63 64 70 73 
74 75 76 80 93 94 95 97 
27
1 2 4 8 12 16 26 29 30 31 32 35 
45 49 51 52 54 58 59 63 76 77 79 83 
87 90 92 
34
2 3 5 9 10 15 22 33 34 35 36 40 
44 49 52 53 55 57 58 63 65 67 69 71 
72 73 74 80 81 85 89 96 99 100 
32
4 7 9 10 11 14 17 20 21 22 25 29 
30 32 35 36 39 40 52 54 58 60 64 65 
67 73 80 84 88 92 96 99 
39
3 4 5 9 10 11 13 16 23 25 28 30 
35 36 38 39 40 42 46 47 48 49 53 54 
56 57 61 68 70 71 74 75 88 89 91 93 
97 99 100 
26
6 10 11 14 24 27 33 38 42 44 51 52 
57 58 59 66 68 70 71 72 84 88 90 95 
98 100 
31
6 7 13 15 16 19 24 25 28 30 39 43 
44 45 46 49 50 53 58 59 64 71 72 76 
79 85 91 92 96 98 100 
32
6 9 11 17 18 25 27 30 32 35 37 38 
40 42 44 52 54 59 61 65 69 71 73 76 
77 78 84 91 92 96 97 99 
32
1 3 6 7 8 13 15 18 22 29 30 34 
35 43 47 49 51 52 55 57 60 62 73 74 
77 79 85 92 96 98 99 100 
28
4 8 10 11 12 15 16 18 21 22 30 31 
33 36 38 41 46 51 61 62 63 66 69 72 
83 87 92 97 
31
8 10 14 18 19 21 22 25 28 31 34 37 
39 40 42 46 47 51 58 64 65 71 78 81 
83 85 88 91 94 97 99 
33
2 3 5 11 12 14 17 18 26 27 29 31 
34 42 45 49 50 51 53 54 57 59 61 63 
65 84 85 86 88 90 92 96 97 
33
3 4 5 6 10 14 23 24 27 28 29 30 
31 35 39 40 48 52 53 55 66 68 71 72 
73 76 82 85 86 92 94 97 98 
37
1 2 9 11 19 27 31 35 36 37 39 40 
41 44 50 51 54 56 57 58 65 67 70 71 
80 83 84 85 87 88 90 92 94 97 98 99 
100 
33
2 6 11 13 15 17 19 23 24 27 29 37 
42 43 46 48 49 55 57 58 59 63 70 75 
76 77 79 80 83 85 92 94 97 
32
1 4 5 7 8 9 10 11 14 19 25 33 
34 39 41 42 51 53 56 58 60 65 68 72 
77 79 80 81 84 91 92 93 
28
2 4 13 19 20 33 34 37 44 46 47 56 
59 60 62 65 66 71 77 78 80 85 87 91 
93 95 98 99 
39
6 7 10 15 16 21 24 25 29 32 33 34 
36 41 45 47 51 52 53 55 57 58 59 60 
61 66 67 70 75 76 78 79 81 83 88 91 
94 96 100 
31
3 4 6 9 10 20 21 27 29 30 32 33 
38 39 40 45 47 49 53 55 56 58 63 65 
67 72 79 82 86 93 96 
32
3 4 6 11 12 18 27 31 35 36 40 44 
49 52 54 55 57 61 62 64 65 69 71 73 
76 78 80 84 87 88 89 90 
25
8 10 11 12 17 23 26 27 29 30 31 35 
37 38 42 48 51 54 61 64 66 67 74 87 
100 
32
1 2 7 10 11 12 16 17 21 22 24 25 
27 30 38 39 42 54 55 58 62 64 68 72 
73 75 78 81 82 84 93 98 
32
5 12 14 16 17 19 20 24 25 31 32 33 
34 37 48 52 61 66 67 71 74 76 80 84 
85 86 87 88 91 92 95 99 
30
2 3 11 13 14 15 16 18 19 21 26 27 
31 39 41 42 49 52 54 55 60 63 72 74 
76 88 89 92 95 97 
39
6 8 9 13 16 17 18 19 25 30 32 34 
37 45 46 47 48 52 54 55 56 59 62 64 
66 67 68 71 72 75 76 78 85 86 89 93 
95 97 98 
34
5 9 13 15 20 21 23 24 30 32 33 37 
39 44 45 48 52 53 54 57 60 64 68 79 
80 81 83 85 86 93 97 98 99 100 
29
2 3 5 16 17 29 31 33 34 37 41 42 
43 46 48 49 54 56 57 67 68 70 71 77 
81 83 88 95 97 
36
1 4 5 10 13 19 21 23 25 26 27 28 
32 34 39 40 45 46 49 50 52 57 61 65 
68 69 74 80 81 82 85 87 91 94 98 100 
35
1 2 3 6 7 9 12 13 15 16 18 28 
32 36 38 42 45 56 57 58 59 60 61 62 
63 64 66 70 73 75 89 91 92 93 98 
27
1 7 9 18 22 23 29 30 32 33 52 55 
56 58 59 61 64 71 73 74 81 82 85 87 
88 92 95 
24
1 6 7 10 18 22 27 30 31 34 36 38 
42 44 46 47 58 62 72 73 76 85 92 94 
30
2 4 5 11 16 18 19 24 29 31 32 34 
36 41 45 51 55 62 63 64 78 79 80 81 
90 96 97 98 99 100 
27
2 4 5 6 8 10 11 14 21 24 25 28 
29 37 39 43 54 57 58 66 67 82 85 87 
89 97 99 
27
1 4 5 8 11 20 31 32 36 41 42 49 
50 51 58 64 70 74 79 80 83 84 85 89 
92 94 96 
24
13 21 26 27 29 30 34 38 42 43 60 65 
69 70 72 75 76 79 87 90 93 94 99 100 
30
1 5 9 10 22 23 27 29 30 34 35 38 
47 52 53 57 59 62 64 68 75 77 81 87 
90 91 92 93 96 100 
26
4 10 13 14 16 25 32 38 43 46 48 49 
50 54 67 68 70 72 74 75 77 85 89 94 
96 100 
30
1 2 4 9 14 21 22 28 34 37 42 45 
46 49 51 55 56 64 67 71 72 74 75 80 
81 85 93 98 99 100 
30
5 8 9 15 26 30 32 42 44 46 47 53 
57 62 64 65 70 71 72 73 75 81 82 83 
85 86 92 93 96 99 
35
1 2 11 12 16 21 22 25 26 35 36 37 
39 51 53 54 55 56 57 58 64 66 67 68 
73 74 76 78 79 86 92 93 97 98 100 
35
1 4 9 10 14 17 19 20 25 27 28 29 
30 33 34 35 36 37 48 53 56 59 60 61 
62 64 65 68 69 70 72 73 75 90 94 
30
2 4 6 7 9 11 24 29 30 31 34 42 
44 45 46 48 52 55 56 62 64 72 78 79 
84 90 94 96 98 99 
33
1 7 8 9 12 15 24 26 29 30 34 35 
39 40 41 43 46 48 51 54 55 56 59 65 
67 75 83 85 86 89 90 91 92 
26
1 17 21 23 27 28 30 35 37 38 39 42 
51 52 55 57 61 62 63 64 71 75 77 90 
92 98 
38
1 4 5 7 9 15 16 18 23 24 25 30 
33 36 39 44 48 49 53 54 55 58 59 60 
62 63 64 66 74 75 77 79 80 86 87 88 
98 100 
27
1 3 10 11 12 17 25 29 30 31 32 33 
37 44 47 51 53 54 58 60 62 64 70 78 
85 97 99 
30
1 3 4 11 12 16 20 27 28 33 34 35 
46 51 53 55 63 65 69 73 79 82 83 85 
88 89 92 93 94 100 
26
3 11 21 22 29 32 37 38 46 50 51 54 
55 60 63 65 66 67 69 73 76 78 85 93 
95 97 
35
3 6 13 14 15 16 17 25 29 31 32 34 
37 38 41 42 43 45 46 48 49 53 58 65 
66 70 73 74 75 79 82 84 85 87 88 
28
1 3 6 8 12 15 18 19 22 24 29 30 
31 32 38 52 56 60 62 66 67 70 73 75 
80 91 95 97 
22
9 11 14 21 29 30 33 34 36 37 39 46 
48 53 55 68 72 73 84 93 98 100 
29
8 11 13 15 20 21 22 30 31 33 36 39 
42 46 47 52 55 60 64 66 68 71 73 77 
79 82 86 96 100 
32
4 10 20 21 22 27 30 33 35 36 39 43 
46 50 51 52 54 57 64 70 73 78 79 80 
85 87 90 94 95 96 97 99 
27
1 7 11 14 18 23 26 29 33 36 41 47 
48 49 52 53 54 55 58 59 64 66 67 73 
75 79 83 
30
5 6 12 15 19 39 40 42 43 44 46 47 
50 52 54 55 58 61 65 70 71 78 79 87 
91 92 93 94 97 98 
30
2 7 10 14 22 26 30 35 37 39 48 53 
55 58 63 64 65 66 69 72 74 75 76 77 
80 85 88 92 95 100 
32
1 4 7 9 10 12 13 15 22 29 33 36 
37 40 44 45 47 53 55 61 62 64 66 68 
73 77 81 86 88 94 96 100 
29
3 4 5 14 16 17 28 30 31 35 39 40 
42 45 46 56 57 60 62 63 67 68 71 75 
81 85 87 89 92 
32
2 5 8 10 11 24 30 39 40 41 48 49 
51 52 55 62 66 68 75 78 81 82 84 85 
91 94 95 96 97 98 99 100 
27
5 7 9 13 14 16 22 27 44 46 47 49 
50 54 55 57 59 69 70 71 73 87 88 89 
93 98 100 
23
6 9 17 18 20 22 30 33 39 45 48 54 
60 62 63 65 66 72 83 84 85 86 96 
36
2 3 13 14 18 19 20 21 22 24 25 27 
28 32 33 35 38 40 44 45 46 47 49 50 
61 67 71 74 79 80 81 84 86 95 98 99 
20
4 5 7 10 14 17 23 30 34 36 38 55 
56 62 64 69 75 85 86 90 
35
5 7 10 11 12 15 17 22 23 24 25 34 
35 37 41 44 46 53 56 58 59 62 63 66 
78 79 80 83 86 88 90 91 94 96 97 
37
2 5 11 12 14 15 16 22 23 32 36 37 
39 41 45 47 49 54 55 57 60 67 69 74 
75 79 80 81 83 84 89 92 93 94 96 98 
99 
25
4 6 17 23 27 28 32 34 36 41 44 49 
50 56 60 68 70 71 84 86 87 89 92 97 
100 
28
3 6 13 16 22 28 33 38 45 52 53 55 
59 61 66 67 68 70 77 78 79 82 84 89 
92 93 95 96 
25
4 7 8 9 15 16 25 30 34 42 52 57 
65 68 72 76 78 80 81 82 85 89 92 93 
95 
39
4 6 7 9 11 14 15 16 17 28 29 32 
34 36 37 38 40 42 43 44 45 46 62 65 
68 72 74 75 76 77 78 83 86 87 89 91 
93 95 97 
26
1 4 5 11 15 18 19 22 23 29 34 48 
49 58 60 61 63 67 71 72 80 89 90 91 
94 97 
34
2 6 9 10 13 14 26 33 34 38 39 42 
46 47 52 55 58 61 67 69 75 78 80 81 
84 86 87 88 90 92 94 96 98 100 
33
4 5 9 10 14 18 19 20 25 26 28 31 
32 35 38 42 45 48 50 51 58 59 62 69 
71 75 76 81 85 96 98 99 100 
32
5 7 10 11 16 23 24 27 28 30 32 42 
47 48 50 52 53 55 57 61 62 64 68 70 
71 72 74 82 86 90 96 97 
25
1 3 4 22 23 24 27 30 33 41 53 54 
56 57 62 67 68 69 74 78 81 83 85 89 
100 
33
4 5 10 15 19 22 26 32 33 34 35 37 
38 39 40 41 46 48 50 54 58 65 69 70 
73 74 76 77 78 88 93 96 100 
31
3 4 7 15 17 29 32 40 41 43 46 55 
60 61 63 72 74 76 77 79 81 82 84 87 
88 90 92 94 97 98 100 
33
3 8 18 19 21 23 25 28 31 36 37 40 
46 47 48 51 52 55 60 65 66 67 69 74 
75 78 86 87 88 90 92 94 97 
34
3 4 5 6 7 9 10 16 17 21 22 23 
24 26 28 30 31 40 42 43 47 50 51 52 
57 64 65 74 75 81 82 83 86 98 
34
1 2 6 8 14 15 16 18 21 22 23 32 
35 44 45 46 48 56 58 66 69 70 72 73 
75 77 84 91 93 95 97 98 99 100 
37
2 3 7 9 11 12 15 17 18 20 22 29 
30 32 33 41 43 44 47 49 53 57 62 63 
67 70 73 76 78 81 83 84 91 92 93 95 
100 
34
4 5 6 8 12 14 16 20 21 24 34 45 
46 48 50 52 54 56 59 61 63 65 67 69 
76 80 82 86 88 89 91 92 95 99 
36
1 5 6 7 8 9 13 17 18 20 26 28 
30 33 35 36 37 39 40 46 53 58 61 63 
69 70 72 76 78 79 80 82 87 91 96 100 
31
3 5 6 12 21 27 31 34 38 39 41 43 
44 49 54 55 57 61 65 66 69 73 78 89 
91 93 94 95 96 97 98 
28
3 5 9 10 11 13 14 24 25 27 32 33 
35 39 41 48 55 58 60 66 73 76 77 79 
82 84 86 88 
29
4 5 21 23 24 27 30 34 37 38 46 48 
57 58 61 66 67 68 69 73 74 77 79 80 
85 90 95 97 98 
22
2 5 9 10 12 16 24 25 27 32 37 39 
45 49 50 58 61 64 68 73 78 85 
29
2 4 6 7 10 15 16 19 20 22 23 25 
29 34 47 52 58 62 63 64 65 67 69 77 
78 81 87 98 100 
30
4 5 18 23 24 28 30 31 34 39 41 42 
48 51 56 57 58 59 62 72 74 75 80 82 
85 87 89 93 94 95 
26
2 5 6 10 18 26 29 31 33 44 45 46 
51 56 58 62 67 70 71 72 73 80 84 92 
95 97 
25
2 5 6 7 10 12 14 18 21 39 40 41 
49 52 63 74 79 80 82 85 87 88 91 93 
100 
28
8 9 12 20 22 24 25 27 28 37 42 44 
46 48 53 58 61 69 71 73 76 79 86 88 
89 94 98 100 
38
1 3 7 13 14 15 19 20 23 26 30 31 
33 35 41 42 50 53 58 59 62 64 71 72 
73 77 79 81 82 83 84 85 88 90 91 93 
94 95 
37
3 4 6 7 9 10 11 16 18 20 22 23 
24 27 29 30 32 33 36 40 45 46 47 48 
50 52 53 57 66 67 72 78 80 83 92 94 
100 
26
6 9 10 12 16 18 21 28 30 32 36 41 
44 45 48 51 52 69 80 81 86 87 89 96 
99 100 
32
2 4 9 11 15 16 17 21 23 27 28 32 
36 38 43 44 46 51 59 60 65 68 69 73 
74 75 77 81 89 90 93 95 
36
1 2 3 5 6 7 9 13 14 19 24 25 
26 34 37 39 41 45 46 47 48 50 51 52 
57 60 63 67 71 75 76 77 85 86 95 97 
32
3 5 9 10 15 16 18 19 20 23 24 29 
35 37 42 48 51 55 58 59 60 62 67 68 
69 70 81 86 89 92 95 100 
30
2 4 10 11 22 26 33 34 39 41 43 49 
50 53 59 61 69 71 74 78 84 86 88 89 
90 91 94 97 98 100 
31
1 4 9 13 19 20 28 33 35 40 44 45 
48 50 53 54 55 62 64 66 68 71 72 73 
75 78 84 85 89 95 99 
26
2 6 7 14 15 16 17 26 28 29 30 32 
33 38 45 52 55 60 72 76 79 81 83 86 
93 96 
23
5 8 10 12 19 28 40 55 56 58 62 64 
67 72 74 76 86 88 90 92 94 98 99 
23
5 8 10 22 24 28 31 36 40 44 45 48 
53 62 67 68 70 72 75 78 79 93 100 
33
4 5 6 7 9 18 22 26 28 29 34 38 
39 41 48 49 50 54 55 57 62 66 67 71 
72 76 77 79 88 92 97 98 99 
29
4 7 11 13 14 17 18 20 22 23 27 30 
31 36 39 40 41 42 53 54 57 58 62 73 
74 77 86 89 93 
42
1 4 8 9 13 14 15 16 19 20 23 24 
28 29 31 33 35 39 40 41 42 49 50 51 
56 59 60 61 62 63 64 67 68 72 77 80 
84 85 91 95 98 100 
25
1 3 9 13 15 18 19 27 29 46 47 49 
51 52 56 57 60 63 68 72 81 92 94 97 
98 
27
4 5 9 21 22 23 26 36 37 38 46 50 
51 54 62 63 64 66 74 75 76 78 85 87 
88 90 96 
31
1 4 9 11 12 16 17 20 21 25 26 30 
32 41 45 47 49 50 52 53 55 59 63 65 
68 74 79 80 85 86 91 
28
8 10 12 15 16 20 21 23 24 32 34 36 
37 40 42 43 45 55 60 65 68 75 78 80 
82 83 97 99 
30
8 9 15 19 22 25 36 38 41 42 44 48 
52 53 58 62 66 70 74 75 79 84 85 86 
89 90 92 93 94 98 
19
11 24 25 37 44 48 57 60 63 66 71 79 
80 83 87 88 95 96 100 
34
3 8 10 14 17 18 19 21 24 25 28 30 
31 33 41 44 45 47 51 54 55 57 62 66 
69 74 75 77 79 81 83 88 95 100 
