100 200
1 1 1 1 1 1 1 1 1 1 1 1 
1 1 1 1 1 1 1 1 1 1 1 1 
1 1 1 1 1 1 1 1 1 1 1 1 
1 1 1 1 1 1 1 1 1 1 1 1 
1 1 1 1 1 1 1 1 1 1 1 1 
1 1 1 1 1 1 1 1 1 1 1 1 
1 1 1 1 1 1 1 1 1 1 1 1 
1 1 1 1 1 1 1 1 1 1 1 1 
1 1 1 1 1 1 1 1 1 1 1 1 
1 1 1 1 1 1 1 1 1 1 1 1 
1 1 1 1 1 1 1 1 1 1 1 1 
1 1 1 1 1 1 1 1 1 1 1 1 
1 1 1 1 1 1 1 1 1 1 1 1 
1 1 1 1 1 1 1 1 1 1 1 1 
1 1 1 1 1 1 1 1 1 1 1 1 
1 1 1 1 1 1 1 1 1 1 1 1 
1 1 1 1 1 1 1 1 
65
5 9 11 12 19 20 22 26 29 32 33 36 
40 41 43 46 47 52 53 58 59 61 65 67 
68 78 79 80 83 85 89 90 93 94 95 97 
98 107 109 117 120 121 123 129 131 133 137 139 
149 152 153 154 159 166 172 173 182 187 189 191 
192 193 194 198 199 
55
6 18 19 28 29 30 33 36 40 41 44 45 
47 50 52 53 54 60 61 72 73 78 80 84 
94 102 103 107 110 111 112 119 125 134 135 143 
144 146 147 150 152 154 162 169 170 176 178 184 
187 190 191 192 195 197 199 
69
3 7 10 11 12 13 17 20 21 23 31 34 
36 41 44 46 47 48 50 56 66 70 74 76 
79 80 81 85 91 93 94 96 99 100 103 109 
114 118 119 126 129 130 133 135 137 142 144 155 
158 159 160 161 164 168 169 170 171 173 178 180 
181 183 186 187 188 189 191 195 198 
69
2 3 5 11 17 19 21 22 26 29 30 34 
42 43 47 51 52 55 56 59 60 64 66 71 
78 80 81 83 84 86 87 91 95 98 100 103 
104 107 118 120 123 124 126 128 130 132 133 136 
137 139 140 142 143 144 145 152 157 160 161 172 
173 174 175 183 187 192 193 194 199 
59
2 14 15 22 24 26 30 32 34 36 38 39 
44 46 48 54 61 69 72 73 74 80 81 82 
86 93 94 99 102 107 109 112 115 122 123 128 
129 134 138 142 143 144 145 147 150 154 158 161 
165 166 167 168 169 173 179 182 192 197 200 
63
2 5 8 20 24 36 39 40 41 43 45 46 
48 49 50 61 67 69 71 72 74 79 83 87 
89 92 94 101 103 104 105 107 112 114 120 121 
124 125 133 136 143 144 146 147 150 151 153 158 
163 167 172 176 178 180 185 187 188 192 194 195 
196 197 199 
57
3 4 8 22 24 27 28 33 34 35 36 43 
48 49 53 55 56 60 71 75 85 86 87 90 
93 96 97 102 104 105 108 111 112 116 124 125 
128 130 132 135 138 140 145 149 152 155 156 158 
164 177 183 186 187 192 193 195 198 
49
5 6 7 12 21 27 28 38 41 42 49 53 
64 69 70 72 73 76 82 83 85 86 92 98 
111 114 120 124 126 131 135 142 144 146 147 149 
150 159 161 165 166 171 176 177 178 181 190 191 
192 
67
6 7 8 9 13 14 15 18 21 24 29 32 
33 37 39 41 42 44 47 50 53 54 56 65 
66 68 70 74 76 77 86 87 88 90 93 103 
105 109 110 111 115 129 132 136 137 144 148 149 
152 154 155 156 157 161 163 166 167 168 169 174 
177 180 183 191 193 194 199 
54
2 3 11 13 16 19 24 25 31 32 43 47 
51 53 54 68 69 70 76 77 79 88 92 103 
108 115 118 120 124 125 128 130 131 134 137 143 
146 148 150 152 154 161 163 164 165 169 171 174 
175 182 183 187 189 196 
67
10 14 15 22 23 25 29 30 32 38 39 51 
62 63 65 70 73 75 78 81 83 84 85 88 
92 94 95 96 97 98 99 100 107 109 117 120 
123 130 131 132 133 136 139 142 143 146 147 157 
158 159 161 164 167 168 169 171 177 179 180 184 
193 194 196 197 198 199 200 
55
2 4 5 8 9 13 24 29 33 34 36 44 
45 62 65 66 67 69 70 73 75 78 80 81 
85 86 96 98 100 104 111 120 121 122 124 131 
138 144 150 151 157 158 159 162 167 168 170 173 
183 189 191 192 193 194 196 
61
1 2 3 6 8 11 14 19 25 26 32 34 
36 40 42 47 52 58 67 72 76 79 82 84 
87 92 94 95 96 97 101 102 103 104 106 111 
115 119 121 122 126 134 137 138 140 146 151 154 
155 158 159 160 161 166 167 173 174 175 189 194 
199 
68
1 2 3 5 8 9 15 19 21 27 35 37 
38 41 47 51 56 57 59 64 67 74 76 78 
79 80 86 87 89 91 93 94 95 96 98 109 
114 120 121 122 127 129 130 135 136 137 139 142 
143 144 156 157 158 168 169 175 176 177 179 180 
181 183 185 187 189 192 194 199 
55
1 4 10 13 14 21 24 30 45 46 48 49 
54 60 68 71 72 75 90 92 96 100 101 106 
107 110 113 114 115 119 123 124 125 127 132 145 
146 147 150 153 155 156 165 166 168 176 178 181 
184 187 189 190 193 195 197 
58
3 10 11 12 13 14 20 25 26 32 34 36 
42 44 45 47 48 49 50 51 54 55 60 66 
73 78 80 82 87 91 96 99 102 103 104 107 
115 121 123 130 131 133 137 140 142 157 161 163 
177 180 182 185 186 187 189 191 197 199 
62
1 4 13 17 24 28 30 31 34 39 40 41 
42 45 47 49 52 59 60 65 81 82 83 85 
86 89 90 97 100 104 109 112 114 115 116 120 
123 127 128 132 133 134 139 144 157 164 165 167 
168 170 172 173 175 176 178 181 185 186 187 195 
196 200 
56
1 2 3 5 6 7 8 10 13 16 22 25 
32 36 41 57 59 62 63 66 68 70 72 74 
80 81 84 92 99 100 101 102 108 109 110 111 
112 114 127 128 132 136 142 146 149 153 157 159 
160 163 164 170 171 180 187 191 
69
1 8 9 10 11 17 19 22 29 32 33 35 
36 42 44 49 54 55 57 61 65 69 70 72 
74 85 87 88 93 96 100 102 103 104 108 109 
111 114 115 118 120 122 124 125 126 132 135 136 
138 140 148 150 151 155 161 165 166 171 173 174 
183 184 185 186 188 189 192 195 197 
65
1 4 5 6 7 8 9 11 15 19 23 31 
33 37 38 45 46 47 55 59 60 62 64 68 
70 75 76 78 81 82 90 91 92 95 99 100 
105 106 109 111 116 118 122 127 134 135 136 139 
144 147 149 151 152 155 156 160 163 172 179 181 
183 187 192 195 200 
61
7 13 14 15 16 19 20 21 23 25 26 29 
36 39 42 44 51 52 56 65 66 67 72 73 
76 86 89 94 95 102 103 104 108 110 115 119 
122 123 124 126 130 131 132 141 143 145 147 151 
154 156 163 168 170 173 177 179 180 191 195 197 
199 
53
3 4 7 12 17 22 23 24 34 36 42 44 
45 47 49 51 60 63 64 67 69 72 79 84 
89 91 92 96 97 98 104 106 107 114 116 117 
120 124 143 149 150 153 156 157 168 169 175 176 
178 180 195 197 199 
56
7 9 11 13 15 20 24 25 33 34 38 39 
46 47 51 53 54 56 58 67 68 73 81 85 
88 90 91 95 100 104 106 109 114 121 122 124 
128 130 136 140 141 147 148 150 155 161 162 167 
169 170 178 180 187 191 193 200 
56
2 5 6 8 13 25 26 30 32 35 39 41 
42 46 54 55 56 60 64 70 72 77 83 86 
88 91 99 101 103 105 106 111 112 115 116 123 
127 129 131 133 141 144 145 146 153 160 163 168 
169 171 172 174 182 185 196 198 
52
1 5 7 12 13 20 27 28 33 39 42 47 
53 55 58 61 71 72 73 74 77 81 91 96 
104 105 106 115 119 125 126 133 137 142 143 145 
146 149 160 163 165 166 169 173 174 179 182 186 
191 194 195 197 
54
2 3 4 7 9 12 18 19 24 33 45 46 
47 54 59 60 65 68 72 83 85 91 104 106 
107 108 113 114 115 122 123 126 131 132 133 134 
138 139 142 144 145 153 159 160 161 167 168 179 
181 182 183 188 193 198 
64
1 3 5 19 21 22 26 27 28 31 32 33 
34 35 39 40 44 45 46 47 50 55 58 61 
67 69 72 74 78 89 90 92 96 97 99 101 
103 104 107 114 123 124 134 135 140 141 142 145 
147 149 153 154 157 164 167 178 179 180 181 184 
185 194 195 196 
66
1 2 6 7 9 14 16 21 23 27 30 31 
33 36 40 47 52 53 54 55 59 61 62 65 
69 76 77 86 90 91 96 101 102 105 106 112 
115 122 123 127 132 133 135 139 142 143 145 146 
149 154 156 158 159 160 162 166 167 171 173 182 
184 187 190 193 195 199 
52
2 3 13 14 18 19 31 38 44 45 56 57 
63 69 75 76 79 84 86 88 89 90 96 98 
105 113 116 120 124 126 132 134 137 140 144 145 
147 149 150 154 163 164 168 169 171 175 178 184 
185 190 193 195 
60
1 8 10 23 25 26 29 31 34 36 38 42 
46 47 53 57 60 62 64 66 70 75 77 80 
87 92 101 103 106 107 109 113 115 122 128 133 
135 137 138 139 141 144 145 149 151 155 163 165 
166 178 183 186 187 188 189 191 192 194 196 200 
58
3 4 5 7 16 22 23 29 34 37 39 42 
45 50 53 56 59 60 63 67 72 73 75 78 
79 84 85 88 89 90 101 104 106 108 118 127 
129 133 134 135 137 142 143 145 150 151 153 157 
165 176 177 178 180 182 193 195 197 200 
63
1 2 6 9 12 14 18 23 27 28 37 39 
40 41 44 45 46 47 50 52 56 57 65 67 
68 70 73 76 78 79 80 87 90 93 94 95 
100 101 105 109 110 114 116 118 120 122 124 131 
132 140 141 143 145 147 148 154 156 175 176 181 
195 199 200 
63
2 3 6 8 12 15 18 24 30 34 35 38 
39 45 46 47 49 50 54 55 57 58 60 62 
66 69 71 72 73 74 79 84 87 90 97 102 
108 110 111 115 118 119 121 126 130 131 143 146 
150 156 162 165 168 173 174 176 181 182 185 188 
190 191 193 
69
14 16 18 19 20 23 26 27 28 29 31 34 
35 37 39 40 42 43 44 49 54 55 57 61 
63 71 72 74 75 79 81 90 91 94 95 97 
104 106 114 116 117 118 120 127 132 134 135 138 
139 140 142 146 147 151 155 158 159 165 169 170 
171 173 180 181 182 183 184 188 193 
73
1 9 11 12 14 16 19 21 22 23 28 29 
34 36 39 43 46 47 49 50 52 53 56 59 
64 67 71 74 76 78 79 81 82 84 86 93 
101 106 107 108 109 110 115 116 117 124 126 127 
128 130 135 137 140 143 145 148 150 151 152 154 
155 163 165 172 175 177 181 183 185 187 196 199 
200 
59
3 14 16 18 19 23 24 29 36 37 38 41 
50 52 55 58 59 64 65 72 77 82 84 86 
89 93 95 98 104 106 109 110 111 113 114 119 
121 126 138 145 150 154 155 161 163 164 170 172 
174 176 178 179 182 185 187 191 193 195 199 
62
5 6 7 9 10 11 13 15 17 19 20 24 
25 30 31 32 34 36 69 72 73 74 77 80 
83 90 102 108 109 114 118 122 123 126 127 128 
129 130 134 136 139 140 141 143 145 146 147 148 
150 151 156 158 160 162 164 166 177 178 184 191 
192 200 
64
1 7 14 17 18 20 23 26 37 38 39 43 
44 45 50 60 61 62 63 65 67 68 70 73 
76 81 84 87 90 93 95 102 103 107 112 114 
117 119 121 124 125 127 131 135 139 141 142 145 
150 156 158 159 160 162 166 172 174 176 180 185 
191 194 196 199 
64
1 2 5 14 21 23 27 31 32 36 38 39 
42 44 45 47 48 49 50 53 55 59 61 63 
66 70 85 86 89 91 93 97 98 99 102 104 
106 110 114 120 125 127 128 133 136 144 148 154 
157 160 165 168 172 175 179 181 182 183 185 192 
193 196 197 199 
60
3 4 6 8 9 10 11 14 15 16 22 28 
33 34 35 40 41 43 44 46 48 58 59 73 
75 80 82 98 99 101 103 106 114 116 126 127 
130 132 133 136 137 138 139 140 144 147 151 152 
153 162 166 174 176 178 180 189 190 192 196 200 
67
3 6 7 12 15 17 21 23 25 27 29 31 
35 42 43 48 49 50 51 53 55 63 65 67 
69 71 73 75 76 85 89 96 97 101 105 108 
113 118 120 122 124 126 127 130 131 134 138 140 
144 150 156 158 159 161 163 164 165 167 168 170 
175 178 179 181 185 190 197 
57
1 5 12 17 20 27 28 32 33 38 39 47 
50 52 55 58 60 61 84 85 86 90 96 97 
99 100 103 106 109 110 115 116 117 127 130 134 
140 150 152 153 160 164 165 167 169 170 172 176 
178 179 182 185 187 191 195 196 199 
62
3 4 6 12 13 19 23 26 27 33 35 36 
37 40 44 50 51 56 61 62 69 74 79 82 
85 87 92 95 96 99 104 107 112 115 116 119 
120 128 133 134 145 146 149 150 152 157 159 160 
166 169 171 172 174 175 183 186 190 192 193 194 
197 198 
69
8 9 10 18 23 24 25 32 40 46 47 48 
50 52 55 59 63 64 66 69 70 72 81 85 
86 88 94 104 107 108 110 112 114 116 118 119 
121 124 128 129 131 135 137 140 141 142 143 148 
149 150 151 152 153 154 159 165 168 171 172 177 
179 184 186 188 189 193 194 195 200 
61
5 6 11 12 14 20 25 33 34 37 40 41 
46 47 49 52 74 75 80 81 82 83 84 86 
88 95 98 102 103 108 112 119 120 125 130 133 
137 141 142 145 148 156 162 163 165 166 169 170 
172 175 179 182 183 184 188 189 191 192 196 197 
199 
65
1 2 3 4 8 10 16 20 22 23 24 27 
31 32 33 34 37 38 41 46 50 51 56 62 
63 65 70 71 76 80 85 86 87 88 89 93 
95 98 99 102 107 108 114 115 119 123 127 136 
144 149 150 153 156 161 167 169 176 177 178 179 
181 184 188 195 196 
58
2 5 7 8 12 13 15 23 24 26 28 32 
35 38 45 48 51 61 63 69 71 74 77 83 
85 88 91 93 96 100 104 107 109 115 116 118 
119 126 131 135 136 138 141 144 145 168 170 174 
178 180 181 183 184 186 189 194 196 200 
57
13 17 21 24 28 37 39 45 55 63 64 66 
68 72 75 76 79 81 82 83 85 89 94 96 
99 100 101 107 108 111 113 114 118 121 127 130 
131 135 141 146 152 154 158 159 160 161 162 163 
165 172 177 185 187 191 192 196 199 
55
16 25 30 31 33 34 36 38 48 51 53 55 
59 61 62 64 67 69 71 73 74 78 83 93 
96 100 105 107 108 116 118 122 126 134 136 137 
139 140 146 151 155 156 160 161 164 168 169 171 
176 178 180 183 185 194 195 
55
1 9 20 25 30 36 42 45 49 51 52 53 
58 60 61 66 67 71 72 73 76 77 80 93 
95 97 100 101 103 111 114 119 121 125 128 134 
137 138 139 141 144 147 149 151 153 154 163 165 
168 170 180 192 194 195 200 
59
1 4 5 11 14 15 19 26 27 29 30 32 
35 43 44 50 66 70 71 74 75 78 83 89 
91 93 94 99 103 104 105 108 109 111 112 115 
119 126 128 132 135 136 139 146 155 156 157 158 
160 164 166 169 175 181 185 191 193 194 200 
62
8 10 12 15 16 19 20 22 24 28 30 35 
37 46 51 52 53 56 59 63 64 70 72 73 
75 77 79 89 90 92 95 96 98 103 104 110 
112 115 116 120 121 122 124 127 130 131 143 148 
150 153 157 159 165 172 173 185 186 189 190 191 
193 199 
60
4 5 6 7 9 16 20 26 40 51 53 55 
57 61 64 66 67 69 71 73 75 81 82 91 
98 100 101 104 108 109 111 113 114 116 125 126 
128 129 130 138 142 145 146 147 157 163 164 165 
167 169 170 176 177 179 189 191 192 194 195 200 
59
2 14 17 23 26 27 43 44 47 52 53 55 
56 58 59 61 65 66 67 68 73 76 80 82 
85 86 94 96 99 105 106 109 120 121 123 124 
126 127 132 133 134 135 139 140 141 146 149 150 
152 154 159 169 170 171 175 181 190 191 196 
47
2 3 7 15 16 18 19 21 22 31 36 39 
51 56 57 58 60 62 63 72 79 84 96 97 
98 110 112 113 119 122 133 136 137 138 149 151 
159 162 171 173 178 183 185 186 193 195 197 
53
5 14 18 26 36 39 44 46 49 53 55 58 
61 64 66 71 74 78 79 83 86 89 94 95 
96 98 102 105 108 119 120 126 130 131 138 139 
140 142 144 156 159 166 172 175 176 180 181 185 
187 188 189 193 195 
59
4 5 9 12 20 28 30 31 33 37 38 39 
46 50 52 60 61 64 66 73 74 77 80 85 
86 91 93 95 99 103 106 111 114 119 120 121 
123 128 129 132 133 142 146 147 150 153 161 163 
164 167 179 181 185 187 194 195 196 199 200 
57
2 4 6 7 8 9 13 15 17 21 22 26 
32 36 41 48 49 52 56 66 69 73 74 83 
84 87 88 91 99 102 107 108 116 118 119 123 
127 129 137 138 152 157 158 160 163 165 166 167 
171 173 178 179 190 192 195 196 200 
62
4 8 9 11 15 16 17 18 26 27 29 33 
35 38 41 44 45 58 59 63 64 65 66 71 
73 86 90 96 98 103 108 109 110 113 115 119 
121 123 125 132 136 137 139 140 142 146 150 157 
158 161 167 168 171 173 174 176 178 186 188 190 
193 194 
64
2 3 5 7 8 20 23 26 27 30 32 34 
37 39 43 48 50 55 56 58 62 63 70 73 
75 85 86 87 91 93 99 103 104 108 109 114 
117 118 122 124 125 132 134 136 137 138 140 142 
145 151 155 156 161 162 167 185 190 191 195 196 
197 198 199 200 
56
2 3 5 7 14 23 26 27 37 40 42 48 
58 59 61 62 66 67 69 74 75 76 79 81 
89 97 99 103 110 113 116 117 121 127 128 131 
135 136 150 151 152 154 156 159 162 168 172 174 
177 179 184 189 192 193 196 197 
65
8 9 11 15 16 22 24 25 26 27 32 36 
38 39 42 48 49 50 52 57 58 60 61 64 
67 68 74 86 89 90 92 95 96 99 100 101 
105 111 120 121 122 125 130 131 140 143 145 157 
161 166 167 168 173 174 175 176 177 181 182 186 
187 196 197 198 199 
66
1 3 5 7 9 12 18 21 22 23 25 27 
30 31 33 35 39 40 43 52 55 56 57 60 
66 70 76 80 82 83 87 90 92 97 103 106 
108 111 116 118 119 121 122 124 133 146 147 152 
155 158 162 163 165 170 172 173 175 177 178 186 
189 190 191 192 194 199 
61
1 6 9 10 13 18 22 26 27 28 35 37 
40 45 46 49 51 56 61 63 64 68 69 71 
78 83 85 90 94 100 106 110 114 116 120 127 
128 129 134 135 137 146 149 150 152 153 154 165 
166 169 172 175 176 177 179 180 181 191 192 198 
199 
62
1 9 10 11 16 22 24 25 27 29 35 39 
41 44 60 63 64 68 71 73 75 76 78 80 
82 86 93 95 96 100 101 103 107 108 110 112 
113 117 118 122 132 133 136 141 142 144 147 151 
152 154 156 158 160 161 168 173 174 175 177 178 
185 189 
59
3 5 6 7 11 13 14 15 16 31 33 35 
37 42 44 48 53 62 71 79 86 89 92 95 
96 97 101 102 118 119 120 122 124 128 140 143 
144 149 152 154 157 158 162 165 166 171 172 176 
177 178 182 184 188 190 191 192 194 195 199 
59
5 11 12 13 17 24 29 30 32 38 44 52 
56 62 64 72 77 81 85 86 87 88 89 93 
97 98 100 101 106 107 108 114 116 118 119 120 
121 122 123 125 133 140 146 151 154 155 158 162 
170 177 178 180 187 188 189 190 191 199 200 
61
1 2 6 7 8 16 18 19 21 23 30 31 
34 35 37 46 51 53 57 58 59 68 72 73 
78 80 81 85 87 97 98 101 108 113 118 123 
126 128 130 131 132 133 137 142 145 148 151 155 
168 169 176 178 183 186 187 191 192 194 195 197 
198 
56
5 6 8 11 13 17 18 26 32 35 37 39 
40 42 51 56 81 82 84 85 86 87 89 91 
94 97 99 102 104 105 106 115 123 131 132 137 
139 141 143 151 157 158 159 161 163 171 175 177 
178 182 183 184 185 186 187 192 
63
1 3 4 7 8 11 13 16 29 30 34 35 
36 37 39 42 43 46 48 53 56 58 60 63 
68 70 72 74 79 80 82 83 94 95 98 99 
105 106 108 113 115 122 123 125 129 130 131 132 
145 154 161 162 166 167 170 173 176 186 187 190 
191 194 197 
60
3 6 9 23 24 27 28 30 31 34 40 41 
44 47 53 55 56 57 59 63 66 67 69 71 
75 76 82 89 90 96 102 106 107 108 111 120 
129 139 140 143 149 152 153 154 155 162 163 165 
167 169 172 176 181 183 184 189 191 193 199 200 
57
1 4 12 14 15 17 20 23 24 25 27 30 
31 35 37 41 45 48 54 56 58 59 62 64 
68 74 77 85 90 97 99 102 107 112 114 120 
121 122 133 136 142 143 146 148 151 153 157 164 
167 173 174 180 182 185 186 192 197 
54
1 5 7 8 15 21 27 28 32 39 40 44 
58 59 60 67 68 70 72 75 77 78 80 87 
88 89 96 99 100 101 105 110 115 117 123 128 
132 137 138 146 157 158 160 164 167 168 171 172 
180 181 191 192 194 200 
65
2 3 4 5 6 10 13 15 16 17 18 20 
22 28 31 34 39 46 47 48 57 59 61 62 
64 66 68 69 74 80 82 85 86 87 88 89 
90 92 95 99 100 112 114 117 125 136 138 139 
141 142 151 158 159 160 161 163 164 167 178 180 
181 185 190 194 195 
56
2 6 7 8 17 18 22 28 29 42 52 53 
56 57 58 60 64 66 69 77 78 80 83 85 
86 89 93 94 97 98 103 105 106 109 113 120 
121 127 128 133 138 143 154 157 160 169 170 174 
175 176 178 179 182 183 188 196 
60
2 3 4 10 14 19 23 26 35 36 39 40 
52 55 56 60 62 63 64 68 71 72 76 78 
83 92 94 96 98 104 110 111 113 114 116 118 
119 121 127 133 135 139 141 144 147 150 157 162 
171 172 174 177 181 184 185 188 189 194 195 200 
57
5 7 16 18 19 23 27 30 33 38 47 48 
49 51 53 61 66 67 68 78 81 83 84 85 
88 91 97 102 106 107 109 115 116 117 119 123 
124 126 136 147 159 163 164 168 169 170 174 175 
177 178 180 182 183 184 186 195 198 
58
3 4 6 10 11 16 20 22 23 24 25 30 
31 33 39 41 43 44 46 51 55 58 59 67 
77 78 81 82 84 85 86 90 91 95 99 104 
109 110 112 114 115 117 120 125 133 137 138 140 
151 161 170 174 180 185 188 190 191 197 
62
1 3 4 7 12 16 17 18 20 21 25 26 
41 48 50 53 58 60 66 72 81 85 90 92 
94 98 100 103 105 108 109 110 115 120 122 124 
127 133 134 135 136 137 139 144 147 149 152 157 
161 163 166 179 180 183 189 190 191 194 196 197 
199 200 
52
2 6 10 19 21 22 26 27 34 39 40 42 
49 50 55 74 75 77 80 82 84 85 90 91 
92 96 98 101 111 114 139 140 146 150 152 156 
160 161 165 168 174 178 179 184 186 192 193 195 
196 197 198 200 
59
1 4 9 10 14 17 20 24 25 26 28 29 
30 31 39 40 44 47 48 51 52 53 60 66 
76 85 90 92 96 98 99 102 111 113 116 117 
119 121 124 125 127 128 131 136 137 142 143 144 
152 155 156 166 169 171 176 177 190 192 196 
62
1 3 4 8 10 12 20 23 24 25 27 29 
31 39 42 43 44 46 47 49 50 59 60 66 
69 70 71 73 74 83 84 85 87 88 92 95 
97 100 106 108 111 117 118 119 120 127 132 134 
135 148 150 153 160 164 174 176 188 189 190 194 
199 200 
65
3 5 7 12 13 16 17 18 19 21 33 37 
40 41 47 51 57 63 64 65 66 67 71 72 
74 76 78 79 86 94 95 100 101 105 108 110 
112 113 115 117 120 124 125 126 127 131 132 138 
140 144 152 154 155 157 158 163 165 169 170 178 
182 184 185 188 189 
60
3 4 9 11 17 21 23 24 26 28 29 32 
34 38 46 48 50 53 54 56 65 72 76 77 
79 84 86 89 94 97 100 106 110 116 118 119 
130 132 136 140 142 146 147 150 152 153 158 162 
163 164 169 170 177 182 183 187 188 194 196 200 
64
3 4 5 11 13 17 20 21 26 28 29 34 
37 47 50 53 54 55 70 73 79 97 101 109 
110 115 117 124 125 130 133 134 135 141 142 143 
144 145 146 152 154 156 158 159 163 164 165 166 
168 170 172 173 175 176 177 180 184 185 188 195 
197 198 199 200 
50
2 5 13 16 17 29 39 45 47 56 57 58 
59 60 64 66 68 72 73 83 84 86 90 103 
106 111 116 119 121 125 126 132 133 139 154 155 
156 157 159 168 169 171 179 180 183 187 190 194 
196 197 
60
1 11 14 16 17 23 25 30 32 35 38 40 
45 53 56 60 62 70 78 80 82 83 93 94 
95 96 105 108 110 113 114 117 120 123 129 131 
136 139 144 146 150 154 160 161 166 167 169 170 
171 172 174 177 180 181 187 189 192 193 196 198 
68
2 11 14 19 21 23 26 32 38 39 41 42 
43 51 54 57 59 62 70 72 73 77 80 81 
82 85 86 90 95 96 99 100 105 106 109 118 
119 120 121 128 130 138 139 140 141 143 144 146 
149 150 154 158 159 164 166 168 170 172 173 182 
187 189 190 192 195 197 198 199 
61
5 6 9 10 14 16 19 21 22 28 42 44 
47 52 59 60 68 69 72 76 79 80 81 82 
86 87 88 91 92 100 102 103 105 107 112 113 
114 116 121 125 131 133 143 147 149 151 153 157 
158 161 162 163 164 166 173 174 176 180 185 197 
199 
64
2 4 6 18 19 20 22 25 33 34 38 39 
42 45 56 59 62 63 65 69 72 73 74 79 
82 83 84 85 94 96 102 111 112 113 114 115 
118 121 124 133 134 139 143 144 146 147 153 155 
159 160 162 166 167 168 169 171 172 174 181 182 
184 188 193 200 
63
2 4 7 11 13 14 17 20 28 33 34 36 
42 43 45 49 50 51 53 57 59 63 67 70 
75 78 79 81 84 86 87 96 105 106 108 117 
118 125 133 134 136 137 142 143 147 148 149 150 
152 153 158 160 162 163 165 167 174 176 180 184 
192 194 199 
69
5 6 7 10 11 16 21 22 23 24 25 26 
27 28 30 31 32 33 35 36 41 51 53 54 
57 61 63 66 70 73 74 80 81 84 85 87 
88 89 92 100 102 105 107 112 114 115 117 121 
126 130 131 137 148 150 154 157 160 161 164 171 
172 177 178 188 189 195 197 198 200 
55
3 4 9 10 18 20 23 25 30 31 43 45 
55 56 65 68 70 73 77 79 81 91 94 95 
96 98 101 125 128 129 133 135 136 139 140 141 
147 148 152 153 155 160 161 164 167 175 176 177 
180 185 187 191 193 199 200 
47
2 14 20 23 24 36 37 39 46 48 50 56 
60 64 73 79 82 83 91 93 103 104 106 107 
109 116 117 123 126 129 130 138 145 148 154 155 
156 157 159 163 165 166 173 179 181 196 198 
61
4 6 9 14 15 19 26 30 37 41 49 50 
53 54 57 59 62 67 72 76 77 78 80 81 
83 86 90 93 94 100 101 102 103 105 106 107 
109 110 116 122 123 127 134 138 141 142 143 152 
155 163 165 166 174 175 177 178 185 192 193 195 
198 
76
1 3 7 12 14 15 21 27 28 32 35 40 
41 42 43 45 46 49 52 55 58 63 65 71 
72 77 84 85 89 90 94 95 99 101 103 106 
109 110 113 114 116 117 119 122 127 129 133 134 
135 136 138 140 143 147 150 156 158 159 160 165 
169 170 171 172 177 179 180 183 184 186 189 190 
192 194 198 199 
54
3 4 7 9 16 17 25 29 36 37 39 44 
46 47 48 53 56 59 60 65 66 69 75 84 
85 89 90 96 101 102 109 110 111 120 125 126 
128 129 135 136 145 149 158 160 163 178 182 183 
189 193 194 196 198 199 
60
2 9 10 13 14 16 27 28 29 34 40 43 
44 51 55 58 60 61 64 70 78 83 87 90 
95 97 98 102 105 108 110 111 112 114 117 119 
121 123 124 127 130 133 136 140 141 144 147 152 
153 162 174 178 180 181 182 183 185 188 190 196 
61
2 5 15 22 27 28 29 33 37 39 42 55 
59 65 66 71 76 77 78 80 85 86 87 90 
93 95 96 97 104 105 109 114 115 117 118 119 
120 121 125 126 129 132 135 136 138 144 149 152 
158 159 162 169 170 172 176 181 184 191 192 195 
196 
47
2 6 16 18 19 21 23 35 46 55 57 60 
62 64 65 78 79 97 105 107 108 113 114 117 
119 125 126 128 132 137 139 142 154 156 163 164 
166 169 170 179 180 182 184 185 189 191 193 
