100 200
1 1 1 1 1 1 1 1 1 1 1 1 
1 1 1 1 1 1 1 1 1 1 1 1 
1 1 1 1 1 1 1 1 1 1 1 1 
1 1 1 1 1 1 1 1 1 1 1 1 
1 1 1 1 1 1 1 1 1 1 1 1 
1 1 1 1 1 1 1 1 1 1 1 1 
1 1 1 1 1 1 1 1 1 1 1 1 
1 1 1 1 1 1 1 1 1 1 1 1 
1 1 1 1 1 1 1 1 1 1 1 1 
1 1 1 1 1 1 1 1 1 1 1 1 
1 1 1 1 1 1 1 1 1 1 1 1 
1 1 1 1 1 1 1 1 1 1 1 1 
1 1 1 1 1 1 1 1 1 1 1 1 
1 1 1 1 1 1 1 1 1 1 1 1 
1 1 1 1 1 1 1 1 1 1 1 1 
1 1 1 1 1 1 1 1 1 1 1 1 
1 1 1 1 1 1 1 1 
50
3 7 9 10 13 15 17 23 25 31 33 35 
39 59 62 65 68 69 70 79 83 85 86 90 
91 95 97 101 108 116 125 127 130 133 135 136 
137 141 143 146 162 169 170 173 179 181 185 196 
197 198 
56
3 8 12 14 16 19 21 23 24 26 29 30 
31 41 43 52 58 61 65 67 68 69 76 81 
85 88 92 94 95 96 100 105 110 115 116 120 
121 122 129 132 133 137 138 143 153 156 165 171 
175 185 186 190 193 195 197 198 
56
2 8 9 13 16 18 28 35 40 44 45 47 
48 53 55 58 60 67 73 76 81 83 89 92 
97 99 100 101 103 104 109 112 118 119 121 124 
131 137 139 147 148 152 154 166 173 176 178 182 
184 185 187 190 191 195 199 200 
50
2 3 4 9 18 21 31 33 34 42 47 55 
56 57 59 63 66 67 68 72 74 75 84 88 
89 94 97 98 100 104 110 111 114 115 117 123 
131 135 136 137 138 146 149 160 170 171 174 179 
188 192 
67
2 7 8 10 11 14 15 18 20 21 22 27 
32 37 38 41 42 46 49 54 59 65 71 80 
83 84 91 95 97 98 99 106 107 108 110 113 
118 120 121 123 128 130 131 132 137 145 146 147 
151 153 154 155 156 157 159 164 168 172 175 179 
182 186 192 193 196 197 198 
67
2 4 6 9 10 11 16 18 22 24 28 30 
31 33 35 52 53 54 55 60 62 67 69 70 
71 72 80 90 91 93 95 102 105 109 110 114 
115 117 118 122 124 126 128 134 137 139 142 145 
153 154 156 157 158 160 164 170 171 172 173 176 
177 180 187 188 191 192 194 
56
1 2 4 6 8 14 16 17 21 23 24 25 
32 33 39 43 54 56 58 59 60 61 64 68 
72 73 78 81 85 87 88 95 96 102 107 109 
114 119 120 123 127 129 131 135 142 153 157 158 
160 161 172 188 190 191 197 199 
63
1 3 8 9 13 14 15 16 19 27 29 34 
35 38 41 46 52 56 59 60 61 64 69 73 
76 78 80 87 97 98 101 103 106 107 110 115 
116 117 118 119 120 123 125 126 127 129 139 141 
143 150 152 158 159 163 165 167 168 177 179 189 
191 192 198 
74
5 7 14 16 17 20 21 23 24 25 30 36 
38 42 44 46 48 50 54 55 58 60 61 63 
65 66 67 71 73 74 75 79 82 83 84 92 
96 97 99 103 104 105 106 112 114 115 116 117 
119 121 126 133 135 136 139 146 150 151 153 155 
156 158 159 165 171 175 177 178 179 183 189 191 
198 200 
69
1 2 3 4 6 12 13 20 24 28 30 34 
40 50 56 57 58 59 62 66 68 69 70 71 
79 87 88 90 94 96 97 100 101 103 106 110 
112 113 114 116 118 119 122 123 124 127 128 132 
135 139 146 147 148 156 161 162 164 168 172 175 
176 189 190 193 194 196 198 199 200 
50
2 7 8 9 10 13 15 16 21 23 24 26 
29 32 35 36 37 49 51 55 56 62 63 69 
74 78 91 98 100 105 107 134 144 145 151 156 
158 160 161 166 174 180 186 188 189 191 193 194 
195 198 
67
3 4 5 7 15 18 19 21 24 25 26 42 
44 45 47 48 51 54 55 59 63 69 75 78 
81 83 85 92 94 98 100 106 110 112 115 116 
118 120 121 124 127 131 133 134 137 139 146 148 
152 156 157 158 160 161 164 166 169 171 172 173 
177 179 183 184 187 188 192 
59
6 7 8 11 12 14 15 21 25 32 33 34 
37 39 43 44 47 51 54 60 62 64 69 71 
74 76 84 87 89 92 95 101 102 103 105 108 
112 114 115 116 123 128 130 131 133 135 151 153 
156 160 165 166 168 174 175 176 180 187 193 
66
6 10 12 18 19 21 22 24 28 31 33 35 
37 38 39 45 46 47 49 50 54 56 59 60 
63 72 79 85 86 88 89 94 97 100 106 112 
115 116 117 119 123 127 130 134 138 144 146 148 
154 155 158 160 161 162 165 169 170 172 174 175 
179 181 186 191 194 196 
64
9 11 15 18 29 30 32 33 46 60 62 64 
67 68 70 73 78 80 83 92 96 101 103 108 
110 113 117 119 121 127 136 141 143 145 146 147 
148 150 152 153 157 159 160 162 163 164 167 168 
169 175 180 181 182 183 184 187 189 191 192 193 
195 197 198 200 
58
3 7 12 17 22 25 27 28 31 32 34 36 
42 44 48 49 55 59 64 65 66 68 69 70 
78 81 82 87 89 93 102 105 114 116 122 124 
126 128 131 135 138 141 142 144 145 146 148 150 
152 156 159 161 179 180 181 182 190 199 
55
8 13 14 16 17 18 20 26 27 28 31 38 
43 48 52 54 55 58 63 65 68 69 71 73 
74 80 85 86 95 101 107 108 109 117 121 124 
132 139 141 147 151 153 154 156 157 159 162 168 
174 176 181 185 193 196 198 
57
6 10 15 17 20 27 28 29 37 38 49 52 
55 56 58 61 69 71 72 75 79 80 90 92 
93 101 103 104 105 110 116 120 121 122 126 127 
132 145 148 151 153 155 156 163 167 174 175 182 
184 188 189 191 192 193 195 198 199 
51
2 5 6 7 20 22 25 26 28 35 37 38 
40 41 46 55 56 65 66 69 72 85 87 92 
94 95 108 114 118 119 120 121 122 126 127 129 
132 141 143 144 148 150 154 157 163 172 175 182 
187 193 197 
56
1 2 4 11 12 20 21 23 25 26 34 35 
44 47 52 58 59 65 66 68 74 75 80 85 
91 94 95 97 98 101 107 112 115 126 130 134 
135 136 138 148 149 150 151 162 164 165 166 170 
176 180 182 184 185 188 191 200 
59
2 5 7 10 13 17 19 23 28 30 37 38 
43 47 50 54 55 66 68 69 70 72 75 89 
91 92 95 101 103 106 108 109 112 114 117 120 
125 129 136 143 144 145 149 150 151 153 162 163 
165 166 169 172 176 183 185 186 189 195 198 
55
2 4 10 13 22 28 35 38 40 42 51 54 
55 56 58 66 68 70 76 80 84 85 94 95 
97 102 103 107 109 110 112 119 121 125 126 127 
129 132 133 136 141 145 148 156 157 158 159 167 
170 177 182 185 187 199 200 
74
1 4 5 6 7 9 12 15 16 19 20 23 
24 25 31 33 35 38 40 43 47 49 54 64 
67 68 69 72 73 75 76 78 80 82 84 86 
100 103 105 107 108 109 113 116 120 122 123 129 
130 133 140 141 145 146 151 152 158 159 161 162 
163 166 171 177 178 180 181 184 185 189 190 194 
195 198 
62
5 6 10 17 22 24 25 28 32 34 37 38 
44 47 48 50 53 57 66 68 69 70 73 74 
76 80 84 98 101 104 107 110 111 120 123 125 
130 131 133 135 136 142 146 147 149 154 159 160 
161 164 166 168 169 173 175 181 182 183 184 185 
186 200 
64
10 15 16 21 23 24 26 27 32 33 35 38 
43 44 47 52 53 58 59 60 62 65 71 73 
75 76 77 79 84 86 87 90 93 97 101 102 
106 109 112 117 120 127 130 131 138 139 140 142 
145 147 149 151 152 154 157 160 165 171 186 188 
189 190 193 194 
55
1 10 15 19 24 30 31 39 41 49 52 57 
58 69 74 79 84 87 105 106 107 113 114 117 
128 129 133 134 135 138 140 143 145 152 153 154 
159 160 162 163 164 167 169 174 175 177 180 182 
186 187 192 194 196 197 199 
66
11 12 13 17 18 24 31 32 33 36 37 38 
40 47 50 51 52 54 55 58 63 68 71 77 
80 81 86 87 90 94 95 96 99 101 107 109 
111 119 120 123 126 132 133 134 136 143 145 146 
149 155 159 162 164 165 166 168 170 174 176 179 
181 184 185 187 197 200 
53
1 3 4 8 12 15 17 23 26 33 34 35 
40 45 46 49 57 58 65 75 76 85 86 88 
89 91 98 101 102 104 107 115 118 122 123 124 
127 130 131 142 154 161 163 164 170 173 174 176 
180 186 190 192 198 
58
2 5 7 9 18 20 21 26 31 32 37 38 
41 46 50 52 53 57 59 60 70 78 80 83 
87 89 95 99 103 106 107 111 118 125 126 133 
134 135 140 142 144 147 151 155 156 157 158 161 
163 167 170 178 181 183 184 190 191 197 
58
5 6 9 17 20 21 24 29 35 37 46 49 
53 60 64 65 67 69 81 86 93 94 95 98 
99 100 101 103 107 115 118 119 126 127 130 133 
135 141 142 145 149 153 155 156 157 159 163 165 
168 172 175 176 178 183 184 188 191 192 
69
1 2 3 7 9 10 16 18 20 29 30 32 
36 37 39 42 45 54 57 60 61 66 69 72 
75 77 80 81 82 83 84 86 95 100 104 106 
111 112 113 114 115 118 120 122 129 131 135 143 
145 147 148 150 151 152 163 166 170 171 172 176 
177 181 184 185 186 189 192 193 199 
63
5 10 16 17 21 23 28 29 32 33 37 39 
49 53 54 56 60 64 67 68 69 74 77 80 
85 87 93 102 103 108 111 112 113 114 116 125 
129 134 135 136 137 143 145 146 147 151 153 154 
157 158 159 160 166 170 171 173 175 178 179 182 
189 193 199 
59
18 20 21 26 27 29 33 34 41 43 44 47 
48 49 50 51 57 58 63 67 71 73 76 82 
92 93 94 96 98 103 108 110 111 115 120 121 
123 125 126 129 132 133 135 136 137 145 146 147 
152 153 166 171 175 176 184 185 190 195 196 
57
2 6 7 8 15 16 22 25 28 30 31 32 
34 36 38 45 46 47 57 59 70 74 79 86 
87 88 102 106 109 113 114 117 120 122 124 126 
130 134 135 139 145 149 150 152 159 161 167 169 
177 178 185 187 188 191 193 195 197 
55
1 3 5 6 10 15 17 22 24 25 29 30 
32 35 38 40 48 49 54 58 59 65 72 76 
79 81 82 84 85 98 102 107 108 110 115 120 
126 127 132 133 141 149 150 153 158 159 168 169 
171 178 182 186 191 192 200 
62
2 3 4 5 10 15 17 26 27 29 35 37 
39 40 41 67 68 69 71 75 79 82 89 90 
96 98 99 100 105 107 110 111 118 121 123 124 
126 131 135 142 143 153 155 157 158 159 162 164 
166 172 174 177 178 179 180 182 185 187 190 196 
197 199 
65
1 2 3 4 5 7 13 14 19 29 33 37 
42 43 44 47 50 51 52 53 55 61 63 66 
75 76 79 82 86 88 92 93 101 102 106 107 
111 114 115 116 120 121 125 127 128 134 140 141 
142 146 150 155 160 161 167 168 173 174 178 179 
184 191 193 194 199 
52
3 8 10 26 29 31 34 37 45 58 60 63 
65 68 71 72 75 76 81 82 86 87 98 103 
104 105 112 115 120 123 124 127 130 133 134 135 
136 149 159 162 164 166 170 171 172 177 179 181 
182 186 188 191 
58
2 3 7 14 16 18 19 23 25 28 44 45 
47 49 50 57 59 60 65 69 70 79 81 82 
84 86 88 91 96 101 107 116 118 119 121 124 
126 133 139 141 142 143 144 156 157 162 170 171 
172 175 176 181 186 188 193 194 196 199 
55
6 7 16 17 18 20 21 24 26 30 40 44 
55 60 64 70 71 73 80 86 94 95 97 98 
105 110 113 120 122 126 131 132 133 134 139 140 
147 151 152 155 156 157 163 168 169 172 176 178 
181 183 185 186 192 195 198 
71
1 6 9 10 13 18 19 20 25 26 28 30 
31 32 33 34 35 36 37 38 39 43 46 54 
57 59 60 65 68 70 71 72 73 74 85 87 
89 90 94 97 100 101 104 111 116 117 118 124 
127 131 132 136 137 143 144 146 147 151 153 157 
159 162 164 166 173 183 185 190 192 198 200 
62
2 6 11 12 13 18 26 31 36 40 42 44 
46 47 49 50 53 56 57 62 67 69 75 78 
80 82 85 86 87 89 91 92 96 97 104 105 
108 123 124 126 129 130 136 137 140 146 151 152 
158 159 160 170 174 177 181 182 184 186 188 192 
194 195 
64
6 10 11 12 13 15 17 19 20 24 25 27 
28 29 32 33 34 41 42 45 46 47 52 61 
62 63 64 66 68 70 74 75 77 78 81 85 
88 90 95 102 103 109 114 116 129 130 136 146 
158 160 161 162 168 178 180 181 182 184 188 192 
193 196 198 199 
66
2 3 4 8 15 16 18 23 27 29 30 32 
34 36 40 41 42 52 56 60 62 63 66 70 
74 81 88 90 91 92 93 94 96 97 100 105 
112 115 117 119 123 125 136 138 139 142 145 146 
147 149 151 156 162 163 166 167 168 169 170 174 
186 187 190 192 195 198 
68
4 5 9 12 15 17 19 21 27 28 32 36 
39 41 42 43 51 65 68 71 72 73 74 78 
83 84 88 89 96 97 100 106 109 110 111 112 
114 115 116 121 124 125 127 130 134 138 139 140 
144 146 147 148 152 155 164 166 167 173 178 184 
186 188 189 193 194 195 196 199 
56
5 12 18 21 32 34 35 36 39 42 47 48 
49 60 62 70 71 73 74 78 80 82 88 92 
93 94 99 112 114 119 120 121 125 134 137 141 
147 149 151 155 157 158 159 161 165 166 167 168 
169 171 173 185 187 189 191 196 
67
6 9 12 13 16 17 19 20 25 26 28 29 
30 33 39 43 59 63 64 68 71 79 81 83 
84 85 91 95 97 100 102 105 108 109 112 114 
119 121 123 124 128 130 132 134 135 136 137 142 
144 148 149 150 154 163 170 172 173 174 175 181 
182 183 186 190 191 192 197 
43
2 19 22 23 30 33 36 38 43 44 46 50 
51 70 71 80 81 86 88 92 93 107 108 109 
110 114 115 118 119 123 136 149 152 154 159 168 
172 181 187 191 192 195 198 
58
2 3 9 11 14 15 23 26 29 30 31 38 
41 43 44 45 49 56 59 67 73 74 76 78 
84 86 94 98 106 107 111 116 117 118 119 123 
124 128 133 138 140 142 146 149 150 152 153 157 
160 166 172 175 176 180 185 194 195 197 
63
2 3 5 6 11 17 20 22 23 30 36 45 
51 54 55 65 68 70 73 75 81 82 92 94 
100 102 103 105 106 112 118 120 121 122 123 130 
132 135 138 140 143 147 148 151 152 153 155 156 
158 159 162 164 170 174 176 177 178 181 184 188 
189 195 199 
68
2 4 9 10 14 23 25 33 36 37 41 42 
45 47 53 59 63 64 67 70 74 77 82 85 
89 92 93 95 96 101 102 106 107 110 112 114 
117 121 124 125 131 137 139 144 147 148 153 154 
156 162 163 165 166 168 169 170 171 174 175 182 
185 186 187 191 193 194 196 199 
59
3 14 15 17 18 24 28 33 35 41 43 44 
45 46 49 52 54 57 58 61 66 71 75 83 
86 92 103 107 109 112 120 121 123 125 131 133 
134 137 145 154 155 156 158 159 160 163 164 165 
172 173 175 180 181 182 188 192 193 194 196 
60
2 3 5 14 16 17 18 22 32 34 43 49 
52 54 55 60 61 62 64 67 70 73 75 77 
81 84 89 91 99 102 105 106 107 109 110 112 
114 123 124 126 128 131 134 135 140 147 151 154 
159 167 168 177 179 184 185 187 191 193 196 198 
46
14 16 30 34 35 54 56 59 60 64 66 69 
70 74 78 81 84 85 87 94 104 111 112 114 
117 121 126 128 129 130 131 135 140 142 144 146 
147 148 159 166 169 172 174 184 186 189 
62
1 2 4 6 7 8 14 16 17 20 23 25 
26 30 32 34 42 44 48 49 56 57 58 63 
65 66 70 71 72 77 80 85 87 91 92 94 
96 103 106 109 110 112 113 120 122 127 129 133 
153 160 163 165 167 170 172 174 177 178 185 194 
195 200 
57
1 14 15 17 20 21 29 39 40 44 45 48 
61 62 68 79 89 90 91 95 99 105 106 107 
112 113 115 117 118 127 129 130 131 132 133 139 
141 143 144 145 151 154 160 162 164 166 167 168 
169 175 182 185 190 194 198 199 200 
63
7 8 10 13 14 16 18 26 28 29 30 33 
37 43 52 53 57 61 69 77 82 83 85 86 
90 96 97 99 103 107 108 112 113 118 119 120 
125 134 140 147 148 153 154 156 161 163 167 170 
172 173 174 175 176 178 181 183 184 187 188 190 
191 192 197 
72
1 3 6 7 14 16 18 20 21 26 28 33 
42 44 45 49 50 51 54 57 58 64 66 67 
69 70 71 73 81 82 83 85 93 94 99 100 
101 104 107 111 113 117 123 130 131 132 133 134 
135 137 140 143 145 148 149 150 153 154 156 161 
163 164 165 175 177 179 180 182 189 190 192 197 
60
5 6 9 12 13 15 19 21 24 27 29 34 
40 42 46 50 53 56 57 58 64 65 70 72 
75 79 82 84 88 95 102 105 112 113 117 130 
132 133 143 145 150 151 152 155 160 162 163 167 
171 172 179 180 183 185 188 189 190 193 198 199 
62
4 8 11 14 17 18 20 24 27 31 32 37 
43 47 49 51 54 57 59 61 64 65 67 71 
74 75 76 78 83 84 91 92 96 102 103 104 
105 107 109 125 138 139 144 145 147 150 152 161 
162 166 169 172 180 181 184 185 186 187 188 190 
194 197 
70
8 11 13 15 16 22 27 28 31 34 35 39 
40 41 42 45 46 50 53 55 56 58 62 69 
72 73 74 77 78 79 83 84 85 95 105 109 
112 119 122 123 124 127 128 130 134 135 139 140 
143 144 151 152 160 162 166 170 171 172 174 176 
182 184 186 187 189 190 193 195 198 199 
61
4 8 9 16 17 19 21 23 25 27 31 34 
36 44 51 56 57 58 62 63 66 70 73 78 
80 88 90 95 100 102 103 105 106 112 113 119 
128 130 134 136 137 138 140 145 151 155 156 159 
161 162 164 165 169 172 174 175 179 187 188 192 
199 
68
2 4 7 11 13 17 18 21 24 27 31 33 
34 35 38 41 42 45 48 54 56 58 59 61 
64 70 71 72 75 77 79 81 83 87 91 95 
99 100 108 110 112 113 114 124 127 136 138 139 
141 148 149 151 158 159 163 164 165 167 170 171 
174 177 181 185 191 194 196 198 
46
5 13 21 35 36 40 43 47 60 67 69 71 
72 76 78 80 81 83 90 93 95 99 102 103 
104 108 109 110 116 125 126 139 141 142 152 155 
156 160 163 165 166 171 179 180 186 190 
51
5 8 10 14 16 25 27 34 35 43 45 49 
50 52 59 69 70 71 75 77 81 87 88 89 
96 98 100 102 111 114 117 119 122 124 139 142 
146 152 160 163 170 175 176 179 181 182 183 184 
195 196 197 
61
1 3 6 7 11 18 20 23 24 27 30 31 
32 34 36 40 45 49 51 52 56 57 61 64 
66 68 72 74 79 85 88 89 90 95 100 102 
104 105 106 109 111 112 123 126 127 135 140 152 
160 164 168 171 173 175 177 187 189 191 195 196 
199 
53
2 12 18 20 30 35 44 46 48 49 50 51 
56 58 59 60 67 73 78 87 99 100 106 112 
116 117 121 124 125 127 130 133 136 142 143 144 
145 149 151 153 155 157 158 160 166 168 181 182 
184 191 193 194 195 
65
3 6 7 13 14 19 28 31 35 36 39 40 
44 47 51 54 56 57 58 60 67 68 70 75 
78 84 88 92 94 106 108 109 110 119 124 125 
126 127 131 132 134 135 136 140 141 142 144 145 
146 151 155 158 159 161 163 167 179 180 181 182 
188 193 194 198 199 
58
2 3 18 23 24 28 30 31 33 34 39 43 
50 52 55 57 60 69 72 75 76 78 79 81 
87 91 100 103 107 110 122 123 124 125 127 128 
131 132 137 139 140 144 146 147 151 155 158 161 
162 172 173 175 176 178 186 187 189 197 
61
7 9 12 21 22 25 26 27 29 31 32 37 
38 41 44 45 46 49 50 51 55 71 72 76 
77 82 87 89 92 93 94 105 106 109 110 114 
119 120 125 130 138 139 140 150 152 153 157 162 
164 165 167 170 172 176 182 183 185 186 188 192 
195 
67
8 9 14 19 23 25 27 31 32 33 40 42 
43 61 66 68 69 76 78 81 83 84 89 93 
94 98 104 105 108 109 110 113 117 119 121 122 
131 132 134 135 138 139 142 144 148 150 152 154 
156 158 159 160 167 169 171 177 179 183 184 186 
187 188 191 196 197 199 200 
55
2 5 6 8 9 14 16 17 19 22 25 30 
38 42 46 47 56 61 67 69 71 72 73 74 
75 78 79 80 85 88 91 97 104 105 107 109 
111 113 119 126 127 132 137 139 140 141 142 143 
149 154 162 167 184 189 199 
67
6 9 14 15 16 17 22 24 26 28 29 31 
36 41 42 43 53 56 59 60 71 72 73 75 
76 77 79 89 94 98 100 101 103 104 105 114 
115 116 118 119 121 122 124 127 129 133 136 137 
138 143 150 152 155 158 160 168 179 180 182 185 
187 188 189 191 193 195 196 
52
3 11 12 14 15 18 22 24 26 27 31 33 
41 42 43 52 54 65 70 71 76 81 85 86 
93 99 100 104 105 106 110 115 122 123 127 131 
133 136 143 146 151 156 159 166 170 174 186 188 
191 192 195 197 
66
4 13 17 19 20 27 28 30 35 37 46 53 
63 66 72 74 78 79 81 85 86 90 91 94 
95 96 98 111 113 114 115 116 117 119 121 123 
125 128 131 137 140 146 147 149 150 151 152 154 
155 156 157 158 163 164 165 170 171 173 175 180 
187 188 189 191 199 200 
56
10 21 23 25 28 30 31 32 34 35 38 39 
45 46 54 57 59 60 63 74 76 84 85 86 
87 88 90 91 106 107 108 109 111 113 116 118 
121 122 129 131 132 133 138 140 148 149 155 163 
164 167 168 169 182 187 196 198 
55
18 20 25 27 28 33 40 41 48 50 51 54 
56 57 58 59 70 71 75 77 85 87 90 91 
93 94 96 97 104 106 109 113 115 118 128 129 
132 135 139 140 141 142 148 154 159 164 167 176 
177 180 182 184 194 199 200 
77
4 11 17 20 29 35 36 39 42 46 47 50 
51 53 55 58 62 67 68 71 72 73 74 76 
81 82 85 86 89 90 94 95 99 100 101 102 
103 104 108 112 114 115 116 122 123 124 127 128 
130 131 135 136 139 140 141 145 146 150 152 154 
155 156 158 161 162 166 168 174 180 181 186 187 
188 189 191 192 197 
54
2 3 5 6 14 18 30 32 37 42 47 48 
49 52 55 57 62 72 80 89 92 94 95 97 
98 99 101 102 112 113 114 118 122 131 132 134 
140 143 147 150 154 158 160 162 169 170 175 176 
180 186 187 189 198 200 
64
5 6 7 9 15 16 18 25 28 29 32 34 
35 37 42 46 48 49 54 62 64 65 67 72 
76 77 82 85 91 92 93 96 101 103 108 110 
113 114 118 119 122 126 131 133 135 138 140 142 
143 147 150 152 155 156 157 158 161 162 170 173 
175 190 196 199 
64
1 2 8 10 12 13 14 16 21 22 25 28 
29 31 32 33 35 43 45 50 52 54 58 60 
61 64 65 67 69 73 75 76 80 86 87 88 
102 108 110 114 115 118 121 122 123 127 128 130 
132 133 141 143 145 146 151 154 157 158 161 162 
164 170 199 200 
57
9 10 11 21 28 29 32 35 36 39 40 44 
45 47 54 56 57 60 67 69 72 76 82 84 
86 92 93 111 115 116 120 122 125 132 134 138 
142 144 146 148 150 153 155 161 162 163 165 167 
174 175 176 177 183 188 191 199 200 
57
2 12 18 19 27 30 34 36 41 42 45 46 
48 50 53 54 62 65 68 70 73 79 83 89 
99 103 106 111 115 116 118 121 126 134 135 136 
137 141 143 144 148 151 152 156 160 172 173 176 
180 181 183 188 190 191 194 196 199 
66
3 5 7 12 15 24 25 30 33 34 35 48 
49 50 51 54 56 60 61 62 66 67 71 72 
76 79 81 83 88 90 91 95 100 102 103 106 
109 110 111 113 114 121 124 126 129 130 131 135 
136 137 139 145 153 154 158 163 165 166 168 178 
181 186 188 191 195 198 
68
4 5 9 10 13 16 17 19 24 27 28 29 
32 33 35 45 48 49 50 52 57 58 59 61 
64 65 68 82 88 93 95 101 103 109 112 114 
115 121 122 123 126 129 132 134 135 137 140 141 
149 154 156 159 162 163 164 168 173 174 176 177 
178 183 184 185 193 197 198 199 
50
2 7 18 22 26 29 34 40 41 45 47 48 
54 55 57 68 69 73 76 77 80 82 85 90 
92 95 97 98 100 111 113 138 145 148 150 152 
153 162 166 170 174 182 184 186 187 190 191 193 
194 196 
66
4 7 8 10 13 15 16 20 21 23 25 26 
34 35 38 44 49 56 64 68 70 74 75 76 
78 79 84 86 87 94 95 106 108 110 111 113 
114 115 116 117 119 120 121 126 127 129 131 132 
133 134 136 140 146 149 152 153 155 158 159 162 
164 171 178 180 185 193 
62
7 9 16 18 19 21 23 28 29 31 32 34 
35 39 49 52 53 54 68 71 73 78 79 82 
83 84 89 91 92 95 97 100 102 103 109 114 
116 117 122 123 124 128 132 133 134 136 137 147 
155 157 162 164 166 169 173 176 178 179 183 185 
191 200 
60
3 4 13 15 16 27 28 34 35 36 38 40 
47 49 51 57 66 69 70 72 74 81 83 84 
88 90 94 96 100 101 102 104 108 110 112 113 
115 116 119 120 126 131 132 134 138 140 141 144 
158 159 160 164 165 166 168 175 177 187 188 193 
51
2 5 7 8 16 25 27 31 36 38 42 44 
45 47 57 60 70 73 74 80 82 84 97 98 
105 107 108 109 110 112 124 125 128 130 134 141 
143 144 147 148 150 153 159 164 167 170 172 174 
176 189 195 
65
5 14 16 25 31 37 41 44 49 50 54 56 
58 61 62 74 75 81 82 86 87 93 96 101 
103 105 106 108 112 113 115 116 117 119 125 128 
135 136 138 145 147 149 151 152 156 157 158 159 
160 161 164 165 169 170 174 176 177 180 186 188 
189 193 196 198 199 
68
3 5 11 13 15 20 22 25 27 30 35 39 
40 42 43 45 55 56 58 59 60 61 63 64 
65 67 68 69 70 74 77 78 79 87 88 89 
91 93 94 97 98 101 103 104 112 116 121 131 
133 135 136 137 138 139 141 144 145 153 163 164 
167 176 179 181 185 195 197 198 
64
4 6 9 10 11 15 16 18 21 26 27 29 
31 35 36 37 43 49 51 52 54 56 57 58 
60 62 64 65 71 73 79 80 82 93 95 108 
111 115 125 126 137 138 142 151 152 153 154 155 
158 163 164 166 170 171 174 181 182 183 184 188 
190 194 196 200 
66
5 7 8 9 10 13 17 20 22 23 24 25 
27 29 31 35 37 40 43 44 45 51 61 62 
63 64 65 70 74 75 83 86 90 94 97 100 
104 109 114 118 122 127 129 130 133 135 137 139 
141 142 150 152 155 158 159 162 163 173 178 185 
186 187 188 189 196 200 
64
1 4 8 19 25 26 27 30 36 37 41 43 
51 53 59 63 67 70 72 81 82 83 84 85 
87 91 99 102 105 106 108 112 113 120 124 126 
128 129 133 141 144 145 148 149 150 152 156 158 
161 162 165 169 176 178 179 182 186 187 190 191 
192 193 194 197 
52
2 3 12 18 21 24 28 34 40 43 46 47 
53 55 58 64 67 69 79 80 88 91 96 99 
100 101 102 107 110 114 118 123 127 132 133 135 
139 150 151 152 153 156 168 177 181 183 186 188 
192 193 195 196 
60
2 6 7 16 18 20 22 26 28 33 39 40 
41 43 44 46 47 49 57 59 66 68 72 78 
81 83 85 86 93 94 95 97 99 102 105 108 
111 113 117 121 123 124 129 135 138 140 152 153 
155 156 157 165 167 170 171 177 182 187 188 191 
47
6 11 15 24 26 29 33 35 38 39 42 48 
52 56 64 66 72 76 79 80 88 91 99 110 
111 115 116 121 122 129 131 134 137 142 143 144 
146 151 162 165 166 168 169 173 180 190 198 
61
4 6 7 11 16 19 21 29 32 39 44 49 
50 51 58 59 62 64 71 72 74 75 83 90 
92 95 96 97 98 103 106 111 113 127 129 131 
133 138 140 144 146 147 150 154 155 156 161 164 
169 170 171 174 177 178 184 186 187 191 192 194 
198 
61
4 7 11 13 19 20 21 30 32 34 35 44 
46 49 51 56 58 59 61 64 68 77 79 83 
85 86 94 95 99 100 103 104 117 118 121 122 
125 128 131 138 139 144 149 156 161 164 166 167 
169 170 171 172 173 182 184 187 190 191 195 199 
200 
