100 200
1 1 1 1 1 1 1 1 1 1 1 1 
1 1 1 1 1 1 1 1 1 1 1 1 
1 1 1 1 1 1 1 1 1 1 1 1 
1 1 1 1 1 1 1 1 1 1 1 1 
1 1 1 1 1 1 1 1 1 1 1 1 
1 1 1 1 1 1 1 1 1 1 1 1 
1 1 1 1 1 1 1 1 1 1 1 1 
1 1 1 1 1 1 1 1 1 1 1 1 
1 1 1 1 1 1 1 1 1 1 1 1 
1 1 1 1 1 1 1 1 1 1 1 1 
1 1 1 1 1 1 1 1 1 1 1 1 
1 1 1 1 1 1 1 1 1 1 1 1 
1 1 1 1 1 1 1 1 1 1 1 1 
1 1 1 1 1 1 1 1 1 1 1 1 
1 1 1 1 1 1 1 1 1 1 1 1 
1 1 1 1 1 1 1 1 1 1 1 1 
1 1 1 1 1 1 1 1 
66
1 7 9 11 12 13 17 20 22 30 34 37 
38 45 46 53 54 56 58 60 65 67 69 74 
77 78 82 83 89 90 97 99 102 105 108 110 
115 116 117 119 126 129 131 137 138 139 142 147 
154 155 163 164 167 169 170 172 173 174 175 181 
186 189 193 196 197 200 
57
2 4 7 8 15 17 24 25 27 31 32 37 
39 40 43 48 50 52 54 55 62 76 84 85 
91 92 97 101 103 104 105 113 114 122 123 127 
131 132 141 147 149 154 155 156 157 158 160 162 
165 169 172 179 181 182 191 192 195 
52
7 13 15 18 25 26 27 28 36 43 46 47 
48 49 51 55 56 58 62 63 68 72 75 78 
84 88 90 91 93 97 101 104 107 109 117 126 
127 135 136 140 142 144 145 154 155 157 163 171 
179 184 194 198 
57
1 2 3 7 9 10 18 21 23 24 29 30 
31 32 34 38 41 49 50 53 57 63 70 71 
74 77 78 82 86 91 93 107 108 111 114 122 
127 128 129 136 143 144 149 151 152 153 163 168 
171 173 174 181 187 188 191 192 194 
60
1 2 3 12 15 16 17 22 24 28 30 33 
34 36 43 46 47 55 56 57 69 70 71 72 
75 82 84 85 86 87 91 94 99 101 103 105 
111 112 120 122 125 126 127 129 133 136 141 154 
162 163 167 172 173 175 181 182 186 187 195 198 
62
7 12 14 15 17 20 23 27 34 36 49 50 
52 53 55 56 58 59 62 63 67 68 70 71 
73 77 80 81 84 85 89 98 102 110 117 123 
132 134 138 141 143 144 145 146 148 150 156 159 
161 163 167 171 173 175 181 182 187 188 190 193 
194 198 
71
3 4 5 10 14 19 20 29 32 33 34 35 
38 50 53 54 55 60 61 62 64 66 69 77 
80 81 90 91 94 99 100 101 103 104 106 107 
110 113 116 123 124 125 127 128 129 136 141 144 
149 150 151 152 153 154 156 158 159 163 166 167 
168 169 172 178 179 182 183 191 193 195 199 
59
1 4 8 10 14 23 30 35 36 38 48 49 
51 52 57 58 60 63 64 70 71 77 81 83 
84 86 88 90 91 93 94 99 112 113 117 120 
121 124 135 137 139 145 146 147 153 157 158 160 
163 168 169 170 177 178 183 185 187 190 199 
60
4 9 12 14 15 18 19 20 24 27 39 44 
46 47 48 50 53 55 56 62 65 70 81 82 
84 85 92 96 102 105 108 109 111 112 115 121 
126 132 134 135 140 145 146 150 156 157 160 162 
166 170 174 180 183 185 186 189 190 192 197 199 
61
2 6 8 12 13 14 17 22 23 26 29 34 
37 41 45 49 54 60 63 65 67 73 76 77 
79 81 82 83 84 89 90 92 95 98 99 103 
104 110 112 115 118 124 126 127 134 136 140 143 
150 162 167 168 177 179 187 188 190 191 192 194 
198 
68
4 5 7 9 10 11 12 16 21 23 26 32 
35 36 38 39 42 47 48 50 53 54 55 56 
57 58 64 65 70 71 72 74 75 77 81 92 
95 100 102 105 107 109 117 118 119 123 125 127 
130 131 134 135 136 137 139 141 143 144 147 155 
164 168 169 172 189 196 198 200 
64
4 6 8 15 16 17 18 19 20 29 36 39 
42 45 48 53 56 65 67 75 76 78 80 87 
88 91 97 98 99 100 101 105 106 110 112 115 
119 121 123 126 128 130 136 137 140 142 144 145 
147 152 153 154 155 161 163 165 167 168 172 173 
174 180 181 185 
64
2 4 5 11 18 19 20 24 31 32 36 40 
42 44 45 49 50 55 56 67 72 74 75 81 
83 84 88 92 104 105 107 108 111 112 114 115 
122 124 125 131 132 136 137 139 140 141 146 155 
156 157 159 161 168 174 176 177 178 179 189 192 
194 195 198 199 
63
2 4 6 10 11 13 19 21 22 25 26 27 
28 30 31 33 35 46 51 52 53 60 68 71 
74 75 77 81 86 87 89 93 94 95 106 108 
112 114 117 125 127 129 130 131 134 139 141 150 
151 152 154 159 160 161 166 170 176 180 181 182 
185 192 199 
62
3 5 8 16 18 21 23 26 33 37 38 41 
46 49 50 51 55 57 60 62 65 67 68 74 
75 82 87 90 92 96 97 98 99 106 111 114 
115 123 128 129 131 135 140 144 145 148 155 156 
158 163 168 169 174 175 178 183 185 190 194 195 
197 198 
57
1 3 5 11 12 13 17 25 28 29 32 35 
36 37 39 43 51 56 63 65 67 72 73 77 
79 83 85 90 91 94 95 97 102 105 109 110 
124 125 129 136 137 138 139 143 148 152 158 159 
168 170 178 180 185 189 192 194 198 
60
8 9 11 14 21 25 31 32 33 34 38 41 
43 44 49 52 53 55 57 58 65 70 71 76 
77 89 93 95 96 97 100 104 107 109 112 114 
122 126 129 131 135 138 146 149 153 157 158 160 
162 164 165 167 174 175 181 189 192 196 199 200 
53
1 3 4 14 15 18 19 21 23 26 35 42 
44 45 47 56 57 65 66 67 73 77 78 93 
99 103 106 112 116 118 126 127 128 129 130 141 
142 143 152 153 157 161 162 164 166 171 174 178 
186 187 192 196 200 
63
1 2 6 7 8 11 12 16 19 20 26 35 
36 39 41 62 66 72 73 75 76 77 80 81 
83 88 89 97 100 105 106 112 113 114 118 121 
124 126 129 141 142 144 145 146 152 155 161 163 
165 169 170 171 174 177 178 181 183 184 185 186 
189 194 198 
65
2 3 4 10 14 21 23 24 29 37 38 39 
42 46 56 57 59 67 68 69 71 76 78 82 
87 88 91 94 95 97 106 107 109 111 114 115 
118 122 127 128 135 139 141 143 144 145 146 148 
151 152 153 157 165 166 170 171 175 178 180 182 
191 192 193 198 199 
59
9 11 13 14 15 21 28 31 34 37 38 40 
53 56 60 61 63 67 74 77 78 81 86 88 
90 92 93 94 95 100 101 103 105 106 107 108 
109 114 121 124 125 128 137 151 152 154 160 167 
168 169 171 174 179 182 183 187 188 190 192 
54
1 5 7 8 12 14 15 17 21 24 27 35 
44 46 47 50 60 64 70 71 76 96 99 101 
102 103 107 109 115 120 121 127 138 141 143 144 
149 151 155 159 166 169 173 175 177 178 183 189 
190 192 194 197 198 199 
65
12 13 15 16 19 23 27 33 41 42 48 53 
56 61 63 65 68 69 72 73 77 78 80 82 
83 84 92 93 94 95 96 99 101 103 107 113 
115 119 122 123 128 135 136 137 143 144 151 152 
153 154 158 159 160 162 167 170 172 173 174 176 
181 184 192 194 195 
51
12 17 19 27 35 37 38 42 44 49 51 55 
59 60 63 74 77 81 87 89 97 115 116 121 
122 123 130 132 136 138 141 143 145 146 149 167 
170 171 172 173 175 176 177 180 181 188 191 192 
193 195 199 
52
4 7 10 20 21 22 24 36 38 39 41 43 
45 50 51 65 71 74 82 83 93 96 99 100 
101 104 106 109 110 129 130 133 142 143 144 145 
150 152 159 160 161 166 172 174 175 179 181 182 
186 188 197 199 
72
2 3 6 9 13 15 16 17 21 23 24 30 
33 36 41 44 45 51 52 54 58 59 64 70 
72 73 74 76 78 80 85 88 89 93 97 99 
101 102 104 105 118 119 122 125 126 127 132 135 
136 139 141 142 143 144 146 149 151 153 155 158 
162 166 167 168 169 173 177 179 181 191 198 199 
46
3 4 9 13 16 17 27 29 37 49 51 52 
54 58 59 69 78 85 86 87 88 99 104 105 
111 118 119 128 137 139 141 142 145 147 153 155 
157 159 172 173 179 181 183 189 196 197 
62
1 2 4 5 6 10 19 22 23 32 39 44 
45 48 49 50 54 65 66 67 68 70 71 72 
73 74 77 79 82 87 89 90 96 97 100 102 
107 111 113 116 117 118 119 120 123 130 132 135 
137 141 142 150 152 167 173 175 182 189 193 197 
198 199 
59
2 3 10 17 18 19 20 22 30 31 36 38 
40 46 52 57 61 63 67 69 72 73 75 77 
79 80 87 92 93 98 99 103 110 112 114 118 
121 124 125 133 134 137 138 145 147 153 155 156 
163 164 167 174 177 178 187 189 193 194 195 
61
1 2 6 9 11 16 19 23 26 27 33 35 
37 40 44 45 51 60 61 63 65 66 69 70 
74 77 88 89 91 93 94 96 97 99 101 104 
105 107 109 111 114 115 127 129 131 136 148 156 
161 170 171 177 179 181 185 187 188 189 191 194 
195 
72
1 2 3 4 8 10 12 15 17 18 19 21 
25 26 32 33 34 41 49 55 56 58 63 70 
71 76 83 84 87 88 90 91 93 95 96 101 
103 106 108 109 113 114 116 118 120 121 125 131 
134 137 145 148 149 151 154 155 156 159 161 162 
165 166 170 173 174 175 177 178 181 189 192 200 
59
9 18 21 22 24 35 44 45 48 49 50 53 
55 58 65 66 70 71 79 80 81 82 85 91 
93 94 95 98 101 102 105 108 110 115 116 119 
120 123 125 126 128 130 136 150 155 158 162 163 
167 168 174 176 179 181 183 185 197 199 200 
73
1 3 6 9 10 17 18 24 26 29 30 32 
37 40 46 51 54 55 56 58 59 60 61 63 
65 68 76 78 80 81 84 93 95 96 98 100 
104 105 107 111 112 114 116 118 119 124 134 136 
137 139 140 143 145 150 162 167 168 169 170 172 
174 179 183 184 185 187 189 190 192 193 195 197 
200 
50
2 3 6 12 17 19 26 28 34 36 37 39 
44 45 51 53 54 57 66 68 70 72 77 84 
87 99 100 106 112 114 115 118 119 123 128 132 
143 149 151 152 156 165 166 176 187 188 190 193 
194 195 
52
1 5 9 12 18 24 25 26 28 30 35 38 
41 47 48 51 54 59 63 86 90 95 107 110 
115 121 122 125 126 129 135 136 137 142 155 158 
161 164 165 166 171 172 174 176 178 181 185 186 
188 190 192 194 
58
1 2 7 8 11 14 31 35 37 38 40 41 
42 44 51 56 63 67 68 70 71 74 75 81 
82 93 95 96 98 100 101 103 104 105 113 118 
119 126 127 129 133 135 136 139 146 148 150 153 
154 155 156 158 160 168 186 187 197 200 
52
7 8 12 20 34 38 39 42 43 44 45 46 
47 52 53 54 62 71 75 76 80 81 82 87 
88 94 95 96 98 102 106 107 113 114 115 116 
120 126 128 129 134 138 139 155 162 164 167 173 
185 189 190 196 
55
13 16 17 31 37 39 41 45 49 51 53 55 
56 57 58 65 70 75 76 80 82 86 90 92 
95 97 102 104 108 111 112 113 118 120 122 125 
128 129 139 146 152 153 154 155 157 170 172 173 
176 177 182 186 188 189 195 
63
2 12 13 15 19 20 24 26 27 29 32 33 
35 37 45 46 47 49 52 53 56 59 61 62 
63 64 67 68 69 70 71 75 80 89 90 100 
104 105 109 116 121 123 127 129 131 133 136 141 
142 145 146 153 154 157 158 169 173 178 193 194 
198 199 200 
44
3 6 8 14 15 21 27 28 35 36 44 45 
48 52 58 60 69 75 76 77 80 90 92 94 
97 102 105 115 121 132 133 134 149 156 158 162 
163 164 167 175 178 195 196 198 
62
1 2 10 12 18 23 24 26 27 30 32 33 
35 36 37 45 48 49 53 60 62 67 70 73 
74 80 84 85 87 99 100 104 105 107 108 114 
116 117 119 124 130 133 135 143 144 147 149 151 
154 157 167 170 173 174 177 182 183 194 195 196 
197 198 
66
2 5 10 12 13 15 16 17 18 19 20 21 
26 33 42 43 44 45 46 49 51 52 58 61 
67 69 70 79 83 90 98 99 104 105 106 108 
116 121 124 127 130 132 133 137 138 141 142 145 
146 148 151 153 155 160 163 168 174 175 185 186 
187 188 193 194 196 198 
61
4 7 8 10 12 13 18 20 25 30 40 41 
47 48 50 51 52 54 56 60 63 67 69 70 
77 83 85 86 87 88 93 98 102 109 113 119 
120 123 126 127 141 144 145 147 150 151 153 155 
157 161 163 165 166 173 177 179 180 197 198 199 
200 
61
2 4 7 10 11 14 19 22 23 26 28 29 
34 36 37 38 46 48 49 55 56 60 62 65 
66 69 70 72 76 80 86 88 92 101 102 106 
118 123 124 125 129 131 132 141 143 144 150 152 
155 157 159 162 164 165 169 170 180 185 193 197 
200 
75
2 3 5 6 7 9 11 12 14 16 21 22 
26 29 30 31 33 35 40 42 43 44 46 47 
52 53 55 58 61 63 64 65 69 73 79 81 
83 86 87 91 99 100 107 112 118 119 120 125 
132 134 141 149 152 153 154 155 157 158 159 163 
164 166 167 170 176 178 182 183 187 188 189 192 
195 197 199 
58
2 5 7 8 10 17 19 21 23 30 32 38 
40 44 46 58 69 79 85 86 87 88 89 92 
94 99 101 103 119 120 123 125 126 131 135 136 
139 140 141 143 149 151 153 154 161 163 164 168 
170 174 175 179 184 188 193 194 195 198 
53
1 9 10 12 20 22 29 30 35 43 48 58 
61 62 64 69 75 76 85 87 90 91 100 106 
109 110 112 114 116 120 121 124 126 129 130 132 
137 148 150 153 160 161 162 163 165 168 176 185 
186 189 193 195 200 
57
1 6 8 10 12 13 14 16 19 23 24 25 
30 35 38 43 45 49 51 55 58 60 65 68 
74 76 79 82 86 94 95 96 97 98 101 112 
117 121 125 129 132 135 144 147 156 162 164 168 
170 175 176 181 183 186 191 193 197 
71
2 3 9 10 21 23 24 26 34 35 36 40 
41 43 46 48 61 63 66 67 68 70 72 75 
77 81 83 85 88 89 90 92 99 104 109 111 
112 114 115 122 123 124 125 126 127 130 133 134 
137 138 146 153 159 161 162 165 168 174 181 185 
187 189 191 192 193 194 195 196 198 199 200 
74
1 2 7 10 11 13 14 17 21 23 30 34 
35 36 40 42 47 49 50 51 52 57 59 64 
68 75 76 79 82 83 85 90 91 93 100 102 
106 110 112 117 118 120 124 125 127 128 131 137 
139 141 145 147 149 152 156 157 159 162 163 165 
171 173 175 177 178 179 183 185 189 192 193 195 
196 200 
69
4 9 11 15 20 22 23 28 31 36 38 39 
41 44 47 53 59 60 61 62 63 66 67 72 
75 77 81 82 84 86 87 95 96 97 99 100 
101 109 116 117 120 126 127 130 131 135 138 142 
143 150 155 156 157 163 164 165 166 167 169 170 
172 181 185 186 188 190 192 196 200 
59
12 13 18 19 20 23 26 27 28 31 33 39 
44 45 49 50 53 55 57 59 60 65 69 71 
85 87 89 98 100 101 104 105 109 110 112 114 
117 120 121 122 124 125 136 140 141 144 145 148 
149 153 154 165 166 169 181 184 185 191 196 
55
5 9 10 13 16 20 21 29 30 31 43 49 
52 53 57 58 69 71 73 75 76 77 80 84 
88 89 94 96 98 111 112 113 130 131 132 135 
136 145 148 149 154 156 157 159 162 166 168 170 
171 175 179 180 191 195 200 
60
1 6 7 9 10 13 14 25 37 39 43 49 
50 51 55 60 61 63 65 66 67 68 73 76 
86 91 93 107 111 112 113 114 116 117 118 120 
122 124 125 127 128 130 137 140 148 150 151 152 
158 159 163 166 167 175 176 181 184 191 195 200 
62
1 2 3 7 10 11 14 21 23 29 30 32 
33 36 38 45 51 53 58 59 63 64 67 68 
78 81 82 83 84 86 94 95 96 100 106 112 
114 122 124 126 127 131 136 137 143 145 152 156 
160 162 165 166 167 169 182 186 189 190 195 198 
199 200 
55
4 7 11 14 17 25 28 32 39 42 43 52 
55 56 63 66 67 68 70 71 72 81 82 84 
88 89 95 96 102 104 106 108 109 117 128 131 
137 139 143 150 151 154 161 162 163 167 172 182 
185 189 192 193 194 197 198 
66
1 5 14 15 18 22 29 34 38 40 42 46 
47 48 49 54 56 61 66 68 70 75 77 80 
81 82 87 89 90 91 92 98 102 105 106 118 
123 124 125 129 130 133 143 146 149 151 152 155 
157 159 161 162 165 168 169 178 185 186 187 190 
192 193 194 196 197 198 
60
1 3 5 7 11 12 13 18 23 24 27 31 
32 37 39 49 52 57 58 60 63 64 65 73 
74 76 77 79 86 91 93 100 103 108 109 115 
118 122 127 136 141 142 147 149 152 155 158 159 
160 162 163 165 166 170 176 177 179 189 193 198 
62
2 22 24 33 38 39 40 43 44 45 48 51 
52 59 60 61 64 66 67 69 75 76 82 84 
86 87 88 90 92 93 94 95 98 100 103 104 
109 110 113 115 118 123 126 128 131 134 139 145 
146 149 154 159 160 169 172 174 177 184 190 192 
193 196 
64
4 5 9 10 12 17 18 25 26 29 31 40 
41 42 49 51 55 60 61 63 69 74 75 82 
84 85 86 88 100 102 105 110 111 117 118 119 
123 127 128 137 138 139 141 142 146 147 148 151 
155 156 158 161 162 165 167 174 178 180 183 184 
186 188 195 197 
56
7 10 13 15 19 23 27 28 29 30 37 44 
46 55 58 66 67 73 74 76 82 89 95 97 
98 103 104 110 111 114 118 121 124 128 132 137 
145 146 147 149 153 154 155 157 161 165 170 176 
177 179 181 183 184 191 193 200 
64
7 11 30 31 35 36 40 52 55 58 61 63 
64 65 69 70 72 73 75 78 84 85 86 88 
91 92 100 101 105 108 110 120 122 124 128 129 
132 134 137 138 139 143 147 150 151 158 161 162 
163 164 165 166 173 174 178 180 182 185 186 188 
193 194 195 199 
65
3 6 11 12 18 22 25 28 29 30 31 32 
34 39 45 47 51 54 59 60 62 64 67 69 
71 74 78 80 84 89 92 94 100 101 109 111 
118 120 121 123 125 137 139 141 143 147 149 152 
154 156 158 160 163 165 171 176 177 179 181 182 
184 194 195 198 200 
57
4 9 10 16 18 24 25 27 30 33 34 36 
37 45 50 54 57 63 66 67 75 78 80 84 
86 92 96 100 106 110 119 122 125 128 133 135 
139 141 142 143 146 149 151 153 154 158 159 162 
163 164 169 172 173 176 178 184 185 
73
2 5 6 15 18 20 22 23 25 26 29 32 
38 40 41 43 46 47 49 53 54 55 57 59 
61 62 64 75 76 77 78 86 90 92 94 96 
97 98 99 108 112 114 116 117 120 121 123 126 
128 129 131 135 136 138 139 143 144 146 150 151 
152 153 159 160 170 171 177 179 180 182 189 192 
199 
48
24 29 32 33 39 40 41 43 45 51 52 57 
59 81 83 96 105 107 111 117 118 120 129 131 
132 133 136 141 143 145 149 150 151 156 157 165 
168 169 170 174 175 176 183 188 190 191 194 195 
57
1 2 3 4 5 7 11 12 14 16 17 22 
25 27 30 31 35 40 45 48 49 54 56 58 
63 64 67 68 71 73 75 78 85 93 103 104 
110 111 119 123 127 133 137 138 139 140 149 165 
172 173 174 176 181 184 185 192 200 
66
1 2 6 8 9 17 20 23 25 26 27 28 
31 35 36 39 41 43 47 49 50 52 53 55 
56 65 66 67 68 69 70 71 74 79 80 84 
98 105 108 114 117 118 124 133 137 141 142 144 
145 147 150 153 155 157 162 164 165 172 176 177 
180 185 187 188 191 196 
59
1 2 3 6 7 15 22 23 26 29 34 36 
37 38 39 41 45 46 48 53 54 58 62 64 
71 75 81 86 88 91 92 93 113 114 117 118 
120 124 128 130 132 136 145 149 151 154 155 162 
165 168 169 170 174 175 177 178 179 182 194 
64
3 7 9 10 13 15 22 24 26 27 32 33 
38 39 42 44 45 48 53 54 58 59 74 78 
83 86 90 95 96 97 99 104 107 109 110 111 
113 114 117 118 119 123 125 128 135 136 140 143 
148 149 152 155 160 166 169 170 177 179 182 184 
186 187 197 199 
72
1 4 7 8 10 11 16 19 22 23 24 25 
33 34 36 40 44 45 51 55 56 60 62 66 
67 68 72 74 79 81 82 84 86 89 93 99 
102 109 111 112 114 116 120 122 124 128 133 140 
144 146 147 149 153 154 160 161 165 166 168 169 
175 179 182 184 185 187 188 191 193 194 196 197 
51
1 10 15 17 18 20 27 29 31 37 39 41 
43 50 52 56 57 61 62 63 64 68 70 71 
73 75 77 87 90 100 109 112 113 117 124 127 
128 133 141 142 148 149 150 152 156 166 179 182 
185 186 192 
57
2 4 7 12 13 24 32 35 36 47 48 55 
58 60 61 62 71 72 75 81 84 85 90 93 
101 108 110 112 115 117 118 119 125 130 132 138 
139 140 142 148 155 161 162 167 174 175 176 178 
179 183 185 186 190 194 195 196 198 
65
1 2 9 10 14 15 20 22 23 24 25 32 
37 38 45 47 58 61 63 66 70 72 75 77 
82 83 84 87 92 93 96 98 104 105 106 109 
112 117 119 120 123 132 138 143 145 148 151 153 
155 156 159 168 169 170 171 172 173 177 178 180 
181 183 192 196 200 
68
2 4 6 8 10 11 16 17 18 25 27 28 
34 35 36 38 40 45 49 51 52 53 55 56 
57 59 65 69 74 78 88 90 92 94 95 99 
104 108 109 112 115 121 123 126 128 129 132 133 
135 136 145 150 151 154 155 163 166 167 168 172 
174 175 177 180 181 190 195 197 
60
4 7 8 13 15 18 19 24 25 26 28 31 
39 42 44 45 46 47 48 56 60 61 68 72 
73 78 92 95 97 108 119 120 126 127 131 134 
136 138 140 141 142 145 153 155 161 162 164 167 
168 171 174 178 179 180 181 183 185 193 196 198 
62
3 5 13 15 17 19 21 26 31 32 37 40 
50 51 52 53 56 57 63 69 78 80 81 82 
85 86 88 89 97 99 100 101 104 107 110 116 
120 122 126 127 130 136 140 141 144 148 149 151 
153 157 159 163 164 168 174 179 182 185 186 190 
191 198 
53
8 16 21 22 30 31 34 37 40 46 53 58 
59 75 77 82 85 93 95 96 97 99 103 107 
108 113 115 118 120 125 130 131 138 139 140 143 
146 147 154 155 156 157 161 162 164 165 171 172 
184 187 190 193 199 
62
1 3 5 13 14 16 18 20 28 30 36 39 
47 50 52 53 55 58 64 71 73 77 90 91 
92 95 99 100 101 105 107 113 115 119 122 124 
125 128 131 138 139 143 157 158 162 164 166 167 
172 174 175 176 177 178 183 184 185 187 192 194 
196 200 
59
3 4 5 11 21 25 29 33 39 40 42 43 
44 48 49 52 56 58 62 63 71 73 75 79 
81 83 85 86 90 93 102 103 104 105 115 118 
119 122 128 132 133 135 140 142 145 146 150 158 
159 161 162 168 170 177 185 189 194 195 197 
52
3 11 12 18 20 24 25 32 35 38 45 50 
55 56 57 64 67 72 82 83 94 97 103 104 
105 109 113 116 118 123 126 132 140 142 143 150 
153 155 157 161 169 170 173 175 177 180 181 184 
187 191 194 197 
55
6 11 15 21 23 25 31 37 41 43 46 49 
50 52 56 59 63 66 68 71 73 74 92 95 
97 105 106 107 111 114 124 133 135 140 143 149 
153 154 155 158 164 166 167 174 177 181 183 187 
188 189 191 196 197 198 199 
59
2 3 6 10 13 15 16 19 26 28 33 41 
45 54 58 60 62 63 64 67 69 72 77 78 
80 83 86 88 90 93 107 109 110 115 118 120 
123 124 126 131 134 143 144 145 146 148 152 157 
160 162 164 165 166 167 169 178 185 189 192 
61
2 3 4 5 7 9 17 18 19 23 25 26 
30 33 35 37 40 44 45 46 47 49 61 64 
72 78 80 81 87 90 92 96 99 100 101 107 
110 116 125 129 130 142 143 145 147 153 155 156 
159 162 163 166 172 175 176 181 182 185 186 197 
200 
74
1 4 11 14 20 21 24 28 30 32 33 37 
45 47 48 53 55 59 62 64 74 77 79 81 
83 85 86 92 94 96 97 98 100 101 104 105 
108 111 114 117 118 122 123 124 126 128 132 139 
140 142 143 144 145 149 154 156 157 160 162 164 
165 172 175 180 181 183 184 186 188 189 190 198 
199 200 
58
3 4 5 6 10 16 17 18 23 26 27 29 
33 35 40 42 43 51 52 68 75 82 83 84 
89 91 92 97 102 106 107 109 111 112 116 118 
128 129 132 133 134 141 144 150 155 156 163 171 
173 175 176 178 185 187 188 190 195 196 
57
2 3 5 11 12 13 18 23 27 31 33 37 
42 47 48 50 52 59 63 66 70 71 75 80 
82 89 94 97 98 102 107 110 112 115 117 118 
122 123 136 141 144 146 148 151 153 154 158 159 
162 167 169 171 175 180 188 190 196 
75
6 10 13 14 16 18 25 31 32 34 36 39 
41 45 47 48 50 51 53 54 56 59 62 69 
73 83 88 91 94 95 99 100 101 105 109 111 
114 116 118 120 121 122 123 125 126 127 130 133 
135 137 143 144 145 147 149 150 152 158 160 165 
167 169 173 178 181 182 184 185 187 189 190 191 
194 196 197 
63
1 5 6 7 8 10 12 15 18 23 27 28 
31 34 38 45 51 55 63 64 65 66 68 71 
72 73 76 79 88 90 92 97 101 103 107 109 
113 118 120 123 140 142 145 146 149 152 154 157 
158 160 161 162 164 173 174 177 180 182 183 186 
189 196 199 
67
1 8 9 10 11 14 21 23 24 28 29 36 
37 38 40 53 58 65 68 71 73 75 78 82 
85 86 87 97 101 104 105 110 112 113 114 115 
119 121 123 124 130 131 133 134 137 145 149 150 
152 158 161 162 163 165 175 176 180 183 184 186 
188 189 190 192 195 198 199 
57
1 4 10 12 13 15 16 19 21 23 35 36 
40 44 49 53 54 56 58 63 66 73 75 85 
89 91 95 105 108 111 112 113 114 115 119 120 
123 129 130 131 132 136 137 144 146 155 160 161 
169 171 173 176 184 186 187 195 196 
56
1 2 9 10 14 15 28 29 31 33 35 41 
43 49 50 52 55 56 58 60 61 63 64 71 
76 79 81 88 91 96 98 100 104 118 119 120 
121 122 124 129 132 140 142 147 153 155 163 166 
171 173 181 184 187 193 196 198 
56
1 24 26 28 29 32 36 37 38 43 47 50 
51 52 56 67 68 70 71 76 79 84 85 87 
90 92 106 107 109 112 118 120 122 125 127 134 
140 148 154 158 167 168 170 177 180 182 184 185 
186 187 188 191 195 196 197 199 
52
1 5 6 11 13 15 18 31 32 34 35 39 
46 48 50 52 58 60 62 64 67 73 74 75 
76 83 85 96 98 100 111 118 119 125 128 139 
141 147 148 150 159 165 166 170 171 180 185 188 
195 197 198 199 
58
2 3 6 7 8 9 12 14 19 24 26 30 
31 32 33 35 47 54 56 62 63 71 75 77 
88 92 95 98 102 103 105 110 115 116 119 123 
130 132 134 135 139 140 145 150 151 153 155 160 
161 167 172 173 177 178 181 187 190 194 
59
4 15 25 32 34 35 38 42 43 46 49 50 
51 55 57 58 60 62 65 70 71 72 73 80 
84 86 87 88 94 95 96 97 105 111 112 116 
119 121 122 127 133 135 137 142 144 145 147 155 
157 160 164 166 167 168 170 176 195 196 198 
68
4 7 9 11 14 15 17 21 24 25 29 33 
34 35 40 42 50 51 52 55 62 63 67 68 
72 73 74 80 82 87 94 95 96 99 100 101 
104 106 108 109 115 121 123 124 127 131 140 141 
143 147 152 153 155 160 162 164 167 169 170 171 
172 181 183 188 189 193 196 197 
63
5 6 8 10 12 14 20 21 23 30 35 37 
38 41 49 52 56 61 62 67 73 75 84 91 
92 95 98 99 103 104 110 112 115 124 132 134 
141 145 146 152 154 157 158 160 161 162 163 169 
171 172 173 179 181 184 186 190 191 193 195 196 
197 199 200 
49
3 6 12 14 21 23 31 35 40 43 45 49 
55 59 60 62 67 73 78 84 86 91 92 100 
110 113 120 121 122 123 126 127 129 133 146 151 
153 157 158 161 163 175 180 183 190 191 194 195 
200 
61
7 10 11 15 20 25 29 30 31 32 35 36 
37 39 41 42 61 65 66 70 71 73 75 77 
83 85 94 97 100 101 103 105 106 108 110 112 
113 123 124 127 132 135 142 146 153 154 155 160 
161 165 167 169 173 176 178 182 185 188 189 192 
195 
