100 200
1 1 1 1 1 1 1 1 1 1 1 1 
1 1 1 1 1 1 1 1 1 1 1 1 
1 1 1 1 1 1 1 1 1 1 1 1 
1 1 1 1 1 1 1 1 1 1 1 1 
1 1 1 1 1 1 1 1 1 1 1 1 
1 1 1 1 1 1 1 1 1 1 1 1 
1 1 1 1 1 1 1 1 1 1 1 1 
1 1 1 1 1 1 1 1 1 1 1 1 
1 1 1 1 1 1 1 1 1 1 1 1 
1 1 1 1 1 1 1 1 1 1 1 1 
1 1 1 1 1 1 1 1 1 1 1 1 
1 1 1 1 1 1 1 1 1 1 1 1 
1 1 1 1 1 1 1 1 1 1 1 1 
1 1 1 1 1 1 1 1 1 1 1 1 
1 1 1 1 1 1 1 1 1 1 1 1 
1 1 1 1 1 1 1 1 1 1 1 1 
1 1 1 1 1 1 1 1 
71
3 7 8 11 13 17 18 19 20 22 23 25 
27 32 38 41 51 52 53 56 58 59 61 62 
69 73 74 75 81 86 87 89 90 93 102 106 
109 112 114 118 123 127 129 130 132 134 136 138 
141 143 144 146 147 148 151 156 157 158 164 168 
171 172 175 176 177 180 182 184 189 190 198 
72
1 8 9 11 12 14 18 19 24 25 28 31 
37 39 42 45 46 47 49 51 54 57 59 61 
64 65 68 72 83 85 90 91 93 94 95 97 
101 104 105 108 112 115 122 126 130 131 133 134 
135 138 140 143 145 146 147 151 152 157 165 167 
171 173 174 175 176 179 183 184 186 192 195 196 
62
2 3 19 23 24 25 26 27 29 33 34 37 
43 47 52 55 56 59 60 67 74 76 77 83 
84 90 93 96 97 102 103 105 107 110 111 112 
114 118 121 123 127 130 132 136 137 139 144 151 
159 166 169 172 174 175 180 181 182 186 188 189 
191 194 
60
4 6 8 12 13 17 19 23 28 36 37 40 
42 45 54 55 57 59 83 87 91 93 95 98 
100 102 103 105 108 111 115 116 121 123 125 129 
130 131 136 140 141 142 144 145 148 149 151 153 
161 164 168 170 171 175 178 186 188 191 196 197 
74
4 11 16 19 23 24 28 32 34 36 38 41 
43 45 48 52 53 56 65 68 70 72 73 75 
78 82 86 89 92 93 94 95 98 99 101 102 
106 110 112 115 119 120 121 122 124 125 126 128 
133 135 138 139 145 148 151 152 156 158 163 168 
169 171 174 175 177 178 180 184 187 188 191 192 
194 196 
64
6 8 10 12 14 15 18 20 22 24 26 29 
31 32 33 34 35 46 47 51 53 56 63 64 
65 66 70 71 81 83 84 86 89 98 104 105 
107 109 110 111 113 119 124 126 127 128 129 132 
135 137 143 154 166 167 171 172 173 175 182 183 
184 195 199 200 
63
1 4 5 9 12 14 15 17 19 22 26 28 
30 34 40 41 42 43 44 47 48 49 56 57 
62 63 64 68 70 71 74 76 82 83 87 88 
90 91 95 99 102 112 114 117 118 121 125 130 
145 146 148 155 156 159 167 170 171 172 173 178 
190 199 200 
53
2 8 9 11 18 20 31 32 37 39 43 49 
52 53 59 64 65 66 77 80 85 88 92 95 
96 114 115 121 126 131 132 136 138 141 145 148 
154 156 161 164 167 169 170 172 174 176 177 180 
181 190 191 194 195 
56
1 2 4 14 17 18 19 25 28 30 31 32 
34 40 51 55 57 60 61 66 68 71 75 78 
80 84 87 88 94 95 100 102 109 111 112 118 
120 125 126 138 141 144 145 148 149 154 155 165 
175 176 180 182 184 186 187 197 
57
1 4 5 15 16 22 23 25 29 30 34 35 
36 43 48 49 52 53 56 57 59 61 62 67 
68 70 74 80 85 86 92 94 97 98 104 105 
108 111 116 119 120 121 125 132 138 139 140 145 
158 159 162 165 170 172 188 193 200 
67
2 5 7 10 13 16 20 22 26 27 28 31 
34 44 45 46 49 56 58 61 64 70 74 75 
77 80 82 91 93 98 104 107 112 115 116 119 
122 123 125 129 131 132 133 134 136 138 145 146 
147 148 152 155 156 157 160 163 164 165 168 175 
177 180 184 189 191 193 195 
52
2 3 6 8 10 12 31 34 38 40 55 56 
58 69 70 71 75 78 79 81 82 83 84 86 
87 92 93 98 101 103 105 110 119 121 123 125 
131 135 146 155 157 160 161 165 170 173 174 182 
184 186 190 198 
56
4 7 9 16 28 30 36 42 46 48 50 52 
55 57 58 60 65 68 69 72 73 77 79 83 
87 91 96 98 101 106 107 108 114 115 116 119 
122 126 132 133 146 148 152 154 156 157 159 161 
167 176 178 185 190 195 198 199 
61
2 5 6 14 15 18 24 25 30 32 33 36 
41 43 46 50 53 54 55 57 63 66 85 86 
94 99 100 102 106 112 115 116 118 119 121 122 
123 127 132 145 148 150 151 152 153 154 156 159 
166 168 170 172 173 176 180 181 187 191 195 196 
198 
60
2 3 5 7 11 15 17 19 20 23 25 28 
29 31 36 38 41 43 52 60 63 65 66 74 
81 83 85 87 88 89 102 103 109 112 115 116 
117 118 123 124 125 127 131 133 140 144 148 150 
155 156 158 159 162 177 178 179 185 186 192 195 
57
1 2 6 9 16 18 21 24 28 29 32 34 
35 37 39 40 47 51 55 56 58 60 65 73 
74 78 79 82 83 88 92 99 105 106 114 117 
122 125 128 129 134 135 136 137 147 154 155 159 
161 163 164 166 175 180 184 190 198 
57
1 9 10 15 17 20 22 23 26 30 38 42 
43 44 45 49 57 58 60 61 66 72 76 79 
82 94 95 99 109 110 114 119 127 128 130 131 
135 137 139 142 143 148 153 154 155 156 160 164 
171 174 175 176 187 191 195 199 200 
62
1 7 9 10 13 14 15 16 38 39 40 41 
43 46 49 50 51 55 56 57 59 63 64 65 
71 72 76 77 78 83 86 91 92 102 107 116 
119 120 123 130 131 135 136 139 141 148 160 161 
165 166 168 172 173 179 187 188 189 191 192 196 
198 200 
52
17 18 24 26 28 32 33 34 39 40 42 43 
46 50 55 56 64 70 71 73 76 77 79 82 
84 86 93 100 104 108 109 111 117 118 127 133 
137 142 145 153 159 168 171 174 175 183 189 191 
192 195 198 199 
68
3 4 7 11 15 20 25 29 30 32 33 36 
41 43 44 54 56 64 67 72 76 80 82 83 
84 85 86 88 90 95 100 101 103 106 108 112 
113 116 121 122 124 130 131 138 139 141 147 149 
151 154 155 158 159 160 163 164 168 169 178 180 
181 186 187 190 191 196 197 198 
68
1 2 6 16 17 18 22 23 24 26 27 29 
32 34 38 44 45 46 49 53 56 61 62 66 
67 69 75 76 78 80 82 84 87 89 90 93 
96 99 105 107 111 112 113 116 124 129 133 142 
145 148 149 154 157 161 162 166 168 171 172 180 
182 184 186 187 189 190 193 197 
59
1 5 8 9 10 15 16 20 28 34 36 45 
49 50 52 54 59 60 62 64 67 69 74 84 
85 88 94 95 96 99 100 108 109 110 114 117 
124 126 127 128 132 137 142 146 148 149 154 163 
164 165 166 171 175 176 180 182 187 191 198 
66
3 13 18 19 21 25 31 32 42 43 44 45 
46 48 50 51 52 54 55 56 57 58 62 65 
69 71 74 80 82 83 84 85 89 91 92 94 
96 97 98 104 117 118 119 122 125 130 134 135 
141 150 151 152 154 166 168 172 174 176 181 183 
190 192 195 197 198 199 
64
3 6 9 12 14 15 20 21 23 31 32 41 
42 43 44 45 53 54 65 68 69 71 73 74 
76 81 83 88 89 92 99 100 104 108 110 112 
114 117 119 122 126 127 134 138 141 147 151 155 
157 160 163 168 175 176 178 179 182 183 184 185 
186 187 196 198 
71
1 2 6 9 10 11 13 21 25 28 30 32 
35 36 37 41 42 45 46 49 54 55 56 57 
59 64 68 71 72 87 92 96 100 102 104 105 
106 109 112 114 115 116 117 121 122 124 125 129 
132 135 138 140 146 149 150 153 155 157 161 169 
170 171 173 174 180 181 184 194 195 196 198 
53
2 5 8 12 15 17 18 22 23 24 30 32 
36 38 42 45 49 51 53 56 59 60 68 73 
86 89 92 93 98 104 121 123 126 128 130 135 
146 147 157 161 162 169 173 176 178 186 187 192 
193 194 198 199 200 
65
5 10 16 17 24 25 26 29 34 37 40 42 
46 47 51 52 55 58 59 60 61 63 68 72 
76 79 81 87 90 94 95 97 98 102 103 104 
106 115 117 118 124 125 128 129 130 131 132 136 
138 142 143 147 150 157 163 173 176 178 179 181 
185 186 187 192 196 
58
5 8 9 14 15 26 28 30 32 53 58 60 
66 70 72 73 76 77 78 80 82 83 92 97 
98 99 110 113 114 115 117 124 125 131 134 136 
139 140 142 144 147 148 150 152 157 164 168 172 
173 174 181 188 193 194 195 197 198 200 
61
3 4 6 8 9 10 11 13 17 19 23 24 
32 34 36 51 53 56 60 61 63 66 70 72 
81 82 88 91 93 95 104 106 110 114 120 123 
124 127 130 134 136 138 142 145 146 147 148 151 
156 157 158 159 165 171 172 173 175 176 180 190 
200 
62
2 9 13 14 16 24 25 27 36 38 39 42 
45 49 50 51 55 58 59 61 63 66 68 69 
72 75 80 81 82 84 87 88 110 113 116 119 
121 122 126 127 129 130 136 139 142 144 152 156 
158 159 161 167 174 175 178 182 184 185 186 192 
195 198 
64
4 6 14 16 19 20 22 31 32 35 38 39 
40 42 45 48 52 54 58 60 62 64 65 73 
75 80 81 82 91 95 98 101 108 112 119 121 
124 125 132 133 137 140 141 149 150 153 154 161 
163 164 165 167 168 169 170 173 174 175 176 178 
183 190 191 192 
56
5 6 8 11 24 25 32 35 36 49 52 58 
60 66 67 70 75 78 79 82 84 86 89 91 
96 97 100 108 111 115 116 126 130 138 139 143 
144 149 151 152 157 164 166 167 168 169 176 179 
180 182 185 186 191 197 198 200 
70
12 17 27 28 29 32 36 39 42 43 45 47 
49 51 56 57 59 60 62 66 68 70 71 76 
82 83 84 85 87 91 92 94 98 100 101 102 
103 108 110 112 113 114 115 116 118 120 122 126 
127 129 132 133 136 141 145 149 152 155 158 161 
162 165 167 174 175 183 187 190 194 197 
67
4 9 10 11 15 18 24 31 34 36 37 38 
43 47 49 50 54 57 58 60 64 65 67 72 
74 76 80 81 82 84 85 88 90 92 95 97 
100 101 113 115 120 125 127 128 129 132 137 138 
140 144 151 153 156 161 163 168 172 178 179 180 
184 185 186 189 190 191 197 
70
2 6 8 15 16 17 18 20 23 27 28 32 
33 37 40 42 49 50 55 57 59 62 64 65 
67 69 71 78 79 85 87 88 90 93 99 101 
106 110 111 115 116 119 123 124 126 127 128 129 
130 133 134 136 142 146 153 157 160 161 162 164 
166 167 171 180 181 182 186 192 193 197 
48
1 12 14 21 22 30 35 38 45 46 48 49 
50 61 67 68 69 72 76 78 83 89 92 97 
98 108 109 112 114 116 119 122 124 126 128 138 
142 149 151 154 169 171 175 181 187 191 193 196 
72
1 5 12 14 21 27 28 29 30 31 32 33 
34 35 36 42 43 53 55 57 61 65 66 68 
69 78 79 80 82 84 85 86 89 92 98 101 
102 109 110 112 113 117 118 121 128 133 137 139 
140 144 146 148 149 152 154 156 158 159 160 163 
166 167 170 175 178 179 183 185 187 192 195 199 
62
3 4 5 7 9 17 19 20 21 24 28 42 
44 46 48 49 51 54 58 61 63 65 76 78 
87 92 101 105 107 111 116 121 123 129 130 132 
133 134 138 139 141 150 154 157 158 159 163 165 
166 167 169 171 172 176 185 189 190 191 192 194 
196 199 
62
1 2 5 10 16 19 25 26 27 28 30 33 
37 38 39 52 53 57 62 65 68 70 71 76 
82 86 89 95 97 101 103 105 107 118 125 128 
129 134 135 139 142 143 144 146 152 156 162 166 
167 169 172 173 175 178 179 180 181 186 188 193 
194 200 
43
6 7 10 13 15 17 32 34 36 40 45 48 
49 51 53 63 74 76 77 79 84 88 97 102 
106 111 113 120 131 132 142 150 156 160 161 162 
166 169 171 178 179 183 193 
64
3 6 10 12 17 18 19 20 21 22 23 34 
38 45 50 52 56 57 62 67 72 80 81 84 
89 90 93 96 97 99 101 103 107 108 111 119 
121 124 126 128 130 132 134 135 137 146 148 154 
158 160 163 166 172 174 176 182 183 185 187 189 
191 194 196 197 
54
1 2 3 6 8 14 17 30 32 33 35 39 
41 45 46 47 53 58 60 67 68 76 81 87 
93 97 99 106 108 109 113 120 124 132 134 137 
140 142 145 146 149 154 160 163 164 171 172 173 
177 180 187 191 197 198 
43
3 8 25 35 39 46 48 60 62 63 66 71 
75 78 82 86 91 97 98 101 103 105 111 118 
121 122 123 126 135 141 150 161 168 175 177 178 
186 188 189 195 197 198 199 
59
9 18 22 24 27 28 30 37 39 42 47 53 
59 60 72 73 78 79 81 86 88 89 92 93 
94 98 106 107 111 116 120 125 126 128 129 131 
137 144 146 149 151 152 156 162 163 164 169 175 
178 179 180 181 185 189 191 193 194 196 199 
56
4 5 6 10 14 16 22 25 34 36 40 41 
42 45 46 48 49 52 53 56 60 63 65 66 
68 70 73 76 83 97 102 103 104 105 115 117 
122 128 130 135 138 141 151 152 154 160 162 164 
167 171 178 182 184 191 192 199 
69
1 2 3 5 11 13 14 20 26 27 29 31 
32 35 36 40 42 43 45 49 56 57 58 60 
66 68 75 80 86 90 92 94 95 102 103 104 
106 108 109 113 114 115 116 120 122 131 133 134 
135 140 142 147 151 158 159 160 166 168 171 175 
177 181 183 184 189 192 194 197 199 
59
2 7 9 14 16 21 23 25 27 29 32 36 
38 39 42 43 47 48 53 58 61 66 68 70 
75 83 84 87 88 91 93 104 106 108 112 117 
119 121 126 128 131 132 136 137 140 144 149 150 
152 155 162 166 168 173 178 180 190 191 194 
64
1 3 7 10 11 15 17 18 19 23 25 29 
35 39 40 42 44 46 47 48 58 59 61 68 
73 74 86 88 90 94 98 99 101 102 109 110 
111 114 115 118 120 123 124 125 126 127 134 139 
140 143 144 145 150 155 163 168 170 172 175 185 
187 189 191 199 
55
3 5 6 9 16 19 20 24 32 36 38 45 
46 51 58 59 64 66 68 71 82 83 86 87 
90 92 95 97 99 100 101 103 105 106 108 110 
120 123 127 137 139 140 142 143 146 147 154 155 
163 165 167 175 180 183 193 
55
2 3 9 13 16 20 23 30 37 38 40 45 
46 51 55 56 60 65 68 69 73 75 78 79 
80 83 96 98 101 104 106 115 124 125 126 129 
130 133 134 137 138 153 155 156 166 167 169 170 
175 181 184 187 188 189 200 
63
6 8 11 14 19 20 23 27 30 39 43 44 
56 58 60 63 66 67 68 73 77 83 85 86 
87 91 93 95 99 110 113 115 117 120 122 127 
128 139 140 144 150 151 152 154 155 157 158 159 
162 163 168 169 170 171 174 176 177 179 180 182 
188 190 191 
55
3 5 6 15 16 25 34 37 42 43 49 51 
52 55 59 61 68 69 70 78 86 87 90 91 
92 93 106 107 113 115 118 124 130 137 142 146 
147 154 155 156 158 162 163 164 165 166 171 173 
174 178 181 192 196 199 200 
68
4 5 6 12 17 20 24 26 27 33 38 39 
41 43 44 45 47 50 51 55 57 59 60 65 
69 71 73 76 79 82 84 85 87 89 99 100 
101 104 108 109 113 120 121 124 127 130 133 134 
135 139 141 142 143 144 160 162 164 166 173 177 
178 186 187 188 189 190 194 196 
49
9 16 17 20 32 36 40 45 48 50 52 53 
56 66 75 76 77 78 80 83 84 86 93 96 
101 129 132 135 137 141 142 145 146 149 154 155 
156 157 159 160 164 165 179 184 187 191 194 196 
198 
56
14 16 19 20 24 25 26 30 34 37 38 42 
43 47 51 57 58 59 60 61 63 66 68 79 
84 87 88 98 102 108 112 114 118 119 122 123 
125 133 134 139 141 142 151 154 158 162 165 173 
177 178 183 187 190 194 196 199 
62
2 7 11 13 15 17 19 20 21 22 23 27 
28 31 37 39 40 41 45 55 56 57 65 70 
71 73 75 77 80 84 85 90 97 98 105 106 
107 116 118 120 121 130 133 138 141 142 144 147 
151 153 157 161 162 164 167 168 172 177 179 183 
195 196 
64
1 6 8 14 16 17 18 23 28 31 33 37 
39 41 45 51 56 58 59 61 63 66 69 74 
75 77 78 79 83 90 93 94 98 103 105 106 
111 112 113 115 120 121 126 129 132 133 146 155 
159 160 161 169 171 177 178 180 181 182 186 192 
195 197 199 200 
69
2 15 21 24 26 27 28 29 33 34 35 36 
37 39 44 45 48 50 52 55 58 60 62 65 
67 68 73 74 83 84 85 94 95 102 107 109 
115 116 117 120 123 128 131 133 140 141 142 146 
149 154 158 162 165 168 170 172 173 174 177 179 
180 181 182 185 186 190 191 198 200 
57
2 7 15 16 17 18 22 25 32 33 36 41 
44 50 58 59 60 64 65 75 77 83 89 91 
96 102 107 112 114 116 119 120 126 128 130 132 
133 135 136 140 148 155 162 163 168 169 174 175 
181 182 185 186 189 190 192 194 200 
53
4 5 6 15 22 26 27 28 32 34 42 45 
54 55 62 63 68 69 77 80 84 87 88 90 
93 95 98 100 103 104 108 111 112 120 122 130 
134 135 144 145 149 157 160 163 164 169 173 177 
181 184 185 195 197 
64
1 5 10 11 19 21 23 25 26 27 28 30 
32 35 36 40 43 44 45 48 50 52 54 55 
57 58 68 69 71 72 75 79 83 85 91 96 
100 101 103 110 121 123 125 131 133 136 141 142 
146 150 151 154 160 167 168 170 176 178 185 190 
192 194 195 196 
67
3 10 12 13 14 19 21 23 24 25 27 32 
37 40 42 47 48 49 50 51 52 53 55 59 
65 66 70 71 73 83 86 87 88 89 92 94 
98 106 108 110 111 117 118 119 122 123 127 128 
131 133 134 136 138 141 145 146 151 154 156 159 
169 175 180 181 182 188 189 
58
3 4 7 8 12 16 17 20 23 24 26 28 
30 36 39 44 51 54 59 61 65 72 76 82 
84 85 86 87 92 93 94 96 104 106 114 121 
129 131 132 137 142 144 148 150 153 154 162 168 
170 173 180 184 185 186 189 190 196 200 
72
1 4 5 6 7 10 11 12 15 17 19 22 
23 27 29 35 36 39 42 46 48 64 66 73 
76 81 82 85 88 90 91 92 97 98 99 100 
103 107 112 127 128 129 130 131 134 135 139 140 
146 151 152 153 157 159 162 163 164 165 166 167 
168 169 172 173 182 183 187 191 192 194 197 200 
58
4 7 8 10 17 19 20 23 28 33 38 41 
43 47 54 56 60 61 74 76 82 88 89 101 
103 104 109 112 115 116 117 118 124 131 132 135 
138 144 147 150 151 157 160 163 165 171 173 174 
177 178 180 183 188 191 193 196 197 200 
69
1 5 6 10 11 13 15 19 20 22 32 33 
37 44 47 49 51 61 65 66 67 68 70 71 
73 74 76 81 82 84 87 88 89 92 93 96 
99 103 112 115 116 117 119 123 127 133 140 144 
146 147 151 154 160 161 162 164 167 171 172 176 
177 179 181 183 186 189 196 198 200 
47
1 5 12 16 19 22 23 27 31 35 36 39 
45 46 54 58 62 68 71 72 74 76 80 83 
88 93 101 111 116 122 128 133 144 145 147 148 
151 158 167 172 175 176 178 181 185 189 191 
63
4 6 8 13 16 18 19 23 24 26 28 32 
33 36 37 43 48 49 51 55 62 63 66 69 
70 73 76 77 80 82 88 89 92 96 99 100 
103 104 105 109 111 113 118 119 122 125 126 131 
141 142 143 155 161 164 171 172 174 175 177 178 
182 190 197 
54
1 9 11 17 21 25 26 30 32 42 44 45 
50 63 66 70 74 78 81 82 85 86 88 93 
104 105 107 110 111 113 114 117 120 130 131 134 
136 138 148 149 155 162 165 170 173 175 176 177 
180 181 187 188 189 194 
61
4 5 7 8 9 11 13 19 20 23 25 31 
35 38 41 43 47 48 57 58 59 64 65 67 
76 80 86 87 94 102 108 111 112 119 122 123 
129 130 135 137 139 141 143 146 148 152 157 159 
160 163 167 169 170 173 179 180 187 189 197 198 
199 
54
2 8 11 12 19 22 26 37 39 40 45 53 
54 57 61 67 70 74 77 78 82 89 95 99 
105 107 108 109 115 123 124 128 133 146 149 150 
154 155 162 166 172 174 175 177 178 182 184 186 
188 189 190 192 197 200 
64
4 5 8 11 20 27 34 36 38 40 41 47 
49 50 52 55 58 60 63 65 66 67 72 81 
83 84 87 90 94 95 101 106 107 108 109 111 
115 119 122 123 124 129 138 147 149 151 154 155 
159 162 163 164 168 172 178 184 185 186 187 188 
190 191 192 194 
58
3 6 14 15 23 28 36 37 40 42 44 46 
55 58 61 68 69 79 80 86 94 95 96 101 
103 109 112 115 116 117 120 127 129 131 134 139 
141 148 150 151 153 154 159 162 165 168 169 170 
172 174 175 176 181 184 185 186 196 197 
57
2 8 9 11 15 18 20 21 24 27 28 37 
40 45 46 50 51 54 56 59 60 63 72 73 
76 85 87 89 93 96 102 104 106 114 117 119 
125 126 128 131 132 137 139 143 144 147 162 163 
168 175 181 182 188 191 192 194 197 
59
2 13 18 22 23 25 27 29 34 35 36 37 
39 41 42 43 44 46 49 52 58 59 64 66 
69 71 81 84 90 97 98 106 109 110 112 113 
120 121 123 128 131 133 149 159 160 164 165 166 
167 168 170 172 174 175 184 186 191 196 200 
56
1 5 10 24 26 29 30 31 32 39 46 49 
50 52 57 71 72 74 77 78 84 85 93 98 
99 102 107 109 121 122 125 128 135 141 142 147 
150 152 153 159 165 168 172 174 175 176 180 181 
183 184 185 186 190 193 194 200 
72
2 4 8 10 15 17 20 23 24 26 29 30 
31 32 35 40 42 43 47 51 56 58 60 64 
65 69 70 72 73 74 78 85 87 91 97 100 
101 102 103 104 106 110 116 117 119 120 125 126 
127 130 140 142 144 145 148 149 154 156 158 159 
160 167 181 182 185 186 190 191 193 196 198 199 
63
1 10 15 16 17 18 19 25 30 33 35 36 
42 50 51 55 57 61 63 67 71 72 75 80 
87 88 90 92 96 98 100 106 110 113 115 117 
123 129 130 131 136 141 142 143 144 146 153 155 
157 160 164 169 180 181 182 183 185 189 192 195 
196 197 198 
56
6 11 25 29 43 47 49 53 54 55 57 58 
60 63 65 66 72 82 83 85 90 91 96 101 
103 110 119 121 124 126 127 130 134 135 139 140 
142 143 148 151 154 155 156 160 166 168 170 172 
181 182 183 187 189 191 194 199 
77
1 2 5 10 12 18 19 24 25 26 28 29 
32 37 39 41 42 46 48 49 50 51 56 57 
59 63 65 67 68 79 81 82 84 86 87 89 
92 93 94 102 103 105 106 121 123 124 125 126 
128 136 137 138 142 148 149 150 153 155 157 160 
164 166 170 171 175 177 179 180 183 185 186 187 
188 192 193 194 200 
52
5 11 13 15 16 18 22 25 26 29 35 36 
37 42 44 46 47 51 53 55 57 60 63 65 
70 71 77 83 89 92 99 100 107 113 114 131 
133 134 138 153 158 161 164 166 167 175 177 184 
186 194 196 200 
64
1 2 4 10 19 22 27 30 36 41 44 47 
48 53 62 67 69 70 71 79 83 86 88 90 
91 98 101 108 109 118 121 128 129 130 131 132 
133 137 138 139 145 146 147 149 151 155 156 158 
160 161 167 172 173 174 175 180 181 182 189 191 
193 197 199 200 
44
2 4 5 6 8 31 37 38 40 55 59 60 
65 68 69 78 79 82 86 91 93 98 101 102 
117 121 123 127 130 139 147 150 154 156 158 159 
161 163 164 178 181 182 197 198 
64
2 5 8 9 10 13 16 22 27 31 32 33 
36 42 46 49 53 55 56 57 61 62 65 67 
70 71 77 78 83 85 87 92 93 97 98 102 
107 114 117 119 134 136 138 142 145 146 148 149 
151 152 155 156 160 164 165 166 168 172 174 177 
189 196 197 199 
66
3 4 5 7 10 20 24 29 32 34 35 36 
41 48 49 50 52 55 61 63 65 70 71 76 
81 83 84 85 91 94 96 100 101 105 109 115 
117 118 119 122 123 125 129 133 136 137 138 140 
143 147 149 159 160 161 165 166 169 178 180 181 
183 186 188 189 191 195 
53
4 6 15 16 18 19 22 25 27 30 31 33 
35 37 41 47 49 50 56 60 64 66 69 70 
76 77 82 83 95 101 102 109 111 113 115 117 
122 129 131 136 144 145 149 152 168 173 175 176 
183 194 195 198 199 
58
10 11 19 22 25 30 31 36 48 54 59 62 
64 66 68 69 70 71 77 80 82 88 90 92 
95 96 105 110 115 119 124 129 130 134 136 140 
153 156 162 163 165 169 170 174 177 178 179 181 
183 186 187 189 190 191 193 195 197 199 
61
1 4 5 9 10 14 15 22 28 30 33 45 
49 52 54 59 61 65 67 68 70 77 80 81 
85 86 94 96 99 102 105 106 110 112 116 117 
123 132 135 136 137 138 139 145 149 154 158 162 
163 164 166 169 171 172 174 175 178 182 189 192 
193 
73
3 8 14 15 17 20 21 23 24 25 26 27 
30 36 42 44 51 52 55 58 59 60 67 71 
72 73 74 83 89 92 98 104 108 110 113 116 
117 118 124 126 129 130 134 135 141 143 144 149 
150 151 152 153 156 158 159 161 163 164 166 167 
171 174 176 177 180 183 185 187 189 193 194 196 
199 
57
2 17 21 25 31 32 33 38 41 43 51 52 
53 54 63 71 78 83 84 86 87 89 94 95 
96 98 108 110 115 117 118 124 129 133 134 138 
142 146 147 148 156 158 159 161 163 166 167 168 
174 183 184 185 187 189 191 193 195 
66
4 6 10 14 16 17 21 26 27 28 33 43 
47 53 54 55 59 62 63 64 65 69 70 72 
75 77 78 81 84 88 89 90 94 109 114 115 
118 119 120 122 124 127 128 130 131 133 140 141 
144 147 148 150 156 160 162 166 168 174 176 177 
179 183 187 193 196 199 
58
1 6 13 27 28 29 34 36 44 47 48 49 
50 51 56 58 60 61 69 70 80 86 87 89 
92 94 101 103 104 106 107 112 116 117 127 130 
131 135 136 137 142 147 148 150 154 159 160 164 
166 167 171 174 175 182 183 188 195 198 
55
1 3 5 17 19 21 27 32 33 37 40 48 
51 52 54 58 59 71 72 75 76 79 81 89 
96 99 103 105 110 114 116 120 122 123 127 130 
134 139 143 150 158 162 165 167 168 169 172 175 
182 184 186 187 194 195 196 
59
14 16 23 26 33 37 42 44 48 49 50 52 
58 60 62 66 73 75 78 81 84 87 88 93 
95 96 97 98 99 103 104 105 107 108 118 120 
121 122 126 129 138 141 144 150 152 153 160 162 
169 171 177 184 185 186 192 194 195 196 199 
56
5 9 10 11 12 15 16 17 25 31 35 38 
41 43 46 50 62 64 67 68 72 75 78 80 
84 96 98 101 103 113 122 126 141 144 147 148 
149 151 152 157 163 166 170 171 173 174 181 183 
185 186 189 194 195 196 198 200 
53
2 5 6 11 16 19 20 21 22 25 26 33 
34 35 36 40 45 47 48 50 53 55 56 62 
74 81 86 94 97 102 109 110 114 116 117 121 
124 136 149 150 160 161 163 167 168 171 173 179 
182 195 196 197 200 
47
1 3 5 6 7 8 17 18 26 27 29 35 
36 37 42 43 45 47 49 51 52 54 56 57 
69 74 77 81 86 91 95 118 123 124 126 127 
129 132 164 171 174 178 179 183 193 195 199 
54
3 6 9 13 14 15 19 22 29 32 35 38 
42 53 64 70 85 86 87 88 93 94 96 97 
102 103 104 108 118 123 128 129 135 143 147 150 
154 155 160 167 168 171 173 174 175 176 177 178 
182 186 190 192 195 199 
59
1 7 9 11 18 26 27 28 34 35 37 38 
40 42 44 46 50 52 59 64 67 69 72 73 
78 80 83 84 85 87 88 91 92 95 101 109 
116 120 122 124 125 131 136 139 140 143 145 150 
154 155 157 170 173 178 183 191 195 197 198 
67
4 5 6 7 8 10 14 15 16 19 21 24 
28 30 37 40 41 46 55 65 67 71 72 82 
88 90 94 96 97 99 101 104 105 107 117 124 
129 131 132 133 137 141 149 150 151 152 153 155 
159 160 161 162 164 167 168 171 174 176 177 178 
179 181 186 189 192 194 196 
