100 200
1 1 1 1 1 1 1 1 1 1 1 1 
1 1 1 1 1 1 1 1 1 1 1 1 
1 1 1 1 1 1 1 1 1 1 1 1 
1 1 1 1 1 1 1 1 1 1 1 1 
1 1 1 1 1 1 1 1 1 1 1 1 
1 1 1 1 1 1 1 1 1 1 1 1 
1 1 1 1 1 1 1 1 1 1 1 1 
1 1 1 1 1 1 1 1 1 1 1 1 
1 1 1 1 1 1 1 1 1 1 1 1 
1 1 1 1 1 1 1 1 1 1 1 1 
1 1 1 1 1 1 1 1 1 1 1 1 
1 1 1 1 1 1 1 1 1 1 1 1 
1 1 1 1 1 1 1 1 1 1 1 1 
1 1 1 1 1 1 1 1 1 1 1 1 
1 1 1 1 1 1 1 1 1 1 1 1 
1 1 1 1 1 1 1 1 1 1 1 1 
1 1 1 1 1 1 1 1 
53
1 3 4 6 9 12 14 18 21 22 23 25 
30 34 35 42 44 47 48 51 53 56 58 67 
73 74 75 76 79 87 88 89 93 94 99 102 
111 124 127 137 138 142 147 152 157 163 164 165 
175 179 188 195 198 
54
3 5 7 9 10 11 13 14 16 18 20 25 
29 37 42 51 52 57 66 70 74 83 84 86 
91 92 93 111 112 118 125 126 129 131 132 133 
134 139 141 143 145 149 152 154 156 161 172 175 
182 183 186 191 193 199 
69
7 8 10 12 15 18 19 23 31 39 40 41 
47 49 50 51 60 65 66 72 73 76 77 84 
92 94 100 102 103 108 109 111 113 114 115 116 
117 123 127 130 132 136 138 141 142 144 145 146 
151 152 154 158 161 162 165 169 173 174 175 179 
180 181 183 185 187 189 191 194 197 
67
1 2 4 14 16 17 18 22 24 28 33 34 
41 45 46 50 51 53 56 61 63 64 67 68 
74 77 80 85 86 87 88 96 99 101 102 105 
112 115 120 125 128 131 132 135 136 140 141 142 
146 147 148 151 156 159 164 167 174 176 177 179 
184 185 189 194 195 196 197 
60
8 10 13 15 16 20 21 22 26 34 36 38 
41 45 46 47 49 52 53 55 56 57 59 64 
65 66 78 79 81 84 85 86 87 91 93 98 
100 102 104 109 110 111 114 121 124 134 142 143 
144 151 157 163 165 170 186 190 194 196 197 198 
57
1 4 6 7 9 11 15 20 23 33 34 37 
38 45 46 51 62 65 66 72 74 76 77 82 
94 102 104 109 111 115 116 118 120 123 124 127 
129 131 137 138 146 148 151 154 159 161 162 164 
167 172 175 179 183 186 189 190 197 
52
1 17 19 20 25 26 29 33 38 41 43 54 
56 64 68 71 73 74 77 78 80 81 87 88 
91 97 101 103 104 111 113 118 120 121 140 145 
147 150 152 154 158 159 161 162 164 176 177 186 
193 195 196 198 
59
2 7 8 12 14 28 40 42 43 46 47 50 
55 59 64 65 77 78 79 80 85 87 92 93 
95 99 101 103 105 111 115 116 117 121 126 128 
131 133 135 139 140 143 144 145 146 152 155 171 
173 174 175 176 180 185 187 188 193 199 200 
68
7 8 12 13 22 24 25 26 33 35 36 38 
39 41 45 46 51 60 65 68 77 79 82 83 
86 89 92 95 102 104 111 115 118 119 120 122 
130 132 136 139 142 143 145 146 149 150 151 153 
157 159 161 165 169 172 175 177 179 180 181 182 
184 186 187 188 191 192 198 199 
68
6 12 14 15 17 18 21 22 29 30 31 32 
34 37 39 41 46 47 49 53 55 56 60 65 
69 70 73 76 80 85 86 87 90 91 92 93 
95 96 99 100 102 108 110 114 115 133 134 139 
145 149 151 152 154 157 159 161 165 169 171 172 
174 176 178 185 187 192 193 194 
71
3 4 5 6 7 10 13 21 23 24 25 26 
30 31 33 38 39 41 43 47 51 52 54 56 
58 60 61 62 64 65 67 68 73 81 83 85 
86 88 89 90 96 103 104 107 109 110 115 118 
120 121 124 129 130 131 135 137 142 146 149 150 
155 164 165 170 177 183 188 189 195 199 200 
65
7 11 16 18 23 24 29 36 41 42 43 45 
46 47 48 53 56 59 64 67 68 71 73 75 
77 79 81 84 86 90 91 93 96 97 103 104 
106 108 116 124 126 129 132 136 142 143 145 146 
148 149 150 151 155 159 165 167 168 171 175 179 
182 186 187 192 193 
68
2 5 10 11 12 16 17 20 22 24 25 26 
28 29 31 33 34 35 41 52 54 58 59 61 
62 66 69 72 73 74 75 78 87 89 91 93 
108 109 111 113 117 121 124 125 134 135 136 140 
142 144 146 147 150 152 156 164 168 170 176 181 
182 183 186 188 189 194 197 200 
57
10 16 18 30 37 39 41 42 45 46 49 57 
60 61 62 71 73 74 75 76 79 84 85 87 
91 92 93 107 108 109 111 115 116 126 127 129 
134 140 146 150 151 153 157 159 160 162 170 172 
174 177 179 180 185 191 192 193 195 
65
2 6 7 10 11 12 13 14 17 19 20 21 
28 29 37 40 41 42 46 48 49 51 52 53 
65 74 77 78 79 87 89 91 92 98 99 105 
108 110 111 114 115 117 120 124 127 129 137 140 
147 151 158 159 164 165 168 171 173 174 178 185 
188 190 191 197 198 
77
5 10 15 16 17 21 23 27 28 29 31 32 
38 39 40 41 42 43 45 48 52 53 54 59 
61 65 66 68 72 79 81 86 87 89 91 96 
97 98 99 108 117 119 120 121 122 123 128 130 
132 134 135 136 137 138 139 141 143 151 152 157 
159 161 163 168 172 177 178 179 180 181 184 185 
186 192 193 194 199 
62
1 3 8 12 18 19 22 26 27 30 31 35 
36 38 48 49 56 58 65 68 75 77 78 79 
80 83 84 85 89 91 95 96 98 100 103 104 
108 114 117 119 123 125 128 130 134 135 136 138 
142 149 151 155 160 161 169 173 177 181 183 184 
187 193 
59
1 6 7 9 10 12 17 20 21 23 27 31 
34 36 37 38 40 47 56 61 64 68 70 71 
72 76 82 85 92 96 103 105 106 107 114 118 
121 124 125 127 129 136 137 141 142 144 148 150 
155 156 157 159 163 168 180 181 193 196 200 
72
2 5 11 17 22 23 25 27 28 30 31 32 
33 34 41 43 44 51 53 54 55 56 57 58 
65 66 67 69 75 76 78 81 82 88 93 94 
95 96 100 108 112 115 117 120 123 124 126 130 
131 132 133 134 138 144 147 156 157 158 159 163 
165 168 170 171 174 179 181 183 190 193 197 199 
61
1 2 6 10 18 19 21 22 30 31 33 35 
47 48 51 52 54 55 57 61 63 64 65 67 
70 81 82 83 85 90 93 95 101 104 109 110 
121 122 123 129 132 134 135 138 143 144 147 152 
159 161 164 166 170 172 173 177 181 186 189 193 
199 
51
7 8 10 11 12 18 23 24 36 38 39 40 
49 55 56 57 62 67 68 69 70 73 80 81 
83 86 94 97 106 108 113 114 120 121 134 135 
136 141 145 155 163 165 171 174 176 180 185 191 
198 199 200 
55
5 12 15 20 22 23 24 27 28 32 35 39 
47 59 61 70 71 73 74 76 87 96 100 104 
106 109 114 123 124 128 131 132 133 134 135 140 
142 143 149 154 157 159 160 161 162 169 170 173 
177 178 179 181 187 189 196 
57
1 6 29 30 31 33 34 37 39 40 42 43 
48 51 53 55 56 66 68 71 72 75 76 78 
90 91 93 94 99 107 108 110 112 116 121 129 
130 131 144 147 148 149 153 155 157 162 171 177 
180 183 185 186 187 189 195 197 198 
63
1 2 4 6 7 8 9 14 29 35 37 40 
42 44 46 47 51 54 61 62 63 64 68 71 
84 85 95 96 97 99 105 107 109 112 114 126 
131 133 134 139 149 151 157 158 159 162 163 164 
167 168 169 173 174 176 177 180 184 188 190 191 
193 195 198 
61
1 8 11 14 19 21 23 27 32 33 35 47 
48 50 54 55 62 66 70 73 74 81 83 84 
85 88 91 94 95 98 103 104 106 110 113 117 
122 124 134 135 136 138 146 150 154 155 158 159 
160 162 164 180 185 186 187 192 193 194 195 197 
198 
56
4 6 10 12 14 15 17 32 33 40 46 49 
50 51 52 61 67 73 74 75 77 78 82 87 
89 98 101 103 109 111 114 118 122 124 135 136 
138 139 140 141 145 147 148 153 166 171 172 177 
179 183 187 188 190 194 196 197 
70
1 8 9 11 14 16 17 22 23 25 32 39 
40 42 43 44 45 46 57 58 63 65 73 74 
76 78 79 83 90 91 92 93 95 97 100 101 
109 110 111 112 113 116 120 123 127 131 132 133 
135 139 140 146 147 154 157 159 160 163 164 170 
171 178 180 187 188 189 195 196 197 199 
59
3 5 10 16 17 18 19 26 28 32 33 37 
38 39 40 46 52 55 58 63 64 65 67 72 
77 82 83 85 86 93 96 97 100 101 102 105 
126 128 131 132 140 142 144 148 152 158 160 161 
162 165 169 170 179 180 182 184 186 188 192 
61
2 6 8 12 14 15 18 23 24 29 32 34 
35 37 42 49 54 57 59 61 64 66 70 71 
79 89 91 92 93 95 96 97 99 100 115 122 
123 129 132 133 135 138 139 149 150 153 154 158 
161 162 166 168 172 175 177 178 181 188 190 195 
199 
58
6 10 11 12 14 25 26 29 35 39 42 43 
44 46 49 50 54 55 60 65 73 79 80 82 
87 89 94 95 97 100 105 109 110 111 113 118 
120 129 132 134 135 137 138 139 142 145 152 153 
154 158 163 171 172 173 182 191 193 196 
52
5 8 10 20 21 29 36 39 41 42 50 55 
58 59 65 75 79 90 93 102 105 106 107 109 
115 120 122 124 128 130 133 134 135 136 140 144 
150 152 155 158 164 171 172 173 177 181 182 187 
188 194 198 199 
63
2 4 6 7 13 14 19 22 30 34 36 37 
38 39 45 46 48 51 53 55 56 57 59 71 
72 73 76 77 84 87 91 94 95 98 99 103 
105 106 108 109 116 121 122 123 129 134 135 142 
146 153 154 156 165 169 171 173 179 182 188 191 
195 199 200 
62
3 9 10 11 13 14 16 21 22 23 26 32 
35 36 37 47 49 56 58 64 65 66 74 78 
81 82 85 89 101 116 117 127 129 130 131 132 
133 136 137 141 144 145 146 153 156 157 158 161 
165 166 167 169 171 173 178 179 180 182 185 186 
188 200 
63
5 6 7 8 9 13 14 16 24 31 36 40 
41 42 44 45 53 54 55 57 58 70 74 79 
83 86 91 94 96 101 102 107 112 113 115 117 
118 119 128 132 134 135 136 137 138 140 147 151 
157 160 161 162 163 166 167 168 169 171 178 188 
195 197 200 
61
2 4 9 11 21 24 25 34 39 40 43 48 
53 54 60 64 66 68 76 78 81 83 84 88 
90 91 94 98 103 107 116 120 125 127 129 131 
141 143 144 145 149 150 151 153 157 159 161 164 
165 166 170 174 179 181 184 185 186 188 190 192 
197 
60
2 6 9 10 11 15 18 19 33 37 41 42 
45 49 51 52 55 56 63 64 66 70 74 75 
76 83 84 88 90 97 99 101 102 103 108 111 
117 118 128 131 133 135 139 142 152 156 159 161 
165 168 172 174 178 179 181 185 189 194 195 200 
66
5 13 19 22 24 31 32 34 35 39 41 42 
44 49 50 53 54 55 56 57 58 59 60 67 
71 80 82 85 86 87 90 96 97 100 101 103 
106 107 108 113 114 115 116 123 127 131 132 133 
137 144 147 148 155 157 158 159 163 171 182 184 
185 187 189 192 195 200 
58
10 11 12 13 16 21 23 32 35 36 39 42 
44 45 54 55 57 61 62 63 67 69 71 75 
81 82 84 88 89 90 91 95 101 102 103 106 
109 115 116 119 122 130 131 136 138 142 144 155 
157 163 164 167 182 184 185 189 192 195 
57
6 9 15 18 19 21 24 28 29 41 42 44 
48 52 55 56 57 60 65 66 74 76 85 91 
97 104 107 114 118 120 125 127 134 137 138 147 
148 150 154 158 162 163 165 166 168 169 171 172 
173 175 176 181 188 189 191 192 199 
63
1 4 7 9 18 22 23 24 32 33 35 38 
41 42 45 48 49 51 52 53 62 63 67 70 
77 78 81 88 91 92 95 96 103 105 106 109 
112 123 124 125 126 128 137 138 144 145 153 156 
159 160 163 166 172 173 178 182 188 189 191 196 
198 199 200 
62
4 5 8 9 13 15 17 35 41 42 50 51 
53 57 59 60 63 64 66 74 76 77 85 91 
92 96 97 98 105 108 109 110 119 121 124 127 
129 134 135 137 139 141 143 145 146 154 157 160 
161 165 172 175 178 179 182 186 188 189 195 197 
198 199 
53
2 4 6 8 12 16 22 23 27 30 31 34 
39 45 47 49 52 57 58 60 61 65 70 75 
78 81 83 90 98 107 111 117 118 120 122 128 
129 132 135 137 138 142 150 154 159 160 166 169 
175 188 192 198 199 
55
1 3 5 6 11 25 27 31 32 33 39 49 
51 55 56 58 61 62 70 72 75 78 81 85 
86 88 96 100 101 102 104 121 122 124 129 130 
140 147 151 153 155 157 158 161 162 164 171 179 
183 184 187 188 194 195 199 
60
1 4 7 10 12 28 31 32 37 40 43 44 
46 50 53 55 56 60 63 64 66 68 77 80 
81 82 84 87 91 94 96 103 109 112 114 117 
118 122 126 128 131 135 142 147 149 155 163 170 
176 177 178 182 183 185 189 190 196 198 199 200 
51
9 15 22 27 29 35 36 39 40 47 48 49 
52 54 60 61 62 66 68 71 73 79 84 93 
101 106 107 108 111 117 124 129 134 141 145 148 
150 153 155 156 157 161 165 168 172 174 183 185 
186 190 194 
62
4 7 12 15 21 25 31 36 37 42 55 56 
57 63 65 70 73 74 81 87 90 91 94 97 
98 100 101 104 105 107 113 114 119 120 121 125 
126 128 139 143 147 148 150 151 153 157 158 162 
163 164 166 168 170 173 178 180 184 188 192 194 
195 199 
65
1 2 3 4 5 10 15 20 22 23 26 29 
32 37 38 39 46 51 55 59 61 64 67 69 
78 80 82 85 88 93 94 96 101 104 114 115 
117 123 125 132 134 135 139 140 144 152 154 155 
157 159 172 178 180 183 184 185 186 187 189 190 
191 192 194 196 200 
66
4 5 6 11 13 20 25 26 28 30 34 36 
37 39 53 54 55 59 60 62 67 71 72 76 
80 83 87 88 89 96 97 102 103 105 106 108 
111 115 117 120 130 132 136 137 141 142 143 151 
152 154 159 163 168 169 170 173 174 176 177 180 
183 187 189 191 197 198 
65
1 3 8 18 19 20 21 25 28 31 33 35 
37 41 42 48 49 53 56 61 66 67 71 74 
79 81 82 83 86 88 102 104 106 107 114 117 
119 120 121 122 125 127 128 138 144 147 149 150 
156 164 166 168 171 172 173 177 182 183 186 191 
194 195 198 199 200 
53
8 10 12 15 21 22 23 24 29 35 41 45 
47 50 52 55 58 69 75 83 90 92 95 99 
102 103 104 106 109 110 116 117 119 123 128 133 
134 141 145 147 150 154 155 158 159 169 174 176 
189 193 196 199 200 
46
8 9 19 22 23 25 28 31 34 35 50 60 
67 68 70 73 78 80 82 86 90 98 99 100 
104 110 112 120 121 125 130 137 146 148 152 153 
154 160 164 165 171 173 181 184 194 199 
61
1 5 7 8 14 17 21 23 24 27 35 36 
41 42 43 45 47 58 62 65 67 68 73 74 
79 81 88 89 94 95 97 99 104 105 108 111 
112 121 130 133 134 136 137 138 142 151 156 157 
158 162 163 164 166 168 169 171 173 176 189 191 
197 
67
3 8 11 12 13 14 16 22 27 31 33 34 
40 44 52 55 59 61 62 64 68 74 75 78 
83 95 96 103 107 109 110 111 113 115 120 121 
122 125 126 127 131 136 138 143 144 147 150 152 
155 158 159 162 163 164 165 167 169 171 175 179 
181 182 186 192 196 197 198 
57
2 12 13 16 17 24 29 35 37 43 46 49 
50 53 54 57 59 60 64 72 74 78 85 97 
101 108 109 110 112 113 116 118 119 122 123 133 
135 140 142 144 150 152 154 156 157 161 165 171 
172 173 178 181 185 187 189 193 195 
69
1 4 7 11 15 17 19 24 26 30 32 33 
39 41 43 46 51 55 60 64 67 70 80 83 
84 85 90 91 93 95 96 100 101 103 105 106 
108 109 112 114 120 121 124 125 127 131 133 135 
136 140 146 148 154 155 157 162 165 167 168 170 
177 178 183 189 192 193 196 197 198 
59
1 3 9 11 16 21 23 25 26 27 28 31 
37 38 45 46 51 55 56 59 64 69 70 72 
75 77 79 80 81 85 86 88 90 96 99 102 
104 113 119 122 125 128 129 130 133 136 144 145 
147 161 166 174 180 182 187 190 196 198 199 
54
4 7 9 23 24 27 28 30 36 48 49 51 
54 57 59 64 75 76 86 87 96 103 104 105 
109 113 115 116 121 130 133 135 138 142 147 151 
152 158 160 163 166 169 170 177 181 182 183 184 
185 186 189 193 196 200 
53
2 3 7 11 12 17 20 25 26 34 35 37 
39 41 45 50 54 56 60 61 62 66 67 69 
84 89 107 108 115 119 126 128 131 132 140 144 
146 147 149 158 159 162 163 166 167 172 186 191 
192 193 194 197 200 
69
3 5 7 8 9 10 15 17 19 22 25 29 
30 32 35 36 38 39 53 54 56 57 60 62 
65 68 70 71 72 73 76 82 89 90 92 95 
97 109 113 116 121 122 123 124 126 127 130 131 
133 138 145 150 158 164 167 168 170 172 173 174 
176 181 182 184 186 187 195 198 200 
61
2 3 4 5 17 19 21 23 24 26 32 33 
41 48 50 56 59 64 66 70 80 82 84 85 
86 91 92 93 99 100 103 107 109 114 115 119 
121 126 127 132 133 134 141 150 154 157 160 166 
168 169 170 180 182 186 189 191 193 196 197 199 
200 
57
2 4 8 12 15 16 24 26 27 29 32 33 
35 37 40 47 51 52 57 58 66 67 70 71 
74 75 80 87 90 92 94 95 96 101 102 104 
106 119 135 138 142 143 152 156 161 170 172 174 
175 183 184 186 187 188 190 199 200 
61
1 2 3 4 8 10 11 13 14 19 20 23 
24 30 31 33 39 40 42 44 51 53 57 58 
66 69 70 72 86 87 88 89 98 100 102 105 
107 108 112 113 114 125 129 132 138 141 148 151 
159 162 170 174 177 182 183 184 185 189 194 197 
198 
53
1 3 9 10 12 15 16 20 21 22 26 28 
33 37 40 43 44 59 61 66 78 83 86 89 
95 98 100 109 110 115 119 128 131 133 137 141 
142 143 148 149 151 153 156 166 167 172 178 179 
181 184 186 193 194 
61
12 14 16 19 21 35 42 43 50 51 54 58 
60 61 63 65 66 69 73 74 77 83 84 89 
90 91 94 96 100 102 103 110 111 114 124 129 
131 133 137 141 146 149 150 152 153 160 166 168 
171 172 176 183 184 185 188 189 191 194 196 197 
199 
48
2 7 13 14 17 19 20 22 30 31 39 43 
46 50 53 56 57 62 63 64 66 71 75 77 
85 98 104 117 128 130 131 134 135 138 139 140 
142 144 146 147 148 149 156 161 164 167 190 198 
67
1 5 6 10 11 14 15 16 22 23 25 29 
31 32 33 39 56 57 62 64 69 71 81 82 
85 86 88 89 90 91 93 94 96 97 100 106 
109 118 120 128 131 133 136 140 143 145 147 149 
152 156 160 164 167 169 170 172 173 185 186 187 
189 190 192 193 194 197 198 
56
6 8 9 10 13 17 19 20 28 36 42 43 
45 46 47 50 52 56 58 64 65 68 72 83 
84 116 117 120 122 124 128 129 131 132 135 137 
139 140 142 149 150 153 158 159 163 165 167 173 
175 177 178 180 181 183 184 188 
50
5 11 12 14 26 27 28 31 36 37 51 52 
55 59 68 70 72 73 75 86 90 98 102 112 
113 117 119 122 124 126 128 129 138 144 147 149 
153 154 162 167 169 170 171 174 175 176 184 188 
190 199 
61
2 3 4 5 8 12 16 17 25 31 37 41 
43 51 57 60 61 62 65 69 70 74 77 78 
82 86 95 101 103 105 106 108 109 110 112 115 
116 117 118 122 123 127 128 130 141 146 150 151 
153 158 159 161 162 172 176 179 182 183 186 192 
194 
59
2 3 6 13 30 31 33 38 44 49 50 51 
53 56 58 59 72 80 82 83 84 88 90 92 
93 95 97 100 101 103 104 107 108 110 112 116 
118 121 123 130 134 138 142 143 149 150 161 167 
172 173 176 177 180 183 186 190 193 196 200 
55
2 5 6 12 18 22 23 25 37 39 40 41 
44 45 47 48 58 59 62 63 68 73 80 81 
82 88 92 93 96 98 99 103 107 111 112 116 
117 126 133 137 139 142 149 150 161 162 171 172 
176 177 182 186 197 199 200 
56
1 4 14 17 20 21 22 25 27 28 32 33 
38 39 59 62 67 72 77 78 79 81 84 92 
94 101 107 112 114 117 125 127 131 137 139 142 
145 147 149 151 154 157 162 176 179 180 181 182 
186 187 188 195 196 197 198 199 
58
4 9 10 13 14 16 18 24 25 30 32 34 
39 43 46 58 59 63 67 70 74 81 85 91 
100 101 102 105 106 107 110 114 117 119 126 129 
134 136 137 141 142 149 151 154 155 159 170 171 
174 175 176 177 179 183 185 191 195 196 
51
4 11 12 16 27 29 31 34 35 41 43 49 
55 58 63 65 67 74 76 78 89 92 93 94 
98 102 103 105 110 113 114 117 124 127 129 134 
144 148 149 150 153 154 156 160 168 169 171 179 
182 196 197 
51
4 11 12 14 17 33 34 39 51 53 54 56 
61 62 64 71 81 91 94 98 101 107 109 112 
124 132 133 134 136 137 141 143 145 146 148 151 
154 156 166 167 169 173 174 175 180 182 187 191 
193 196 198 
63
4 8 9 11 14 16 17 18 22 33 34 36 
44 46 48 49 52 54 62 69 71 72 74 78 
80 82 85 87 91 94 96 99 100 101 102 104 
105 106 112 114 119 121 124 129 132 133 135 139 
144 150 155 162 164 168 171 172 174 183 184 187 
189 194 200 
60
7 11 12 16 18 22 23 30 33 36 43 45 
46 48 50 66 68 70 82 84 85 88 94 98 
103 104 116 118 122 123 128 131 132 133 136 138 
139 140 141 142 147 149 152 158 162 164 165 166 
167 168 169 170 172 178 183 184 185 189 190 195 
49
2 3 6 7 13 15 20 27 28 30 31 38 
43 51 58 61 65 73 80 83 87 92 97 98 
100 103 110 111 115 130 136 140 142 143 151 155 
158 161 168 177 178 179 185 187 188 190 195 196 
198 
57
6 9 12 13 15 20 26 30 32 33 35 36 
37 42 51 52 55 63 73 78 80 87 95 99 
101 102 104 109 116 120 122 123 125 127 132 133 
135 138 140 144 145 147 148 154 156 158 160 163 
165 172 178 179 180 188 190 195 197 
66
6 13 17 18 20 21 27 32 49 52 53 54 
55 57 58 62 67 73 74 78 79 80 82 83 
85 86 88 91 93 94 98 101 103 105 107 109 
117 119 121 122 123 128 131 135 137 138 139 148 
152 158 164 169 170 174 176 177 178 179 180 181 
185 186 190 192 195 199 
61
3 4 5 6 7 8 10 11 13 17 22 23 
29 30 38 39 46 53 54 56 73 77 78 80 
91 92 94 96 98 99 100 103 112 115 117 123 
124 129 130 132 133 144 145 146 147 149 153 154 
155 157 159 161 164 172 173 176 181 188 190 196 
199 
59
2 13 15 20 24 27 28 36 40 43 44 45 
48 49 54 61 69 71 76 79 85 89 91 94 
98 100 106 108 109 119 123 127 128 132 134 136 
137 138 140 142 143 150 151 153 157 164 168 171 
172 175 176 179 187 190 193 196 197 198 199 
62
1 3 6 12 19 20 22 32 36 40 42 43 
45 46 52 54 60 74 75 76 84 87 90 91 
94 97 98 103 108 114 117 120 125 127 128 129 
130 132 136 139 144 146 148 149 153 159 162 164 
165 176 179 181 183 185 186 190 192 193 194 195 
196 199 
66
8 11 13 14 18 21 22 27 32 35 37 38 
40 48 50 51 52 61 63 66 73 77 80 83 
90 91 94 98 99 100 104 107 108 110 111 112 
114 117 119 125 127 132 134 135 137 138 143 148 
150 154 155 159 161 164 169 174 175 178 181 183 
185 188 189 193 195 200 
66
3 4 6 8 9 15 18 20 21 22 23 28 
34 37 42 43 45 46 48 51 55 56 68 69 
73 79 87 89 91 93 94 96 98 99 100 101 
103 104 105 107 108 112 121 129 130 131 138 143 
144 145 146 148 152 156 158 159 162 164 174 176 
181 182 186 191 198 200 
52
1 8 9 12 15 16 25 26 27 28 29 37 
52 53 54 55 59 60 61 62 74 75 76 79 
83 101 109 114 124 127 128 132 138 142 144 154 
155 158 159 162 163 172 181 182 185 188 191 192 
193 194 195 197 
52
5 15 17 33 35 37 38 39 40 46 49 50 
53 56 58 62 65 68 76 77 80 89 97 98 
99 101 103 105 107 114 117 121 123 125 134 135 
140 142 146 147 151 155 156 165 172 173 174 181 
189 190 195 200 
55
1 15 16 19 23 25 29 31 32 36 37 42 
48 51 62 65 66 69 73 76 85 88 90 92 
104 106 107 111 112 116 118 124 125 127 128 130 
136 148 151 152 153 154 159 161 162 167 170 171 
172 175 178 187 188 197 199 
60
1 2 5 13 16 20 22 23 24 28 30 31 
32 40 41 49 57 59 61 64 68 69 72 79 
80 85 90 96 100 102 106 109 118 124 130 132 
134 135 137 139 140 141 142 143 145 148 149 157 
158 159 170 172 176 179 181 187 191 193 194 196 
54
1 3 7 14 15 23 26 28 34 35 37 39 
41 42 46 50 51 56 58 59 62 63 64 67 
68 76 80 82 86 88 89 92 95 103 109 117 
122 123 131 135 139 143 144 146 153 157 160 161 
172 178 180 181 183 199 
62
5 6 10 12 16 18 24 26 35 40 43 45 
54 57 62 63 64 65 68 69 70 74 78 86 
88 91 93 96 97 103 111 112 115 117 124 127 
130 133 135 137 138 144 151 154 161 162 163 168 
171 173 174 175 177 179 180 189 191 192 194 197 
199 200 
65
2 5 9 10 15 16 17 18 19 20 24 26 
27 29 37 38 41 44 46 50 51 52 54 55 
57 58 61 63 66 69 74 77 79 93 95 96 
101 103 105 106 109 122 127 128 130 131 133 135 
138 139 147 149 150 156 159 163 164 165 172 173 
178 189 190 195 197 
56
3 7 9 13 23 24 27 30 31 34 39 47 
50 54 65 66 72 73 74 75 84 86 89 94 
97 98 100 102 103 104 114 117 122 123 125 128 
133 138 140 149 153 158 160 161 162 166 167 168 
171 176 177 183 187 193 198 199 
52
4 10 14 16 20 22 23 24 27 32 33 35 
40 49 51 59 65 68 69 70 75 77 78 79 
82 85 91 96 98 115 117 123 124 135 137 140 
143 148 150 152 153 163 169 172 175 178 179 183 
184 186 193 197 
60
2 3 14 17 21 22 25 27 29 30 31 32 
34 49 52 55 63 65 66 67 78 79 82 83 
95 96 97 99 101 102 103 108 110 114 115 118 
123 124 127 131 136 137 141 142 145 147 148 149 
152 153 154 158 161 163 166 178 179 183 192 199 
56
3 4 7 11 18 22 28 32 33 36 39 45 
46 52 53 68 70 71 72 74 79 82 89 95 
96 99 108 117 118 126 127 130 132 135 142 143 
148 149 150 151 155 156 160 164 165 172 174 178 
188 191 192 194 195 196 197 199 
50
2 3 8 10 11 18 20 23 25 31 34 35 
47 53 55 60 65 67 73 74 75 78 80 81 
87 99 102 104 109 114 119 126 129 133 136 143 
147 148 153 162 163 168 169 176 177 178 179 185 
193 198 
48
2 6 22 24 27 29 34 36 40 41 43 48 
51 58 64 69 70 75 76 77 83 91 109 110 
113 115 116 118 124 125 128 133 139 154 155 157 
158 159 162 163 168 170 174 175 179 181 182 190 
69
1 5 8 12 15 16 20 21 25 31 32 37 
40 43 44 45 48 52 53 57 58 59 61 62 
63 64 67 69 73 74 75 76 78 86 88 90 
91 102 105 106 108 111 115 123 127 128 130 131 
135 148 152 153 155 158 159 161 163 165 169 171 
173 174 175 184 186 188 191 198 200 
58
2 4 7 8 9 12 14 21 26 30 36 41 
42 45 46 55 56 58 68 73 75 79 82 86 
92 94 98 99 100 102 104 108 110 113 114 115 
118 119 120 133 134 135 137 140 141 143 146 155 
164 176 178 182 183 184 187 191 198 199 
