100 200
1 1 1 1 1 1 1 1 1 1 1 1 
1 1 1 1 1 1 1 1 1 1 1 1 
1 1 1 1 1 1 1 1 1 1 1 1 
1 1 1 1 1 1 1 1 1 1 1 1 
1 1 1 1 1 1 1 1 1 1 1 1 
1 1 1 1 1 1 1 1 1 1 1 1 
1 1 1 1 1 1 1 1 1 1 1 1 
1 1 1 1 1 1 1 1 1 1 1 1 
1 1 1 1 1 1 1 1 1 1 1 1 
1 1 1 1 1 1 1 1 1 1 1 1 
1 1 1 1 1 1 1 1 1 1 1 1 
1 1 1 1 1 1 1 1 1 1 1 1 
1 1 1 1 1 1 1 1 1 1 1 1 
1 1 1 1 1 1 1 1 1 1 1 1 
1 1 1 1 1 1 1 1 1 1 1 1 
1 1 1 1 1 1 1 1 1 1 1 1 
1 1 1 1 1 1 1 1 
63
2 8 10 11 15 18 21 28 33 35 37 40 
43 44 46 50 51 56 66 70 73 77 81 82 
87 89 95 96 98 99 102 105 107 112 115 117 
119 120 122 127 130 136 138 139 150 155 158 160 
161 162 163 164 168 169 175 177 178 180 184 186 
187 188 198 
67
7 9 11 12 13 15 18 19 25 29 30 31 
32 39 40 41 46 48 49 51 53 54 56 59 
61 62 69 73 75 77 88 92 98 101 106 111 
121 122 130 131 132 133 134 137 138 146 149 150 
151 153 160 162 164 165 167 168 169 177 179 188 
189 190 191 193 194 198 200 
64
4 11 13 17 20 23 25 26 28 29 30 31 
33 35 36 38 44 45 65 66 69 70 72 75 
76 78 79 84 86 95 96 99 101 105 110 111 
112 120 121 122 125 126 128 130 132 147 156 158 
161 163 166 168 169 171 173 175 176 178 181 182 
189 191 199 200 
53
2 4 6 10 21 22 23 25 37 38 42 45 
46 48 54 60 62 65 66 68 76 78 88 93 
94 96 99 104 106 109 110 112 115 116 123 130 
134 136 138 139 140 147 166 170 172 178 187 189 
190 192 194 195 199 
60
4 5 6 8 9 12 20 21 23 27 31 35 
37 45 47 51 52 55 56 59 60 73 75 77 
79 83 88 89 93 96 97 100 103 106 108 109 
111 114 117 123 126 129 132 135 145 148 151 152 
155 160 161 162 167 168 170 174 194 198 199 200 
70
1 5 6 9 11 12 15 18 20 24 25 28 
30 35 42 44 46 50 51 54 55 62 76 78 
80 82 83 96 99 100 101 102 104 105 106 107 
108 120 124 128 130 132 134 136 139 142 144 146 
148 150 151 156 158 165 167 169 172 174 177 178 
179 183 184 186 190 193 194 195 197 200 
61
1 4 5 11 12 19 23 26 28 30 34 36 
37 38 43 48 50 56 57 58 61 64 65 75 
78 84 85 88 96 102 110 112 113 120 122 133 
141 144 147 149 150 151 154 156 157 158 159 162 
163 167 169 171 175 176 184 187 189 192 193 195 
199 
63
3 7 12 15 16 17 18 19 22 29 30 36 
44 46 47 49 52 53 56 64 71 77 86 90 
105 108 109 116 117 118 119 120 121 122 124 127 
129 131 133 137 141 142 148 149 150 152 155 162 
164 171 174 175 182 185 186 188 191 192 194 196 
197 199 200 
67
1 6 13 18 29 31 32 36 37 39 40 41 
45 47 48 50 53 56 57 59 64 66 69 73 
74 76 77 82 84 85 94 96 98 104 105 107 
108 109 119 120 125 128 129 133 135 136 143 145 
147 148 149 152 157 158 162 168 173 174 178 181 
186 189 191 192 193 194 200 
65
2 4 8 9 12 13 15 17 18 21 24 25 
26 28 32 34 37 39 40 41 43 44 57 58 
61 69 73 76 78 79 80 86 90 93 97 104 
109 114 116 121 122 123 124 129 132 133 134 135 
143 144 150 153 154 156 157 169 172 174 176 177 
179 180 183 184 197 
64
2 4 12 22 27 29 30 43 44 47 48 49 
56 58 60 62 63 66 75 76 78 81 84 85 
87 88 95 98 101 106 116 117 122 125 126 127 
130 132 133 138 141 144 147 148 150 153 158 162 
165 166 167 169 177 178 179 180 181 183 184 190 
191 193 199 200 
64
5 12 14 19 24 27 29 32 33 35 38 40 
46 48 50 56 57 62 64 67 70 74 76 80 
82 88 97 101 104 106 107 109 111 114 117 118 
120 129 134 135 141 144 146 149 158 159 160 163 
164 165 168 169 171 172 178 183 184 186 187 188 
191 195 196 198 
61
1 6 10 12 15 19 20 31 32 34 36 37 
48 62 64 65 76 77 79 83 85 87 88 89 
92 93 95 98 103 106 111 112 120 123 127 128 
129 132 135 136 139 143 145 155 156 159 161 164 
165 169 172 173 177 182 184 187 193 195 196 197 
199 
57
11 14 15 16 18 28 37 40 43 57 59 61 
64 65 66 67 71 72 74 79 81 82 93 96 
97 101 102 103 109 115 119 123 124 128 130 132 
135 137 140 141 146 148 150 157 160 162 166 169 
173 176 178 179 180 187 188 192 193 
67
3 4 6 7 8 10 11 15 17 21 26 28 
31 32 33 46 48 50 55 57 59 62 63 66 
68 76 77 78 85 86 88 92 94 95 97 98 
105 109 110 114 115 123 125 131 135 139 146 149 
150 152 156 158 160 161 167 170 171 172 175 180 
182 186 188 191 196 197 199 
59
1 5 15 19 21 24 28 29 31 32 34 35 
37 46 47 53 54 60 62 69 72 78 81 91 
93 97 98 103 105 108 109 110 112 115 117 124 
126 131 133 134 137 142 143 148 149 151 157 158 
163 164 167 171 172 177 186 187 191 192 195 
57
1 2 5 10 13 14 15 16 19 20 25 26 
34 35 40 41 49 51 59 60 70 71 72 76 
83 86 90 91 104 107 109 110 112 113 114 117 
119 125 126 127 131 132 138 143 151 157 160 162 
163 168 171 174 180 182 183 191 196 
70
1 8 10 12 13 18 24 25 27 29 34 37 
38 42 44 45 52 53 56 57 65 68 69 70 
71 73 83 84 88 89 91 94 95 97 100 105 
108 113 114 115 116 117 118 121 126 132 133 140 
144 146 149 150 153 155 157 159 162 167 168 169 
170 173 178 179 188 190 193 198 199 200 
53
1 3 6 7 11 12 17 18 20 23 25 34 
35 40 49 54 56 60 68 74 79 80 89 90 
92 94 101 108 111 113 115 118 125 131 132 135 
136 137 141 148 152 153 154 156 160 162 170 171 
187 188 192 196 197 
59
1 3 5 8 13 16 18 22 24 33 35 38 
39 40 41 48 51 54 59 60 65 66 68 75 
77 78 79 80 82 83 85 92 96 98 100 101 
102 106 117 123 124 125 127 128 129 133 134 146 
147 155 158 164 170 173 177 180 183 186 199 
62
7 9 11 12 14 19 20 24 26 29 32 38 
40 44 47 49 50 53 63 65 67 72 75 76 
77 84 88 89 92 99 100 101 112 115 117 119 
123 128 131 132 133 136 137 138 139 142 144 146 
149 154 156 157 159 165 166 175 187 190 196 197 
199 200 
54
4 6 9 14 16 21 23 26 27 33 35 36 
47 49 50 52 54 55 58 60 61 62 67 70 
77 87 88 90 92 97 105 115 116 130 133 143 
144 146 147 149 153 155 159 162 168 170 171 172 
175 180 186 190 196 199 
80
1 2 4 7 9 10 15 16 17 21 25 26 
27 30 32 36 39 42 43 44 47 51 54 55 
56 57 59 61 66 68 70 72 73 76 82 84 
86 91 92 95 96 99 100 101 103 107 118 119 
120 121 123 124 125 126 127 133 134 135 139 142 
147 148 152 154 157 158 159 160 163 164 167 171 
172 173 179 185 187 193 196 200 
51
5 8 22 40 43 45 48 49 50 54 62 63 
66 69 71 72 73 77 78 80 87 88 91 92 
95 99 104 106 107 112 113 116 117 119 121 123 
130 136 137 138 148 151 152 156 168 172 178 185 
188 190 195 
53
4 8 13 20 23 32 45 47 48 51 54 57 
59 60 61 62 65 70 73 75 78 80 82 86 
89 95 110 116 117 120 122 132 135 137 140 146 
153 156 157 160 163 169 174 175 177 183 188 189 
193 195 196 198 200 
52
3 8 16 20 26 31 33 34 37 38 42 47 
53 54 55 60 61 63 64 78 80 82 85 86 
91 92 93 94 98 99 101 108 110 111 121 122 
128 129 137 144 145 147 148 150 151 155 158 170 
171 173 182 199 
46
1 7 8 9 13 17 20 22 24 28 37 39 
45 46 51 55 58 60 66 76 78 82 88 92 
96 98 103 112 113 116 119 129 133 136 142 151 
155 156 161 162 172 176 189 191 193 198 
62
2 11 13 14 16 17 18 22 23 25 31 32 
33 35 40 44 47 49 50 55 59 63 64 68 
78 79 80 81 82 83 86 91 97 99 101 104 
109 111 115 123 126 127 129 131 132 136 144 149 
150 155 157 159 160 161 171 178 184 186 190 196 
197 200 
65
2 7 10 15 21 24 26 27 34 37 38 39 
40 43 44 45 49 56 60 61 64 65 70 71 
73 77 79 81 90 96 99 101 103 104 106 115 
118 120 121 127 132 143 144 145 146 149 154 155 
156 157 164 166 167 168 169 170 172 174 177 181 
182 185 195 198 200 
62
1 7 8 21 22 28 31 34 37 38 39 49 
50 51 53 56 58 61 62 68 69 70 71 72 
74 77 79 82 85 86 92 93 95 100 111 112 
116 119 127 129 131 143 144 145 148 152 153 160 
165 167 169 174 175 176 177 182 187 191 193 197 
198 200 
57
3 7 10 12 15 22 30 31 42 44 52 57 
64 66 69 81 83 84 86 90 94 97 99 102 
107 108 119 123 125 127 129 130 133 136 137 139 
141 147 149 151 152 156 157 158 159 164 173 174 
175 176 184 185 186 187 189 190 196 
63
2 8 14 18 20 21 23 24 25 29 33 35 
39 41 48 49 50 56 59 60 62 67 71 75 
82 88 94 97 99 100 103 105 118 119 122 135 
138 139 140 141 145 148 150 153 154 157 158 160 
161 165 166 173 177 180 181 182 188 191 193 194 
195 197 199 
65
4 5 8 10 11 12 15 22 23 28 31 35 
37 38 41 42 48 50 52 53 60 66 67 69 
71 73 77 79 85 87 88 92 96 100 102 106 
107 111 115 118 121 122 124 129 131 134 137 138 
140 144 150 154 158 162 164 169 171 175 177 178 
181 183 187 190 199 
52
5 8 12 13 17 42 43 44 47 48 52 53 
55 58 73 77 78 80 82 91 93 94 97 98 
100 106 107 109 115 116 117 118 121 127 130 133 
141 144 145 149 151 152 158 169 171 172 179 180 
185 189 191 194 
52
1 10 14 16 17 18 20 33 40 42 43 45 
47 49 51 52 60 61 64 66 72 79 84 89 
92 98 101 104 111 112 114 116 117 120 121 125 
130 132 138 140 143 145 159 163 172 176 178 186 
190 196 198 200 
62
3 5 6 7 9 11 13 16 19 27 31 32 
37 38 41 42 44 54 56 57 62 66 67 77 
86 87 97 101 103 106 108 110 112 114 115 116 
118 119 121 122 124 125 126 127 130 134 137 141 
142 144 146 149 156 159 166 172 184 188 191 192 
193 200 
65
2 3 7 8 10 13 15 18 20 27 33 35 
36 41 43 53 54 55 58 61 62 63 64 70 
74 75 79 86 88 89 96 97 98 100 103 108 
109 115 116 118 120 122 127 128 129 132 135 143 
146 158 161 164 166 168 169 176 179 181 185 187 
189 192 193 194 200 
50
2 3 4 8 9 10 11 15 21 26 27 31 
36 40 46 48 53 54 56 58 70 71 73 83 
87 88 92 96 101 116 119 120 128 129 130 135 
138 143 151 157 162 163 166 178 179 183 186 188 
194 196 
64
2 5 6 10 12 14 18 25 26 31 33 39 
40 43 46 51 52 55 56 59 61 62 82 85 
87 95 97 98 100 106 107 113 114 116 117 119 
120 121 126 130 135 141 142 148 149 152 157 163 
166 167 168 171 173 177 181 182 185 186 187 188 
191 197 198 199 
64
1 2 3 10 12 17 21 23 26 27 29 35 
36 37 38 43 44 45 49 51 53 54 55 57 
58 60 65 67 70 71 72 77 79 82 83 84 
85 98 110 113 114 115 117 122 131 132 134 138 
141 142 155 156 158 165 166 171 175 184 186 187 
190 191 194 198 
54
1 8 15 17 19 20 21 24 28 29 46 55 
57 67 70 73 74 78 82 87 89 93 96 100 
106 109 119 121 136 137 142 144 145 147 149 152 
156 157 161 167 170 174 175 180 183 184 187 191 
193 196 197 198 199 200 
67
4 8 9 11 12 13 14 15 19 21 22 26 
30 36 37 41 43 44 45 47 57 58 64 68 
71 80 81 82 86 91 92 104 111 112 113 118 
120 127 131 132 135 138 139 141 142 145 148 149 
157 160 161 163 166 169 173 175 177 179 181 183 
184 185 190 194 195 199 200 
68
3 6 8 10 15 22 24 25 26 27 28 34 
35 37 39 42 45 50 51 53 57 58 63 66 
68 69 71 72 77 90 92 98 101 102 105 112 
113 119 121 125 130 139 140 141 143 145 156 159 
164 167 169 170 172 177 180 181 182 183 186 187 
188 189 190 193 194 197 198 199 
66
6 7 8 10 13 16 17 18 20 21 25 27 
30 32 37 41 42 46 50 51 54 60 64 71 
73 76 78 79 83 85 88 89 91 92 99 101 
104 108 116 117 127 128 130 134 138 139 140 142 
145 149 151 156 161 162 166 167 170 173 174 179 
180 182 183 189 191 199 
60
2 8 17 18 26 29 32 34 37 40 42 48 
49 51 53 59 60 62 63 68 69 70 75 79 
80 82 83 84 87 88 92 96 100 103 108 110 
119 127 128 129 131 134 136 138 149 157 158 159 
163 167 169 173 178 180 181 185 189 190 192 199 
55
5 11 13 17 19 21 23 35 37 39 41 42 
43 48 49 50 51 64 67 68 70 71 72 75 
78 82 85 96 97 98 99 103 124 125 127 134 
136 149 152 153 156 163 164 168 172 173 175 183 
187 188 193 195 196 199 200 
62
2 5 8 10 11 18 21 24 26 27 28 29 
32 37 38 42 47 49 51 53 59 61 69 73 
76 78 79 84 89 90 93 96 97 98 100 102 
104 109 110 115 117 120 121 126 130 132 135 138 
142 147 153 158 159 162 163 169 174 178 179 189 
196 198 
54
1 3 7 16 23 24 26 30 33 37 39 42 
50 51 68 70 71 76 82 83 85 90 92 95 
96 98 102 104 108 110 111 119 128 129 131 133 
138 148 152 153 157 158 162 165 168 171 173 175 
180 184 188 189 192 194 
77
1 3 4 5 6 7 11 12 14 20 23 25 
27 31 35 51 53 55 57 66 70 73 79 82 
86 93 97 99 100 103 106 107 108 110 111 112 
114 116 118 120 126 128 129 130 132 136 139 141 
142 144 145 147 150 152 158 160 162 166 168 169 
171 172 176 177 181 182 184 185 186 187 191 192 
193 195 198 199 200 
67
1 2 3 4 7 18 21 26 29 33 35 37 
40 42 44 45 51 52 58 59 60 63 70 76 
84 87 90 91 92 94 96 99 102 106 108 109 
110 115 121 122 123 126 127 129 132 134 141 144 
145 149 153 155 159 163 166 167 168 172 175 176 
178 188 190 191 194 195 197 
55
3 5 6 7 9 11 14 24 27 28 35 37 
42 43 45 46 49 51 54 57 58 69 75 76 
79 81 84 86 88 97 100 106 112 113 117 121 
129 137 138 140 144 146 148 150 152 154 159 160 
165 166 178 185 187 189 196 
65
3 5 6 9 10 14 15 17 19 25 38 39 
40 43 46 47 48 50 51 56 58 60 62 66 
68 74 80 82 83 86 90 92 96 97 100 102 
104 105 107 112 113 115 129 141 144 146 147 156 
158 162 164 165 166 169 170 173 174 178 184 189 
190 193 195 196 198 
66
2 3 4 12 13 15 22 24 27 30 32 39 
42 53 58 59 60 64 69 70 72 74 81 83 
84 86 90 91 95 100 105 116 117 119 122 126 
127 128 130 133 134 137 139 140 142 143 145 146 
147 153 156 157 158 161 178 181 182 184 188 189 
190 192 193 194 197 198 
62
1 2 5 8 9 10 13 16 26 27 31 34 
35 40 41 47 51 58 61 63 65 74 77 80 
81 83 86 92 95 96 98 103 106 109 111 112 
119 123 124 126 135 137 141 142 144 149 150 152 
158 162 163 164 165 166 168 170 175 180 188 191 
194 195 
59
1 2 3 5 15 16 20 26 29 31 33 35 
36 37 45 48 49 59 60 67 74 77 78 84 
85 89 99 105 108 111 114 116 117 120 123 127 
131 136 140 142 144 145 147 150 155 157 160 162 
169 170 173 174 181 182 183 185 186 189 200 
70
1 5 6 9 12 14 15 24 29 33 35 46 
47 51 53 58 61 63 66 67 70 72 74 78 
81 86 91 92 93 96 101 107 115 117 119 126 
129 131 134 135 138 139 140 141 144 146 147 155 
156 157 158 163 167 168 170 171 172 175 179 183 
184 186 187 188 190 193 194 195 197 198 
65
1 2 3 6 7 8 10 12 16 18 20 21 
24 27 28 29 31 34 38 42 49 54 57 60 
61 63 64 67 72 74 79 80 81 82 89 92 
96 105 106 113 115 124 129 130 131 134 137 139 
141 143 144 149 153 161 163 165 177 180 181 184 
189 190 195 197 199 
51
2 4 6 7 10 15 24 27 30 31 36 38 
39 41 44 63 69 73 79 81 82 88 94 99 
111 122 124 125 130 134 136 143 144 145 146 147 
149 161 168 176 180 182 184 185 188 189 190 191 
194 197 200 
67
1 5 9 11 15 18 20 21 22 25 27 29 
34 49 55 58 59 62 63 66 68 71 74 75 
77 78 79 80 86 88 99 101 102 104 105 112 
114 117 119 122 124 125 127 130 131 133 135 143 
145 149 153 161 162 164 165 174 176 180 181 185 
187 191 192 195 196 197 199 
70
3 5 6 11 14 15 21 29 30 31 39 40 
42 43 47 48 53 55 56 58 60 61 64 67 
68 73 75 78 79 82 83 86 87 90 92 98 
99 102 103 104 106 113 118 122 123 124 125 128 
133 135 138 142 143 145 148 150 153 155 161 163 
164 166 167 169 172 176 184 192 193 198 
56
4 6 10 14 21 22 23 24 25 27 32 34 
44 50 58 69 74 76 78 86 87 88 89 90 
92 98 100 106 110 114 115 120 122 123 126 127 
130 132 136 146 149 150 152 157 158 163 165 167 
169 176 182 183 186 188 189 197 
58
1 6 9 10 18 21 22 24 27 41 56 57 
59 61 62 66 67 71 76 80 81 82 83 86 
87 88 89 91 92 103 104 105 111 113 118 119 
122 124 132 133 139 142 152 153 161 163 164 167 
171 179 182 183 185 188 190 197 199 200 
70
1 4 14 15 17 19 21 24 27 28 34 35 
37 43 54 58 60 61 72 75 76 78 80 82 
83 88 89 90 91 92 93 98 100 101 104 108 
109 111 112 113 115 118 123 126 132 135 142 143 
144 145 149 153 155 160 162 165 166 168 172 173 
177 182 183 185 186 188 191 193 194 199 
54
3 4 13 14 18 19 25 27 29 32 35 37 
38 41 47 53 54 56 57 63 66 71 74 76 
82 83 85 90 91 94 99 104 105 114 115 116 
118 123 129 133 141 144 146 149 165 166 167 168 
169 176 184 192 193 194 
62
5 11 13 20 29 30 31 33 37 39 42 44 
49 52 55 58 59 60 63 64 66 71 74 78 
82 85 87 89 93 97 98 99 100 105 106 111 
131 132 138 139 140 141 142 143 144 147 150 154 
160 161 163 164 168 174 180 184 187 188 193 194 
199 200 
55
1 4 6 15 21 22 23 25 26 27 28 32 
44 47 63 65 68 69 75 79 80 84 87 88 
89 91 92 95 99 102 103 105 113 114 115 124 
125 127 131 133 146 151 156 159 161 163 167 170 
171 174 182 183 189 193 195 
57
2 5 7 12 14 15 16 23 24 25 30 36 
37 38 44 45 52 58 65 66 67 73 74 76 
77 79 80 85 86 87 93 96 99 103 111 112 
116 126 131 134 139 140 143 146 147 148 150 154 
156 159 163 164 167 183 186 187 194 
65
2 3 6 7 9 10 13 17 20 22 26 28 
33 34 37 39 44 45 57 61 64 66 67 68 
70 72 76 77 79 80 84 85 95 96 97 98 
99 103 106 107 108 110 113 116 119 121 125 128 
130 139 141 148 151 154 161 164 165 169 171 172 
176 185 187 191 200 
60
3 19 21 26 31 38 41 43 45 48 49 51 
52 53 56 65 66 67 68 69 70 71 75 76 
77 79 80 81 87 89 90 94 97 99 102 105 
108 114 117 118 119 126 134 142 144 151 152 154 
158 159 160 161 163 182 183 187 189 195 196 199 
65
7 9 10 11 16 20 21 34 41 42 48 49 
51 52 53 55 57 63 68 72 74 75 80 89 
90 93 94 103 104 109 111 114 115 117 118 122 
124 126 127 130 138 142 144 151 154 158 159 162 
164 168 170 173 174 176 177 180 182 183 184 186 
190 192 193 194 197 
60
2 3 12 13 15 19 24 25 31 33 34 36 
39 44 47 51 53 54 57 58 64 66 69 70 
78 79 80 83 85 88 89 92 93 99 101 102 
110 114 121 124 130 131 137 138 141 144 145 148 
152 153 159 163 166 168 171 177 184 195 197 198 
51
9 10 13 16 19 26 28 32 34 40 44 46 
49 57 60 64 67 75 76 77 78 81 82 84 
88 91 94 98 101 102 112 115 118 125 126 128 
143 144 163 169 172 175 178 180 185 186 188 190 
193 196 200 
61
1 2 6 11 13 16 17 23 26 32 40 41 
42 44 45 50 59 60 64 66 71 73 76 77 
78 79 80 81 82 84 92 93 105 110 111 114 
115 123 126 128 130 135 140 147 148 156 158 159 
160 161 162 163 170 174 177 184 188 192 194 196 
199 
54
1 6 7 10 14 18 26 30 34 36 37 47 
52 54 62 63 70 71 75 80 81 82 86 88 
92 94 99 103 106 113 115 119 121 122 128 129 
132 133 137 148 149 156 162 172 179 186 190 191 
192 193 194 195 198 199 
61
8 16 19 22 24 25 30 33 34 37 39 40 
41 43 45 47 48 50 55 58 65 67 70 76 
78 81 84 85 87 89 93 94 97 99 101 105 
109 110 111 114 119 121 123 132 134 135 141 142 
143 149 151 155 157 164 169 175 179 187 190 194 
199 
51
3 11 17 19 20 22 26 33 34 42 43 45 
46 48 55 57 64 67 74 78 79 85 91 93 
94 99 101 102 104 107 115 118 120 123 125 127 
132 137 140 144 149 158 167 169 171 176 178 179 
190 193 199 
61
5 12 15 17 32 35 36 37 40 42 44 49 
51 54 57 64 65 75 76 81 82 84 85 87 
88 89 91 93 94 95 99 100 104 105 107 109 
112 113 116 117 123 124 129 132 141 145 148 158 
161 163 167 170 175 178 184 187 188 189 191 193 
197 
65
3 7 11 13 24 25 26 28 30 31 36 38 
39 46 49 50 52 64 65 66 70 76 77 81 
82 85 87 88 90 92 96 101 103 105 108 111 
117 120 124 127 135 136 140 144 145 147 149 154 
157 160 162 164 165 167 169 171 173 174 178 182 
183 187 190 195 196 
55
1 3 6 14 15 17 18 20 21 31 32 35 
39 41 47 48 54 56 58 59 63 68 76 81 
82 84 85 86 90 94 99 102 112 114 116 117 
118 124 136 138 145 150 151 152 153 155 156 158 
172 174 182 187 192 196 199 
66
4 17 22 23 24 26 27 29 30 32 33 34 
42 45 47 48 51 53 62 63 64 65 67 69 
72 77 79 88 90 100 105 109 113 115 116 118 
120 122 123 126 129 133 135 137 141 143 150 154 
160 162 163 165 168 169 172 174 179 181 182 183 
185 188 189 191 195 196 
59
1 2 3 6 15 16 17 22 26 30 32 39 
40 46 48 49 50 54 57 61 62 65 69 70 
71 75 78 91 101 103 105 116 117 123 124 128 
135 138 141 142 144 147 152 157 159 160 167 178 
179 181 182 184 185 186 187 189 192 193 197 
67
2 4 5 6 8 9 13 18 19 21 23 27 
29 35 41 44 46 47 48 50 51 57 58 60 
62 63 65 66 67 69 70 71 72 76 77 84 
87 89 101 109 110 111 114 120 124 125 127 130 
134 135 136 137 144 145 150 152 153 164 170 175 
177 180 184 187 189 192 194 
54
12 15 17 20 27 29 36 38 43 64 71 78 
83 84 87 93 95 97 103 108 110 111 115 118 
121 122 125 126 135 136 138 139 145 146 148 149 
150 151 152 156 157 158 159 161 162 167 168 170 
172 175 177 181 187 190 
59
4 5 13 15 19 20 21 28 29 34 35 36 
38 39 41 43 44 49 51 53 54 55 58 63 
67 72 80 81 93 94 105 108 111 112 118 121 
123 125 132 134 142 143 144 147 151 153 159 160 
163 164 165 169 174 178 179 181 188 189 190 
68
2 7 11 15 17 20 22 23 24 25 32 36 
43 50 54 55 66 70 71 74 76 82 83 84 
85 87 89 90 93 94 97 101 102 104 105 106 
110 115 121 124 125 127 132 135 138 142 143 144 
147 150 151 152 156 158 163 164 166 168 171 176 
177 183 184 185 190 191 193 196 
61
1 5 6 8 16 19 21 22 25 26 34 36 
39 47 51 58 60 63 67 68 75 83 87 88 
89 90 93 98 100 106 107 108 110 112 114 116 
117 119 123 128 129 134 136 141 145 147 153 156 
160 163 172 173 176 179 183 188 193 196 197 198 
200 
72
1 7 11 12 16 18 19 26 27 34 35 36 
40 41 43 44 45 53 54 55 59 62 66 67 
69 76 77 81 82 84 88 92 93 97 100 101 
102 106 109 111 112 113 114 120 125 128 132 136 
137 138 139 141 142 143 144 148 153 155 158 162 
163 164 166 173 183 184 185 186 191 192 196 199 
50
7 9 13 16 19 25 26 28 30 36 40 41 
43 46 47 50 52 55 57 62 63 64 66 68 
71 75 77 79 80 84 109 111 113 120 126 129 
131 136 137 140 141 142 149 154 165 178 186 189 
193 195 
54
7 8 11 20 24 26 27 30 33 37 39 40 
49 50 52 54 59 61 62 74 75 83 85 86 
87 89 92 94 99 103 105 113 114 121 123 126 
132 145 146 150 152 154 159 164 173 179 180 184 
187 188 190 192 195 198 
57
1 4 5 7 10 11 15 20 21 23 27 33 
35 36 37 41 43 47 48 53 57 64 65 67 
68 69 71 78 79 84 91 98 104 106 108 114 
131 136 138 142 144 145 146 152 153 155 163 165 
170 175 179 183 184 192 195 197 199 
56
9 13 15 19 22 23 29 30 31 32 36 38 
40 43 50 54 57 58 61 64 66 74 77 80 
85 86 92 94 96 105 108 109 111 114 115 121 
123 128 129 133 136 147 148 150 151 156 159 170 
173 178 180 181 184 188 192 195 
48
2 3 5 8 15 16 19 20 34 35 47 49 
50 55 60 64 67 72 85 99 101 105 107 114 
115 116 118 124 125 131 134 135 137 139 142 143 
146 148 150 154 157 160 161 166 171 189 192 193 
71
3 7 11 12 13 14 17 19 25 26 28 32 
34 36 39 41 44 46 47 50 52 55 56 58 
60 62 64 65 73 78 82 88 89 91 92 93 
96 102 105 106 107 108 111 112 117 119 121 122 
130 131 135 139 140 141 144 146 154 156 158 162 
165 170 171 177 187 191 195 196 197 199 200 
55
1 2 5 10 12 25 27 28 29 31 34 46 
48 60 61 67 71 74 89 91 102 105 106 110 
111 112 116 122 123 124 126 130 133 134 135 137 
138 144 145 148 149 151 153 155 159 165 167 173 
175 188 189 190 191 197 198 
56
1 7 12 15 18 22 23 27 29 35 37 40 
45 55 60 66 69 76 79 80 81 88 90 92 
93 94 102 105 108 109 111 112 113 115 119 125 
133 139 140 142 148 151 152 154 158 161 162 166 
180 188 193 194 195 196 199 200 
51
5 13 31 35 43 48 55 57 60 62 69 75 
80 84 93 95 97 98 99 107 108 112 113 115 
117 120 121 125 126 128 132 139 144 151 155 159 
161 162 165 166 170 172 174 176 182 188 189 190 
191 195 197 
53
2 4 6 7 11 15 19 23 24 27 28 31 
32 34 40 42 47 52 55 57 66 67 70 81 
93 96 97 98 99 103 104 108 112 121 124 125 
126 131 132 135 142 150 159 160 164 167 171 172 
174 177 181 183 198 
61
1 9 11 12 15 16 17 19 36 40 44 47 
48 49 52 53 56 59 64 68 69 70 72 80 
86 88 89 91 92 93 98 101 103 104 105 106 
107 111 123 127 128 129 131 134 135 136 143 149 
155 162 163 168 169 172 173 178 181 182 183 185 
194 
64
4 8 13 15 16 19 30 31 32 33 35 36 
37 41 47 51 53 56 58 67 68 74 77 82 
85 87 90 95 96 97 99 100 106 107 108 109 
115 116 118 123 139 140 141 142 147 151 159 161 
164 165 167 170 172 175 178 180 181 187 189 191 
194 195 196 200 
54
1 10 12 13 19 21 26 27 33 35 36 37 
38 42 44 51 59 60 62 66 71 76 78 85 
94 97 98 100 107 110 115 117 130 131 132 134 
141 147 150 153 154 159 160 167 171 177 184 185 
187 189 191 197 198 200 
