125 75
1 1 1 1 1 1 1 1 1 1 1 1 
1 1 1 1 1 1 1 1 1 1 1 1 
1 1 1 1 1 1 1 1 1 1 1 1 
1 1 1 1 1 1 1 1 1 1 1 1 
1 1 1 1 1 1 1 1 1 1 1 1 
1 1 1 1 1 1 1 1 1 1 1 1 
1 1 1 
14
4 13 36 37 39 43 44 48 49 55 67 69 
72 74 
11
7 15 30 35 45 50 52 57 63 69 74 
5
43 47 62 66 69 
7
5 9 20 24 56 57 67 
10
2 5 6 7 37 46 47 53 65 70 
8
8 13 35 36 58 60 64 74 
15
2 7 8 23 30 37 38 45 52 56 60 63 
67 69 75 
11
5 9 17 20 25 33 43 49 52 58 61 
10
1 2 5 10 22 26 33 53 54 66 
9
1 39 41 44 62 65 66 69 71 
7
5 8 19 38 53 65 68 
10
2 3 7 23 26 31 34 39 41 60 
9
2 11 19 27 36 46 58 66 75 
10
2 7 9 12 23 24 26 48 52 75 
6
9 16 33 39 47 63 
4
21 23 44 62 
5
9 13 16 21 38 
7
4 19 36 39 56 66 70 
5
3 16 22 47 56 
9
3 11 22 26 34 38 54 72 74 
7
11 37 38 53 68 73 75 
3
11 20 41 
10
2 18 21 23 34 43 46 47 48 49 
3
13 53 59 
10
25 28 39 46 48 50 58 64 71 73 
11
5 11 14 24 25 40 43 46 47 65 73 
10
17 20 23 24 26 43 45 59 67 71 
3
10 44 54 
7
13 26 39 51 52 55 57 
10
4 5 7 16 17 25 37 38 53 63 
9
5 8 16 25 33 39 47 51 52 
8
1 3 40 42 43 53 64 65 
1
74 
4
2 15 63 73 
11
4 5 15 16 20 31 35 38 61 71 75 
16
2 4 7 8 9 11 15 16 25 28 35 45 
47 61 67 75 
9
5 15 17 39 41 42 63 69 75 
2
7 17 
5
3 10 35 48 53 
7
23 30 42 46 54 70 71 
7
7 18 21 24 40 64 66 
9
13 23 34 36 47 48 57 62 68 
11
4 16 24 32 43 49 51 52 62 66 74 
8
1 10 35 37 39 40 56 63 
9
3 9 36 40 43 47 65 67 70 
5
8 22 39 64 65 
1
11 
6
9 14 26 46 60 69 
13
4 13 21 23 30 32 42 49 52 53 63 70 
72 
5
22 32 35 63 71 
4
17 56 66 74 
5
13 45 47 57 63 
6
32 52 57 62 64 69 
5
8 18 26 34 39 
11
6 7 14 16 17 19 23 40 43 60 75 
7
3 14 25 30 44 55 69 
14
12 17 20 21 30 34 43 44 58 60 69 71 
73 75 
5
22 27 40 48 75 
1
71 
10
7 11 16 31 46 47 49 52 57 58 
6
12 20 34 39 55 69 
5
17 18 25 27 69 
9
4 7 10 24 32 40 54 56 57 
8
15 22 30 39 43 45 51 74 
9
17 21 26 31 45 60 61 63 75 
7
2 6 19 27 66 67 71 
6
8 32 33 38 41 61 
9
2 6 11 18 27 30 34 41 69 
5
24 26 35 38 66 
4
25 27 48 64 
7
12 25 27 42 43 62 71 
7
8 20 22 46 48 49 68 
8
5 12 17 23 24 28 64 72 
8
2 7 9 28 29 36 42 64 
6
23 24 35 44 50 74 
6
18 33 44 63 64 75 
6
23 24 36 39 71 72 
8
2 12 17 22 43 48 51 53 
8
17 27 30 31 43 64 69 72 
9
2 3 10 17 23 26 35 54 62 
6
24 35 39 54 64 74 
8
19 22 23 35 40 57 58 62 
10
18 20 31 32 36 42 43 52 56 60 
9
1 3 6 11 21 27 38 39 45 
4
17 28 47 64 
14
3 9 15 23 36 38 49 50 51 55 65 66 
69 70 
6
11 40 42 52 66 69 
6
4 26 32 34 65 73 
10
3 4 22 33 34 47 63 65 69 74 
6
14 23 31 43 63 66 
4
7 18 31 52 
3
2 13 34 
10
17 23 30 31 35 36 61 66 73 74 
11
6 8 14 18 20 26 38 41 69 72 73 
7
16 18 20 26 52 54 62 
5
12 16 22 34 59 
5
1 7 34 44 61 
8
5 6 18 24 49 57 60 64 
6
4 29 39 52 61 65 
7
16 19 24 27 48 56 62 
4
17 37 58 69 
7
10 29 30 34 36 53 64 
11
19 21 25 33 34 36 38 43 51 74 75 
6
1 9 40 46 68 74 
2
21 34 
9
6 31 39 40 44 48 50 69 74 
6
22 29 51 52 55 75 
7
18 35 40 46 57 66 71 
7
23 40 47 48 50 61 67 
5
9 15 42 57 71 
8
19 22 34 36 44 60 63 67 
12
6 9 30 35 39 47 50 55 59 64 67 72 
8
8 26 28 33 38 47 65 75 
3
23 27 61 
5
13 21 31 44 50 
13
9 17 26 29 40 47 48 55 56 61 62 69 
75 
8
4 5 10 15 33 34 61 63 
13
2 6 9 15 24 26 27 33 38 39 41 57 
64 
8
22 49 50 51 55 60 63 64 
5
6 13 39 42 50 
14
1 4 9 10 12 16 20 24 28 36 47 64 
68 70 
7
18 19 25 37 49 51 75 
6
21 30 34 47 54 56 
11
4 8 25 47 52 55 57 65 66 70 74 
11
13 15 19 20 21 29 31 32 56 65 71 
