125 75
1 1 1 1 1 1 1 1 1 1 1 1 
1 1 1 1 1 1 1 1 1 1 1 1 
1 1 1 1 1 1 1 1 1 1 1 1 
1 1 1 1 1 1 1 1 1 1 1 1 
1 1 1 1 1 1 1 1 1 1 1 1 
1 1 1 1 1 1 1 1 1 1 1 1 
1 1 1 
7
6 8 13 15 25 50 55 
9
13 14 18 19 33 42 43 51 63 
5
13 50 51 54 73 
9
16 18 29 35 42 50 51 52 58 
4
4 47 51 52 
6
8 9 35 43 45 68 
5
18 29 43 60 75 
7
2 4 33 49 51 56 64 
5
11 14 15 20 46 
11
2 18 19 28 29 33 37 46 51 64 74 
6
26 36 39 40 51 64 
6
14 15 40 43 59 60 
6
1 24 28 54 56 60 
9
6 17 29 34 50 51 61 62 74 
6
3 4 16 28 29 32 
14
3 8 11 24 35 37 42 43 46 51 52 63 
71 75 
6
6 12 24 26 39 45 
10
20 33 34 40 48 51 60 64 66 70 
5
4 22 57 68 71 
8
5 7 15 19 39 56 59 70 
12
3 4 17 19 24 28 32 34 36 56 74 75 
6
11 15 20 49 52 73 
6
5 22 34 38 49 60 
8
6 7 15 21 38 49 59 61 
5
4 37 46 48 71 
11
1 19 30 35 39 40 43 49 50 65 73 
9
18 25 36 40 57 58 61 63 74 
7
1 20 22 23 25 53 70 
8
1 4 43 44 45 46 61 74 
7
2 8 10 11 40 44 46 
10
4 9 18 31 35 36 48 50 52 65 
8
20 31 41 58 61 66 69 73 
5
12 15 40 66 72 
8
4 28 52 56 62 67 70 73 
12
5 26 27 28 35 36 39 53 59 63 65 69 
5
6 7 69 71 72 
5
2 10 19 38 65 
10
2 10 17 26 31 33 34 40 47 72 
9
4 11 13 20 29 44 47 51 73 
5
10 11 34 43 63 
9
4 15 16 49 54 59 63 74 75 
4
25 38 46 70 
8
3 29 31 32 43 44 55 75 
9
5 18 28 31 34 40 59 60 70 
10
3 14 16 34 36 40 49 50 66 75 
5
10 14 46 53 70 
9
1 19 25 30 32 39 45 69 74 
13
6 8 17 19 24 29 32 34 36 48 51 63 
65 
7
8 31 37 38 44 49 56 
11
1 4 6 7 9 24 29 44 47 48 71 
8
1 10 14 33 37 50 62 66 
10
14 24 33 35 40 41 44 50 52 65 
5
22 25 58 60 68 
14
1 4 15 16 23 28 37 42 52 57 65 68 
70 72 
5
43 44 56 60 67 
6
9 13 33 39 42 67 
8
4 16 18 29 32 40 54 58 
6
4 11 13 28 69 72 
8
25 34 38 51 59 64 67 71 
8
2 10 33 34 38 43 68 72 
7
2 6 20 47 54 72 75 
9
9 14 16 20 23 24 25 50 67 
2
5 38 
7
16 18 30 31 39 59 72 
3
13 26 63 
5
5 13 37 56 67 
7
1 4 10 26 42 48 70 
8
7 9 20 26 32 38 61 69 
4
6 23 27 35 
6
32 47 51 69 70 74 
6
10 18 19 32 47 74 
5
32 34 54 55 64 
6
10 13 16 17 22 68 
11
14 22 26 27 29 35 38 39 45 56 67 
8
12 16 20 33 51 55 59 73 
5
4 22 31 55 72 
10
2 4 27 37 42 55 56 59 64 68 
7
17 34 36 48 71 72 73 
5
2 12 21 23 38 
9
12 31 37 40 42 49 56 68 72 
10
5 14 25 28 49 56 63 65 68 70 
12
11 16 19 27 28 32 37 41 47 48 52 59 
6
22 37 38 39 50 65 
6
15 19 51 52 57 69 
6
23 39 45 52 66 71 
13
4 16 17 21 23 30 32 35 40 41 51 61 
70 
8
1 28 29 43 53 62 67 70 
8
3 22 30 31 41 49 67 73 
7
19 27 43 45 59 67 70 
9
1 11 16 30 35 37 43 46 70 
4
15 36 41 65 
9
3 11 14 25 31 54 56 63 67 
7
16 19 24 29 49 62 70 
6
9 17 28 40 41 53 
2
12 53 
6
9 12 13 47 73 74 
6
21 22 29 30 35 36 
3
24 34 69 
7
15 16 25 26 44 46 53 
8
23 36 40 45 51 60 65 66 
9
8 24 29 35 37 38 42 72 73 
6
11 33 35 42 45 49 
3
40 41 62 
5
31 40 43 44 67 
8
13 14 16 18 22 26 54 68 
6
5 9 33 47 57 60 
10
8 20 23 31 33 41 42 54 73 75 
12
2 13 22 24 32 36 38 45 49 59 72 75 
5
2 24 51 57 73 
9
2 11 12 13 18 33 37 53 74 
7
7 17 19 24 44 62 72 
7
16 27 30 38 44 45 68 
6
10 22 48 50 53 69 
8
1 26 43 51 55 56 61 62 
12
10 18 21 24 30 33 39 43 45 54 61 72 
8
5 13 37 39 49 51 68 70 
3
12 44 53 
8
2 10 29 47 52 62 74 75 
8
7 15 19 20 25 31 58 66 
6
23 32 53 65 66 68 
11
6 9 18 24 33 35 37 50 57 58 65 
7
18 26 42 44 50 65 72 
12
15 17 28 29 32 36 44 51 53 56 69 75 
4
7 15 26 47 
8
12 20 30 49 52 60 61 67 
