125 75
1 1 1 1 1 1 1 1 1 1 1 1 
1 1 1 1 1 1 1 1 1 1 1 1 
1 1 1 1 1 1 1 1 1 1 1 1 
1 1 1 1 1 1 1 1 1 1 1 1 
1 1 1 1 1 1 1 1 1 1 1 1 
1 1 1 1 1 1 1 1 1 1 1 1 
1 1 1 
11
8 19 20 23 25 27 37 39 47 54 67 
9
27 30 32 37 46 52 62 67 75 
6
20 22 23 26 40 48 
8
9 10 22 25 27 45 57 74 
8
10 16 25 44 48 53 59 66 
8
19 21 30 37 46 56 57 59 
9
2 4 12 15 35 38 50 59 63 
7
15 24 28 29 52 53 66 
4
15 29 41 65 
8
1 2 6 12 17 52 70 75 
8
3 5 11 25 35 40 49 68 
8
36 37 38 42 44 56 65 69 
7
10 25 27 31 37 40 43 
7
10 37 40 55 61 70 73 
7
9 29 30 40 41 44 67 
5
29 39 55 57 60 
7
6 10 11 12 15 34 73 
7
14 22 48 54 68 74 75 
6
6 27 33 40 49 58 
3
4 8 58 
4
38 42 53 65 
11
2 11 18 26 28 35 37 41 48 70 75 
5
13 26 28 45 72 
6
18 26 36 49 52 66 
10
4 9 12 24 27 30 34 41 52 64 
5
38 55 61 68 75 
10
3 6 16 38 50 55 63 69 71 73 
10
1 8 29 30 31 32 33 47 56 57 
7
8 16 21 25 49 60 74 
9
13 16 33 40 49 54 69 71 72 
4
12 43 57 59 
10
1 3 21 23 24 31 37 46 54 67 
5
15 19 33 56 73 
7
22 30 31 33 50 51 65 
5
1 10 16 19 42 
12
3 14 24 28 29 31 36 39 41 53 57 62 
7
5 31 53 64 69 70 74 
10
14 15 20 21 23 40 51 60 62 72 
10
3 6 24 28 29 38 54 56 58 73 
6
4 16 19 30 39 62 
9
24 25 29 36 39 44 53 65 72 
2
12 62 
8
11 14 21 23 34 43 50 69 
8
4 13 23 30 36 56 57 63 
8
5 8 13 30 38 50 52 65 
6
4 10 19 22 33 47 
12
6 10 16 21 25 39 40 41 53 58 63 72 
11
8 17 19 27 31 38 40 49 65 74 75 
10
16 32 37 39 43 44 55 61 62 73 
6
10 11 23 47 51 67 
7
8 9 12 22 25 33 54 
12
3 21 22 25 31 36 37 39 46 50 52 63 
5
11 34 49 54 71 
9
3 15 20 32 41 44 52 73 75 
6
36 40 44 46 49 56 
7
29 34 39 40 41 53 59 
8
7 12 19 33 37 40 62 68 
6
1 15 37 41 57 66 
8
2 13 14 25 34 35 64 72 
8
13 29 31 40 41 46 63 66 
7
7 21 29 52 58 60 67 
10
1 6 15 18 21 29 48 49 61 63 
4
56 67 68 69 
7
7 8 11 33 61 67 75 
11
11 23 27 29 31 36 37 41 56 58 74 
6
17 36 42 58 62 71 
10
4 8 10 18 20 34 35 38 42 68 
7
12 17 24 27 30 35 54 
10
5 20 22 36 39 40 44 46 53 72 
11
17 22 25 31 32 38 62 65 67 73 75 
8
12 18 24 25 31 34 68 74 
10
5 9 12 29 36 37 45 49 54 60 
9
1 5 9 19 21 47 58 69 71 
11
1 3 5 16 21 32 33 42 48 59 74 
5
21 26 47 49 70 
5
1 3 13 30 49 
9
2 8 32 33 34 59 60 64 69 
11
2 3 16 22 32 34 35 37 38 48 55 
5
1 23 35 48 52 
7
2 3 29 42 56 74 75 
9
3 15 23 26 27 42 52 53 54 
11
13 19 22 23 27 43 56 60 61 63 74 
8
27 31 33 59 63 67 68 75 
10
5 11 27 31 34 53 54 61 66 70 
7
7 41 56 60 66 67 70 
6
7 30 39 57 58 72 
9
1 13 20 29 33 38 40 53 74 
9
1 2 15 18 26 38 53 70 74 
7
17 22 26 40 50 59 71 
6
6 16 21 37 43 46 
8
1 17 23 24 30 43 54 74 
6
2 3 22 24 58 71 
7
4 7 15 21 54 67 69 
10
6 16 20 28 36 44 56 59 63 70 
6
9 10 56 65 70 72 
5
8 9 32 35 72 
9
4 13 33 45 49 51 54 57 68 
7
1 10 11 32 43 58 65 
8
5 8 14 28 30 35 42 62 
7
6 8 22 59 65 71 74 
6
19 20 21 44 63 75 
5
6 13 40 53 64 
9
6 7 17 21 25 39 61 66 72 
11
1 6 7 8 15 27 30 32 55 67 73 
1
21 
7
9 15 24 28 36 47 58 
6
17 18 19 38 42 43 
8
6 9 11 12 34 37 41 73 
7
6 18 38 41 56 64 75 
4
2 10 26 66 
8
10 12 22 33 54 60 61 63 
8
20 25 40 45 52 56 64 68 
3
2 14 15 
6
14 16 50 54 62 74 
4
8 17 21 37 
4
37 48 64 75 
7
12 23 31 36 40 41 46 
9
6 17 20 22 40 42 46 57 63 
7
7 10 11 53 55 63 64 
8
2 38 57 64 65 68 71 73 
12
5 13 16 18 21 24 27 36 38 62 64 75 
8
18 27 30 31 33 41 48 56 
7
15 25 33 43 45 52 70 
5
31 33 37 52 56 
7
2 27 32 51 63 73 75 
