125 75
1 1 1 1 1 1 1 1 1 1 1 1 
1 1 1 1 1 1 1 1 1 1 1 1 
1 1 1 1 1 1 1 1 1 1 1 1 
1 1 1 1 1 1 1 1 1 1 1 1 
1 1 1 1 1 1 1 1 1 1 1 1 
1 1 1 1 1 1 1 1 1 1 1 1 
1 1 1 
5
6 17 28 45 73 
7
12 27 37 41 46 56 62 
7
39 40 54 57 63 69 70 
5
18 21 54 58 59 
9
15 20 33 39 40 55 59 72 75 
3
44 51 53 
10
5 13 15 21 25 40 53 56 57 61 
7
3 22 23 37 39 41 59 
8
6 23 26 44 54 64 73 75 
8
11 14 19 25 37 44 54 67 
10
10 12 13 32 34 41 48 58 59 67 
7
17 25 45 63 65 69 71 
4
4 24 32 67 
5
29 37 43 58 66 
7
5 17 19 27 43 52 55 
10
5 15 18 30 32 33 35 36 65 72 
7
3 14 38 47 50 69 70 
6
5 24 26 38 44 56 
5
6 30 35 63 67 
6
3 25 32 41 59 69 
7
7 13 14 31 33 42 67 
8
17 36 38 47 50 61 63 65 
10
4 10 12 41 49 52 53 62 72 74 
4
11 29 38 43 
11
9 12 21 22 25 33 37 43 52 70 75 
5
3 28 36 53 68 
5
58 59 62 63 71 
5
4 58 59 65 71 
8
1 2 4 5 14 29 58 59 
4
9 11 43 50 
7
5 6 32 40 42 57 62 
5
6 11 24 37 61 
8
3 6 24 34 35 42 66 73 
5
12 42 53 58 60 
5
5 24 34 57 72 
6
21 23 32 47 49 54 
10
9 13 22 42 43 44 53 57 66 74 
7
20 21 28 38 50 64 75 
9
13 44 48 51 57 59 63 67 69 
7
7 8 16 26 38 70 73 
4
5 8 35 44 
5
8 16 18 34 64 
11
3 6 8 11 18 19 43 58 66 67 74 
11
8 10 11 15 29 31 32 40 48 53 60 
12
7 8 23 24 28 57 59 61 62 66 68 72 
8
1 2 10 13 59 60 68 70 
11
1 14 24 29 32 33 38 41 45 49 64 
7
9 37 42 53 59 68 75 
6
9 13 53 66 67 70 
9
1 3 16 23 27 39 40 42 63 
9
21 22 28 43 53 56 62 72 73 
6
1 7 36 37 41 57 
10
4 8 26 29 30 36 52 53 61 73 
10
1 12 21 35 45 49 58 59 63 73 
7
3 4 12 22 38 42 67 
7
12 17 20 44 48 67 73 
6
5 11 18 52 54 61 
9
6 10 11 18 28 32 42 63 64 
5
1 33 36 38 48 
4
17 24 45 51 
9
5 16 18 21 37 42 51 55 75 
8
8 14 23 27 39 53 54 75 
6
40 52 57 58 62 63 
12
28 30 31 33 34 38 40 42 50 60 66 74 
3
17 49 70 
4
6 31 45 53 
8
13 19 20 21 38 44 59 68 
4
44 51 59 63 
6
12 47 59 66 67 72 
3
3 7 17 
7
7 13 15 17 33 39 53 
7
4 10 12 14 55 59 62 
12
1 7 8 9 16 27 41 44 55 57 69 73 
5
17 18 33 38 55 
8
12 36 40 46 55 65 66 67 
4
10 16 17 21 
9
4 5 24 31 32 36 48 59 62 
2
4 29 
8
3 53 54 57 59 60 68 70 
8
8 10 17 27 39 49 56 61 
7
7 17 24 42 44 64 75 
11
21 22 27 39 41 51 55 56 58 71 73 
8
2 8 18 40 51 53 59 71 
8
3 6 12 18 39 44 49 50 
5
14 33 61 69 71 
16
1 2 4 16 27 32 35 37 41 42 43 46 
55 59 62 75 
8
9 21 28 33 40 69 73 75 
8
5 15 18 36 38 45 63 75 
8
1 3 13 34 60 61 68 69 
9
21 34 37 40 44 48 58 73 75 
9
4 26 29 44 50 51 52 59 62 
5
10 50 65 69 73 
6
20 24 61 62 67 68 
10
14 19 24 32 36 43 50 54 69 73 
6
11 14 39 48 52 68 
9
1 7 11 19 55 57 60 68 73 
7
6 20 22 31 55 65 75 
5
2 14 17 32 61 
8
2 14 17 18 31 46 58 69 
9
14 16 21 30 39 41 46 52 61 
7
14 28 33 42 48 59 72 
7
13 20 21 23 30 33 47 
8
18 20 21 23 47 48 51 65 
10
4 9 10 11 25 41 43 54 65 67 
6
16 55 59 62 65 74 
5
15 22 44 64 69 
8
11 18 26 35 50 54 57 72 
5
15 28 29 37 45 
8
6 12 25 33 41 42 71 75 
8
7 13 15 31 52 54 56 57 
5
13 29 58 65 70 
5
11 27 46 69 75 
9
3 11 16 30 33 45 59 60 64 
8
1 13 28 35 36 42 46 66 
6
8 21 23 31 38 58 
6
30 53 57 66 67 71 
3
9 12 43 
8
2 12 34 45 63 66 67 72 
12
3 7 14 17 24 27 29 34 44 52 69 72 
7
3 7 8 27 29 41 73 
11
3 7 25 29 30 45 55 56 58 63 74 
4
12 40 52 61 
13
2 3 16 20 34 35 39 42 44 46 49 53 
56 
7
7 28 30 35 57 63 70 
7
13 25 29 35 44 53 72 
