125 75
1 1 1 1 1 1 1 1 1 1 1 1 
1 1 1 1 1 1 1 1 1 1 1 1 
1 1 1 1 1 1 1 1 1 1 1 1 
1 1 1 1 1 1 1 1 1 1 1 1 
1 1 1 1 1 1 1 1 1 1 1 1 
1 1 1 1 1 1 1 1 1 1 1 1 
1 1 1 
9
1 17 23 24 27 36 39 42 61 
6
35 41 48 56 63 72 
7
3 28 29 33 38 39 58 
8
13 15 22 37 38 52 63 66 
9
9 19 25 38 54 56 57 60 75 
6
9 31 50 60 64 65 
6
12 18 26 31 50 69 
5
4 6 45 47 74 
7
13 31 32 40 41 48 56 
12
5 13 27 37 42 45 55 61 63 65 69 74 
6
5 15 22 31 32 38 
7
4 6 8 37 60 63 73 
5
9 16 49 54 75 
6
6 8 9 27 46 56 
6
25 37 40 51 68 73 
12
5 10 12 17 20 22 32 33 35 40 43 66 
11
4 26 33 37 53 55 59 60 65 72 74 
9
1 4 5 12 30 34 36 37 56 
6
16 17 27 45 46 75 
13
8 9 35 46 55 58 59 61 62 66 68 70 
74 
10
2 12 22 23 49 51 55 56 60 65 
9
9 12 16 17 28 38 41 47 62 
5
6 34 43 44 64 
5
24 33 44 64 71 
5
8 34 48 50 58 
4
21 52 67 71 
7
10 22 25 36 49 54 63 
7
5 15 21 31 43 68 75 
12
10 13 14 17 20 26 38 41 49 54 62 67 
10
5 13 16 18 32 41 55 58 67 75 
7
5 13 20 25 52 60 62 
8
4 18 19 21 41 45 60 69 
7
8 14 24 37 43 48 58 
7
9 13 21 28 43 46 57 
5
13 14 17 46 50 
6
2 20 56 57 61 75 
8
6 23 31 33 35 36 45 69 
9
1 15 32 37 41 49 54 55 59 
6
13 16 25 32 61 69 
7
1 10 13 27 33 59 71 
6
19 22 24 61 63 68 
8
18 25 26 31 42 56 67 74 
11
6 7 9 18 20 29 30 36 50 64 67 
4
10 39 69 73 
5
7 15 35 51 56 
3
16 17 32 
11
10 24 25 27 28 39 48 49 54 60 74 
8
3 16 29 42 49 51 58 69 
7
9 10 35 37 64 67 74 
6
6 9 20 26 29 46 
9
4 6 13 18 27 39 44 67 73 
3
4 6 75 
13
12 14 18 27 30 34 36 44 51 56 66 74 
75 
3
17 29 38 
12
2 8 17 28 36 37 40 47 53 56 58 75 
8
11 13 25 29 32 49 50 74 
6
12 24 38 44 45 62 
10
14 32 34 36 43 44 48 59 67 71 
9
16 20 50 51 57 68 69 71 73 
7
3 16 17 30 60 65 66 
8
24 31 42 47 59 64 67 75 
4
24 35 52 70 
8
5 15 20 22 29 59 60 64 
10
28 30 32 50 52 54 60 62 65 73 
9
2 20 27 33 43 50 59 62 73 
9
3 7 18 19 34 35 38 45 49 
8
9 14 23 27 40 48 50 65 
8
10 11 22 24 34 47 53 71 
6
8 36 41 42 46 62 
2
11 29 
7
42 53 59 64 68 69 74 
8
1 15 25 32 34 39 55 64 
3
46 48 74 
7
6 11 20 27 28 51 67 
13
5 13 15 22 33 40 42 44 48 50 55 56 
63 
5
37 42 69 70 75 
5
5 22 38 47 64 
7
1 10 33 52 55 56 68 
6
10 17 19 56 61 71 
9
2 3 21 22 41 45 47 52 71 
5
5 28 39 43 75 
7
12 29 31 34 41 44 47 
3
16 36 54 
6
27 33 41 43 55 68 
10
2 3 4 11 16 24 34 35 43 61 
10
7 20 26 33 47 56 58 61 63 64 
5
16 37 46 47 75 
10
9 20 22 27 32 35 45 62 66 67 
4
26 29 60 61 
7
15 17 26 40 49 54 58 
10
2 5 10 14 17 28 47 51 53 62 
8
3 18 24 26 28 36 41 54 
14
2 4 11 12 25 27 32 39 46 51 56 57 
58 63 
6
35 39 53 63 64 73 
8
3 11 17 26 30 55 61 71 
11
16 24 29 31 32 41 42 43 47 54 63 
6
20 22 29 31 47 56 
6
7 19 28 35 58 66 
8
5 12 17 19 22 26 36 38 
7
27 46 56 65 66 73 75 
7
1 15 16 43 53 60 71 
10
8 13 14 15 16 18 35 61 62 67 
4
10 12 16 65 
8
2 10 11 13 29 46 52 57 
10
13 16 19 26 36 43 54 57 61 74 
2
35 51 
11
3 4 12 23 24 26 38 48 56 62 68 
6
9 22 24 53 58 65 
9
3 5 7 20 21 28 61 65 72 
9
12 14 15 18 35 50 54 55 62 
9
15 34 47 49 52 53 59 60 66 
8
1 3 8 24 30 43 50 62 
9
3 6 26 36 39 43 46 62 71 
9
13 15 44 58 63 64 68 71 74 
12
1 6 8 11 12 15 19 39 42 46 48 59 
9
18 22 23 39 45 52 57 63 74 
8
12 21 23 26 27 35 49 52 
4
23 33 50 54 
8
3 31 40 44 46 63 68 75 
8
22 45 46 47 50 64 69 74 
10
5 20 28 30 38 39 48 53 56 69 
6
3 8 52 53 69 72 
8
5 25 35 38 46 47 50 72 
7
14 15 16 20 34 40 58 
12
3 6 9 19 24 29 32 56 63 65 74 75 
