100 200
1 1 1 1 1 1 1 1 1 1 1 1 
1 1 1 1 1 1 1 1 1 1 1 1 
1 1 1 1 1 1 1 1 1 1 1 1 
1 1 1 1 1 1 1 1 1 1 1 1 
1 1 1 1 1 1 1 1 1 1 1 1 
1 1 1 1 1 1 1 1 1 1 1 1 
1 1 1 1 1 1 1 1 1 1 1 1 
1 1 1 1 1 1 1 1 1 1 1 1 
1 1 1 1 1 1 1 1 1 1 1 1 
1 1 1 1 1 1 1 1 1 1 1 1 
1 1 1 1 1 1 1 1 1 1 1 1 
1 1 1 1 1 1 1 1 1 1 1 1 
1 1 1 1 1 1 1 1 1 1 1 1 
1 1 1 1 1 1 1 1 1 1 1 1 
1 1 1 1 1 1 1 1 1 1 1 1 
1 1 1 1 1 1 1 1 1 1 1 1 
1 1 1 1 1 1 1 1 
27
3 16 19 22 32 36 38 43 48 49 51 59 
63 74 94 109 116 118 119 138 147 163 178 186 
187 189 196 
21
23 24 31 54 57 69 71 78 88 95 101 107 
116 119 123 135 153 157 164 166 178 
25
5 16 22 23 24 25 27 44 58 63 80 86 
87 106 108 110 120 128 135 161 173 179 182 188 
197 
16
2 4 21 25 27 31 44 56 66 88 117 125 
133 149 187 191 
15
6 31 84 114 124 130 138 147 160 161 163 165 
170 178 200 
19
3 17 19 30 37 40 54 62 64 98 124 134 
136 158 168 174 177 188 192 
18
12 14 19 27 39 47 89 90 100 111 124 152 
164 168 172 179 189 193 
20
24 27 32 34 40 52 53 69 73 109 116 129 
133 144 152 172 176 177 191 195 
17
2 17 26 29 43 46 47 72 74 89 106 111 
118 120 159 190 198 
15
8 19 33 41 46 53 78 81 92 102 120 131 
143 155 156 
30
1 6 9 22 24 26 29 31 43 45 52 55 
56 62 68 78 88 92 93 106 124 126 134 151 
159 167 176 181 194 199 
12
21 34 42 44 50 66 91 101 119 156 186 194 
18
3 4 10 48 62 63 77 79 104 108 109 122 
138 146 153 172 178 187 
24
1 13 19 22 27 50 64 67 72 78 98 106 
107 112 117 124 134 138 144 164 166 184 185 199 
25
4 20 39 50 52 53 55 59 62 66 71 94 
106 115 117 129 134 137 141 144 154 156 163 167 
197 
18
25 29 53 67 69 77 98 124 138 139 145 173 
174 180 181 182 184 192 
20
12 20 35 38 55 58 64 88 91 92 100 104 
115 122 142 146 150 162 166 192 
18
1 6 29 30 36 43 45 51 55 68 103 105 
115 126 166 182 194 200 
19
2 12 20 40 46 49 57 83 87 91 104 106 
132 138 150 157 160 195 199 
15
4 13 21 52 55 65 86 112 119 121 155 171 
182 190 195 
25
8 23 36 41 47 67 68 70 82 91 92 96 
104 109 120 121 134 135 148 152 169 172 187 190 
199 
15
11 21 23 28 41 63 99 133 137 139 147 154 
188 191 195 
21
1 9 14 15 49 52 55 76 96 113 119 136 
154 157 167 174 181 188 190 193 199 
18
14 33 35 36 39 42 47 59 89 91 94 95 
97 109 117 118 147 192 
18
3 5 12 30 39 58 66 70 111 126 136 138 
151 157 163 175 181 195 
16
31 38 47 56 57 60 61 85 106 120 126 140 
164 168 177 186 
17
25 34 49 66 69 83 85 110 128 132 137 145 
157 158 167 193 200 
16
9 26 27 33 70 83 101 106 112 123 140 153 
155 157 183 187 
24
12 16 34 43 47 49 50 58 75 79 83 86 
87 101 103 106 121 136 146 148 155 189 190 200 
19
8 35 41 48 71 76 79 102 108 113 114 122 
131 133 142 147 149 164 170 
17
43 44 48 53 62 67 73 79 92 96 101 105 
108 134 187 189 195 
19
2 4 6 16 27 29 38 45 50 53 71 84 
102 109 115 119 155 175 199 
14
4 12 14 43 59 60 66 97 101 113 119 129 
165 193 
22
5 12 39 41 48 63 64 67 71 74 75 78 
94 95 96 124 138 139 140 152 156 184 
29
2 6 8 12 18 38 42 43 71 73 88 96 
105 106 110 123 124 133 141 144 151 155 156 170 
182 187 191 194 197 
18
35 46 50 54 57 62 71 75 102 103 138 144 
146 153 184 186 190 196 
18
15 30 39 40 51 90 96 118 135 136 140 147 
154 157 172 175 180 197 
28
1 4 14 15 25 34 41 47 65 66 88 90 
105 111 125 127 128 131 132 134 142 157 163 165 
176 191 198 200 
26
4 14 16 20 22 23 41 51 78 80 81 83 
84 85 108 117 118 140 141 152 156 158 164 177 
192 196 
18
15 19 25 30 34 51 66 78 91 99 106 116 
132 148 151 156 167 170 
19
6 9 37 40 41 57 72 78 91 101 103 114 
116 126 139 163 166 170 196 
18
14 23 26 35 36 42 47 51 56 70 84 87 
112 117 136 150 180 187 
21
19 24 25 27 37 47 57 67 68 69 86 91 
96 97 103 104 110 116 140 150 178 
14
3 5 44 59 62 79 82 84 97 148 170 172 
173 185 
16
2 26 38 41 42 51 57 67 105 109 126 136 
141 174 187 192 
12
2 16 20 29 63 65 80 82 102 138 181 182 
19
2 6 7 23 38 53 65 73 82 86 104 155 
159 164 165 170 172 181 188 
17
7 10 18 27 30 72 78 84 93 97 114 116 
119 120 128 168 178 
19
8 13 26 37 51 59 64 68 72 91 105 111 
155 159 160 163 168 172 178 
23
3 13 20 43 56 57 61 75 85 92 93 95 
104 112 117 141 145 157 162 163 180 192 196 
19
4 7 9 34 38 45 49 55 75 111 128 137 
138 142 153 170 176 188 199 
27
20 31 63 75 81 86 93 100 103 104 108 110 
111 118 126 128 130 136 139 148 158 170 171 178 
192 193 196 
19
13 24 32 38 46 62 63 74 75 100 137 144 
147 152 159 168 180 187 188 
31
4 6 11 23 26 34 44 47 51 60 67 81 
84 85 89 94 121 122 130 132 143 144 145 151 
154 158 161 170 173 178 179 
17
10 12 13 23 69 72 88 93 96 97 113 125 
130 146 153 164 174 
17
31 32 43 67 84 92 93 99 111 114 115 116 
126 129 132 147 176 
16
24 27 39 42 67 68 76 81 101 111 119 165 
176 177 180 191 
22
14 37 48 49 50 53 55 67 70 79 93 107 
129 131 138 139 140 147 148 159 170 192 
28
8 17 22 23 43 45 65 68 69 73 75 77 
82 84 87 90 91 96 108 110 125 127 146 168 
183 193 194 196 
18
8 15 20 27 41 47 48 72 73 85 89 106 
118 154 155 169 174 185 
22
1 30 31 49 64 65 66 67 76 89 91 101 
111 134 138 139 146 147 156 182 185 194 
21
1 2 14 15 58 64 69 79 125 127 129 132 
133 152 154 156 159 183 185 195 199 
19
5 16 30 31 59 84 88 93 111 124 135 139 
156 159 168 174 185 195 196 
19
20 28 63 97 98 100 109 117 123 133 135 140 
155 158 162 165 167 170 177 
22
6 15 16 24 32 46 49 62 64 66 85 89 
95 102 116 123 127 131 133 137 159 195 
15
26 32 41 42 93 106 128 152 161 169 175 182 
184 188 199 
18
2 6 17 21 32 33 35 43 56 70 74 88 
117 121 126 135 166 184 
17
37 55 57 58 100 111 114 119 131 147 148 152 
157 162 165 172 176 
22
2 10 11 17 18 20 23 27 36 65 66 79 
93 140 156 162 179 182 185 187 196 200 
14
27 30 34 56 74 112 124 131 133 143 148 185 
196 197 
20
12 23 27 43 55 58 71 81 112 118 124 126 
133 135 142 153 156 179 193 196 
21
9 13 18 25 32 38 52 59 60 62 76 78 
90 99 125 135 147 165 167 182 195 
17
18 38 44 46 48 50 55 57 61 81 89 106 
122 159 168 187 192 
19
15 32 46 49 53 59 69 74 85 96 99 125 
139 148 163 169 175 188 195 
23
36 49 52 64 77 79 82 84 89 90 96 108 
112 122 126 137 143 148 153 158 162 174 181 
19
2 4 17 20 22 32 33 45 66 67 74 116 
121 128 135 138 139 145 195 
16
11 12 15 24 33 35 44 86 88 103 117 118 
131 154 192 200 
22
28 31 34 35 40 45 49 55 56 57 59 60 
80 89 111 113 127 144 151 184 190 196 
19
7 17 24 26 33 34 43 55 61 63 70 90 
103 122 140 149 160 161 179 
26
29 33 35 36 37 39 41 43 45 58 62 74 
82 83 86 92 95 97 114 125 130 149 173 178 
188 191 
19
1 11 39 44 51 54 59 62 76 82 87 112 
133 137 139 148 168 194 197 
14
5 8 10 15 59 65 74 81 87 93 98 127 
130 153 
20
3 14 19 21 28 37 39 80 88 89 95 105 
113 127 131 150 172 183 185 190 
17
2 7 15 17 37 42 47 48 63 99 106 108 
133 156 160 172 196 
23
15 31 32 36 53 61 63 64 65 66 70 72 
79 88 93 98 115 116 123 158 187 188 199 
23
14 15 18 19 24 35 44 49 53 56 63 79 
82 94 111 115 139 148 155 167 182 183 193 
18
3 23 30 31 36 43 68 80 98 101 105 110 
129 130 168 172 180 183 
16
5 28 34 57 61 79 85 93 111 122 137 145 
148 180 182 190 
28
3 10 19 29 36 39 52 55 57 66 76 81 
93 102 105 108 113 128 130 136 138 146 149 151 
178 183 195 197 
12
13 21 63 107 111 128 161 169 171 175 187 189 
16
9 22 37 50 84 88 91 95 100 117 126 142 
145 148 169 179 
26
14 45 47 56 61 64 72 73 80 83 87 104 
108 125 129 134 140 145 157 159 160 173 175 182 
190 192 
25
2 3 4 6 17 37 40 44 55 66 75 79 
84 86 105 109 130 148 152 165 174 176 178 179 
188 
21
7 37 39 45 54 56 66 67 90 108 110 113 
130 135 145 155 162 169 171 186 193 
19
3 19 35 48 63 85 92 96 99 107 108 122 
124 128 150 171 181 184 191 
14
20 40 56 64 79 86 88 91 133 144 147 154 
171 172 
24
16 18 49 78 84 87 99 115 124 127 130 138 
140 143 155 159 162 170 171 177 178 181 191 199 
18
11 23 29 49 70 72 77 98 119 120 140 142 
143 152 162 164 189 199 
25
1 14 19 28 30 43 47 54 55 66 77 86 
90 91 95 102 112 117 118 133 137 153 157 168 
184 
25
2 4 15 44 77 82 87 92 106 108 115 123 
129 133 143 155 156 159 161 164 174 177 178 181 
192 
