200 100
1 1 1 1 1 1 1 1 1 1 1 1 
1 1 1 1 1 1 1 1 1 1 1 1 
1 1 1 1 1 1 1 1 1 1 1 1 
1 1 1 1 1 1 1 1 1 1 1 1 
1 1 1 1 1 1 1 1 1 1 1 1 
1 1 1 1 1 1 1 1 1 1 1 1 
1 1 1 1 1 1 1 1 1 1 1 1 
1 1 1 1 1 1 1 1 1 1 1 1 
1 1 1 1 
10
7 13 18 41 42 57 64 65 92 93 
12
6 12 39 55 58 63 67 69 72 77 85 88 
14
21 24 27 36 46 49 50 69 80 81 84 86 
92 94 
13
1 10 11 15 19 25 40 50 52 56 58 62 
67 
11
16 18 19 29 35 36 40 46 58 80 90 
9
14 19 33 44 51 59 63 79 89 
13
3 20 22 23 26 28 41 46 60 64 71 73 
96 
8
10 22 24 35 43 74 80 92 
9
24 27 38 40 48 54 72 77 87 
11
10 31 42 60 63 71 78 85 90 94 100 
6
6 62 78 83 89 96 
8
1 10 16 32 45 81 82 83 
13
14 16 26 29 36 40 47 55 62 65 72 83 
93 
10
13 14 24 40 42 45 53 86 98 100 
6
14 46 49 54 79 83 
12
7 11 12 24 33 43 52 66 72 75 88 94 
13
12 14 16 18 23 37 39 46 58 76 87 88 
99 
13
5 9 11 18 23 31 46 54 55 56 58 73 
77 
11
6 22 27 29 42 50 56 57 59 78 97 
9
24 38 57 62 64 68 71 86 96 
9
20 25 26 35 39 66 71 76 93 
12
7 12 14 20 48 52 70 77 78 89 98 100 
15
3 14 24 39 41 46 47 62 63 69 73 93 
94 95 98 
13
2 8 26 28 43 46 48 59 62 78 79 93 
98 
11
14 24 45 49 57 71 72 77 80 91 92 
10
2 10 17 19 26 40 53 58 67 72 
8
6 9 32 43 48 50 53 94 
13
2 6 34 42 49 52 56 57 60 61 78 94 
100 
6
14 28 30 37 43 76 
11
8 10 24 34 36 47 50 60 61 91 99 
10
4 10 14 25 28 33 78 85 92 100 
5
5 10 22 87 91 
6
4 33 59 66 83 100 
10
9 23 31 39 41 43 45 56 74 75 
10
16 27 32 40 50 64 65 73 79 97 
5
23 51 52 69 90 
9
10 15 26 53 55 61 62 64 92 
16
11 18 19 20 27 30 38 42 43 49 70 80 
89 90 95 97 
12
3 4 29 32 35 46 48 54 55 67 80 90 
10
7 12 14 20 44 54 55 72 79 84 
5
27 36 64 69 73 
17
8 13 17 20 24 25 34 44 45 53 56 63 
88 89 91 93 98 
11
1 3 4 26 36 45 52 65 89 92 96 
7
6 21 24 29 80 83 90 
10
3 11 14 53 63 64 68 77 82 98 
11
1 7 11 16 24 27 46 57 64 88 94 
9
4 11 19 22 44 57 70 78 84 
7
13 27 41 77 80 91 95 
14
7 24 25 30 35 36 40 41 48 49 75 77 
82 94 
12
7 27 28 38 48 49 54 55 74 75 76 91 
8
6 11 12 14 46 80 85 99 
12
14 20 31 58 61 66 78 83 85 88 92 97 
8
7 22 27 39 49 58 62 100 
6
2 49 54 62 81 84 
9
2 14 22 33 37 49 55 70 92 
9
13 16 24 28 37 56 66 76 100 
5
36 42 47 49 54 
15
2 28 31 39 54 58 60 63 74 75 76 87 
93 96 97 
9
12 21 24 26 46 54 63 64 76 
10
3 6 16 32 56 60 71 80 81 100 
10
5 28 34 35 50 79 82 86 97 99 
10
1 7 14 25 27 31 72 75 90 93 
6
16 17 52 73 98 99 
13
28 30 31 34 35 44 45 74 86 87 91 95 
100 
9
12 13 19 25 33 46 51 73 91 
7
8 29 36 53 80 84 90 
17
2 5 19 26 31 40 48 53 54 64 66 67 
72 78 82 94 99 
9
1 20 24 33 56 63 86 93 95 
12
4 7 9 10 19 42 44 47 64 79 80 88 
19
4 5 6 8 21 23 24 32 47 50 55 57 
72 76 77 78 80 91 98 
13
6 14 35 43 47 53 63 67 82 83 97 98 
99 
11
3 5 11 25 26 29 35 62 75 97 99 
8
10 28 50 57 64 68 69 84 
12
4 16 21 38 42 48 63 65 71 81 83 95 
13
3 7 11 24 39 41 47 63 64 65 66 70 
92 
11
7 18 25 34 41 67 69 70 87 94 99 
6
15 19 28 29 47 67 
8
21 26 27 34 59 65 84 91 
7
24 37 63 66 68 78 87 
5
11 19 20 62 96 
13
34 37 40 53 70 72 76 77 80 81 89 92 
94 
7
2 4 17 43 47 48 77 
13
5 12 15 21 22 25 35 48 50 56 84 91 
100 
9
10 12 13 16 19 42 63 85 91 
12
6 17 29 52 53 58 59 64 68 78 79 81 
10
4 8 16 17 21 39 46 61 66 94 
13
3 4 25 26 70 75 81 83 84 89 95 97 
99 
8
7 12 38 71 75 76 96 100 
7
17 32 43 53 56 69 80 
13
25 33 49 53 55 62 64 65 69 72 75 77 
81 
16
7 10 15 18 23 25 39 48 50 56 62 64 
76 91 95 100 
6
9 11 62 66 68 100 
15
5 8 19 20 27 30 32 36 39 47 68 73 
78 80 87 
13
8 17 32 35 36 37 41 63 71 87 89 91 
94 
11
6 14 18 30 35 61 73 91 93 95 98 
10
2 18 28 34 48 55 60 75 90 95 
10
10 15 53 62 63 76 80 88 93 96 
16
16 17 21 41 43 46 49 50 54 61 62 67 
84 90 93 99 
14
2 5 19 23 47 51 53 54 59 65 81 84 
92 95 
8
1 32 33 34 36 52 88 89 
11
3 11 12 20 23 33 42 44 85 95 100 
7
33 48 64 72 74 90 91 
8
2 27 36 38 70 84 89 93 
6
37 43 63 68 72 95 
6
59 63 71 75 93 100 
8
23 32 34 36 38 56 70 71 
10
11 21 22 31 41 46 48 84 91 97 
5
39 48 62 91 93 
8
23 26 37 49 57 75 88 97 
9
12 13 15 31 37 56 58 88 97 
11
19 37 41 53 54 56 58 72 78 89 97 
4
12 18 45 73 
9
10 26 28 31 48 63 64 85 87 
11
20 21 25 37 45 70 80 88 95 96 98 
8
7 17 29 31 38 70 94 97 
10
2 4 19 35 42 45 49 78 82 95 
8
10 47 52 55 63 71 83 95 
7
2 3 35 38 60 65 82 
11
10 12 18 31 55 66 77 80 84 89 100 
12
7 15 16 23 28 30 31 60 63 78 92 96 
10
5 26 33 37 47 51 64 66 71 78 
13
1 6 10 19 20 21 23 34 48 58 72 76 
85 
12
11 35 37 44 45 51 58 65 66 74 90 94 
8
6 17 24 26 31 37 47 98 
11
17 19 29 41 44 54 79 81 91 92 95 
9
6 19 32 36 46 47 66 76 98 
10
14 17 29 30 35 46 52 56 64 67 
12
1 4 6 24 29 55 56 57 75 90 98 99 
10
11 20 24 32 51 74 76 77 84 87 
15
3 9 12 18 36 57 58 60 62 63 67 73 
76 78 99 
12
4 9 10 45 49 53 58 87 91 93 99 100 
5
21 28 52 71 75 
11
5 9 10 22 24 38 61 70 81 88 91 
6
7 18 55 59 86 100 
12
12 28 34 39 42 53 64 80 92 93 94 95 
11
1 2 5 34 36 42 50 59 64 76 100 
9
15 16 22 28 32 36 50 54 74 
12
8 25 26 28 48 56 67 68 71 80 83 90 
11
41 57 58 60 63 66 71 78 81 86 95 
13
9 15 16 17 23 49 63 65 66 74 78 79 
95 
10
11 21 26 44 63 66 67 73 74 75 
7
20 56 64 75 79 86 93 
11
6 20 25 34 37 38 54 55 77 79 80 
3
8 48 70 
8
32 40 41 53 78 88 91 100 
12
4 21 25 62 67 69 70 74 76 83 92 99 
16
3 7 17 20 26 29 39 40 48 50 56 68 
76 89 90 99 
4
6 18 85 86 
16
21 31 33 35 45 56 65 67 69 70 71 79 
84 85 94 96 
7
7 15 21 42 61 73 97 
17
2 5 26 27 38 39 45 46 49 54 62 72 
79 88 93 95 96 
9
20 23 27 34 40 65 68 73 75 
9
24 26 27 30 36 38 48 74 88 
6
15 21 62 69 77 93 
8
25 34 49 57 63 76 79 92 
12
24 25 33 43 46 47 57 58 62 65 95 99 
8
42 45 47 49 52 84 88 95 
8
21 34 40 62 67 74 75 97 
10
2 17 27 44 56 75 79 89 92 98 
4
7 46 71 87 
8
3 5 14 49 57 65 78 92 
9
5 11 13 36 48 49 65 87 100 
13
8 32 46 52 55 56 60 64 70 75 85 89 
92 
3
15 52 76 
9
20 25 28 30 34 48 58 98 99 
12
6 29 38 40 51 53 56 75 77 90 91 93 
10
2 16 19 42 47 63 82 86 87 88 
11
22 26 40 44 50 53 63 66 70 95 100 
5
33 38 63 68 69 
10
5 13 34 38 48 51 56 82 91 92 
14
5 9 13 16 20 22 35 38 50 62 64 65 
92 100 
12
2 25 31 35 41 51 62 68 82 85 87 95 
9
15 25 30 59 76 79 80 87 93 
13
12 13 18 19 22 29 30 44 54 73 80 92 
96 
9
15 16 25 42 46 53 55 57 72 
10
6 16 18 21 36 41 48 59 84 87 
12
21 26 46 47 59 62 67 79 81 85 87 88 
10
24 33 35 38 40 67 74 78 79 83 
7
31 42 44 50 64 67 90 
11
14 21 35 47 57 59 71 77 86 94 96 
11
4 12 26 31 44 45 62 64 80 88 100 
11
5 11 14 17 65 79 84 87 89 93 99 
11
1 11 41 42 48 55 69 75 86 97 100 
13
30 32 33 56 62 65 74 75 76 88 89 95 
96 
5
8 34 53 70 73 
15
8 16 19 20 29 30 34 37 44 56 60 61 
75 80 88 
11
7 11 15 18 35 63 67 69 83 94 97 
12
21 45 51 62 65 70 74 77 80 86 88 95 
11
1 5 12 17 18 20 22 40 54 74 78 
12
2 11 12 16 27 35 49 69 79 80 81 99 
14
6 8 15 33 46 48 50 58 62 63 72 88 
95 99 
13
20 26 34 44 46 57 58 81 82 83 88 91 
93 
10
12 33 47 61 73 75 81 86 96 97 
6
2 6 14 22 36 55 
10
10 15 44 52 62 65 79 96 97 99 
10
7 15 21 25 26 35 64 74 85 87 
8
2 22 37 39 68 71 73 94 
12
10 13 19 25 42 45 62 68 83 90 93 99 
7
17 22 28 29 44 47 57 
10
10 12 17 18 37 43 46 54 68 72 
