200 100
1 1 1 1 1 1 1 1 1 1 1 1 
1 1 1 1 1 1 1 1 1 1 1 1 
1 1 1 1 1 1 1 1 1 1 1 1 
1 1 1 1 1 1 1 1 1 1 1 1 
1 1 1 1 1 1 1 1 1 1 1 1 
1 1 1 1 1 1 1 1 1 1 1 1 
1 1 1 1 1 1 1 1 1 1 1 1 
1 1 1 1 1 1 1 1 1 1 1 1 
1 1 1 1 
12
4 24 38 42 50 58 61 67 68 83 89 90 
9
6 7 28 31 59 67 71 98 99 
15
13 15 28 39 42 46 49 52 53 56 61 81 
84 97 100 
15
3 13 18 21 24 28 39 42 54 59 66 81 
87 89 99 
11
5 7 24 35 50 54 68 73 74 76 97 
8
3 4 21 29 51 81 97 100 
16
14 20 21 23 24 26 29 41 45 48 52 59 
61 71 98 100 
7
1 14 30 40 52 62 79 
6
3 9 37 42 44 55 
12
15 33 38 44 47 50 52 56 81 84 90 91 
10
4 10 18 22 23 59 74 77 78 83 
12
21 23 40 42 43 49 63 69 73 84 92 94 
8
12 15 25 33 50 58 67 86 
12
13 14 20 21 26 27 30 49 67 68 78 82 
10
16 31 53 57 69 71 73 81 97 100 
11
17 28 32 38 40 46 53 59 66 67 71 
11
14 15 16 26 46 52 59 62 83 96 99 
8
15 23 31 36 74 79 84 89 
12
7 8 40 42 43 51 58 59 75 88 91 96 
9
13 20 33 45 57 61 80 84 87 
10
2 3 11 14 42 51 52 60 87 88 
10
5 10 30 47 57 65 66 77 81 100 
10
5 18 19 20 26 34 47 48 72 91 
11
1 2 15 16 22 27 35 65 66 95 98 
8
9 11 27 39 42 76 98 100 
5
13 16 24 66 68 
7
3 40 41 70 73 77 92 
12
8 13 23 28 30 33 49 50 54 57 61 80 
7
6 9 18 22 29 30 68 
7
2 9 22 33 46 72 83 
11
22 27 36 53 58 68 74 76 81 84 100 
11
8 10 18 31 32 37 45 57 68 85 87 
12
7 22 24 36 41 50 55 75 76 83 89 92 
11
24 43 46 49 60 79 81 83 84 90 98 
9
8 16 20 21 32 43 65 93 96 
7
9 21 22 23 51 70 100 
5
35 47 52 56 75 
11
5 13 18 29 39 40 46 64 66 95 100 
13
21 24 25 32 41 54 84 85 88 93 94 95 
98 
8
9 12 25 67 74 85 92 100 
11
5 11 39 42 43 55 56 73 80 81 82 
13
7 11 16 34 38 40 60 62 63 67 87 89 
92 
11
10 17 20 32 40 43 60 75 84 86 97 
6
13 37 44 65 69 72 
7
11 25 82 84 89 95 96 
8
11 29 31 36 52 67 78 84 
11
4 5 21 42 43 50 51 53 62 79 93 
9
8 21 33 34 47 50 57 95 100 
8
13 14 42 63 69 90 91 96 
8
14 35 36 75 81 86 96 100 
7
10 25 39 40 77 81 88 
6
24 29 40 71 72 75 
5
33 34 49 79 95 
11
20 24 26 35 45 52 70 77 79 89 97 
10
14 31 41 48 53 66 78 86 94 97 
7
18 23 30 34 35 79 93 
10
8 15 17 26 35 69 75 83 87 92 
7
17 22 26 48 49 57 98 
9
19 25 33 36 40 51 74 82 90 
9
14 22 24 27 41 61 75 78 92 
9
1 3 11 28 31 40 62 63 99 
10
21 26 29 42 48 67 77 82 88 98 
9
3 13 32 40 47 52 68 87 99 
10
10 19 38 48 53 64 73 77 89 91 
13
1 13 25 27 36 41 45 48 57 64 66 89 
94 
5
2 36 82 85 96 
8
1 25 42 46 51 72 96 99 
9
5 27 35 36 42 64 75 88 90 
7
10 24 28 32 33 67 75 
13
5 13 32 34 42 43 45 48 61 71 72 77 
83 
11
15 33 43 44 47 56 59 80 84 97 99 
14
9 14 18 26 50 62 63 66 67 68 69 71 
86 96 
15
4 8 11 14 16 20 36 46 48 56 57 61 
89 96 98 
8
23 24 51 71 79 86 90 100 
9
11 20 29 54 55 63 76 93 100 
10
3 14 17 31 34 43 49 66 80 95 
10
8 22 23 24 37 53 54 90 94 96 
12
3 4 6 15 31 33 56 61 70 80 92 97 
6
38 67 84 86 91 100 
5
21 24 50 57 99 
11
2 8 13 38 47 53 57 59 60 84 92 
12
23 30 43 54 58 66 69 70 71 79 80 89 
9
14 20 47 61 65 71 82 91 96 
11
5 13 17 31 36 39 44 45 72 80 99 
5
30 36 48 60 92 
8
4 19 30 48 57 62 81 93 
8
3 39 48 52 58 67 77 94 
9
23 37 41 45 52 64 71 83 93 
13
3 4 12 21 22 38 43 44 52 63 71 88 
99 
8
12 16 40 42 56 64 65 85 
8
12 28 40 47 53 60 88 97 
17
11 14 24 29 48 53 57 59 71 72 73 75 
76 82 89 91 96 
8
42 44 45 57 60 68 75 81 
7
1 7 16 33 34 75 90 
9
4 16 34 55 63 66 70 79 100 
15
14 16 30 44 55 59 67 78 80 81 82 85 
93 96 100 
9
4 6 15 22 24 59 60 88 93 
17
6 11 15 19 23 26 27 32 39 43 44 59 
63 69 80 82 84 
6
7 35 65 68 80 93 
13
3 10 13 16 17 26 31 49 54 71 77 86 
95 
16
9 15 17 18 23 28 38 47 55 56 69 73 
75 77 83 86 
11
11 24 35 39 40 45 59 60 63 85 98 
11
2 3 19 31 33 44 54 56 63 78 99 
10
1 12 20 27 46 81 88 89 91 94 
5
1 11 38 51 76 
9
20 23 28 43 55 68 80 91 100 
6
38 40 42 68 74 81 
10
10 12 21 31 36 50 56 62 64 67 
8
9 20 37 53 54 72 92 98 
10
8 17 23 35 38 64 71 73 84 95 
7
12 29 53 59 68 86 87 
10
2 10 19 27 32 46 49 75 84 90 
11
24 26 27 54 57 62 74 78 86 87 94 
13
1 13 23 25 39 42 48 62 72 76 80 89 
90 
10
2 16 23 29 67 72 78 86 87 97 
10
12 32 34 50 51 60 71 74 77 99 
9
3 5 17 54 78 86 88 90 96 
11
12 31 33 40 47 61 64 68 73 97 99 
14
6 10 16 27 49 51 61 64 68 76 80 82 
85 97 
10
13 19 22 32 33 37 81 92 96 98 
13
4 7 25 39 41 58 63 64 71 75 80 84 
88 
6
12 24 69 82 83 100 
12
3 6 8 9 12 29 31 36 50 64 69 88 
7
26 27 37 48 61 83 87 
10
42 61 64 75 76 77 81 83 87 96 
9
4 6 10 38 55 56 60 66 99 
9
3 27 40 44 55 67 74 90 100 
9
9 10 12 18 35 52 65 70 80 
7
9 12 44 51 62 73 75 
8
5 13 16 18 30 33 36 94 
11
2 5 6 7 9 47 66 69 79 88 89 
3
7 69 99 
12
4 5 7 23 34 35 48 54 67 80 81 93 
10
3 9 38 40 46 53 54 67 74 86 
6
1 8 13 29 44 66 
12
2 13 16 37 48 51 53 62 64 66 82 91 
11
14 29 41 53 57 65 81 82 87 96 100 
11
10 27 38 46 58 62 67 74 75 79 83 
9
7 8 19 24 31 38 76 87 95 
12
10 25 28 42 50 55 65 66 73 85 86 98 
10
1 14 23 34 35 36 38 59 73 93 
11
6 7 26 52 60 65 71 86 88 94 96 
10
5 26 35 36 40 66 67 70 80 85 
8
10 16 19 34 38 44 54 68 
8
5 25 28 30 33 48 63 89 
11
10 29 32 46 47 49 50 64 75 81 85 
12
8 15 30 43 59 70 72 74 82 88 98 100 
11
9 10 12 23 37 48 50 64 67 77 81 
14
2 10 14 19 27 35 48 52 57 66 73 80 
81 95 
5
24 49 51 54 61 
10
3 13 16 27 32 43 51 79 95 100 
10
3 19 24 25 41 46 77 88 89 100 
7
1 5 20 25 73 76 96 
12
2 24 30 39 41 57 58 60 78 81 83 97 
4
6 31 41 84 
11
11 12 13 19 25 27 34 44 69 70 90 
7
14 27 32 48 80 90 100 
17
5 7 12 17 30 37 40 44 50 59 66 78 
84 85 87 95 98 
10
2 28 33 37 44 61 63 75 94 95 
13
13 15 24 26 32 38 43 44 56 58 78 84 
96 
13
6 20 23 25 27 33 40 41 47 57 65 66 
67 
17
4 7 12 15 29 38 39 44 45 47 56 59 
66 69 87 90 98 
6
8 15 28 63 65 87 
7
17 40 51 56 69 74 93 
8
19 20 30 33 53 62 65 75 
8
19 21 22 31 56 59 76 95 
11
7 9 18 20 21 26 30 51 81 88 90 
10
22 32 36 58 85 87 92 93 95 97 
8
19 20 37 59 66 74 84 92 
15
9 20 31 36 54 55 56 58 59 69 70 73 
88 89 100 
4
9 78 80 89 
8
11 14 16 32 36 38 68 93 
9
21 39 49 57 68 70 76 79 88 
9
1 11 13 30 59 65 77 91 94 
10
1 13 18 35 49 82 85 92 95 100 
9
3 5 25 29 67 68 89 95 96 
8
6 23 71 72 86 91 94 98 
18
1 2 13 16 18 20 25 27 31 36 39 43 
63 64 73 76 82 94 
10
1 24 29 31 45 56 60 64 72 81 
11
17 24 44 46 50 65 73 78 79 85 95 
10
2 9 10 14 19 35 36 39 40 53 
8
5 22 30 57 58 78 81 96 
11
1 6 31 33 50 62 69 75 81 97 100 
14
2 12 17 20 35 40 46 49 53 59 60 61 
73 94 
14
8 10 18 31 32 35 37 38 42 61 64 89 
96 99 
8
2 34 52 73 83 84 93 100 
11
11 15 20 22 23 33 36 42 64 81 87 
10
15 17 28 30 68 71 78 79 81 97 
7
10 24 25 53 67 78 82 
10
22 30 36 37 42 55 77 83 89 96 
7
32 34 39 53 60 69 83 
11
1 4 9 20 26 30 56 64 68 94 95 
13
4 9 12 17 19 32 40 41 66 67 73 92 
95 
12
20 26 33 40 45 56 58 70 72 73 94 96 
6
5 15 33 52 57 85 
10
9 14 33 40 43 53 55 60 76 79 
7
4 20 31 42 53 86 89 
15
4 10 13 14 24 38 51 54 55 58 67 83 
84 85 87 
10
4 17 52 65 67 83 87 89 94 95 
10
16 33 36 42 50 72 75 76 79 81 
