200 100
1 1 1 1 1 1 1 1 1 1 1 1 
1 1 1 1 1 1 1 1 1 1 1 1 
1 1 1 1 1 1 1 1 1 1 1 1 
1 1 1 1 1 1 1 1 1 1 1 1 
1 1 1 1 1 1 1 1 1 1 1 1 
1 1 1 1 1 1 1 1 1 1 1 1 
1 1 1 1 1 1 1 1 1 1 1 1 
1 1 1 1 1 1 1 1 1 1 1 1 
1 1 1 1 
48
1 2 3 7 8 11 12 14 16 17 18 22 
23 27 28 30 31 33 38 40 41 45 46 47 
49 50 54 55 56 57 58 59 60 63 65 69 
72 74 77 78 79 85 87 94 95 96 98 99 
54
4 6 8 9 12 13 14 15 16 17 18 19 
20 21 22 23 25 26 28 30 33 34 36 37 
38 39 40 41 43 44 45 49 51 54 56 57 
60 61 63 66 67 68 69 72 74 75 76 77 
82 83 85 86 88 92 
49
1 3 4 5 7 9 11 12 14 15 17 18 
20 22 24 27 29 33 35 39 41 42 45 47 
51 52 54 55 56 58 59 61 63 69 71 73 
76 77 80 81 84 87 89 91 92 96 97 98 
100 
53
2 9 14 16 18 19 21 24 25 26 27 28 
31 33 35 37 40 41 44 45 47 48 50 51 
52 53 55 57 58 61 62 63 68 69 70 74 
76 78 80 82 84 85 87 88 89 90 94 95 
96 97 98 99 100 
45
1 6 10 11 13 14 17 18 22 23 27 29 
30 34 36 37 38 39 40 41 42 46 47 49 
54 55 57 58 60 67 70 71 73 74 76 77 
78 79 80 86 89 94 96 98 100 
52
1 2 4 5 6 8 9 10 11 12 14 15 
16 19 20 26 28 30 32 41 42 43 44 45 
46 50 51 52 56 59 62 63 65 72 73 74 
76 78 79 81 82 83 84 87 88 89 91 93 
94 95 96 98 
55
2 3 5 7 8 9 10 11 13 14 15 18 
22 23 26 27 30 33 39 41 44 45 46 47 
50 51 52 53 54 57 58 59 60 64 67 70 
73 75 76 77 79 80 81 82 83 84 86 87 
91 92 93 94 95 98 100 
53
1 6 10 11 13 15 17 18 19 20 21 23 
25 27 28 29 31 38 39 41 42 43 44 45 
47 49 51 53 55 59 60 61 62 63 65 66 
69 70 71 72 75 77 78 79 80 81 82 84 
88 92 94 99 100 
44
1 2 5 11 13 16 21 22 24 25 26 27 
30 32 35 36 37 44 45 46 47 48 49 50 
51 55 56 57 60 63 64 65 69 70 71 72 
77 80 83 86 88 91 93 99 
43
1 3 7 9 10 11 14 17 19 20 21 24 
25 27 28 32 41 45 49 50 51 54 56 57 
59 65 66 67 70 73 74 75 80 84 85 86 
88 90 94 95 96 97 99 
54
3 4 7 8 9 10 11 12 14 18 21 22 
25 27 28 29 31 32 36 39 41 42 43 44 
46 47 49 53 55 56 62 63 64 66 67 68 
69 70 73 74 78 80 81 82 83 84 87 88 
90 91 93 96 99 100 
54
2 4 7 9 10 12 13 14 16 18 19 23 
24 26 27 28 31 32 34 35 37 39 40 41 
42 43 44 45 48 50 53 55 56 58 60 61 
62 63 65 69 70 73 75 77 78 80 82 84 
86 88 90 92 95 99 
38
2 5 7 8 10 11 12 13 27 30 31 35 
37 39 45 48 53 55 57 61 62 63 64 65 
66 68 70 77 78 81 82 83 84 86 88 92 
95 100 
43
8 9 10 11 14 15 17 19 22 23 25 28 
30 31 33 34 35 42 44 45 50 51 58 59 
60 62 64 65 66 67 70 71 73 77 78 80 
86 87 88 89 90 91 92 
51
1 2 3 4 6 8 10 12 14 15 16 17 
18 19 22 23 24 33 35 36 38 39 40 41 
42 45 47 51 52 54 56 57 60 62 64 65 
66 72 76 77 80 81 82 85 89 90 93 95 
97 98 100 
53
5 7 11 13 15 16 17 18 19 21 22 24 
28 29 31 33 35 37 39 40 41 42 44 45 
46 47 48 52 55 56 57 58 59 61 63 64 
67 69 71 72 73 78 79 80 81 84 90 91 
93 94 95 97 98 
47
1 3 5 16 19 22 24 26 27 29 30 31 
33 34 35 38 41 42 44 46 48 50 51 52 
53 56 60 61 63 64 68 69 70 71 72 73 
76 77 78 82 84 85 86 90 92 94 95 
40
1 4 5 6 9 12 14 15 16 19 20 21 
24 26 27 28 31 39 45 49 50 53 55 57 
58 63 64 68 69 71 72 73 81 82 85 88 
90 92 94 96 
60
6 7 9 11 13 14 16 17 19 20 21 22 
24 27 29 30 32 34 35 36 37 38 39 44 
46 47 49 50 51 52 53 54 57 58 59 60 
62 64 66 68 69 71 72 73 74 75 77 78 
79 80 81 82 83 85 87 88 89 90 92 97 
47
2 4 5 7 9 10 15 16 19 22 24 26 
27 32 33 34 36 37 38 39 40 41 43 45 
46 47 55 57 59 64 66 67 73 74 78 81 
82 87 88 91 92 94 95 96 97 99 100 
50
2 4 10 15 18 19 22 24 25 26 27 28 
30 33 34 35 37 38 39 41 42 43 44 45 
46 47 50 51 53 54 59 60 61 62 64 65 
66 68 73 78 79 83 85 86 91 92 97 98 
99 100 
55
1 2 4 5 6 9 10 14 15 16 17 18 
19 20 23 25 26 28 29 30 31 35 37 38 
42 43 45 46 48 50 51 52 53 55 56 57 
59 60 62 64 68 72 74 76 77 80 82 83 
86 88 90 92 98 99 100 
56
4 5 8 11 12 15 16 17 18 19 20 22 
23 25 26 27 28 30 33 35 37 38 39 45 
46 47 48 49 52 53 54 56 57 59 60 63 
64 66 67 69 70 72 73 74 78 79 80 81 
82 83 84 90 93 98 99 100 
52
1 3 4 5 6 11 12 16 20 21 23 24 
29 30 31 34 35 37 38 39 43 45 46 47 
48 49 50 55 56 57 60 65 66 67 69 70 
73 75 76 77 78 79 81 83 85 86 89 90 
92 94 95 97 
54
1 3 5 7 10 12 13 19 22 24 26 28 
29 31 32 35 36 37 38 39 40 41 45 47 
48 49 50 52 54 55 56 57 61 62 63 68 
69 70 71 73 74 75 77 80 81 84 85 88 
90 92 93 95 96 97 
50
3 5 7 8 10 12 13 17 22 28 30 31 
32 36 37 38 39 43 45 46 48 49 50 52 
53 54 58 59 64 65 66 67 68 71 73 75 
77 79 80 81 82 84 86 91 92 93 94 95 
97 99 
56
1 2 4 6 9 11 13 14 15 16 17 19 
25 27 28 31 32 36 38 39 40 41 44 46 
47 48 49 51 52 54 55 56 57 58 59 60 
61 65 67 68 70 72 75 76 77 79 81 83 
86 87 91 92 94 95 98 99 
50
2 5 11 15 17 20 21 22 25 27 30 32 
33 35 37 38 39 41 42 45 47 48 51 52 
55 56 59 63 64 65 66 67 69 70 71 72 
73 76 79 80 81 82 83 87 88 89 90 94 
95 100 
51
1 3 5 6 9 10 12 13 14 17 18 19 
20 21 22 23 27 28 29 30 31 32 35 36 
44 48 50 51 52 53 57 58 59 60 62 63 
66 67 78 79 80 82 84 85 86 88 90 93 
95 96 100 
59
1 2 3 6 7 8 11 13 18 19 20 21 
22 23 26 27 28 29 31 32 33 35 37 38 
39 40 41 42 46 47 49 50 51 55 56 60 
63 64 65 66 67 68 69 72 74 75 76 79 
80 82 84 85 86 88 89 91 94 99 100 
56
4 5 7 9 10 11 12 13 15 17 18 19 
21 22 23 26 27 28 29 30 31 34 41 42 
44 45 46 49 50 51 53 54 55 57 58 59 
61 63 64 65 69 72 73 75 76 78 81 82 
83 84 86 87 89 90 92 97 
57
1 4 5 6 7 9 10 11 13 14 15 17 
18 22 25 26 28 29 30 32 34 35 36 40 
42 43 45 47 48 50 52 54 59 62 63 64 
65 67 68 69 73 76 77 78 79 81 83 85 
86 88 89 91 92 93 94 96 97 
44
1 11 13 17 18 19 20 24 25 27 28 29 
30 31 34 36 38 39 43 44 47 48 49 50 
56 60 61 62 63 64 66 68 70 71 74 77 
78 81 83 89 90 95 97 99 
50
1 2 5 8 11 12 13 15 17 18 19 23 
25 26 27 30 31 33 38 42 46 47 48 49 
52 53 54 55 56 57 58 61 64 66 68 69 
71 73 75 76 77 80 84 89 90 92 95 96 
99 100 
48
3 4 6 10 12 13 14 15 16 17 21 22 
25 26 28 35 37 39 40 44 45 47 48 49 
50 53 55 58 59 62 63 64 66 67 71 72 
75 77 79 81 82 84 85 90 91 93 98 99 
56
2 3 4 6 7 8 11 12 17 18 19 20 
21 22 23 24 25 26 27 28 29 30 35 37 
41 42 43 44 46 47 50 53 54 56 57 60 
65 66 68 69 70 71 74 75 79 81 82 83 
84 85 87 89 90 92 97 98 
47
1 2 3 6 7 10 11 12 13 15 16 18 
21 23 25 26 27 28 31 32 33 36 38 40 
41 42 45 48 54 58 62 63 64 65 67 68 
70 72 75 77 83 84 89 90 95 96 99 
43
1 2 3 7 9 11 13 15 16 18 23 25 
30 31 32 33 38 39 41 43 44 45 50 51 
52 56 58 61 62 63 72 73 74 75 79 80 
89 90 92 94 95 99 100 
53
1 4 5 6 11 18 19 20 21 22 26 28 
32 34 35 37 38 39 42 44 45 47 48 49 
50 51 53 54 56 61 63 64 66 69 70 71 
72 73 74 75 76 77 80 83 84 85 86 87 
91 93 98 99 100 
45
2 3 5 6 7 8 9 11 15 16 17 18 
23 26 27 31 38 43 44 45 47 48 50 51 
52 54 56 58 64 65 67 69 70 73 75 79 
80 81 82 85 87 88 93 96 99 
50
4 6 7 8 9 10 12 13 15 18 19 20 
22 24 25 26 29 31 33 34 36 38 42 44 
46 47 48 49 51 54 55 59 61 63 67 69 
70 72 76 78 80 81 83 85 87 88 92 96 
98 100 
53
2 3 5 8 9 10 11 12 14 18 19 22 
23 24 26 27 28 29 31 32 37 39 40 41 
45 46 47 48 50 51 55 56 57 61 62 64 
65 68 69 72 73 80 82 84 86 88 89 90 
92 94 98 99 100 
44
1 2 3 5 9 14 16 17 19 23 25 27 
31 33 34 35 39 40 41 44 46 47 50 52 
55 56 57 59 60 63 64 65 66 67 70 72 
81 87 88 91 95 96 99 100 
50
1 3 5 7 12 13 16 18 25 26 29 30 
33 34 37 38 43 44 46 49 50 51 52 55 
56 57 59 60 62 67 69 70 71 72 73 74 
75 76 81 82 83 87 90 91 93 95 96 97 
98 99 
49
2 3 4 6 10 11 14 15 22 25 26 27 
28 29 30 31 33 34 35 37 43 44 46 50 
53 54 56 57 59 60 62 63 64 66 67 69 
70 72 73 74 76 77 78 79 86 87 92 96 
97 
56
2 3 4 7 11 12 13 15 16 17 19 21 
22 24 25 26 27 31 33 34 35 37 41 44 
45 46 47 49 52 53 54 55 57 58 60 61 
63 65 67 69 70 72 73 77 78 79 81 82 
83 84 86 88 90 93 95 100 
49
2 3 4 6 8 9 11 13 14 15 20 21 
22 23 26 27 28 30 33 35 37 43 46 47 
48 49 50 51 55 57 59 65 69 71 74 75 
81 82 84 87 88 90 92 93 95 96 97 99 
100 
47
1 3 6 9 10 11 12 13 15 16 17 19 
20 29 32 33 34 35 36 38 40 41 44 45 
46 47 48 52 53 59 60 62 63 64 67 68 
69 76 77 79 84 87 89 92 94 99 100 
54
2 3 5 9 10 11 13 14 15 21 23 24 
25 26 27 28 29 31 36 37 38 39 41 42 
44 45 46 47 48 49 50 51 53 54 56 61 
63 65 66 69 70 72 75 82 85 86 89 90 
91 93 94 96 98 100 
46
2 3 5 7 8 9 12 14 16 17 18 21 
22 23 27 30 32 35 37 38 39 43 45 46 
48 51 54 57 58 59 60 61 63 65 68 69 
72 75 76 77 83 89 93 94 95 99 
48
1 3 8 9 10 12 13 15 19 23 24 25 
31 33 34 35 36 38 39 41 43 44 45 46 
48 49 51 53 54 58 61 62 67 68 70 74 
76 79 82 84 85 87 89 92 93 94 95 99 
49
3 4 7 8 9 10 11 12 14 17 19 23 
25 28 29 30 32 36 37 39 41 43 45 46 
48 49 51 53 54 55 60 62 66 67 68 75 
77 81 83 85 86 88 90 91 92 93 97 98 
99 
51
2 3 4 6 7 8 9 12 14 15 18 19 
20 22 24 25 26 27 29 31 33 34 35 37 
39 41 43 44 49 50 51 54 56 58 60 61 
65 66 68 70 74 78 79 81 82 83 87 92 
93 97 100 
44
3 4 5 6 10 11 13 15 16 17 23 24 
33 34 35 36 38 39 41 45 47 52 56 58 
59 62 63 64 69 71 73 74 78 82 84 85 
87 88 91 92 93 95 96 97 
44
1 5 6 11 14 15 16 21 22 23 25 30 
31 39 41 42 43 44 47 48 49 53 55 56 
57 58 59 61 64 67 68 72 75 76 77 80 
81 85 87 89 90 91 94 100 
52
1 4 5 9 11 13 14 15 16 17 19 20 
23 24 25 29 35 37 41 43 44 45 47 48 
52 53 55 56 58 59 61 62 63 64 65 68 
69 72 73 74 75 76 78 80 81 83 86 87 
90 96 97 100 
50
1 6 8 10 12 14 18 21 22 24 25 26 
27 28 29 30 31 32 37 42 44 45 50 51 
52 54 55 57 58 59 61 62 63 65 66 67 
68 70 78 81 82 84 85 87 88 89 90 91 
99 100 
50
1 3 6 7 8 9 13 15 16 19 22 23 
25 30 31 32 33 34 35 38 42 45 46 49 
50 51 52 53 54 56 58 61 65 67 71 74 
75 76 78 79 81 82 84 86 88 91 95 97 
99 100 
50
1 2 3 8 9 12 13 17 18 19 20 24 
25 27 29 30 32 34 36 37 48 49 50 51 
52 55 58 61 64 65 66 68 71 76 77 78 
83 84 86 87 89 90 92 93 94 95 96 97 
98 99 
41
4 14 17 18 19 20 22 24 25 28 32 34 
35 37 39 43 47 48 50 53 54 55 59 60 
61 63 67 68 70 72 74 76 79 82 83 88 
90 93 94 99 100 
48
1 4 5 6 9 11 13 14 16 18 19 24 
25 26 27 36 37 38 41 42 43 48 50 51 
56 57 58 59 60 62 63 64 66 67 69 72 
73 74 75 76 86 87 88 94 95 97 98 100 
55
1 2 3 4 5 8 9 11 12 14 15 16 
21 22 23 24 26 27 33 34 35 39 40 42 
43 45 47 48 49 51 53 54 57 59 60 62 
65 67 68 69 71 73 76 78 80 81 83 84 
85 87 90 92 93 97 98 
52
1 2 5 7 9 11 12 16 20 21 22 24 
26 28 29 30 31 32 33 36 37 38 39 40 
41 42 43 44 49 50 52 53 59 61 68 69 
71 72 73 76 78 79 81 83 91 92 95 96 
97 98 99 100 
50
2 4 6 7 8 10 13 15 17 20 21 22 
24 28 30 31 33 34 35 40 43 49 50 51 
52 55 57 58 60 62 64 67 69 71 72 73 
76 78 84 85 87 88 90 91 92 93 94 95 
98 100 
46
1 2 5 7 8 11 14 15 16 17 18 21 
22 24 26 29 31 33 34 37 38 44 45 50 
51 52 55 57 58 62 68 70 73 74 75 77 
78 79 80 81 83 85 91 95 98 99 
49
1 2 3 4 9 10 12 15 17 18 19 23 
30 33 39 40 42 43 44 47 48 49 50 51 
52 53 57 59 60 62 65 69 70 72 73 74 
76 79 80 81 82 83 84 85 86 91 92 96 
98 
54
6 12 14 15 16 17 24 25 29 30 31 32 
33 34 35 38 39 40 41 42 43 44 45 46 
47 48 49 50 52 53 55 56 58 61 62 63 
65 70 73 74 79 80 81 82 83 84 85 87 
88 89 91 94 96 100 
45
5 7 11 13 17 21 23 25 26 28 29 33 
34 35 37 40 41 46 48 50 52 54 57 60 
61 63 65 67 69 71 73 74 76 77 78 79 
80 84 86 88 91 92 93 96 99 
48
1 2 3 6 10 14 22 23 24 25 27 30 
31 33 34 37 38 40 41 44 47 53 54 59 
60 61 62 64 65 66 67 70 71 73 75 77 
79 81 82 86 87 88 92 93 94 95 96 100 
59
1 3 4 6 7 8 10 12 13 14 16 18 
19 21 22 23 24 25 28 34 35 37 38 39 
40 42 43 44 45 46 51 52 53 55 57 59 
61 62 63 65 66 67 68 71 75 76 78 79 
81 82 85 86 87 88 89 92 93 94 100 
48
3 4 6 8 10 14 15 17 19 21 22 23 
24 26 27 29 30 34 35 36 40 44 45 46 
48 53 60 63 64 67 69 70 71 72 73 76 
81 82 83 84 85 86 87 89 91 94 95 100 
53
1 3 4 5 6 8 10 11 13 14 16 17 
18 28 31 32 35 36 37 38 40 41 43 44 
46 48 50 51 55 58 59 61 62 67 69 72 
74 75 76 77 78 79 80 81 82 84 86 87 
88 92 94 96 99 
56
4 5 9 12 13 14 15 16 18 20 23 24 
25 26 28 29 30 31 32 33 34 36 37 39 
40 41 42 44 46 48 49 53 55 56 58 65 
66 67 69 70 72 74 76 78 81 86 87 90 
91 92 93 94 96 98 99 100 
46
3 5 6 7 8 9 12 15 17 23 26 27 
29 32 34 35 37 38 39 40 45 47 49 52 
58 59 62 63 65 66 67 68 69 71 72 76 
82 83 88 90 91 92 94 97 99 100 
47
1 2 4 5 10 11 12 14 15 16 17 20 
21 24 26 27 29 35 36 38 40 42 43 49 
50 52 54 57 58 59 62 65 68 70 71 75 
76 77 79 84 88 92 95 96 97 98 99 
57
8 9 10 12 14 15 16 17 19 20 24 27 
28 31 32 34 35 38 40 42 43 44 45 46 
48 50 51 52 53 55 58 59 62 64 65 67 
69 70 71 72 74 76 77 79 80 82 85 86 
88 91 92 93 95 97 98 99 100 
58
1 2 3 4 5 6 7 10 11 12 13 16 
17 18 20 21 22 23 24 25 26 28 31 32 
33 35 37 38 44 45 46 48 50 52 56 58 
62 63 67 69 72 73 75 78 79 82 83 85 
87 90 91 92 93 94 96 97 98 99 
54
1 3 4 5 7 9 10 12 13 17 18 22 
23 24 25 26 30 31 32 33 34 35 36 37 
40 41 43 44 46 47 54 59 61 63 66 67 
68 69 72 73 75 78 80 82 83 84 87 88 
91 92 94 96 97 100 
52
1 2 4 7 8 9 11 13 14 16 18 19 
21 22 25 26 27 28 30 34 35 37 42 43 
45 47 48 49 50 51 52 53 55 60 66 67 
68 69 70 71 73 75 76 79 80 81 84 85 
89 91 96 100 
43
1 2 4 8 10 19 25 28 30 31 32 33 
36 37 38 39 44 47 49 50 51 55 62 63 
64 66 67 68 76 78 79 82 85 86 87 88 
90 93 94 95 96 98 100 
52
3 4 6 7 8 9 10 11 14 15 16 17 
19 20 21 23 26 27 29 30 32 35 38 39 
41 42 43 44 45 48 50 53 56 58 61 66 
67 68 69 72 76 77 79 83 85 86 90 93 
95 96 97 100 
42
6 7 8 9 11 17 18 24 26 27 29 30 
37 41 42 43 46 47 49 50 51 55 59 61 
62 63 65 68 72 75 77 80 83 86 87 88 
92 93 96 97 98 99 
49
1 6 7 8 9 12 13 16 17 20 22 25 
28 29 30 33 35 36 37 39 41 45 46 49 
50 52 53 54 55 56 58 61 62 64 65 66 
67 68 69 70 74 77 78 79 80 93 96 98 
100 
51
1 2 7 9 11 14 15 16 17 20 24 27 
28 30 31 32 34 35 36 40 41 43 44 49 
50 55 56 57 58 61 63 65 67 68 69 71 
72 73 74 78 79 85 86 90 91 92 93 94 
96 97 100 
49
3 4 6 9 11 12 16 17 18 19 21 23 
24 28 31 33 34 35 36 39 40 41 42 46 
47 48 50 51 54 57 59 60 63 64 65 69 
73 75 77 81 82 86 89 93 94 95 97 99 
100 
46
2 3 4 6 9 10 11 14 16 19 21 22 
24 28 31 37 39 42 43 47 49 50 51 52 
54 57 58 59 61 62 65 67 68 69 70 71 
77 84 86 87 88 89 90 91 94 99 
47
1 2 4 8 12 15 16 18 22 23 24 27 
29 32 33 35 36 37 39 44 45 46 49 50 
51 52 53 55 56 61 62 63 65 67 68 69 
73 75 77 78 81 84 89 93 95 96 97 
53
1 5 6 7 8 9 11 14 17 22 23 26 
28 29 30 32 33 34 35 38 39 41 46 48 
54 55 58 59 61 66 67 68 69 70 71 73 
75 76 77 78 79 80 81 83 87 89 90 91 
92 94 96 98 100 
49
1 2 5 6 10 11 12 15 21 25 28 29 
30 31 34 36 37 38 39 41 42 43 45 48 
49 50 51 52 55 56 59 62 63 64 71 75 
80 82 83 86 88 89 90 91 92 93 95 99 
100 
52
1 2 4 6 7 8 9 10 12 13 18 20 
22 23 24 30 31 32 33 34 35 38 40 43 
45 47 49 50 51 54 55 56 58 59 60 61 
63 64 66 67 69 73 74 77 78 80 82 84 
85 88 95 96 
52
2 3 4 5 6 7 12 14 15 17 18 20 
22 26 27 31 32 37 38 39 40 43 46 47 
50 51 52 55 58 59 60 62 66 69 70 71 
72 73 74 75 77 81 84 85 86 89 90 92 
93 95 97 100 
53
2 9 13 14 15 17 19 20 21 22 25 27 
33 35 36 37 38 39 41 42 43 45 47 49 
51 54 55 56 59 60 62 64 65 69 70 72 
74 76 77 79 81 83 85 86 87 89 91 92 
94 95 98 99 100 
52
3 4 7 8 9 10 11 12 14 16 19 21 
24 25 26 28 30 31 35 39 40 41 43 48 
49 50 51 52 54 55 58 59 62 66 69 72 
73 74 75 77 78 79 81 82 87 88 90 91 
95 96 99 100 
45
4 5 9 10 12 19 20 21 22 24 25 26 
27 32 33 34 37 41 42 44 48 50 51 52 
54 55 60 63 65 67 68 70 72 74 75 76 
77 78 83 84 85 91 95 96 97 
50
2 3 5 7 10 11 14 15 16 18 20 21 
24 26 27 31 33 34 35 38 40 43 45 46 
47 48 50 53 54 56 57 60 61 64 65 68 
71 73 74 77 79 82 83 88 90 91 94 95 
96 98 
46
1 7 8 9 10 15 22 25 26 31 32 33 
38 39 43 48 49 51 52 54 55 56 57 59 
62 63 65 66 68 69 71 73 75 76 78 79 
80 84 87 88 89 90 92 93 96 98 
49
2 3 4 5 7 9 10 11 12 14 16 17 
19 20 24 27 29 30 35 36 37 38 46 47 
48 51 53 54 55 56 57 59 60 65 66 67 
70 71 72 74 76 77 78 82 84 90 94 96 
99 
54
2 7 8 9 10 11 12 13 14 17 19 20 
21 22 23 24 28 31 32 33 34 35 38 44 
48 49 50 51 52 54 55 62 65 68 69 71 
72 73 74 80 81 82 84 85 86 87 88 89 
91 93 95 96 97 100 
49
1 2 3 5 7 8 10 11 12 16 17 24 
27 28 29 30 31 35 37 40 41 43 47 51 
55 57 59 60 61 64 65 66 68 69 71 72 
75 78 81 82 84 87 88 90 91 92 96 98 
99 
40
1 4 5 10 11 13 18 22 24 27 30 31 
32 35 37 38 39 41 45 47 51 53 55 60 
62 63 65 66 67 68 70 71 72 73 81 83 
89 92 96 97 
49
6 7 8 11 12 17 20 22 24 26 27 28 
29 30 32 35 36 37 38 40 42 46 48 49 
51 53 58 59 62 65 69 70 71 76 77 78 
79 80 81 83 85 87 88 89 90 92 93 95 
97 
56
1 2 3 6 8 12 15 16 18 20 22 23 
24 25 26 31 32 34 36 39 40 43 44 45 
46 48 50 51 52 53 54 55 56 58 59 60 
62 63 64 67 68 69 71 76 79 80 81 82 
83 84 87 93 95 96 97 98 
51
5 8 9 13 15 16 18 19 20 23 27 31 
33 36 38 40 42 43 44 45 46 48 49 50 
52 53 55 56 58 63 66 68 71 72 73 74 
77 78 80 84 85 87 88 89 90 93 94 97 
98 99 100 
47
1 2 11 12 13 17 18 20 22 25 26 28 
31 32 33 37 41 43 44 45 46 49 52 53 
56 57 61 64 65 66 67 71 76 77 79 80 
81 83 84 86 87 90 93 94 95 96 100 
49
4 8 9 10 13 18 19 20 21 27 28 29 
30 36 37 41 43 45 48 50 51 53 54 57 
59 61 62 64 65 66 67 68 71 72 73 76 
78 79 81 82 83 85 89 92 93 94 96 97 
99 
49
1 4 6 8 9 11 13 17 20 22 25 26 
27 28 31 32 35 38 40 41 43 44 45 47 
48 51 56 61 63 64 66 68 69 71 72 74 
78 79 80 81 82 83 85 87 90 93 94 96 
97 
47
2 5 6 10 11 13 14 19 20 21 23 24 
25 26 27 28 32 34 36 37 39 43 47 50 
51 52 53 55 56 57 64 65 66 67 68 69 
71 76 77 78 83 86 89 90 91 96 99 
48
3 6 7 8 9 22 23 24 25 28 29 33 
35 36 37 38 39 44 46 48 49 50 51 52 
54 55 56 57 58 59 63 64 65 66 69 70 
73 74 75 79 81 85 87 94 97 98 99 100 
44
3 4 5 9 10 13 16 21 22 24 25 30 
32 33 34 37 40 41 42 43 45 48 50 52 
53 54 55 67 68 69 71 74 76 77 83 84 
88 89 91 94 95 96 97 100 
52
1 3 4 5 7 8 9 10 11 13 16 17 
18 19 20 29 30 37 38 39 40 42 45 46 
50 52 53 54 59 62 63 64 66 67 69 71 
73 74 76 77 78 79 81 83 85 87 92 93 
94 98 99 100 
52
1 7 8 9 10 11 12 13 15 17 18 19 
20 22 25 26 29 30 31 32 33 36 37 39 
40 41 42 43 44 46 50 51 52 58 59 67 
69 71 77 78 79 81 82 83 85 87 88 90 
91 94 95 97 
55
1 3 4 6 9 11 12 13 17 19 25 26 
27 28 29 30 33 34 35 39 40 43 44 46 
47 48 49 50 52 53 57 61 62 64 66 69 
70 72 73 74 75 77 79 82 83 84 85 86 
88 89 90 91 96 97 98 
49
1 3 4 7 8 11 12 14 15 16 17 18 
19 21 22 24 25 33 34 35 36 39 42 44 
47 49 50 51 52 54 55 56 58 60 64 65 
67 68 70 71 73 77 84 87 90 91 92 95 
98 
42
1 2 3 5 6 9 10 11 14 15 24 34 
36 38 39 40 43 44 45 46 49 50 51 53 
57 61 62 65 68 69 74 76 80 88 89 90 
91 93 94 95 98 100 
53
1 7 10 11 12 16 17 19 22 23 24 26 
27 29 30 31 32 33 34 37 38 41 43 45 
46 47 48 50 51 55 57 60 61 62 63 67 
68 69 70 71 72 74 81 82 84 86 88 89 
91 92 93 95 97 
54
2 3 5 9 10 12 14 15 16 19 22 24 
25 31 34 36 39 40 41 42 44 45 48 52 
54 55 57 59 61 62 63 66 69 70 71 72 
73 74 75 77 78 80 83 85 86 87 90 91 
93 95 96 97 98 100 
43
1 2 8 9 10 11 14 16 19 22 24 27 
31 32 33 35 39 40 41 42 43 44 49 51 
53 55 57 59 62 65 72 74 76 78 79 80 
86 88 90 92 93 94 95 
46
1 2 4 8 9 10 11 14 15 17 22 26 
28 29 30 33 34 35 38 40 41 44 46 49 
50 51 52 54 55 57 59 60 61 62 67 69 
79 80 81 82 85 86 88 95 97 98 
42
5 6 7 12 19 20 21 25 26 30 33 36 
38 39 41 42 43 45 46 47 48 49 50 51 
54 56 64 67 70 71 74 76 77 84 86 89 
91 92 93 95 98 100 
46
1 2 3 5 7 9 11 12 14 16 22 25 
27 28 29 32 33 36 37 38 40 41 42 44 
45 47 49 50 51 53 60 63 66 68 69 70 
73 75 77 78 80 82 87 88 90 98 
51
1 2 3 4 5 6 9 12 14 15 16 20 
21 23 24 26 28 30 31 32 34 35 36 38 
42 43 44 46 47 48 51 57 58 59 61 63 
64 65 68 69 72 75 77 78 79 81 82 83 
95 96 98 
52
1 3 4 7 8 9 12 14 17 19 27 29 
30 33 34 36 41 42 44 45 48 51 52 53 
54 56 57 58 64 65 66 67 68 69 70 71 
72 74 80 82 83 85 86 87 88 90 91 92 
95 97 99 100 
56
1 2 5 6 7 8 9 10 12 14 17 18 
19 20 21 22 24 25 26 28 30 31 33 35 
37 40 43 44 46 49 50 51 52 54 55 56 
59 60 61 63 64 66 67 68 69 75 76 77 
78 80 82 85 90 91 92 97 
51
4 5 12 13 15 16 18 19 24 25 26 27 
28 29 33 35 41 43 45 47 48 49 50 51 
54 55 56 58 60 66 67 69 70 71 72 73 
74 76 78 79 81 82 85 88 90 92 93 94 
96 99 100 
53
1 2 3 6 7 8 9 10 11 12 13 15 
16 17 18 19 23 24 25 27 28 29 34 35 
36 41 44 46 48 49 50 52 54 55 56 59 
63 67 72 73 74 75 76 78 79 83 84 86 
88 89 92 93 97 
62
1 2 4 5 6 7 9 11 12 14 15 16 
18 19 20 21 22 26 28 30 31 32 35 36 
38 39 41 44 46 48 49 51 52 54 55 61 
63 64 65 66 67 68 71 72 73 75 77 78 
80 81 82 83 84 86 88 91 92 94 96 97 
98 100 
47
1 4 5 11 12 14 15 16 17 19 21 22 
23 24 25 27 28 30 32 33 36 39 40 42 
45 49 51 52 59 60 63 67 68 70 71 73 
74 75 76 79 80 81 86 90 92 97 100 
53
1 2 4 7 9 12 13 14 15 19 20 24 
26 27 32 34 35 36 37 39 40 43 46 48 
50 52 53 54 57 60 62 63 64 65 66 67 
71 73 78 79 81 82 84 85 90 91 93 95 
96 97 98 99 100 
49
4 6 8 10 11 12 16 18 20 22 23 26 
33 34 39 40 41 42 43 46 51 54 55 57 
58 61 62 63 64 65 67 68 70 74 77 78 
79 80 81 82 83 84 85 90 93 97 98 99 
100 
56
2 4 5 6 7 8 9 12 14 15 16 18 
19 20 22 23 24 26 28 29 32 34 37 39 
41 43 44 47 48 49 51 53 56 58 59 62 
67 68 69 71 73 74 76 77 78 79 81 82 
83 84 86 88 89 90 92 100 
54
1 2 4 6 7 10 13 14 16 20 22 23 
27 29 30 31 34 36 37 38 39 41 44 45 
47 49 51 55 56 57 58 60 61 62 67 68 
69 70 71 72 73 75 77 82 88 89 92 93 
94 95 97 98 99 100 
43
3 6 7 10 11 13 17 18 20 22 25 27 
29 32 33 37 43 44 52 53 54 56 57 58 
60 63 69 70 71 72 73 75 79 80 81 82 
83 84 88 90 94 95 99 
58
1 3 4 10 11 12 13 14 16 17 20 22 
25 26 27 28 29 32 34 36 37 40 41 43 
45 46 47 49 50 53 54 56 57 58 59 61 
64 65 68 70 73 77 79 81 82 83 84 86 
87 91 92 94 95 96 97 98 99 100 
56
2 3 4 7 8 12 13 17 20 21 24 25 
26 31 32 33 34 36 40 44 47 52 54 56 
57 58 59 60 62 63 65 66 69 70 72 73 
74 78 79 80 81 83 85 86 87 88 89 90 
91 93 94 95 96 98 99 100 
52
3 6 7 8 12 13 16 20 22 23 24 28 
31 33 35 37 38 39 40 41 43 44 47 51 
53 54 57 59 60 63 64 68 69 71 73 74 
77 78 79 80 82 83 85 86 87 88 90 92 
94 96 98 99 
57
1 2 3 6 7 8 12 13 14 15 18 19 
20 21 22 23 24 26 29 31 32 33 35 37 
39 43 45 47 48 49 53 55 56 59 60 62 
63 66 67 72 75 77 78 79 80 81 82 83 
84 85 89 91 92 94 95 97 99 
44
2 3 4 10 11 12 14 15 16 20 23 24 
25 28 29 30 33 37 40 43 44 45 50 54 
56 59 62 63 65 66 67 68 70 72 76 77 
82 90 91 92 94 95 99 100 
44
1 3 5 7 8 9 13 17 19 20 22 23 
24 25 32 36 38 40 41 44 45 46 48 50 
55 57 59 63 67 70 76 81 82 85 86 87 
89 91 93 94 95 96 97 98 
43
2 8 9 11 12 13 16 18 20 22 24 25 
29 31 33 39 42 43 47 48 50 52 54 55 
56 57 64 66 67 68 74 75 78 79 82 83 
84 85 89 90 91 92 94 
49
3 4 6 7 8 10 11 14 15 16 18 22 
23 24 27 28 34 36 37 38 40 41 48 50 
52 57 58 60 62 64 65 66 68 69 75 76 
77 78 80 82 83 87 88 90 91 92 94 95 
100 
57
2 4 5 6 7 8 9 12 13 15 16 20 
21 22 23 24 25 26 27 28 30 31 32 34 
36 38 40 43 44 45 49 52 56 57 61 63 
67 68 69 71 72 73 74 77 79 84 86 87 
88 89 90 91 92 93 94 95 98 
45
2 3 4 7 9 10 13 14 15 17 18 19 
21 22 27 34 35 39 41 42 44 45 46 52 
54 61 62 64 65 66 67 69 70 73 76 80 
85 86 88 92 93 95 97 99 100 
44
2 3 6 7 8 14 16 18 20 22 28 29 
30 33 34 38 39 44 54 55 57 58 59 61 
63 64 65 66 68 69 72 78 79 80 81 82 
84 89 90 92 94 95 96 99 
51
1 2 3 5 6 7 8 9 10 12 15 17 
18 20 23 26 27 28 29 31 33 34 38 41 
43 48 49 51 52 56 58 59 61 62 65 66 
68 71 72 73 74 80 82 83 85 86 88 94 
97 99 100 
52
1 2 3 4 6 8 10 17 18 19 21 22 
23 24 25 27 28 29 30 31 32 33 35 37 
41 42 44 45 48 49 50 57 60 62 64 68 
72 76 78 79 80 82 83 84 85 86 89 90 
91 95 96 98 
54
1 6 7 11 14 23 24 25 27 28 30 31 
33 34 35 36 37 38 39 40 41 42 43 44 
45 46 50 51 52 54 55 56 57 58 60 64 
65 67 70 72 73 74 75 76 82 83 84 86 
89 93 94 95 99 100 
51
3 5 6 7 8 10 13 14 15 17 19 26 
27 28 30 31 32 34 37 39 40 41 42 43 
45 50 53 55 57 66 67 68 69 70 71 72 
73 75 77 78 82 83 84 85 91 92 94 95 
96 97 99 
46
1 3 5 9 11 12 14 15 16 19 22 26 
28 30 31 32 34 35 39 41 42 44 49 51 
52 53 55 56 57 60 62 68 70 72 73 75 
76 78 82 84 86 87 91 96 99 100 
52
3 4 5 10 11 14 15 17 18 19 20 21 
24 28 29 31 32 33 35 37 38 39 40 41 
42 43 44 45 46 49 52 55 58 59 60 62 
65 66 68 70 72 77 78 80 81 82 86 89 
90 91 92 100 
48
4 5 6 10 11 12 13 15 17 18 23 25 
26 27 28 29 33 34 35 36 39 40 41 45 
47 48 50 57 59 61 62 63 65 66 67 69 
70 72 81 82 84 86 87 88 89 94 95 96 
56
1 7 8 10 11 12 13 18 20 21 22 23 
25 28 29 34 36 38 39 42 44 45 46 50 
51 52 53 54 55 56 59 61 62 63 64 65 
68 70 71 72 73 74 76 77 79 80 81 82 
85 86 88 89 90 92 95 99 
42
1 3 6 12 18 21 23 25 27 30 34 38 
40 41 42 43 45 46 49 51 53 55 56 57 
62 63 64 66 67 69 71 73 74 84 85 86 
89 90 92 96 97 98 
41
1 3 6 7 8 11 12 15 16 18 27 28 
30 31 32 37 38 39 40 41 42 53 54 55 
57 63 64 65 66 74 78 79 81 82 84 89 
90 92 94 95 97 
49
2 8 9 11 12 13 14 15 19 20 21 25 
26 27 29 31 34 35 36 42 43 44 48 50 
53 54 55 56 58 59 60 62 63 66 68 77 
78 79 84 85 87 88 89 90 92 95 96 97 
98 
50
1 4 6 12 14 15 16 18 19 21 22 23 
25 27 28 29 30 37 39 40 41 43 44 45 
47 48 52 53 55 56 58 60 63 65 67 68 
70 71 74 75 76 78 79 80 88 90 91 93 
97 99 
55
2 3 6 7 8 9 10 11 16 17 18 23 
24 25 26 28 29 31 36 37 40 42 43 46 
47 48 49 50 54 57 58 59 61 62 64 65 
68 73 75 77 78 80 82 83 85 86 87 89 
90 91 92 93 95 96 97 
54
1 2 3 5 6 8 9 12 13 14 16 17 
19 20 22 27 30 31 32 37 38 39 40 41 
45 47 48 51 53 54 58 62 63 64 66 67 
72 73 74 76 77 79 80 81 83 85 87 89 
91 94 95 97 98 100 
59
3 7 8 9 11 14 15 17 22 23 24 25 
27 30 33 34 35 37 39 42 43 46 49 50 
52 54 55 56 58 59 61 62 63 64 66 67 
68 69 70 72 73 75 78 79 80 82 83 84 
85 87 88 89 91 92 93 95 96 99 100 
45
1 2 4 5 7 10 12 14 15 16 17 18 
20 21 22 26 27 30 31 32 34 35 37 39 
40 41 43 46 48 54 55 56 57 61 63 65 
67 75 79 81 83 86 92 94 96 
52
2 3 4 7 9 11 12 14 15 18 20 21 
22 24 29 32 33 34 36 39 43 44 45 47 
48 49 54 56 57 59 62 66 67 68 69 70 
71 72 73 77 78 79 80 82 84 85 86 91 
92 94 95 96 
46
5 7 9 12 13 14 15 16 19 21 22 23 
24 28 29 32 34 35 36 37 38 44 55 56 
57 58 59 63 65 69 70 71 77 78 80 83 
84 85 87 88 89 90 91 93 94 98 
46
1 2 3 4 5 8 11 12 13 14 17 19 
28 29 32 34 36 37 38 39 43 45 47 48 
49 50 51 59 60 61 67 71 73 74 76 77 
80 81 85 86 90 91 92 95 96 98 
47
2 3 4 5 6 7 9 13 14 20 21 24 
29 31 32 33 38 39 40 48 49 50 54 56 
57 61 64 65 66 67 71 73 74 76 77 78 
79 82 85 87 89 92 93 94 95 96 99 
50
2 3 4 7 12 15 16 17 22 24 25 26 
29 30 31 34 35 38 40 42 43 47 49 50 
55 56 58 60 61 62 70 72 74 77 80 82 
83 84 85 86 88 89 90 91 92 93 94 97 
99 100 
50
1 5 7 8 9 15 17 18 21 24 26 27 
28 29 34 36 37 38 39 42 43 47 48 49 
50 52 54 56 57 58 59 60 64 70 71 72 
73 80 83 84 87 88 92 94 95 96 97 98 
99 100 
43
1 6 7 8 9 11 13 15 16 18 19 21 
22 23 24 27 31 35 38 39 40 41 44 46 
47 49 52 53 56 59 61 67 74 77 78 79 
84 90 91 93 94 95 98 
52
2 8 9 10 17 22 25 26 29 30 31 33 
38 39 41 42 43 45 46 48 49 50 51 52 
55 56 57 58 59 60 63 65 66 68 70 73 
74 77 78 80 81 83 84 85 86 89 92 93 
94 95 96 100 
44
3 4 9 10 13 14 15 16 17 18 19 20 
27 30 36 37 38 39 45 46 47 48 50 51 
55 56 57 58 62 64 70 71 72 73 75 78 
84 85 91 94 95 97 99 100 
47
1 4 5 10 11 15 16 21 22 23 24 25 
28 29 30 33 34 35 36 37 39 43 44 47 
48 50 51 53 54 55 56 60 67 70 71 79 
80 84 86 89 90 92 93 94 96 97 99 
53
1 2 3 9 10 11 13 14 17 18 20 23 
25 27 28 31 34 35 42 44 46 48 49 50 
53 55 56 59 60 62 63 65 66 67 69 70 
72 73 75 77 79 80 83 86 88 89 90 91 
92 95 97 98 100 
60
1 2 3 5 6 7 9 10 15 18 20 21 
23 24 26 28 30 31 35 36 39 40 43 45 
46 47 48 51 53 54 55 56 57 58 60 61 
63 64 65 66 68 69 71 72 75 76 77 78 
79 86 88 89 91 92 93 94 95 97 98 100 
47
3 6 8 13 15 16 18 19 23 24 26 28 
33 34 37 39 42 43 44 45 46 48 49 52 
53 55 57 61 63 67 71 73 74 75 79 80 
83 84 85 87 88 89 90 93 94 97 99 
49
1 5 6 8 9 13 15 17 19 21 23 25 
26 27 29 30 32 33 35 36 40 41 44 46 
47 48 52 54 59 60 63 70 71 74 75 76 
77 79 81 82 85 86 89 90 91 94 95 96 
98 
53
3 4 7 8 10 11 12 13 14 15 16 18 
20 21 24 25 26 27 28 30 31 35 38 42 
44 45 47 50 52 53 55 58 59 60 61 63 
66 69 70 72 73 76 79 86 88 89 90 91 
92 95 96 97 99 
47
2 3 4 5 6 9 11 13 14 16 17 18 
21 22 23 27 29 31 35 36 37 38 39 46 
47 48 50 53 56 57 59 61 63 65 66 67 
72 75 76 81 85 86 92 93 95 98 100 
55
2 3 4 5 6 7 8 9 11 14 15 20 
21 22 23 24 28 29 31 33 36 38 39 40 
42 43 46 47 48 49 50 61 62 65 66 70 
71 73 76 77 79 80 81 84 85 87 88 89 
92 93 94 96 98 99 100 
52
1 2 3 4 8 9 12 16 18 19 20 21 
22 24 25 27 32 33 34 35 39 42 43 48 
49 53 54 55 56 57 59 62 66 67 70 72 
73 74 75 78 79 81 85 86 88 89 91 92 
93 94 95 100 
59
2 8 9 12 13 14 15 18 19 20 22 24 
25 27 29 30 31 32 33 36 37 39 40 43 
44 46 48 52 54 57 58 60 62 63 64 67 
68 69 70 72 73 74 75 79 80 81 84 85 
86 88 89 91 92 93 94 95 96 99 100 
49
1 2 4 5 7 13 15 17 19 21 23 26 
29 30 33 36 38 39 42 43 44 45 46 48 
51 53 56 58 59 61 62 64 65 68 69 71 
74 76 77 78 79 80 84 86 88 90 93 95 
98 
40
2 6 9 11 16 18 21 22 23 27 29 35 
36 37 45 46 47 48 52 54 57 62 64 65 
66 67 69 70 71 72 75 77 79 83 85 89 
92 94 95 98 
52
1 4 5 6 8 9 10 11 12 14 17 21 
23 24 25 26 27 30 32 35 40 41 44 45 
47 48 50 54 55 57 58 60 61 64 65 66 
67 69 71 72 73 75 78 81 82 85 91 93 
94 95 97 99 
58
1 2 5 6 7 8 9 10 14 16 17 18 
22 23 24 25 26 27 29 35 36 37 39 40 
41 42 44 45 47 49 50 52 53 55 56 57 
60 63 64 66 70 71 73 75 77 80 84 85 
86 87 89 90 91 92 95 97 98 99 
52
1 3 5 7 8 9 12 14 15 16 17 18 
21 24 25 26 28 29 30 31 35 37 38 42 
44 47 48 49 51 52 54 57 58 59 63 64 
70 71 72 76 80 81 83 85 87 88 90 91 
92 94 96 100 
55
1 2 3 4 6 8 9 10 11 12 13 16 
17 19 22 23 25 27 30 31 32 34 35 39 
41 42 45 46 48 49 50 52 53 55 56 57 
59 61 62 66 68 71 72 74 76 78 80 81 
83 85 86 87 88 95 97 
50
2 4 5 9 11 16 18 24 28 29 33 35 
36 38 40 42 45 46 47 48 49 50 51 52 
54 55 56 58 59 63 64 67 69 71 72 74 
77 78 81 82 84 85 87 88 91 92 95 97 
98 100 
48
1 2 3 4 5 6 12 13 15 16 17 18 
19 21 22 27 29 33 36 37 39 40 42 48 
49 50 53 54 58 64 65 67 70 73 74 77 
79 80 83 87 88 89 91 93 96 97 98 99 
58
2 5 7 10 11 17 20 21 22 23 24 25 
26 28 29 30 34 35 37 39 40 42 43 44 
46 47 48 49 50 52 53 56 59 60 64 66 
68 69 70 73 74 76 79 80 82 83 86 88 
89 91 92 94 95 96 97 98 99 100 
37
3 5 6 7 10 14 16 20 21 23 24 31 
33 38 39 41 43 46 51 52 53 56 61 65 
66 76 77 81 82 85 86 87 88 89 97 98 
99 
44
5 6 7 8 10 11 16 19 21 25 26 29 
32 33 34 38 39 41 44 47 49 51 54 55 
56 60 61 64 65 66 68 69 70 71 73 75 
78 79 82 84 87 89 97 100 
43
1 5 8 13 14 16 18 19 20 22 25 26 
27 29 30 32 33 35 36 37 43 46 47 52 
57 59 60 67 69 70 78 79 80 82 83 85 
87 88 90 93 95 97 99 
51
3 4 7 8 9 10 12 13 14 19 20 21 
23 24 25 26 27 28 30 31 33 34 40 44 
47 48 49 50 52 53 55 58 59 63 66 68 
70 74 76 79 80 82 85 87 90 92 93 94 
97 98 99 
59
2 3 7 8 9 10 13 15 16 19 23 24 
26 30 31 33 35 36 38 40 41 42 43 44 
47 48 55 57 58 60 61 62 63 64 65 67 
70 71 72 73 74 76 77 79 80 82 83 84 
85 86 87 88 91 92 94 95 97 99 100 
52
2 3 4 5 7 8 10 11 14 17 19 21 
23 24 25 26 27 28 29 30 33 34 35 38 
41 42 46 49 56 57 58 63 65 67 68 73 
74 76 77 78 80 82 85 87 89 90 93 94 
97 98 99 100 
52
3 5 6 7 8 10 11 12 15 16 17 18 
19 21 24 26 28 29 30 31 32 34 36 38 
39 40 42 49 51 53 56 57 62 63 64 65 
66 68 72 74 75 77 78 83 86 88 91 93 
94 96 97 99 
54
1 2 3 4 5 6 10 18 19 20 22 23 
24 25 26 29 32 33 34 35 36 39 40 41 
42 43 46 47 48 49 51 52 53 56 61 62 
63 65 68 70 73 75 77 78 79 83 85 90 
91 92 95 96 98 100 
47
3 6 8 9 10 12 13 14 15 16 17 19 
21 23 25 26 31 32 33 34 37 39 40 41 
42 44 50 52 54 56 57 58 59 61 63 66 
70 72 73 74 78 81 83 84 91 93 100 
47
1 10 12 16 17 18 19 21 25 30 31 37 
39 40 41 46 47 49 51 56 57 59 60 61 
63 65 66 67 69 71 72 74 77 79 80 81 
82 85 86 89 90 94 95 96 97 98 99 
52
3 4 5 8 10 11 12 13 14 15 19 20 
22 26 29 30 32 33 39 41 43 49 50 51 
52 56 57 58 64 65 71 73 74 75 76 77 
78 79 80 81 82 83 85 86 87 89 91 95 
96 97 98 100 
55
2 3 4 5 6 8 9 10 12 14 15 16 
22 23 24 25 31 33 34 35 36 37 39 40 
44 48 50 51 54 56 57 59 63 64 65 67 
71 72 74 75 77 78 79 81 87 88 89 90 
93 94 95 96 97 99 100 
52
2 3 4 6 7 10 12 13 15 17 20 21 
22 24 27 28 30 33 34 35 36 38 42 43 
45 47 48 49 50 53 57 58 60 62 63 66 
69 71 72 78 79 80 82 84 85 86 87 91 
93 94 97 100 
