100 75
1 1 1 1 1 1 1 1 1 1 1 1 
1 1 1 1 1 1 1 1 1 1 1 1 
1 1 1 1 1 1 1 1 1 1 1 1 
1 1 1 1 1 1 1 1 1 1 1 1 
1 1 1 1 1 1 1 1 1 1 1 1 
1 1 1 1 1 1 1 1 1 1 1 1 
1 1 1 
25
2 4 12 13 14 15 16 19 22 23 29 32 
33 36 38 39 40 44 47 48 51 61 62 64 
68 
22
4 7 10 11 15 23 25 34 35 36 38 39 
40 45 47 55 57 58 59 69 72 73 
23
2 6 11 16 19 28 29 31 34 37 41 46 
48 49 50 51 53 55 58 61 65 68 72 
17
3 9 10 21 26 27 28 33 36 42 47 51 
52 56 63 65 66 
20
5 10 13 15 19 21 24 27 30 31 34 38 
43 44 48 56 64 65 66 75 
28
6 8 11 12 17 19 21 23 24 27 32 33 
34 36 39 41 43 44 46 47 48 51 57 63 
64 67 71 74 
25
3 9 11 12 14 22 25 30 34 35 40 44 
45 48 52 53 55 58 62 66 67 69 71 74 
75 
22
6 8 9 12 14 15 16 18 28 31 42 44 
47 48 49 52 53 55 57 59 72 74 
22
1 3 4 7 12 13 14 16 23 25 26 35 
36 41 47 53 57 61 65 66 70 71 
18
7 10 11 16 22 25 26 27 31 32 35 48 
56 62 65 67 68 75 
20
2 3 4 9 12 19 21 28 32 33 44 45 
53 55 59 63 66 69 70 72 
20
1 9 18 19 20 26 29 32 33 34 40 43 
48 52 53 57 62 66 71 72 
30
1 2 10 13 14 16 18 20 26 31 33 35 
36 42 45 47 48 51 54 55 56 57 58 63 
64 65 68 70 73 74 
22
3 5 8 12 18 19 20 22 24 27 28 32 
35 45 47 52 57 63 67 71 72 73 
24
2 5 12 13 14 15 17 20 22 23 24 30 
31 33 34 35 37 43 49 61 64 68 69 71 
22
3 13 14 16 17 18 20 24 27 41 43 44 
50 53 54 55 57 58 61 70 71 72 
25
1 6 7 12 17 18 23 24 30 32 33 34 
42 47 52 53 54 55 57 58 60 61 63 66 
70 
27
7 14 15 19 26 27 28 32 34 35 38 39 
41 43 46 49 51 55 59 63 65 66 68 70 
73 74 75 
29
2 9 10 13 14 18 19 21 22 24 25 27 
28 29 30 39 42 44 46 48 49 53 55 57 
59 63 65 70 72 
19
1 2 5 6 11 15 18 23 35 45 48 53 
55 57 64 67 70 73 75 
28
2 16 17 20 21 25 26 33 35 36 37 38 
40 41 42 43 45 50 52 53 56 61 62 63 
65 70 74 75 
21
7 15 18 19 23 26 27 31 32 33 36 46 
51 52 62 63 64 68 70 72 74 
15
1 5 6 8 13 26 29 35 37 41 44 45 
50 56 62 
24
1 2 10 13 15 16 19 20 26 33 34 37 
40 41 42 44 45 50 51 52 64 72 74 75 
28
4 5 7 8 12 15 23 27 29 35 36 39 
42 43 46 49 50 51 52 58 60 62 63 65 
66 69 73 74 
25
1 3 5 7 10 12 13 17 29 30 31 33 
34 41 42 43 44 47 53 54 56 71 72 74 
75 
20
3 7 11 19 20 21 27 29 32 33 35 46 
56 57 64 66 67 70 73 74 
30
2 6 8 11 14 16 17 19 23 29 30 34 
38 40 41 42 47 50 51 54 55 57 58 65 
66 68 70 73 74 75 
27
3 6 7 13 19 21 22 29 30 32 34 39 
40 47 49 50 51 53 55 57 60 64 66 69 
73 74 75 
17
1 4 6 7 8 9 11 20 22 26 30 38 
43 60 64 72 74 
17
3 15 18 20 22 23 25 28 36 37 38 48 
53 61 68 73 74 
24
3 5 7 10 17 19 22 24 27 31 32 34 
36 37 42 46 51 54 57 60 61 65 66 67 
18
5 10 11 16 19 20 24 37 40 43 50 52 
53 55 56 65 70 75 
26
1 7 9 11 12 13 15 17 18 19 20 21 
26 27 33 36 37 39 40 41 46 53 57 58 
62 66 
23
6 7 9 16 17 23 27 33 34 38 39 42 
44 48 53 54 56 57 58 59 61 69 71 
21
1 5 15 20 24 25 26 27 29 32 35 39 
41 42 43 56 57 61 63 66 70 
24
1 3 5 14 18 22 23 24 30 32 36 37 
40 41 42 56 57 61 64 68 70 72 73 74 
25
2 4 5 9 15 16 22 24 26 30 33 36 
37 39 41 42 47 50 51 54 59 62 66 68 
74 
22
9 10 11 14 15 18 19 20 21 28 33 40 
46 47 53 56 61 63 67 69 70 73 
19
2 4 6 7 10 13 17 26 27 31 32 35 
37 46 49 57 68 70 73 
23
2 5 6 17 22 23 28 29 30 31 33 38 
44 48 54 60 62 63 64 65 66 69 75 
24
5 7 8 9 10 18 22 27 28 32 37 38 
39 40 43 48 49 50 52 55 56 57 63 65 
23
3 4 5 11 12 16 25 26 27 28 32 33 
43 48 51 52 54 57 58 63 64 68 73 
25
1 4 5 6 9 11 13 16 17 22 28 29 
40 43 47 48 51 54 55 60 68 69 70 72 
73 
31
6 7 12 13 14 16 23 24 25 26 28 29 
30 34 35 36 39 41 47 52 53 54 56 57 
61 63 64 67 69 73 74 
22
4 6 10 11 13 20 21 22 24 25 30 31 
32 34 41 44 45 53 57 59 65 73 
25
3 7 10 12 16 17 21 22 23 24 25 31 
33 35 40 43 47 51 57 64 66 69 70 73 
74 
19
2 14 17 18 27 29 32 37 44 45 48 53 
56 57 61 63 66 69 72 
17
2 6 8 9 12 14 20 23 35 39 49 55 
58 62 64 65 74 
26
1 4 5 9 11 13 16 17 18 24 32 35 
41 43 45 50 51 52 54 63 65 66 67 69 
70 74 
21
6 7 9 12 18 19 23 26 28 30 35 40 
44 45 49 53 54 58 60 66 70 
19
5 7 10 12 19 21 24 30 33 35 37 39 
46 53 59 60 65 68 73 
16
5 9 11 21 22 36 41 49 50 57 59 60 
63 64 67 73 
29
4 5 9 11 13 15 16 18 20 22 25 26 
28 30 31 36 40 41 42 43 48 50 52 56 
59 61 70 71 74 
23
3 4 5 8 15 16 19 20 24 26 30 31 
33 37 42 45 47 55 56 61 65 68 69 
19
1 14 17 20 22 26 33 34 40 43 46 47 
55 57 59 61 62 69 75 
25
1 4 5 11 21 25 31 33 35 36 39 40 
41 44 49 52 54 63 64 67 68 70 71 73 
74 
21
4 8 11 12 13 16 18 21 24 26 27 34 
45 46 52 53 56 59 69 73 75 
23
2 6 7 13 14 20 21 26 28 29 30 35 
40 44 46 51 52 53 56 60 63 64 72 
14
6 8 17 35 37 39 41 43 45 48 58 67 
69 72 
27
4 6 9 10 12 13 14 18 23 24 25 27 
29 30 37 40 45 47 49 52 61 63 64 65 
66 73 75 
17
1 2 10 18 22 32 36 39 48 49 51 52 
53 59 63 67 73 
23
4 6 12 13 17 19 23 24 27 28 43 46 
48 54 57 58 59 60 61 64 72 73 74 
16
4 21 30 33 36 39 43 44 46 53 58 60 
61 65 66 73 
31
3 4 6 7 17 18 20 21 25 27 28 30 
31 32 33 36 38 39 40 42 43 44 45 46 
48 56 58 61 66 68 71 
21
8 10 17 30 35 38 40 45 46 49 51 56 
59 60 67 68 71 72 73 74 75 
18
2 6 10 21 24 28 32 34 36 39 41 43 
44 46 48 49 52 69 
19
7 9 11 18 25 27 28 35 39 44 45 46 
52 53 63 64 65 66 73 
26
1 3 15 16 19 22 23 24 26 27 29 33 
38 40 42 47 51 52 53 54 56 58 62 63 
66 75 
24
3 5 6 8 14 20 22 23 27 28 29 36 
40 41 42 45 47 51 52 56 60 63 64 69 
25
8 9 15 18 19 20 21 23 26 37 41 42 
43 46 48 50 52 55 61 64 66 67 69 70 
71 
28
4 5 6 7 10 13 14 17 20 24 26 30 
35 37 40 41 46 47 48 51 53 60 62 65 
66 67 69 75 
21
4 10 14 19 26 27 30 32 33 36 45 47 
51 54 57 59 60 65 67 70 75 
22
2 4 5 7 11 15 19 25 34 36 45 46 
51 53 54 56 57 59 64 65 66 69 
16
4 9 16 19 41 53 54 55 61 63 65 66 
69 70 73 74 
28
1 3 7 9 15 19 21 23 24 27 31 36 
37 40 47 48 53 54 55 57 58 62 65 66 
67 69 73 75 
18
13 16 18 23 25 28 30 31 32 36 38 46 
48 55 56 58 59 60 
21
2 20 23 24 26 27 29 34 39 43 47 50 
52 62 63 66 67 68 70 74 75 
27
7 11 12 17 21 23 24 25 26 27 29 31 
38 40 41 43 48 50 52 55 56 58 59 66 
67 73 74 
24
2 3 5 9 14 20 22 24 34 35 37 40 
47 49 51 53 56 57 61 67 70 71 72 74 
20
5 7 17 20 27 29 35 39 43 46 47 50 
52 58 62 63 67 68 69 72 
17
1 2 7 10 13 18 20 21 23 24 26 27 
31 34 47 53 68 
26
2 5 9 13 19 20 21 25 26 30 37 39 
41 43 44 46 47 48 49 52 55 57 61 63 
69 71 
28
2 7 11 13 18 19 21 24 25 27 29 30 
32 33 38 46 47 49 50 51 56 58 64 65 
66 67 69 70 
15
1 4 6 15 16 17 30 34 41 42 44 45 
55 71 75 
16
1 6 8 14 16 18 25 39 41 47 48 59 
60 67 73 75 
29
9 10 11 12 13 15 22 28 31 36 38 41 
43 44 50 56 57 58 60 61 63 64 65 66 
67 68 70 71 72 
22
5 14 15 16 17 19 20 25 29 38 39 41 
42 44 47 48 53 63 65 67 70 73 
20
9 17 19 20 21 24 27 37 39 43 49 51 
57 61 64 67 68 69 70 73 
26
3 4 7 8 12 21 22 24 26 27 30 32 
33 44 47 50 51 53 56 60 61 62 67 71 
72 74 
18
4 5 21 26 30 31 39 41 43 46 47 48 
54 62 65 68 72 73 
25
1 4 7 8 9 12 14 19 20 29 34 36 
42 43 48 51 54 55 56 60 62 66 67 71 
72 
27
2 4 5 7 15 17 18 22 23 28 32 34 
40 42 43 44 47 49 50 55 58 61 62 64 
71 74 75 
22
1 2 3 7 12 17 19 21 27 30 31 33 
36 37 47 58 61 63 64 65 70 74 
19
3 6 9 13 18 22 23 24 31 33 35 37 
38 40 49 53 67 69 74 
24
3 4 5 8 13 17 19 22 25 27 34 36 
39 40 41 54 57 58 60 65 66 70 71 72 
25
1 3 7 11 17 18 19 22 26 29 32 34 
41 42 43 46 48 49 50 51 58 62 65 71 
75 
22
4 13 24 29 32 37 41 42 43 46 47 48 
55 58 61 63 64 65 67 72 73 74 
20
2 4 7 12 14 16 19 22 23 24 27 32 
39 43 47 56 61 64 71 73 
22
1 2 3 6 14 19 20 23 24 26 27 35 
42 43 49 55 66 68 69 71 73 74 
