100 75
1 1 1 1 1 1 1 1 1 1 1 1 
1 1 1 1 1 1 1 1 1 1 1 1 
1 1 1 1 1 1 1 1 1 1 1 1 
1 1 1 1 1 1 1 1 1 1 1 1 
1 1 1 1 1 1 1 1 1 1 1 1 
1 1 1 1 1 1 1 1 1 1 1 1 
1 1 1 
31
1 2 5 10 16 17 18 19 20 24 25 28 
31 34 35 44 45 46 47 53 54 56 60 62 
64 65 68 69 71 72 75 
20
2 3 6 7 11 18 23 26 31 33 34 35 
36 38 44 49 59 61 69 75 
19
5 10 16 25 28 30 33 41 42 52 53 56 
59 64 66 67 72 73 75 
21
2 3 6 10 16 17 20 23 25 29 32 50 
57 61 62 64 66 68 70 74 75 
27
3 6 7 9 12 14 23 24 25 26 27 28 
29 30 31 38 40 41 46 48 56 59 61 65 
66 68 73 
21
1 5 6 10 12 23 24 29 36 39 40 44 
45 46 50 53 55 56 57 59 70 
25
2 6 7 9 11 12 13 20 23 24 28 29 
31 34 39 42 43 45 52 55 56 61 63 68 
71 
27
1 2 4 5 7 14 15 23 24 26 31 32 
33 35 39 41 42 43 44 50 58 60 63 64 
69 70 71 
17
11 19 23 24 26 35 36 40 42 47 51 56 
57 60 61 66 68 
20
1 9 11 13 17 30 36 37 38 42 43 49 
50 51 52 56 59 64 69 75 
25
11 13 16 19 22 23 24 26 29 32 33 36 
40 41 46 47 49 50 51 53 56 57 62 63 
72 
19
16 18 21 29 34 37 42 46 49 52 53 58 
62 64 69 70 72 74 75 
22
1 5 10 13 17 19 21 23 24 26 29 32 
33 37 43 45 52 55 64 66 68 69 
20
5 9 11 16 21 24 33 34 36 37 40 43 
53 58 59 60 61 65 67 69 
25
3 5 8 9 10 16 17 19 25 28 29 31 
34 36 38 40 45 46 53 54 56 63 67 69 
71 
24
3 8 10 17 21 22 25 36 37 39 40 45 
46 47 54 55 56 58 60 65 66 68 69 75 
26
4 7 14 16 18 24 25 26 27 30 31 35 
36 37 40 43 51 56 58 60 61 62 67 68 
70 75 
25
1 3 4 5 6 11 12 13 16 21 28 29 
34 35 37 39 41 45 51 59 61 63 71 72 
74 
22
1 11 14 15 16 19 21 27 28 31 35 39 
40 42 45 46 51 55 56 64 69 72 
23
5 10 12 17 18 26 29 32 35 37 38 39 
41 44 50 58 63 65 67 70 71 74 75 
20
2 4 12 14 16 20 21 23 26 29 37 38 
48 49 52 59 65 67 69 73 
23
1 11 12 13 15 16 22 23 26 35 37 41 
44 45 48 53 63 65 66 69 72 73 74 
22
1 10 11 13 14 21 23 27 28 30 32 45 
47 50 51 54 56 57 58 59 66 73 
14
10 13 15 22 28 30 43 48 58 59 64 68 
69 70 
25
2 3 6 7 12 14 15 17 18 19 22 28 
33 38 39 41 42 43 48 54 57 68 70 73 
75 
24
4 6 10 19 20 21 22 25 27 28 31 33 
34 36 39 40 44 45 47 55 67 70 72 73 
28
3 15 21 27 28 29 30 31 33 40 42 43 
44 46 47 48 49 50 54 56 57 59 63 66 
68 69 73 75 
25
2 5 23 31 41 44 46 47 48 50 51 55 
56 58 59 60 61 62 66 67 68 69 71 72 
75 
29
2 4 6 9 12 13 20 21 22 27 28 34 
40 41 43 44 46 48 50 52 59 60 64 66 
67 69 72 74 75 
33
1 4 6 9 15 16 19 21 22 30 34 42 
43 44 45 47 48 50 53 58 59 61 62 63 
64 65 66 67 69 71 72 73 74 
18
3 4 6 7 9 18 25 31 32 34 37 38 
39 40 47 51 58 61 
18
1 2 10 17 18 21 26 28 37 40 45 46 
48 51 52 62 69 73 
19
1 4 5 7 10 11 13 15 19 20 37 40 
44 52 54 56 63 64 68 
18
5 6 8 11 22 26 29 33 34 45 46 53 
59 64 65 67 68 70 
30
1 3 5 6 8 13 14 17 19 20 23 24 
26 27 29 30 32 33 37 38 43 46 48 57 
59 60 61 63 65 71 
21
6 9 12 15 16 17 18 20 22 23 29 37 
38 52 53 54 59 62 67 68 72 
23
1 2 9 12 15 16 17 19 20 29 33 34 
38 46 50 54 56 58 59 60 70 73 74 
24
1 3 6 8 9 11 12 16 20 21 23 31 
32 38 41 47 49 53 54 56 62 63 64 75 
21
10 13 15 16 18 21 23 31 33 34 38 39 
44 45 49 54 58 64 66 72 73 
22
1 4 7 8 10 14 15 16 25 26 28 32 
37 39 41 42 46 49 54 56 60 63 
26
2 6 9 17 19 22 23 25 27 30 32 33 
38 39 43 45 49 51 56 57 58 60 61 64 
65 68 
23
1 2 3 4 9 11 12 17 27 28 29 30 
32 33 34 36 40 42 46 53 60 66 68 
17
1 3 8 9 13 15 19 24 26 31 37 38 
51 54 57 72 73 
22
2 3 4 12 21 23 26 30 31 34 37 39 
44 50 51 54 56 60 65 68 71 75 
21
2 5 9 23 24 31 34 35 39 40 43 46 
49 54 55 57 59 63 66 67 68 
22
8 9 11 12 13 16 17 24 28 30 31 36 
38 39 43 50 53 55 61 64 68 72 
20
7 9 11 12 14 19 21 31 33 40 42 44 
47 51 53 56 58 59 61 75 
23
5 13 21 23 26 30 33 40 41 42 46 48 
49 55 59 61 63 64 66 67 69 70 75 
23
1 3 4 5 8 14 15 16 20 21 26 27 
29 33 43 57 59 60 61 63 65 70 71 
21
5 14 16 19 20 21 26 29 32 37 44 49 
51 52 58 59 62 63 65 70 71 
18
3 9 10 18 28 32 33 36 40 49 50 52 
59 62 63 66 68 70 
18
9 13 21 22 25 37 45 47 48 52 54 58 
59 60 65 68 72 73 
27
3 5 8 11 12 13 20 22 29 34 35 36 
38 39 42 43 46 48 50 54 55 61 69 71 
73 74 75 
21
2 4 8 9 11 13 17 24 31 33 34 36 
39 48 51 54 62 63 64 67 74 
26
2 3 6 9 11 16 19 20 26 27 29 30 
31 32 43 45 48 49 53 55 63 65 66 68 
72 74 
14
1 2 5 7 12 16 25 26 38 43 48 60 
62 73 
23
9 12 13 15 16 24 28 36 37 38 39 40 
42 43 46 47 51 58 60 64 68 71 75 
27
1 7 8 9 11 13 14 17 19 20 21 23 
24 35 37 38 39 41 43 44 50 51 59 61 
64 68 70 
23
1 5 11 13 15 19 21 22 25 26 32 36 
37 39 46 49 52 57 64 67 68 72 73 
22
6 8 12 19 20 21 26 28 30 32 33 40 
44 48 50 51 52 57 58 62 65 73 
25
1 4 15 18 19 25 27 28 32 35 36 39 
41 44 45 46 47 51 55 57 61 64 65 67 
71 
21
1 4 5 9 10 12 13 14 22 28 31 35 
36 38 40 49 56 57 58 64 74 
21
2 3 8 13 16 22 24 25 33 34 35 36 
38 47 49 53 59 66 71 72 75 
15
3 8 13 22 31 42 47 50 58 61 62 66 
68 72 75 
22
2 6 8 10 14 15 19 28 34 35 39 40 
46 49 54 56 58 62 63 64 65 70 
27
2 4 5 8 12 16 18 19 21 22 26 27 
30 31 34 39 42 43 44 47 48 49 60 61 
68 71 72 
26
4 10 12 13 14 15 19 20 22 23 28 29 
37 38 40 45 47 49 50 55 56 59 66 71 
72 74 
22
2 3 6 8 10 11 13 20 22 26 29 30 
39 40 46 47 49 50 53 55 60 65 
24
2 12 14 15 18 19 21 28 29 32 33 34 
37 40 43 46 52 54 57 65 66 70 71 74 
23
2 4 5 6 7 10 12 20 24 30 31 42 
45 47 49 50 57 60 61 63 70 73 74 
17
1 5 12 17 20 22 24 25 26 27 33 34 
40 50 60 74 75 
22
6 7 10 12 15 16 19 22 24 27 29 31 
33 41 46 51 60 61 62 66 69 71 
29
3 5 8 10 11 16 18 22 30 31 33 35 
36 37 38 42 48 49 52 53 57 58 60 62 
63 69 73 74 75 
22
3 12 14 16 17 18 21 24 33 34 35 37 
42 51 56 58 59 64 66 67 69 74 
19
8 11 12 14 20 24 27 28 30 43 46 49 
56 62 63 65 67 72 74 
21
1 4 16 17 19 24 26 36 39 40 41 45 
46 47 55 57 61 66 69 73 74 
22
1 17 19 20 24 26 29 34 35 36 37 42 
43 46 48 50 56 57 67 73 74 75 
21
6 13 14 15 25 29 30 31 32 35 46 55 
56 58 60 62 64 65 66 68 75 
22
1 2 9 10 12 19 20 27 30 34 40 42 
43 44 48 54 56 60 67 69 71 74 
19
6 10 11 12 14 18 23 25 42 44 45 48 
55 56 57 59 65 66 73 
25
9 11 12 13 14 15 17 20 21 24 30 32 
35 40 51 55 59 60 67 68 70 72 73 74 
75 
21
4 7 8 15 22 23 24 27 30 38 40 44 
45 47 48 50 51 56 66 68 69 
22
1 2 12 18 20 22 23 27 28 29 32 40 
41 43 50 55 56 63 66 69 73 75 
25
3 6 7 10 14 16 21 22 29 30 31 33 
44 46 48 51 56 61 63 64 65 71 73 74 
75 
18
10 15 16 28 30 31 33 35 41 43 47 50 
52 53 63 64 72 75 
24
2 8 9 12 14 19 21 24 26 27 30 36 
37 45 48 49 50 54 57 61 62 71 72 73 
21
2 3 10 11 14 15 18 19 30 34 41 45 
46 50 53 54 57 63 67 69 75 
28
3 7 8 10 14 16 18 19 20 24 30 33 
34 37 39 43 51 53 55 56 60 62 66 68 
70 71 73 75 
24
2 3 4 6 8 12 19 20 21 29 31 32 
34 37 46 47 51 52 56 58 64 69 70 73 
18
2 3 6 9 16 23 24 25 34 40 45 48 
49 53 62 64 65 74 
22
2 3 5 6 7 8 9 11 12 20 23 24 
25 28 30 49 52 55 56 60 70 71 
29
4 5 6 7 10 11 16 18 20 22 24 25 
28 36 38 41 47 51 53 55 56 57 60 62 
64 65 68 69 73 
35
3 4 7 10 12 13 17 18 20 22 24 25 
27 29 30 33 34 35 37 38 40 41 42 52 
53 54 56 60 61 63 68 70 71 74 75 
18
7 10 11 12 17 18 21 40 45 47 50 52 
59 60 65 66 72 75 
22
1 6 7 8 10 15 16 18 20 24 31 37 
41 48 52 53 55 59 60 67 71 72 
24
3 5 6 11 13 14 20 21 23 24 25 30 
31 38 40 44 45 48 51 52 58 61 62 63 
23
7 11 12 16 20 21 24 27 29 37 39 40 
49 50 55 59 64 65 68 69 70 72 74 
22
2 10 11 13 16 24 25 33 35 42 44 47 
48 51 52 53 57 58 64 66 67 68 
27
3 7 16 17 20 24 25 28 35 36 41 43 
46 47 48 49 50 51 52 53 54 56 61 64 
66 68 70 
24
1 3 5 7 9 13 14 16 18 20 21 25 
27 28 34 43 46 50 56 57 61 66 69 72 
