100 75
1 1 1 1 1 1 1 1 1 1 1 1 
1 1 1 1 1 1 1 1 1 1 1 1 
1 1 1 1 1 1 1 1 1 1 1 1 
1 1 1 1 1 1 1 1 1 1 1 1 
1 1 1 1 1 1 1 1 1 1 1 1 
1 1 1 1 1 1 1 1 1 1 1 1 
1 1 1 
21
1 2 7 10 12 13 16 17 19 24 25 38 
40 44 52 54 59 60 62 64 66 
12
12 17 31 35 36 39 43 49 58 59 63 75 
22
1 2 7 13 21 24 25 26 27 29 31 34 
39 40 42 44 49 56 59 69 73 74 
24
1 3 5 6 11 12 15 16 26 38 41 43 
44 46 49 52 53 56 58 59 63 66 68 72 
15
3 9 13 16 17 24 29 30 40 45 46 48 
49 64 69 
28
9 10 18 19 20 24 25 26 28 31 34 36 
40 41 43 46 48 49 50 51 59 61 65 66 
68 70 72 75 
26
4 16 20 21 24 26 28 32 35 38 41 42 
43 44 45 51 53 55 56 62 65 66 69 72 
73 74 
23
1 7 8 9 10 15 17 21 23 24 28 30 
33 42 46 50 51 59 60 62 68 72 75 
19
2 9 18 19 20 26 30 38 39 40 41 46 
49 52 58 59 60 63 71 
25
1 3 6 12 14 17 23 24 29 37 41 43 
44 46 47 48 52 53 54 55 56 58 59 66 
70 
25
2 3 4 8 9 10 11 12 15 16 20 26 
30 33 37 39 44 45 46 47 48 55 59 60 
71 
25
10 11 12 14 19 22 26 27 32 33 38 43 
44 45 46 48 51 54 58 61 63 66 71 73 
74 
20
4 8 11 17 18 20 24 27 32 34 40 41 
47 54 55 56 63 67 68 69 
27
1 4 7 14 17 24 26 27 32 34 36 39 
41 42 44 48 50 52 54 55 60 61 64 69 
71 72 74 
23
2 3 5 6 14 17 19 22 24 29 33 34 
35 36 38 39 51 52 57 67 70 71 75 
22
3 12 13 21 23 24 26 29 30 31 33 34 
35 37 40 43 51 58 60 61 63 68 
23
3 4 5 9 10 18 23 33 36 43 44 46 
56 57 58 61 62 65 67 70 71 72 75 
23
1 5 9 11 18 19 20 21 23 26 27 35 
39 44 52 53 54 60 62 65 69 71 72 
27
1 2 3 11 14 19 26 30 31 33 34 35 
37 39 41 42 45 48 49 51 53 59 61 63 
66 68 72 
21
8 11 14 24 28 33 43 44 45 50 51 55 
57 60 65 68 70 72 73 74 75 
11
4 9 13 19 22 45 47 50 52 62 63 
19
7 17 20 23 26 28 33 35 39 42 43 47 
50 52 58 60 61 62 72 
20
6 8 14 16 22 29 31 34 39 40 42 51 
53 56 57 58 67 68 71 72 
27
3 7 8 11 12 13 15 20 21 28 30 31 
44 45 47 48 49 52 53 54 62 64 66 67 
71 72 75 
19
5 8 10 18 19 27 37 39 41 45 51 54 
56 60 61 66 71 73 75 
19
4 5 22 23 25 26 29 34 42 49 51 54 
56 63 65 66 67 71 73 
21
12 14 15 19 21 22 30 32 33 35 36 39 
54 55 57 59 60 64 65 69 73 
21
8 11 12 16 17 23 24 26 27 29 31 36 
37 44 45 48 57 60 65 68 70 
19
4 6 9 17 23 25 26 29 37 42 45 47 
48 53 54 55 65 71 74 
22
1 6 10 13 14 15 16 18 32 41 44 46 
49 50 52 55 57 62 63 69 71 75 
27
3 5 12 13 18 19 20 27 29 35 37 38 
39 40 42 43 44 52 53 54 57 67 68 69 
71 73 75 
28
3 4 5 11 17 19 20 21 22 23 27 29 
30 33 34 39 41 42 48 49 50 53 54 61 
69 71 72 74 
22
3 5 15 20 21 28 29 33 36 37 38 39 
43 44 53 55 56 65 67 69 71 75 
23
9 15 16 18 19 20 21 24 25 32 34 36 
39 40 47 49 52 55 56 63 64 71 72 
28
1 4 8 17 19 20 21 22 24 27 32 36 
39 40 44 47 51 54 55 56 58 63 67 68 
69 70 74 75 
26
1 4 5 8 9 11 14 17 21 23 32 34 
35 38 41 42 45 46 54 55 56 57 65 66 
69 71 
20
1 3 7 13 15 21 23 24 27 33 46 52 
55 57 58 59 62 63 64 72 
27
3 4 5 13 16 17 21 24 25 29 31 39 
42 44 47 49 50 51 52 56 58 60 65 66 
68 71 74 
24
5 6 9 18 19 20 23 25 32 33 37 39 
43 44 47 48 51 57 58 66 68 71 73 74 
31
4 7 14 19 20 22 23 24 25 26 29 31 
33 42 44 45 47 48 50 53 57 58 59 60 
62 66 68 69 71 74 75 
25
6 7 8 9 14 18 21 23 26 27 28 30 
37 44 45 48 52 58 60 62 65 69 71 73 
75 
24
3 6 8 11 15 20 23 24 27 28 29 30 
36 38 40 41 47 49 53 58 63 64 65 75 
17
7 11 14 15 17 21 22 23 24 26 33 43 
46 49 58 70 73 
16
1 4 8 17 22 25 27 28 34 35 42 64 
66 67 68 72 
20
3 5 7 8 15 19 21 25 29 38 41 49 
51 55 57 59 61 69 73 75 
19
4 6 9 10 13 19 21 24 30 33 40 44 
48 49 51 55 62 74 75 
31
1 6 8 12 16 17 20 21 22 24 27 28 
30 33 38 40 41 44 48 49 50 53 57 58 
59 60 61 62 63 73 74 
32
1 4 7 16 19 20 22 23 27 29 30 33 
40 43 46 47 48 49 54 56 57 58 59 60 
61 62 67 69 71 72 73 75 
28
2 3 5 7 8 9 10 12 19 21 22 25 
26 27 28 29 32 34 36 41 49 52 54 59 
63 65 69 71 
17
4 8 14 17 21 22 35 41 46 47 50 53 
55 56 65 66 71 
24
5 8 9 16 17 18 24 25 26 30 32 34 
38 46 49 52 54 55 56 60 65 67 71 73 
19
3 4 8 9 11 18 22 24 26 32 43 51 
54 57 61 63 64 65 70 
24
2 5 7 10 11 13 14 16 21 22 23 31 
40 44 47 53 55 56 57 65 67 73 74 75 
25
2 3 7 14 15 27 29 35 38 41 42 45 
46 47 48 49 50 55 60 62 67 68 70 71 
73 
21
4 7 9 11 15 19 23 29 33 35 40 41 
47 50 54 60 62 65 69 71 73 
17
2 3 11 16 28 30 36 37 39 42 45 46 
63 66 68 72 74 
31
1 3 4 6 8 11 14 15 19 20 21 22 
23 27 30 34 37 45 50 51 53 56 59 60 
63 65 67 69 73 74 75 
23
4 5 7 14 16 20 21 29 30 36 37 38 
43 46 48 50 53 59 62 63 69 70 72 
25
3 7 13 15 20 24 25 27 31 33 37 42 
45 46 49 51 53 54 55 58 63 69 71 72 
75 
20
3 7 9 13 17 18 21 25 27 29 33 34 
51 52 61 62 64 71 72 75 
21
5 6 8 9 10 12 14 20 21 28 29 32 
33 35 43 51 52 53 59 73 75 
18
4 6 9 19 29 31 33 42 44 46 48 50 
55 57 58 61 62 69 
24
6 12 15 16 18 24 28 33 39 40 46 47 
50 51 55 57 59 60 61 66 67 69 70 73 
24
6 8 9 11 14 24 25 32 33 35 36 37 
41 43 44 46 50 57 60 61 65 66 68 75 
22
4 5 6 9 19 24 27 28 36 37 43 44 
51 52 53 54 57 62 71 72 73 74 
29
1 2 4 6 15 16 17 20 26 31 32 38 
39 43 44 47 48 50 52 55 57 65 66 68 
69 72 73 74 75 
18
5 6 7 14 15 20 21 22 24 26 33 38 
39 51 52 53 54 57 
20
11 12 14 15 18 27 28 37 38 39 40 41 
46 51 54 59 60 69 70 75 
28
3 5 7 8 16 17 24 25 29 30 32 35 
37 38 39 43 46 47 48 51 52 54 57 59 
65 69 71 75 
24
7 8 13 15 16 17 18 21 30 32 35 38 
40 42 50 51 52 53 60 61 64 65 66 74 
25
1 4 5 7 10 11 20 21 23 25 28 33 
34 36 42 43 47 56 57 59 62 64 65 68 
70 
25
2 3 7 8 9 13 17 21 24 26 27 28 
39 44 48 51 52 54 62 64 70 71 72 73 
75 
24
3 10 13 15 23 25 26 28 29 31 33 35 
39 40 43 44 45 48 49 50 51 63 64 65 
22
7 8 9 15 17 19 23 24 32 33 39 41 
44 48 55 58 59 61 62 69 72 74 
20
5 7 11 12 14 17 18 20 21 23 27 37 
42 57 58 63 72 73 74 75 
25
1 10 14 15 18 20 21 22 23 24 27 33 
35 36 39 44 47 49 53 55 64 66 73 74 
75 
23
2 3 6 7 16 17 20 23 28 30 35 36 
45 48 51 53 60 62 63 67 70 72 74 
25
1 3 4 5 9 10 16 19 21 22 26 35 
40 43 48 50 51 52 56 57 61 63 69 72 
74 
22
3 8 13 19 26 28 30 35 36 37 43 44 
48 50 52 56 62 64 66 67 71 75 
22
3 4 9 10 12 13 25 27 29 35 40 44 
47 48 50 55 56 63 64 65 67 68 
27
1 2 7 9 10 11 13 14 15 16 19 26 
32 35 38 39 40 42 44 51 52 53 56 61 
62 65 70 
23
3 5 6 7 9 16 17 22 29 32 38 40 
41 43 44 46 51 55 58 66 67 72 73 
20
2 3 15 16 17 22 23 26 29 30 36 40 
43 45 57 58 60 69 73 74 
26
2 4 8 13 15 17 22 24 25 28 30 32 
34 40 50 52 57 59 63 64 65 66 67 70 
73 75 
18
4 11 19 21 26 29 34 37 44 50 52 55 
61 63 64 65 66 74 
26
1 7 8 10 11 20 25 28 31 35 41 44 
45 46 48 49 50 53 54 55 56 58 63 66 
73 75 
20
4 5 8 9 13 20 26 29 30 32 39 55 
57 59 64 65 69 70 73 75 
30
2 3 6 7 19 23 25 27 29 30 34 38 
40 42 44 45 47 48 51 53 55 58 60 62 
67 69 70 71 73 75 
22
1 6 9 26 32 38 39 41 42 44 45 46 
47 49 50 52 55 57 59 60 62 73 
24
2 4 5 9 10 15 17 21 22 23 33 35 
39 43 44 48 49 52 54 58 60 67 70 75 
11
5 14 18 23 29 30 31 35 61 65 72 
21
3 11 16 19 24 27 28 34 38 40 41 43 
44 46 47 52 57 60 61 62 75 
18
1 12 15 19 20 21 29 31 33 37 38 45 
47 49 54 60 70 72 
16
6 8 21 32 34 37 40 41 42 46 52 59 
62 68 69 72 
25
1 2 3 5 10 13 16 18 20 21 33 37 
42 44 47 48 52 53 59 62 66 69 70 71 
75 
27
3 4 5 7 14 16 20 23 25 27 28 30 
31 34 38 39 45 47 49 51 55 59 60 62 
65 68 70 
20
3 7 8 11 20 21 22 23 32 34 35 36 
39 40 41 48 53 66 67 75 
17
6 11 12 18 27 34 36 40 41 49 50 57 
58 60 63 71 74 
21
10 11 12 13 14 17 21 26 27 28 37 38 
40 49 54 55 60 63 71 72 74 
24
3 10 12 17 18 20 22 24 27 35 37 39 
40 42 46 49 55 58 59 60 63 64 65 75 
