75 125
1 1 1 1 1 1 1 1 1 1 1 1 
1 1 1 1 1 1 1 1 1 1 1 1 
1 1 1 1 1 1 1 1 1 1 1 1 
1 1 1 1 1 1 1 1 1 1 1 1 
1 1 1 1 1 1 1 1 1 1 1 1 
1 1 1 1 1 1 1 1 1 1 1 1 
1 1 1 1 1 1 1 1 1 1 1 1 
1 1 1 1 1 1 1 1 1 1 1 1 
1 1 1 1 1 1 1 1 1 1 1 1 
1 1 1 1 1 1 1 1 1 1 1 1 
1 1 1 1 1 
57
5 8 12 13 15 16 17 19 22 24 29 30 
31 34 35 37 38 39 43 45 46 52 56 57 
59 61 62 63 64 65 67 69 72 75 76 77 
79 81 83 84 85 87 88 92 93 98 101 104 
106 108 111 112 117 121 123 124 125 
51
1 3 13 16 17 19 22 24 26 27 28 30 
31 33 34 37 38 43 46 50 53 55 58 62 
63 66 70 71 73 74 77 81 84 85 87 90 
96 99 100 101 102 105 108 110 113 116 118 121 
122 124 125 
55
5 6 9 10 11 15 16 19 24 26 27 28 
30 36 37 38 40 41 43 45 47 49 54 58 
59 61 66 69 70 71 72 73 74 76 81 86 
87 88 92 93 95 97 99 100 102 105 107 112 
114 117 118 119 121 122 124 
58
1 2 5 7 8 9 10 11 16 17 18 22 
23 24 26 32 38 40 41 42 43 44 46 48 
53 54 55 63 65 66 67 69 71 73 74 75 
76 77 78 80 81 82 83 87 88 90 91 96 
97 102 104 105 108 111 113 114 117 125 
71
3 6 7 12 13 15 17 19 20 23 24 25 
27 28 29 31 34 36 38 39 43 45 46 47 
51 54 55 56 58 60 61 62 65 68 69 71 
72 74 75 76 77 79 80 82 83 85 86 88 
90 91 92 93 98 99 100 101 102 103 105 107 
108 112 113 114 117 119 120 121 122 124 125 
54
1 7 9 14 15 16 17 18 19 21 23 24 
27 29 31 36 40 41 45 46 47 50 52 55 
58 59 63 65 66 68 70 75 76 78 79 83 
86 87 88 92 93 94 97 99 100 107 108 111 
114 117 118 119 121 124 
67
1 3 4 5 7 12 13 14 16 22 25 26 
27 28 29 32 33 34 36 37 39 41 43 48 
52 53 55 56 59 60 61 64 65 66 67 68 
69 72 73 75 76 77 78 79 81 82 85 89 
90 91 92 93 97 99 101 102 103 105 107 108 
109 110 111 112 113 114 125 
64
1 2 3 5 6 7 11 13 16 17 18 20 
21 22 25 26 29 34 35 36 38 40 42 43 
46 47 51 52 54 56 59 60 65 66 67 69 
70 71 72 73 75 76 79 80 81 84 85 86 
90 93 95 98 99 101 103 106 107 109 114 115 
116 119 121 123 
63
2 5 6 8 10 13 15 16 17 19 20 24 
25 29 30 32 33 34 38 39 43 44 46 48 
51 52 53 54 55 58 60 61 64 65 67 72 
75 76 77 79 80 81 82 86 87 88 89 92 
93 94 95 99 105 108 110 115 117 118 119 120 
123 124 125 
66
1 4 6 10 11 12 13 14 16 17 18 19 
20 24 25 26 27 28 29 39 42 45 46 47 
48 49 51 52 56 59 60 65 67 68 70 72 
75 76 78 79 81 82 85 86 87 88 89 90 
95 96 97 100 101 104 106 109 110 111 112 114 
117 118 120 121 123 125 
64
1 2 3 7 9 11 12 14 16 17 22 23 
24 25 28 29 30 31 32 33 34 38 39 41 
42 43 46 47 49 51 56 57 58 62 63 64 
65 68 71 72 75 77 79 87 88 90 92 93 
94 97 98 100 105 106 107 108 109 113 114 117 
119 120 124 125 
69
2 3 4 6 15 16 18 19 20 21 22 23 
24 27 28 32 33 34 35 36 38 39 43 47 
48 51 53 54 55 58 59 60 61 63 64 66 
67 68 69 70 74 76 78 79 81 82 84 85 
87 88 89 90 93 96 97 98 100 101 102 103 
108 109 111 112 113 115 117 118 119 
62
4 5 6 7 8 13 14 16 19 22 24 25 
27 31 34 35 36 37 39 40 42 43 44 51 
52 54 56 57 61 63 64 71 74 75 77 81 
86 89 90 92 94 97 99 102 103 104 105 106 
107 108 109 111 114 115 116 117 118 119 120 121 
122 124 
63
1 2 4 5 6 7 8 12 13 18 20 22 
23 27 30 31 32 33 35 36 37 38 39 41 
45 48 49 51 53 54 55 57 62 67 69 72 
74 76 77 79 80 81 83 84 85 87 91 98 
99 100 107 108 109 110 111 112 113 114 115 116 
121 123 125 
62
1 4 8 11 12 13 18 23 24 28 29 31 
32 35 37 38 39 41 45 46 47 51 56 57 
58 62 64 65 66 67 69 70 71 77 78 80 
82 83 84 85 86 87 90 91 93 94 95 96 
97 98 100 103 107 108 110 113 117 118 119 120 
122 123 
50
6 10 11 13 14 15 16 20 22 26 29 30 
32 33 35 38 42 46 47 51 58 60 61 66 
69 72 73 76 79 91 92 94 95 96 97 98 
101 102 103 109 111 112 114 115 116 118 119 120 
121 122 
61
2 8 11 14 15 17 24 25 29 31 33 34 
35 37 38 41 42 43 45 46 47 50 52 53 
54 56 59 61 62 63 64 65 66 67 71 76 
77 78 79 83 87 89 90 91 93 100 101 103 
105 106 107 108 110 114 116 117 119 121 122 123 
125 
65
1 5 12 13 14 15 16 17 18 22 23 24 
25 27 28 30 31 33 34 37 39 41 43 45 
46 47 53 54 55 56 58 63 64 65 66 69 
74 75 77 79 80 81 82 83 86 88 89 91 
92 93 99 100 103 104 108 109 112 113 114 118 
121 122 123 124 125 
70
1 2 4 6 7 8 9 11 12 15 17 18 
19 21 24 26 28 29 31 32 33 34 35 36 
37 39 40 42 43 44 46 52 53 54 58 64 
65 67 72 73 75 76 78 79 80 81 83 84 
86 88 89 91 93 94 97 100 101 103 107 108 
109 111 113 114 115 117 119 121 124 125 
77
2 3 4 6 7 10 12 15 16 17 18 20 
24 25 26 29 33 34 35 36 37 40 41 42 
44 45 47 48 49 50 52 53 55 56 57 58 
59 60 63 64 65 67 68 69 71 72 76 78 
79 80 81 82 83 85 86 87 89 90 91 92 
93 94 96 98 99 100 101 102 104 107 109 110 
111 113 118 122 123 
66
2 3 4 7 12 16 17 26 28 29 30 31 
32 33 34 35 36 37 38 39 40 42 45 46 
48 50 51 53 54 55 57 60 61 63 66 68 
72 73 74 75 76 82 83 86 87 89 90 93 
95 97 98 101 102 104 106 108 109 111 112 116 
118 119 121 123 124 125 
75
2 4 5 6 7 8 9 10 11 12 13 14 
18 20 22 23 24 26 27 28 32 33 34 35 
37 38 40 41 42 43 44 47 48 49 53 54 
55 56 57 60 61 62 63 67 68 69 70 74 
76 77 78 80 82 84 86 90 92 93 94 95 
96 99 100 106 107 108 109 110 112 114 116 117 
119 120 122 
65
1 3 4 8 9 11 13 14 17 18 19 20 
21 22 23 25 26 27 28 30 34 35 36 38 
39 42 45 48 49 51 52 53 58 59 65 67 
69 70 75 81 83 84 86 87 88 89 90 91 
92 95 97 98 100 101 103 105 109 111 113 116 
117 120 121 122 124 
62
3 6 9 10 15 16 18 21 22 23 27 30 
32 35 36 40 41 42 43 45 46 47 48 50 
51 52 53 54 55 57 58 60 61 62 63 66 
67 68 73 74 77 78 79 82 83 85 89 90 
93 101 105 106 107 111 113 114 115 116 117 119 
121 124 
66
3 7 9 10 13 15 19 21 24 25 26 28 
29 32 33 34 38 39 40 44 45 48 49 50 
51 53 55 56 58 60 62 63 64 68 69 71 
73 74 75 76 78 79 80 89 90 92 93 97 
98 99 100 103 104 105 106 107 109 110 113 115 
116 117 118 120 121 123 
52
1 10 12 13 20 21 26 29 31 32 33 36 
37 39 43 45 47 48 49 54 56 58 61 62 
66 67 69 70 75 76 78 81 82 83 85 86 
87 94 95 98 99 101 102 104 105 108 109 111 
116 121 122 125 
51
1 4 12 14 15 23 24 30 31 32 35 36 
37 41 43 45 47 52 54 55 56 57 58 60 
61 64 65 69 73 74 77 78 79 80 83 86 
87 88 89 91 97 98 104 108 109 111 114 116 
117 118 119 
71
1 2 3 7 8 10 11 14 15 16 19 20 
22 24 26 28 31 33 35 36 38 40 41 44 
45 47 49 50 51 53 56 57 58 59 60 61 
65 67 69 72 73 74 79 80 81 85 87 89 
90 91 92 94 96 97 98 99 102 103 104 105 
106 109 110 111 113 115 117 118 119 124 125 
73
3 4 6 8 10 12 17 19 22 24 26 27 
28 30 31 33 34 37 38 40 41 42 43 45 
46 47 53 54 56 60 61 65 67 69 70 72 
73 74 75 76 79 80 82 83 84 86 88 89 
90 91 92 93 94 97 98 99 100 101 102 104 
106 110 111 112 114 115 117 118 119 120 121 123 
124 
69
2 3 4 6 8 9 10 16 17 18 19 22 
24 27 33 37 39 40 41 44 46 47 50 52 
53 54 56 57 58 59 61 64 65 66 67 69 
70 74 75 76 78 79 80 83 87 88 89 91 
93 94 95 96 98 99 101 103 104 105 107 108 
109 110 112 113 114 115 117 118 124 
63
3 4 5 6 7 10 14 15 16 17 18 19 
20 22 23 25 27 28 32 36 38 43 48 52 
54 58 60 62 64 67 70 72 73 75 76 77 
79 80 81 82 84 86 87 88 90 92 93 94 
95 96 97 98 100 104 106 107 109 110 112 118 
119 124 125 
67
2 5 8 13 15 16 17 18 20 22 23 24 
25 28 30 35 36 38 39 40 43 44 45 46 
52 54 57 58 60 65 66 67 68 71 72 74 
75 77 78 79 80 82 83 84 87 88 90 91 
93 94 96 98 100 101 103 104 105 106 108 109 
110 111 116 118 119 120 125 
59
1 6 9 10 12 14 15 17 18 20 21 22 
23 24 25 26 31 32 36 38 40 43 45 47 
48 49 50 52 60 61 63 68 69 72 73 74 
77 78 81 82 87 93 94 95 97 100 102 103 
104 105 106 107 110 111 112 117 118 120 124 
62
1 2 3 7 8 11 13 14 17 18 21 24 
28 29 30 31 34 37 38 43 45 46 48 49 
50 56 58 60 63 64 66 69 73 75 76 77 
78 81 83 88 91 92 94 96 100 101 103 105 
106 107 110 111 112 113 116 117 118 119 120 121 
123 124 
62
2 5 6 7 8 9 10 14 17 20 24 26 
27 28 30 31 32 33 35 37 39 45 46 48 
51 53 54 55 57 59 60 61 62 63 64 69 
71 72 73 76 78 80 81 84 86 88 89 90 
91 95 96 103 105 107 111 112 116 120 121 123 
124 125 
60
3 5 8 11 12 15 17 19 20 22 23 26 
28 29 32 34 35 36 38 39 46 48 50 51 
52 53 54 56 59 60 62 63 66 68 72 75 
76 77 78 79 80 82 85 86 87 89 90 95 
99 101 105 107 108 109 111 115 116 118 121 122 
66
2 5 7 8 9 13 17 18 22 24 25 27 
30 31 33 35 37 40 41 42 44 45 48 51 
53 54 55 58 59 61 63 67 74 75 77 78 
79 80 82 83 84 85 89 91 92 93 94 95 
98 99 101 102 103 104 105 108 112 113 115 116 
117 118 120 121 124 125 
63
1 2 3 5 8 10 11 14 16 19 26 28 
31 33 38 40 44 46 48 49 50 51 54 56 
57 59 61 63 66 67 68 72 75 76 78 80 
84 89 90 91 92 93 94 95 97 101 103 104 
105 106 107 109 110 112 114 115 117 118 120 122 
123 124 125 
62
3 4 5 6 7 8 10 11 13 14 16 17 
22 23 25 26 28 29 34 35 37 38 42 43 
45 46 47 48 49 51 52 57 60 62 63 65 
67 68 69 73 74 76 77 82 84 86 87 91 
92 98 101 103 105 108 114 115 118 119 122 123 
124 125 
55
1 5 9 17 25 27 28 29 30 31 32 33 
34 38 43 44 45 46 48 49 51 54 55 62 
63 66 68 70 72 73 75 78 80 85 86 87 
88 91 92 95 96 98 101 102 103 104 109 111 
112 114 116 118 119 120 123 
66
1 7 9 10 11 13 16 17 21 22 23 24 
25 31 32 33 34 35 37 38 40 41 42 45 
51 52 53 54 55 61 62 63 65 66 67 68 
73 74 75 78 80 81 83 85 88 89 91 92 
94 96 99 100 102 104 106 112 113 114 115 116 
117 118 119 121 122 125 
65
1 3 4 5 6 7 8 10 11 14 16 19 
20 21 22 24 25 26 27 29 30 32 33 39 
41 44 45 50 51 53 55 57 65 67 69 72 
73 76 77 78 80 81 82 83 85 89 92 93 
95 97 98 99 101 102 103 105 107 109 110 111 
116 119 120 122 124 
72
2 3 4 5 6 7 12 14 15 16 17 21 
24 25 27 29 30 31 32 33 35 36 37 39 
40 42 45 46 47 48 49 50 54 55 57 59 
61 62 64 65 66 68 69 70 72 74 76 81 
82 84 85 86 87 89 90 92 93 94 96 97 
98 99 100 103 111 114 117 120 121 123 124 125 
59
5 6 7 10 15 18 19 20 22 26 29 30 
31 32 34 35 36 40 43 46 48 49 51 52 
54 56 58 59 60 63 64 65 71 72 73 77 
78 79 80 82 86 88 89 90 92 93 94 99 
102 103 104 105 109 110 115 116 117 120 123 
54
3 5 7 11 13 15 16 19 20 21 23 25 
26 27 32 34 35 38 42 45 54 55 57 58 
59 60 63 68 69 70 75 76 77 80 82 86 
88 89 90 91 95 96 98 99 101 105 108 112 
117 118 119 120 122 123 
51
3 4 7 8 9 12 15 18 20 24 25 32 
33 34 35 37 41 44 46 47 48 50 52 54 
61 62 64 66 68 71 75 79 82 84 85 87 
88 90 91 92 106 107 109 110 112 115 117 118 
119 121 122 
55
1 3 8 11 12 17 20 21 22 24 25 26 
28 29 33 34 37 38 39 40 41 42 44 45 
48 50 58 59 61 62 64 66 69 78 79 80 
81 83 85 86 87 92 93 94 96 97 98 100 
107 112 114 115 116 120 121 
63
1 2 4 5 8 10 14 17 19 20 21 23 
24 25 27 30 35 36 37 38 41 42 43 44 
47 48 50 52 53 54 56 57 58 60 61 62 
63 64 66 68 71 72 77 81 82 86 89 96 
99 100 101 103 104 105 107 108 109 112 114 115 
117 123 124 
68
1 2 4 5 8 9 13 15 20 22 23 24 
29 30 31 34 36 37 39 41 42 43 44 48 
49 51 55 56 57 60 62 64 65 69 70 72 
73 74 75 76 78 82 84 87 89 90 94 95 
96 97 98 99 101 102 103 107 108 111 114 116 
117 118 119 120 121 122 124 125 
66
2 3 4 9 10 11 12 13 15 19 22 23 
24 35 36 38 40 43 46 47 48 50 51 53 
54 55 57 62 63 64 65 66 67 69 70 71 
72 74 77 79 84 85 86 87 88 90 91 93 
94 95 97 98 102 105 106 110 113 114 115 116 
117 118 120 122 123 125 
63
2 3 5 7 8 12 14 15 16 19 20 22 
23 24 26 28 31 32 36 37 40 41 42 43 
44 45 46 49 50 51 52 56 61 63 65 67 
69 70 74 75 76 78 79 80 81 83 85 89 
91 94 95 96 99 100 102 105 106 110 111 116 
117 118 121 
63
4 6 7 8 11 12 13 14 25 26 27 28 
29 30 33 35 37 39 40 41 43 44 45 48 
50 52 54 57 58 60 62 63 64 65 66 70 
71 74 75 76 77 78 79 80 82 87 89 90 
91 93 96 99 102 107 109 112 114 115 116 117 
120 121 122 
65
1 3 4 7 8 9 10 15 16 17 19 21 
22 25 29 30 31 32 35 37 41 42 44 45 
49 50 52 53 54 55 56 57 64 65 66 67 
71 72 75 77 78 81 82 83 84 87 88 91 
92 93 95 96 99 101 103 104 109 110 113 116 
117 119 120 122 125 
49
1 4 6 7 8 9 12 13 22 23 25 28 
34 35 37 41 47 49 50 53 57 60 62 64 
65 77 78 80 81 82 83 86 87 96 98 102 
103 104 105 106 110 114 115 117 119 120 122 124 
125 
66
3 4 11 14 15 17 19 20 24 26 27 28 
32 33 35 39 40 42 44 45 46 48 49 50 
52 53 54 55 56 57 59 61 62 64 66 67 
68 71 72 73 74 77 78 79 81 82 83 90 
93 96 97 100 102 103 105 106 107 109 110 111 
112 113 114 116 117 122 
65
1 2 4 6 7 9 10 11 12 13 17 18 
20 22 26 27 28 29 32 33 34 35 36 39 
42 43 44 45 46 48 50 51 57 60 61 62 
64 67 69 72 73 75 79 80 82 83 84 86 
91 92 93 96 97 98 100 104 105 107 108 110 
113 115 117 120 121 
68
2 6 7 11 12 14 21 22 24 27 30 31 
32 34 35 37 38 39 40 41 43 44 45 46 
48 49 50 52 53 57 62 67 69 70 71 72 
74 75 77 79 80 81 82 83 86 87 88 89 
91 92 94 95 97 98 99 100 101 102 103 106 
112 113 114 115 121 122 124 125 
58
3 5 7 8 10 11 13 14 15 23 24 26 
28 30 32 33 35 36 38 40 44 46 48 49 
53 54 56 57 58 59 60 61 70 72 73 75 
76 77 78 84 85 86 96 98 99 100 103 104 
105 106 108 109 111 115 118 119 122 124 
69
2 3 4 5 6 8 10 11 12 13 14 16 
17 18 19 20 22 23 24 25 26 27 28 30 
34 35 37 39 42 43 44 45 46 53 54 55 
57 59 60 62 63 64 66 67 72 73 75 76 
79 84 87 88 93 98 99 102 103 105 106 109 
110 112 114 116 117 118 120 121 125 
69
1 2 3 5 8 9 14 17 18 19 20 25 
26 29 32 34 35 36 37 38 40 42 44 45 
46 47 48 49 50 51 52 54 55 56 57 58 
60 67 68 70 71 72 76 78 80 82 83 87 
88 90 91 93 94 96 99 100 101 104 105 106 
107 109 110 115 116 117 120 121 122 
70
2 4 5 6 7 8 9 10 11 12 13 16 
21 25 28 31 35 36 38 40 41 42 45 46 
47 48 49 50 53 54 58 59 62 63 64 65 
66 70 71 72 73 74 75 78 79 80 82 83 
88 90 91 92 93 96 97 99 101 103 104 105 
106 108 115 116 117 121 122 123 124 125 
61
2 3 4 5 7 10 11 13 15 16 20 21 
22 23 24 27 28 31 32 35 36 43 44 45 
47 50 51 54 55 57 60 63 64 66 70 74 
77 79 80 84 88 90 91 93 94 95 96 98 
102 103 104 105 110 113 114 118 119 120 122 123 
125 
61
1 2 3 4 6 7 9 10 13 15 17 20 
23 25 28 29 33 36 37 38 41 42 45 46 
48 51 53 54 55 56 57 63 65 66 67 68 
73 74 75 76 79 81 82 84 89 90 92 96 
97 98 101 102 107 109 114 115 116 117 120 123 
124 
61
2 3 4 5 6 8 18 19 21 24 26 27 
29 31 35 36 37 38 41 42 43 45 46 47 
48 49 51 53 56 61 63 65 66 69 73 74 
75 76 77 81 83 85 86 90 91 99 102 104 
105 106 108 109 110 111 113 114 115 117 119 121 
124 
60
1 4 8 9 12 13 14 15 21 22 27 28 
32 35 37 39 40 42 43 44 45 46 49 51 
53 56 57 58 59 60 62 63 64 68 69 70 
74 80 81 86 87 90 92 94 96 97 100 101 
103 107 108 109 110 111 112 113 114 115 117 123 
62
1 2 3 5 6 7 8 9 12 13 17 19 
20 24 27 28 29 33 35 36 37 46 50 51 
54 55 56 57 60 63 64 65 66 68 71 72 
73 74 77 78 79 83 85 86 87 89 90 95 
96 97 105 107 108 109 112 113 114 117 120 121 
122 124 
59
1 4 5 8 14 15 16 18 20 22 23 27 
29 31 33 35 38 39 40 41 42 46 50 52 
53 57 58 60 64 68 69 71 73 74 75 79 
80 81 82 84 87 88 91 95 96 103 105 106 
108 111 113 114 116 119 120 121 122 123 124 
63
3 4 6 8 10 11 13 14 17 19 21 24 
25 29 30 31 33 34 35 36 37 38 39 42 
43 44 46 49 50 51 52 55 59 61 65 66 
69 70 72 73 76 77 82 84 86 88 92 93 
95 98 99 101 105 106 108 109 110 111 114 116 
119 124 125 
62
2 3 5 7 10 12 14 16 18 19 20 21 
23 24 25 27 28 32 33 34 35 40 41 45 
46 47 50 52 54 58 59 66 69 70 74 75 
76 77 78 82 83 84 86 88 89 90 91 93 
94 98 100 102 103 105 107 109 110 114 118 120 
122 125 
55
7 8 9 11 15 17 19 20 22 23 25 28 
29 32 36 37 38 39 42 43 46 47 48 50 
51 52 53 54 55 61 65 66 70 73 76 77 
80 81 82 84 86 88 89 90 94 97 98 100 
108 110 111 114 117 119 125 
60
1 2 4 6 9 11 13 14 17 18 19 22 
23 25 26 29 32 40 41 42 43 50 51 54 
55 60 62 64 66 70 71 72 74 78 80 81 
82 84 85 86 87 89 93 94 97 98 105 107 
108 111 113 114 115 118 120 121 122 123 124 125 
53
1 2 4 7 9 11 12 14 15 17 18 19 
21 25 26 27 29 30 34 35 38 39 40 45 
47 51 54 56 61 63 64 66 69 71 74 79 
84 85 89 93 97 100 101 104 105 106 107 110 
115 117 118 123 125 
65
1 2 4 8 9 11 12 14 18 20 22 23 
26 28 30 31 34 35 36 37 41 42 46 47 
48 49 50 51 52 53 56 58 59 64 67 68 
69 70 74 80 81 82 83 85 86 87 90 91 
92 94 99 100 102 105 107 110 112 113 114 116 
118 119 120 122 124 
59
5 9 11 12 13 14 15 16 19 20 23 24 
25 26 27 28 30 31 32 34 35 36 44 45 
46 48 54 55 62 63 65 66 67 69 73 76 
79 82 84 85 87 88 89 91 93 94 97 98 
99 100 101 104 108 110 118 119 121 124 125 
53
1 2 3 4 5 6 8 12 13 14 17 19 
21 22 23 24 25 26 28 29 31 32 34 35 
40 47 49 53 54 56 57 58 59 60 62 63 
75 78 85 87 88 89 92 96 101 104 105 106 
109 114 115 121 122 
