75 125
1 1 1 1 1 1 1 1 1 1 1 1 
1 1 1 1 1 1 1 1 1 1 1 1 
1 1 1 1 1 1 1 1 1 1 1 1 
1 1 1 1 1 1 1 1 1 1 1 1 
1 1 1 1 1 1 1 1 1 1 1 1 
1 1 1 1 1 1 1 1 1 1 1 1 
1 1 1 1 1 1 1 1 1 1 1 1 
1 1 1 1 1 1 1 1 1 1 1 1 
1 1 1 1 1 1 1 1 1 1 1 1 
1 1 1 1 1 1 1 1 1 1 1 1 
1 1 1 1 1 
69
1 2 4 5 6 7 8 11 18 19 20 21 
22 26 28 29 31 32 35 39 41 42 43 45 
46 49 50 52 53 54 55 57 62 64 65 66 
68 69 70 71 72 73 74 76 80 82 83 86 
88 90 91 92 93 96 97 98 99 102 103 104 
105 107 109 112 113 116 120 122 123 
69
1 2 4 6 7 8 9 10 13 18 19 22 
23 24 25 27 30 32 34 36 37 43 44 45 
48 50 51 54 55 57 58 60 61 62 66 67 
68 69 71 72 75 76 80 82 83 84 87 88 
90 92 95 96 97 98 99 100 101 102 103 105 
106 108 109 112 114 121 122 124 125 
60
2 6 9 10 11 12 14 15 19 21 22 23 
24 25 28 29 30 31 32 34 35 36 41 47 
48 50 55 59 60 62 63 65 66 69 72 73 
74 75 77 80 81 82 83 86 90 100 105 108 
110 111 113 115 116 117 118 119 120 121 123 124 
64
2 4 6 9 11 12 13 14 16 17 18 19 
20 21 30 31 32 34 37 40 45 46 48 51 
52 55 56 57 60 63 65 67 68 70 71 72 
73 74 77 80 81 82 83 84 88 89 93 96 
99 100 101 102 103 105 106 108 112 114 115 116 
119 121 122 124 
61
1 3 4 5 7 8 10 11 14 16 17 18 
19 22 23 24 25 26 27 29 33 40 41 42 
44 45 46 47 48 49 50 51 52 55 58 59 
63 67 68 70 71 72 74 75 78 82 85 87 
89 90 92 93 94 95 96 97 102 108 112 114 
125 
58
2 4 5 12 14 16 17 20 21 22 23 27 
28 31 32 34 35 37 39 40 46 49 51 53 
56 57 58 59 60 61 70 73 75 76 80 82 
84 85 86 87 88 89 93 94 95 96 98 99 
101 102 107 109 110 112 115 116 117 125 
72
7 9 10 11 14 16 19 21 22 23 24 25 
26 27 28 30 32 33 37 38 39 40 41 42 
43 47 48 50 52 54 57 58 59 60 63 64 
65 66 67 69 70 71 74 75 78 85 86 89 
90 92 93 95 96 98 101 103 104 105 106 107 
108 109 111 112 113 114 116 117 118 119 121 123 
61
2 3 6 7 8 9 10 15 16 19 21 22 
23 24 25 26 27 28 30 31 32 37 38 39 
40 43 45 47 49 50 51 52 54 61 62 68 
72 73 74 76 77 80 82 84 86 93 95 98 
102 103 107 108 110 113 114 116 118 121 122 124 
125 
67
2 4 7 8 11 12 15 17 18 19 21 23 
24 26 27 29 30 31 33 35 36 38 39 40 
43 44 45 48 50 51 52 53 55 56 58 62 
63 64 67 68 69 70 71 75 78 80 81 83 
84 88 89 90 91 92 93 99 100 108 110 113 
117 118 119 120 121 123 124 
58
1 3 5 6 8 9 10 11 12 13 14 16 
17 21 22 24 25 27 28 29 33 34 38 40 
43 50 53 55 57 58 61 62 63 68 69 71 
72 73 76 80 81 82 88 90 91 93 94 96 
97 99 105 106 108 112 113 117 118 125 
67
1 3 4 6 7 8 11 19 21 22 25 26 
27 30 31 34 39 42 45 46 47 49 50 51 
52 53 54 55 57 62 63 66 68 69 72 73 
74 75 77 78 81 83 85 87 88 89 91 92 
94 98 101 103 104 105 107 108 111 112 114 115 
116 117 118 119 121 122 124 
58
1 2 3 4 5 6 8 11 14 17 18 20 
21 22 23 25 27 28 29 31 32 36 38 47 
49 50 54 57 61 64 67 68 69 70 72 73 
74 75 79 80 81 83 87 91 92 94 97 98 
100 101 102 105 111 113 116 118 119 122 
55
2 4 5 6 13 16 17 18 24 25 28 30 
32 33 38 40 41 42 45 48 49 51 53 57 
59 60 65 66 70 71 72 73 74 75 79 81 
85 87 89 93 94 95 96 99 100 102 104 106 
107 110 112 117 119 121 123 
70
1 4 5 6 7 8 9 10 12 13 15 16 
18 19 21 22 23 25 27 28 29 30 32 33 
34 36 40 42 43 45 47 48 49 51 52 54 
55 57 60 61 63 64 65 67 68 70 71 73 
74 75 76 78 81 83 84 85 86 88 93 94 
100 102 103 104 105 108 114 115 122 123 
72
2 4 5 6 7 9 10 13 14 15 18 19 
21 22 23 24 25 27 28 30 31 32 34 35 
37 38 39 41 44 46 50 54 57 58 60 61 
62 65 67 68 72 73 74 75 79 80 81 82 
83 86 87 88 89 90 93 94 97 98 103 105 
107 108 109 111 112 113 114 120 121 122 123 124 
68
2 5 7 8 9 11 12 13 16 18 20 21 
22 24 26 28 30 31 32 33 36 37 38 39 
40 41 43 44 47 48 51 54 55 56 59 60 
62 63 66 67 68 71 73 77 78 81 82 85 
87 88 89 91 92 93 97 101 103 104 106 107 
108 111 114 117 119 122 123 125 
63
3 4 5 6 7 8 9 10 11 12 13 16 
17 18 21 22 23 24 26 27 29 30 31 32 
34 35 38 46 49 53 54 56 57 58 61 63 
64 65 68 69 71 73 75 82 86 87 88 89 
90 92 93 96 99 102 106 110 111 114 116 118 
120 122 123 
58
1 2 4 6 7 8 10 11 13 14 19 22 
24 26 29 31 33 34 40 41 44 45 46 47 
50 51 52 53 54 56 57 59 60 62 64 66 
74 77 80 87 90 92 93 94 99 100 101 104 
107 108 109 110 113 116 117 119 121 122 
66
2 3 5 6 7 8 9 13 14 15 18 19 
21 22 26 27 28 29 31 32 33 34 36 38 
39 43 45 47 49 51 53 54 55 56 59 61 
67 72 74 75 77 78 81 83 84 85 88 92 
93 97 98 100 101 105 108 109 110 112 113 114 
115 118 119 120 122 124 
74
1 3 4 5 7 10 12 14 16 17 21 22 
25 28 32 33 34 39 40 41 44 45 46 48 
51 55 56 57 59 61 62 63 64 65 68 69 
71 72 74 75 76 77 81 82 84 85 86 87 
88 89 90 91 93 95 96 97 99 100 102 103 
104 105 107 108 111 112 113 114 116 118 119 120 
122 123 
50
1 6 7 9 11 13 14 16 18 20 24 26 
28 32 35 38 40 42 44 45 46 47 48 50 
53 54 56 58 59 65 68 72 73 75 79 80 
86 89 90 92 95 99 101 110 111 112 113 114 
122 124 
61
1 2 3 7 10 11 12 14 18 22 23 25 
27 28 30 34 36 38 41 42 44 45 48 49 
50 52 53 54 56 58 61 64 66 67 68 70 
75 77 78 80 83 84 85 90 93 94 96 99 
100 103 105 107 111 112 115 118 119 120 121 122 
125 
69
4 5 8 10 11 12 13 15 16 18 19 21 
22 29 30 32 33 35 36 37 38 39 40 41 
42 45 47 49 50 52 54 55 56 64 66 68 
69 70 71 72 73 76 78 79 80 81 83 85 
86 88 90 92 94 95 98 100 101 102 103 104 
106 107 110 111 112 114 117 121 123 
60
1 6 7 10 11 13 19 20 21 25 29 30 
32 34 37 38 40 41 46 47 48 49 50 52 
53 56 58 63 64 66 71 76 82 87 88 89 
90 91 92 93 95 97 98 99 100 101 103 104 
106 107 108 110 111 112 113 117 118 119 122 123 
72
1 3 4 5 8 10 13 14 15 17 18 19 
22 24 28 30 31 32 33 36 38 40 41 42 
43 49 50 51 54 55 56 57 59 63 64 65 
66 67 68 69 70 72 75 76 78 80 84 85 
87 89 90 91 92 94 95 99 100 102 103 107 
109 110 113 114 115 116 117 118 119 121 122 123 
69
1 4 5 9 11 13 16 17 18 19 23 24 
26 27 32 33 34 35 36 37 38 41 44 46 
47 48 49 50 52 53 54 56 57 59 61 64 
66 67 68 69 72 73 74 75 76 77 78 81 
82 84 86 88 91 92 93 95 96 97 101 103 
110 112 114 115 117 120 121 123 125 
70
1 3 4 5 8 11 12 13 15 17 18 21 
22 24 27 31 32 33 35 37 38 39 40 41 
42 43 44 46 47 48 49 51 52 53 54 56 
58 60 61 62 63 66 68 69 70 72 73 75 
77 78 80 85 86 87 88 89 90 92 97 99 
100 103 105 106 107 108 118 119 122 124 
46
8 10 20 23 27 30 31 33 35 40 46 47 
49 51 53 55 57 58 60 64 65 66 69 73 
74 77 79 81 85 95 96 98 99 100 104 105 
107 108 110 111 112 114 115 119 120 122 
55
2 5 6 7 8 13 14 15 16 19 24 25 
26 28 31 32 35 37 38 43 44 49 50 51 
55 56 59 62 65 66 67 69 71 72 73 76 
77 85 90 91 92 93 95 97 101 104 106 108 
110 115 116 120 122 123 124 
64
2 3 4 5 6 7 8 15 16 17 20 21 
24 25 27 28 32 35 36 37 38 39 42 43 
46 47 51 56 58 60 61 62 64 66 67 70 
72 73 76 78 79 82 85 86 88 91 93 95 
97 98 102 107 108 110 111 114 115 116 117 120 
121 123 124 125 
63
3 4 5 7 8 9 12 13 16 18 19 20 
23 24 27 28 32 33 34 35 40 41 43 48 
50 52 53 54 55 56 58 60 61 64 65 69 
71 73 74 75 77 78 79 83 84 85 86 90 
95 97 98 100 103 105 108 109 110 111 112 113 
116 118 124 
67
1 3 4 8 9 11 15 16 17 18 21 22 
24 25 26 27 28 30 31 37 38 42 44 47 
48 53 54 55 58 59 62 63 65 66 68 69 
70 72 74 75 78 79 81 82 83 84 86 88 
91 93 96 97 98 99 100 101 104 106 107 108 
109 110 111 119 120 122 123 
72
2 4 5 8 10 11 12 13 14 16 18 21 
23 27 29 30 31 34 35 36 37 41 42 43 
44 46 47 48 50 51 52 55 57 58 60 61 
63 65 66 69 73 74 75 77 78 79 81 84 
85 87 88 91 93 94 102 104 105 106 107 108 
110 111 112 114 115 116 118 120 121 122 124 125 
59
1 3 5 9 10 11 13 14 16 18 19 20 
21 25 32 39 41 43 45 48 52 53 57 58 
59 62 63 64 69 71 72 73 75 77 79 81 
82 85 86 87 88 91 93 94 95 99 100 102 
104 106 108 111 112 113 116 117 121 122 123 
66
2 6 8 9 12 13 15 16 17 18 19 20 
23 26 28 30 31 32 34 35 37 38 41 44 
45 47 49 50 54 58 61 63 65 71 73 74 
77 78 79 80 81 82 83 84 86 87 89 92 
93 99 100 101 103 104 105 106 109 112 114 116 
118 119 121 122 123 124 
61
2 4 5 6 7 11 12 13 14 16 19 20 
25 26 27 28 32 34 35 36 39 46 47 48 
49 50 52 53 55 59 60 62 66 68 69 72 
75 77 80 84 85 86 88 89 90 93 94 95 
97 101 103 104 106 111 115 116 117 119 121 122 
123 
66
2 4 7 9 10 16 17 19 21 22 23 26 
27 28 30 32 33 35 41 42 43 44 46 48 
51 53 55 57 58 59 60 61 63 66 67 69 
70 71 72 76 77 82 83 84 85 93 96 98 
100 101 103 104 105 106 110 111 112 113 114 117 
119 120 122 123 124 125 
64
1 3 5 10 11 13 14 15 16 20 22 24 
28 29 31 32 33 34 36 37 39 40 44 47 
48 49 50 52 53 55 56 61 63 65 69 70 
71 72 74 75 78 80 83 86 87 88 89 90 
91 92 95 97 98 101 103 108 109 112 114 115 
116 118 120 122 
64
3 4 5 8 10 12 13 14 15 18 20 28 
29 31 33 34 35 37 38 39 40 43 45 47 
48 49 50 52 53 55 59 60 61 66 68 70 
71 74 77 78 79 80 83 84 91 92 94 96 
97 98 103 104 107 108 109 110 111 112 113 118 
119 120 121 124 
66
1 3 4 7 8 13 15 16 18 20 21 22 
23 24 26 27 32 33 34 35 36 38 41 42 
45 49 51 55 56 60 61 63 64 67 69 72 
73 74 75 78 80 81 82 84 86 87 89 90 
97 99 101 102 103 104 105 107 108 109 113 114 
115 116 118 119 121 124 
64
1 8 9 10 14 16 17 19 20 23 24 27 
28 30 31 32 34 35 36 37 38 39 42 49 
50 51 53 54 58 59 61 63 66 69 70 72 
75 76 78 79 81 82 87 90 93 94 96 97 
101 102 103 104 105 106 109 110 111 113 114 117 
118 119 122 125 
66
4 5 8 10 11 14 16 17 18 21 22 23 
24 25 28 29 32 33 35 36 38 41 44 45 
47 48 49 50 51 53 54 55 57 59 62 63 
65 67 71 76 77 79 80 81 84 85 86 88 
89 90 91 93 94 95 97 105 108 110 111 112 
114 116 118 119 120 124 
53
3 4 8 11 12 13 15 18 21 22 30 34 
36 40 43 44 45 46 48 49 50 52 55 58 
60 63 68 69 70 73 75 76 78 79 81 82 
84 93 97 98 100 102 103 104 106 110 113 116 
117 120 121 122 124 
64
2 10 11 12 14 15 16 18 19 22 24 26 
28 31 34 36 37 38 39 40 42 43 44 45 
46 47 49 50 53 55 60 64 65 67 69 70 
72 74 76 77 78 82 83 85 86 87 88 90 
92 96 100 102 104 106 109 110 113 114 116 119 
120 123 124 125 
55
2 4 8 10 11 14 15 20 24 27 28 30 
31 34 36 37 38 47 48 51 54 56 57 58 
61 64 65 66 67 69 70 71 74 75 76 77 
78 80 81 86 94 95 96 97 98 99 100 101 
103 108 114 120 121 122 123 
64
1 2 6 7 9 10 12 13 15 18 21 22 
23 25 26 29 35 38 41 44 51 53 54 55 
60 61 64 65 67 68 70 72 73 74 76 77 
80 82 83 84 86 91 93 94 97 100 103 104 
106 108 109 110 111 113 114 115 116 117 118 120 
121 122 123 124 
70
2 4 6 7 9 11 13 15 17 18 19 20 
21 25 26 28 29 30 33 35 37 39 43 44 
45 49 50 51 53 55 57 58 59 61 63 64 
65 69 71 72 74 75 77 78 80 81 82 83 
84 85 86 87 90 92 93 95 98 100 101 105 
106 109 111 112 113 115 118 119 120 122 
65
1 2 4 6 7 8 9 12 13 18 19 21 
22 24 30 37 38 40 41 42 43 45 46 47 
48 50 53 54 55 57 61 62 65 68 69 75 
78 80 81 83 84 85 86 88 89 90 91 93 
95 97 102 105 106 107 108 109 110 111 113 114 
116 117 119 120 123 
64
3 4 6 8 12 13 14 15 16 19 21 22 
23 24 26 28 29 31 37 39 40 44 52 53 
54 55 56 57 62 63 64 65 67 68 70 71 
76 77 78 80 81 84 85 86 88 89 91 92 
93 96 97 98 101 103 106 107 108 114 115 116 
117 118 119 124 
63
3 4 7 8 9 10 11 14 15 19 24 26 
28 29 30 36 38 39 41 42 43 44 46 47 
48 49 50 53 55 57 60 61 62 68 70 71 
73 76 77 78 79 80 86 90 91 94 97 99 
100 101 103 104 105 109 111 114 118 119 120 121 
122 124 125 
69
1 2 3 4 5 7 8 14 17 19 23 24 
26 28 30 31 32 34 35 36 37 39 40 43 
45 46 47 51 53 54 56 60 61 62 65 66 
68 70 71 72 73 76 77 78 79 80 83 85 
87 90 91 93 94 95 96 97 100 102 105 106 
107 109 110 111 113 116 117 119 120 
54
2 4 5 6 9 11 15 17 19 21 23 28 
41 45 47 48 49 51 53 55 57 59 60 61 
63 65 67 71 74 75 79 82 83 86 87 88 
89 90 93 97 99 100 102 103 104 110 113 115 
116 117 118 119 120 125 
64
3 6 7 9 12 13 17 20 22 23 24 25 
26 28 29 31 34 35 36 37 38 40 42 45 
46 48 49 51 52 57 58 59 62 63 65 66 
71 72 74 78 79 80 81 84 87 90 92 93 
94 98 100 101 102 103 104 105 109 110 113 116 
117 118 120 123 
70
1 3 5 7 8 12 13 14 15 17 19 20 
23 25 26 27 28 30 31 33 34 36 37 38 
41 42 45 50 52 53 55 57 58 59 61 62 
63 65 66 69 72 73 75 76 79 82 83 85 
86 89 90 91 96 99 100 101 102 103 105 106 
107 110 113 114 115 119 120 123 124 125 
61
1 3 4 8 10 12 15 16 17 19 21 23 
27 29 31 32 33 36 37 40 42 43 46 47 
48 50 51 54 57 60 64 66 67 68 70 71 
73 74 78 79 82 83 84 85 92 93 95 96 
99 102 103 108 110 114 115 116 118 119 121 122 
125 
64
1 2 5 6 9 10 12 13 15 16 18 21 
23 26 29 30 31 37 38 41 44 45 46 47 
49 52 53 54 59 63 64 68 69 71 72 73 
74 76 80 82 85 86 87 88 90 92 93 94 
95 96 100 101 102 106 107 110 111 112 113 114 
118 122 123 124 
67
4 5 6 7 11 13 14 16 20 22 23 24 
27 28 31 32 33 34 36 40 41 43 44 45 
46 48 49 50 51 52 55 56 57 59 66 67 
69 70 76 77 79 82 83 84 85 88 90 92 
93 95 96 97 98 99 100 101 105 106 108 109 
112 113 116 119 121 123 124 
61
2 3 5 6 9 12 13 16 20 22 23 27 
33 34 36 42 43 47 48 49 51 52 53 54 
55 56 61 62 63 67 69 70 73 75 76 79 
81 87 91 92 95 96 97 98 100 101 103 105 
106 107 110 111 114 115 116 117 118 119 123 124 
125 
58
4 6 7 9 10 12 13 16 19 20 23 24 
25 26 28 32 34 36 38 42 45 48 52 53 
56 59 61 63 64 66 67 69 72 75 76 80 
81 82 85 86 87 89 91 92 95 98 99 100 
104 107 112 113 115 116 117 119 121 123 
56
1 2 3 15 16 21 25 29 30 33 34 37 
38 42 43 45 46 48 50 52 53 54 58 59 
61 63 65 67 69 71 73 75 76 82 83 85 
86 87 88 90 92 99 101 103 105 109 110 111 
112 114 116 117 118 119 123 124 
64
1 3 4 5 6 7 8 11 13 14 15 16 
17 18 20 22 24 27 28 29 32 33 34 36 
37 39 40 41 42 44 46 49 50 52 53 61 
62 65 67 71 73 78 82 83 84 85 86 87 
89 94 96 99 101 104 108 110 111 112 113 116 
118 121 123 124 
63
2 4 6 7 10 11 12 13 15 16 22 23 
25 26 29 30 31 32 35 36 37 39 42 43 
47 50 51 53 54 55 63 64 65 67 68 71 
72 73 74 75 76 79 80 82 87 90 91 92 
94 95 97 98 106 108 110 112 113 114 116 120 
122 123 125 
65
1 2 4 5 7 8 9 12 14 16 21 24 
26 31 33 34 35 36 37 38 41 43 44 45 
47 48 49 52 53 56 59 63 70 72 73 74 
75 76 77 79 80 83 84 86 90 93 94 95 
96 97 98 99 101 102 103 105 107 110 112 114 
115 116 117 122 124 
58
2 3 4 9 11 14 15 18 19 21 26 27 
28 29 31 34 37 39 41 42 43 47 48 50 
54 58 59 60 63 64 65 66 69 70 71 72 
73 74 76 81 83 84 85 86 88 93 96 97 
100 102 104 108 114 116 117 118 119 121 
62
3 5 9 11 13 14 15 19 21 22 24 27 
28 29 33 35 36 38 39 42 43 45 50 51 
53 54 55 56 59 61 64 66 68 69 70 71 
74 75 78 81 84 85 86 87 89 90 92 93 
94 95 97 99 104 107 111 112 115 119 121 122 
123 124 
55
2 3 4 8 9 10 13 14 15 16 17 18 
19 20 21 22 26 30 34 36 37 40 41 42 
47 49 51 57 58 59 60 61 63 64 70 71 
74 77 84 87 95 97 99 101 105 106 107 111 
112 113 115 116 122 123 125 
70
1 2 3 4 5 6 7 8 9 13 15 16 
20 24 25 27 28 30 31 32 33 34 35 36 
39 41 43 44 45 47 49 53 55 57 58 60 
63 64 65 66 67 70 71 72 75 79 81 83 
85 86 88 89 91 92 94 95 97 98 100 101 
102 103 107 109 112 113 116 119 120 125 
54
1 2 3 7 11 12 17 18 20 21 23 24 
25 28 29 32 34 35 37 39 41 45 48 52 
58 59 63 65 72 75 76 77 79 86 87 88 
95 96 98 99 100 101 105 106 107 108 109 111 
112 113 115 119 123 124 
65
3 5 6 7 9 10 11 14 15 16 17 22 
23 26 27 28 30 33 35 36 39 40 43 45 
47 48 50 51 54 56 64 66 67 71 73 75 
76 77 79 80 85 86 87 88 89 90 94 95 
98 100 101 102 103 104 106 108 109 110 114 116 
120 121 122 123 124 
54
1 4 6 7 9 10 12 14 15 16 17 18 
19 26 27 30 34 35 36 39 40 42 43 47 
50 53 55 61 66 68 69 73 78 80 82 83 
85 90 91 93 97 98 99 104 107 108 109 111 
116 117 120 122 124 125 
66
4 6 9 15 16 17 19 21 22 23 24 25 
27 30 31 32 33 34 35 36 39 40 42 44 
46 47 48 49 50 54 56 58 59 61 63 66 
68 69 74 75 77 78 79 81 89 90 91 92 
94 95 97 98 99 101 102 106 110 111 112 113 
115 116 117 119 120 125 
67
1 2 3 6 8 10 11 12 13 14 15 16 
20 21 22 25 27 30 31 32 34 35 36 37 
38 40 43 46 54 57 58 59 60 62 63 67 
70 73 75 77 79 80 81 82 85 87 88 89 
90 94 96 97 98 100 104 105 106 108 109 110 
111 112 113 115 118 119 123 
58
2 5 8 9 10 13 14 20 21 22 28 30 
32 33 34 35 37 40 44 45 46 48 49 50 
51 53 55 56 59 60 63 64 66 70 71 72 
77 78 79 80 82 83 84 94 95 97 100 101 
102 104 106 107 109 113 116 119 122 124 
62
1 3 4 5 6 7 8 9 10 11 12 13 
16 19 23 26 27 29 30 31 33 37 38 43 
45 46 47 48 50 59 61 65 66 67 69 72 
73 75 78 80 82 83 84 86 90 92 93 94 
96 101 103 104 105 106 111 113 114 115 117 118 
124 125 
55
5 6 7 8 9 13 17 19 20 22 24 26 
28 32 34 35 36 38 39 40 41 43 44 46 
49 50 56 58 60 63 69 71 73 74 76 81 
83 86 88 90 91 92 97 99 100 106 111 112 
115 116 119 120 121 122 125 
