75 100
1 1 1 1 1 1 1 1 1 1 1 1 
1 1 1 1 1 1 1 1 1 1 1 1 
1 1 1 1 1 1 1 1 1 1 1 1 
1 1 1 1 1 1 1 1 1 1 1 1 
1 1 1 1 1 1 1 1 1 1 1 1 
1 1 1 1 1 1 1 1 1 1 1 1 
1 1 1 1 1 1 1 1 1 1 1 1 
1 1 1 1 1 1 1 1 1 1 1 1 
1 1 1 1 
14
5 11 15 23 28 42 54 56 65 68 84 90 
92 98 
19
2 3 5 6 8 21 27 29 33 47 51 66 
81 83 84 86 91 97 100 
12
3 17 21 32 42 44 63 80 83 86 95 96 
7
17 33 34 40 55 59 73 
7
11 23 33 36 37 45 84 
9
24 39 44 47 48 49 59 97 99 
12
3 28 32 33 44 45 54 62 68 79 90 96 
9
24 26 40 59 63 65 77 97 100 
8
8 11 15 51 75 78 87 89 
10
4 29 50 54 70 73 78 80 98 99 
11
3 14 46 51 56 64 67 68 72 79 82 
12
11 23 36 37 40 41 56 64 70 76 82 95 
10
2 28 31 48 55 58 60 75 83 99 
12
7 13 17 19 23 38 65 66 67 80 86 97 
11
5 17 18 21 36 37 42 54 70 76 79 
10
14 25 32 35 40 45 76 77 83 92 
7
6 27 40 53 59 77 81 
15
4 6 19 28 30 33 42 45 48 54 61 63 
64 91 100 
14
8 11 13 21 22 23 24 34 43 62 70 73 
79 83 
10
1 14 16 29 38 39 44 56 63 89 
9
1 6 13 14 59 62 67 72 95 
11
3 19 21 24 25 41 58 67 75 78 86 
12
36 41 44 45 46 50 52 55 56 66 77 82 
8
10 28 31 33 45 87 91 93 
6
3 31 33 58 69 95 
8
19 49 55 67 68 75 78 99 
11
12 17 18 31 38 44 47 54 55 91 93 
11
16 40 42 48 49 53 59 61 65 68 86 
14
4 14 17 25 29 30 36 49 59 65 78 91 
92 99 
9
3 27 28 47 52 65 73 84 98 
11
3 4 16 26 31 33 41 47 78 87 93 
8
8 19 28 63 74 88 93 96 
11
15 28 36 43 58 60 67 74 76 83 85 
3
4 29 83 
6
9 13 28 35 69 75 
6
5 14 16 26 55 59 
14
2 4 7 10 19 27 35 36 38 56 57 70 
79 90 
11
5 15 16 35 42 54 66 86 91 94 100 
7
8 14 22 34 37 42 59 
7
27 29 56 60 65 66 73 
8
31 42 54 57 61 62 88 100 
12
3 10 20 23 43 46 53 55 61 62 73 87 
9
1 12 13 31 43 48 50 54 97 
12
9 10 36 43 50 60 63 70 81 83 84 85 
11
5 26 33 35 38 47 57 85 86 87 89 
11
2 4 11 25 29 31 41 46 64 81 95 
5
13 15 30 34 68 
8
16 19 23 49 69 75 80 82 
12
11 18 32 40 55 62 66 74 83 86 92 95 
12
1 23 32 34 35 41 58 62 65 69 70 80 
4
2 6 28 88 
14
3 10 13 27 30 38 43 46 57 65 70 71 
75 84 
11
6 11 12 23 28 45 53 60 69 74 89 
4
10 73 79 83 
9
3 33 62 84 88 89 92 93 99 
10
29 30 33 39 41 51 58 62 88 95 
13
7 15 31 48 51 58 62 65 76 84 89 92 
98 
7
11 37 40 49 51 53 82 
12
12 13 14 18 21 23 36 59 66 76 80 86 
12
17 20 25 34 39 52 56 71 72 78 95 96 
9
19 21 38 52 55 63 65 67 100 
10
9 13 18 20 42 52 71 82 91 93 
9
4 5 25 28 41 42 65 74 86 
6
6 28 51 76 77 95 
8
31 36 47 49 60 76 88 100 
7
17 18 26 33 50 85 89 
8
2 13 30 38 39 40 43 91 
18
5 8 24 26 36 45 54 63 66 68 76 78 
79 94 95 96 98 99 
9
25 34 42 51 58 79 94 98 99 
6
15 33 37 38 40 78 
8
4 26 27 41 47 60 75 91 
11
22 26 37 41 46 66 77 84 86 91 92 
9
1 29 30 33 44 62 78 97 98 
16
2 7 10 12 16 17 27 36 46 58 61 65 
67 90 93 96 
8
10 17 33 35 39 55 66 83 
