75 100
1 1 1 1 1 1 1 1 1 1 1 1 
1 1 1 1 1 1 1 1 1 1 1 1 
1 1 1 1 1 1 1 1 1 1 1 1 
1 1 1 1 1 1 1 1 1 1 1 1 
1 1 1 1 1 1 1 1 1 1 1 1 
1 1 1 1 1 1 1 1 1 1 1 1 
1 1 1 1 1 1 1 1 1 1 1 1 
1 1 1 1 1 1 1 1 1 1 1 1 
1 1 1 1 
12
7 10 13 16 31 37 65 70 72 73 80 81 
7
24 43 54 58 64 75 77 
11
8 9 15 28 57 58 62 78 82 91 100 
7
19 51 77 82 95 97 98 
11
6 12 17 36 42 46 50 54 59 80 96 
10
1 22 29 41 42 43 50 54 65 97 
13
3 9 15 23 41 56 57 66 69 77 80 88 
97 
6
6 7 17 47 61 65 
7
25 26 29 41 45 49 53 
10
1 7 12 32 51 55 57 66 81 92 
14
9 16 18 20 29 31 32 43 61 75 83 84 
96 100 
8
12 31 32 45 50 51 66 99 
11
4 18 33 34 44 46 55 58 71 74 82 
10
1 15 17 37 41 45 46 50 54 56 
7
16 25 28 30 50 65 74 
11
1 11 42 45 50 52 56 57 75 78 91 
13
7 19 31 43 50 60 62 70 77 80 84 87 
95 
19
9 11 29 30 33 38 50 57 58 59 67 68 
72 75 82 83 85 89 93 
10
10 21 43 46 60 62 67 68 70 80 
10
6 20 33 58 63 72 73 74 83 100 
8
24 38 41 53 56 65 68 96 
8
14 21 30 40 61 75 97 100 
13
13 17 19 40 47 57 60 61 65 70 78 82 
84 
13
12 13 15 25 28 32 36 47 60 65 74 89 
94 
14
6 15 25 42 45 46 65 66 70 77 85 94 
95 99 
14
5 12 15 21 34 48 49 63 64 68 72 74 
76 95 
17
3 5 13 15 19 24 28 38 40 43 62 80 
82 83 91 97 98 
12
17 19 21 35 48 49 56 66 80 82 85 97 
16
18 20 38 39 43 51 54 55 58 59 63 81 
86 87 94 97 
10
5 8 25 26 51 62 67 73 97 100 
8
10 23 43 49 54 57 61 82 
18
6 9 10 12 14 18 27 39 44 50 57 61 
65 68 69 76 89 96 
9
1 21 36 52 59 71 75 83 99 
12
8 12 14 15 21 26 31 53 54 56 83 87 
8
2 4 27 44 45 56 72 92 
17
2 7 9 15 28 30 39 43 45 56 61 72 
73 78 86 87 95 
15
7 9 13 15 20 34 58 59 61 62 73 87 
94 97 100 
8
18 21 52 65 82 85 87 100 
9
1 3 31 32 34 40 58 61 81 
5
7 10 43 45 52 
10
6 9 10 27 33 48 60 76 86 88 
15
8 10 13 28 35 43 45 54 67 74 87 90 
91 92 97 
4
2 4 28 99 
11
16 17 25 41 46 53 62 71 75 88 98 
13
11 12 14 28 38 41 53 60 61 66 76 79 
82 
16
2 10 16 27 32 48 58 59 60 70 84 86 
92 98 99 100 
6
2 4 5 19 45 71 
13
1 8 21 34 35 41 44 45 46 48 54 78 
90 
12
1 7 16 23 25 38 52 70 74 82 84 98 
12
1 11 19 49 82 83 84 86 87 92 98 99 
8
19 20 23 25 36 64 82 90 
10
10 31 32 36 40 49 67 92 93 98 
14
2 5 7 9 10 42 47 70 71 89 94 98 
99 100 
9
6 21 33 38 44 48 75 88 89 
15
11 14 16 27 29 41 49 65 72 87 89 90 
95 97 99 
10
1 13 38 47 62 71 73 95 99 100 
8
18 20 34 42 44 46 65 91 
11
19 31 33 35 43 48 69 70 73 86 90 
9
36 46 50 54 57 86 88 89 98 
7
8 18 43 55 62 69 95 
8
12 26 32 44 46 55 66 98 
11
4 12 18 23 33 53 61 66 72 91 92 
9
3 15 18 32 40 52 56 99 100 
13
47 52 58 59 60 61 62 74 75 77 90 92 
98 
8
36 40 45 51 54 57 79 80 
10
13 30 41 49 51 52 80 84 88 100 
10
9 15 16 27 45 46 57 59 64 73 
15
7 10 17 19 20 24 30 39 52 63 82 84 
85 88 90 
12
4 7 14 23 35 37 44 46 61 72 88 95 
10
5 17 23 27 31 36 52 53 91 100 
9
6 21 43 44 51 60 69 70 90 
14
3 4 12 18 28 30 31 42 48 56 74 93 
96 98 
13
12 16 18 19 29 32 33 35 43 46 57 75 
80 
6
3 6 9 33 34 45 
8
7 24 39 45 48 67 76 88 
