125 75
1 1 1 1 1 1 1 1 1 1 1 1 
1 1 1 1 1 1 1 1 1 1 1 1 
1 1 1 1 1 1 1 1 1 1 1 1 
1 1 1 1 1 1 1 1 1 1 1 1 
1 1 1 1 1 1 1 1 1 1 1 1 
1 1 1 1 1 1 1 1 1 1 1 1 
1 1 1 
15
1 23 24 28 29 34 39 44 48 58 60 66 
70 74 75 
24
3 5 7 10 12 13 20 21 26 31 36 41 
42 45 49 53 54 56 58 64 67 68 69 73 
31
1 2 3 4 5 8 22 23 24 25 28 29 
33 34 39 40 43 44 46 49 51 52 54 55 
56 58 62 66 68 69 74 
17
6 8 9 11 19 21 30 32 34 35 50 55 
56 67 72 73 74 
24
3 4 10 18 20 21 22 25 27 34 37 40 
43 45 48 54 55 57 59 60 61 66 70 72 
24
1 2 5 6 9 11 12 16 19 22 32 35 
37 42 47 51 52 53 54 55 57 63 66 67 
20
1 3 10 14 17 19 23 24 25 28 31 44 
48 55 58 61 66 68 71 74 
22
3 7 8 10 11 17 19 21 29 30 35 47 
51 52 53 56 59 61 63 64 70 72 
21
3 9 18 22 26 27 29 32 33 37 51 54 
58 60 63 65 67 69 71 72 75 
20
3 4 6 20 21 24 25 26 27 32 34 41 
47 54 59 62 64 67 68 71 
25
1 2 3 4 5 7 11 12 13 17 20 22 
28 29 30 36 37 39 42 45 48 60 63 71 
72 
19
3 5 8 11 14 22 23 26 35 37 38 45 
49 50 54 58 61 64 68 
20
2 6 7 21 29 30 31 32 40 42 43 44 
53 54 58 63 64 66 73 74 
28
2 7 9 14 15 17 18 26 27 29 35 40 
42 43 44 46 48 49 51 57 61 62 63 64 
66 68 70 72 
13
2 6 15 26 29 30 31 41 44 45 48 52 
60 
21
2 5 7 11 14 23 34 40 42 44 45 56 
57 62 63 65 66 68 71 72 73 
25
5 9 10 17 18 19 20 23 27 28 31 38 
39 47 49 50 52 54 55 61 63 64 65 68 
73 
18
1 3 5 7 15 18 19 31 36 39 43 51 
55 60 61 62 64 69 
28
4 8 19 21 22 23 25 28 30 33 34 36 
40 41 43 47 48 49 53 54 58 59 60 61 
64 66 71 74 
27
3 4 5 7 13 14 17 19 23 24 25 27 
29 30 35 36 37 44 45 46 48 59 61 63 
65 69 70 
22
4 8 9 14 15 20 21 24 25 29 32 40 
44 45 46 48 50 51 57 66 70 71 
25
2 3 4 8 11 19 21 22 24 25 27 37 
42 44 46 48 50 53 55 56 64 65 67 69 
73 
19
1 2 12 14 16 21 27 31 45 46 48 53 
54 57 61 66 67 70 74 
26
4 6 7 9 10 11 14 17 26 27 29 38 
41 42 43 45 49 50 53 54 61 62 64 65 
66 71 
29
2 5 8 9 10 13 14 16 19 27 30 36 
39 41 42 43 44 46 49 51 53 56 58 61 
62 65 66 68 73 
26
1 5 6 10 12 14 17 18 21 22 23 25 
26 31 32 38 41 43 44 53 57 61 65 68 
74 75 
19
1 2 4 9 11 18 24 32 37 40 46 47 
50 54 62 64 68 74 75 
16
8 9 17 19 25 37 44 48 52 55 59 60 
61 68 69 75 
23
3 4 6 12 19 20 24 30 31 35 37 41 
42 43 46 56 57 62 64 68 70 72 74 
20
8 14 15 16 23 25 30 34 46 47 48 52 
55 57 59 60 61 63 67 72 
33
1 2 3 6 10 11 12 13 15 16 17 18 
21 22 25 26 29 36 40 41 46 49 50 53 
54 57 58 60 65 67 68 69 72 
34
2 5 6 9 12 15 18 21 23 25 26 27 
28 30 31 32 33 35 37 39 42 43 45 48 
49 54 56 57 59 60 63 64 66 73 
28
1 3 8 10 13 15 16 21 24 26 27 29 
30 37 39 40 42 43 47 49 53 54 60 62 
63 70 72 74 
23
1 2 5 9 11 13 16 17 19 30 32 37 
42 45 54 59 60 65 67 68 69 71 74 
30
1 4 7 8 9 12 13 15 18 23 27 29 
35 41 42 43 46 47 52 53 54 56 58 59 
61 63 67 70 71 72 
26
2 4 6 13 18 21 22 24 28 29 33 36 
37 40 44 46 50 51 52 59 60 61 63 68 
70 72 
20
2 3 4 6 18 22 23 24 25 27 30 31 
32 34 44 51 53 59 68 72 
20
3 6 16 21 25 28 30 42 43 48 49 52 
55 56 60 62 65 70 71 72 
20
12 14 26 27 29 32 33 40 41 45 50 52 
54 58 60 62 64 68 69 71 
23
6 7 10 11 14 19 20 22 23 25 28 31 
36 38 41 48 50 52 54 56 65 71 75 
21
2 5 14 22 35 36 43 45 47 51 53 54 
58 60 61 65 66 68 73 74 75 
17
8 15 22 23 24 39 48 50 57 58 61 62 
63 67 69 71 73 
26
5 6 8 9 10 11 12 15 19 22 24 27 
29 33 36 40 41 43 53 56 57 58 59 67 
70 75 
20
2 5 6 24 26 30 31 32 33 35 37 40 
44 47 48 56 65 71 73 74 
23
9 13 14 15 17 18 19 20 28 29 31 32 
34 35 37 40 43 45 53 60 65 68 73 
24
2 4 6 7 20 28 30 31 34 40 41 44 
45 46 47 50 56 66 67 68 69 70 73 75 
24
4 8 9 13 16 17 20 22 28 35 36 41 
45 49 51 56 59 61 63 68 70 72 73 74 
22
1 2 5 6 13 26 28 29 32 37 38 39 
41 45 47 56 60 61 62 63 66 73 
26
2 4 5 12 18 20 23 29 33 34 36 38 
42 44 45 47 49 51 55 57 58 59 68 69 
70 71 
25
1 2 10 12 18 21 22 23 24 26 29 31 
32 34 35 49 50 51 52 54 57 59 65 73 
74 
27
2 4 8 9 13 14 18 19 22 29 33 35 
40 41 48 53 54 55 56 58 61 62 63 65 
70 73 75 
22
1 3 5 9 10 17 18 22 23 26 30 31 
32 37 43 48 50 51 53 61 67 68 
28
1 2 4 7 12 14 16 20 23 28 30 31 
32 33 34 35 37 39 42 44 47 56 57 59 
67 68 70 75 
27
1 3 4 5 8 15 16 17 20 21 27 29 
30 34 35 36 39 42 43 47 50 52 62 63 
68 69 73 
27
1 3 4 11 17 18 20 29 33 34 42 44 
45 52 55 56 57 60 63 66 68 69 70 71 
73 74 75 
18
1 2 6 12 18 19 26 29 40 43 44 51 
52 53 62 63 66 70 
21
5 8 19 22 23 24 29 31 35 38 39 43 
44 46 47 54 57 65 66 70 72 
21
3 4 6 7 8 11 32 33 41 42 46 48 
49 56 57 58 59 60 62 64 71 
24
2 3 7 12 14 16 17 20 24 36 39 41 
45 54 55 60 61 62 65 67 68 69 72 73 
21
4 9 10 11 19 22 25 31 37 45 50 52 
56 58 59 61 62 64 68 71 73 
25
1 3 5 7 10 12 13 14 17 18 21 25 
26 34 36 41 42 48 51 56 61 66 70 71 
75 
26
8 12 13 14 15 16 18 20 21 23 28 29 
35 41 43 44 47 49 53 57 61 62 65 66 
73 74 
18
4 15 17 22 26 28 30 39 43 44 49 51 
57 62 64 68 70 71 
15
4 6 15 17 19 23 32 35 36 39 46 47 
55 64 70 
24
2 9 12 14 17 20 21 25 27 29 31 35 
38 41 45 51 55 61 65 66 67 68 72 74 
25
1 4 5 6 10 12 13 14 20 23 29 30 
35 39 40 43 45 50 51 56 59 64 65 74 
75 
23
5 6 10 11 12 17 18 19 21 23 25 26 
34 37 40 49 51 57 60 61 72 73 75 
22
7 11 16 20 24 25 26 29 35 41 48 53 
54 56 57 58 59 63 67 68 70 72 
23
2 4 8 10 12 13 16 19 22 23 25 27 
28 32 33 39 40 47 49 64 65 68 70 
18
10 21 27 29 37 40 44 47 49 55 56 59 
65 66 68 73 74 75 
23
1 3 6 7 15 17 20 24 26 29 30 34 
37 39 41 42 46 48 50 52 54 63 75 
22
2 4 8 10 11 26 35 36 38 40 43 44 
45 47 48 49 52 58 61 63 68 69 
31
3 4 5 6 7 13 15 18 19 27 28 29 
35 36 37 42 45 47 49 53 54 55 56 62 
63 64 65 66 67 70 74 
29
2 7 8 10 12 13 17 21 24 27 28 29 
31 36 37 39 40 41 46 51 52 53 54 57 
58 62 65 66 70 
25
3 9 11 13 16 21 23 26 30 34 35 38 
39 42 43 45 51 52 56 58 60 63 66 68 
70 
26
2 4 8 10 11 14 15 17 24 27 33 40 
41 42 43 44 45 46 48 53 54 57 62 73 
74 75 
14
13 15 19 20 24 26 27 32 34 38 40 44 
59 63 
26
2 3 5 10 12 19 21 24 28 29 30 32 
39 41 46 51 53 54 58 60 61 64 67 68 
72 74 
20
5 14 16 17 20 21 24 27 33 34 39 41 
44 46 52 54 61 65 73 74 
18
1 2 10 18 21 22 25 26 29 34 37 54 
56 60 67 71 72 73 
19
5 8 11 27 30 43 44 45 47 53 56 57 
61 62 66 70 71 72 74 
23
1 3 4 7 8 14 18 20 29 33 34 39 
40 44 47 48 50 54 56 57 62 68 74 
20
5 10 13 22 25 27 29 34 45 46 47 53 
54 57 58 59 64 65 74 75 
22
3 7 14 28 34 36 37 38 41 47 48 50 
51 55 62 63 67 68 69 70 72 73 
21
1 4 10 12 17 20 24 29 31 34 35 39 
50 54 57 58 66 68 69 71 74 
22
6 7 17 21 22 24 28 33 35 38 39 41 
42 43 47 52 54 57 64 70 74 75 
21
4 13 14 18 20 21 24 25 28 34 36 40 
43 54 57 61 66 68 69 71 75 
22
2 8 9 10 13 16 18 22 23 25 27 33 
34 38 44 45 51 54 57 63 66 68 
21
1 6 11 16 17 19 22 24 28 33 34 36 
39 41 42 44 45 49 58 63 70 
21
1 7 10 13 16 24 27 31 35 36 41 42 
43 47 52 56 59 60 68 71 72 
26
1 9 13 16 17 18 19 20 23 24 27 29 
32 34 35 40 46 49 50 52 57 60 62 65 
68 73 
20
2 6 13 20 24 27 33 34 36 39 44 49 
56 57 59 64 66 69 70 73 
27
1 2 4 9 10 14 15 16 22 23 30 31 
32 36 41 44 45 53 61 63 64 65 69 71 
72 73 74 
26
5 12 15 19 21 26 27 28 29 34 44 47 
48 50 51 55 59 61 65 66 68 69 70 72 
74 75 
20
7 12 13 16 19 31 35 41 42 43 44 45 
50 58 59 64 65 68 73 75 
22
3 5 6 11 13 14 17 19 36 39 44 47 
51 54 56 57 59 60 66 69 72 74 
22
2 4 5 17 18 19 26 28 30 40 41 42 
44 45 46 50 51 54 55 62 63 66 
30
2 4 14 15 17 18 21 26 27 29 32 37 
39 41 43 44 46 48 49 51 54 60 61 63 
64 65 68 69 73 74 
23
8 10 11 13 18 21 27 28 30 32 33 37 
40 44 46 47 51 53 56 61 67 68 75 
26
3 4 5 8 9 11 15 16 17 20 22 23 
27 28 30 31 39 40 49 54 56 57 61 63 
66 68 
30
1 2 4 5 8 9 10 11 12 13 16 19 
20 25 32 35 46 49 50 54 55 56 57 60 
63 71 72 73 74 75 
26
3 5 6 7 10 11 13 15 18 19 21 24 
26 30 32 34 35 37 42 49 52 54 55 62 
71 73 
26
3 5 6 7 10 12 13 15 16 17 21 23 
24 28 31 32 33 40 41 45 48 54 61 65 
68 73 
23
5 6 9 10 12 16 19 20 21 23 27 30 
35 37 39 41 44 49 60 70 72 74 75 
26
2 6 10 11 12 16 17 21 27 30 32 33 
37 41 44 49 50 52 54 56 57 60 61 67 
69 71 
27
1 5 9 11 12 13 15 20 21 23 27 28 
29 31 38 40 41 44 48 50 58 59 60 61 
70 71 74 
22
2 7 8 12 17 18 22 28 32 34 37 38 
42 44 45 46 49 55 65 71 74 75 
21
2 8 13 20 24 26 27 33 37 38 41 42 
47 53 55 56 61 65 67 70 72 
26
2 4 5 6 8 10 11 13 17 25 30 32 
36 37 40 45 51 53 57 58 60 62 63 67 
71 75 
21
4 5 10 14 17 20 21 26 32 33 36 38 
43 45 48 49 56 58 60 62 65 
26
3 5 7 9 10 11 13 14 20 21 22 26 
33 34 37 38 39 43 44 45 47 50 59 63 
73 74 
21
1 3 5 7 10 12 15 21 34 38 45 46 
48 58 59 60 65 66 67 71 72 
27
1 2 3 7 9 11 16 18 23 25 26 27 
33 35 36 39 41 42 50 57 59 67 68 71 
73 74 75 
23
3 8 10 14 15 17 23 24 30 31 35 40 
44 45 48 51 52 54 61 65 68 69 73 
30
1 3 4 6 7 11 16 18 19 20 22 26 
29 31 34 37 38 42 44 46 48 57 61 63 
67 68 69 70 73 74 
16
5 8 9 15 20 30 34 43 45 53 58 59 
65 69 71 74 
17
5 8 12 19 29 34 37 42 43 48 50 54 
61 67 69 72 75 
26
1 3 5 8 11 13 23 24 25 26 27 30 
37 47 48 49 52 54 57 58 59 62 65 67 
73 75 
24
2 6 7 9 11 15 18 19 21 26 27 36 
37 40 44 45 49 50 54 56 62 64 70 71 
27
3 6 8 10 11 12 21 31 32 33 35 37 
38 42 45 51 52 54 55 56 57 62 65 66 
69 72 73 
17
3 6 7 8 10 15 22 27 28 35 47 54 
57 68 70 73 75 
18
1 2 7 16 19 20 22 25 26 28 31 33 
56 63 64 67 68 73 
26
3 4 7 9 10 13 17 21 29 32 38 41 
42 45 47 49 51 52 55 57 59 62 67 68 
72 74 
21
1 2 11 12 16 24 26 27 28 31 33 34 
39 41 54 58 59 63 66 74 75 
31
6 9 10 11 12 14 16 18 22 24 25 26 
27 32 33 37 38 43 46 48 51 53 56 57 
58 59 60 62 63 66 74 
