125 75
1 1 1 1 1 1 1 1 1 1 1 1 
1 1 1 1 1 1 1 1 1 1 1 1 
1 1 1 1 1 1 1 1 1 1 1 1 
1 1 1 1 1 1 1 1 1 1 1 1 
1 1 1 1 1 1 1 1 1 1 1 1 
1 1 1 1 1 1 1 1 1 1 1 1 
1 1 1 
24
4 10 17 21 27 29 30 32 33 37 40 42 
43 44 46 53 55 57 63 65 67 71 72 75 
24
2 9 13 15 19 20 21 23 24 25 26 28 
31 33 37 38 47 51 56 57 69 72 74 75 
24
1 2 3 4 6 7 9 13 15 28 32 34 
37 38 39 40 43 49 57 60 65 71 72 75 
13
11 13 17 22 26 27 49 60 66 67 68 69 
70 
10
4 20 31 35 49 50 56 58 65 68 
24
5 6 13 14 15 18 20 21 27 33 36 37 
42 46 50 51 57 60 61 65 68 70 72 73 
26
5 9 10 12 15 18 19 20 22 24 27 29 
35 42 43 44 48 49 51 52 59 64 68 71 
73 75 
18
6 19 22 27 29 30 31 38 43 45 54 57 
61 62 63 64 68 71 
21
5 6 9 21 33 37 39 43 47 48 49 50 
54 56 57 58 59 61 62 72 73 
24
1 2 4 6 10 11 12 14 16 18 19 22 
30 35 38 47 52 62 64 65 67 69 71 75 
25
1 3 13 14 17 21 22 24 26 27 30 31 
32 37 40 41 49 51 58 59 68 70 73 74 
75 
15
9 14 23 28 30 36 38 42 47 55 57 62 
70 73 74 
24
1 5 17 25 26 29 30 31 39 41 42 45 
52 54 60 61 63 64 68 70 71 72 73 75 
19
4 9 11 15 16 18 19 21 26 29 32 33 
38 42 48 55 67 70 72 
18
2 8 11 14 19 24 34 38 40 44 52 54 
55 57 61 70 71 73 
28
1 2 3 5 8 10 12 17 19 20 22 24 
29 31 33 35 36 46 47 49 50 52 57 62 
65 69 72 75 
26
6 7 8 9 11 13 24 25 30 31 37 38 
39 43 44 45 49 50 53 54 56 59 61 62 
66 72 
26
4 15 18 20 23 25 27 29 30 31 35 36 
38 41 42 43 45 46 48 51 53 54 62 65 
69 72 
24
1 2 5 7 8 11 16 22 36 39 41 43 
44 53 54 59 61 63 64 66 68 69 71 74 
26
2 4 6 9 10 14 15 16 19 22 23 27 
28 31 36 37 39 41 45 46 47 67 70 71 
74 75 
25
2 3 12 13 16 23 26 27 29 31 36 37 
43 45 48 50 51 52 54 56 63 67 68 73 
75 
25
2 4 5 8 9 12 16 18 21 28 29 31 
39 40 43 47 50 51 57 59 64 65 69 70 
73 
19
2 3 4 5 7 18 19 20 21 24 35 39 
44 46 59 60 63 65 72 
27
1 2 8 9 11 13 14 15 16 18 20 26 
27 36 37 38 40 42 45 48 50 51 59 65 
69 71 72 
24
5 8 9 11 13 15 18 19 21 24 26 29 
34 43 47 52 53 56 57 58 62 66 67 73 
27
2 3 4 5 9 10 13 17 19 21 28 33 
35 36 37 38 43 51 57 58 59 60 61 69 
71 72 73 
19
5 7 10 12 16 18 19 21 27 32 35 40 
50 57 59 66 67 72 73 
20
1 4 5 7 15 18 19 24 31 33 34 35 
39 41 49 53 62 68 71 72 
20
6 8 15 16 22 27 28 36 38 39 42 46 
48 51 53 61 63 65 73 74 
25
2 3 5 6 12 16 24 25 26 29 31 32 
36 42 45 48 52 53 54 57 58 59 68 73 
74 
23
1 5 6 12 14 15 18 19 20 34 40 41 
42 44 46 47 49 53 54 56 58 65 71 
24
1 3 4 6 12 14 21 22 27 32 35 37 
39 40 46 48 56 57 59 60 62 64 71 73 
26
2 4 9 10 12 13 14 15 19 22 28 30 
32 33 38 39 44 45 49 50 54 59 61 69 
71 73 
26
7 9 11 13 16 20 24 26 28 35 36 42 
44 48 49 50 51 52 55 56 61 65 68 70 
73 74 
25
1 3 6 9 10 11 13 15 17 20 21 23 
24 31 34 37 40 45 48 54 62 63 67 68 
75 
27
1 8 11 13 14 16 17 19 24 27 29 32 
37 40 43 45 46 50 51 52 55 58 59 63 
65 67 69 
21
4 5 13 20 21 26 30 35 39 40 41 46 
48 50 57 62 68 69 72 73 75 
32
1 4 5 8 10 12 13 16 17 20 24 25 
26 32 33 34 37 44 47 48 49 52 54 57 
58 59 65 66 71 72 74 75 
23
1 6 8 9 17 18 20 24 26 27 30 33 
38 39 40 44 45 61 62 63 64 67 71 
22
3 8 9 13 16 21 25 28 29 33 36 37 
38 39 44 45 48 60 69 72 74 75 
27
5 9 11 14 15 20 22 27 32 35 36 37 
39 41 42 45 47 48 49 52 58 61 63 64 
67 72 73 
28
2 3 4 6 8 9 12 13 14 16 17 24 
26 35 39 44 47 48 60 62 64 67 68 69 
70 71 73 75 
25
1 4 5 6 8 12 18 21 22 27 29 31 
32 33 34 35 38 40 42 45 60 61 62 69 
74 
23
2 3 8 11 12 17 20 27 29 32 35 41 
43 46 47 51 55 58 60 63 64 68 72 
25
8 9 13 14 15 19 21 22 25 28 31 32 
40 41 45 49 50 54 57 59 60 64 66 70 
71 
18
6 15 21 26 33 41 42 44 45 48 51 52 
55 58 62 67 74 75 
20
2 4 6 9 10 15 22 23 32 40 48 49 
56 61 62 63 66 70 73 74 
24
2 3 5 14 15 18 20 26 32 34 37 40 
41 43 45 46 48 50 54 55 58 64 68 75 
25
2 5 10 12 18 20 24 27 35 42 45 49 
52 54 55 56 58 59 60 62 63 64 66 70 
71 
28
2 4 9 10 12 13 15 16 17 18 19 27 
28 35 38 42 48 49 52 53 54 55 60 61 
63 64 72 75 
18
6 7 8 14 18 19 28 35 36 40 43 50 
55 57 59 64 65 75 
17
9 12 16 20 39 42 44 45 46 48 53 54 
58 68 71 74 75 
21
2 3 13 24 26 27 31 32 42 48 49 50 
52 55 56 57 58 59 66 69 74 
22
6 7 16 18 20 23 26 29 30 33 34 36 
38 44 45 50 55 58 59 60 64 75 
19
2 7 8 13 15 19 23 31 37 38 43 46 
49 51 56 57 62 66 72 
21
11 12 13 14 15 17 19 22 23 28 30 34 
42 43 44 51 66 67 68 70 72 
21
4 6 10 13 14 15 16 17 22 23 26 30 
31 32 42 48 53 59 63 68 70 
22
3 7 10 15 18 22 23 30 33 34 38 41 
42 45 47 49 51 54 58 65 73 75 
17
2 5 16 21 27 40 41 42 43 49 55 59 
60 66 69 71 75 
22
3 4 6 9 14 20 24 28 31 33 43 46 
51 52 54 55 56 57 59 60 63 70 
20
5 9 10 11 13 16 28 31 35 37 38 43 
46 49 53 54 63 64 65 72 
19
2 6 11 20 22 25 26 27 32 33 35 46 
51 52 56 57 60 68 75 
17
1 7 9 12 19 27 36 37 38 41 42 46 
49 53 56 62 69 
28
2 10 12 13 14 15 16 18 19 23 26 28 
38 41 44 45 49 52 54 57 58 60 64 66 
68 69 71 72 
25
2 5 7 8 12 14 16 20 22 26 27 35 
38 40 44 46 48 51 56 57 59 65 67 71 
75 
22
3 6 10 12 23 26 28 30 33 36 37 42 
44 48 53 54 55 58 68 69 70 73 
15
11 19 22 35 37 38 39 43 44 49 60 64 
67 69 72 
22
8 11 12 18 20 21 24 25 38 39 40 42 
50 52 54 55 56 59 61 63 69 72 
23
1 3 4 11 12 14 17 19 27 34 39 40 
46 55 61 63 64 65 67 70 71 73 75 
11
7 13 17 24 32 34 39 40 41 51 67 
23
4 9 12 14 16 26 28 30 31 34 35 38 
39 41 46 47 50 52 58 60 63 66 70 
29
1 5 6 7 9 11 14 16 17 18 19 20 
21 22 23 24 26 28 36 37 43 45 48 51 
53 54 59 70 71 
25
1 5 7 8 19 23 29 34 36 37 44 45 
47 48 49 52 59 60 65 66 67 68 70 72 
75 
24
3 16 17 21 23 30 34 35 37 39 40 43 
46 47 48 49 52 55 56 66 67 69 73 75 
22
8 14 21 28 30 32 33 36 37 39 40 45 
46 48 49 53 54 55 58 62 68 69 
25
10 14 16 17 19 20 27 31 38 39 40 43 
45 48 51 53 54 57 61 62 63 66 67 72 
73 
22
2 7 8 18 20 21 28 33 37 39 47 49 
50 51 52 54 55 58 63 64 69 73 
15
6 8 18 19 27 38 39 40 44 46 48 49 
50 64 68 
17
3 12 13 22 36 37 42 45 50 52 53 59 
61 64 65 69 71 
19
2 10 14 17 20 25 27 29 32 37 48 49 
53 56 63 71 72 74 75 
22
1 2 7 9 12 13 16 19 22 24 27 35 
38 40 41 42 59 62 65 67 71 73 
23
1 2 4 11 13 19 20 21 22 23 26 27 
41 42 44 46 52 57 59 63 66 69 70 
24
5 8 12 19 21 24 27 29 30 33 34 35 
36 40 56 57 59 60 63 66 68 69 70 74 
31
3 6 10 11 14 16 17 20 23 25 26 30 
31 34 36 37 41 43 46 47 48 52 53 54 
59 61 65 67 71 72 73 
21
2 9 10 15 16 17 19 20 29 31 35 39 
42 48 49 54 55 56 58 61 74 
19
2 3 8 10 11 21 23 24 30 37 38 45 
49 51 58 62 63 69 73 
19
5 7 8 13 17 20 22 27 34 36 37 40 
43 48 51 52 61 72 75 
28
2 6 7 11 16 18 20 21 26 32 33 34 
35 38 39 44 45 47 49 51 52 56 58 59 
60 61 70 75 
23
2 5 8 9 12 14 17 23 24 25 29 31 
32 33 35 40 41 45 53 55 57 73 74 
30
3 8 15 17 19 25 32 34 37 40 41 43 
44 45 46 52 53 54 56 57 58 60 61 63 
68 69 71 73 74 75 
19
2 4 10 12 17 18 29 33 34 35 42 44 
47 48 52 55 68 74 75 
21
1 6 7 9 16 18 19 22 23 27 39 44 
46 58 59 64 65 66 67 71 72 
23
4 7 10 13 14 15 21 27 29 30 33 34 
48 49 50 52 59 60 63 66 67 69 72 
25
1 3 6 7 8 10 11 14 27 30 34 36 
37 46 50 52 54 55 57 59 61 66 70 73 
75 
25
2 3 6 7 9 11 26 30 32 33 40 41 
43 44 51 52 53 55 56 58 63 65 69 71 
73 
24
1 8 9 10 11 16 18 19 24 26 29 32 
34 38 41 42 43 46 48 52 54 58 59 67 
31
4 9 10 12 14 16 19 21 23 24 27 29 
31 33 37 41 42 45 46 48 49 52 55 56 
57 60 62 63 65 69 75 
23
1 17 20 21 25 26 29 30 32 33 37 38 
43 45 46 47 48 52 55 57 59 69 72 
27
1 3 8 10 12 14 18 19 21 22 26 27 
28 29 30 32 34 40 41 43 46 48 54 58 
59 64 66 
30
4 7 8 9 11 13 20 21 22 23 35 36 
39 41 43 45 47 49 54 55 57 58 59 61 
63 64 69 70 73 75 
26
2 10 13 14 17 22 25 26 29 35 38 40 
42 43 48 50 56 57 59 60 63 66 69 71 
73 74 
26
6 10 12 14 17 22 25 29 32 34 41 47 
48 50 52 53 54 56 59 62 64 65 68 69 
73 74 
19
9 12 13 17 18 20 21 22 26 34 38 42 
43 44 53 56 60 69 71 
22
1 3 4 6 9 12 14 15 16 20 21 23 
29 33 39 42 47 48 55 62 63 73 
31
2 3 11 13 15 17 20 24 25 27 28 30 
31 33 37 43 45 46 50 51 57 59 60 61 
63 65 66 67 68 73 75 
14
9 13 14 21 25 26 30 31 42 48 54 57 
61 71 
25
1 2 3 4 6 10 12 15 17 20 26 28 
31 33 35 42 44 46 47 53 58 68 69 71 
75 
19
4 6 15 16 17 21 28 32 34 37 38 43 
46 47 56 62 63 64 71 
17
6 9 16 17 18 22 30 38 39 42 44 46 
47 48 51 56 63 
20
2 3 4 9 12 17 24 28 37 40 47 51 
55 56 59 61 64 66 70 74 
25
2 6 8 9 12 15 17 18 20 23 24 25 
27 29 31 36 40 43 44 45 50 62 68 73 
75 
26
1 3 10 17 25 27 28 30 35 38 39 42 
43 49 50 53 55 59 61 64 65 68 70 71 
73 74 
17
2 3 13 19 20 31 37 41 44 45 48 51 
56 59 63 70 74 
20
1 6 9 13 16 18 19 26 27 31 35 38 
47 51 56 57 58 73 74 75 
18
5 7 18 21 29 31 36 42 43 44 53 55 
57 66 71 72 74 75 
29
2 6 9 12 13 16 18 21 22 33 34 35 
41 46 47 50 51 53 54 58 59 60 62 63 
66 69 71 72 73 
20
6 8 9 11 24 27 28 30 32 35 40 41 
43 45 57 62 65 71 72 74 
24
5 7 8 9 12 14 15 16 24 25 26 34 
35 45 46 49 51 55 57 61 62 63 70 73 
17
3 12 14 19 25 26 28 33 38 43 44 53 
54 58 68 74 75 
25
1 5 9 14 15 17 18 20 34 35 39 40 
42 43 45 48 49 50 51 52 53 56 70 72 
74 
18
6 7 19 23 24 30 31 34 41 43 48 49 
55 59 68 69 71 72 
24
1 2 3 5 9 16 22 24 28 33 37 39 
43 44 46 53 54 55 58 59 61 65 66 74 
18
8 11 18 19 22 25 28 32 34 37 40 49 
54 56 58 59 66 67 
20
1 11 16 17 18 20 28 32 37 40 41 42 
45 48 52 53 55 61 72 75 
32
2 4 6 7 10 11 13 14 15 17 19 20 
21 22 24 27 28 29 30 31 35 37 39 40 
43 44 49 54 56 60 66 67 
