125 75
1 1 1 1 1 1 1 1 1 1 1 1 
1 1 1 1 1 1 1 1 1 1 1 1 
1 1 1 1 1 1 1 1 1 1 1 1 
1 1 1 1 1 1 1 1 1 1 1 1 
1 1 1 1 1 1 1 1 1 1 1 1 
1 1 1 1 1 1 1 1 1 1 1 1 
1 1 1 
15
4 7 10 14 17 18 24 38 41 47 54 57 
58 59 66 
27
3 5 6 9 12 15 16 27 28 30 35 37 
38 40 41 46 49 51 55 57 58 60 64 69 
70 71 75 
26
1 6 8 12 14 19 23 24 26 29 31 34 
40 41 46 54 55 56 58 60 62 64 66 69 
70 75 
26
2 4 6 11 15 16 20 22 23 25 26 33 
35 39 41 44 48 49 50 51 57 58 63 66 
67 68 
23
1 3 4 10 13 14 23 31 33 35 42 43 
46 49 51 55 56 58 62 66 68 74 75 
19
2 10 12 18 22 28 29 30 36 37 45 47 
57 59 67 68 69 74 75 
22
3 6 7 9 13 18 26 31 32 33 34 39 
41 44 45 54 55 56 61 68 70 73 
23
3 8 10 13 17 27 30 33 36 39 41 42 
44 47 49 50 53 57 59 61 64 69 72 
16
1 7 12 14 15 23 28 30 31 42 46 53 
56 58 62 70 
25
2 4 6 7 9 14 17 24 31 34 36 37 
39 40 44 54 57 58 59 63 64 66 67 70 
75 
24
1 6 10 11 12 19 21 22 27 31 32 35 
40 44 45 47 53 54 60 67 69 70 74 75 
20
2 3 5 7 9 13 14 18 24 27 30 31 
34 36 37 40 47 50 54 75 
21
3 5 6 12 16 18 20 24 28 29 31 32 
40 47 51 60 61 65 66 71 72 
19
7 8 16 20 21 22 33 35 36 39 40 42 
49 50 54 58 62 66 67 
19
1 7 10 17 24 26 27 28 35 37 45 48 
52 55 60 62 66 68 72 
25
1 5 6 13 16 19 24 30 31 33 40 42 
44 45 46 54 55 61 63 66 67 70 71 74 
75 
26
2 5 7 8 11 13 14 16 19 21 25 28 
32 33 39 40 43 48 51 52 54 61 65 68 
69 72 
26
4 6 7 9 13 14 16 18 27 28 30 32 
33 35 36 37 40 46 47 54 58 60 65 67 
68 75 
22
1 11 16 17 19 23 29 31 35 39 40 44 
46 48 50 51 55 58 62 65 66 75 
15
2 7 9 11 16 17 25 30 35 36 44 45 
50 71 73 
28
4 11 13 15 16 17 18 19 23 25 26 28 
32 36 39 44 45 47 48 49 56 59 60 62 
65 66 69 73 
25
2 12 18 20 21 22 24 26 27 29 31 34 
35 38 39 40 48 49 53 54 60 62 63 65 
75 
26
1 3 5 6 9 12 16 20 22 24 25 27 
28 32 34 35 44 47 48 57 58 61 63 71 
73 74 
25
4 5 6 10 11 17 20 22 26 27 32 33 
37 38 41 42 44 56 58 60 64 65 66 70 
72 
28
5 16 17 21 23 24 27 28 31 32 33 37 
38 39 40 44 47 55 56 62 65 66 67 69 
70 71 74 75 
23
1 2 4 8 10 11 14 18 20 25 28 29 
30 33 37 41 48 52 53 54 56 58 59 
16
18 20 21 23 29 31 32 38 39 48 49 51 
58 70 73 75 
21
4 8 19 20 21 24 27 36 46 49 51 52 
55 56 57 60 64 67 71 74 75 
22
2 6 9 14 16 18 22 23 25 26 30 34 
37 39 47 48 49 51 59 62 64 65 
26
5 9 12 16 18 19 21 24 26 28 31 34 
37 39 40 41 45 47 49 50 54 55 67 69 
74 75 
21
1 5 9 15 22 28 31 36 41 43 45 51 
52 55 56 59 65 68 69 70 73 
23
1 7 9 16 17 18 23 26 29 31 36 41 
43 45 51 59 60 61 67 72 73 74 75 
22
2 3 4 9 17 19 20 23 26 31 37 38 
39 41 43 48 49 56 58 62 70 74 
16
2 3 8 11 18 25 27 28 29 39 44 48 
53 54 56 67 
15
8 12 13 16 21 24 30 40 53 60 61 62 
66 72 75 
23
1 4 13 14 15 23 25 32 35 39 41 43 
47 49 52 56 61 63 64 66 68 70 73 
18
10 12 13 17 22 23 28 32 34 39 43 49 
55 56 63 66 69 75 
21
7 12 16 20 21 23 24 29 31 35 36 40 
46 48 56 58 59 62 63 68 71 
28
3 6 11 13 16 18 21 22 23 24 25 27 
31 35 36 37 43 46 48 50 52 53 54 62 
63 72 73 75 
25
2 4 6 8 12 13 14 17 18 22 24 25 
27 32 37 48 53 54 55 64 66 70 71 72 
73 
17
1 4 13 21 27 29 30 35 42 44 45 50 
60 61 67 68 74 
25
1 3 5 14 20 24 27 35 38 40 43 44 
50 56 57 58 59 61 62 63 67 69 71 74 
75 
27
2 6 7 8 10 15 24 25 26 29 30 41 
42 43 46 47 52 55 58 59 64 68 70 71 
72 74 75 
22
9 10 15 18 19 21 24 28 30 32 34 37 
38 48 49 56 58 63 66 70 73 74 
24
15 16 17 18 20 22 23 24 30 33 35 38 
42 43 44 49 55 57 65 66 69 71 73 75 
28
2 4 7 8 9 11 13 15 17 21 24 26 
27 36 37 38 40 41 47 51 54 55 56 57 
59 62 69 71 
15
6 8 12 17 22 23 25 30 35 42 53 54 
66 74 75 
22
1 10 14 16 18 19 20 27 30 34 40 42 
43 52 54 55 61 64 66 68 73 75 
23
2 8 9 11 25 27 28 31 35 38 39 41 
43 44 48 50 55 56 60 62 71 72 75 
22
3 18 19 20 23 25 27 30 39 42 44 46 
53 56 58 59 60 62 64 68 72 74 
27
4 9 12 19 21 22 23 24 25 26 27 33 
34 38 41 42 45 46 49 50 57 60 62 64 
66 69 73 
19
1 4 5 15 17 18 20 22 32 44 47 53 
56 60 61 64 65 66 75 
20
10 12 17 24 33 34 35 39 40 41 45 48 
50 52 56 59 60 62 66 75 
23
17 19 20 23 24 27 31 34 36 37 38 43 
44 45 46 52 53 54 55 58 60 62 70 
22
1 2 11 15 19 20 22 23 24 35 37 38 
39 46 47 49 52 55 57 66 67 70 
27
3 4 11 14 16 18 19 21 29 33 34 37 
41 42 43 44 46 48 49 51 58 60 63 64 
65 67 75 
30
2 3 4 6 9 10 11 19 24 26 27 29 
35 40 41 42 47 48 51 55 62 63 64 65 
68 71 72 73 74 75 
24
7 12 13 16 24 27 29 34 37 39 40 42 
45 46 48 49 53 54 61 62 64 67 68 74 
22
1 2 7 8 13 14 15 16 22 25 27 31 
34 37 41 42 48 52 62 64 73 75 
23
4 16 23 27 28 30 36 41 44 47 49 52 
56 58 60 62 63 64 66 68 69 70 75 
23
3 4 8 17 18 21 23 25 26 31 32 33 
34 37 39 41 44 46 51 52 66 67 75 
23
5 6 8 10 15 16 17 19 25 29 31 34 
36 39 43 44 48 50 59 61 63 66 75 
28
2 4 6 7 9 17 18 20 21 27 30 33 
34 36 38 39 43 46 48 51 52 54 57 60 
64 70 71 74 
25
4 5 6 7 11 13 18 27 29 30 33 37 
38 39 40 42 50 51 52 56 57 61 64 66 
70 
21
3 8 9 13 14 16 21 32 36 39 40 44 
47 48 51 54 59 61 64 66 67 
21
3 4 11 16 19 23 24 25 36 38 39 40 
48 50 58 60 62 64 65 71 74 
19
3 7 8 13 16 20 24 25 34 36 39 42 
45 47 49 52 56 64 73 
23
2 3 10 15 17 22 25 28 29 30 34 38 
39 44 46 49 53 54 61 63 65 66 73 
20
5 6 18 19 22 32 34 37 38 40 43 49 
50 51 53 64 66 67 71 72 
21
1 2 3 10 13 24 28 32 36 42 43 46 
56 58 63 65 68 72 73 74 75 
21
5 6 7 8 10 12 15 18 27 37 40 41 
48 49 52 55 60 64 68 74 75 
20
4 7 8 9 10 13 14 16 21 28 31 39 
52 53 55 59 61 63 65 67 
18
4 10 14 21 22 32 33 35 42 57 62 64 
65 67 68 70 72 74 
25
2 3 10 14 19 20 21 24 25 26 27 28 
29 34 35 47 48 50 52 58 68 69 73 74 
75 
26
1 8 19 30 33 34 36 37 40 41 42 43 
44 45 46 49 50 52 56 57 59 66 68 69 
70 74 
26
2 7 9 10 14 18 24 27 28 31 32 36 
37 38 40 44 47 48 54 55 58 61 62 69 
70 71 
25
5 7 9 10 11 15 17 21 22 26 27 34 
35 38 40 43 47 54 57 59 62 65 67 68 
69 
27
4 6 7 8 15 19 22 32 33 35 36 38 
41 44 45 46 47 50 52 53 55 57 60 66 
70 72 74 
23
3 4 11 16 17 24 26 28 29 30 33 37 
44 45 47 52 53 58 61 62 64 67 72 
21
7 13 15 18 22 37 38 39 41 47 51 52 
53 57 58 59 65 67 68 71 75 
24
10 11 12 13 18 19 30 31 34 40 46 48 
50 53 56 57 58 59 65 67 70 72 73 74 
18
11 15 18 19 21 26 35 37 40 43 45 46 
55 56 61 63 67 72 
21
4 9 11 12 13 14 17 23 30 33 34 36 
43 45 54 59 62 64 68 69 70 
18
1 2 8 10 11 17 19 27 33 38 39 41 
43 49 56 61 62 70 
20
9 16 18 20 25 27 31 32 34 35 37 38 
41 45 50 53 57 64 70 74 
19
1 5 12 16 20 21 24 28 31 37 38 39 
40 44 49 56 61 63 69 
24
2 7 8 10 14 15 18 22 23 24 32 47 
53 54 55 56 57 58 65 66 70 73 74 75 
26
1 4 9 10 11 15 16 17 20 31 32 33 
35 37 39 40 42 43 47 50 51 64 69 71 
72 73 
21
1 2 9 12 21 22 25 29 33 35 47 48 
51 53 55 66 68 69 71 73 75 
19
6 7 8 12 14 15 19 21 27 33 41 48 
51 54 58 62 64 66 71 
23
5 6 12 15 18 21 22 23 31 32 34 38 
39 45 46 54 56 57 60 62 64 67 68 
23
1 2 7 10 11 17 23 25 28 30 35 38 
39 40 42 43 49 52 57 62 65 69 75 
20
5 7 10 15 16 22 26 30 32 37 41 44 
50 51 58 59 63 68 73 75 
30
2 3 5 6 8 13 17 19 23 25 26 27 
30 33 36 40 41 42 44 46 47 50 51 53 
55 63 65 71 72 75 
23
3 6 7 12 14 16 17 18 25 27 31 32 
38 44 46 49 52 53 56 57 60 65 70 
21
4 5 6 8 13 14 23 28 37 39 42 45 
47 49 50 57 59 60 66 67 74 
23
2 9 10 12 14 17 19 23 24 31 34 35 
37 42 53 54 57 58 60 61 72 74 75 
24
4 5 7 8 15 17 20 24 25 32 36 39 
40 43 47 53 54 56 59 63 64 65 69 73 
17
9 13 16 22 30 38 39 44 47 49 51 54 
63 65 66 67 70 
29
2 3 5 12 14 17 18 25 27 28 29 31 
32 34 35 37 39 41 42 43 46 48 57 62 
65 66 68 73 75 
23
3 8 9 10 13 15 17 19 22 23 26 27 
28 36 37 40 47 49 50 51 62 66 69 
23
7 9 10 15 16 20 21 22 25 29 30 33 
38 40 43 44 51 62 63 68 69 71 73 
24
3 5 8 15 19 23 26 27 32 33 35 36 
39 41 43 44 46 54 60 63 64 67 68 73 
19
1 3 4 7 11 14 18 29 36 37 40 41 
47 49 50 53 62 67 68 
17
2 5 6 7 13 19 21 22 27 31 44 54 
61 64 68 70 74 
20
5 9 10 12 13 17 25 28 29 30 34 41 
49 50 52 53 56 70 71 73 
24
7 11 12 14 17 18 22 23 25 26 30 31 
32 36 44 45 46 55 56 67 71 72 73 74 
21
5 8 10 11 15 19 26 27 30 34 37 39 
44 55 56 63 64 65 71 72 73 
17
5 16 21 23 24 25 26 28 32 35 43 50 
51 56 60 65 75 
18
1 5 14 16 18 20 21 27 34 48 50 57 
59 60 64 66 70 72 
19
4 10 21 24 26 28 29 31 34 36 38 40 
47 49 51 54 62 63 70 
28
4 7 11 13 15 17 20 22 25 26 31 33 
34 38 39 40 44 47 49 50 51 52 56 65 
66 67 74 75 
19
5 6 16 17 18 25 28 31 36 42 49 52 
56 61 64 65 66 67 74 
20
4 5 8 14 17 20 23 26 34 38 40 42 
44 47 50 59 60 63 71 72 
28
2 8 9 13 17 18 21 22 24 27 28 29 
33 36 37 39 41 43 48 49 50 53 54 56 
58 65 71 75 
21
4 7 8 10 12 17 18 25 29 32 33 34 
38 46 48 51 55 57 62 67 73 
23
1 2 5 7 9 12 13 14 19 22 35 37 
39 41 44 49 50 51 59 66 67 73 75 
17
5 11 15 19 20 25 32 33 35 50 54 56 
64 68 69 73 75 
20
4 5 9 20 22 25 26 29 32 38 42 43 
44 46 50 51 54 56 62 64 
21
3 11 12 13 16 20 22 23 24 33 34 40 
44 47 48 49 51 57 61 65 75 
29
1 10 13 16 19 23 25 26 30 32 33 35 
39 40 41 42 44 46 47 52 53 57 59 60 
63 66 67 71 74 
22
8 9 17 18 20 25 27 28 30 33 35 48 
53 54 57 58 62 63 65 69 71 72 
19
2 6 8 10 14 18 28 30 37 39 40 43 
44 55 57 61 66 71 75 
15
1 10 19 34 45 46 47 54 56 57 63 66 
68 69 75 
21
11 12 16 24 29 30 33 36 37 42 48 52 
54 55 57 61 65 68 70 71 72 
