125 75
1 1 1 1 1 1 1 1 1 1 1 1 
1 1 1 1 1 1 1 1 1 1 1 1 
1 1 1 1 1 1 1 1 1 1 1 1 
1 1 1 1 1 1 1 1 1 1 1 1 
1 1 1 1 1 1 1 1 1 1 1 1 
1 1 1 1 1 1 1 1 1 1 1 1 
1 1 1 
27
2 5 15 16 20 21 22 24 25 27 31 35 
38 41 42 43 49 55 59 60 63 64 65 66 
67 71 72 
21
2 4 7 15 23 26 28 35 36 37 44 49 
55 57 58 63 67 68 70 72 73 
19
1 2 7 12 19 20 25 26 30 39 44 47 
48 49 52 64 71 72 75 
17
6 7 11 23 26 29 34 42 43 46 58 61 
62 65 68 69 74 
19
1 14 16 18 20 21 25 26 27 40 45 47 
49 53 56 58 60 67 68 
27
4 5 6 8 10 12 16 17 22 24 31 36 
41 42 46 50 51 52 53 54 57 58 60 68 
70 71 75 
19
3 4 8 9 13 15 21 22 30 48 50 52 
54 58 63 65 70 71 73 
31
1 7 9 10 14 15 16 20 21 22 25 29 
31 32 34 35 39 40 44 45 49 51 53 61 
63 65 68 70 72 74 75 
22
9 10 14 16 17 23 29 31 38 39 42 46 
47 48 50 51 54 55 58 64 66 68 
14
7 10 14 22 24 42 43 48 52 53 56 69 
71 74 
25
12 13 14 17 19 21 27 29 33 39 44 45 
48 51 52 53 54 57 60 61 62 65 70 72 
74 
18
6 8 10 18 19 22 25 27 31 33 35 48 
58 59 62 68 73 75 
21
3 5 7 11 13 20 23 24 28 29 43 44 
55 59 61 62 64 65 66 67 74 
33
7 8 9 12 14 17 19 21 22 26 27 29 
31 32 34 35 37 43 45 46 48 49 51 53 
55 58 61 62 66 71 72 73 75 
20
6 7 8 16 18 20 29 37 38 41 44 45 
47 54 58 68 70 71 73 74 
23
1 2 4 6 9 13 16 19 24 29 31 35 
36 37 40 46 55 64 65 67 68 69 70 
25
3 4 6 8 9 14 15 19 26 35 36 37 
38 40 41 46 49 50 53 57 65 69 71 72 
75 
22
7 8 11 13 14 21 24 27 32 33 46 51 
53 55 56 60 61 63 64 66 74 75 
24
5 8 9 11 15 19 22 27 32 42 47 48 
52 56 57 58 60 61 63 64 68 69 72 74 
19
3 9 11 12 13 22 24 38 39 40 43 44 
47 53 56 64 68 71 74 
19
2 5 8 10 11 13 18 30 31 34 41 42 
46 51 52 58 61 65 67 
25
3 9 10 11 21 24 25 26 29 30 37 42 
44 49 52 57 58 61 64 65 67 68 72 74 
75 
14
9 17 24 31 32 36 40 44 45 50 51 66 
71 74 
23
2 3 5 7 9 15 16 19 20 25 30 37 
38 43 46 48 49 57 63 66 70 72 74 
27
5 8 11 17 18 27 30 33 34 35 36 37 
38 42 45 50 51 54 56 59 64 65 67 70 
71 73 74 
31
1 2 4 6 8 9 10 11 20 22 24 28 
30 31 35 37 39 42 45 48 51 52 59 60 
61 62 66 68 69 72 73 
31
3 5 7 8 15 19 21 22 23 29 32 33 
35 36 38 42 44 46 47 48 52 53 57 59 
62 63 64 65 66 70 71 
27
1 8 14 24 26 30 33 34 36 37 40 41 
45 46 48 50 51 52 54 63 65 66 68 71 
72 73 75 
26
3 6 11 15 19 21 24 30 34 37 39 41 
43 44 46 48 51 54 57 58 60 62 64 65 
69 75 
22
6 8 9 11 15 16 17 22 24 26 37 38 
39 40 41 48 58 64 65 66 70 75 
22
4 8 9 18 20 21 27 29 32 34 39 42 
45 46 49 50 58 60 61 62 70 74 
19
9 12 16 18 19 20 23 29 30 33 36 49 
53 55 56 67 71 72 73 
25
4 7 12 15 17 20 21 23 24 27 28 33 
36 38 40 46 48 51 56 60 63 66 69 71 
74 
30
6 7 8 9 10 11 12 13 20 21 23 25 
26 32 33 35 37 38 39 41 42 47 53 58 
64 66 70 73 74 75 
21
3 4 5 13 21 22 33 40 45 47 48 49 
52 53 55 56 57 63 68 71 72 
24
2 6 7 8 16 17 20 25 27 30 31 33 
45 46 48 49 56 61 63 65 66 67 69 72 
17
7 10 12 16 17 19 23 33 50 51 52 63 
67 71 72 73 75 
25
3 4 8 9 14 15 16 23 27 31 33 38 
43 45 49 50 52 53 59 60 61 62 65 70 
74 
26
1 2 3 9 10 13 14 18 22 33 37 39 
40 42 45 46 47 48 49 53 56 58 60 61 
65 74 
26
4 6 7 11 14 22 30 31 32 35 37 39 
42 45 53 54 55 56 58 60 65 66 68 71 
72 73 
21
4 5 7 13 17 19 21 23 26 29 32 37 
39 41 48 54 56 57 60 61 74 
26
2 8 9 13 16 17 18 25 29 30 31 33 
36 37 39 42 43 45 48 50 52 53 57 58 
73 74 
18
2 5 18 19 20 23 29 43 49 52 53 58 
59 61 62 64 71 74 
28
1 2 6 7 8 10 13 17 19 22 24 26 
27 38 39 40 45 52 53 58 59 60 62 63 
65 66 72 74 
26
7 8 13 15 16 19 24 25 30 31 35 36 
38 41 42 49 51 52 53 59 63 64 66 69 
70 73 
22
1 6 9 28 30 33 35 36 37 40 43 44 
46 47 48 54 56 62 63 65 69 70 
22
3 4 10 12 14 16 19 21 29 33 40 41 
45 48 49 51 56 61 67 72 73 75 
22
5 8 9 16 17 18 29 30 36 42 44 45 
49 53 54 55 59 60 62 63 68 74 
19
6 8 11 19 20 30 34 36 41 45 48 50 
51 62 63 65 67 69 71 
19
14 15 19 20 22 25 29 34 36 41 43 45 
49 52 54 62 64 68 72 
21
1 4 5 6 7 8 14 16 22 23 29 30 
31 45 49 55 58 61 65 67 73 
25
2 3 4 8 9 15 28 30 32 33 37 40 
45 47 49 50 54 64 66 67 68 69 70 72 
75 
25
1 3 5 11 13 15 16 22 23 24 26 28 
33 34 35 38 44 45 47 53 54 56 63 70 
75 
25
1 8 16 17 18 20 21 22 27 28 29 32 
38 40 43 47 50 51 52 54 58 61 62 72 
73 
25
3 4 5 10 13 14 15 18 19 20 31 37 
39 40 45 47 48 49 57 59 60 62 65 72 
73 
20
14 22 23 24 25 31 32 33 34 38 39 41 
45 46 52 53 60 61 64 67 
24
7 12 18 21 27 28 29 30 31 32 38 41 
44 46 47 48 52 53 58 61 64 69 72 73 
25
1 4 5 7 10 17 22 23 25 26 30 33 
35 44 45 51 53 56 59 62 63 65 68 70 
73 
23
2 4 5 11 15 16 17 19 31 32 38 41 
47 50 51 53 54 60 65 68 70 71 72 
22
5 7 10 19 20 22 24 31 35 39 41 43 
44 45 47 48 49 51 52 59 61 63 
14
3 4 5 6 23 37 43 46 57 58 59 65 
70 75 
25
4 11 13 17 18 25 27 29 30 40 48 50 
58 59 60 61 63 64 65 66 68 69 70 73 
74 
23
6 7 9 10 17 19 21 27 28 31 34 47 
50 51 57 59 65 66 67 68 70 71 74 
25
5 9 13 16 18 21 28 33 36 41 43 44 
46 53 55 57 59 60 62 63 64 66 73 74 
75 
22
3 10 14 15 17 19 20 22 26 27 30 34 
37 39 41 43 51 56 60 65 68 70 
21
2 12 13 15 19 22 24 27 28 33 38 41 
45 55 56 62 65 66 68 70 72 
23
15 18 20 22 27 30 32 36 45 46 47 48 
49 50 51 53 54 55 57 62 64 68 74 
26
1 3 11 13 14 15 19 20 21 24 26 27 
28 33 34 35 36 39 42 46 51 54 59 66 
71 74 
22
2 8 9 12 13 15 19 20 23 24 26 28 
33 34 36 42 53 56 58 60 62 75 
27
1 6 8 9 10 11 19 20 23 24 25 27 
28 29 35 46 47 49 50 53 54 60 61 68 
71 73 74 
11
8 15 19 26 34 47 52 55 61 67 71 
18
2 3 5 6 10 11 16 25 31 39 40 50 
51 52 56 57 66 68 
21
2 8 11 14 16 24 25 30 31 33 37 43 
47 49 52 53 55 63 71 73 75 
17
2 4 5 10 14 15 20 23 38 39 42 47 
48 51 52 59 71 
21
1 4 13 14 16 19 20 22 24 35 41 43 
51 55 57 60 61 62 68 73 74 
21
2 9 13 14 22 31 32 33 34 43 44 47 
48 52 56 58 59 64 67 72 75 
21
1 2 3 16 19 27 29 30 33 39 41 49 
50 53 54 57 59 66 71 72 75 
20
1 4 9 17 23 27 32 35 36 38 43 45 
51 54 57 63 66 67 70 74 
24
1 9 16 17 18 22 25 27 29 39 41 42 
48 51 52 53 54 61 62 64 67 69 70 74 
23
1 6 8 9 12 15 17 18 20 21 22 27 
39 40 41 43 55 57 61 62 64 68 74 
27
9 10 11 13 15 17 19 28 30 36 38 39 
43 47 50 52 53 54 56 59 61 63 64 66 
67 69 74 
15
2 9 18 22 25 26 27 30 37 42 47 52 
54 59 66 
24
1 2 3 4 10 11 12 15 16 22 23 36 
37 38 41 42 44 45 46 49 50 54 65 69 
24
2 12 15 22 27 31 37 41 42 44 46 50 
54 59 61 64 66 67 68 69 70 72 73 75 
28
7 10 11 12 14 16 23 25 26 27 28 34 
35 39 40 41 42 45 50 51 53 54 56 57 
65 66 69 70 
27
2 4 5 7 10 16 18 22 23 24 29 32 
35 41 44 45 46 47 50 53 58 62 63 67 
68 71 73 
25
1 2 4 10 15 16 18 20 21 29 32 34 
37 39 40 48 56 58 59 61 62 66 67 71 
72 
23
3 4 6 12 13 14 15 19 21 27 41 43 
44 51 55 58 60 65 68 70 72 74 75 
22
4 7 13 30 32 33 36 38 39 41 47 48 
54 56 57 59 64 65 66 69 72 74 
24
4 5 7 8 10 13 18 19 21 24 26 27 
31 34 35 36 39 41 43 44 48 49 67 72 
25
1 2 3 5 16 18 19 21 23 26 27 28 
30 31 34 39 42 47 49 55 59 68 72 73 
74 
18
5 8 13 16 17 20 23 29 32 37 39 49 
54 55 60 64 70 72 
21
2 7 8 9 10 13 28 33 35 38 39 40 
43 46 47 54 57 59 62 67 69 
29
1 6 8 9 12 14 15 17 26 27 28 30 
33 37 38 44 48 50 51 54 58 59 60 61 
62 69 70 72 73 
29
1 5 6 7 9 12 13 14 15 22 23 24 
26 28 29 31 33 34 36 41 46 47 48 50 
53 55 56 59 75 
33
3 4 8 9 17 23 26 29 30 37 38 40 
41 42 43 44 45 48 52 53 55 59 60 61 
62 63 64 67 68 69 72 73 75 
23
1 3 7 11 14 16 17 18 28 31 37 38 
40 42 43 44 51 56 57 60 68 72 75 
25
2 4 9 10 13 14 21 23 24 26 39 40 
41 45 51 55 57 61 64 65 67 68 69 74 
75 
22
2 6 7 8 17 20 24 27 28 35 36 45 
46 52 55 60 63 65 71 72 73 75 
12
5 10 16 18 25 35 39 40 41 63 70 72 
20
2 14 15 19 26 33 34 36 46 50 53 55 
57 58 59 62 64 67 68 69 
17
2 7 10 11 12 17 18 31 35 40 51 54 
61 63 66 67 71 
27
1 2 12 13 16 18 20 23 24 26 29 37 
40 41 46 49 52 55 57 59 61 64 66 70 
73 74 75 
27
4 8 9 11 12 13 17 18 21 22 23 24 
25 26 27 29 33 42 44 49 54 55 57 66 
67 72 74 
28
5 6 7 10 16 18 21 26 30 32 35 40 
42 47 48 49 52 53 54 56 60 62 66 67 
68 69 71 72 
18
2 3 6 14 20 22 24 34 35 39 41 42 
47 49 53 66 70 72 
16
8 12 13 17 19 20 22 24 26 42 44 48 
56 66 72 74 
25
2 4 5 6 10 14 18 22 34 37 40 44 
45 46 51 56 57 61 62 64 65 68 70 74 
75 
20
3 7 10 11 14 16 18 19 21 24 26 27 
29 34 49 55 56 58 62 71 
19
5 7 9 12 13 16 18 26 31 35 49 50 
51 52 57 59 63 65 74 
25
2 4 6 7 9 12 17 18 23 24 27 28 
35 39 41 50 51 54 61 62 63 65 69 71 
75 
12
3 14 15 21 25 40 46 55 61 63 64 73 
25
8 9 13 15 16 18 19 21 26 28 30 41 
48 51 53 59 60 62 63 64 66 67 69 71 
74 
29
1 6 13 15 17 22 25 28 31 33 34 36 
39 41 45 48 50 51 57 58 60 61 64 66 
67 68 69 71 73 
20
3 6 15 16 20 21 26 35 37 38 45 50 
52 54 59 60 63 66 72 73 
22
1 3 6 7 12 16 20 29 30 31 32 33 
34 38 39 48 51 62 66 68 71 72 
25
1 3 4 5 8 11 14 15 19 20 21 22 
28 29 31 34 41 50 54 60 63 66 69 70 
74 
21
7 10 12 13 16 20 32 35 36 41 43 48 
51 53 55 57 61 62 64 65 73 
21
2 4 6 8 9 10 16 17 18 20 23 24 
30 33 38 41 46 47 52 65 75 
22
4 10 12 20 21 25 29 32 35 37 40 42 
48 51 52 58 63 66 68 69 72 75 
19
1 10 11 22 27 41 43 49 51 54 56 57 
58 61 64 65 67 68 71 
26
7 14 16 20 21 22 28 29 31 32 33 36 
38 39 41 45 49 51 52 56 57 61 67 71 
72 75 
24
2 3 4 11 13 19 20 27 31 37 39 40 
43 44 48 56 57 60 64 66 69 71 73 74 
22
6 7 9 12 15 18 22 23 25 26 34 36 
37 45 50 54 55 60 63 64 66 73 
20
1 3 4 6 11 18 19 21 22 28 31 33 
42 43 46 54 55 56 61 71 
