75 125
1 1 1 1 1 1 1 1 1 1 1 1 
1 1 1 1 1 1 1 1 1 1 1 1 
1 1 1 1 1 1 1 1 1 1 1 1 
1 1 1 1 1 1 1 1 1 1 1 1 
1 1 1 1 1 1 1 1 1 1 1 1 
1 1 1 1 1 1 1 1 1 1 1 1 
1 1 1 1 1 1 1 1 1 1 1 1 
1 1 1 1 1 1 1 1 1 1 1 1 
1 1 1 1 1 1 1 1 1 1 1 1 
1 1 1 1 1 1 1 1 1 1 1 1 
1 1 1 1 1 
11
20 23 29 33 37 40 42 64 81 106 115 
6
9 12 52 84 87 94 
12
22 23 63 70 72 73 83 85 98 102 111 115 
10
37 40 42 43 77 82 89 95 109 115 
9
5 40 46 58 66 73 81 119 122 
12
12 22 24 28 71 74 85 88 89 92 110 120 
11
22 31 33 41 48 65 67 70 71 90 96 
9
1 16 26 51 68 72 78 113 125 
17
3 5 10 24 39 42 43 46 54 82 96 105 
109 111 114 116 120 
14
7 12 16 28 42 46 49 52 56 63 81 92 
95 102 
12
2 17 43 59 80 82 84 87 88 99 100 110 
15
3 9 29 32 36 42 48 51 53 60 68 81 
94 105 118 
14
1 24 34 37 46 47 62 66 68 74 92 106 
120 122 
14
17 20 22 30 45 48 61 62 85 88 90 94 
115 124 
15
1 15 16 26 40 44 63 69 72 78 80 83 
86 94 115 
11
25 39 45 62 63 67 73 83 109 113 122 
18
6 15 16 30 33 61 70 71 80 83 88 95 
97 107 109 110 113 124 
11
3 7 13 20 42 44 50 54 67 93 110 
11
7 11 15 39 41 48 70 82 92 107 123 
8
14 35 56 71 73 89 90 98 
14
1 8 12 21 49 50 68 75 82 84 86 95 
104 105 
23
13 14 32 38 39 43 52 54 56 69 71 77 
80 83 86 89 96 101 102 104 109 121 124 
20
8 21 24 26 36 37 45 48 50 57 63 68 
71 86 91 101 108 114 116 124 
17
3 8 17 25 40 44 55 56 68 71 76 77 
84 88 109 115 116 
20
7 13 21 22 33 47 48 51 53 54 57 74 
86 87 95 97 100 102 118 122 
13
4 9 30 43 47 53 58 63 64 71 88 102 
116 
13
8 14 18 44 50 59 62 70 72 81 93 98 
117 
5
4 47 93 98 108 
9
47 58 66 83 101 102 106 109 118 
20
1 3 7 17 18 28 31 34 37 47 51 52 
63 67 70 76 84 88 90 121 
12
4 28 32 45 53 55 62 70 71 79 87 109 
12
19 28 40 53 54 64 73 78 97 102 112 117 
10
3 5 25 26 34 44 56 85 86 92 
17
5 9 16 23 28 29 34 43 48 83 88 94 
97 98 113 116 119 
15
17 18 34 36 37 47 54 57 74 87 90 98 
108 109 122 
12
1 5 6 34 43 64 73 86 94 111 116 125 
18
4 23 30 33 43 45 52 56 61 75 79 80 
94 95 96 101 117 120 
7
2 27 41 46 72 79 99 
17
5 7 8 19 27 46 62 67 73 75 79 97 
103 107 111 115 125 
12
6 31 48 82 92 93 94 102 105 110 112 117 
18
8 9 16 18 24 30 32 33 50 52 55 77 
81 86 95 103 114 121 
15
3 20 31 39 48 54 55 67 72 83 87 90 
91 93 118 
9
2 9 16 29 43 47 50 84 110 
11
7 21 33 35 37 40 42 49 86 102 110 
7
4 12 38 58 81 88 117 
6
11 40 51 56 93 98 
15
8 16 29 55 58 59 65 67 81 95 99 102 
104 108 124 
18
1 13 15 17 32 33 39 40 44 54 55 59 
65 78 105 115 119 123 
6
2 3 29 83 100 111 
10
6 8 12 14 68 91 94 121 122 124 
10
10 15 25 33 44 61 75 84 96 124 
9
4 7 8 69 78 83 99 114 119 
14
4 5 22 27 28 31 40 51 58 66 67 87 
91 109 
21
1 6 10 13 21 28 48 53 56 60 89 92 
96 98 107 112 113 114 117 123 125 
8
3 5 43 47 54 89 90 91 
11
30 32 40 53 54 83 84 94 100 108 117 
7
23 38 57 60 70 102 105 
11
26 32 41 76 83 85 88 101 112 121 123 
12
1 5 31 32 44 46 51 66 67 73 74 117 
8
2 12 42 54 57 64 66 91 
10
13 24 25 26 64 73 86 98 100 105 
11
7 13 20 38 64 68 69 83 96 110 124 
14
8 25 45 46 49 60 75 80 83 84 88 94 
97 98 
13
4 10 26 38 65 72 79 102 110 114 116 118 
121 
10
4 12 18 63 65 67 76 80 81 92 
9
10 16 19 28 59 74 82 108 114 
12
8 29 34 37 43 46 67 70 97 100 112 115 
9
31 39 59 76 90 95 113 116 121 
12
3 8 9 26 38 47 64 72 75 96 112 119 
16
2 10 16 24 36 42 44 55 56 75 80 83 
84 101 116 125 
11
5 14 17 27 40 46 72 74 90 104 117 
10
3 4 9 15 50 51 54 88 110 122 
15
4 9 14 21 33 62 70 95 97 100 108 122 
123 124 125 
9
9 16 44 68 82 91 96 116 123 
10
2 25 89 94 99 100 103 112 118 120 
