75 125
1 1 1 1 1 1 1 1 1 1 1 1 
1 1 1 1 1 1 1 1 1 1 1 1 
1 1 1 1 1 1 1 1 1 1 1 1 
1 1 1 1 1 1 1 1 1 1 1 1 
1 1 1 1 1 1 1 1 1 1 1 1 
1 1 1 1 1 1 1 1 1 1 1 1 
1 1 1 1 1 1 1 1 1 1 1 1 
1 1 1 1 1 1 1 1 1 1 1 1 
1 1 1 1 1 1 1 1 1 1 1 1 
1 1 1 1 1 1 1 1 1 1 1 1 
1 1 1 1 1 
10
1 31 36 39 41 56 61 65 83 90 
13
2 15 34 39 55 66 88 92 110 114 115 118 
119 
7
14 68 76 91 95 105 114 
9
1 12 25 30 56 66 68 95 108 
15
4 5 9 13 27 37 54 65 74 76 80 83 
100 113 124 
13
17 35 42 45 64 72 73 80 81 94 101 104 
112 
13
1 2 13 14 47 75 88 92 96 105 109 110 
114 
14
3 11 35 58 60 71 72 78 99 106 115 116 
118 123 
11
5 23 27 33 53 54 56 74 101 110 124 
13
25 29 31 32 54 58 69 75 85 91 93 105 
113 
9
24 25 43 50 56 80 93 102 123 
15
3 11 18 21 43 48 52 59 65 77 92 104 
108 113 117 
8
1 10 20 21 22 26 93 108 
12
2 3 22 35 56 59 61 62 66 86 107 116 
13
6 7 18 25 52 80 91 94 97 99 101 107 
124 
15
6 13 14 21 32 35 49 69 74 75 78 87 
93 103 124 
15
12 13 18 25 28 29 73 84 85 86 91 100 
103 111 120 
10
10 17 18 22 33 58 77 100 111 123 
12
3 13 19 30 38 47 49 52 80 82 93 103 
17
6 9 17 21 22 31 52 54 56 59 66 68 
85 107 121 122 124 
6
9 21 24 29 43 70 
10
9 18 26 27 34 41 47 79 88 89 
10
3 11 23 37 54 58 68 71 96 104 
12
12 23 33 41 44 51 58 88 109 110 114 120 
14
4 11 12 16 28 42 52 71 82 89 108 119 
121 122 
18
6 7 11 32 36 43 48 54 69 76 79 81 
93 94 96 102 122 124 
8
6 26 52 63 64 75 89 124 
11
1 13 30 35 41 42 56 66 69 77 117 
14
2 4 15 21 22 25 44 48 61 65 70 71 
72 95 
12
17 24 35 37 53 56 70 71 90 91 97 119 
14
12 18 40 42 54 56 57 59 74 75 87 95 
115 125 
8
10 36 51 53 66 69 110 120 
16
14 18 20 24 29 51 56 61 62 66 74 79 
88 89 112 116 
13
4 17 36 50 55 63 64 71 73 87 95 121 
124 
6
9 20 80 84 113 116 
10
1 6 7 16 23 42 56 74 77 119 
7
35 44 45 62 73 75 77 
12
10 24 46 59 65 66 90 91 101 107 113 120 
15
1 11 37 38 43 53 55 60 69 79 80 101 
106 119 123 
8
51 54 60 61 74 87 88 108 
18
10 12 23 24 26 30 33 50 70 71 84 85 
97 101 107 112 114 123 
13
2 3 7 11 32 37 38 82 84 96 115 116 
124 
14
17 19 30 34 38 44 52 81 85 87 94 103 
122 125 
11
5 8 20 22 25 29 79 103 117 122 125 
7
25 42 47 73 87 103 123 
14
1 7 17 19 21 26 28 29 53 64 67 90 
99 116 
15
1 14 15 19 21 38 43 49 58 68 72 73 
79 102 103 
11
6 43 44 59 63 68 87 109 113 114 118 
20
8 12 15 30 44 45 46 50 53 55 58 71 
82 86 97 115 118 121 124 125 
7
4 21 42 70 79 99 121 
15
6 13 25 26 59 65 66 74 78 79 82 90 
91 111 116 
9
11 21 25 41 55 76 100 104 120 
12
2 22 28 33 34 36 37 38 59 77 115 120 
21
3 9 10 18 29 30 37 43 53 72 73 74 
79 80 81 90 91 96 103 112 120 
13
8 12 14 19 27 36 44 50 82 83 101 112 
121 
10
6 11 23 25 55 56 75 76 81 91 
8
1 6 16 55 64 71 73 89 
13
15 21 28 42 46 54 60 67 83 86 104 105 
116 
16
3 5 13 14 22 29 33 47 55 81 88 96 
101 110 112 117 
17
10 21 28 29 34 35 47 61 78 80 82 89 
91 99 109 111 115 
12
1 9 26 28 33 39 44 49 60 61 122 124 
7
12 17 29 34 46 75 112 
11
10 13 22 48 55 89 95 96 98 103 108 
10
9 14 26 51 58 77 89 94 100 107 
11
24 40 51 59 62 65 69 93 99 103 113 
25
6 9 11 21 23 29 32 33 37 39 41 44 
47 54 55 56 69 73 79 87 93 98 104 109 
110 
8
4 11 29 41 53 62 83 85 
14
7 42 43 51 64 66 67 70 87 89 96 100 
111 113 
7
1 41 53 58 98 109 125 
10
3 30 33 46 51 53 80 102 106 108 
11
3 8 10 11 13 27 74 97 102 109 112 
14
7 24 29 36 42 52 56 63 73 80 87 89 
101 109 
11
25 27 45 66 69 74 79 94 99 106 118 
12
19 20 30 32 35 58 107 111 112 113 115 122 
8
6 9 43 48 77 80 92 116 
