75 125
1 1 1 1 1 1 1 1 1 1 1 1 
1 1 1 1 1 1 1 1 1 1 1 1 
1 1 1 1 1 1 1 1 1 1 1 1 
1 1 1 1 1 1 1 1 1 1 1 1 
1 1 1 1 1 1 1 1 1 1 1 1 
1 1 1 1 1 1 1 1 1 1 1 1 
1 1 1 1 1 1 1 1 1 1 1 1 
1 1 1 1 1 1 1 1 1 1 1 1 
1 1 1 1 1 1 1 1 1 1 1 1 
1 1 1 1 1 1 1 1 1 1 1 1 
1 1 1 1 1 
14
8 25 29 31 33 44 49 60 62 70 78 102 
114 123 
15
3 4 11 12 17 28 33 52 56 63 76 77 
79 84 101 
14
5 7 10 15 20 37 42 59 68 70 85 87 
95 97 
15
13 21 36 53 60 64 67 68 70 79 81 98 
101 107 125 
9
5 16 43 57 77 99 113 115 120 
15
8 43 50 52 62 85 92 93 97 99 100 106 
120 123 124 
13
37 40 41 55 64 68 71 81 91 101 102 107 
110 
18
9 12 17 26 30 31 42 51 54 55 64 68 
78 99 110 116 119 125 
10
53 63 69 91 100 101 103 105 110 112 
10
16 20 36 48 53 64 84 91 94 120 
15
2 24 27 33 34 38 40 41 51 58 80 88 
95 117 121 
17
6 7 12 15 20 26 29 37 46 55 59 61 
63 67 107 111 114 
12
7 8 10 16 32 35 53 54 64 84 97 114 
12
2 4 7 35 52 64 81 82 99 101 111 119 
15
1 4 18 29 30 35 37 54 59 62 76 80 
101 109 116 
15
29 33 35 38 44 47 50 51 62 72 77 96 
101 106 112 
17
4 14 17 55 56 65 67 70 71 80 88 90 
93 108 119 121 123 
16
12 16 23 28 39 41 50 53 62 65 66 82 
90 100 107 120 
14
6 14 17 29 46 59 67 78 81 86 88 102 
104 122 
15
4 6 14 25 38 53 61 65 70 86 96 103 
114 121 123 
11
17 35 52 63 69 80 81 83 84 96 104 
13
11 17 29 36 42 50 51 59 89 90 94 97 
100 
12
6 10 21 22 24 40 48 55 104 115 116 118 
14
19 20 22 24 40 42 51 56 63 101 107 116 
118 125 
11
11 15 28 70 73 76 81 95 111 120 124 
14
7 11 17 21 44 54 58 61 64 71 81 87 
94 108 
12
1 33 43 50 64 68 80 85 95 110 118 124 
15
3 5 10 12 15 22 30 43 51 65 67 86 
90 99 119 
11
2 8 9 17 54 67 84 86 108 109 117 
11
15 16 47 55 61 63 81 83 106 108 109 
11
30 36 39 48 53 55 56 65 69 90 97 
15
1 7 27 30 40 41 47 49 63 68 75 84 
88 90 121 
11
17 19 32 36 77 81 84 99 105 117 118 
14
44 47 61 71 77 80 90 99 105 114 120 121 
123 125 
7
2 42 53 63 83 121 124 
17
2 8 15 26 30 38 42 48 50 63 65 70 
84 87 95 106 110 
18
2 31 34 43 45 53 62 71 73 79 83 88 
92 94 109 115 123 124 
8
14 17 38 42 66 84 100 116 
15
6 34 35 40 56 58 70 74 83 85 87 98 
101 110 111 
18
10 12 13 38 43 48 53 55 58 61 62 87 
88 89 109 112 113 121 
15
1 9 17 19 53 67 68 70 79 85 92 95 
100 102 107 
7
1 11 44 45 65 89 119 
13
34 42 44 50 60 63 69 79 84 91 92 115 
121 
16
2 5 8 11 21 40 43 54 98 102 106 108 
109 112 114 116 
13
4 10 20 30 54 75 76 83 93 115 117 118 
125 
17
2 18 21 32 36 37 42 43 44 45 61 74 
77 78 79 112 123 
12
11 22 32 40 47 48 70 77 93 94 111 118 
19
4 14 37 42 45 48 49 56 58 60 61 69 
89 93 101 102 107 116 118 
10
7 11 21 31 40 71 73 78 79 91 
14
14 19 37 46 54 58 71 73 74 87 88 95 
102 123 
10
6 21 25 29 39 60 92 94 103 120 
16
11 13 21 39 42 43 50 55 66 78 94 96 
97 100 112 117 
8
31 44 46 48 68 76 82 112 
13
7 16 24 25 27 37 42 72 73 84 86 104 
110 
8
3 30 64 65 71 90 102 109 
5
35 39 56 66 112 
17
13 14 20 31 42 58 67 79 80 81 82 84 
94 114 119 120 124 
13
10 13 31 37 39 50 76 88 95 97 106 116 
124 
13
30 37 43 65 69 84 85 86 98 101 106 109 
112 
13
4 19 26 57 63 73 85 89 94 104 107 124 
125 
7
27 52 71 97 104 109 115 
12
4 16 35 74 77 81 93 103 104 110 113 117 
8
1 4 5 7 10 23 30 117 
11
33 35 53 66 68 71 73 97 110 120 125 
20
17 23 25 29 31 38 40 46 47 52 62 63 
73 80 87 98 100 102 119 121 
15
11 15 18 23 24 53 64 69 74 76 83 88 
92 120 124 
19
10 21 31 45 54 61 69 72 73 75 90 91 
93 95 96 106 110 111 121 
18
3 6 19 20 26 28 34 38 39 43 46 59 
65 78 80 83 115 117 
16
22 27 39 40 41 45 50 56 57 69 73 81 
87 88 89 110 
15
22 27 36 37 58 60 65 83 88 97 105 106 
109 110 116 
13
6 14 21 23 24 25 27 42 45 50 83 86 
112 
10
4 17 27 52 57 85 94 103 111 114 
4
59 87 94 112 
16
22 30 52 64 74 75 78 91 96 97 99 109 
110 118 119 120 
13
5 25 26 31 52 54 60 69 82 102 106 113 
118 
