75 125
1 1 1 1 1 1 1 1 1 1 1 1 
1 1 1 1 1 1 1 1 1 1 1 1 
1 1 1 1 1 1 1 1 1 1 1 1 
1 1 1 1 1 1 1 1 1 1 1 1 
1 1 1 1 1 1 1 1 1 1 1 1 
1 1 1 1 1 1 1 1 1 1 1 1 
1 1 1 1 1 1 1 1 1 1 1 1 
1 1 1 1 1 1 1 1 1 1 1 1 
1 1 1 1 1 1 1 1 1 1 1 1 
1 1 1 1 1 1 1 1 1 1 1 1 
1 1 1 1 1 
10
39 45 53 80 89 94 97 102 114 119 
14
3 8 22 28 48 66 68 75 78 85 93 101 
104 124 
8
18 29 52 54 75 83 88 93 
7
1 29 41 59 79 86 93 
10
10 26 30 34 44 59 62 89 91 97 
10
6 15 24 74 77 82 89 97 98 119 
16
5 24 37 38 45 52 63 76 80 84 93 99 
106 108 109 118 
5
1 18 38 43 115 
6
20 29 56 75 99 120 
14
1 4 40 52 59 61 73 85 92 100 105 110 
121 122 
15
10 13 18 23 24 28 30 31 32 39 57 64 
65 67 102 
14
11 13 17 21 28 50 57 58 68 69 99 105 
120 125 
12
10 46 53 54 57 65 71 72 85 91 105 120 
12
17 19 40 46 49 59 67 69 96 99 101 117 
11
4 12 35 36 39 50 61 95 99 103 120 
12
3 37 42 51 53 55 63 74 77 95 97 124 
4
5 13 76 111 
12
19 26 27 38 45 49 65 74 79 97 115 121 
14
9 12 20 42 44 49 55 64 67 73 96 107 
108 112 
10
4 38 49 55 56 57 74 98 121 124 
10
10 16 24 31 41 52 66 69 106 125 
13
15 22 32 44 49 77 80 87 94 100 110 120 
121 
9
17 32 43 47 52 57 78 117 125 
12
11 21 29 54 58 59 61 80 93 95 108 121 
8
3 14 44 47 54 79 111 117 
15
5 13 18 21 25 32 36 37 46 58 75 85 
95 119 120 
10
5 9 11 16 49 61 88 90 96 98 
13
6 17 28 46 49 50 60 75 98 101 114 121 
122 
13
2 3 5 28 39 51 78 81 84 87 97 101 
113 
13
4 6 7 8 31 35 47 54 65 81 98 115 
124 
8
15 20 49 55 63 64 79 123 
13
13 19 21 42 43 48 61 74 80 82 89 99 
122 
11
8 18 51 55 56 67 74 103 106 110 114 
6
11 20 27 81 87 101 
14
10 27 33 44 55 57 75 86 90 91 97 99 
119 125 
8
13 44 50 56 57 103 117 122 
9
2 17 19 31 34 49 68 77 92 
15
2 3 4 5 6 14 35 36 48 52 64 91 
114 118 122 
5
27 45 88 92 110 
12
12 17 24 39 44 52 53 60 61 68 100 108 
11
10 23 30 34 64 74 92 94 96 120 121 
13
24 37 54 56 70 74 83 85 106 108 109 118 
125 
12
13 21 29 31 46 63 65 85 92 95 116 117 
5
3 37 46 57 110 
8
2 26 34 43 59 65 72 123 
21
1 13 16 21 23 24 28 34 39 47 48 59 
66 67 69 85 96 99 117 119 123 
15
9 19 28 32 36 44 49 55 63 69 74 100 
111 121 125 
11
42 50 53 58 70 78 81 82 85 100 112 
11
8 19 26 70 86 94 97 98 103 107 125 
12
7 26 37 43 46 49 58 66 69 104 108 119 
11
11 16 22 33 40 47 66 76 105 106 120 
18
2 25 28 37 38 39 42 46 50 75 83 87 
89 92 117 120 123 124 
14
6 9 29 38 40 69 73 76 81 84 92 102 
103 108 
12
17 23 27 61 73 79 90 91 110 112 118 125 
18
8 22 31 34 44 52 53 63 67 71 79 90 
93 98 102 105 120 124 
16
6 18 22 23 25 39 40 49 50 85 96 105 
109 111 113 117 
11
21 26 27 33 60 63 88 96 105 107 110 
6
17 45 71 76 91 99 
13
1 19 23 35 38 48 66 73 74 112 114 116 
122 
13
10 14 31 33 43 44 63 70 77 99 104 107 
121 
12
3 14 33 34 37 40 49 50 56 59 72 112 
9
8 14 23 30 52 83 98 103 115 
11
16 24 38 42 45 71 85 89 113 116 117 
18
2 27 28 31 35 45 51 59 64 74 75 91 
98 112 116 118 120 124 
12
15 34 36 40 45 74 89 91 96 100 104 107 
19
5 24 28 29 33 39 41 54 61 65 79 83 
90 105 107 114 115 119 120 
15
6 7 12 16 20 30 46 47 76 78 82 95 
103 109 112 
15
12 16 34 38 39 44 69 76 81 90 92 94 
95 101 107 
13
10 13 14 24 36 42 48 72 81 102 109 122 
125 
10
20 24 46 66 67 76 83 85 96 124 
15
1 9 24 32 37 61 63 71 73 79 84 86 
98 112 122 
16
5 7 15 25 27 39 41 43 52 68 72 101 
103 106 116 119 
10
6 9 18 45 55 61 76 83 101 115 
14
6 11 18 19 27 33 38 49 60 82 90 91 
115 125 
13
8 21 23 37 40 61 65 69 104 105 109 122 
125 
