75 125
1 1 1 1 1 1 1 1 1 1 1 1 
1 1 1 1 1 1 1 1 1 1 1 1 
1 1 1 1 1 1 1 1 1 1 1 1 
1 1 1 1 1 1 1 1 1 1 1 1 
1 1 1 1 1 1 1 1 1 1 1 1 
1 1 1 1 1 1 1 1 1 1 1 1 
1 1 1 1 1 1 1 1 1 1 1 1 
1 1 1 1 1 1 1 1 1 1 1 1 
1 1 1 1 1 1 1 1 1 1 1 1 
1 1 1 1 1 1 1 1 1 1 1 1 
1 1 1 1 1 
10
1 2 29 39 67 77 90 91 100 102 
8
7 17 33 49 50 56 64 104 
13
9 48 70 71 73 76 89 95 110 114 121 123 
124 
13
6 12 17 20 22 27 36 63 67 70 90 91 
121 
13
12 24 36 47 52 53 57 71 79 82 84 104 
117 
14
18 23 24 25 48 54 69 74 79 82 90 103 
106 124 
8
22 29 50 81 97 99 110 122 
11
5 9 23 37 45 50 65 75 88 112 125 
12
10 34 55 67 76 78 84 90 97 99 106 118 
14
12 24 32 33 59 65 82 89 92 99 103 108 
120 124 
12
13 14 43 46 52 71 79 97 102 108 111 115 
10
3 34 49 57 62 63 69 96 108 116 
9
3 14 20 34 36 57 96 123 124 
12
6 18 23 29 33 45 55 67 89 100 101 111 
7
12 33 76 78 91 101 108 
7
3 29 52 84 105 110 121 
16
28 31 35 49 64 79 80 91 93 94 101 105 
113 118 121 122 
16
7 16 25 27 31 36 39 40 49 58 63 70 
90 106 107 124 
15
13 25 30 33 37 41 50 58 76 87 88 96 
102 105 114 
7
6 33 63 78 83 105 109 
17
8 10 24 26 27 42 43 44 45 57 59 74 
80 112 114 115 123 
18
10 11 17 25 29 33 38 41 53 79 81 84 
85 88 96 103 116 119 
9
2 36 45 52 64 74 94 104 117 
15
2 35 38 41 51 68 76 78 88 99 111 112 
115 120 122 
10
29 36 46 50 61 67 89 94 101 123 
8
13 34 60 64 78 82 103 109 
12
4 19 22 23 31 65 79 84 88 91 107 120 
13
3 4 10 23 28 29 32 41 52 55 59 69 
77 
10
6 24 41 42 46 53 59 80 87 103 
12
2 7 25 28 32 44 66 76 90 91 112 113 
8
11 18 47 61 64 88 91 92 
17
3 5 15 20 32 36 38 39 57 63 66 67 
78 86 90 91 108 
13
5 34 43 68 78 82 89 97 104 109 116 123 
125 
19
6 13 26 33 37 48 52 58 79 85 89 96 
97 100 101 105 112 115 118 
9
5 9 26 43 53 54 59 66 68 
9
10 46 68 74 88 91 108 114 121 
15
5 13 15 44 48 51 61 69 93 97 100 101 
116 117 122 
10
7 27 47 48 59 61 63 69 78 121 
13
9 14 19 26 37 39 41 47 50 58 89 112 
113 
15
1 12 13 15 25 38 51 70 72 74 98 99 
105 117 121 
15
2 15 21 33 40 42 50 89 97 103 107 111 
116 118 122 
12
1 7 20 36 37 54 61 71 93 96 107 109 
12
7 10 36 54 59 64 66 81 84 102 122 125 
12
8 14 28 42 46 59 72 73 96 102 112 113 
9
2 6 37 44 52 56 64 67 122 
15
10 24 30 47 48 57 63 72 81 112 113 114 
115 116 118 
9
3 6 7 34 64 73 103 116 117 
17
7 8 13 21 24 25 31 46 52 54 56 66 
92 97 107 114 119 
9
2 26 43 45 46 91 100 101 110 
4
25 32 104 121 
9
33 36 38 44 58 66 95 97 99 
11
8 24 28 40 47 78 80 90 100 101 108 
12
2 10 24 40 69 78 81 101 109 110 114 117 
12
3 10 19 27 32 55 69 89 90 100 105 114 
15
4 18 35 39 51 69 71 83 90 93 99 105 
116 117 123 
12
13 31 38 39 55 63 69 74 77 79 104 124 
17
6 17 26 27 30 42 53 54 67 76 88 93 
97 103 110 111 112 
19
2 4 29 36 53 60 63 71 73 77 79 82 
86 89 105 110 112 113 125 
12
14 17 32 39 59 79 80 86 108 109 112 116 
10
26 33 42 56 63 74 77 113 118 124 
12
7 13 31 32 36 40 52 54 66 76 94 97 
9
3 14 44 56 59 64 89 101 124 
11
33 39 51 60 63 76 79 88 116 117 123 
12
20 21 40 49 60 67 91 100 103 111 113 117 
15
1 2 6 18 20 23 31 36 38 53 76 83 
89 103 124 
13
16 34 41 42 49 52 54 92 93 97 100 107 
114 
19
5 8 15 26 29 43 47 50 52 57 73 80 
81 99 111 119 120 121 122 
12
6 7 28 31 33 74 83 95 109 111 113 117 
12
6 12 16 17 18 20 23 25 44 71 84 89 
15
4 13 16 19 30 39 44 59 60 77 95 109 
110 117 118 
9
12 45 46 47 75 77 104 111 121 
13
3 4 5 13 20 28 46 64 83 95 114 117 
121 
10
11 48 61 75 83 90 104 116 118 124 
15
3 10 14 18 21 23 40 42 51 55 56 60 
97 108 110 
12
6 7 18 40 42 62 73 81 92 97 103 121 
