50 200
1 1 1 1 1 1 1 1 1 1 1 1 
1 1 1 1 1 1 1 1 1 1 1 1 
1 1 1 1 1 1 1 1 1 1 1 1 
1 1 1 1 1 1 1 1 1 1 1 1 
1 1 1 1 1 1 1 1 1 1 1 1 
1 1 1 1 1 1 1 1 1 1 1 1 
1 1 1 1 1 1 1 1 1 1 1 1 
1 1 1 1 1 1 1 1 1 1 1 1 
1 1 1 1 1 1 1 1 1 1 1 1 
1 1 1 1 1 1 1 1 1 1 1 1 
1 1 1 1 1 1 1 1 1 1 1 1 
1 1 1 1 1 1 1 1 1 1 1 1 
1 1 1 1 1 1 1 1 1 1 1 1 
1 1 1 1 1 1 1 1 1 1 1 1 
1 1 1 1 1 1 1 1 1 1 1 1 
1 1 1 1 1 1 1 1 1 1 1 1 
1 1 1 1 1 1 1 1 
20
6 15 18 22 41 46 49 63 65 67 80 92 
111 120 126 128 135 169 182 185 
19
12 16 20 21 52 58 61 71 97 105 127 132 
139 152 159 174 181 183 198 
21
7 13 47 60 69 71 88 91 118 131 132 146 
151 153 156 158 177 181 194 195 197 
17
5 14 17 28 35 64 86 97 115 126 141 142 
156 159 170 177 195 
14
8 16 68 70 79 80 89 90 147 152 153 166 
173 186 
21
1 7 24 32 38 55 64 65 68 77 81 86 
96 102 121 133 143 151 160 179 184 
21
1 7 13 15 21 39 50 71 72 77 105 109 
116 122 124 128 129 142 148 166 172 
21
7 13 14 20 40 59 61 69 72 74 80 112 
113 132 135 140 149 182 188 195 196 
20
26 29 40 49 50 67 85 100 102 104 115 127 
135 138 145 159 182 187 196 200 
21
15 23 46 59 62 74 92 100 111 112 123 125 
131 137 139 161 163 191 194 196 197 
19
5 7 29 30 42 47 62 63 72 74 84 93 
115 123 126 130 134 175 185 
9
13 27 84 97 111 159 186 190 197 
14
23 35 36 47 53 68 87 95 115 123 124 157 
172 200 
18
3 15 21 33 50 58 63 65 70 72 86 103 
104 116 121 132 154 157 
14
6 13 29 63 76 82 87 96 114 117 136 141 
181 190 
23
2 9 11 16 18 42 43 66 77 81 84 89 
107 110 111 129 148 156 175 179 186 188 198 
20
3 9 23 30 61 73 75 99 115 119 131 132 
138 139 150 158 162 189 191 199 
18
13 23 53 57 65 75 77 91 98 101 103 133 
134 169 180 186 192 200 
21
2 24 43 50 69 75 100 107 109 113 117 119 
130 144 146 162 172 189 190 191 195 
24
3 7 26 33 46 62 68 69 74 83 102 115 
121 122 128 132 146 149 152 160 162 174 181 187 
27
20 28 31 50 52 67 70 72 93 95 96 97 
103 104 106 123 129 131 133 135 146 151 171 172 
187 189 197 
15
1 12 27 43 53 56 68 84 108 139 155 166 
178 189 200 
21
9 12 29 35 39 47 57 62 73 79 97 100 
102 104 106 115 152 153 158 161 182 
22
13 24 32 43 68 71 75 77 81 92 94 122 
125 129 130 131 143 168 170 174 177 195 
19
10 19 22 29 30 36 38 51 54 75 83 85 
95 104 112 128 143 162 170 
26
1 2 8 15 17 35 50 54 73 75 76 91 
92 100 106 114 125 134 135 136 148 152 159 171 
189 192 
18
3 7 28 31 38 54 58 88 90 111 135 149 
160 163 169 176 181 191 
23
2 3 19 22 25 28 29 34 51 60 65 73 
74 80 84 113 135 137 142 145 149 168 198 
19
15 23 51 73 79 82 83 84 90 102 133 142 
145 160 169 177 178 184 195 
12
38 39 58 79 121 142 155 161 183 187 191 193 
20
11 17 23 33 40 42 54 66 81 93 105 108 
110 112 121 125 133 169 174 193 
9
20 36 62 64 97 119 151 182 188 
21
6 15 33 40 43 47 56 70 74 82 105 110 
112 114 140 142 149 162 178 186 196 
19
5 10 19 29 33 42 43 45 76 90 96 99 
113 122 137 152 170 188 192 
21
4 23 44 59 65 66 78 82 88 92 105 119 
121 122 127 141 144 150 152 161 176 
26
2 13 14 35 52 53 59 64 65 77 88 92 
108 113 114 120 122 132 133 146 148 153 163 167 
180 198 
20
5 19 52 70 77 79 80 83 111 121 134 137 
145 147 171 180 183 186 188 195 
27
1 2 9 16 17 29 33 44 48 66 85 94 
95 104 111 124 138 153 166 177 178 179 191 192 
196 197 199 
19
11 25 26 29 38 39 60 62 75 78 79 80 
81 98 110 136 161 162 166 
21
13 14 17 28 49 60 74 89 90 91 98 115 
118 124 126 137 149 165 168 170 188 
18
7 13 27 33 35 38 44 49 81 88 104 119 
121 124 135 153 154 172 
22
3 13 19 27 35 42 45 46 54 59 69 71 
73 88 98 134 140 167 185 193 194 199 
19
2 12 16 17 28 54 58 97 99 116 120 127 
134 143 145 155 160 176 191 
27
5 13 35 39 41 52 60 67 87 88 103 104 
119 130 132 138 147 152 159 174 175 176 177 180 
186 188 197 
15
5 13 17 69 95 97 106 112 123 139 169 171 
172 173 197 
19
18 31 40 72 85 92 96 108 125 126 129 147 
150 152 162 168 184 186 194 
18
10 21 22 39 48 72 86 112 113 135 146 158 
159 162 170 171 189 198 
17
5 22 24 29 45 75 92 125 130 152 160 166 
171 173 181 187 200 
24
11 40 45 46 47 50 51 55 58 63 77 85 
93 101 102 105 113 121 124 133 134 138 148 153 
20
4 22 27 32 33 35 36 50 64 77 91 93 
112 125 134 165 179 183 195 200 
