50 200
1 1 1 1 1 1 1 1 1 1 1 1 
1 1 1 1 1 1 1 1 1 1 1 1 
1 1 1 1 1 1 1 1 1 1 1 1 
1 1 1 1 1 1 1 1 1 1 1 1 
1 1 1 1 1 1 1 1 1 1 1 1 
1 1 1 1 1 1 1 1 1 1 1 1 
1 1 1 1 1 1 1 1 1 1 1 1 
1 1 1 1 1 1 1 1 1 1 1 1 
1 1 1 1 1 1 1 1 1 1 1 1 
1 1 1 1 1 1 1 1 1 1 1 1 
1 1 1 1 1 1 1 1 1 1 1 1 
1 1 1 1 1 1 1 1 1 1 1 1 
1 1 1 1 1 1 1 1 1 1 1 1 
1 1 1 1 1 1 1 1 1 1 1 1 
1 1 1 1 1 1 1 1 1 1 1 1 
1 1 1 1 1 1 1 1 1 1 1 1 
1 1 1 1 1 1 1 1 
27
17 20 21 23 28 31 34 43 48 65 68 78 
97 100 106 111 116 117 121 130 145 149 157 165 
183 189 200 
16
3 13 18 42 53 68 84 88 103 105 107 111 
129 149 174 197 
25
3 21 27 29 45 49 50 65 71 86 103 107 
108 113 114 119 124 131 141 146 150 156 162 167 
195 
21
6 10 11 12 13 17 45 48 90 92 94 96 
102 126 134 140 148 157 159 170 195 
24
4 11 14 37 48 57 66 73 76 82 92 93 
101 113 114 122 124 125 137 138 150 166 167 188 
18
20 23 60 70 76 108 117 124 139 143 169 175 
182 183 185 187 198 199 
15
41 46 54 55 61 75 85 110 116 135 155 179 
182 183 184 
12
18 54 102 111 135 151 171 175 182 197 198 199 
19
2 3 6 7 24 36 38 40 55 60 63 66 
68 83 150 155 157 172 178 
26
28 35 43 46 48 49 51 58 71 81 90 91 
96 108 125 127 133 134 167 174 177 178 180 182 
185 196 
15
4 19 24 25 33 41 112 122 128 147 154 159 
166 185 193 
23
20 32 38 52 65 73 74 75 81 82 84 87 
108 124 126 139 145 149 168 169 176 198 200 
21
3 10 50 58 66 72 83 91 95 102 104 122 
125 131 144 154 155 166 173 179 187 
20
13 15 26 38 53 57 76 80 95 101 110 122 
130 144 157 169 175 184 192 193 
18
2 8 9 17 31 70 78 83 87 97 131 134 
148 164 171 174 184 189 
21
25 78 79 80 82 87 88 91 93 109 111 115 
134 142 145 156 160 166 172 179 187 
15
1 6 25 57 67 95 105 111 135 156 162 174 
180 184 195 
21
5 24 40 44 49 55 57 64 78 84 85 86 
91 94 95 99 101 105 120 131 150 
18
4 5 7 40 45 49 67 77 85 93 98 111 
113 145 149 179 187 191 
20
10 19 40 71 75 84 108 116 118 129 132 135 
137 139 148 172 179 184 189 198 
21
3 11 30 51 66 68 71 77 79 88 92 108 
122 129 148 157 166 168 171 185 191 
24
6 14 15 28 35 41 44 56 63 68 76 90 
107 115 127 152 176 185 189 191 192 195 196 200 
15
13 15 16 25 26 63 69 83 109 126 128 136 
148 152 166 
19
21 26 37 50 52 54 74 75 81 97 101 124 
125 137 156 159 168 170 184 
21
13 24 27 34 36 37 50 57 61 63 64 84 
98 104 115 127 137 142 160 162 169 
13
37 45 83 87 94 95 99 110 129 132 148 166 
190 
29
21 40 52 59 61 62 67 70 88 95 105 108 
120 126 129 140 148 149 150 158 161 164 167 173 
174 185 186 187 188 
19
15 17 22 35 37 54 55 66 69 89 99 113 
117 119 135 151 180 187 199 
12
10 47 49 63 68 97 104 105 111 138 142 159 
24
7 12 27 28 31 47 50 63 81 99 105 108 
124 130 139 153 157 161 171 172 182 186 194 195 
23
28 45 48 49 56 59 64 67 70 73 100 108 
116 118 122 133 148 177 180 181 186 198 199 
13
13 15 39 85 86 99 136 154 169 181 182 187 
190 
23
7 40 42 45 57 72 73 86 114 115 118 125 
128 135 136 141 158 164 166 184 185 189 194 
22
8 15 16 46 67 75 76 77 90 93 99 115 
126 127 136 144 162 165 181 189 191 195 
22
3 25 28 51 55 65 66 75 76 82 87 95 
97 102 104 111 136 141 159 165 178 193 
21
8 46 49 50 54 60 67 82 86 95 98 103 
139 144 158 164 167 170 174 186 188 
21
3 7 13 17 44 47 62 63 72 74 89 90 
93 96 105 106 107 111 115 142 153 
29
10 20 22 34 40 56 62 69 72 84 99 100 
101 106 113 118 126 127 130 137 144 151 154 156 
157 172 181 183 194 
25
5 7 9 17 20 22 33 41 67 70 83 91 
117 133 134 139 141 149 157 161 168 176 180 182 
190 
18
3 6 12 35 39 41 43 49 85 89 102 103 
117 125 131 153 158 197 
15
44 45 76 90 96 107 115 118 125 134 173 177 
183 192 197 
23
24 27 39 40 50 53 69 75 79 92 104 106 
118 123 124 130 137 150 162 164 182 183 186 
19
8 11 16 28 36 39 63 87 96 97 111 119 
132 152 156 173 182 186 197 
12
15 25 35 42 49 89 92 98 136 156 164 171 
18
2 13 20 21 28 39 69 71 82 84 108 128 
147 150 160 177 186 190 
19
4 12 27 46 53 69 73 89 95 130 135 137 
149 154 158 162 165 168 182 
22
4 17 18 58 62 65 67 72 79 80 87 94 
131 145 157 158 163 171 186 191 195 199 
28
4 8 9 24 30 38 47 54 56 58 64 70 
96 97 104 120 127 128 139 144 149 157 173 175 
180 185 192 194 
21
2 7 19 50 54 58 60 69 73 93 95 103 
125 134 164 167 176 193 194 196 197 
17
10 20 21 25 33 40 46 56 65 74 78 84 
109 117 137 151 152 
