125 75
1 1 1 1 1 1 1 1 1 1 1 1 
1 1 1 1 1 1 1 1 1 1 1 1 
1 1 1 1 1 1 1 1 1 1 1 1 
1 1 1 1 1 1 1 1 1 1 1 1 
1 1 1 1 1 1 1 1 1 1 1 1 
1 1 1 1 1 1 1 1 1 1 1 1 
1 1 1 
39
2 7 10 12 13 15 17 18 19 20 21 22 
25 27 28 29 30 33 35 42 43 44 45 47 
48 49 50 52 53 57 58 60 62 63 64 70 
71 74 75 
37
4 6 7 8 10 12 13 14 15 17 19 20 
22 23 24 25 26 28 29 34 36 37 38 40 
41 47 49 51 57 59 62 65 66 67 68 73 
75 
32
7 13 14 18 19 23 24 25 26 28 29 30 
33 45 48 51 54 55 58 60 61 62 63 65 
66 67 69 71 72 73 74 75 
37
1 5 8 9 11 13 15 18 20 23 26 27 
29 31 32 34 35 37 39 41 42 45 48 49 
50 51 52 53 54 55 57 59 61 63 68 70 
74 
31
1 4 5 6 21 23 24 26 27 28 29 34 
35 37 38 39 40 41 42 47 48 51 52 53 
59 64 67 70 71 72 73 
36
1 3 4 5 8 10 11 12 16 17 19 20 
22 25 27 29 31 35 38 39 44 46 50 51 
54 55 58 61 62 64 68 69 70 71 72 74 
34
1 2 4 5 12 14 17 20 22 24 25 26 
28 31 37 40 41 42 43 45 48 51 53 54 
57 58 60 61 63 65 67 68 69 70 
32
1 2 3 5 6 7 10 13 16 17 18 22 
31 32 33 34 37 39 41 44 45 48 51 53 
57 58 61 68 70 72 73 74 
39
1 4 5 7 8 12 15 16 20 22 23 24 
25 29 30 31 33 35 36 37 42 43 45 46 
47 48 49 51 52 53 55 57 58 60 62 63 
64 65 66 
37
1 5 9 11 16 18 19 22 23 25 26 27 
28 29 30 33 35 36 39 40 41 44 45 46 
47 49 51 52 57 58 59 64 66 67 68 73 
75 
36
2 5 8 9 10 14 15 16 17 19 20 21 
22 24 25 29 31 33 39 40 45 46 48 49 
50 51 55 56 57 58 59 62 64 66 68 72 
36
1 2 5 6 7 10 11 14 19 21 25 28 
31 32 33 36 42 44 46 48 49 55 56 57 
58 59 60 61 62 63 65 69 70 72 73 75 
32
1 6 7 8 9 12 13 14 15 16 18 26 
27 28 29 31 33 36 37 38 40 42 44 46 
48 53 57 62 64 68 69 72 
40
2 3 4 9 12 13 14 16 17 18 24 26 
28 29 30 32 33 35 37 41 43 44 46 47 
49 51 53 54 55 56 57 61 63 64 65 66 
67 68 70 74 
41
2 3 6 8 12 14 16 18 21 22 24 25 
26 27 30 32 34 35 36 39 40 42 43 46 
49 50 51 52 53 55 57 58 62 63 65 66 
69 71 72 73 75 
32
3 4 6 7 9 10 12 13 14 16 17 20 
24 25 26 29 36 38 39 43 48 49 53 54 
57 59 60 64 67 70 71 75 
31
3 6 10 11 14 16 17 18 24 26 27 29 
30 34 35 37 41 46 47 48 49 52 55 58 
60 64 65 70 71 73 75 
38
1 8 9 10 13 16 17 18 19 21 23 25 
26 28 30 31 32 35 36 38 39 42 43 44 
46 47 51 52 55 56 57 60 62 64 65 72 
74 75 
39
2 3 4 7 10 15 16 18 20 21 23 27 
28 30 33 34 35 37 39 43 48 49 51 54 
55 56 57 58 59 60 61 63 65 66 68 69 
70 74 75 
44
1 2 5 7 16 21 22 23 24 25 31 32 
34 35 36 40 41 42 43 44 45 46 48 49 
50 51 52 53 55 56 58 59 60 61 63 64 
66 67 68 69 71 73 74 75 
38
1 2 7 8 12 13 14 16 20 22 28 29 
31 32 33 34 37 38 42 46 47 48 49 50 
51 53 56 57 60 61 62 63 64 65 66 70 
73 74 
36
2 3 4 8 10 11 13 16 18 19 20 22 
23 25 26 27 30 33 35 39 46 48 51 52 
54 56 57 59 62 63 66 68 69 71 73 74 
25
2 3 4 5 9 10 11 12 14 19 20 24 
26 29 37 39 45 46 47 51 54 55 64 65 
67 
40
3 5 6 7 8 9 10 11 13 15 19 22 
23 24 25 27 29 30 31 34 39 42 43 44 
47 49 50 52 53 55 60 61 64 65 68 69 
70 71 73 74 
32
2 4 6 7 10 11 12 16 21 22 24 27 
28 29 35 36 39 40 42 44 46 47 51 53 
55 56 59 60 64 67 71 75 
38
5 6 7 9 10 13 14 16 17 19 22 23 
28 29 32 33 34 40 44 48 49 50 51 53 
55 56 57 59 62 63 64 66 67 70 71 72 
74 75 
42
1 3 4 5 8 9 10 13 14 16 17 19 
20 21 22 24 26 27 29 30 31 32 33 34 
36 38 40 41 43 46 47 48 51 56 57 61 
62 65 66 68 71 73 
38
1 3 5 6 7 8 9 10 13 16 21 22 
26 27 28 29 32 35 36 38 40 43 44 49 
50 52 56 58 59 61 62 64 65 66 67 68 
70 73 
41
1 3 4 5 6 7 8 9 10 12 14 15 
17 18 19 20 21 24 27 29 30 31 32 36 
40 43 46 47 49 50 56 58 59 62 64 66 
67 69 72 74 75 
30
1 7 8 9 13 18 21 22 26 27 29 31 
33 34 36 39 40 46 50 55 56 57 58 60 
63 64 69 71 74 75 
33
2 4 6 7 11 12 14 16 19 24 26 27 
29 33 39 40 42 43 44 45 46 50 51 52 
54 58 60 63 64 68 69 72 73 
41
1 4 5 7 10 12 13 14 15 16 18 19 
27 31 32 33 34 35 36 37 39 42 43 45 
47 51 53 56 57 59 60 61 62 63 66 67 
70 72 73 74 75 
34
3 4 5 7 8 13 16 21 24 25 29 32 
33 34 35 37 40 45 46 47 52 53 55 57 
58 60 61 62 63 64 67 68 69 74 
37
4 5 7 9 10 11 12 14 15 16 19 21 
23 32 33 36 37 38 40 42 43 44 45 47 
48 49 51 52 54 57 59 60 61 62 63 73 
75 
36
1 2 4 6 8 15 16 18 19 20 21 23 
27 30 31 32 38 39 40 41 42 44 45 46 
52 54 55 56 57 59 63 65 68 69 73 74 
40
4 7 9 10 11 14 15 18 22 23 24 26 
28 29 30 31 32 34 35 36 38 40 41 45 
47 48 50 51 53 54 55 57 59 61 63 66 
69 72 73 74 
37
2 4 5 6 7 9 12 13 16 18 20 23 
24 25 30 32 34 37 39 40 43 44 45 46 
48 49 51 53 54 56 59 61 65 66 69 71 
74 
41
3 4 5 6 8 9 14 15 16 17 18 20 
23 24 25 27 28 29 30 34 36 37 38 39 
41 46 47 48 50 51 52 53 55 56 57 63 
66 70 71 73 75 
35
2 4 7 8 9 10 11 12 14 17 18 19 
23 24 27 29 30 32 35 36 38 42 45 46 
49 51 55 57 62 63 65 67 70 71 73 
28
4 7 9 10 13 14 15 20 22 24 26 28 
37 41 45 46 48 50 52 53 54 57 60 65 
66 69 71 73 
36
1 2 8 9 10 11 12 13 17 18 19 23 
24 26 28 29 30 31 32 34 37 38 40 44 
47 48 50 52 56 57 60 61 62 64 67 69 
39
2 5 8 9 10 11 13 14 15 17 19 24 
25 26 27 28 30 32 33 36 37 38 40 41 
43 44 45 47 50 55 60 63 64 69 70 71 
72 73 74 
32
3 4 10 16 18 21 23 25 27 28 31 32 
33 37 38 39 41 44 45 49 50 53 55 56 
57 60 64 65 66 67 69 73 
33
2 3 5 6 10 12 13 14 16 22 25 26 
27 33 34 37 39 41 42 43 44 46 48 50 
54 55 59 60 64 66 67 72 75 
36
1 2 4 6 7 12 14 16 19 21 23 26 
27 31 33 35 37 40 41 42 43 45 47 48 
49 51 57 58 61 62 63 64 65 66 71 75 
33
1 3 4 8 9 10 11 18 19 20 21 23 
24 30 31 38 41 44 46 48 52 53 56 58 
59 60 61 64 67 69 70 72 74 
36
1 2 7 8 11 12 16 17 20 22 23 24 
25 28 32 34 36 37 41 42 43 46 47 51 
57 58 59 61 62 63 65 66 67 68 70 74 
35
1 2 7 9 10 14 15 17 20 21 23 24 
27 29 30 32 33 35 36 38 39 41 42 46 
47 50 51 53 54 61 62 63 66 67 69 
45
1 6 8 9 12 14 15 16 17 21 22 23 
25 26 27 28 29 31 32 34 36 39 40 41 
42 43 46 50 52 53 54 55 56 60 61 62 
64 65 67 68 69 70 71 73 74 
35
1 4 5 9 10 11 12 20 21 22 25 26 
29 33 36 37 43 45 47 49 51 54 55 56 
59 61 64 65 67 68 69 70 72 74 75 
39
3 4 5 13 14 15 20 21 23 24 26 27 
30 31 32 33 34 38 42 43 45 47 50 51 
54 55 57 59 60 63 64 66 67 68 69 70 
72 73 74 
35
1 3 4 5 8 10 11 13 15 17 18 23 
25 29 30 31 32 35 37 41 43 44 45 46 
47 49 54 56 62 63 65 66 68 70 75 
44
5 6 9 10 14 15 17 18 19 20 21 24 
25 26 27 29 32 33 37 38 39 40 41 44 
45 48 50 51 52 53 54 55 56 58 63 64 
65 66 68 70 71 73 74 75 
40
1 2 6 7 8 12 15 17 18 22 25 27 
28 29 31 32 33 35 38 40 41 42 43 45 
46 48 52 53 54 55 57 58 60 68 69 70 
72 73 74 75 
43
2 8 11 13 15 16 18 24 25 27 28 29 
30 31 32 34 38 39 40 42 43 44 46 48 
50 52 53 55 56 57 61 62 63 64 65 66 
67 69 70 71 72 73 75 
36
1 4 6 7 10 12 13 15 17 18 19 20 
21 23 25 27 28 29 30 31 36 37 38 41 
45 46 49 50 53 54 57 59 61 67 72 73 
32
3 4 8 10 11 14 16 18 20 22 25 26 
28 29 32 38 39 40 42 44 46 48 52 55 
56 57 58 59 68 71 73 75 
41
1 2 4 6 7 9 12 14 19 21 22 24 
25 26 27 29 33 34 35 36 37 38 39 40 
41 44 48 50 52 53 56 58 60 61 62 63 
64 65 69 71 72 
40
1 3 5 9 10 12 13 14 16 17 18 19 
20 21 24 26 27 29 30 31 34 37 38 39 
40 42 43 44 48 51 53 54 55 58 64 65 
70 71 73 74 
30
1 2 12 14 16 17 20 21 22 23 26 27 
28 29 31 39 42 43 44 45 51 52 54 56 
57 59 63 65 71 74 
41
2 6 11 15 16 17 19 20 22 23 25 26 
28 29 32 34 38 39 40 41 45 46 48 49 
52 53 54 55 56 57 58 59 61 63 64 66 
68 69 71 72 75 
38
1 2 5 10 11 12 14 16 17 18 20 21 
22 25 26 28 29 33 34 35 36 38 39 40 
46 47 49 54 56 57 60 61 64 65 66 68 
73 75 
36
4 5 6 7 8 9 11 12 13 14 17 19 
20 21 22 27 28 29 33 35 43 44 49 52 
53 56 57 58 59 63 64 65 66 68 69 73 
51
1 3 4 5 7 8 9 10 11 12 14 15 
17 18 20 22 23 25 26 29 31 32 33 36 
38 39 40 41 42 43 44 45 48 49 50 52 
53 54 55 56 57 58 63 65 66 68 69 70 
71 74 75 
37
4 6 7 8 12 14 17 18 21 22 23 25 
35 38 39 41 42 43 45 47 48 50 51 52 
53 54 55 56 57 59 60 66 67 68 69 72 
75 
41
1 2 4 6 8 12 16 18 19 21 22 23 
24 25 27 28 31 32 33 35 37 39 40 41 
44 45 47 49 51 52 54 55 58 59 61 62 
65 66 70 74 75 
37
1 2 7 10 11 12 13 14 16 17 18 20 
24 25 27 30 31 33 34 35 36 38 39 41 
47 52 53 54 56 58 60 63 65 70 71 73 
75 
41
1 3 4 5 6 10 11 12 15 16 17 19 
21 24 25 27 29 31 32 34 39 41 42 43 
47 48 49 50 51 52 53 54 55 59 60 62 
63 65 67 71 73 
37
1 4 5 6 8 10 13 15 16 17 20 21 
22 23 25 26 31 32 37 38 41 43 44 47 
50 51 54 56 57 58 62 64 65 66 68 71 
72 
39
1 3 4 7 8 12 20 22 23 24 26 27 
28 29 31 32 34 37 40 42 43 44 47 49 
50 51 53 54 55 56 58 59 61 62 63 67 
71 72 75 
37
1 4 6 9 10 13 15 16 17 21 23 24 
25 26 28 31 32 35 37 40 42 44 47 48 
49 50 52 54 58 59 60 61 63 67 69 73 
74 
37
2 3 5 7 9 10 12 14 16 19 20 21 
22 26 30 31 36 38 42 43 46 50 51 54 
55 56 59 60 62 63 64 65 68 71 72 73 
74 
45
1 3 4 5 6 7 8 10 11 13 14 16 
17 18 22 25 26 27 28 31 37 39 43 46 
48 50 51 52 53 54 55 56 57 58 60 62 
63 64 66 67 68 69 70 73 74 
35
1 3 4 5 6 7 8 13 16 18 20 23 
26 27 29 33 38 43 46 48 49 50 51 52 
53 54 55 63 65 66 67 68 69 72 75 
35
1 2 5 6 7 8 9 11 13 14 17 18 
22 23 25 28 31 33 34 35 40 42 43 46 
49 51 54 55 59 61 65 66 67 68 72 
43
1 2 7 11 13 14 15 16 18 19 21 22 
23 24 26 27 28 29 30 31 32 33 36 37 
40 41 48 50 52 54 57 58 60 61 62 63 
65 66 68 69 71 74 75 
32
2 3 4 6 7 8 9 11 15 18 23 24 
26 29 31 32 36 40 42 44 49 50 51 53 
55 57 58 65 68 69 70 71 
42
1 4 9 11 12 15 16 17 18 19 22 24 
25 26 27 28 29 30 31 32 35 36 37 38 
43 44 45 46 51 52 54 56 57 58 59 60 
61 65 67 71 73 74 
35
1 6 7 8 9 14 18 21 23 27 29 31 
32 33 35 41 42 43 44 45 46 49 50 51 
53 55 56 57 58 62 66 68 69 73 75 
28
1 2 5 11 14 15 18 20 22 23 25 26 
31 39 41 43 45 46 55 56 57 59 63 64 
65 67 73 74 
38
1 2 4 5 7 8 9 10 12 14 17 20 
21 24 26 30 31 33 34 37 38 39 41 42 
43 45 49 52 58 59 63 65 66 67 69 71 
73 74 
39
1 2 4 7 9 14 16 17 18 19 20 23 
27 28 29 31 33 34 35 36 39 42 43 48 
51 54 55 57 59 64 65 66 67 68 69 70 
71 72 75 
30
8 10 12 14 16 17 21 22 28 29 31 33 
35 38 43 44 46 49 50 51 52 58 60 63 
64 71 72 73 74 75 
32
3 4 5 6 12 17 19 20 26 29 30 32 
33 34 41 43 44 46 49 53 55 56 57 58 
59 62 63 64 65 67 69 73 
38
2 5 6 13 14 16 19 20 21 23 24 26 
29 30 31 35 37 39 40 44 45 46 48 54 
56 58 59 61 62 63 64 65 66 68 69 70 
73 75 
37
2 5 7 11 12 13 14 16 17 18 19 20 
21 24 30 34 35 36 38 40 43 45 47 49 
50 51 52 56 57 58 59 60 62 63 64 70 
73 
33
1 2 8 9 10 11 14 16 18 20 22 23 
29 35 36 37 39 40 41 42 44 45 54 56 
57 60 63 64 71 72 73 74 75 
37
2 3 4 5 6 7 8 11 12 13 19 20 
25 26 28 29 32 33 35 36 40 41 42 43 
44 47 48 54 56 58 59 63 65 69 70 71 
73 
42
1 2 3 4 7 8 9 11 12 13 14 15 
16 18 19 26 27 28 29 31 34 37 42 43 
45 47 51 54 55 57 58 59 61 62 63 64 
66 67 69 71 73 74 
37
3 4 5 6 7 8 10 12 13 17 19 20 
21 22 23 26 28 29 30 37 38 39 41 42 
44 46 47 53 54 57 58 62 63 64 67 68 
71 
35
1 2 3 4 5 7 8 10 12 13 14 21 
22 23 29 32 33 34 36 37 38 41 42 44 
45 48 50 52 54 55 61 62 69 71 74 
43
2 3 4 7 8 10 11 14 15 16 21 22 
24 26 28 29 30 33 34 35 37 42 43 44 
45 46 47 49 50 52 53 54 55 56 57 59 
60 61 62 67 69 71 72 
35
2 6 7 8 10 11 13 14 17 22 23 24 
26 27 28 29 31 32 41 42 43 46 47 54 
55 58 59 63 65 66 68 69 70 73 74 
37
3 4 5 6 8 9 10 13 15 19 21 22 
25 26 31 35 37 41 42 43 45 47 49 52 
54 55 56 61 64 67 68 69 70 72 73 74 
75 
39
4 5 8 10 11 12 17 18 19 22 24 25 
26 27 29 33 34 35 36 38 39 42 44 45 
52 53 54 57 58 59 60 62 64 65 67 69 
70 72 74 
40
3 4 5 8 10 12 16 17 18 19 21 22 
24 25 26 31 32 34 36 38 42 44 45 48 
51 52 53 54 55 56 57 60 65 67 69 70 
71 72 73 74 
38
10 13 16 20 21 26 27 29 31 32 33 37 
38 39 40 41 44 45 46 48 49 50 51 54 
55 56 57 59 61 64 65 66 67 69 70 71 
72 73 
27
3 5 11 17 20 21 23 25 26 27 30 31 
36 43 44 45 46 48 51 52 57 60 62 63 
69 70 72 
44
2 4 5 9 11 12 13 16 17 18 20 21 
22 25 26 27 28 29 30 32 33 36 37 38 
40 41 42 43 45 46 47 49 50 55 56 57 
58 62 63 65 67 70 73 74 
32
5 9 11 16 20 21 23 24 25 27 29 30 
32 34 39 40 41 43 49 50 51 52 53 58 
62 63 64 66 69 73 74 75 
39
1 2 3 5 6 10 13 14 15 16 17 19 
22 25 26 27 28 31 32 34 35 36 38 39 
44 48 49 51 53 55 58 59 63 64 65 67 
68 69 75 
42
3 5 6 7 10 11 14 15 16 17 19 21 
23 24 25 26 29 30 31 34 36 39 40 43 
44 45 46 48 50 51 52 54 55 59 60 62 
64 65 69 72 74 75 
42
2 3 4 6 7 8 11 12 13 14 19 20 
24 28 29 31 33 34 35 36 39 40 42 46 
51 54 56 58 59 61 62 63 64 65 66 67 
68 70 71 72 74 75 
43
1 2 3 6 7 9 10 11 15 17 18 19 
20 22 23 25 26 27 28 30 32 34 35 36 
38 39 40 41 43 45 47 48 49 50 53 56 
57 61 65 69 71 72 74 
47
2 3 6 7 11 12 13 17 18 19 21 22 
23 24 25 27 28 29 31 32 33 36 37 38 
40 42 43 45 46 48 50 51 53 54 55 56 
57 58 59 60 61 62 65 68 70 73 75 
43
1 2 3 4 5 9 10 11 12 13 14 15 
18 20 21 23 27 28 29 30 31 32 38 39 
41 43 47 49 50 51 52 53 54 56 57 59 
60 62 63 68 71 72 73 
40
2 6 11 12 13 14 15 16 18 21 22 23 
24 25 26 27 29 30 31 33 34 35 37 38 
47 48 49 57 58 60 61 62 63 67 69 70 
72 73 74 75 
39
2 4 5 7 8 9 11 14 15 17 18 20 
24 25 27 31 33 36 37 41 43 48 49 50 
54 55 57 58 60 61 63 64 65 66 68 72 
73 74 75 
43
1 2 3 8 11 12 15 16 19 21 23 24 
25 28 30 33 35 37 39 40 42 43 44 45 
46 51 52 53 54 56 57 59 60 61 63 64 
65 67 68 70 71 73 74 
44
1 2 3 5 6 7 8 9 10 12 16 17 
21 23 24 26 27 29 31 32 33 35 36 37 
39 40 43 46 47 49 51 54 57 59 60 61 
62 63 67 68 69 70 74 75 
40
1 2 8 9 10 12 13 15 16 17 18 19 
22 23 24 25 31 33 35 39 43 44 47 48 
49 50 52 53 56 57 58 62 63 64 66 67 
68 69 72 73 
35
3 7 8 10 12 14 16 18 20 24 25 26 
28 29 31 33 36 40 41 43 44 47 50 52 
53 56 59 61 63 64 66 69 72 73 75 
36
2 3 4 7 8 9 11 13 14 15 16 20 
22 27 31 33 38 40 45 47 48 49 50 51 
53 54 56 57 61 64 65 67 72 73 74 75 
39
2 5 6 7 11 13 16 17 18 19 20 22 
25 28 29 31 33 34 35 37 40 41 43 45 
48 50 51 52 53 54 58 60 62 64 65 67 
68 72 73 
33
2 4 6 7 10 13 16 17 22 28 32 33 
35 38 39 42 46 48 50 51 53 57 59 61 
62 63 64 65 66 67 69 70 72 
33
1 2 5 6 7 9 10 15 16 17 19 23 
24 25 26 28 30 31 39 40 45 47 48 51 
53 54 58 66 69 71 72 74 75 
38
1 3 5 6 7 8 14 18 19 20 21 22 
25 26 27 28 31 32 34 36 40 43 47 48 
49 54 55 56 57 59 60 63 64 65 66 68 
71 75 
37
1 5 6 12 16 20 23 26 27 28 30 31 
32 33 35 36 38 39 41 42 44 46 47 49 
53 57 58 59 60 61 63 65 66 68 69 73 
75 
36
1 4 8 9 11 12 13 15 17 18 19 20 
23 25 32 33 35 37 39 41 42 43 44 45 
46 47 51 55 57 62 63 68 71 72 73 75 
41
4 5 6 8 9 10 13 19 24 25 26 29 
30 31 34 35 38 40 41 42 44 47 50 51 
52 53 54 55 58 59 60 61 63 65 66 67 
70 72 73 74 75 
32
10 12 15 17 19 20 23 28 29 30 32 33 
34 36 38 41 45 46 47 48 52 53 55 60 
63 64 66 67 70 72 74 75 
37
3 4 5 9 10 14 15 17 19 20 21 26 
27 28 29 32 35 36 37 38 42 43 45 46 
50 51 53 54 55 58 62 64 65 67 71 73 
75 
30
3 5 6 13 16 18 21 23 24 25 29 32 
33 37 39 43 45 49 53 54 55 57 61 63 
64 65 67 69 71 75 
37
1 2 5 6 7 10 11 12 13 14 18 19 
21 22 24 29 31 32 34 39 44 47 48 50 
51 54 55 56 57 58 62 64 66 69 70 72 
75 
32
1 4 5 6 7 14 16 18 19 20 21 24 
29 31 34 38 41 42 44 46 49 54 56 59 
60 61 64 65 67 68 69 73 
