125 75
1 1 1 1 1 1 1 1 1 1 1 1 
1 1 1 1 1 1 1 1 1 1 1 1 
1 1 1 1 1 1 1 1 1 1 1 1 
1 1 1 1 1 1 1 1 1 1 1 1 
1 1 1 1 1 1 1 1 1 1 1 1 
1 1 1 1 1 1 1 1 1 1 1 1 
1 1 1 
40
3 6 8 10 12 13 17 20 24 25 27 28 
29 30 32 35 36 38 40 43 44 46 50 52 
53 55 56 58 59 60 61 62 63 64 68 69 
70 72 74 75 
32
2 4 7 8 9 10 13 14 16 18 20 24 
25 26 27 28 29 31 46 48 49 51 52 53 
57 59 63 67 68 69 71 72 
35
1 3 10 15 17 19 20 21 22 25 27 28 
29 31 33 35 36 38 40 43 44 46 48 49 
57 61 62 64 65 68 69 71 73 74 75 
36
2 3 4 7 9 10 18 19 20 21 22 23 
26 27 29 32 33 35 36 38 39 43 44 45 
50 51 53 56 57 59 64 65 66 67 68 71 
39
2 6 7 9 10 13 14 15 16 17 19 22 
23 24 27 29 30 31 32 34 36 37 38 39 
45 48 54 55 57 58 59 63 64 66 67 68 
69 74 75 
34
3 4 5 7 8 9 10 13 16 17 18 20 
21 22 24 28 34 35 37 39 42 44 49 53 
54 57 59 60 67 70 72 73 74 75 
36
1 3 5 6 7 9 11 12 13 14 15 16 
18 22 25 26 27 30 31 33 35 37 42 44 
45 50 51 59 63 64 65 68 69 72 73 75 
39
1 4 5 7 10 11 12 13 14 16 18 22 
23 25 26 27 28 30 31 32 33 34 35 36 
37 40 44 45 55 56 57 60 65 66 68 70 
71 74 75 
38
1 3 7 12 14 17 19 20 21 22 23 24 
25 27 28 30 31 32 34 35 37 38 39 43 
44 48 51 55 58 59 61 62 63 65 68 69 
72 73 
39
2 3 5 7 10 13 14 15 17 22 24 25 
26 28 29 32 33 36 38 39 40 42 45 47 
48 50 51 53 54 58 59 60 62 65 69 70 
72 73 75 
40
2 4 7 10 11 13 14 17 20 21 22 25 
26 29 31 32 35 36 37 38 40 41 44 45 
46 47 48 52 53 58 59 60 61 63 66 67 
69 70 72 74 
38
2 4 5 6 8 9 12 13 14 16 18 20 
22 23 26 27 30 31 34 35 36 37 38 39 
44 45 46 48 52 53 54 56 58 61 66 69 
72 75 
39
1 4 6 7 10 12 13 14 15 16 17 21 
22 24 26 27 28 30 31 32 33 39 41 42 
44 45 46 48 50 51 53 55 57 59 62 63 
64 68 71 
36
4 7 10 11 12 14 17 18 20 24 25 28 
29 30 32 35 37 38 39 41 43 44 45 46 
47 51 53 54 61 62 64 65 66 70 73 74 
42
2 5 6 7 10 11 15 16 21 23 24 25 
28 29 30 31 32 34 36 38 40 41 42 44 
47 49 50 52 53 55 56 57 58 59 60 62 
63 64 65 66 69 70 
33
1 3 4 6 7 8 9 11 13 14 15 28 
30 32 33 35 36 38 44 46 50 52 55 57 
58 61 63 64 65 66 67 71 73 
35
3 9 12 14 15 17 19 20 22 23 25 27 
29 30 32 37 38 42 43 47 49 51 52 55 
56 58 59 61 62 63 68 69 71 72 74 
38
1 3 6 8 11 17 22 23 24 25 29 30 
31 33 34 37 38 39 40 42 43 44 45 47 
49 50 51 52 53 55 56 57 59 60 63 68 
71 72 
39
2 3 4 5 8 12 13 14 15 16 17 18 
21 22 25 27 28 29 31 34 37 38 40 41 
45 49 50 51 53 54 55 59 60 61 64 66 
69 70 73 
31
2 4 6 8 11 13 14 16 18 21 22 27 
33 37 38 39 40 42 43 44 47 49 56 58 
60 62 64 67 69 74 75 
37
1 3 4 7 11 12 13 14 17 18 20 24 
25 26 27 28 30 32 37 38 41 43 45 46 
47 48 49 51 52 53 60 62 64 68 70 71 
74 
36
1 2 5 13 17 18 21 22 28 29 31 32 
33 36 39 40 41 42 44 47 48 49 50 52 
54 55 57 58 60 65 67 68 69 73 74 75 
42
1 3 5 6 10 12 16 18 19 21 22 23 
24 26 28 29 31 32 34 36 38 40 42 43 
44 46 47 48 50 51 53 56 59 60 62 64 
65 68 69 70 74 75 
33
1 4 6 8 9 11 13 22 23 28 30 32 
36 39 40 41 42 46 47 48 49 51 52 53 
57 62 64 65 67 68 70 72 74 
35
8 10 11 15 17 19 21 22 23 26 31 32 
33 34 35 41 42 44 45 47 48 51 59 60 
61 64 65 66 67 68 69 70 73 74 75 
31
3 5 6 8 9 10 11 13 19 20 22 24 
26 27 29 30 32 35 39 41 50 51 52 55 
58 59 65 66 67 70 73 
35
2 3 5 6 12 15 16 17 19 20 22 23 
27 28 29 31 32 35 36 37 39 41 43 44 
48 49 52 58 60 61 63 66 67 68 69 
37
1 4 10 11 12 13 14 20 21 22 23 24 
26 27 30 32 33 34 36 37 39 41 44 45 
46 47 52 53 58 63 65 69 70 72 73 74 
75 
39
3 7 8 10 13 14 18 20 22 23 24 25 
26 27 30 31 32 33 35 41 42 43 44 46 
47 48 51 53 54 56 57 60 67 68 69 70 
71 73 75 
39
1 2 6 7 12 13 14 15 17 19 22 24 
25 28 29 30 31 33 35 37 38 39 40 41 
42 44 45 46 48 51 53 55 66 68 69 70 
72 73 74 
33
1 3 5 8 14 17 19 21 22 23 24 25 
28 30 31 32 33 48 50 51 52 53 55 57 
59 60 63 64 65 66 69 72 73 
38
2 3 5 7 9 15 16 17 19 20 21 22 
25 27 30 31 32 34 36 37 41 42 48 49 
51 52 53 55 62 63 64 66 67 68 70 72 
73 75 
39
1 3 4 5 6 7 8 9 12 15 19 20 
23 24 25 28 29 31 32 33 37 38 40 44 
46 48 49 51 53 54 56 58 63 64 66 67 
69 70 72 
43
4 5 6 8 9 10 13 14 15 16 19 20 
22 23 27 28 32 33 35 37 39 42 43 44 
47 49 51 53 55 57 61 62 63 64 65 66 
67 68 69 71 73 74 75 
38
1 3 6 7 8 12 16 19 20 24 25 28 
29 30 31 32 33 38 39 40 41 45 46 48 
49 51 54 56 57 58 61 63 65 67 69 70 
71 73 
39
1 2 4 5 7 11 12 13 15 17 19 20 
21 23 24 25 27 28 30 31 36 37 39 40 
41 42 49 52 55 56 58 59 62 63 65 68 
69 73 75 
32
5 7 8 11 14 15 16 22 25 26 28 31 
32 34 35 38 39 42 43 45 51 52 53 54 
56 58 59 61 64 67 68 74 
43
1 2 5 7 8 10 11 12 13 15 16 18 
20 21 22 26 27 28 33 34 38 39 42 43 
49 51 53 55 57 58 59 60 61 62 63 64 
65 66 68 71 72 73 75 
42
1 2 3 6 10 14 15 16 18 20 23 24 
25 26 27 30 31 32 35 36 37 40 41 42 
43 46 49 51 53 54 57 60 61 62 63 64 
65 67 68 69 70 74 
37
4 5 7 9 11 12 13 16 21 22 23 24 
25 26 27 30 34 36 38 39 45 47 51 52 
56 60 62 63 64 65 69 70 71 72 73 74 
75 
40
2 9 13 15 16 17 18 20 21 22 24 25 
27 28 32 33 35 36 38 42 43 46 47 48 
49 52 53 55 56 57 58 60 62 64 67 68 
71 72 73 75 
34
5 8 10 11 12 13 17 20 21 27 28 32 
33 34 37 38 39 41 43 46 50 51 54 55 
56 62 63 64 66 68 69 71 72 75 
37
1 2 3 6 7 10 13 14 18 20 21 27 
32 33 34 35 36 39 44 45 46 48 49 50 
51 52 53 62 63 64 66 67 69 70 71 72 
74 
31
1 3 8 10 14 16 19 21 27 28 29 30 
31 32 36 38 39 46 50 51 53 54 55 56 
60 62 66 67 70 74 75 
35
2 7 8 9 10 11 12 13 17 18 19 20 
21 32 34 41 42 43 44 45 48 54 58 59 
60 61 63 64 66 67 68 69 70 71 73 
31
1 4 6 7 8 9 10 13 20 22 24 25 
26 29 31 34 37 40 41 42 44 49 52 57 
58 62 64 68 69 73 74 
47
3 4 5 6 7 8 9 11 12 13 15 17 
18 19 20 21 22 23 24 25 26 27 28 30 
32 35 36 38 40 41 42 43 44 49 52 53 
55 57 59 60 62 64 67 70 71 72 74 
38
2 3 4 9 11 20 23 24 25 27 28 29 
30 31 34 36 37 38 39 41 42 43 45 49 
51 52 54 56 57 61 62 65 66 67 69 70 
74 75 
35
3 5 6 7 11 16 21 35 36 37 39 40 
41 42 43 45 46 48 49 52 54 55 56 57 
58 61 63 64 66 67 69 70 71 72 75 
38
3 4 5 6 8 12 14 16 17 19 21 22 
23 30 34 37 38 39 41 42 44 46 47 48 
50 51 55 57 58 60 62 63 66 70 72 73 
74 75 
40
3 5 9 10 12 13 14 16 17 19 20 21 
23 26 27 30 31 32 33 34 35 36 37 38 
41 42 43 44 48 53 55 57 58 60 63 64 
65 66 67 68 
38
1 2 4 7 10 11 12 14 18 21 22 23 
28 30 31 32 33 35 36 40 42 45 46 49 
50 51 53 54 55 56 58 59 60 63 65 66 
74 75 
34
1 3 4 6 7 8 10 11 15 16 17 18 
22 23 24 25 29 35 37 40 42 43 48 49 
53 54 57 60 61 62 68 69 72 74 
39
2 3 4 6 7 8 11 17 20 22 24 26 
27 29 30 31 32 33 34 35 36 38 39 41 
45 50 52 54 57 58 60 61 64 65 66 67 
68 70 73 
41
1 3 5 7 9 10 11 12 13 14 15 18 
19 25 26 27 29 30 34 37 40 43 45 46 
47 49 50 51 53 54 55 56 60 62 63 66 
67 69 70 71 72 
41
2 4 6 7 9 11 12 13 15 17 19 20 
21 22 25 26 28 29 31 32 36 40 41 42 
46 47 49 53 55 57 58 60 62 65 67 68 
70 71 72 74 75 
40
1 3 5 7 12 13 14 15 17 18 19 20 
23 24 29 35 36 38 40 41 42 43 46 47 
48 50 51 54 57 59 60 61 64 66 67 68 
69 70 72 73 
38
4 5 6 8 10 11 12 14 15 17 19 20 
24 25 28 29 30 32 33 34 36 37 38 39 
42 45 48 50 52 53 54 56 57 58 65 69 
74 75 
37
3 4 7 8 9 14 15 17 18 21 23 24 
25 27 30 31 32 33 35 37 43 47 49 55 
56 57 59 60 61 62 63 66 67 69 71 72 
75 
35
1 2 3 4 6 7 8 9 13 15 17 19 
20 21 23 24 27 38 39 45 47 48 49 51 
52 57 59 60 61 63 67 69 70 71 75 
35
1 2 3 8 9 10 11 12 14 19 23 24 
26 29 30 31 33 34 38 42 43 45 47 52 
55 57 59 61 62 64 69 71 72 74 75 
33
5 11 12 19 21 22 24 26 32 33 34 35 
39 40 41 42 43 44 45 46 47 49 51 54 
57 58 59 60 64 66 68 69 75 
39
1 2 6 7 10 11 12 16 20 21 23 24 
26 28 31 32 35 36 37 45 47 49 50 51 
53 54 57 58 59 61 63 67 68 69 70 71 
72 74 75 
40
1 2 4 6 8 9 10 14 17 24 25 26 
30 31 32 36 38 41 42 43 44 45 46 47 
52 53 57 58 60 61 62 63 68 69 70 71 
72 73 74 75 
39
1 3 6 7 8 10 11 12 13 14 15 16 
17 18 21 23 24 28 32 33 34 35 36 37 
38 40 41 43 45 48 54 55 59 60 61 62 
63 67 74 
42
1 3 4 5 6 7 8 9 11 17 18 20 
23 26 29 33 34 36 39 42 43 45 46 49 
51 54 55 56 57 59 61 62 63 64 65 67 
68 69 70 72 74 75 
43
1 2 3 4 7 10 12 13 15 16 17 18 
21 22 25 27 28 29 32 34 35 36 37 38 
39 40 42 43 47 48 49 50 52 54 55 57 
59 61 62 64 70 71 73 
43
1 2 3 6 7 10 11 12 14 16 19 21 
22 23 27 30 32 34 35 37 40 41 42 45 
46 47 49 52 53 55 57 58 60 61 63 64 
65 66 70 71 72 74 75 
39
1 2 6 9 10 11 14 16 20 21 22 23 
24 25 26 27 29 30 31 33 35 41 46 47 
51 52 53 54 56 57 58 59 62 64 66 70 
71 72 75 
40
1 2 6 7 9 10 11 13 14 15 17 23 
30 33 34 36 37 38 39 41 42 46 48 49 
50 51 52 53 54 61 62 63 65 67 68 71 
72 73 74 75 
35
2 3 6 16 17 18 19 21 22 26 27 28 
29 31 32 34 35 40 41 42 43 44 45 47 
50 52 58 59 61 65 66 69 72 74 75 
32
4 6 8 9 11 12 14 20 22 23 24 25 
27 28 29 31 33 38 41 44 46 49 52 54 
55 56 59 62 67 70 71 74 
40
1 2 5 6 8 9 10 15 16 18 19 20 
21 22 23 25 29 30 32 34 38 39 40 41 
42 45 48 50 52 53 54 56 57 58 61 66 
67 69 71 73 
38
2 3 5 8 10 11 12 19 23 25 26 27 
28 30 31 32 33 34 37 38 39 42 43 50 
51 53 54 55 56 60 61 62 65 69 71 73 
74 75 
43
1 2 3 4 5 9 11 12 13 14 15 16 
20 21 27 29 30 34 35 37 38 39 40 41 
43 45 49 50 51 53 54 56 60 61 62 64 
65 68 69 70 71 73 74 
33
4 6 7 9 10 15 20 21 23 25 29 32 
36 38 42 44 45 46 47 48 49 50 52 55 
57 60 61 62 66 68 71 72 73 
32
2 4 6 11 13 14 15 17 20 25 28 30 
34 37 40 41 45 46 49 50 53 54 56 60 
61 62 63 65 66 67 69 71 
35
2 3 4 6 7 8 9 10 12 13 14 18 
19 20 23 24 26 28 30 32 35 41 42 44 
45 47 48 49 51 52 60 62 67 68 73 
32
1 5 6 9 11 15 17 19 20 21 24 25 
27 29 31 35 38 40 42 45 48 51 54 58 
63 64 66 68 71 72 73 75 
30
5 9 11 19 20 23 24 27 31 32 35 39 
40 41 46 48 49 50 53 54 59 60 62 63 
64 68 72 73 74 75 
37
1 2 5 6 9 12 13 14 15 19 22 23 
24 26 27 28 31 33 34 35 37 41 42 43 
44 48 49 53 54 57 59 61 64 66 67 74 
75 
42
1 5 6 7 8 9 10 12 13 16 18 19 
20 22 23 30 32 34 35 36 37 38 41 44 
45 46 48 50 51 52 54 55 56 59 60 62 
64 65 66 69 74 75 
37
1 3 4 8 11 13 14 15 20 21 25 26 
27 28 30 31 32 33 36 37 38 40 43 44 
46 48 53 55 56 57 59 61 62 67 68 72 
74 
36
4 5 7 8 9 13 16 19 20 21 23 24 
27 31 33 35 36 38 40 41 43 44 45 47 
48 49 54 56 57 64 65 67 68 69 70 75 
38
1 2 3 6 7 8 9 15 16 17 21 22 
23 24 26 27 28 30 31 33 37 38 40 42 
45 46 49 50 51 58 61 62 63 65 66 69 
72 75 
43
4 6 7 8 10 12 14 15 17 18 19 21 
22 23 25 28 29 31 32 35 38 40 41 42 
43 44 46 47 48 49 52 53 56 57 61 63 
65 67 69 70 71 73 74 
46
2 4 5 6 7 9 10 11 12 15 16 18 
19 25 27 29 30 31 32 33 35 36 38 39 
40 42 44 46 47 49 54 56 57 58 59 60 
61 62 64 65 67 68 71 72 73 74 
32
1 10 12 13 14 15 16 19 21 26 29 30 
31 33 35 41 47 49 52 55 56 57 58 61 
64 65 66 70 72 73 74 75 
33
2 3 5 7 9 13 15 16 21 22 23 25 
27 28 29 30 31 33 35 37 38 40 41 53 
54 59 60 63 67 69 70 71 72 
37
2 3 4 5 9 12 16 17 18 21 22 23 
24 26 27 28 30 31 36 38 40 43 44 46 
51 53 54 58 60 62 65 68 69 71 72 73 
75 
39
1 3 5 8 9 11 14 15 16 18 20 22 
23 24 25 26 30 32 35 36 38 42 45 46 
48 54 55 57 58 62 63 64 67 68 70 71 
72 74 75 
36
1 3 4 6 7 11 12 13 15 18 19 28 
30 32 33 34 35 37 38 39 40 43 44 46 
47 50 53 56 57 58 59 62 63 67 69 74 
38
2 3 4 5 6 7 10 12 14 15 18 19 
22 24 26 27 29 30 31 35 37 38 40 43 
44 45 46 47 48 51 57 59 60 62 67 68 
69 71 
36
3 4 6 7 8 9 10 13 14 16 17 19 
21 23 25 27 28 31 32 33 42 43 45 46 
50 51 52 56 58 59 62 69 70 71 72 75 
33
2 4 6 8 9 10 11 16 19 20 21 25 
28 29 33 35 36 41 43 46 47 50 52 53 
54 56 57 64 65 66 68 71 72 
42
1 3 4 5 7 8 11 12 13 15 16 17 
19 21 24 25 27 30 31 34 36 38 39 41 
42 46 47 48 50 51 52 54 58 62 64 65 
66 67 68 70 73 74 
42
4 6 7 10 13 15 16 18 20 21 22 25 
26 27 29 30 31 32 33 35 37 39 41 42 
44 45 46 48 49 52 56 57 58 60 62 64 
66 69 71 73 74 75 
31
1 2 9 13 15 16 17 18 22 25 26 29 
30 31 34 35 40 41 42 47 48 49 52 53 
54 55 59 62 64 69 75 
35
1 2 5 7 8 9 12 13 14 19 20 25 
28 30 31 33 34 35 36 41 49 50 51 52 
55 57 59 62 63 64 68 70 72 74 75 
43
1 2 3 4 6 8 9 12 17 18 19 21 
22 23 24 25 26 29 31 32 33 34 35 36 
38 42 45 46 47 48 49 50 53 54 57 58 
59 61 65 66 73 74 75 
39
4 6 10 12 16 17 20 23 24 25 27 29 
30 31 32 35 36 38 39 40 41 44 47 48 
51 53 54 55 57 62 63 64 65 67 68 71 
72 74 75 
39
2 3 6 8 11 12 14 16 19 23 27 28 
29 30 31 34 35 36 37 38 41 44 46 47 
48 49 51 53 55 58 61 62 64 65 66 68 
70 71 74 
47
1 4 5 6 8 9 10 11 12 13 15 16 
17 18 21 22 23 24 25 26 29 31 34 37 
39 42 43 46 47 48 50 52 53 58 59 61 
63 64 65 67 69 70 71 72 73 74 75 
36
2 4 5 6 8 9 11 12 15 16 17 20 
24 26 30 31 36 37 38 40 41 46 47 49 
50 51 52 54 57 63 64 66 71 72 73 75 
50
1 2 3 4 5 7 8 9 10 12 14 15 
17 18 20 21 22 23 28 31 34 35 36 37 
39 40 41 45 46 47 49 50 51 52 53 54 
55 56 57 58 59 60 63 64 67 68 71 73 
74 75 
33
4 8 9 10 11 12 13 15 18 19 20 22 
26 27 29 31 35 38 40 41 42 44 45 49 
53 57 61 65 66 70 71 72 73 
34
2 3 5 7 9 10 14 15 16 22 23 24 
25 28 31 33 34 41 43 44 47 53 54 56 
57 58 59 62 64 66 67 71 72 74 
44
1 5 6 10 11 12 13 14 15 17 18 19 
20 21 22 27 30 31 33 34 37 38 39 40 
41 42 43 45 46 47 50 52 53 55 56 57 
59 60 63 65 67 70 72 75 
39
1 3 4 12 13 16 17 18 19 23 25 28 
30 31 32 34 38 39 40 41 43 45 47 51 
52 53 54 57 58 59 61 64 65 68 69 71 
72 74 75 
41
1 5 6 7 10 13 15 16 18 19 20 23 
24 28 30 31 33 34 35 37 39 42 43 45 
47 48 49 52 54 56 58 59 63 64 66 68 
69 70 71 72 73 
38
1 3 4 6 8 14 16 17 19 20 21 23 
24 27 28 30 31 33 34 35 36 46 54 55 
56 57 58 59 61 63 64 65 66 67 71 72 
74 75 
34
2 4 5 8 15 16 17 18 20 23 26 30 
33 34 35 36 38 39 40 42 43 47 48 51 
53 56 58 60 62 63 65 66 69 70 
36
1 2 8 9 11 14 17 19 20 21 23 25 
27 29 30 31 34 37 40 43 44 46 47 48 
50 51 53 60 62 64 66 67 68 69 74 75 
40
3 7 8 10 12 14 17 18 19 20 22 23 
26 27 28 29 30 33 35 36 37 38 39 42 
43 44 47 49 57 58 59 60 62 63 64 65 
66 71 74 75 
30
1 2 5 6 7 9 11 13 18 19 20 21 
23 24 26 28 30 31 34 38 48 51 52 54 
57 60 61 62 65 67 
37
1 3 7 8 11 14 16 24 26 27 28 29 
30 32 34 36 37 40 44 45 46 47 48 49 
51 52 54 58 59 62 63 65 66 67 69 70 
74 
33
2 4 6 7 10 11 14 17 18 20 26 27 
29 33 39 40 41 42 45 46 51 54 56 58 
60 62 64 66 67 68 69 72 74 
37
2 3 4 6 7 10 11 14 15 16 17 19 
20 21 24 26 28 30 31 34 36 41 42 47 
48 49 50 51 61 67 68 69 70 71 72 73 
75 
45
2 3 4 5 6 7 8 9 10 12 13 14 
17 18 19 20 22 23 24 25 26 29 32 33 
38 41 42 43 44 45 46 48 54 56 58 59 
61 63 65 66 69 70 71 72 73 
36
1 3 4 5 8 12 15 16 17 21 22 23 
24 30 33 35 37 39 40 43 44 46 47 49 
51 53 54 55 58 60 62 64 66 67 71 75 
37
1 3 5 6 8 10 12 13 18 21 22 28 
29 30 33 35 36 37 38 40 41 42 44 46 
48 51 52 53 55 57 58 60 61 62 65 66 
67 
49
2 3 6 7 9 10 11 12 13 14 15 17 
18 19 20 21 22 24 25 26 31 32 33 34 
35 36 38 40 42 43 44 45 46 47 49 51 
53 55 56 57 59 61 62 63 64 66 69 70 
72 
40
3 4 5 6 7 9 11 13 14 15 17 25 
26 30 32 33 34 36 38 40 42 43 45 46 
47 49 50 52 54 55 59 63 64 65 66 68 
69 71 73 75 
42
2 3 5 6 7 8 9 11 14 16 17 22 
23 24 25 26 28 29 30 32 33 35 37 39 
41 42 43 50 52 53 55 56 57 58 59 61 
63 64 66 70 73 74 
36
1 2 5 6 8 10 13 14 16 17 19 23 
26 30 31 32 33 35 38 44 49 50 51 52 
55 57 59 60 62 63 65 66 67 69 70 71 
