100 75
1 1 1 1 1 1 1 1 1 1 1 1 
1 1 1 1 1 1 1 1 1 1 1 1 
1 1 1 1 1 1 1 1 1 1 1 1 
1 1 1 1 1 1 1 1 1 1 1 1 
1 1 1 1 1 1 1 1 1 1 1 1 
1 1 1 1 1 1 1 1 1 1 1 1 
1 1 1 
46
1 2 3 4 6 7 9 11 16 17 18 19 
20 22 23 24 27 28 29 30 32 33 35 37 
39 40 43 49 50 53 54 55 56 57 58 59 
60 63 64 66 68 69 70 71 72 73 
44
1 8 10 11 12 13 16 17 19 20 21 26 
27 28 29 30 31 33 35 36 37 38 39 40 
41 42 44 45 47 49 52 53 55 56 57 58 
59 60 63 64 65 69 72 73 
41
1 2 4 5 6 7 8 13 15 16 19 21 
23 25 27 28 29 32 33 36 39 40 44 45 
47 48 49 50 52 53 57 58 60 61 62 63 
66 67 68 71 73 
35
1 3 4 5 7 8 10 12 14 15 16 18 
19 21 24 28 29 33 34 35 38 41 43 44 
45 48 49 54 56 57 59 63 70 73 74 
38
5 6 9 12 18 19 20 22 24 25 26 27 
28 29 31 33 35 36 38 39 42 45 46 47 
49 50 51 52 53 57 58 59 61 65 66 71 
72 73 
38
1 2 3 4 6 8 9 12 15 17 19 22 
23 26 27 29 34 35 36 38 41 42 43 45 
47 48 51 53 54 55 58 63 65 67 68 70 
74 75 
38
3 4 5 6 7 8 12 15 19 22 24 25 
26 27 28 29 30 31 33 36 37 38 40 41 
44 45 47 49 50 60 61 62 63 67 70 72 
73 75 
33
5 7 14 15 17 18 19 20 21 22 25 30 
31 36 38 40 43 44 46 48 50 53 56 58 
60 62 63 65 67 70 71 74 75 
47
1 2 5 7 8 9 10 11 12 13 16 17 
21 23 24 26 27 28 29 30 31 32 34 35 
39 41 46 47 50 51 52 53 55 56 57 58 
60 63 66 67 68 69 70 71 72 74 75 
39
2 3 9 11 12 13 14 16 17 19 20 23 
24 25 28 30 32 33 34 36 38 39 42 46 
47 49 52 53 60 61 63 66 67 68 69 71 
72 74 75 
41
2 3 4 5 6 7 8 9 10 12 14 15 
16 17 23 25 28 29 33 34 36 39 43 45 
46 47 48 49 50 51 52 53 54 57 59 60 
61 65 66 69 72 
40
3 4 5 7 8 10 12 15 19 21 24 29 
30 32 34 35 37 39 40 41 42 47 48 50 
55 56 57 59 61 63 64 65 66 67 68 69 
70 72 73 75 
32
2 6 10 11 12 15 18 20 22 23 24 29 
31 32 35 36 39 41 42 44 45 46 50 53 
55 56 59 65 66 68 73 75 
35
1 2 5 13 15 21 24 25 27 28 30 31 
32 34 35 36 37 41 43 46 47 49 50 51 
52 54 57 59 61 65 66 68 69 71 73 
37
1 3 6 9 10 12 18 19 20 22 23 24 
26 27 28 30 31 34 35 36 38 41 42 44 
47 50 52 56 58 60 61 65 66 67 70 71 
73 
35
3 4 5 9 11 12 13 14 15 16 23 26 
27 29 32 33 34 35 36 38 41 42 43 44 
45 50 51 53 54 56 57 59 63 67 70 
48
1 2 3 4 8 9 10 12 13 14 15 17 
18 19 22 26 28 29 30 32 33 35 36 38 
39 41 42 43 48 50 51 52 53 55 56 57 
58 60 61 63 64 66 67 69 72 73 74 75 
40
2 3 7 8 9 10 12 13 14 15 16 17 
18 20 22 27 31 34 35 36 38 40 41 46 
48 52 54 55 56 57 58 59 60 63 64 69 
71 73 74 75 
38
4 6 7 8 10 13 15 16 17 18 20 21 
23 24 26 27 30 32 33 36 37 38 42 47 
49 51 56 59 60 62 63 65 66 67 68 71 
72 74 
33
2 3 5 10 12 13 14 15 20 21 23 25 
28 29 30 32 33 34 36 39 40 41 42 44 
50 51 52 63 64 65 72 73 75 
39
3 5 9 11 12 13 15 17 18 21 22 24 
25 28 30 33 34 35 37 39 40 44 45 47 
48 49 50 53 54 55 56 58 61 62 63 65 
68 74 75 
43
1 2 3 4 5 6 8 9 11 13 15 16 
17 18 19 21 23 27 28 29 30 32 33 34 
35 36 37 38 39 41 42 44 46 48 49 51 
55 56 59 63 68 70 74 
42
2 3 4 7 8 10 14 15 16 19 20 23 
24 25 27 28 29 30 31 35 36 37 38 40 
41 42 44 45 46 48 49 52 56 61 62 64 
66 68 69 70 73 74 
35
1 4 7 9 11 12 13 14 16 17 19 20 
21 22 25 28 30 31 36 40 41 42 43 46 
48 51 53 56 61 64 69 70 71 72 73 
43
2 4 5 6 8 9 10 11 14 15 18 20 
22 23 25 26 28 29 33 34 35 37 38 41 
43 44 46 51 53 54 55 56 60 62 63 65 
67 68 69 71 72 74 75 
34
2 7 8 10 12 13 14 15 16 21 26 29 
35 38 40 41 43 46 47 48 50 54 58 61 
62 63 64 65 66 67 68 69 71 72 
43
1 2 4 5 6 7 9 11 14 17 18 21 
22 23 25 26 27 28 30 31 33 35 37 38 
40 41 42 45 48 50 52 53 55 58 60 61 
63 64 67 69 72 74 75 
44
1 2 3 5 8 10 13 14 16 19 20 21 
23 24 31 34 36 38 39 40 41 42 44 45 
46 47 50 52 54 55 58 59 60 61 62 63 
64 66 67 69 70 71 74 75 
36
1 4 6 8 9 10 12 14 20 21 22 27 
31 32 33 34 37 41 44 46 48 49 51 52 
54 57 58 60 61 62 64 66 69 70 72 73 
34
1 2 3 4 8 12 13 17 18 19 20 22 
23 25 28 31 33 37 39 42 48 52 53 56 
59 60 61 62 65 66 70 72 73 74 
34
1 3 6 7 10 11 12 14 15 17 20 21 
22 24 29 32 33 34 36 37 40 41 44 45 
49 58 59 61 64 65 69 73 74 75 
39
2 3 7 10 11 12 13 14 15 16 17 20 
21 23 25 27 28 30 33 38 41 42 44 45 
46 47 48 49 50 51 57 58 63 64 65 67 
71 72 75 
42
1 3 4 5 6 7 12 13 17 18 20 21 
22 26 27 28 29 32 34 37 38 39 44 46 
48 49 51 52 54 57 58 60 61 63 64 65 
68 70 71 72 74 75 
33
1 4 5 11 13 14 16 19 23 26 28 30 
33 35 36 38 39 42 43 45 47 48 49 50 
51 52 54 55 58 63 69 72 74 
38
4 5 6 7 10 11 12 15 19 22 25 27 
32 33 36 38 39 42 43 44 50 51 52 54 
56 59 60 61 62 63 64 67 68 69 70 71 
73 74 
41
1 2 4 7 8 9 11 14 16 18 19 21 
25 26 27 28 30 32 36 37 38 39 41 43 
45 47 48 50 51 55 56 58 59 62 64 65 
68 69 71 73 74 
38
2 4 6 11 12 19 20 22 23 24 25 26 
28 31 33 34 35 36 37 38 39 40 42 45 
48 52 53 55 57 59 60 63 65 67 71 72 
74 75 
32
3 8 15 17 20 22 23 24 25 33 34 35 
37 41 42 43 44 45 48 49 50 53 54 58 
62 63 65 68 69 71 72 75 
37
1 4 7 8 9 10 11 12 13 15 16 17 
18 21 22 26 30 32 33 37 41 42 44 45 
48 51 56 57 58 59 61 62 63 65 71 74 
75 
42
1 3 4 5 7 10 11 13 14 16 18 20 
21 22 23 27 30 31 32 33 34 37 38 40 
44 45 46 47 49 51 52 55 56 57 58 60 
63 65 70 71 72 74 
40
2 3 4 5 7 10 11 12 15 16 18 20 
22 24 25 27 30 31 33 40 44 45 46 49 
50 53 54 55 57 59 61 62 63 64 65 66 
67 69 71 75 
36
1 2 7 9 10 13 17 18 19 20 23 28 
29 30 32 35 36 37 40 41 42 44 45 46 
51 53 54 56 57 58 61 62 64 65 67 73 
31
1 2 4 6 7 9 10 13 15 22 26 27 
29 33 35 37 42 43 46 48 52 54 55 56 
57 60 62 63 65 72 75 
37
3 4 8 9 10 13 14 15 17 20 21 22 
26 30 31 32 33 35 43 44 45 48 49 51 
53 56 57 59 61 62 63 66 67 68 71 73 
74 
34
2 3 4 5 11 12 13 14 15 21 22 25 
26 27 29 31 33 34 35 36 40 42 45 49 
50 52 54 60 61 65 66 68 71 75 
43
1 2 5 6 8 10 11 14 15 16 18 20 
21 22 24 27 28 29 30 31 32 33 34 35 
37 38 41 44 47 50 51 55 56 57 58 59 
60 63 64 68 71 73 75 
38
1 2 8 10 12 13 14 15 17 18 19 20 
21 24 25 26 27 29 32 36 37 42 43 45 
47 48 49 52 53 54 57 58 61 62 63 64 
68 74 
40
2 3 4 11 13 14 16 17 19 20 23 24 
25 27 28 29 32 34 35 36 40 41 47 49 
51 52 55 56 57 58 60 62 64 65 67 69 
70 72 73 74 
40
1 3 4 5 6 9 10 13 15 19 21 23 
25 26 30 31 33 35 36 42 46 47 48 49 
50 51 52 54 55 56 57 61 63 64 66 69 
70 73 74 75 
32
1 4 6 7 9 11 13 15 16 17 21 27 
30 36 37 40 41 45 47 50 54 56 59 60 
61 63 65 68 70 71 73 74 
42
1 2 5 6 7 8 14 15 17 18 19 20 
24 27 28 30 31 37 38 39 40 42 43 44 
45 48 49 51 52 53 54 55 59 60 62 64 
66 68 69 71 72 74 
42
5 6 8 9 10 11 12 13 14 16 24 25 
26 28 29 31 34 35 37 38 39 40 45 46 
48 49 50 53 55 56 59 63 65 66 67 68 
69 70 71 72 73 74 
35
5 8 10 11 12 16 17 22 26 27 28 29 
30 31 32 35 36 37 43 45 47 48 50 51 
54 55 57 60 61 68 69 71 72 74 75 
33
1 2 3 7 10 11 12 14 15 25 30 31 
33 35 37 38 42 43 45 46 47 48 50 52 
54 62 65 66 68 69 70 74 75 
45
1 4 5 7 9 11 13 14 16 18 19 20 
23 24 25 27 28 30 31 32 33 34 35 38 
41 42 44 45 50 51 52 56 57 60 61 62 
63 64 66 68 70 72 73 74 75 
34
1 4 7 8 10 13 18 20 21 24 25 26 
27 29 31 34 35 36 37 39 40 41 50 51 
53 54 55 57 59 63 64 66 69 74 
41
2 5 6 7 8 12 13 14 16 18 19 21 
22 24 25 27 28 32 33 34 35 37 38 39 
42 44 45 49 50 57 58 59 60 61 62 65 
68 72 73 74 75 
40
1 2 4 5 6 7 10 11 14 16 22 25 
27 28 30 33 34 35 37 38 40 43 44 45 
46 49 50 52 53 57 58 60 61 63 64 65 
66 69 70 73 
41
4 7 8 10 11 15 16 17 18 19 20 21 
23 26 27 28 29 32 33 34 35 37 38 39 
43 46 47 48 49 50 52 53 54 55 57 58 
61 63 64 66 71 
36
2 3 4 5 6 7 9 10 11 14 15 21 
22 23 24 28 30 34 35 37 39 42 43 44 
49 50 53 55 60 61 62 64 66 69 71 74 
40
1 5 6 7 9 10 11 12 13 16 18 21 
24 28 30 31 32 34 35 38 39 41 42 43 
44 48 49 52 53 54 58 61 63 66 68 69 
70 73 74 75 
31
2 3 5 6 7 10 11 13 14 15 18 20 
23 24 27 30 31 32 38 40 44 45 46 47 
56 57 64 65 72 73 75 
36
2 3 4 5 6 7 8 13 14 15 16 17 
18 24 25 28 29 31 32 35 37 41 42 43 
53 56 57 58 60 63 64 65 68 70 71 74 
31
2 11 13 14 15 16 17 19 25 26 28 34 
37 39 40 41 44 46 47 49 52 54 57 59 
61 63 65 66 67 70 75 
39
1 2 5 7 8 11 15 16 17 18 20 24 
30 32 33 34 35 36 38 40 43 46 47 49 
50 51 52 53 59 61 62 63 64 68 69 70 
71 72 73 
38
2 4 5 7 10 16 20 21 22 24 26 28 
29 30 32 34 37 39 40 42 43 44 46 48 
49 50 53 55 58 60 61 62 64 68 70 72 
74 75 
32
1 2 5 6 8 9 14 15 16 17 18 20 
22 24 28 30 32 36 37 39 47 53 54 56 
59 60 63 67 69 71 73 74 
35
4 5 7 8 10 15 18 19 20 21 22 23 
24 28 30 32 34 35 39 41 42 43 47 48 
50 51 54 55 60 61 63 66 67 68 70 
43
1 3 8 9 12 13 14 15 17 18 20 21 
22 24 28 29 31 33 34 35 36 37 38 39 
40 42 43 45 47 48 52 53 56 58 60 61 
62 63 64 66 67 69 75 
39
5 8 9 13 14 15 19 20 21 22 25 26 
28 31 32 33 36 37 38 39 40 43 45 46 
47 48 50 52 55 56 61 62 64 65 67 68 
70 71 75 
47
1 3 7 9 11 14 15 16 18 19 20 23 
24 25 28 31 32 33 34 35 36 38 39 41 
42 43 44 45 46 48 49 50 53 55 57 60 
61 62 63 64 65 68 71 72 73 74 75 
37
3 4 6 9 11 12 16 18 19 21 23 24 
26 27 29 30 33 34 37 39 41 42 43 47 
48 51 52 53 55 60 62 63 65 66 69 71 
73 
39
2 3 4 5 6 7 8 9 10 14 15 16 
20 21 25 27 29 30 34 36 38 39 43 44 
45 48 49 51 53 55 56 57 59 61 62 63 
68 69 74 
44
1 3 7 12 13 14 15 18 19 20 21 24 
25 28 29 30 33 34 35 36 37 38 40 42 
44 46 47 49 50 51 54 56 57 58 60 63 
64 65 66 68 70 71 72 74 
30
10 11 12 13 14 17 20 29 36 37 39 40 
42 43 45 47 48 49 51 54 56 61 62 63 
64 65 68 69 71 72 
35
5 6 9 11 12 15 16 17 21 24 27 28 
30 31 33 34 35 37 39 41 43 46 50 54 
55 56 59 60 62 63 66 70 71 73 74 
36
6 7 8 11 13 14 15 16 18 19 20 21 
24 25 27 29 30 35 37 41 44 45 47 48 
50 52 53 55 56 58 59 60 66 67 71 74 
36
1 3 4 7 8 9 10 11 12 14 16 17 
18 23 25 26 30 36 37 41 42 44 45 46 
49 51 52 53 54 61 63 64 65 67 70 74 
39
2 4 5 8 10 16 17 21 22 23 27 29 
31 32 33 34 35 39 40 41 42 43 47 48 
49 51 52 55 57 59 61 64 65 66 67 70 
72 73 74 
32
2 3 7 14 15 16 18 19 22 26 28 29 
30 32 33 36 38 40 44 46 48 56 58 60 
62 63 64 65 69 70 72 75 
38
1 5 6 9 10 12 22 25 26 27 28 29 
32 34 35 36 39 40 42 43 44 47 48 49 
50 51 52 53 55 56 57 59 63 67 70 71 
72 75 
32
1 4 9 10 13 14 15 19 20 21 23 24 
26 29 33 36 37 38 39 40 41 42 43 52 
57 58 59 60 62 63 68 73 
32
2 3 4 11 13 14 16 19 20 21 22 23 
24 29 30 32 33 35 40 41 48 50 52 57 
60 61 63 64 69 70 71 72 
32
2 4 5 7 13 16 17 18 19 22 26 27 
31 32 33 35 41 42 44 45 49 50 51 54 
56 59 60 65 68 70 71 75 
41
1 3 6 7 8 11 12 16 17 18 19 20 
24 27 28 30 33 34 35 36 38 40 41 42 
45 48 49 50 51 53 54 56 57 60 61 62 
63 65 67 69 70 
38
1 3 4 5 7 8 14 16 17 19 20 22 
23 25 28 29 30 32 36 37 39 40 42 44 
45 46 48 51 54 56 57 61 63 66 69 70 
72 75 
34
2 3 4 8 9 14 15 16 27 30 31 32 
33 34 35 36 40 43 45 46 49 51 53 59 
62 63 64 66 69 70 71 73 74 75 
40
3 5 6 11 12 13 14 16 17 18 21 22 
24 25 32 33 35 39 41 43 46 47 48 50 
51 54 55 56 58 59 60 62 63 64 65 67 
70 71 72 73 
38
3 4 7 8 11 12 15 18 19 21 22 23 
24 27 28 29 30 33 35 36 38 40 41 42 
46 47 52 53 55 57 58 60 61 62 63 64 
67 75 
34
4 6 7 10 13 15 16 19 21 23 26 29 
30 31 34 43 46 47 52 53 54 55 56 57 
58 62 63 64 65 66 67 68 71 73 
37
2 9 11 12 13 14 15 20 21 22 23 24 
25 27 29 30 31 32 33 35 36 37 40 41 
42 44 49 52 55 57 58 59 60 65 68 72 
73 
31
2 3 6 7 8 9 14 15 16 18 19 23 
25 29 30 33 35 39 41 43 49 50 52 54 
60 64 67 68 69 73 75 
36
1 7 8 9 11 14 15 16 20 21 25 26 
27 28 29 30 32 33 36 38 40 42 43 44 
45 47 51 52 56 57 62 65 67 71 72 75 
42
1 2 3 4 5 6 8 9 12 14 15 17 
18 20 21 22 23 24 26 27 30 32 34 36 
37 38 39 42 49 53 54 55 57 59 61 63 
67 69 70 71 73 75 
33
2 3 6 8 9 10 13 14 15 16 21 22 
23 28 40 41 42 45 46 48 49 52 53 54 
55 59 61 68 70 71 72 73 75 
35
5 8 9 10 11 12 13 14 17 18 19 21 
27 28 32 34 35 36 37 38 42 44 45 48 
49 51 54 55 57 59 63 69 72 74 75 
36
1 3 6 9 10 13 14 16 17 19 22 26 
31 33 34 36 37 38 40 44 46 47 48 50 
51 53 54 55 56 57 60 62 64 69 74 75 
30
1 4 6 7 9 11 15 20 23 28 30 32 
35 37 41 42 46 51 52 54 57 58 59 61 
65 68 69 72 73 75 
39
1 2 3 4 6 7 8 9 11 12 18 23 
24 25 30 31 33 36 38 40 41 43 44 46 
47 48 49 50 52 55 57 58 60 61 67 68 
70 71 72 
30
2 3 4 5 7 8 11 14 17 18 25 26 
29 31 32 34 35 38 43 46 47 49 50 51 
54 56 60 62 69 72 
