100 75
1 1 1 1 1 1 1 1 1 1 1 1 
1 1 1 1 1 1 1 1 1 1 1 1 
1 1 1 1 1 1 1 1 1 1 1 1 
1 1 1 1 1 1 1 1 1 1 1 1 
1 1 1 1 1 1 1 1 1 1 1 1 
1 1 1 1 1 1 1 1 1 1 1 1 
1 1 1 
32
2 3 6 7 13 14 15 16 18 19 23 24 
25 26 27 29 31 32 35 40 43 45 46 48 
54 59 62 64 71 72 73 75 
39
3 7 8 14 15 20 23 24 25 26 28 30 
31 33 34 35 36 37 38 40 43 44 45 46 
48 51 52 53 54 55 58 61 64 65 69 71 
72 74 75 
42
1 2 6 7 8 12 14 16 18 19 21 22 
23 24 26 27 31 32 36 37 40 41 43 45 
48 50 51 52 54 56 61 62 63 66 67 68 
70 71 72 73 74 75 
33
2 5 7 8 11 13 19 20 21 22 23 24 
25 26 28 29 35 37 38 43 44 46 48 49 
50 54 55 56 58 62 68 70 75 
47
3 4 5 6 7 8 10 11 12 13 14 16 
17 18 19 20 23 24 25 26 27 29 30 32 
34 35 37 39 40 42 45 46 48 50 52 54 
55 56 57 62 64 66 67 68 69 70 71 
40
8 9 10 14 15 16 20 21 23 26 27 28 
30 32 35 37 39 40 41 42 43 44 45 46 
50 51 52 53 54 57 58 59 63 64 67 68 
71 73 74 75 
31
3 5 6 11 12 14 16 17 18 19 20 22 
25 31 34 39 40 41 42 43 44 45 48 49 
55 57 58 60 64 71 75 
39
2 6 8 9 11 12 16 18 24 25 26 28 
30 31 33 34 35 36 38 40 41 47 49 50 
53 56 57 58 59 61 62 63 64 65 66 67 
70 72 74 
43
1 2 3 4 5 7 9 10 12 14 15 17 
19 22 23 24 26 27 29 31 32 33 36 37 
38 39 44 45 49 50 51 52 55 58 60 63 
65 67 68 69 70 72 74 
38
2 4 7 8 10 11 12 19 21 22 23 26 
27 28 29 30 31 32 34 35 39 40 46 47 
48 49 50 52 53 54 56 58 59 60 61 66 
68 69 
27
2 3 7 8 14 15 16 27 28 29 31 35 
36 38 39 42 43 47 48 53 57 61 63 65 
67 68 70 
43
1 3 5 6 7 9 10 11 12 15 17 19 
20 21 22 23 26 27 28 31 32 34 36 39 
40 41 42 43 45 47 48 50 53 54 58 60 
63 64 66 67 69 70 75 
36
1 3 5 6 7 8 10 13 15 21 22 25 
27 28 29 32 34 37 38 39 40 42 44 46 
49 50 51 53 58 62 66 68 70 71 72 73 
42
1 2 5 8 9 11 12 13 14 15 16 17 
19 20 22 23 26 27 28 29 30 31 35 45 
47 48 49 51 52 53 56 57 58 60 61 62 
64 65 66 67 69 70 
34
2 6 7 9 10 13 14 18 19 23 25 27 
28 30 31 33 35 36 39 41 44 45 47 51 
52 54 55 59 61 62 63 70 74 75 
42
1 2 3 5 12 13 16 18 20 21 25 26 
27 28 29 30 31 33 34 35 38 39 41 43 
44 45 46 50 51 52 53 57 59 62 63 65 
68 71 72 73 74 75 
46
2 3 4 5 7 8 10 12 14 15 19 20 
22 23 24 27 28 30 31 33 35 36 37 38 
39 41 44 45 46 47 48 49 50 51 52 53 
54 56 59 60 61 65 66 68 70 71 
34
2 3 4 6 7 9 11 14 17 18 19 21 
23 24 33 34 35 36 37 39 41 43 45 48 
49 50 55 58 62 64 65 70 73 74 
45
2 4 5 6 9 11 12 13 14 15 16 20 
21 23 26 29 30 35 36 37 40 42 44 45 
46 47 48 50 52 54 57 58 60 61 62 63 
64 66 67 69 70 72 73 74 75 
37
1 2 4 7 8 11 15 17 21 22 24 25 
27 33 34 35 41 43 44 47 48 49 53 55 
58 59 60 61 62 64 68 69 70 71 72 73 
74 
41
1 2 3 5 7 9 10 11 13 14 15 16 
19 21 22 23 28 29 31 33 34 35 36 39 
41 44 45 51 54 56 57 58 59 60 64 65 
69 70 73 74 75 
34
4 10 11 13 17 19 20 21 22 23 24 25 
29 30 34 37 38 39 45 46 49 52 53 54 
55 57 60 62 65 66 70 72 73 74 
38
1 2 3 4 5 6 7 9 12 13 16 19 
20 22 23 26 28 31 38 39 44 47 49 50 
51 54 55 56 60 63 65 67 68 69 71 72 
73 75 
34
1 2 6 7 9 10 12 16 20 23 24 27 
28 30 33 37 39 42 46 47 48 49 50 51 
52 55 58 63 64 67 68 69 70 73 
34
1 3 5 10 11 12 14 16 17 19 22 24 
26 30 31 37 39 42 47 48 50 53 55 56 
57 60 61 62 65 67 68 70 71 73 
34
2 4 5 6 7 8 9 11 14 15 18 26 
27 28 30 33 35 37 38 39 42 43 47 48 
49 52 55 58 60 61 64 73 74 75 
39
1 2 5 6 7 11 13 14 15 16 18 20 
24 26 27 29 30 32 34 37 38 39 41 46 
48 50 52 54 55 56 58 59 60 61 65 66 
67 72 73 
41
4 5 6 8 9 10 11 12 14 15 16 20 
21 22 23 24 25 26 28 30 32 38 39 41 
42 46 47 48 51 52 54 55 56 57 59 61 
64 66 67 68 71 
33
1 2 5 6 11 12 14 17 19 23 24 28 
31 34 36 38 39 41 43 44 45 47 52 53 
56 58 60 61 62 66 67 69 75 
44
1 5 7 10 11 12 13 15 17 18 20 21 
22 24 25 26 28 30 31 33 34 35 36 38 
39 41 42 44 49 50 51 54 57 58 59 62 
63 64 65 66 67 70 74 75 
30
4 7 8 12 14 16 17 20 21 24 25 27 
29 34 35 41 44 47 48 51 59 60 61 62 
63 65 66 67 70 75 
41
2 4 5 9 11 12 14 16 17 18 19 20 
21 24 25 26 27 36 37 39 40 42 43 44 
45 46 48 49 53 55 57 59 60 64 65 66 
67 68 70 71 75 
36
1 6 8 10 11 12 15 19 22 24 25 26 
30 32 33 36 38 40 41 42 43 47 54 56 
58 59 60 61 63 65 68 70 71 72 73 74 
42
5 6 7 8 9 10 13 15 16 17 18 19 
20 22 25 27 28 32 33 34 36 39 40 42 
43 44 46 47 50 52 55 56 57 58 60 61 
64 65 66 71 73 75 
42
1 2 3 4 5 10 14 15 16 20 21 22 
24 25 27 28 30 32 33 36 37 38 40 42 
43 45 48 50 51 52 55 56 58 60 62 63 
64 65 66 72 73 75 
35
3 5 7 8 14 15 16 17 18 19 20 21 
23 26 28 30 31 34 35 36 37 38 39 42 
44 45 48 52 58 59 61 62 69 73 74 
45
1 2 3 4 9 12 13 17 18 19 21 22 
23 25 27 28 29 30 31 32 33 34 36 43 
44 46 47 48 49 50 53 54 56 57 58 59 
60 61 63 65 66 68 70 72 74 
33
2 3 6 9 13 14 20 23 26 31 32 33 
34 35 37 38 39 40 43 44 48 49 50 52 
56 62 63 64 65 66 67 68 75 
35
2 3 6 7 13 14 17 19 20 21 24 27 
28 29 30 31 32 35 39 43 44 50 51 52 
55 56 57 58 60 62 63 64 66 70 73 
38
1 2 3 5 8 12 13 19 22 23 24 25 
27 29 32 33 36 37 38 41 42 44 47 49 
50 55 56 58 60 62 65 66 67 71 72 73 
74 75 
32
1 3 5 11 20 22 27 29 30 32 37 38 
40 45 47 49 50 51 53 56 58 60 62 63 
64 65 67 68 69 71 73 74 
36
6 8 10 13 14 17 19 21 25 28 29 30 
32 33 34 36 38 39 40 41 44 45 49 51 
53 54 56 58 59 60 62 64 68 71 73 75 
37
1 2 3 4 5 9 10 17 19 20 21 22 
23 25 28 32 35 36 37 39 42 43 47 49 
52 58 59 60 61 62 63 67 68 69 71 74 
75 
41
3 4 5 7 8 9 10 11 14 15 16 17 
19 20 21 25 27 28 30 33 34 36 40 41 
42 45 46 48 50 57 58 59 61 62 64 65 
69 70 71 72 75 
39
1 2 6 9 10 16 17 22 24 26 30 31 
32 33 34 35 37 38 39 40 42 44 45 46 
47 49 50 51 54 57 59 62 65 66 68 69 
70 73 75 
39
3 6 11 12 13 14 16 17 18 19 20 22 
26 28 29 33 35 37 38 44 45 46 48 49 
51 56 58 59 60 62 63 64 66 67 69 71 
72 74 75 
36
2 8 9 10 12 15 17 18 19 21 24 25 
28 31 32 33 36 37 39 40 43 44 46 47 
53 56 57 58 60 61 62 64 66 69 72 74 
34
1 4 6 7 8 9 10 11 13 14 15 18 
21 23 27 31 33 34 35 37 41 43 45 46 
47 59 60 61 65 66 67 68 72 74 
40
1 7 10 12 13 14 15 16 18 19 20 21 
23 24 25 27 29 33 34 36 37 38 45 46 
48 49 52 53 54 55 56 57 58 61 62 63 
64 67 71 75 
30
1 4 6 18 19 20 21 22 23 24 26 28 
31 32 34 36 42 43 48 49 54 56 57 59 
61 62 65 67 70 75 
31
2 4 5 9 12 13 14 17 19 21 24 25 
27 30 31 36 39 41 42 46 47 48 53 56 
59 61 64 65 66 71 75 
35
3 6 7 9 12 14 16 17 18 21 22 28 
30 32 34 35 37 38 40 41 42 43 45 48 
50 51 52 53 54 56 65 66 71 72 73 
32
1 2 3 5 7 8 10 11 15 18 21 23 
27 29 32 33 37 39 43 52 53 55 56 60 
63 67 69 70 71 72 73 74 
34
1 4 5 7 8 11 16 18 19 21 25 27 
30 33 36 40 41 42 44 47 50 51 52 53 
56 59 60 62 63 64 66 70 71 72 
45
3 4 7 8 11 12 13 15 16 18 20 21 
22 23 24 26 27 28 29 32 33 35 37 38 
39 40 41 42 43 45 48 49 50 53 57 58 
59 63 65 66 69 71 72 74 75 
38
1 2 5 6 8 9 11 16 19 24 30 32 
33 38 39 43 45 46 49 50 51 52 55 58 
60 61 62 63 65 67 68 69 70 71 72 73 
74 75 
47
1 2 3 4 5 6 7 8 9 10 13 14 
16 17 18 19 20 22 25 27 28 29 30 31 
32 34 35 36 37 40 45 48 51 52 53 57 
58 61 62 63 64 65 66 71 72 73 74 
39
2 4 5 6 7 17 19 21 22 25 26 27 
29 31 32 34 39 43 44 45 48 49 51 52 
53 54 56 57 58 59 60 62 64 65 68 71 
72 73 74 
41
2 4 7 8 9 11 12 14 16 18 21 22 
27 28 29 30 35 36 37 39 40 41 42 43 
46 47 48 49 52 55 57 58 59 60 61 62 
64 67 68 73 75 
37
2 5 8 9 11 12 13 14 15 17 23 26 
27 30 31 32 33 34 35 37 38 40 42 44 
45 47 48 49 55 56 60 62 66 68 70 74 
75 
35
1 5 7 8 10 11 18 19 27 28 30 35 
37 38 39 40 41 44 45 46 47 48 50 51 
52 54 58 62 63 64 67 68 69 72 73 
35
3 5 10 11 12 14 16 19 20 21 27 29 
30 31 34 39 40 41 43 44 46 49 50 51 
53 55 56 60 62 64 66 67 71 72 74 
32
2 4 5 7 8 10 11 12 15 19 23 24 
28 32 34 36 37 39 40 41 45 50 51 53 
54 55 56 57 60 65 72 73 
42
1 4 6 7 8 10 12 15 16 17 18 19 
20 21 22 23 24 25 27 33 38 39 40 42 
44 45 47 50 51 53 54 55 56 57 59 63 
64 65 70 73 74 75 
35
1 2 3 5 6 8 9 10 11 17 18 20 
21 22 23 26 27 31 35 37 38 39 41 42 
45 50 53 54 55 59 61 63 70 71 74 
44
1 3 4 6 7 8 9 11 13 16 18 20 
21 22 23 24 25 26 28 29 30 31 35 38 
41 42 43 46 49 52 54 55 57 61 62 63 
64 65 66 67 68 72 73 74 
44
1 4 5 7 10 12 16 17 18 19 20 23 
24 25 28 29 31 35 36 37 38 41 42 43 
45 46 48 49 51 52 54 56 58 59 60 61 
65 68 70 71 72 73 74 75 
37
4 5 7 8 9 10 11 12 13 18 21 24 
25 28 33 34 36 37 39 42 44 45 46 47 
48 51 52 55 58 62 65 67 68 69 71 73 
74 
33
5 8 11 16 18 21 24 25 28 31 32 33 
34 38 41 42 44 45 46 47 50 51 55 56 
57 62 63 65 66 67 69 71 75 
41
2 6 8 9 11 12 13 14 17 21 22 24 
25 26 27 29 31 32 34 35 36 37 40 41 
42 43 45 46 49 50 51 52 54 56 57 58 
61 62 64 70 75 
38
5 6 7 9 10 12 13 16 17 18 21 22 
23 26 27 29 31 33 34 35 38 39 45 48 
51 52 53 54 56 61 63 64 65 66 68 71 
73 74 
37
3 5 6 7 8 10 11 13 16 18 19 21 
22 23 25 26 27 28 30 31 34 36 37 38 
42 45 49 50 52 56 60 64 65 67 70 73 
75 
42
1 2 4 5 6 7 9 10 14 16 17 22 
24 25 26 27 28 29 30 33 34 35 37 40 
41 43 44 45 46 47 48 51 53 55 57 58 
60 65 69 70 71 75 
40
1 2 3 6 7 8 10 16 18 19 24 25 
29 30 31 32 34 35 36 37 38 45 46 47 
50 51 53 54 55 56 59 60 62 64 68 69 
70 71 72 74 
36
2 3 4 5 6 7 8 11 12 16 18 23 
29 31 33 35 38 42 45 46 47 48 52 54 
57 59 60 61 62 63 64 65 67 68 71 75 
33
1 2 5 6 7 8 10 11 13 15 16 17 
20 25 26 27 28 29 37 39 41 42 44 47 
50 56 59 64 65 68 70 72 75 
41
1 2 5 7 8 10 11 14 15 16 19 23 
26 27 28 29 30 31 32 34 35 36 39 41 
42 44 45 50 51 52 53 54 55 56 57 61 
63 70 71 72 73 
38
2 3 4 5 6 7 8 10 12 13 14 15 
16 20 22 23 29 30 31 38 42 43 46 47 
48 49 50 51 56 57 58 63 65 67 70 71 
72 73 
30
4 5 6 7 9 15 16 17 19 21 22 23 
25 33 35 40 41 44 45 47 48 50 54 57 
61 63 66 67 72 75 
30
1 2 5 10 13 15 16 26 27 28 30 31 
32 33 34 36 37 38 40 45 49 52 53 54 
57 59 60 67 68 69 
28
3 4 6 8 14 17 22 26 29 30 31 33 
37 43 45 46 49 50 51 52 53 55 65 67 
71 72 74 75 
41
4 8 9 10 11 13 14 16 17 19 20 21 
26 28 32 35 38 40 41 42 43 44 46 47 
48 51 52 55 57 58 59 60 61 62 66 67 
68 69 72 74 75 
42
3 4 5 13 14 15 16 17 20 21 22 24 
27 28 31 33 34 35 38 39 40 41 42 44 
45 48 49 51 52 53 54 55 56 57 58 59 
61 66 68 72 73 74 
40
1 3 4 5 11 14 16 17 18 19 23 24 
25 27 29 30 33 34 36 39 40 43 45 46 
47 49 55 58 60 63 64 65 66 67 69 70 
72 73 74 75 
39
1 2 3 5 8 10 11 12 13 14 15 16 
18 20 21 22 23 24 25 31 35 37 38 43 
44 45 47 50 52 53 55 56 60 62 66 67 
68 73 74 
38
2 4 6 7 9 10 11 12 13 14 18 20 
21 22 23 26 28 34 37 39 45 46 49 51 
53 54 55 57 58 60 63 64 65 68 70 73 
74 75 
37
1 4 6 8 10 11 13 15 16 17 18 19 
21 22 23 24 25 33 35 38 44 45 46 48 
52 53 57 60 61 65 67 69 70 71 72 73 
74 
38
1 5 7 8 9 11 13 16 18 21 24 25 
27 28 32 34 36 37 38 39 44 46 48 51 
52 55 56 57 58 61 62 64 66 67 68 72 
73 75 
35
2 3 5 11 15 18 22 23 24 27 29 31 
32 34 35 39 40 43 44 46 48 49 50 52 
53 54 55 56 57 60 61 64 67 72 75 
38
1 2 3 4 5 6 7 8 9 10 12 14 
15 18 20 23 25 26 27 28 30 31 36 41 
42 47 48 49 54 58 59 60 65 68 70 71 
72 74 
37
1 3 5 7 8 11 13 14 15 16 19 21 
22 23 26 27 28 31 32 33 35 38 41 46 
47 48 50 51 52 53 54 55 58 62 66 68 
74 
39
1 5 7 8 10 15 19 21 22 25 27 30 
31 32 35 38 39 42 43 44 47 48 49 51 
52 53 55 57 58 59 61 64 65 66 67 68 
70 74 75 
37
1 2 4 5 7 8 9 10 12 13 18 19 
23 25 29 30 31 32 34 36 38 39 40 41 
43 47 49 52 53 55 58 59 65 69 70 73 
75 
39
1 2 4 6 9 10 13 14 17 22 25 26 
28 29 30 31 33 34 37 38 42 44 46 49 
51 52 53 55 56 59 60 62 63 64 65 67 
70 73 75 
37
2 4 5 6 7 9 10 12 13 14 21 24 
25 26 27 30 32 33 35 37 39 40 42 45 
49 53 55 61 63 64 65 68 69 70 71 73 
74 
46
3 6 7 8 9 10 11 12 13 15 16 19 
21 22 23 24 25 26 27 28 29 30 32 33 
37 38 39 40 43 44 46 47 48 51 53 54 
55 56 60 64 66 67 68 71 73 75 
37
1 4 8 9 11 15 19 20 22 23 24 28 
31 32 35 37 39 41 43 47 49 50 51 55 
56 57 60 62 63 64 65 66 68 69 72 73 
75 
40
1 6 8 9 10 12 16 18 20 21 23 24 
25 26 29 30 31 34 35 36 39 41 43 44 
45 47 50 51 55 57 60 62 63 64 65 67 
68 73 74 75 
42
1 2 4 5 6 7 9 10 13 14 16 17 
18 20 21 24 25 27 28 29 30 32 35 37 
38 39 42 45 46 47 48 49 51 52 54 56 
57 66 69 71 72 73 
38
4 6 10 13 14 16 17 20 23 24 25 30 
31 33 34 36 37 38 39 42 44 45 46 47 
48 49 51 55 56 58 59 61 62 66 67 68 
73 75 
