200 50
1 1 1 1 1 1 1 1 1 1 1 1 
1 1 1 1 1 1 1 1 1 1 1 1 
1 1 1 1 1 1 1 1 1 1 1 1 
1 1 1 1 1 1 1 1 1 1 1 1 
1 1 
5
10 20 22 28 35 
7
5 10 12 17 21 33 39 
4
11 33 45 48 
8
9 10 18 27 31 36 38 39 
6
2 23 32 42 45 47 
3
9 28 47 
6
4 7 33 34 35 47 
3
1 6 46 
4
15 42 45 46 
2
16 30 
3
15 21 37 
5
8 16 18 44 48 
9
8 16 19 22 24 28 33 38 41 
7
11 18 22 23 31 34 35 
6
7 13 26 28 33 45 
6
2 13 19 20 25 50 
3
16 36 46 
4
6 13 18 27 
2
4 45 
10
10 15 20 22 23 26 32 33 49 50 
6
2 22 24 26 37 49 
9
5 11 12 13 19 20 25 41 49 
4
23 30 40 45 
2
19 27 
3
17 39 44 
5
8 20 24 32 35 
6
1 32 34 40 44 46 
7
1 26 30 43 44 47 48 
5
2 19 21 31 44 
4
9 20 22 44 
3
2 18 19 
2
7 48 
6
10 12 15 23 41 49 
3
21 26 29 
6
9 13 14 34 36 44 
7
1 12 17 18 26 34 50 
6
19 20 38 40 43 48 
7
5 20 33 37 38 39 47 
4
1 21 26 36 
2
18 27 
3
1 13 16 
3
5 29 40 
4
5 9 22 42 
4
8 21 27 30 
6
1 4 11 15 28 49 
5
33 36 40 49 50 
8
5 9 17 32 33 38 43 50 
10
8 9 14 22 28 36 38 43 44 46 
6
16 22 41 44 45 46 
3
11 14 50 
3
6 9 48 
3
16 42 50 
4
1 5 24 31 
4
1 20 28 49 
5
2 14 17 31 48 
6
2 6 33 36 39 45 
8
2 23 27 31 43 44 46 47 
8
1 9 30 36 39 41 44 49 
8
2 22 23 30 33 37 46 49 
5
17 20 21 37 46 
6
3 20 24 37 38 46 
4
4 19 41 49 
3
15 34 47 
5
3 15 23 33 45 
7
4 17 29 31 32 35 42 
5
17 18 25 36 49 
4
12 21 37 38 
6
7 11 22 38 45 47 
5
2 20 24 41 42 
9
3 6 13 28 31 34 39 40 41 
2
38 46 
7
23 24 30 33 36 39 40 
4
10 29 43 50 
3
12 15 41 
4
15 41 42 48 
6
6 12 13 16 34 43 
3
15 31 49 
2
7 12 
5
3 29 31 35 46 
5
3 7 34 38 44 
1
28 
2
4 48 
7
8 18 28 30 39 40 49 
1
26 
5
2 24 27 33 42 
4
1 2 17 20 
2
8 24 
4
3 4 8 45 
7
34 36 37 38 39 44 45 
4
2 32 42 48 
6
2 24 36 38 40 45 
9
2 9 10 17 33 35 41 48 50 
8
3 6 7 16 28 29 30 47 
6
1 21 26 38 47 49 
3
21 36 46 
9
12 15 24 34 35 36 42 44 49 
5
11 19 34 47 49 
3
20 24 25 
3
2 22 29 
8
2 5 36 37 38 40 43 44 
8
18 20 21 22 23 27 43 46 
6
11 14 18 24 27 29 
4
1 4 36 44 
3
1 31 40 
4
9 33 37 47 
9
5 11 32 33 34 41 42 47 49 
5
24 38 39 43 48 
1
36 
7
1 3 7 13 22 23 32 
3
18 32 50 
7
11 19 37 39 41 43 45 
4
9 15 40 44 
5
13 21 26 40 48 
2
9 34 
3
1 23 30 
5
5 6 19 40 50 
6
3 4 6 7 47 49 
1
24 
2
39 46 
7
4 36 37 38 40 44 48 
6
13 17 21 33 42 43 
9
1 9 13 14 25 37 40 41 46 
5
1 13 21 43 46 
3
6 25 45 
1
29 
6
6 11 27 30 32 38 
3
13 15 27 
2
39 44 
5
3 8 9 10 38 
2
7 23 
6
10 22 24 31 43 47 
5
6 9 16 25 47 
3
12 24 46 
3
14 24 33 
2
16 47 
6
7 8 32 33 40 50 
9
3 11 18 26 28 29 30 44 50 
5
6 11 22 33 42 
3
10 15 37 
7
5 14 23 26 35 45 47 
6
3 4 9 18 29 36 
5
3 29 31 37 47 
4
7 15 29 32 
4
9 12 23 43 
1
9 
6
17 22 28 31 44 45 
5
4 21 22 31 32 
4
5 12 33 49 
4
9 12 19 36 
3
14 37 40 
7
9 20 22 32 46 47 49 
5
29 44 45 48 50 
4
14 19 27 50 
5
1 5 36 38 41 
8
3 9 20 21 30 34 43 50 
1
25 
3
28 39 49 
7
3 18 26 29 40 49 50 
7
2 15 20 24 27 31 36 
2
3 7 
5
6 14 20 28 47 
6
1 4 6 36 39 45 
3
19 27 33 
6
7 13 28 39 43 47 
4
32 34 39 41 
3
13 30 34 
6
19 25 30 40 44 47 
5
3 8 14 19 39 
2
11 30 
5
19 24 26 29 41 
7
5 17 23 26 39 47 48 
6
16 24 32 40 47 50 
6
5 29 31 45 47 48 
6
26 31 33 44 47 49 
1
11 
11
3 11 18 19 27 28 30 44 45 47 50 
10
2 8 9 17 28 35 37 45 46 50 
7
5 12 16 17 35 44 46 
4
4 32 36 38 
4
8 19 32 44 
6
1 21 24 30 32 35 
4
3 10 13 23 
6
23 24 25 39 45 48 
4
9 20 42 46 
3
3 27 38 
2
18 21 
7
21 22 23 27 30 39 44 
8
9 11 19 24 30 35 36 46 
1
40 
4
31 34 36 44 
7
4 11 24 33 45 47 48 
7
5 11 12 13 25 27 44 
4
13 17 34 46 
7
11 13 21 37 45 46 48 
4
6 12 22 24 
5
9 24 32 42 47 
3
9 11 42 
4
9 10 38 49 
5
3 5 9 14 48 
5
6 8 10 16 47 
