200 50
1 1 1 1 1 1 1 1 1 1 1 1 
1 1 1 1 1 1 1 1 1 1 1 1 
1 1 1 1 1 1 1 1 1 1 1 1 
1 1 1 1 1 1 1 1 1 1 1 1 
1 1 
7
6 7 21 31 37 40 41 
6
11 20 28 33 39 45 
1
1 
5
12 14 20 33 50 
1
11 
4
10 13 48 49 
5
2 16 40 48 49 
3
14 27 28 
4
18 19 29 49 
4
2 11 25 44 
5
29 31 34 38 43 
1
20 
7
1 9 19 20 42 46 47 
3
26 29 48 
6
17 22 26 30 40 41 
1
2 
3
2 16 49 
5
5 9 20 30 46 
4
4 13 26 41 
2
4 27 
7
3 5 8 10 19 44 48 
3
6 17 30 
3
14 21 26 
6
2 10 11 27 31 45 
9
3 9 16 26 27 32 48 49 50 
8
2 6 13 22 30 31 41 50 
8
1 6 17 25 26 28 30 34 
4
6 11 37 44 
3
18 20 26 
6
4 7 14 38 40 43 
5
6 9 22 41 47 
6
23 24 28 31 35 48 
8
1 6 9 14 18 22 26 32 
10
1 9 12 13 17 22 26 29 32 39 
4
2 15 18 30 
4
5 35 47 49 
3
11 33 41 
6
17 20 23 25 32 44 
6
1 9 29 33 36 42 
8
19 21 23 28 30 36 41 48 
4
2 15 25 36 
6
12 16 21 28 38 41 
3
25 42 45 
5
24 39 43 46 47 
3
19 36 46 
11
2 9 10 19 25 33 40 41 43 48 49 
5
1 5 25 36 50 
3
30 36 45 
2
14 45 
7
1 11 14 17 20 22 43 
5
15 26 35 43 44 
6
8 10 15 37 41 46 
6
4 12 19 27 29 50 
6
1 14 15 18 32 38 
8
1 7 10 16 19 26 37 48 
6
2 10 15 18 23 49 
4
9 21 25 49 
3
11 20 37 
3
2 48 50 
5
7 14 25 43 46 
6
2 11 40 42 47 50 
7
8 14 19 24 30 38 42 
7
6 13 18 19 30 44 49 
5
7 8 21 30 48 
4
8 10 16 20 
5
1 22 37 39 49 
3
5 27 44 
3
2 13 21 
3
4 11 22 
6
16 21 27 40 42 47 
4
4 14 25 26 
1
27 
6
1 8 18 39 45 48 
3
10 11 24 
2
6 16 
11
2 4 9 10 13 15 28 30 37 39 44 
4
11 13 23 35 
7
10 13 14 17 19 40 44 
7
1 2 15 30 45 47 49 
3
9 16 41 
8
3 11 15 28 34 48 49 50 
6
7 9 23 29 30 39 
9
3 4 5 6 26 31 33 39 49 
7
13 30 33 37 38 40 42 
6
15 30 35 45 47 48 
10
4 5 10 23 29 31 34 38 40 44 
7
10 11 15 22 32 34 47 
7
1 4 8 17 18 32 41 
6
1 9 17 32 37 38 
6
13 14 21 26 33 50 
3
3 29 48 
8
7 13 18 21 26 32 34 39 
7
4 16 18 29 33 37 50 
6
7 21 27 29 37 50 
4
6 21 32 50 
2
6 12 
8
8 13 18 29 35 37 38 44 
7
2 4 27 36 38 42 50 
3
11 32 37 
1
21 
5
11 13 30 31 46 
5
1 8 10 46 50 
4
6 18 31 48 
1
41 
4
22 33 43 48 
3
2 32 37 
6
6 10 16 27 37 47 
2
22 35 
3
29 34 46 
6
5 7 8 12 18 43 
9
11 16 30 34 36 38 39 44 45 
7
4 7 10 29 30 45 49 
4
25 37 38 50 
7
3 19 32 35 44 45 47 
8
6 7 10 19 25 44 45 48 
6
4 11 13 21 28 34 
5
6 16 21 26 41 
1
14 
9
8 14 25 27 33 36 37 38 47 
7
6 13 21 28 32 47 49 
2
7 31 
4
11 23 30 45 
3
1 48 50 
4
5 8 25 41 
7
6 12 18 20 32 36 39 
4
3 20 37 42 
5
5 7 18 23 29 
7
3 11 17 25 33 38 39 
4
7 14 22 42 
2
10 31 
1
1 
5
21 38 42 46 50 
10
7 10 13 16 22 23 24 39 44 50 
4
7 10 17 42 
5
3 19 32 44 47 
4
13 17 30 50 
8
8 15 16 18 28 34 37 50 
4
20 32 42 44 
2
6 22 
4
11 14 25 29 
8
2 3 8 12 14 16 34 41 
5
7 16 21 22 39 
7
1 18 29 31 37 38 48 
6
5 9 11 32 33 39 
6
30 38 39 40 47 48 
4
6 30 35 49 
7
1 8 23 33 40 41 48 
2
19 45 
3
5 23 29 
2
12 25 
4
10 29 34 47 
5
4 29 31 35 50 
4
8 20 21 48 
4
21 23 31 46 
7
2 6 7 26 38 48 49 
8
1 6 15 26 28 41 45 48 
8
1 2 20 25 32 35 38 41 
8
4 8 20 21 26 29 38 45 
5
17 24 31 37 50 
5
2 7 12 14 50 
7
1 3 26 30 36 39 40 
4
19 26 42 47 
4
2 20 39 44 
10
6 8 11 12 21 22 33 38 42 49 
5
6 18 25 36 43 
6
2 4 5 13 24 36 
7
9 17 22 33 40 46 48 
6
2 13 19 21 46 48 
8
3 12 22 25 28 35 37 46 
5
28 31 34 45 48 
1
20 
1
19 
7
2 12 17 20 21 25 50 
4
15 21 42 43 
4
13 17 22 33 
4
8 36 37 45 
6
24 29 35 36 41 48 
10
14 16 20 30 31 39 40 44 47 50 
7
1 12 23 24 33 34 43 
5
1 11 15 19 48 
6
2 7 14 16 17 49 
4
24 30 41 49 
1
46 
5
21 22 32 35 38 
5
3 10 27 39 41 
5
11 23 24 32 48 
4
23 24 40 50 
1
27 
7
3 5 7 13 14 37 43 
6
1 20 25 26 38 39 
4
8 14 25 29 
5
3 8 36 47 49 
5
2 9 14 24 48 
6
7 26 27 41 43 44 
7
1 2 36 41 45 47 49 
5
1 27 41 46 48 
4
2 38 39 41 
9
2 5 17 23 26 30 37 41 43 
5
3 4 19 33 35 
5
10 12 14 27 50 
