200 50
1 1 1 1 1 1 1 1 1 1 1 1 
1 1 1 1 1 1 1 1 1 1 1 1 
1 1 1 1 1 1 1 1 1 1 1 1 
1 1 1 1 1 1 1 1 1 1 1 1 
1 1 
2
13 29 
2
7 34 
3
6 27 39 
3
11 30 37 
5
7 8 12 22 28 
2
19 34 
8
2 12 16 25 30 32 39 47 
8
2 4 6 21 35 41 49 50 
2
29 47 
5
10 21 29 35 46 
5
10 14 33 40 44 
6
5 6 28 31 33 34 
3
23 33 42 
5
3 8 18 24 25 
6
1 3 4 16 26 27 
8
16 22 24 26 33 36 37 43 
6
22 30 33 38 45 49 
4
6 14 17 25 
4
3 9 33 45 
7
3 5 19 31 35 40 43 
5
1 9 39 45 50 
6
18 19 35 38 43 45 
8
13 16 20 22 31 36 46 48 
4
16 20 21 29 
10
4 9 10 13 18 20 21 26 34 48 
5
3 15 16 34 43 
9
1 14 15 19 20 21 23 35 49 
7
1 2 8 10 17 18 38 
7
5 13 20 27 28 39 50 
8
4 7 11 12 17 18 41 50 
11
6 7 8 10 14 23 28 29 41 45 49 
3
6 8 22 
6
12 17 24 30 36 48 
7
14 23 24 27 30 46 49 
4
9 17 18 31 
2
17 35 
3
13 17 28 
3
1 7 39 
4
2 5 28 40 
5
3 35 36 40 47 
4
5 8 27 44 
1
49 
1
9 
4
20 30 40 47 
6
2 16 31 42 43 47 
3
9 29 49 
4
5 23 41 50 
1
8 
2
13 24 
7
1 13 14 16 19 23 42 
4
11 14 22 36 
2
22 43 
2
8 20 
6
6 13 15 23 24 42 
3
2 23 37 
7
7 18 19 20 21 24 46 
1
30 
2
22 35 
6
15 18 26 42 45 49 
4
25 35 39 42 
2
31 33 
6
17 24 33 38 39 49 
5
8 16 27 46 48 
4
7 36 41 43 
2
1 38 
5
4 14 17 35 40 
8
9 11 17 28 30 42 44 46 
3
3 5 20 
9
4 8 9 19 30 33 34 42 50 
2
34 40 
2
11 26 
2
18 24 
4
5 8 17 29 
6
5 8 10 42 46 47 
5
1 16 20 25 27 
4
11 29 32 49 
3
1 9 43 
2
2 33 
7
3 5 16 17 23 41 49 
9
1 3 4 8 9 15 32 34 50 
6
6 7 13 30 44 47 
2
7 27 
5
3 7 38 44 46 
4
8 19 24 49 
5
2 12 23 25 31 
8
4 10 20 27 30 32 34 38 
7
10 11 13 26 31 33 42 
6
3 8 13 22 26 49 
5
7 25 36 39 44 
3
43 46 48 
6
1 6 18 24 39 43 
8
7 10 19 23 33 39 40 42 
5
2 34 44 45 50 
1
41 
4
10 11 21 36 
4
5 7 9 12 
2
2 11 
5
16 17 28 30 43 
10
4 11 12 20 30 31 32 43 49 50 
9
10 17 23 31 34 37 40 42 46 
7
11 24 31 36 39 47 48 
6
4 12 19 33 38 39 
6
4 9 10 29 33 37 
4
19 22 24 45 
8
2 14 17 21 26 27 46 50 
8
4 12 13 17 20 22 30 47 
6
5 11 16 27 41 47 
5
14 15 37 40 50 
2
24 48 
4
27 32 34 36 
3
8 27 49 
9
1 6 12 15 24 26 36 41 45 
6
9 15 22 28 30 38 
6
18 22 25 31 44 46 
5
12 15 23 39 46 
5
24 26 39 42 43 
5
32 35 41 42 47 
9
12 16 28 33 36 39 42 46 47 
7
2 3 12 19 21 23 28 
10
10 12 19 22 29 34 37 38 40 43 
2
12 22 
4
13 26 33 34 
1
44 
5
6 11 24 27 49 
4
2 7 12 36 
7
6 18 21 26 30 34 47 
5
12 22 29 33 40 
6
10 23 31 37 39 41 
11
2 4 5 13 23 25 30 31 33 40 48 
2
3 20 
6
26 27 30 40 41 42 
3
26 27 45 
6
4 10 22 29 34 48 
7
2 7 24 28 38 40 48 
4
31 39 48 49 
4
10 13 39 48 
3
5 33 42 
5
6 19 20 23 45 
2
5 47 
5
5 12 16 18 42 
1
39 
5
3 4 16 31 47 
6
3 17 25 37 43 49 
10
2 10 14 19 20 21 34 45 46 49 
1
29 
5
7 14 16 31 49 
4
12 17 36 41 
9
1 5 24 27 30 34 35 43 48 
4
3 7 15 24 
5
16 36 42 43 44 
3
23 33 35 
3
16 25 30 
5
2 3 19 21 41 
6
8 15 22 24 25 32 
4
5 11 13 27 
5
3 9 11 27 47 
6
10 18 32 41 44 46 
3
4 23 37 
4
1 26 37 45 
5
8 28 40 42 46 
4
8 15 27 37 
1
21 
8
5 6 18 21 24 43 44 45 
3
1 32 49 
8
5 11 31 37 39 45 47 49 
3
6 14 24 
4
10 25 40 45 
5
12 21 33 36 50 
8
6 12 15 30 39 41 48 49 
7
11 12 19 22 29 49 50 
3
17 21 27 
8
2 28 29 30 32 34 45 50 
9
3 4 16 20 23 33 35 38 43 
4
10 13 27 39 
3
3 12 23 
5
18 19 26 46 49 
4
5 6 9 18 
7
11 22 23 27 29 44 49 
9
7 11 16 18 28 34 35 44 49 
4
8 18 45 48 
3
8 39 46 
9
5 22 23 26 27 32 42 45 47 
6
20 21 24 33 36 42 
7
13 27 28 30 42 43 47 
7
5 9 13 21 22 31 39 
6
1 20 21 33 39 45 
6
1 11 12 38 45 49 
3
7 23 30 
5
5 18 22 36 49 
8
6 14 25 26 30 35 37 49 
4
11 28 32 47 
5
3 12 33 36 42 
4
7 16 28 33 
6
13 19 25 36 41 48 
2
14 49 
3
20 22 35 
3
5 14 33 
4
4 28 34 47 
6
4 12 21 23 33 46 
7
2 4 15 23 35 47 49 
