200 50
1 1 1 1 1 1 1 1 1 1 1 1 
1 1 1 1 1 1 1 1 1 1 1 1 
1 1 1 1 1 1 1 1 1 1 1 1 
1 1 1 1 1 1 1 1 1 1 1 1 
1 1 
6
7 10 24 26 30 47 
4
8 14 34 43 
9
1 7 11 16 18 20 42 44 50 
4
33 34 46 50 
7
1 2 11 16 21 32 44 
5
2 14 20 43 48 
5
6 8 15 22 35 
5
8 28 30 39 48 
7
1 4 5 27 39 40 46 
5
1 6 29 37 42 
1
1 
4
2 20 21 43 
4
2 28 31 32 
6
15 21 23 32 40 45 
6
1 18 22 23 25 41 
11
3 15 25 29 31 34 37 39 44 45 50 
4
10 11 17 37 
4
33 34 38 41 
3
7 18 25 
3
1 14 19 
7
19 25 35 41 42 43 44 
9
3 4 5 9 18 23 34 36 39 
6
10 13 24 36 37 46 
6
1 14 23 33 38 44 
8
5 17 29 30 41 42 43 44 
2
15 48 
5
13 27 32 45 46 
5
11 24 31 38 43 
8
1 4 6 8 17 19 39 43 
5
16 23 31 45 48 
6
10 25 32 34 39 40 
9
1 2 5 9 22 23 30 42 45 
7
3 13 28 36 39 44 50 
6
1 3 13 27 33 44 
4
5 19 22 42 
9
3 14 18 32 34 39 41 43 48 
7
5 6 8 10 15 37 42 
7
9 13 19 21 44 46 50 
5
1 3 23 28 50 
2
17 26 
1
34 
4
9 23 37 45 
4
4 10 17 38 
6
5 7 13 32 47 50 
4
22 36 49 50 
5
16 20 38 43 50 
3
1 16 36 
3
12 25 43 
3
1 11 21 
3
2 10 19 
5
2 11 15 19 48 
4
12 14 32 49 
6
9 28 36 43 46 50 
3
9 39 44 
3
5 24 29 
7
6 12 14 30 37 44 46 
3
23 27 31 
3
13 34 46 
8
2 12 19 29 31 44 46 47 
3
23 29 44 
4
14 15 16 29 
5
11 18 31 33 50 
9
5 9 10 21 32 33 34 35 41 
5
1 8 20 23 36 
3
23 39 49 
2
8 49 
10
1 2 6 27 29 35 41 43 47 49 
6
11 17 23 25 27 33 
2
14 36 
3
2 12 15 
7
6 11 19 22 30 39 45 
6
2 6 9 11 25 26 
5
4 21 26 31 42 
4
11 21 35 44 
2
1 16 
6
6 13 22 27 33 44 
3
33 46 50 
2
31 38 
1
20 
9
10 13 26 30 31 37 43 44 48 
5
9 11 17 19 20 
3
7 23 30 
11
4 5 6 16 20 29 31 41 44 46 50 
6
12 19 20 34 47 48 
2
7 38 
7
5 16 21 26 33 41 49 
10
5 9 13 14 16 23 25 36 41 43 
5
1 6 30 34 36 
8
4 6 15 20 29 36 45 47 
3
18 25 30 
4
6 8 14 19 
3
23 29 34 
5
1 3 11 15 24 
3
9 21 42 
2
39 50 
5
7 9 30 31 35 
6
9 31 37 43 44 49 
7
2 6 23 26 30 43 49 
5
7 9 16 19 49 
5
6 16 20 21 36 
2
17 30 
7
6 19 36 40 42 46 50 
4
14 18 23 39 
5
4 5 15 40 47 
1
20 
8
3 11 16 22 24 25 28 37 
5
3 4 6 31 48 
3
17 19 28 
7
3 10 19 20 23 37 47 
3
7 16 36 
5
2 5 18 39 43 
6
14 18 28 32 43 45 
5
15 18 36 43 49 
5
17 32 37 42 43 
4
1 19 42 46 
9
3 9 12 18 23 31 40 42 50 
6
6 21 32 36 38 46 
9
15 16 19 22 25 41 45 48 49 
7
4 8 43 45 46 48 49 
4
8 13 15 25 
6
3 28 36 42 45 47 
5
2 9 26 36 43 
8
1 15 21 25 26 27 41 42 
8
10 19 20 28 32 40 47 49 
5
13 23 39 43 47 
4
9 15 27 42 
6
2 25 29 30 32 40 
5
11 41 42 43 45 
4
1 20 35 48 
3
1 13 28 
2
42 47 
7
16 29 30 31 37 38 42 
5
16 38 40 42 45 
5
3 19 31 34 42 
3
5 8 17 
2
2 37 
8
19 24 27 28 41 44 45 50 
2
20 43 
1
36 
6
4 7 31 33 48 50 
5
3 8 9 26 49 
1
15 
3
22 32 34 
8
7 19 21 34 37 39 45 49 
2
17 38 
2
7 8 
5
20 28 29 32 46 
1
50 
3
12 31 34 
3
1 3 10 
4
13 20 34 41 
8
3 5 9 11 16 29 39 43 
3
3 11 17 
6
7 20 24 42 46 48 
6
12 24 27 29 31 32 
9
10 16 35 37 40 42 46 48 49 
4
3 6 25 38 
3
7 37 42 
8
3 4 5 9 19 32 34 45 
4
3 10 20 33 
2
12 28 
4
1 22 25 49 
3
19 47 50 
8
5 6 10 11 14 16 43 47 
6
12 16 18 22 28 42 
2
18 35 
2
6 20 
6
1 14 31 32 38 45 
5
12 23 28 33 37 
7
2 3 10 20 26 43 50 
4
2 13 15 30 
6
1 5 8 17 44 47 
6
8 9 20 33 38 42 
2
5 31 
2
3 45 
2
22 46 
1
7 
3
9 14 21 
5
2 3 5 9 36 
5
1 28 29 45 50 
3
23 31 32 
6
1 15 24 29 47 49 
1
18 
4
4 34 36 47 
4
10 27 35 45 
5
10 15 27 35 40 
5
2 16 20 21 41 
7
11 16 21 29 31 37 47 
4
8 12 36 43 
3
15 16 31 
8
7 11 24 25 28 30 36 47 
6
9 15 26 34 35 49 
4
11 24 26 43 
4
4 13 32 33 
6
6 8 10 32 43 44 
1
32 
4
3 15 19 35 
3
9 20 26 
4
6 17 37 44 
5
14 15 25 33 40 
