200 50
1 1 1 1 1 1 1 1 1 1 1 1 
1 1 1 1 1 1 1 1 1 1 1 1 
1 1 1 1 1 1 1 1 1 1 1 1 
1 1 1 1 1 1 1 1 1 1 1 1 
1 1 
7
18 24 35 36 37 41 46 
5
9 13 17 30 38 
4
2 7 16 30 
8
11 19 23 27 36 40 45 50 
4
15 20 22 34 
5
8 16 28 30 50 
7
4 7 10 15 25 38 44 
2
21 27 
8
2 5 14 22 26 28 37 48 
5
18 34 37 38 49 
5
4 5 36 38 39 
8
6 11 12 20 27 40 41 50 
2
2 25 
3
30 42 46 
5
6 10 11 15 33 
1
49 
5
19 21 29 43 48 
3
4 9 23 
7
10 14 15 23 24 26 45 
3
13 31 44 
4
4 13 15 17 
7
1 15 19 30 39 46 48 
8
2 6 7 8 9 24 43 50 
5
9 12 15 17 36 
2
5 18 
5
4 6 14 25 43 
6
15 23 33 37 45 50 
4
2 7 44 45 
5
1 17 21 37 40 
4
18 22 29 30 
5
4 12 16 33 37 
3
17 19 46 
5
5 10 12 22 34 
7
24 30 31 33 35 36 40 
3
26 36 48 
4
18 30 38 44 
3
26 28 35 
7
9 12 19 24 29 37 46 
7
6 19 26 29 34 41 45 
10
2 4 13 22 27 31 33 35 41 46 
2
11 38 
6
4 6 13 28 48 49 
5
32 45 46 47 49 
1
35 
9
3 4 12 13 16 32 42 46 47 
3
3 34 44 
4
25 29 35 40 
8
2 9 17 26 27 30 45 47 
6
8 21 26 33 40 50 
8
3 8 14 21 31 33 34 35 
4
3 19 36 41 
1
18 
4
2 32 35 48 
5
17 33 35 40 50 
7
7 13 16 34 39 40 47 
5
6 9 15 18 49 
6
1 4 15 21 33 41 
6
15 16 24 35 38 44 
4
7 16 30 39 
1
12 
7
1 2 3 5 25 26 43 
4
4 16 30 48 
5
2 16 33 39 49 
7
6 9 11 16 24 28 48 
8
6 11 12 24 25 31 33 50 
5
1 7 9 24 33 
8
8 12 14 17 22 27 36 47 
3
18 30 47 
6
3 15 27 34 38 47 
10
5 17 19 22 23 24 25 28 41 46 
7
6 7 16 19 24 29 35 
8
7 27 29 35 38 44 46 47 
7
2 11 12 21 25 36 48 
6
9 16 29 32 34 42 
2
4 12 
5
2 3 10 40 42 
2
12 50 
7
6 19 24 28 29 39 40 
7
1 2 6 14 17 22 31 
5
1 2 9 30 43 
5
1 17 22 38 46 
2
19 49 
8
16 18 28 35 37 39 41 49 
4
5 25 32 36 
3
2 18 27 
5
3 12 29 30 33 
4
4 13 23 29 
6
12 31 35 37 41 44 
8
3 17 18 21 23 25 28 34 
8
1 10 13 15 32 36 48 49 
4
20 22 31 48 
5
12 17 28 34 38 
7
1 5 6 21 26 32 49 
3
4 21 30 
7
2 4 9 11 16 20 35 
6
1 3 13 27 29 35 
8
1 2 3 21 23 34 41 50 
10
4 12 21 23 38 41 42 43 46 47 
6
11 13 15 24 30 35 
6
23 29 30 32 39 47 
5
5 13 18 32 37 
5
10 16 30 34 40 
4
11 21 28 46 
5
2 10 17 20 32 
3
10 17 36 
5
9 21 23 26 36 
7
8 9 15 20 28 40 46 
8
2 4 5 10 15 34 39 40 
8
22 23 25 26 27 28 30 46 
6
6 22 24 35 42 44 
5
16 34 46 47 48 
5
4 8 30 31 41 
7
13 18 31 34 44 45 46 
3
6 12 23 
9
5 6 12 18 21 26 33 40 45 
6
8 34 36 37 47 50 
2
1 24 
5
6 14 18 30 42 
4
12 26 46 47 
3
10 12 48 
2
28 40 
5
6 8 19 22 28 
2
20 27 
8
3 6 7 14 16 22 34 37 
5
8 12 16 17 22 
7
12 17 19 21 24 37 39 
2
27 29 
4
35 36 40 48 
5
7 28 30 38 50 
8
4 14 16 25 29 38 47 50 
8
8 11 13 15 24 39 41 43 
6
4 15 18 30 49 50 
5
8 15 17 20 43 
4
3 14 22 23 
4
5 20 22 38 
2
31 35 
4
12 14 20 21 
4
1 11 17 40 
4
9 13 34 50 
2
38 39 
4
8 28 32 50 
5
7 14 23 26 34 
2
30 49 
5
17 19 28 32 42 
4
9 15 17 22 
7
6 8 9 32 36 41 46 
5
8 9 32 33 39 
3
6 18 50 
4
8 14 43 49 
7
4 8 12 18 19 34 38 
2
10 23 
4
7 12 15 46 
8
1 7 9 10 17 30 37 44 
6
3 5 7 11 23 32 
7
8 15 24 26 41 43 44 
4
7 9 17 42 
7
1 11 27 30 31 34 39 
1
10 
9
2 5 8 10 11 19 31 32 34 
6
2 7 8 11 41 42 
3
8 28 47 
7
2 10 14 19 21 22 27 
4
11 28 38 41 
2
28 44 
7
5 14 27 30 33 40 42 
5
5 18 41 43 48 
4
1 3 28 32 
6
13 14 17 34 49 50 
3
7 30 38 
10
6 13 15 25 31 34 40 43 44 47 
2
20 35 
5
19 33 37 38 44 
2
47 48 
3
8 22 46 
9
8 17 19 22 29 32 34 43 48 
6
2 7 19 22 39 41 
4
7 11 36 42 
6
2 12 24 33 48 50 
4
21 23 26 41 
2
2 33 
9
7 12 18 21 23 35 42 48 49 
2
4 48 
5
2 30 37 38 48 
7
2 3 9 12 19 23 50 
7
13 20 21 25 26 38 42 
3
3 8 39 
4
21 23 31 32 
5
6 15 19 22 44 
5
11 27 35 37 47 
4
4 5 27 33 
3
13 26 44 
2
14 16 
4
4 9 22 41 
5
3 16 31 34 49 
5
7 20 32 41 43 
6
4 6 13 18 26 32 
6
4 10 12 13 32 35 
2
35 40 
6
1 3 5 6 13 14 
7
4 8 18 19 20 26 44 
