200 50
1 1 1 1 1 1 1 1 1 1 1 1 
1 1 1 1 1 1 1 1 1 1 1 1 
1 1 1 1 1 1 1 1 1 1 1 1 
1 1 1 1 1 1 1 1 1 1 1 1 
1 1 
6
2 8 10 16 18 47 
3
8 12 27 
4
5 6 28 42 
8
2 12 18 33 40 42 43 44 
3
34 38 45 
2
30 39 
9
20 22 28 32 35 36 39 43 46 
3
27 34 46 
7
16 24 30 31 39 46 50 
2
4 25 
4
2 13 24 38 
12
3 8 10 13 15 16 17 23 28 32 38 49 
6
1 3 7 25 42 43 
7
1 5 14 20 24 27 44 
6
7 12 15 19 21 23 
5
2 11 13 18 37 
5
16 20 41 45 49 
4
28 31 34 42 
5
13 15 27 31 41 
5
5 8 21 33 37 
3
9 40 42 
5
3 23 28 41 48 
4
3 22 34 37 
6
14 15 20 29 30 37 
7
2 12 22 24 25 43 44 
2
21 34 
5
6 11 18 29 40 
7
7 9 25 32 33 40 45 
3
2 17 32 
6
2 14 33 40 45 49 
6
7 26 29 30 40 41 
1
46 
4
10 18 30 50 
1
37 
4
5 11 13 16 
6
2 6 14 23 43 44 
7
8 16 24 33 35 36 38 
11
1 3 5 13 19 22 24 29 30 31 39 
7
15 16 19 29 30 36 44 
4
3 36 37 46 
7
2 7 9 10 29 32 49 
8
18 20 21 27 29 37 41 43 
8
4 6 9 10 30 33 38 46 
6
3 14 21 28 41 49 
6
9 15 21 22 43 48 
4
10 12 30 41 
8
10 15 16 22 28 31 35 44 
8
6 11 18 19 24 40 41 48 
3
16 21 39 
8
3 7 9 20 24 31 32 45 
4
6 14 40 46 
7
7 29 33 44 45 48 50 
7
3 4 8 22 25 41 49 
6
2 5 10 24 32 48 
3
2 6 33 
4
26 32 37 44 
5
5 8 17 38 39 
5
3 13 18 19 20 
5
3 18 19 24 49 
6
9 14 40 44 46 50 
6
1 9 20 23 34 48 
1
6 
6
14 29 34 39 41 48 
5
18 28 35 44 47 
3
11 21 44 
4
4 5 26 28 
4
8 19 28 34 
4
22 28 30 41 
5
19 29 35 44 48 
5
15 20 31 32 46 
6
11 14 23 29 42 46 
2
25 29 
5
5 9 25 35 42 
4
23 41 45 50 
1
1 
5
7 21 36 39 50 
8
3 16 19 26 32 33 41 42 
3
3 5 41 
8
5 14 15 20 24 39 44 50 
2
3 16 
6
1 12 28 34 36 50 
1
41 
6
3 5 14 15 29 31 
5
15 16 29 43 49 
6
2 4 20 34 38 46 
4
5 17 32 37 
6
2 15 16 36 41 50 
7
14 25 29 35 37 46 47 
5
6 18 40 42 47 
7
9 16 24 36 37 44 48 
4
8 13 14 27 
4
6 19 26 34 
8
4 10 16 21 25 28 41 46 
1
5 
4
8 28 38 41 
3
15 25 33 
3
1 39 40 
6
4 13 17 24 41 43 
4
7 11 17 32 
6
7 17 33 35 37 40 
5
9 10 11 47 48 
6
4 13 26 29 35 40 
2
7 42 
10
5 6 8 16 19 22 32 39 40 48 
8
1 7 8 12 16 21 34 37 
6
6 25 26 35 37 45 
3
7 35 44 
4
6 14 17 48 
3
6 18 44 
6
3 21 23 32 45 46 
2
33 44 
9
7 8 11 26 28 32 36 37 47 
7
4 12 25 28 31 37 49 
9
2 12 15 26 27 31 35 37 43 
10
2 3 16 20 23 27 32 35 42 46 
3
7 26 49 
6
19 22 31 36 43 44 
4
26 32 47 50 
3
8 28 41 
4
16 18 31 42 
4
2 17 22 42 
7
2 3 29 32 38 42 47 
3
13 14 49 
3
16 44 45 
8
3 17 26 28 33 43 47 49 
7
4 15 16 24 26 35 42 
3
1 37 44 
8
8 23 24 33 34 37 39 40 
6
1 6 14 19 39 48 
7
1 5 23 30 31 32 37 
6
4 13 34 39 47 50 
5
6 12 39 41 43 
2
6 30 
2
3 7 
4
5 9 39 45 
8
1 10 14 29 39 41 47 50 
6
13 24 30 39 40 48 
7
9 11 14 19 24 29 46 
5
12 21 33 34 41 
10
1 4 17 19 26 29 32 34 38 41 
1
44 
8
9 13 18 29 30 34 41 45 
3
6 26 31 
4
11 20 30 31 
3
1 21 37 
6
11 19 21 24 37 47 
6
2 3 5 14 17 27 
4
13 22 30 36 
9
5 12 15 22 24 25 30 42 44 
7
3 11 15 34 42 44 50 
2
22 26 
4
14 15 41 43 
8
10 15 21 23 27 32 35 38 
8
20 22 23 26 33 40 43 50 
5
24 29 34 42 49 
3
12 33 49 
1
42 
2
17 30 
7
6 7 16 25 35 40 50 
7
2 12 16 26 35 41 45 
2
17 20 
4
2 13 14 32 
2
20 38 
6
10 13 23 29 30 33 
6
1 2 7 26 38 40 
2
16 40 
10
15 20 21 25 28 36 42 43 45 49 
4
16 24 39 42 
5
17 25 33 37 43 
5
15 29 31 35 49 
4
25 30 43 46 
6
7 12 21 24 26 38 
3
19 29 45 
4
16 20 29 31 
5
15 18 21 25 26 
3
8 11 14 
5
14 16 34 44 49 
2
23 33 
8
4 8 9 16 24 31 39 49 
5
2 5 18 20 28 
2
11 38 
6
9 11 16 24 26 50 
6
12 13 23 35 37 49 
3
9 15 45 
2
21 31 
3
4 31 35 
4
12 26 34 41 
7
6 15 29 37 40 42 48 
5
1 8 21 41 47 
4
15 30 34 49 
3
9 28 31 
4
1 4 21 29 
6
14 16 27 32 34 50 
6
6 10 20 22 34 44 
4
12 24 45 47 
6
4 11 20 33 45 48 
2
10 27 
9
6 9 11 13 16 17 18 21 38 
5
3 16 18 26 35 
7
7 19 23 29 32 38 47 
