200 50
1 1 1 1 1 1 1 1 1 1 1 1 
1 1 1 1 1 1 1 1 1 1 1 1 
1 1 1 1 1 1 1 1 1 1 1 1 
1 1 1 1 1 1 1 1 1 1 1 1 
1 1 
6
3 18 20 22 25 32 
3
8 17 25 
8
4 19 24 27 30 37 43 49 
4
6 22 29 43 
8
9 10 12 13 23 37 38 45 
7
3 10 13 22 30 34 35 
9
5 13 14 15 16 30 36 42 48 
5
7 8 23 43 47 
3
13 21 31 
4
3 4 21 27 
4
1 9 19 44 
5
5 7 17 33 38 
3
2 39 44 
4
4 5 32 43 
5
18 19 30 31 50 
1
23 
5
9 31 43 47 49 
4
17 20 27 35 
5
3 21 26 27 32 
4
11 29 35 43 
8
2 3 5 17 18 41 47 50 
5
4 21 29 37 38 
8
13 17 18 26 30 35 36 43 
7
7 16 29 30 36 46 50 
4
34 35 49 50 
5
2 41 44 47 48 
7
7 17 19 21 33 40 41 
5
1 24 33 35 43 
2
15 32 
4
15 25 48 50 
5
4 20 39 41 48 
5
23 28 29 30 47 
5
4 16 22 31 49 
8
5 7 9 11 24 36 37 49 
5
14 38 41 45 49 
3
1 6 37 
6
9 10 12 33 37 49 
4
4 9 20 47 
5
1 20 41 43 50 
7
15 26 36 38 44 48 49 
10
1 3 6 10 11 13 19 24 26 37 
6
9 15 23 31 35 49 
5
11 43 44 46 49 
5
9 22 26 29 48 
7
9 20 21 23 29 46 48 
4
2 12 19 23 
5
1 7 18 21 24 
6
25 26 30 33 37 38 
4
4 20 30 41 
4
3 5 14 29 
5
5 19 20 21 23 
6
8 22 27 31 34 50 
8
5 8 10 20 34 37 38 50 
5
2 3 4 45 46 
12
9 11 13 16 20 23 33 36 37 39 46 47 
9
3 8 18 24 28 29 44 45 49 
6
16 17 35 43 44 48 
4
2 7 22 42 
2
3 49 
4
15 22 29 46 
7
8 9 15 19 36 42 49 
3
2 7 11 
4
6 16 33 49 
1
16 
5
20 27 28 32 37 
4
18 33 43 49 
2
2 17 
7
10 11 24 34 36 41 43 
8
17 23 24 26 32 37 42 47 
3
11 29 46 
5
6 7 9 31 42 
7
4 17 29 34 40 42 46 
4
9 20 40 50 
4
4 16 19 47 
5
7 15 30 38 44 
5
11 32 34 40 44 
3
23 26 27 
8
4 12 18 22 32 35 40 42 
6
2 3 19 20 21 35 
3
17 29 44 
3
17 44 45 
6
3 7 10 24 27 30 
9
3 7 9 10 12 21 33 39 41 
4
12 21 31 41 
4
17 36 41 50 
5
2 5 11 16 48 
4
7 13 38 50 
2
18 49 
3
1 8 20 
2
38 42 
5
1 5 24 28 48 
9
12 13 18 25 27 29 40 46 48 
4
17 23 24 38 
4
5 15 40 47 
4
19 27 38 41 
5
3 4 17 19 50 
4
15 17 28 39 
3
17 48 49 
6
9 10 13 18 27 49 
4
9 32 39 43 
8
11 16 17 20 27 38 39 40 
9
13 14 15 22 24 32 34 42 48 
5
9 17 20 30 31 
5
30 38 39 47 49 
3
5 26 47 
7
6 11 15 18 25 36 44 
5
18 19 29 44 46 
9
4 5 6 7 8 23 25 31 47 
4
2 20 23 38 
2
6 15 
8
5 6 13 17 32 37 43 45 
6
10 24 39 41 42 47 
4
1 6 33 42 
7
21 24 26 31 37 42 45 
5
14 21 24 38 47 
9
2 5 13 14 24 27 35 38 41 
4
2 18 35 40 
7
3 4 8 13 19 24 45 
3
2 27 34 
6
6 7 9 23 41 45 
4
14 30 39 41 
3
21 41 43 
2
21 48 
10
3 8 13 14 19 21 28 36 38 45 
4
9 10 28 31 
1
4 
3
5 29 37 
5
1 17 19 24 34 
3
17 18 26 
7
1 2 10 12 23 39 42 
6
12 15 22 25 27 29 
2
19 37 
2
12 49 
7
3 7 10 11 14 24 48 
8
1 3 7 12 26 30 47 50 
9
11 16 20 24 29 34 36 37 46 
7
17 18 33 34 38 45 50 
2
36 43 
9
6 8 13 14 25 27 30 35 40 
6
7 9 22 37 45 49 
4
10 24 35 49 
2
23 46 
6
19 27 28 43 44 46 
5
2 23 35 36 46 
5
5 7 31 36 47 
5
3 4 11 14 29 
7
5 7 28 33 39 44 46 
5
3 15 30 39 41 
6
13 21 28 36 38 40 
7
3 14 21 31 33 38 39 
8
1 3 5 21 41 42 44 46 
5
24 28 31 40 47 
5
5 10 26 32 45 
5
5 8 10 36 47 
5
4 17 25 37 45 
4
5 12 17 18 
2
2 3 
5
11 17 25 27 30 
8
14 15 20 22 27 28 31 49 
4
1 4 8 46 
6
3 13 25 28 43 46 
5
3 20 25 28 38 
7
9 16 35 37 38 43 44 
9
4 5 15 34 42 45 47 49 50 
5
2 18 43 44 50 
5
19 22 33 34 35 
5
13 15 29 32 43 
8
4 6 15 17 23 26 33 48 
5
17 22 29 47 49 
10
2 3 4 8 9 18 24 25 44 45 
3
15 21 25 
4
4 7 13 48 
8
8 10 19 23 28 35 38 47 
5
18 27 34 44 45 
9
1 15 24 28 32 39 43 45 49 
6
15 19 33 34 39 48 
4
5 31 41 46 
3
13 37 45 
7
1 11 13 22 25 48 50 
8
15 18 19 21 31 32 38 41 
3
26 28 45 
9
2 3 13 19 24 31 32 45 49 
4
11 20 24 29 
5
7 12 21 29 40 
4
6 14 37 39 
5
21 34 35 43 48 
6
7 11 13 15 18 26 
7
2 3 15 17 23 25 44 
2
6 44 
3
8 12 27 
5
3 11 15 25 36 
4
7 35 36 46 
2
5 49 
3
4 9 44 
3
10 20 38 
5
27 30 32 35 36 
4
24 30 38 50 
6
2 10 12 44 45 47 
5
18 23 24 33 45 
4
3 25 43 49 
