75 50
1 1 1 1 1 1 1 1 1 1 1 1 
1 1 1 1 1 1 1 1 1 1 1 1 
1 1 1 1 1 1 1 1 1 1 1 1 
1 1 1 1 1 1 1 1 1 1 1 1 
1 1 
20
4 5 6 8 10 11 13 14 18 25 29 31 
32 36 38 39 41 42 45 47 
15
1 6 9 15 20 21 27 31 32 34 36 37 
41 42 48 
15
1 9 15 16 17 20 22 34 37 38 40 41 
43 44 45 
13
5 17 20 27 28 31 34 36 41 43 46 47 
48 
15
1 3 4 10 11 12 16 18 19 20 21 23 
27 30 44 
19
4 5 9 12 14 17 24 25 26 30 31 33 
35 38 39 44 46 48 50 
15
1 2 9 13 16 18 29 30 31 42 43 44 
46 48 50 
9
2 11 13 15 20 22 26 40 45 
10
17 22 33 34 41 43 46 47 48 50 
17
7 9 13 15 16 20 25 26 32 33 34 35 
37 40 42 43 47 
11
5 6 25 26 29 31 33 42 44 45 47 
12
6 10 12 15 20 21 23 29 34 40 43 47 
11
5 11 12 25 28 30 32 43 44 45 49 
23
2 4 5 6 7 8 10 12 19 23 26 27 
29 35 37 38 40 41 42 44 45 48 49 
19
1 3 4 5 9 13 14 19 20 23 27 30 
33 37 44 45 47 48 50 
21
1 2 4 5 7 9 11 13 16 27 31 32 
35 36 38 39 41 43 45 47 50 
19
5 6 8 10 11 13 19 28 29 30 32 34 
35 36 38 41 43 48 50 
16
2 3 7 9 10 12 13 15 16 26 35 41 
45 46 48 50 
21
1 8 9 11 12 14 15 19 26 27 28 29 
31 33 35 39 40 41 42 44 47 
20
3 13 14 15 17 20 23 24 26 27 28 30 
34 35 36 38 39 40 44 48 
20
1 3 5 7 8 14 16 17 19 21 26 28 
31 33 36 37 40 46 47 49 
9
1 2 4 12 25 28 43 47 50 
19
1 3 4 6 9 10 13 14 16 17 18 23 
27 31 34 40 43 44 46 
13
5 6 7 10 13 16 18 22 28 39 43 47 
50 
14
5 8 12 17 20 21 25 26 33 41 43 44 
46 47 
16
2 4 5 8 14 22 28 30 31 32 33 35 
37 40 44 46 
16
1 3 4 9 10 18 24 29 32 34 35 38 
41 44 47 49 
17
1 5 7 8 16 17 18 19 21 22 23 36 
37 40 45 46 49 
11
2 8 11 15 17 27 30 32 36 37 44 
13
2 9 10 11 19 20 21 22 23 39 43 48 
50 
20
2 3 7 9 10 15 16 17 18 26 28 29 
30 32 35 37 38 40 47 48 
21
3 4 6 7 9 11 15 17 23 25 27 29 
30 32 33 34 35 37 38 40 42 
15
1 2 3 11 16 17 20 27 33 41 43 46 
48 49 50 
10
1 2 7 13 14 31 33 35 43 47 
15
14 18 21 22 23 24 25 28 32 34 36 38 
44 47 48 
17
1 4 5 11 12 18 22 24 28 30 42 43 
44 45 46 48 49 
10
3 6 10 23 27 30 35 37 39 40 
21
2 3 11 12 13 14 21 22 23 24 26 27 
28 30 32 37 38 40 44 49 50 
12
4 9 11 13 21 24 27 31 35 38 41 49 
17
1 2 3 8 11 12 20 21 25 28 30 34 
36 37 42 48 50 
15
1 4 5 16 19 20 21 24 25 28 33 39 
40 46 48 
11
7 16 17 19 22 25 26 27 31 41 47 
19
1 3 4 7 8 16 17 25 26 27 32 33 
36 37 39 40 44 49 50 
16
2 4 6 11 15 18 21 22 25 32 33 38 
40 45 46 48 
19
1 2 5 6 9 15 17 19 24 29 30 31 
33 34 36 41 43 45 46 
20
7 15 16 20 21 22 26 27 28 35 36 37 
38 39 40 43 45 46 47 48 
12
1 2 10 11 19 20 35 38 40 45 46 48 
14
4 5 6 10 17 18 19 25 27 33 35 36 
45 49 
14
2 4 10 11 18 22 27 30 31 32 38 41 
44 47 
16
1 7 9 16 17 19 22 23 25 26 29 37 
41 48 49 50 
19
5 6 7 9 12 14 18 23 24 25 30 32 
33 37 38 39 45 48 50 
17
2 6 7 13 14 20 26 28 34 37 38 41 
42 44 46 48 49 
14
6 11 12 13 16 21 28 29 32 35 42 44 
45 46 
14
1 3 5 9 11 17 22 23 25 26 35 37 
45 46 
9
2 4 9 14 17 23 35 36 42 
20
1 5 8 11 13 22 23 24 29 31 32 34 
35 36 40 45 46 47 48 50 
18
2 5 12 15 17 22 23 24 25 29 31 32 
34 35 36 39 41 48 
11
1 2 3 11 12 20 29 34 37 46 49 
16
1 4 6 8 11 13 14 21 26 28 29 33 
34 36 40 46 
17
2 3 5 6 10 17 18 19 24 30 32 33 
38 39 45 48 50 
12
13 17 20 25 26 27 28 30 34 35 41 44 
17
1 3 4 6 8 12 15 19 21 26 34 35 
36 41 42 44 50 
11
4 10 17 23 25 27 33 38 39 47 49 
8
2 3 4 5 14 23 25 35 
15
5 10 13 14 16 19 26 27 31 33 37 38 
40 46 50 
12
6 7 8 13 14 18 19 21 25 42 43 50 
15
3 6 7 8 10 11 12 18 19 20 25 26 
30 40 49 
13
3 4 10 12 19 21 23 28 31 33 34 38 
48 
16
1 4 5 8 9 12 14 21 27 29 30 34 
35 36 42 48 
12
1 4 5 9 17 18 21 22 27 42 46 48 
20
4 5 6 9 10 11 14 17 23 24 26 31 
34 37 38 40 43 45 49 50 
16
1 2 5 10 12 21 26 27 31 33 34 35 
39 40 44 45 
18
2 7 8 9 14 21 22 24 25 29 31 32 
33 36 37 38 46 49 
15
11 21 24 25 28 29 31 32 34 35 39 40 
41 43 50 
20
1 2 3 4 9 15 18 19 20 23 31 32 
35 37 41 43 44 46 49 50 
