75 50
1 1 1 1 1 1 1 1 1 1 1 1 
1 1 1 1 1 1 1 1 1 1 1 1 
1 1 1 1 1 1 1 1 1 1 1 1 
1 1 1 1 1 1 1 1 1 1 1 1 
1 1 
22
1 5 7 8 13 14 15 19 22 23 25 26 
29 31 37 41 42 44 46 47 49 50 
17
8 12 13 14 21 24 25 26 27 29 33 38 
40 45 47 49 50 
13
4 6 7 9 14 16 17 30 31 36 39 45 
49 
20
5 7 9 10 13 19 20 25 27 28 29 31 
33 36 41 43 46 47 49 50 
22
3 5 6 11 12 13 14 18 20 24 25 26 
29 30 33 34 39 41 42 45 48 50 
15
3 4 7 8 19 25 26 31 35 36 42 44 
45 46 47 
15
2 5 16 17 19 23 24 25 26 32 38 41 
43 45 49 
13
1 5 11 18 22 25 26 28 32 34 42 43 
48 
19
5 7 8 9 13 16 18 19 20 22 23 26 
34 35 38 43 44 47 50 
20
4 5 8 10 11 12 14 15 18 20 21 25 
28 30 33 34 41 45 46 50 
12
1 7 11 14 16 23 24 31 41 44 47 48 
20
1 4 6 12 13 14 17 19 22 23 27 30 
36 39 40 41 45 46 49 50 
17
2 5 10 11 14 15 17 19 28 33 35 36 
37 42 43 48 50 
16
1 10 12 16 18 19 21 25 27 28 29 33 
35 36 44 49 
16
2 9 11 12 13 14 15 17 18 22 25 26 
32 33 45 50 
14
2 6 8 15 17 19 24 28 30 33 39 45 
47 49 
13
1 4 7 9 19 20 23 25 28 38 41 42 
47 
9
1 4 13 14 17 21 26 27 28 
17
6 8 9 10 11 12 14 18 25 31 32 35 
37 42 44 47 50 
16
2 6 8 10 11 16 19 20 24 29 31 35 
37 38 43 45 
18
3 4 5 7 9 12 13 14 16 17 18 20 
21 26 31 33 36 41 
13
4 7 15 16 19 22 23 24 31 33 40 43 
48 
16
4 11 12 13 17 19 20 22 23 24 26 28 
32 36 43 45 
15
4 8 10 12 20 23 24 26 27 28 38 45 
46 47 48 
17
2 6 11 13 17 20 24 27 28 30 34 37 
41 47 48 49 50 
17
2 6 8 13 15 16 17 21 25 26 32 34 
36 41 46 49 50 
14
10 11 13 20 26 37 39 40 42 45 46 47 
48 50 
14
7 9 13 17 19 21 24 27 29 30 37 41 
44 46 
18
4 5 6 15 20 24 26 27 30 31 33 34 
35 41 43 44 45 49 
14
5 7 8 13 16 17 18 22 27 28 30 33 
38 39 
13
7 13 14 15 19 20 28 30 33 43 45 46 
50 
14
2 4 5 10 11 13 14 16 23 25 36 40 
47 48 
11
1 10 15 19 22 25 29 31 36 39 49 
13
2 4 11 15 20 25 27 30 31 39 40 44 
45 
14
5 9 19 22 25 26 27 28 37 41 44 46 
49 50 
11
1 9 13 20 24 33 34 39 42 48 49 
7
8 14 18 26 29 38 46 
17
1 5 10 18 20 21 25 30 31 34 35 39 
43 44 45 46 47 
17
6 11 12 15 19 26 31 33 34 36 41 42 
43 45 46 49 50 
15
1 3 4 10 13 15 16 20 22 24 30 36 
43 45 49 
13
1 2 5 10 11 12 13 24 32 34 44 45 
46 
16
5 6 9 10 11 12 19 32 35 37 39 40 
41 45 47 50 
8
3 9 10 23 27 28 40 45 
14
4 6 7 8 9 10 13 16 25 36 37 41 
48 50 
13
6 10 19 20 23 25 28 33 34 36 37 48 
49 
14
7 10 12 13 31 33 34 36 42 44 45 46 
48 49 
16
2 3 9 15 19 20 21 22 24 27 29 32 
33 38 39 48 
16
1 3 7 10 15 16 17 21 22 25 29 30 
36 37 43 46 
11
10 12 17 19 29 35 40 43 46 47 48 
17
1 4 10 13 16 17 18 19 21 23 30 34 
38 39 43 44 46 
18
1 5 7 12 15 18 19 20 29 30 31 32 
36 38 41 42 48 49 
8
1 3 4 14 20 23 31 46 
14
3 4 7 19 20 23 28 32 34 36 40 41 
43 47 
17
4 8 12 14 17 18 22 23 26 28 30 32 
34 36 39 43 47 
13
3 16 19 20 23 27 35 37 41 42 45 47 
50 
17
1 8 11 12 14 15 18 19 30 33 35 38 
39 40 46 47 50 
13
3 10 15 16 23 24 26 30 34 36 38 46 
49 
12
9 12 13 14 18 24 26 34 38 40 46 48 
14
3 7 9 13 16 19 20 21 24 28 30 31 
33 40 
15
1 4 5 12 17 20 26 31 35 39 40 43 
44 46 50 
12
1 7 8 10 11 21 22 27 32 41 44 45 
17
1 8 10 12 14 18 19 20 21 24 25 27 
28 36 38 39 47 
15
2 10 11 16 22 28 32 35 36 37 41 44 
45 47 49 
20
2 3 7 9 12 15 16 17 22 23 28 29 
30 31 32 33 35 36 41 42 
11
7 17 19 26 27 29 34 36 37 43 49 
19
2 3 5 6 7 10 14 15 16 18 23 24 
26 31 39 45 47 48 50 
16
4 8 12 13 14 15 17 23 24 26 28 31 
40 42 45 50 
17
4 5 8 9 11 12 15 19 20 24 25 31 
35 37 39 42 43 
12
2 9 16 19 20 22 23 25 37 39 40 50 
13
1 21 23 24 26 29 30 31 32 39 40 46 
48 
15
2 9 14 17 18 20 22 28 32 33 37 39 
40 48 50 
12
1 7 22 24 28 31 37 38 39 42 48 50 
13
5 12 14 18 20 24 25 28 34 38 43 47 
49 
21
1 2 5 6 7 9 10 12 14 15 19 21 
22 23 24 38 40 45 47 48 50 
10
1 8 12 13 17 18 19 24 34 50 
