75 50
1 1 1 1 1 1 1 1 1 1 1 1 
1 1 1 1 1 1 1 1 1 1 1 1 
1 1 1 1 1 1 1 1 1 1 1 1 
1 1 1 1 1 1 1 1 1 1 1 1 
1 1 
14
5 10 14 21 28 29 30 31 37 38 42 45 
48 50 
11
8 11 14 18 25 33 36 37 41 43 47 
11
3 5 6 12 16 18 26 27 36 37 38 
13
1 3 5 10 11 13 14 15 26 35 37 44 
45 
15
4 5 6 8 10 13 17 18 24 25 28 37 
38 43 44 
13
8 12 13 21 23 28 33 35 37 39 45 49 
50 
11
1 7 18 22 23 28 34 38 40 45 46 
15
1 5 8 9 12 19 20 21 25 33 34 35 
39 46 50 
17
7 9 10 17 19 22 23 27 29 30 39 42 
44 45 46 48 50 
17
2 4 5 7 13 15 16 18 19 24 28 38 
40 41 45 46 50 
15
1 3 4 5 6 7 20 25 26 38 39 42 
44 49 50 
22
3 4 8 11 12 15 17 19 20 21 23 24 
28 32 38 39 40 41 42 45 46 48 
22
1 2 3 4 5 6 9 12 13 15 18 19 
27 29 31 33 36 43 45 47 49 50 
19
1 4 8 9 12 14 15 18 19 21 27 28 
29 32 35 37 41 42 43 
12
1 7 11 12 18 22 29 40 41 42 44 49 
14
2 3 6 11 13 15 16 19 23 26 27 37 
41 45 
12
4 11 13 14 18 20 22 31 33 35 36 38 
18
2 4 5 7 8 13 15 21 24 25 26 28 
31 33 35 39 44 45 
13
1 2 9 11 13 17 18 21 25 31 35 40 
48 
15
3 5 15 16 17 18 20 26 27 28 30 31 
37 44 49 
12
3 11 15 16 24 27 31 37 38 39 43 45 
18
1 7 8 10 19 21 23 25 26 29 30 31 
32 35 38 39 42 44 
14
2 4 7 16 17 18 24 25 28 31 34 41 
42 49 
13
2 3 9 13 14 18 20 23 35 42 44 47 
48 
13
6 9 10 12 17 20 29 31 33 37 39 45 
50 
14
1 2 3 7 9 17 18 21 27 35 36 39 
49 50 
16
2 6 20 22 25 28 29 30 31 37 38 41 
43 44 47 48 
16
2 7 10 14 19 23 24 25 26 28 30 34 
40 41 44 49 
17
2 3 4 5 11 13 15 20 21 23 29 31 
33 39 42 45 48 
11
1 4 5 8 13 15 16 18 27 40 48 
7
2 5 20 25 48 49 50 
14
3 9 14 15 16 18 23 27 30 34 39 43 
45 46 
17
1 8 11 12 17 18 26 28 30 33 38 40 
41 43 47 48 49 
16
4 6 7 9 14 22 23 26 33 35 36 37 
41 44 45 48 
16
1 5 8 11 13 19 23 25 26 30 32 35 
36 42 46 49 
9
2 5 8 15 17 18 24 33 35 
15
1 9 10 14 22 23 24 25 27 29 38 39 
45 49 50 
17
3 7 9 16 22 25 27 29 30 31 33 37 
38 41 45 46 49 
18
2 4 8 10 15 16 20 22 28 30 33 34 
35 36 40 41 43 50 
14
3 5 10 11 12 14 15 27 28 33 37 43 
48 50 
21
1 2 3 4 6 7 8 14 15 16 18 20 
26 27 28 30 33 34 37 42 45 
8
1 15 17 18 23 31 41 50 
11
2 5 9 18 20 22 24 25 26 44 47 
13
6 9 11 18 19 23 24 26 34 35 41 46 
49 
21
1 2 3 5 7 14 18 20 21 22 27 31 
35 38 40 41 43 45 47 48 50 
19
3 4 12 14 16 17 18 19 25 28 30 31 
33 34 42 44 46 49 50 
14
2 7 15 17 20 21 26 27 35 36 45 46 
47 50 
11
4 13 14 21 23 24 26 31 32 33 47 
22
6 8 11 15 17 22 23 24 27 30 31 32 
33 35 37 38 40 41 46 47 49 50 
17
2 5 13 19 20 21 22 26 29 30 32 37 
38 41 44 46 50 
20
5 7 8 9 12 15 16 17 19 20 21 22 
24 26 29 34 37 38 41 50 
15
8 13 14 15 17 20 26 28 29 30 33 35 
41 45 50 
16
1 5 7 9 10 14 18 24 25 32 33 34 
42 45 46 48 
15
4 5 13 15 18 20 22 23 25 27 29 31 
33 44 45 
12
1 5 6 18 20 21 25 34 36 37 38 43 
11
2 3 4 8 9 14 15 29 35 38 40 
14
16 21 23 27 30 33 36 38 39 44 46 48 
49 50 
18
1 2 5 8 9 11 12 14 15 19 22 38 
40 41 42 48 49 50 
10
9 10 17 19 24 29 34 39 41 46 
16
6 7 8 9 10 18 22 23 24 34 36 38 
41 42 49 50 
18
9 10 13 15 21 22 24 25 29 30 31 34 
37 38 41 44 46 48 
17
1 6 12 13 17 18 19 23 25 27 30 32 
33 34 35 44 48 
11
1 2 4 8 12 20 28 31 33 37 47 
13
4 7 9 14 16 26 32 37 40 43 44 48 
50 
13
8 9 15 16 18 19 21 22 30 37 43 45 
47 
14
1 2 5 6 9 11 13 19 27 29 36 39 
45 49 
14
1 3 4 5 7 8 12 15 19 21 28 29 
44 45 
15
1 2 6 7 9 12 13 16 27 31 32 33 
41 44 50 
13
2 4 10 14 15 19 20 22 27 28 33 36 
45 
14
1 4 5 10 16 19 21 22 28 41 45 46 
47 48 
15
4 5 7 9 13 18 19 23 24 25 27 29 
39 40 48 
15
1 5 7 8 10 14 19 31 35 41 43 44 
45 48 49 
21
1 2 7 8 9 12 13 14 16 18 22 23 
25 29 30 33 38 40 41 46 47 
19
1 3 4 9 11 15 17 18 19 20 21 23 
25 31 36 39 41 48 50 
21
3 5 6 9 13 14 18 19 20 21 23 24 
28 30 32 36 39 42 43 45 47 
