75 50
1 1 1 1 1 1 1 1 1 1 1 1 
1 1 1 1 1 1 1 1 1 1 1 1 
1 1 1 1 1 1 1 1 1 1 1 1 
1 1 1 1 1 1 1 1 1 1 1 1 
1 1 
13
5 13 16 18 19 23 29 36 39 43 44 47 
49 
18
2 5 7 9 10 12 14 17 18 24 27 32 
34 37 42 43 44 47 
9
1 3 7 8 13 20 26 43 44 
11
1 3 8 11 17 18 20 41 43 44 47 
14
3 7 15 16 17 22 28 34 37 39 43 45 
46 50 
13
1 2 5 7 11 13 20 26 31 38 46 47 
49 
14
1 6 9 12 15 23 27 33 34 37 42 46 
47 48 
20
5 9 11 13 17 19 20 22 24 27 30 32 
33 34 40 41 42 44 46 49 
10
5 6 9 11 12 19 26 31 40 50 
15
8 9 16 18 22 28 30 32 34 37 38 39 
44 48 50 
19
1 3 4 5 13 14 23 25 26 27 28 29 
30 33 39 40 41 44 46 
13
1 2 6 8 12 13 17 18 22 36 38 44 
47 
18
1 3 8 9 12 17 22 26 28 29 33 35 
40 42 44 46 48 49 
21
2 9 11 15 16 17 18 19 20 26 29 31 
32 33 37 38 39 42 44 48 50 
13
1 2 16 18 19 20 21 23 29 31 34 36 
40 
14
1 2 5 6 14 16 28 32 35 36 38 40 
45 49 
15
1 4 5 10 13 26 27 28 30 31 41 42 
44 47 49 
15
6 9 10 11 14 20 28 29 37 41 43 44 
47 48 50 
13
2 5 10 12 20 25 28 29 34 41 42 46 
47 
16
6 7 9 11 12 18 21 22 28 34 37 42 
43 44 45 49 
17
3 4 10 13 14 15 16 20 22 25 29 31 
37 39 41 43 44 
11
8 17 32 33 37 38 41 43 45 49 50 
17
2 6 11 14 18 22 23 24 25 29 30 36 
37 38 39 44 49 
17
1 2 3 4 5 7 12 16 21 22 23 31 
32 33 38 46 47 
14
1 9 15 16 19 20 27 28 29 30 31 36 
37 46 
20
1 5 7 8 9 11 13 15 17 18 19 23 
24 29 33 38 39 40 42 44 
15
1 2 5 11 12 13 15 19 20 22 35 36 
37 41 48 
10
3 9 18 21 26 29 32 40 43 48 
17
4 5 6 8 12 14 15 16 20 22 27 28 
35 44 45 46 49 
18
1 11 12 13 15 18 20 21 27 29 30 31 
33 41 44 45 46 49 
17
1 2 4 8 13 17 18 19 20 22 26 27 
28 30 31 38 46 
18
1 2 4 6 12 15 16 17 18 22 25 30 
31 35 36 47 48 49 
17
5 7 14 17 20 23 24 31 32 35 36 39 
40 42 43 45 49 
11
2 4 5 6 9 12 17 34 35 39 47 
10
8 11 15 16 19 32 34 45 46 47 
15
3 6 7 12 17 18 23 29 36 37 38 39 
44 47 49 
12
5 10 19 23 24 29 30 31 39 43 44 48 
13
2 4 5 8 10 12 16 17 20 25 31 46 
49 
16
2 6 11 12 15 21 22 25 29 30 36 38 
42 45 48 50 
15
1 5 12 14 20 23 25 29 34 37 42 44 
45 48 50 
11
5 6 7 8 10 17 28 32 41 43 44 
19
2 5 9 10 11 14 17 23 24 26 30 33 
35 36 40 42 43 48 50 
12
3 12 14 16 31 35 38 39 41 45 49 50 
16
1 2 6 13 16 21 22 26 29 30 32 38 
39 42 47 48 
13
7 13 18 20 22 25 28 35 37 40 47 48 
49 
16
4 11 12 14 15 17 22 23 25 29 31 39 
45 46 48 49 
14
5 11 15 16 20 30 34 38 39 40 43 45 
46 48 
15
6 8 12 13 20 21 25 29 31 32 38 42 
43 44 47 
15
1 7 8 10 14 17 23 25 28 29 32 35 
47 48 49 
9
14 17 21 27 32 37 42 44 45 
13
6 13 14 15 17 18 23 25 26 28 39 41 
45 
21
1 2 3 8 13 14 26 27 28 31 32 33 
34 35 36 38 39 40 43 44 50 
19
1 2 3 5 6 7 10 15 16 17 21 23 
25 26 27 35 42 45 50 
16
3 7 17 19 20 21 28 29 30 32 33 40 
42 44 46 47 
11
1 2 3 4 7 8 34 35 37 46 47 
11
5 10 14 21 23 24 27 32 38 44 46 
18
2 4 5 6 8 9 15 16 18 19 25 29 
32 34 36 37 38 43 
13
7 8 10 11 14 20 21 23 33 40 43 46 
47 
14
4 7 15 17 19 25 28 29 33 37 41 43 
48 49 
18
1 2 8 12 22 24 25 26 27 33 40 41 
42 45 46 47 48 50 
13
3 5 9 14 20 27 28 32 42 44 47 49 
50 
15
1 6 7 8 9 14 16 17 19 22 30 34 
37 38 49 
15
3 10 15 18 20 28 30 31 32 33 34 38 
44 46 49 
16
3 4 5 9 13 18 20 26 29 30 31 34 
40 41 44 45 
14
17 18 19 22 27 29 32 35 36 40 41 44 
48 49 
9
3 6 14 19 37 38 42 43 50 
14
9 10 14 16 21 23 29 32 35 36 39 41 
45 50 
18
2 3 4 6 13 16 18 21 22 25 27 32 
37 39 41 42 45 47 
17
2 3 8 9 11 13 15 16 17 19 23 25 
29 30 31 32 35 
18
3 10 14 18 21 22 24 26 32 34 37 39 
40 42 43 44 46 48 
15
1 6 10 12 13 14 24 32 36 38 39 42 
43 44 48 
16
1 5 13 19 22 24 26 27 28 33 34 39 
40 42 43 50 
19
1 2 4 8 10 12 13 19 20 22 23 25 
27 29 30 33 44 45 49 
12
3 5 8 11 13 19 20 25 29 30 36 39 
17
1 7 8 9 10 14 23 26 30 31 38 41 
42 45 46 47 49 
