75 50
1 1 1 1 1 1 1 1 1 1 1 1 
1 1 1 1 1 1 1 1 1 1 1 1 
1 1 1 1 1 1 1 1 1 1 1 1 
1 1 1 1 1 1 1 1 1 1 1 1 
1 1 
8
1 15 16 18 19 27 40 50 
17
1 5 8 11 14 15 17 18 26 27 29 30 
33 34 36 39 47 
19
3 7 8 12 16 19 23 24 26 30 31 33 
34 36 37 39 41 45 50 
14
2 6 12 13 14 17 24 25 33 36 42 45 
46 50 
12
3 8 16 17 25 26 30 33 35 40 44 46 
17
1 2 6 7 8 10 11 13 16 22 24 26 
36 42 43 45 48 
14
4 6 8 14 17 19 20 23 28 31 34 37 
41 44 
11
5 8 14 20 33 36 37 41 42 45 46 
10
10 14 17 22 24 27 29 30 40 43 
16
3 6 7 8 9 11 15 17 20 21 24 31 
33 39 42 44 
13
2 3 27 28 30 36 37 43 44 45 47 48 
50 
9
1 2 4 10 12 19 31 36 43 
16
2 3 10 14 15 16 17 20 25 30 35 41 
42 43 44 45 
13
2 3 7 12 17 19 35 40 41 42 45 46 
47 
16
2 4 14 16 17 22 24 31 36 37 41 42 
43 45 47 50 
14
1 5 6 7 11 16 24 26 32 37 38 40 
46 47 
18
1 2 8 9 12 13 17 18 22 29 30 32 
33 41 44 48 49 50 
15
2 4 6 9 14 19 27 29 35 38 43 44 
46 49 50 
16
1 4 10 11 16 23 24 28 30 34 35 37 
40 45 47 49 
17
4 5 6 13 16 17 18 20 23 24 32 35 
40 47 48 49 50 
8
5 6 11 33 34 35 43 50 
14
4 8 15 17 21 26 29 34 36 39 41 43 
45 48 
14
1 3 10 14 18 19 20 33 40 41 42 43 
44 45 
19
1 9 12 13 14 15 16 17 19 22 23 30 
31 35 37 38 47 48 50 
11
2 7 10 28 29 34 36 37 40 46 48 
12
4 7 13 15 20 23 33 34 36 39 41 46 
15
5 7 9 10 14 15 18 19 23 25 30 31 
35 36 42 
14
3 5 7 9 12 17 18 22 28 39 40 41 
45 48 
14
3 6 8 9 10 12 15 17 24 38 42 43 
44 45 
14
3 12 14 18 19 20 21 23 32 39 43 45 
47 48 
12
10 14 17 20 22 26 29 30 36 43 49 50 
16
3 7 9 10 11 19 20 21 23 24 30 35 
36 37 41 45 
23
1 3 5 6 7 8 11 12 13 14 15 16 
21 24 26 29 33 36 37 38 44 45 49 
12
1 3 5 13 16 20 23 26 32 33 38 40 
21
1 4 6 14 15 20 22 24 26 29 30 32 
33 36 37 39 40 41 42 43 47 
15
14 19 20 21 25 26 29 30 31 32 33 36 
42 47 48 
14
3 4 6 8 12 13 21 22 26 29 36 37 
39 46 
19
3 4 5 6 9 10 12 14 20 21 33 34 
38 39 43 44 45 47 50 
19
1 4 5 9 10 11 15 17 19 21 22 26 
27 29 32 36 41 43 49 
13
5 7 14 27 31 34 36 40 42 44 46 48 
50 
13
2 5 6 11 14 16 24 28 30 37 39 45 
48 
20
1 2 8 9 10 18 22 23 24 25 32 33 
35 36 37 41 42 43 46 49 
13
1 4 5 10 11 13 14 17 24 33 34 43 
45 
18
1 2 5 6 9 10 11 16 21 23 24 27 
30 33 40 42 45 48 
17
1 2 7 9 15 21 23 31 34 35 36 38 
39 41 42 44 47 
13
5 6 7 8 9 17 18 22 24 30 34 35 
43 
11
1 2 6 30 31 33 34 39 41 44 46 
11
2 4 5 9 10 25 36 37 38 39 41 
14
1 9 10 13 14 16 24 30 31 36 37 39 
42 44 
15
3 6 7 8 16 17 19 20 22 24 35 41 
43 47 49 
11
3 4 7 11 16 21 24 28 38 39 42 
17
5 6 10 15 16 25 26 32 34 36 37 38 
40 44 48 49 50 
17
3 9 13 14 15 17 24 27 28 29 31 32 
33 37 39 44 46 
12
4 15 18 20 21 28 29 32 34 37 39 45 
17
1 2 9 10 12 13 14 15 17 19 27 37 
41 43 45 46 48 
15
2 5 7 11 17 20 21 22 25 28 32 33 
36 44 49 
18
3 4 7 8 9 13 15 20 21 26 28 30 
37 40 43 46 47 50 
16
5 9 10 12 15 17 18 19 26 32 34 37 
38 40 43 49 
11
7 8 9 13 14 17 22 26 41 46 47 
14
1 8 13 15 16 21 25 26 31 37 38 40 
45 46 
12
1 3 4 9 10 16 21 23 29 41 45 50 
17
2 4 5 7 8 10 11 13 15 16 20 26 
28 29 31 47 50 
14
3 7 10 16 18 21 22 23 25 27 32 38 
45 49 
15
1 3 4 11 21 22 25 28 32 40 41 43 
44 45 50 
13
4 10 19 24 29 30 31 32 34 36 45 46 
48 
16
3 5 6 12 16 19 21 25 27 31 39 43 
44 45 48 50 
20
3 6 8 11 12 13 14 16 17 20 21 23 
32 34 36 40 44 47 48 49 
14
2 4 6 8 10 16 24 25 31 37 40 43 
44 50 
18
3 5 6 8 9 11 12 13 17 23 24 30 
33 34 35 38 39 50 
15
1 3 8 11 15 17 21 24 26 32 33 34 
41 43 48 
15
3 4 8 10 11 15 16 19 25 31 35 36 
39 41 42 
14
8 10 23 26 29 30 32 36 39 40 41 42 
48 49 
14
8 14 17 20 26 27 30 33 39 40 41 42 
43 44 
17
3 12 17 20 22 24 32 33 34 35 36 38 
42 43 45 48 49 
15
6 7 11 13 21 23 26 27 33 36 39 41 
45 46 50 
