200 50
1 1 1 1 1 1 1 1 1 1 1 1 
1 1 1 1 1 1 1 1 1 1 1 1 
1 1 1 1 1 1 1 1 1 1 1 1 
1 1 1 1 1 1 1 1 1 1 1 1 
1 1 
15
2 5 10 14 15 18 19 20 24 33 37 44 
45 46 47 
15
4 6 9 10 13 15 17 21 22 30 32 38 
41 43 49 
17
5 9 11 13 15 17 22 27 28 32 33 35 
38 43 47 49 50 
16
3 4 6 9 14 20 25 26 28 33 35 37 
39 42 46 48 
12
5 10 12 14 22 30 31 33 34 35 43 46 
11
1 3 7 21 24 26 28 29 38 39 48 
19
1 3 6 7 8 11 14 15 16 17 27 28 
35 36 39 41 42 44 46 
16
1 5 7 12 17 22 24 26 29 34 36 39 
41 47 48 50 
15
1 6 11 14 19 21 22 24 26 29 30 32 
40 42 49 
14
2 4 8 11 13 16 20 23 29 31 37 41 
46 50 
12
6 9 11 14 15 21 22 25 29 33 40 44 
14
10 12 15 16 19 20 32 38 39 41 42 44 
46 50 
11
5 10 24 26 29 30 33 41 42 43 45 
9
14 15 18 19 31 32 41 42 49 
21
3 5 6 8 9 10 12 17 20 22 25 27 
32 34 35 38 39 40 41 45 48 
12
1 9 10 21 22 25 26 28 33 34 39 50 
22
3 5 13 14 15 17 18 20 26 27 28 29 
30 31 33 35 36 38 39 42 44 45 
12
1 6 15 17 29 34 36 38 39 43 46 47 
11
4 10 16 23 30 36 41 43 44 47 50 
15
7 12 18 22 24 31 33 34 35 41 42 44 
45 47 50 
13
4 7 8 15 17 23 25 27 29 32 37 41 
43 
17
1 2 8 9 10 12 17 27 36 38 39 41 
42 43 45 47 49 
18
1 11 15 17 19 20 27 31 33 34 36 38 
40 42 44 45 46 50 
21
1 2 7 9 10 11 14 15 17 20 24 25 
27 29 30 31 32 36 37 39 45 
13
1 6 11 14 16 28 30 31 35 40 43 47 
49 
20
2 6 7 11 12 13 17 18 19 22 24 25 
27 28 32 33 36 39 46 49 
20
1 2 3 5 8 14 17 19 20 22 24 26 
27 28 29 31 35 39 40 45 
20
1 2 5 6 8 11 17 18 25 27 29 31 
33 36 38 40 42 45 46 47 
19
2 12 14 15 18 20 22 26 30 32 33 39 
40 41 42 44 45 46 50 
20
2 4 6 8 15 21 22 23 27 28 29 36 
37 39 41 42 43 44 48 50 
16
11 14 17 18 19 22 24 26 29 30 35 38 
41 46 47 50 
13
4 10 12 17 24 25 27 29 31 36 43 47 
49 
16
1 4 8 16 17 28 30 31 32 34 43 45 
46 47 48 49 
13
2 18 23 26 28 31 35 36 38 42 43 45 
48 
9
3 9 13 15 16 26 28 36 41 
19
3 7 8 12 17 19 20 22 24 26 30 31 
33 37 38 39 41 46 50 
17
1 5 6 7 11 13 14 21 22 24 25 26 
27 30 31 36 38 
12
3 17 23 25 32 34 36 39 41 42 44 49 
15
8 10 14 16 23 25 27 29 31 35 37 43 
45 46 50 
24
1 3 5 6 9 10 16 21 22 23 24 27 
28 34 35 37 38 39 41 45 46 48 49 50 
18
1 2 5 11 12 14 17 24 26 27 29 31 
32 34 38 41 42 45 
21
3 4 8 12 13 14 15 19 21 24 26 27 
29 30 31 33 37 38 40 46 49 
11
7 10 11 17 21 22 25 29 41 47 50 
11
5 7 11 13 22 26 27 37 43 48 49 
18
5 7 9 12 13 16 17 18 20 23 25 32 
33 38 42 45 47 50 
17
1 5 8 9 11 14 17 21 22 24 27 34 
35 38 39 48 50 
15
2 8 11 13 19 20 24 25 30 33 41 43 
46 49 50 
9
1 7 10 13 21 28 39 40 41 
11
1 6 8 13 23 28 34 37 40 46 48 
19
2 3 4 7 11 12 18 21 24 25 28 29 
30 33 35 36 37 40 47 
19
1 3 5 10 11 12 13 14 17 18 20 25 
27 31 33 34 39 40 42 
13
2 5 14 15 16 22 24 28 42 43 46 49 
50 
19
1 3 7 8 9 12 14 15 17 19 22 31 
33 37 41 44 45 47 50 
11
9 18 19 21 22 29 32 41 44 45 46 
10
4 17 20 24 26 27 37 47 48 50 
15
2 5 9 14 16 24 25 36 37 40 41 42 
43 44 49 
14
3 6 8 12 17 18 20 22 30 36 37 40 
43 45 
18
1 3 5 9 10 12 13 15 16 19 29 35 
40 41 42 45 47 50 
26
2 4 5 8 13 14 17 18 20 23 24 25 
27 29 30 31 33 34 37 38 39 40 42 44 
48 49 
14
1 5 6 9 10 12 23 25 26 27 41 44 
46 47 
12
5 9 10 11 25 31 33 34 43 44 48 49 
10
6 9 14 19 32 35 41 42 45 46 
15
4 5 8 9 11 13 14 19 21 23 24 26 
31 35 39 
17
4 6 7 8 13 15 18 20 23 26 32 33 
36 37 38 46 49 
20
1 2 7 11 12 13 16 19 20 22 24 28 
29 30 34 35 36 42 44 49 
16
2 3 5 6 10 21 24 26 27 33 37 40 
43 44 45 48 
13
11 12 13 20 26 27 32 34 35 37 41 42 
44 
16
2 4 7 10 17 20 21 22 23 24 25 34 
36 44 45 47 
10
4 5 11 21 25 27 30 35 39 45 
13
16 26 28 29 30 31 36 37 39 42 43 46 
50 
17
6 9 11 15 16 17 19 20 23 24 27 29 
31 36 38 40 45 
19
1 2 4 5 8 9 10 15 16 17 19 20 
28 32 35 38 45 47 48 
16
2 8 9 13 17 21 22 26 31 35 36 38 
40 42 46 48 
17
7 10 11 12 13 16 21 30 34 35 40 41 
43 44 47 48 50 
16
3 4 5 9 17 19 27 29 31 34 37 40 
46 47 48 50 
19
2 3 4 6 7 8 9 11 13 17 23 24 
26 30 32 34 35 44 48 
13
7 10 11 14 26 28 30 34 37 39 40 42 
46 
15
1 3 7 8 9 16 17 18 19 20 21 29 
37 39 48 
19
2 7 9 11 13 14 15 18 19 21 26 30 
31 35 37 39 43 44 50 
16
3 4 16 22 26 27 28 29 31 32 34 39 
40 42 47 50 
14
10 12 13 14 18 19 23 31 32 33 36 45 
48 50 
22
3 5 6 8 9 10 12 15 21 22 23 24 
25 27 29 30 35 42 43 45 49 50 
13
5 11 13 18 24 30 33 36 37 38 40 41 
49 
15
1 5 6 15 21 23 27 28 33 34 38 41 
42 44 47 
18
1 2 5 7 9 10 12 16 18 22 24 33 
34 36 39 44 46 49 
13
12 14 16 17 20 23 25 27 31 34 36 37 
44 
22
1 2 4 5 6 7 9 10 15 16 17 19 
21 22 24 29 30 41 45 46 48 50 
17
7 9 13 14 15 16 25 26 27 29 34 35 
40 42 46 48 49 
16
2 5 6 9 15 16 18 24 28 32 33 37 
38 42 43 47 
17
2 3 9 13 17 19 28 29 30 32 36 38 
39 40 44 45 46 
15
2 4 14 20 22 24 28 32 34 35 36 39 
41 45 50 
13
1 4 5 9 12 15 19 21 26 30 40 48 
49 
14
3 5 7 9 10 14 15 21 23 28 37 41 
42 45 
19
2 4 5 10 11 13 16 23 25 26 28 30 
31 35 36 37 48 49 50 
22
3 5 8 9 13 15 16 18 19 20 21 25 
26 31 35 36 37 41 42 46 47 48 
15
1 2 4 6 13 14 16 19 23 24 26 27 
43 46 50 
17
6 8 11 12 13 19 22 25 27 31 32 36 
45 46 48 49 50 
13
2 4 7 18 19 20 21 22 27 31 33 48 
49 
22
1 2 3 4 9 11 13 14 16 17 20 21 
27 28 30 34 37 38 44 45 46 50 
16
6 7 8 15 24 26 27 29 31 34 38 39 
42 43 46 48 
14
1 9 12 13 15 17 19 25 29 30 37 40 
41 43 
13
11 13 16 18 19 23 25 34 38 46 47 48 
49 
8
21 24 25 28 33 35 37 49 
17
2 5 6 9 11 13 19 20 24 29 32 33 
39 43 46 47 48 
9
2 13 21 26 28 31 45 47 50 
21
2 3 4 5 10 11 14 17 21 22 24 25 
26 30 31 32 33 37 39 42 47 
18
1 2 3 5 9 18 20 23 24 26 27 33 
34 36 41 47 49 50 
15
2 7 8 12 14 21 24 25 27 31 35 36 
39 47 49 
16
2 3 6 8 9 10 12 21 22 23 32 33 
39 43 44 45 
14
2 5 6 10 13 14 19 26 37 38 40 45 
46 50 
12
1 4 9 12 19 21 25 33 38 43 45 49 
17
1 2 4 6 12 14 20 21 26 33 36 37 
41 45 46 47 49 
14
3 4 9 14 16 18 22 28 29 33 35 37 
47 48 
11
5 9 12 13 20 31 38 39 41 46 47 
13
1 10 12 23 24 31 41 42 43 45 46 47 
48 
17
4 5 9 10 11 14 15 22 27 29 30 35 
36 41 42 43 48 
10
3 13 15 19 27 35 38 39 40 44 
21
7 8 11 12 13 16 18 22 27 29 34 35 
37 39 42 43 44 45 48 49 50 
13
2 6 12 14 19 20 22 23 31 33 35 39 
40 
22
2 4 5 9 11 12 16 17 18 19 20 25 
29 30 35 38 40 44 45 47 49 50 
19
2 3 9 12 13 17 20 21 26 28 33 34 
38 40 42 43 44 45 47 
16
3 5 9 21 25 26 27 28 29 32 37 39 
40 43 44 50 
13
1 2 5 6 9 13 14 15 27 37 45 46 
47 
12
1 2 3 4 6 14 16 18 26 32 39 46 
13
5 6 7 8 16 18 19 25 35 40 44 47 
50 
9
5 9 16 17 19 20 25 37 47 
15
3 8 9 11 16 19 23 25 26 33 34 37 
39 42 43 
10
4 6 15 24 32 38 42 46 47 48 
14
5 7 12 17 19 23 26 27 28 29 36 37 
42 45 
9
10 14 15 27 28 39 45 47 49 
11
4 5 15 16 20 26 29 35 42 44 49 
20
1 2 3 9 11 21 22 23 25 26 27 29 
31 33 36 37 39 42 43 46 
18
4 7 8 17 18 19 21 26 28 30 33 35 
39 42 43 45 46 48 
23
1 7 9 11 12 13 14 15 17 18 19 20 
22 23 24 25 26 27 28 33 34 40 45 
16
1 2 3 4 6 8 13 16 20 24 32 37 
42 44 46 47 
14
1 6 7 16 20 21 23 26 29 30 35 42 
43 50 
16
6 11 15 18 21 25 26 27 30 33 37 40 
43 44 45 46 
18
2 4 5 9 11 13 14 16 19 22 30 31 
37 40 41 42 46 49 
13
5 15 16 22 24 25 28 31 35 38 40 41 
45 
18
1 6 8 9 10 15 16 18 20 22 26 29 
30 36 40 41 43 45 
16
2 3 12 14 23 25 26 27 28 31 32 38 
46 47 48 50 
12
1 6 7 8 12 14 17 18 23 24 33 48 
10
1 3 6 11 17 19 25 29 43 48 
17
3 5 7 9 13 19 24 32 33 34 39 41 
43 44 47 48 50 
18
1 5 13 21 23 25 27 29 32 33 37 40 
42 43 44 45 46 48 
15
3 4 8 9 13 17 30 35 37 39 40 41 
43 46 47 
12
1 2 4 14 16 18 19 21 34 37 44 45 
18
4 7 8 12 15 16 21 23 27 29 33 37 
41 42 43 44 45 46 
15
1 7 8 11 12 21 22 23 26 32 40 41 
44 45 49 
8
4 7 13 17 28 42 45 46 
12
1 6 7 8 9 10 19 28 32 37 38 40 
11
3 4 6 8 18 27 28 35 38 40 47 
19
2 4 14 15 19 20 21 24 25 27 28 30 
31 32 33 35 39 42 46 
11
3 8 11 19 21 23 25 28 29 39 40 
11
2 14 19 23 28 32 33 38 46 47 50 
15
5 8 9 11 13 18 19 22 31 33 39 41 
42 47 50 
10
1 5 6 12 15 21 25 29 32 34 
17
2 4 10 17 18 19 22 24 25 27 29 32 
36 39 40 41 44 
14
3 4 15 16 20 21 24 25 28 29 39 42 
46 50 
13
2 11 12 15 16 18 22 30 33 34 40 46 
47 
20
1 3 5 6 9 10 15 16 18 22 23 25 
26 28 37 40 41 42 43 47 
20
1 2 3 5 9 12 14 18 19 20 25 27 
28 31 34 37 40 43 46 47 
17
6 10 14 17 19 22 25 27 29 31 34 35 
36 37 39 43 47 
14
1 2 5 16 19 22 23 26 31 35 37 38 
39 42 
14
1 3 9 13 18 19 25 27 40 41 42 46 
48 49 
15
7 10 12 15 19 20 22 28 29 30 31 36 
39 46 47 
12
5 7 19 20 21 22 23 24 25 40 42 50 
8
7 9 12 13 14 31 38 42 
11
16 18 21 26 33 34 35 38 39 40 49 
17
1 2 5 11 12 14 15 25 31 32 36 40 
41 43 46 48 49 
14
7 10 13 17 23 24 30 31 36 37 41 42 
44 47 
14
2 5 6 14 16 18 29 30 34 36 38 42 
47 50 
11
4 7 14 15 20 21 27 30 34 36 44 
12
6 8 10 13 15 17 23 26 29 31 41 48 
15
5 7 14 15 16 19 22 24 26 28 33 35 
41 44 47 
18
3 4 7 9 16 17 18 19 23 24 27 30 
31 35 38 41 43 45 
19
1 4 7 14 15 16 17 18 21 24 27 36 
37 38 39 43 44 48 50 
15
6 8 9 15 21 22 25 26 31 32 33 34 
36 42 48 
13
4 13 16 17 19 20 29 31 35 36 41 42 
43 
15
1 10 21 25 28 29 31 32 33 37 41 42 
44 49 50 
23
2 3 4 5 6 7 10 14 16 18 19 26 
29 30 32 37 40 42 43 47 48 49 50 
15
4 5 10 16 23 27 28 30 31 33 34 35 
36 48 50 
16
1 8 10 11 15 19 22 27 32 34 35 37 
38 40 44 46 
11
9 10 14 15 29 30 33 35 37 38 49 
16
4 11 13 21 25 26 27 30 31 32 34 35 
36 38 39 44 
20
2 7 10 13 14 15 16 17 18 20 21 25 
27 31 38 40 43 44 45 47 
12
3 7 8 13 15 22 28 29 31 33 37 47 
18
7 8 16 17 18 21 22 23 26 28 29 30 
31 34 35 39 41 46 
13
1 4 14 18 19 23 24 27 30 31 35 40 
50 
16
1 3 4 5 9 11 18 20 23 25 27 30 
33 40 42 50 
16
2 3 8 11 15 17 19 20 21 24 30 34 
35 36 41 42 
14
6 9 11 13 20 21 23 26 29 32 34 39 
49 50 
13
4 7 10 14 16 18 20 23 28 33 35 44 
45 
18
2 5 8 11 12 16 17 20 21 22 23 24 
31 35 37 39 41 46 
16
1 2 6 10 11 16 18 20 23 28 34 36 
39 43 46 47 
13
2 7 9 12 14 30 33 41 42 43 48 49 
50 
14
1 15 16 19 20 21 24 26 28 31 32 38 
44 45 
13
2 3 7 17 23 26 27 30 40 44 46 48 
50 
18
4 8 9 13 15 16 18 20 22 30 33 39 
40 41 42 43 48 49 
17
8 13 14 15 18 21 24 26 29 31 39 43 
44 45 47 48 50 
