200 200
1 1 1 1 1 1 1 1 1 1 1 1 
1 1 1 1 1 1 1 1 1 1 1 1 
1 1 1 1 1 1 1 1 1 1 1 1 
1 1 1 1 1 1 1 1 1 1 1 1 
1 1 1 1 1 1 1 1 1 1 1 1 
1 1 1 1 1 1 1 1 1 1 1 1 
1 1 1 1 1 1 1 1 1 1 1 1 
1 1 1 1 1 1 1 1 1 1 1 1 
1 1 1 1 1 1 1 1 1 1 1 1 
1 1 1 1 1 1 1 1 1 1 1 1 
1 1 1 1 1 1 1 1 1 1 1 1 
1 1 1 1 1 1 1 1 1 1 1 1 
1 1 1 1 1 1 1 1 1 1 1 1 
1 1 1 1 1 1 1 1 1 1 1 1 
1 1 1 1 1 1 1 1 1 1 1 1 
1 1 1 1 1 1 1 1 1 1 1 1 
1 1 1 1 1 1 1 1 
63
2 7 11 13 17 19 23 25 31 34 41 42 
45 46 48 51 54 65 66 70 79 83 85 91 
95 96 98 101 106 109 110 111 114 120 122 127 
132 134 135 136 137 140 145 149 152 153 155 161 
162 163 165 168 170 171 173 175 188 191 192 196 
197 199 200 
51
11 15 25 29 33 34 40 43 45 49 53 54 
57 60 63 64 65 68 69 71 81 84 85 86 
94 99 100 106 107 120 136 138 139 140 146 147 
148 152 158 160 165 166 169 176 177 179 180 181 
182 187 193 
70
4 5 6 7 9 14 20 22 23 29 31 33 
38 39 40 43 44 49 50 51 52 54 55 68 
69 71 72 75 78 80 83 84 91 92 98 101 
107 115 116 117 119 121 123 124 127 137 138 139 
141 142 145 147 149 150 152 153 162 169 171 172 
177 179 186 188 189 190 193 194 195 196 
65
3 5 6 8 14 15 16 17 20 30 36 39 
40 42 44 49 54 57 60 64 68 71 72 76 
77 81 90 98 100 103 108 109 110 111 113 115 
120 121 122 123 127 131 133 135 137 142 145 149 
151 152 156 165 166 168 169 171 176 177 183 184 
186 189 190 193 194 
65
2 3 5 7 9 12 13 16 19 24 25 26 
29 32 35 39 40 41 44 49 56 57 60 62 
63 65 70 73 74 75 76 80 81 82 85 89 
95 98 114 115 118 121 124 125 128 130 140 144 
146 148 152 153 156 158 161 166 168 177 180 183 
185 187 190 196 197 
57
1 2 3 13 19 22 23 24 26 36 41 43 
44 46 47 55 61 67 72 73 82 84 87 91 
94 97 105 106 113 117 122 127 133 135 143 146 
150 151 161 163 165 168 174 175 176 182 184 185 
186 189 191 192 193 195 198 199 200 
58
3 4 5 7 9 10 11 21 22 24 27 29 
45 46 47 52 56 57 65 75 76 78 83 87 
89 91 92 101 102 103 110 113 114 118 119 121 
138 140 151 152 154 157 158 159 162 163 169 170 
171 177 180 182 184 189 193 194 198 199 
60
4 6 7 8 15 17 21 22 23 24 28 30 
33 36 38 41 42 47 48 49 53 54 60 67 
69 72 76 78 83 84 86 91 95 96 104 111 
112 116 118 124 126 127 128 130 138 144 154 156 
157 158 160 169 171 173 175 180 183 184 188 189 
67
6 9 11 15 23 24 25 26 28 33 34 46 
47 48 58 59 60 62 64 65 67 68 69 71 
72 77 79 80 81 82 83 86 88 92 93 95 
101 102 105 112 116 117 118 119 122 131 133 135 
140 141 144 148 152 157 161 163 166 168 169 175 
181 183 190 193 196 197 198 
70
1 5 8 9 10 13 15 18 19 20 23 28 
29 31 37 38 41 42 43 48 51 52 55 57 
58 61 62 64 67 68 70 75 83 84 85 89 
91 92 93 95 100 102 105 109 111 117 121 122 
130 131 134 146 148 150 154 155 157 160 162 169 
170 175 176 181 183 185 189 191 193 198 
65
3 5 8 15 16 20 24 30 32 37 38 44 
46 47 51 55 57 58 59 69 71 72 82 83 
88 90 92 95 96 99 106 112 113 117 118 122 
123 126 128 129 130 137 138 145 148 149 151 152 
153 155 160 161 163 168 169 172 176 181 183 187 
188 193 195 198 199 
49
2 6 11 14 18 19 29 30 32 33 34 36 
39 47 54 56 58 71 78 80 81 96 98 101 
102 104 107 113 118 126 127 137 138 140 144 149 
151 152 157 158 162 168 178 182 184 189 191 196 
200 
79
4 8 9 11 13 14 15 16 17 19 21 22 
32 34 37 38 39 41 42 44 46 53 54 55 
56 58 59 60 61 62 65 69 72 73 83 88 
93 94 95 96 98 100 107 108 114 116 118 119 
121 124 125 127 131 133 135 136 143 147 149 150 
154 160 163 166 168 169 172 173 174 175 177 180 
182 183 186 191 192 194 200 
52
10 13 14 15 16 21 25 26 28 35 36 37 
50 51 55 62 64 71 73 74 76 78 79 83 
84 88 94 97 100 101 111 112 125 139 142 144 
152 154 159 160 166 170 176 179 180 181 187 188 
192 194 197 200 
71
1 2 12 13 15 21 24 26 28 29 33 35 
37 42 43 45 47 48 49 56 57 61 65 69 
70 71 74 84 85 88 91 94 96 99 101 108 
117 120 121 122 126 127 128 136 139 141 142 143 
149 150 151 156 157 159 162 163 167 168 175 177 
181 182 183 186 187 190 195 196 197 198 200 
49
2 13 16 21 23 28 35 36 38 41 44 50 
56 59 60 65 70 79 87 88 90 92 98 101 
109 117 124 126 129 138 148 149 150 156 159 160 
164 168 173 177 180 181 182 183 190 191 194 196 
197 
50
1 10 14 22 24 25 28 32 38 42 44 50 
54 62 66 67 70 73 82 87 89 94 104 105 
106 107 108 120 124 126 135 137 143 146 147 148 
155 156 160 170 172 175 176 177 179 180 186 188 
190 194 
57
9 16 18 20 26 32 35 38 39 41 43 48 
52 54 55 70 76 81 82 87 88 93 101 102 
103 109 112 113 114 117 119 130 132 137 139 144 
147 148 149 151 152 156 163 166 167 169 175 176 
177 178 181 182 185 186 188 189 196 
55
1 3 4 8 12 13 17 21 31 32 34 35 
46 51 54 58 59 60 61 66 67 70 72 73 
74 77 78 82 94 98 99 111 116 119 121 125 
126 127 129 130 134 135 141 144 151 154 156 167 
174 177 187 188 190 192 194 
55
3 7 12 16 20 31 36 39 44 53 59 61 
62 69 71 73 74 77 79 86 87 90 93 96 
102 110 125 126 131 132 137 142 145 147 149 150 
153 156 165 166 167 172 173 174 178 180 181 182 
186 188 189 190 194 198 200 
49
2 6 12 14 15 31 32 48 49 52 53 56 
57 58 72 74 77 78 84 85 89 95 97 99 
102 107 113 123 124 129 132 138 140 142 143 144 
151 156 157 162 163 172 174 181 187 189 192 197 
200 
62
5 7 10 14 21 22 23 29 33 34 41 43 
45 48 57 63 64 65 66 69 76 82 84 85 
87 88 89 92 94 97 98 101 102 103 104 107 
115 116 119 134 141 142 146 148 153 154 158 159 
162 167 170 172 173 174 178 184 187 188 189 192 
194 196 
45
4 5 9 11 15 16 19 21 32 40 43 46 
47 48 53 58 59 63 67 68 70 73 77 81 
82 91 92 104 111 123 129 138 139 140 145 146 
152 155 162 167 183 185 187 193 195 
61
7 17 18 20 26 27 30 31 39 45 49 51 
52 56 58 59 62 66 68 73 75 79 80 82 
86 89 91 97 99 103 106 109 110 117 119 121 
122 125 127 143 146 148 149 151 155 156 157 159 
161 163 164 165 166 167 169 177 178 181 183 190 
198 
63
2 3 4 10 13 21 23 24 27 29 35 39 
40 42 43 44 45 46 55 58 64 65 66 68 
76 82 83 88 98 100 105 108 116 118 120 121 
123 124 127 128 129 130 133 134 135 136 144 148 
152 162 166 169 178 180 181 184 185 187 188 189 
190 194 196 
62
4 5 7 10 12 13 14 15 19 23 24 27 
31 33 37 40 49 50 51 52 53 54 55 57 
62 64 68 69 72 77 82 84 86 94 95 98 
100 101 102 104 107 108 111 114 130 134 136 137 
142 144 148 158 159 164 173 174 179 183 185 192 
198 199 
60
1 2 3 5 6 9 15 19 24 26 30 34 
37 38 39 48 55 65 70 73 74 76 77 79 
85 90 91 92 94 97 100 101 103 109 110 112 
113 114 115 117 119 128 136 138 145 148 152 153 
156 158 160 169 173 177 178 184 188 197 199 200 
70
1 5 9 13 16 19 24 27 28 32 34 36 
37 38 39 41 43 45 46 47 50 53 56 63 
64 65 67 71 81 82 87 89 91 95 101 103 
105 108 109 115 116 118 120 122 125 137 142 143 
144 145 148 150 151 154 155 156 159 162 166 167 
169 171 176 177 178 183 184 186 187 195 
63
2 9 21 24 25 28 35 37 38 40 42 47 
50 52 53 55 56 57 58 59 61 67 68 72 
74 85 96 98 99 100 101 102 107 108 109 113 
117 122 125 130 132 133 140 142 145 146 147 150 
152 162 164 165 166 167 176 183 190 191 192 193 
195 198 199 
64
3 4 8 11 12 14 16 20 21 24 27 32 
34 35 36 37 40 47 52 53 55 58 59 63 
69 76 77 81 82 85 86 87 89 96 97 98 
100 102 109 111 115 120 121 124 127 130 132 135 
140 143 148 149 153 156 168 170 173 175 180 181 
183 185 193 195 
60
1 2 4 7 10 11 12 15 16 17 23 29 
31 32 36 46 50 51 56 64 69 70 72 79 
84 85 87 88 89 95 102 103 104 108 116 119 
124 126 128 135 140 142 145 149 151 153 156 159 
160 167 168 173 174 177 182 191 192 193 199 200 
62
2 5 6 8 9 10 14 18 21 27 28 29 
31 34 35 38 43 44 45 47 50 51 53 57 
58 61 62 66 68 69 72 77 83 86 88 91 
93 97 98 102 104 107 108 114 116 123 137 138 
140 141 148 151 153 154 155 158 160 171 183 187 
188 197 
66
8 11 18 19 21 26 27 31 32 35 45 49 
50 56 59 62 66 67 68 69 71 74 76 78 
79 80 84 85 88 92 95 97 100 101 106 112 
115 116 119 121 123 129 137 139 142 144 145 147 
148 149 150 160 162 165 166 167 169 171 178 184 
185 186 187 189 191 193 
64
1 4 5 8 11 13 14 18 19 29 32 37 
39 47 50 51 56 61 62 67 75 76 79 80 
81 87 94 98 102 103 104 107 108 110 111 117 
118 123 127 128 132 135 139 143 145 146 147 154 
157 158 159 160 163 166 167 172 178 187 190 193 
194 197 198 199 
62
1 5 6 9 14 16 18 20 27 29 39 44 
45 46 51 52 55 61 66 67 70 71 73 74 
77 78 80 88 91 96 100 101 105 109 112 113 
114 116 120 124 128 130 131 134 136 137 138 145 
149 153 156 159 165 180 181 187 189 191 194 195 
196 200 
55
3 5 7 8 11 12 13 18 19 22 31 36 
37 41 44 45 46 53 58 70 71 72 76 78 
79 80 83 85 96 99 101 103 111 113 114 116 
125 129 131 132 135 145 147 150 155 159 162 164 
165 166 176 179 186 187 196 
64
1 4 7 10 13 17 25 27 30 31 32 34 
39 54 57 65 71 73 76 77 79 82 85 87 
88 95 101 102 103 104 110 112 113 116 118 122 
129 131 132 134 136 137 139 140 142 145 146 155 
158 159 164 165 169 171 173 175 179 180 185 191 
192 196 197 200 
54
1 14 23 33 37 39 40 43 44 45 55 56 
59 60 61 67 68 71 76 83 86 89 90 95 
96 102 111 112 113 115 116 119 122 127 131 136 
138 145 147 148 150 154 159 160 162 164 173 178 
180 184 187 188 195 196 
54
16 17 22 29 30 31 39 40 43 46 47 48 
50 53 57 59 60 61 65 69 70 78 85 87 
88 92 93 97 103 104 106 109 110 111 113 114 
116 117 121 124 128 129 138 143 150 151 152 161 
168 170 175 185 188 192 
56
3 4 5 11 14 15 18 21 22 24 30 33 
36 37 38 40 42 43 44 45 47 49 53 61 
69 71 73 76 79 81 84 91 100 105 106 109 
110 113 117 120 124 130 135 153 156 157 159 161 
168 172 173 175 182 190 199 200 
55
9 11 15 18 29 33 34 36 42 46 50 52 
55 58 60 62 64 69 70 73 74 79 81 85 
86 95 96 106 109 114 116 119 127 129 130 134 
135 139 141 143 144 151 154 159 162 165 167 168 
169 174 175 185 187 190 196 
61
3 6 15 22 29 30 33 34 40 41 48 49 
52 56 57 67 69 76 77 79 80 83 84 86 
87 90 97 98 102 103 105 107 112 114 119 120 
125 129 133 134 136 139 146 148 152 156 158 160 
161 162 164 166 167 169 172 178 193 194 196 198 
199 
70
1 3 7 8 9 11 15 17 18 20 23 25 
30 31 37 42 53 54 59 60 64 69 70 71 
76 77 81 82 83 84 85 87 90 91 94 96 
99 101 109 111 112 119 121 126 128 134 138 142 
144 145 152 153 156 157 158 160 161 162 167 168 
179 181 182 183 184 186 191 192 193 194 
57
2 5 10 11 15 18 21 22 23 25 26 30 
31 34 37 38 39 45 48 51 55 57 59 60 
63 65 70 74 77 84 97 99 101 107 108 111 
125 132 138 139 142 145 146 152 156 159 160 162 
163 166 174 179 180 181 185 188 199 
52
2 5 7 8 14 20 25 27 29 30 35 36 
39 48 49 54 55 62 64 67 68 74 75 82 
88 98 100 108 109 110 114 120 121 124 125 126 
132 134 135 138 150 159 161 169 172 177 181 187 
191 192 194 199 
62
4 6 14 15 19 20 22 26 27 34 38 42 
43 45 47 52 55 57 59 64 65 66 70 71 
76 79 80 81 86 92 93 94 95 97 99 105 
112 114 116 118 122 124 127 133 135 137 139 141 
143 144 147 151 152 158 160 166 167 172 173 182 
185 200 
63
1 4 7 14 20 26 30 35 37 39 45 59 
62 70 71 75 81 83 84 87 89 93 94 95 
96 100 101 102 104 107 108 112 114 119 125 130 
133 135 136 144 146 150 151 152 154 165 167 168 
169 171 178 180 181 183 185 186 187 189 194 195 
196 199 200 
49
4 6 12 13 14 16 22 26 27 31 33 41 
42 54 56 75 78 85 86 88 91 94 95 96 
106 107 109 111 115 116 117 125 126 134 135 140 
151 152 156 161 163 165 167 175 183 185 190 191 
193 
51
1 3 12 16 20 23 25 38 40 44 45 46 
48 51 55 57 59 67 69 74 75 97 98 101 
103 104 105 107 114 115 116 120 122 126 129 134 
141 143 148 149 152 162 175 176 180 187 189 190 
193 199 200 
60
1 2 3 9 15 16 23 24 28 30 34 40 
43 46 50 55 61 65 67 69 78 79 84 86 
90 91 92 101 102 103 105 113 114 118 122 123 
126 127 131 133 136 143 144 146 148 150 152 159 
161 163 179 180 183 184 187 191 193 194 195 199 
57
2 4 10 12 14 28 31 38 42 43 45 47 
48 52 53 58 61 62 69 70 75 77 78 79 
84 86 89 90 94 96 97 100 103 105 108 112 
113 114 121 125 130 133 137 145 150 151 153 155 
158 159 171 172 178 180 182 186 194 
64
9 13 24 25 26 27 28 29 36 38 47 55 
57 58 70 73 74 76 80 81 84 90 91 94 
95 97 99 108 111 117 121 122 123 126 127 128 
129 131 133 134 136 140 141 143 144 147 148 149 
154 157 159 166 167 169 174 176 177 179 180 183 
188 191 193 196 
65
3 4 9 11 13 14 15 16 17 24 25 30 
33 34 43 45 50 58 60 61 66 68 71 72 
73 75 77 78 86 89 90 92 95 97 98 100 
108 118 124 127 129 130 131 137 139 140 145 146 
160 161 163 164 165 168 169 170 173 174 178 188 
189 193 194 196 198 
59
11 15 17 22 24 25 27 34 37 42 43 45 
46 47 50 53 56 62 66 69 70 71 74 76 
78 80 84 89 93 101 102 103 104 107 110 116 
120 131 135 139 144 148 149 150 151 154 163 165 
167 172 174 176 180 183 186 189 196 197 200 
67
5 6 7 11 13 19 21 23 31 36 37 38 
39 45 47 49 51 56 61 68 70 74 82 88 
89 90 91 95 98 100 102 104 105 108 109 116 
119 120 124 125 126 128 135 136 144 146 147 150 
151 154 157 159 166 169 171 178 181 182 183 185 
189 192 194 197 198 199 200 
76
1 3 6 8 13 18 20 21 29 30 32 34 
35 36 37 40 45 49 53 55 56 58 67 71 
75 78 79 82 83 88 89 92 94 96 97 98 
99 100 105 108 109 110 111 112 120 121 125 129 
133 134 137 138 139 146 148 154 156 157 160 165 
166 167 169 175 176 180 182 184 186 187 191 194 
195 196 197 200 
63
2 5 7 8 11 13 15 17 21 29 30 31 
35 38 41 42 45 49 53 56 57 61 70 78 
79 84 87 94 96 99 102 106 109 110 113 114 
115 124 132 133 136 142 145 146 153 162 163 166 
167 171 174 175 178 180 184 189 190 191 192 193 
194 195 197 
61
2 10 12 15 18 20 26 27 29 31 32 33 
34 35 36 41 44 46 54 55 57 60 66 71 
74 76 81 84 86 89 92 100 109 110 111 114 
118 119 120 130 132 137 138 142 143 144 150 151 
155 157 161 162 171 173 180 182 185 187 190 192 
200 
59
1 3 4 10 13 18 20 21 30 31 38 39 
45 49 54 56 60 61 64 71 74 76 78 84 
87 92 94 99 101 107 109 110 112 113 123 130 
132 136 138 139 140 143 146 148 149 151 155 160 
162 165 170 183 185 190 191 192 194 197 199 
57
5 6 11 14 16 17 21 23 24 26 27 29 
41 46 49 50 53 59 60 63 67 74 76 84 
87 98 101 102 103 105 109 110 121 128 129 130 
131 133 143 145 157 158 162 165 168 170 172 176 
177 180 182 183 185 190 191 192 194 
60
9 14 19 24 25 29 30 36 39 45 48 50 
54 56 57 59 60 61 64 66 71 74 76 77 
78 80 82 87 92 94 102 109 113 114 118 121 
124 128 131 133 134 138 139 140 146 150 151 152 
155 157 160 161 162 163 171 176 177 178 198 200 
68
5 9 10 11 18 20 22 23 26 27 34 43 
44 46 48 50 54 56 58 59 62 64 76 81 
82 84 89 91 96 97 99 101 106 108 113 119 
120 121 122 124 132 133 134 137 138 142 143 144 
147 156 157 158 159 162 164 166 169 170 172 175 
176 184 185 186 193 195 198 199 
60
1 5 8 19 20 24 26 27 28 31 35 36 
37 40 50 52 53 54 55 57 60 63 66 72 
74 77 78 83 84 100 103 108 109 113 118 120 
124 127 129 135 137 139 141 142 143 150 157 160 
162 164 166 167 171 174 175 178 181 182 195 200 
53
2 5 6 8 12 13 16 23 31 38 40 41 
42 44 47 54 58 60 62 67 80 89 92 98 
99 100 105 108 110 120 122 123 125 132 133 134 
135 136 137 152 153 155 160 165 166 176 177 183 
184 187 192 193 197 
47
1 2 3 8 12 14 16 41 43 44 51 53 
55 62 64 66 76 80 83 97 99 104 106 107 
108 110 118 120 122 124 127 128 130 134 139 141 
150 155 168 174 178 182 183 186 190 193 196 
58
1 6 8 12 13 17 22 25 27 28 31 36 
40 41 42 45 47 48 49 60 64 76 77 81 
84 85 87 88 92 93 97 103 113 115 122 124 
125 128 130 134 139 140 145 147 151 154 162 166 
168 170 173 174 178 181 184 187 188 193 
67
1 2 4 7 11 15 16 19 20 24 27 29 
30 33 38 39 40 41 43 44 45 48 49 52 
55 57 59 60 62 63 73 78 80 82 85 92 
97 103 105 106 110 114 121 126 129 131 133 136 
147 148 149 152 156 158 162 165 172 173 174 184 
185 187 191 192 193 197 199 
52
3 5 17 18 24 27 35 38 40 43 46 50 
52 53 59 63 72 80 81 84 88 92 97 99 
104 110 116 119 121 124 126 137 139 143 145 147 
148 154 160 161 166 167 172 178 180 186 187 188 
190 193 196 198 
62
3 14 16 18 22 25 30 31 36 38 39 40 
47 50 51 55 57 58 59 60 62 64 68 69 
70 79 80 87 89 99 100 101 106 109 112 113 
119 121 132 136 137 138 139 141 150 158 161 163 
164 165 166 168 172 175 177 178 183 186 189 193 
194 197 
72
5 7 10 13 14 19 22 27 31 32 38 46 
52 53 54 64 65 66 68 69 71 73 74 76 
77 80 90 94 96 97 98 100 101 103 105 106 
114 117 121 122 124 125 129 132 137 138 139 142 
145 146 153 154 156 157 158 163 165 166 168 169 
176 184 185 187 188 191 192 194 195 196 197 198 
57
1 7 8 9 11 12 13 14 18 21 25 28 
31 34 36 37 42 46 48 51 53 59 63 66 
67 70 80 82 89 90 94 96 99 102 103 104 
106 107 114 117 125 127 131 138 147 153 154 155 
171 173 178 187 189 192 194 195 200 
59
2 4 5 6 8 17 18 19 23 24 26 29 
32 39 46 52 54 60 67 70 71 78 80 87 
92 96 97 107 110 111 113 117 119 123 126 127 
133 134 137 138 140 141 142 145 151 155 156 159 
163 166 168 172 173 177 179 180 181 183 194 
55
2 5 10 17 18 19 22 26 27 30 31 34 
37 39 50 53 58 59 66 67 76 85 91 94 
95 105 106 110 112 113 121 124 127 130 133 140 
142 148 149 155 158 159 164 170 172 174 178 181 
184 190 191 192 194 197 199 
63
1 2 5 9 11 13 15 18 19 22 23 25 
27 31 39 44 45 47 50 58 59 60 63 69 
74 76 80 84 85 89 94 100 102 103 104 108 
111 113 120 123 125 127 133 139 143 144 146 154 
165 170 172 173 174 175 185 186 188 189 193 194 
196 198 200 
64
2 5 11 12 17 18 21 22 26 28 30 34 
36 38 39 43 47 48 53 56 58 60 61 65 
69 70 71 73 74 76 79 80 82 84 95 96 
99 101 110 112 113 114 124 125 131 137 145 150 
151 159 161 162 164 170 172 178 183 186 187 190 
196 197 198 200 
57
3 5 8 11 12 15 17 22 25 29 30 31 
36 40 41 46 47 49 56 57 66 71 74 75 
81 83 85 86 88 89 90 96 100 103 105 108 
117 118 121 122 125 126 127 134 136 138 141 145 
146 155 163 167 169 180 181 182 193 
56
2 3 7 8 15 19 20 21 37 38 41 44 
47 50 51 52 55 58 63 66 71 74 75 76 
82 83 97 100 101 103 104 107 108 109 119 122 
124 126 130 135 137 143 145 147 156 157 158 164 
167 168 170 174 179 181 184 196 
68
1 3 4 12 14 17 18 19 21 24 28 31 
36 37 42 46 56 60 64 74 75 78 81 84 
85 87 89 96 97 99 101 102 105 106 110 111 
114 115 117 118 121 122 124 126 135 136 137 141 
142 143 144 145 146 148 151 152 155 156 157 160 
163 164 167 177 179 185 187 192 
56
1 5 11 15 27 32 37 47 50 55 57 58 
61 63 64 65 70 79 80 85 91 95 96 104 
112 118 120 121 123 126 128 133 136 138 143 144 
147 151 152 154 155 160 161 162 163 166 172 174 
179 184 188 190 193 195 196 198 
52
5 6 11 12 20 22 35 36 41 44 45 51 
52 53 54 56 63 64 71 75 90 95 99 106 
108 109 111 112 115 119 130 132 134 135 145 147 
149 156 160 161 163 170 178 182 190 192 193 194 
195 197 198 199 
59
1 2 4 6 7 9 14 17 18 25 28 32 
39 41 43 46 52 53 55 57 61 66 68 71 
75 76 83 85 87 89 93 105 117 118 119 123 
127 129 130 135 137 139 144 148 149 153 155 158 
163 164 171 172 181 182 188 194 195 196 198 
59
1 6 7 12 16 17 18 20 25 29 33 35 
36 38 42 43 59 63 64 76 77 81 83 87 
95 96 99 100 102 103 109 113 121 127 128 129 
130 131 134 135 136 140 141 144 145 146 147 149 
150 158 165 168 170 173 175 178 183 192 200 
56
1 10 13 15 17 18 22 25 27 29 31 41 
43 46 47 50 55 63 75 81 93 105 106 109 
113 116 118 119 126 132 134 135 137 140 141 142 
144 150 151 153 156 157 158 160 164 169 170 172 
173 176 183 189 193 196 197 200 
70
1 3 5 7 11 15 20 24 27 30 31 32 
33 34 37 38 40 44 46 47 51 52 54 55 
59 73 79 83 85 87 98 101 103 104 106 110 
112 113 115 116 119 123 125 128 130 131 141 144 
148 149 162 168 169 170 171 172 176 177 179 180 
181 182 183 184 188 189 190 195 197 200 
58
1 5 6 8 11 12 17 18 23 24 27 30 
42 44 48 49 55 60 61 67 81 86 87 88 
90 92 98 102 103 105 108 109 113 114 116 121 
122 126 132 140 146 147 150 152 153 157 161 166 
170 172 173 175 176 182 187 191 193 200 
59
1 2 4 10 11 12 13 16 18 21 24 28 
32 37 50 54 58 59 71 72 83 84 85 89 
92 101 103 107 112 113 116 117 118 120 121 126 
135 137 139 143 146 149 151 152 154 158 163 170 
172 173 177 181 182 183 185 190 194 197 200 
49
12 19 20 24 35 38 42 45 50 51 59 62 
64 68 80 81 89 97 101 105 106 108 109 111 
114 121 124 126 130 131 136 144 149 151 155 157 
164 165 167 168 170 173 174 178 179 183 184 191 
196 
65
2 4 7 9 10 11 15 16 23 24 28 32 
34 41 43 45 46 47 49 52 54 58 61 62 
67 73 74 82 85 86 89 95 97 98 99 103 
109 119 125 126 127 128 130 133 134 135 136 140 
142 143 152 153 155 158 160 162 172 173 175 183 
186 188 190 198 199 
68
2 4 5 9 10 11 17 20 25 26 27 31 
36 37 38 40 43 45 52 53 54 56 58 63 
65 67 70 74 75 77 78 79 85 86 87 89 
90 95 102 106 110 113 114 117 119 125 129 131 
132 135 136 138 140 143 144 150 154 160 162 163 
167 171 183 185 187 190 195 197 
74
1 3 6 11 15 18 22 23 24 27 28 30 
36 43 44 46 48 49 52 53 54 56 59 61 
63 64 65 72 75 77 78 82 85 87 93 94 
98 100 103 104 105 109 111 116 123 127 128 135 
136 138 141 143 144 147 154 156 160 161 168 169 
170 171 177 178 179 182 184 186 187 189 191 195 
197 200 
67
4 5 7 13 16 17 20 21 25 28 31 35 
39 40 43 48 49 55 59 66 70 72 79 81 
82 83 84 90 91 92 96 100 101 105 111 114 
115 116 117 118 119 123 124 134 136 137 138 140 
141 143 144 145 148 153 155 158 160 166 167 171 
173 176 183 194 195 196 200 
59
1 5 10 11 12 15 21 26 29 30 35 40 
42 45 55 56 58 59 70 71 72 76 77 81 
83 84 86 87 88 91 95 96 97 105 107 111 
112 117 122 126 129 131 132 137 146 149 150 151 
153 155 162 168 173 185 188 189 193 194 198 
62
2 4 5 10 14 16 21 22 25 32 37 38 
39 40 45 48 50 51 55 61 63 69 70 71 
72 77 78 79 82 83 84 92 93 95 99 101 
108 109 116 119 122 130 133 137 140 141 149 151 
156 159 162 165 166 175 177 178 181 184 191 192 
195 196 
59
1 2 3 4 5 6 10 12 14 17 23 34 
37 40 41 42 44 47 49 55 58 60 74 75 
76 78 83 85 86 91 92 103 110 113 117 119 
122 123 127 128 129 130 135 144 146 149 150 162 
163 165 167 170 171 172 177 187 190 194 195 
69
3 4 5 10 11 13 14 15 18 21 23 26 
27 31 32 33 35 41 44 45 47 51 54 56 
60 61 64 70 71 72 75 85 95 105 106 107 
110 114 115 116 121 122 124 126 129 133 136 138 
139 142 144 149 153 154 155 159 163 164 166 173 
174 179 181 182 183 186 187 193 194 
56
3 4 7 10 11 12 14 17 18 23 33 36 
40 46 49 59 63 66 73 79 83 85 86 88 
93 100 102 103 104 108 109 111 113 116 126 129 
131 134 150 153 154 155 156 160 167 172 173 175 
177 180 183 185 187 195 196 199 
43
1 3 7 10 15 17 25 28 34 45 48 53 
58 62 64 68 70 72 74 77 80 84 95 98 
99 119 121 122 126 128 138 142 147 150 151 157 
160 176 182 185 187 197 198 
59
3 7 9 10 20 21 43 44 46 47 49 51 
55 56 60 67 69 71 74 75 76 77 78 79 
84 88 89 94 101 105 111 112 114 115 119 122 
127 134 135 140 141 143 145 146 147 151 154 159 
161 169 173 175 176 178 181 184 189 194 198 
65
4 5 6 8 12 16 19 20 22 24 28 30 
33 40 42 45 51 55 57 58 70 71 74 77 
79 84 88 89 92 94 101 106 110 111 113 116 
121 122 124 125 129 131 134 135 138 142 148 149 
151 153 154 155 158 160 161 167 168 169 175 181 
185 186 190 191 197 
50
1 9 16 26 27 32 37 41 45 53 54 55 
59 61 63 65 69 72 73 74 80 93 97 100 
112 118 119 122 128 132 133 134 137 138 143 146 
149 156 161 163 165 166 169 173 179 181 182 185 
190 198 
60
3 6 9 16 20 21 22 23 24 32 39 42 
45 50 52 59 60 63 65 66 70 71 84 85 
87 90 91 92 93 98 101 105 107 108 109 111 
116 130 131 138 143 144 145 153 154 155 160 163 
168 169 170 172 177 179 180 184 192 194 196 197 
62
11 12 13 17 18 20 22 25 28 36 45 46 
52 53 54 58 59 65 66 69 75 80 86 87 
89 90 91 92 95 100 105 106 107 114 117 121 
124 128 130 135 137 139 147 148 149 150 152 156 
158 163 167 170 171 173 176 179 181 184 190 195 
198 199 
68
4 5 6 9 17 19 21 23 24 25 35 36 
42 46 50 51 55 58 60 65 68 69 70 71 
73 76 86 98 99 105 106 107 113 116 121 122 
123 126 128 130 131 137 138 141 142 146 148 149 
150 154 155 159 164 165 167 168 169 170 172 179 
184 187 188 192 193 195 196 198 
63
3 5 6 7 8 26 42 43 45 48 49 50 
52 54 55 56 63 67 68 71 73 74 78 79 
83 88 90 96 97 98 99 104 106 113 116 121 
124 129 130 131 132 135 141 143 145 148 149 154 
155 159 164 166 167 171 177 178 180 183 187 190 
191 194 197 
50
1 3 8 9 12 32 37 43 44 45 56 64 
66 71 77 83 88 90 91 93 94 97 98 99 
104 111 118 121 123 139 140 141 142 150 152 153 
156 157 159 162 170 172 173 178 180 183 187 193 
197 199 
60
1 9 11 13 28 29 31 32 33 38 40 41 
46 48 57 58 60 61 62 70 76 81 85 91 
94 100 102 104 108 110 114 115 118 127 128 133 
134 135 136 139 143 144 145 147 149 151 162 167 
168 169 171 172 182 184 186 190 193 194 195 197 
47
2 4 8 13 17 18 25 30 34 36 52 65 
73 75 78 80 81 83 84 86 88 93 96 98 
101 105 107 113 122 124 126 132 135 137 141 142 
144 147 165 170 179 181 184 185 187 194 200 
55
1 4 5 6 11 12 14 16 25 27 36 40 
41 42 44 47 57 59 63 65 68 72 78 80 
84 88 92 93 96 97 98 101 109 111 114 115 
119 122 137 140 146 148 151 152 154 172 175 180 
183 187 190 193 194 197 199 
57
1 7 8 10 14 18 27 28 30 33 36 41 
57 64 65 67 68 72 79 83 84 87 89 97 
99 100 105 107 108 110 111 119 121 122 123 127 
132 139 140 142 144 149 151 152 155 156 160 161 
163 166 174 177 179 192 195 199 200 
63
3 7 9 17 18 19 20 21 25 29 30 31 
35 43 44 47 50 51 53 56 67 69 72 88 
92 94 104 105 111 115 118 120 122 126 137 140 
144 146 148 149 151 154 155 156 158 159 160 161 
162 168 174 175 178 181 182 186 187 188 189 193 
194 195 197 
53
6 8 11 25 26 27 30 36 40 42 44 46 
47 50 56 57 61 66 73 81 82 84 85 91 
93 95 104 106 111 122 124 125 126 128 133 134 
139 143 154 164 165 167 168 173 175 182 183 185 
186 187 190 195 196 
50
4 8 9 10 12 14 25 29 38 39 40 50 
53 54 66 72 73 83 84 94 97 99 108 116 
119 122 124 131 136 138 141 145 148 151 159 162 
163 166 167 168 178 179 180 181 186 190 196 197 
199 200 
64
3 5 8 10 11 12 14 15 18 21 23 25 
26 30 31 33 37 40 41 47 49 51 56 57 
59 70 74 77 79 80 83 90 94 95 105 111 
115 119 127 131 136 137 140 141 142 144 153 158 
160 161 162 164 165 173 174 176 177 179 182 185 
191 192 194 199 
57
2 5 6 8 9 12 15 16 19 20 25 26 
32 38 40 45 48 54 62 63 68 71 75 83 
94 99 104 106 109 111 113 115 117 121 124 139 
147 149 152 153 154 155 157 159 161 162 165 168 
171 173 174 183 186 190 192 196 199 
54
10 21 22 25 27 28 33 35 40 44 46 52 
54 62 64 72 73 79 81 82 84 86 90 92 
97 102 104 105 106 112 117 124 126 127 131 139 
140 142 143 145 149 150 151 156 171 172 174 177 
182 183 190 193 198 199 
53
6 13 19 20 36 40 43 44 51 53 54 59 
61 64 65 69 70 75 77 79 81 82 83 85 
88 97 101 105 107 111 113 119 128 129 131 133 
135 140 145 146 148 150 152 153 157 164 165 172 
181 187 190 192 200 
59
5 12 14 25 27 28 33 34 36 37 39 42 
45 46 48 50 54 57 59 64 67 74 76 82 
83 89 91 92 100 104 105 108 113 114 116 117 
119 120 121 123 130 135 136 139 145 159 160 161 
166 171 174 175 189 190 191 194 196 198 199 
45
4 6 10 11 12 18 22 23 24 36 42 46 
53 58 60 62 66 90 94 95 98 104 112 116 
118 123 129 130 133 135 139 145 148 149 150 151 
156 157 166 183 185 186 190 193 199 
56
2 5 10 11 15 16 18 19 20 25 42 48 
50 55 58 62 63 69 70 73 78 81 82 84 
87 88 95 98 107 108 109 115 123 124 126 128 
130 134 140 142 151 152 154 164 165 168 171 173 
178 182 187 192 194 196 197 198 
58
2 3 14 24 27 34 40 47 48 50 54 58 
59 62 64 66 67 68 71 72 74 79 81 83 
84 85 88 90 93 95 96 112 113 119 121 127 
129 130 132 133 138 143 145 149 151 156 157 162 
164 170 175 179 184 188 189 190 191 193 
57
1 3 4 7 9 12 13 23 26 28 35 40 
44 46 53 55 56 63 66 67 69 70 73 80 
85 88 89 90 92 102 116 120 126 127 132 134 
141 146 154 155 157 158 161 163 171 172 175 176 
182 184 185 186 187 188 191 197 198 
61
6 16 17 18 27 28 29 30 33 39 42 44 
47 48 50 54 56 57 58 66 68 73 74 75 
77 78 86 88 99 100 106 107 119 121 124 126 
129 130 132 135 142 143 146 148 149 150 155 157 
166 168 170 171 172 173 176 184 186 191 195 196 
199 
64
4 6 9 10 13 15 20 24 28 29 30 31 
32 35 36 37 39 42 45 52 56 57 60 63 
65 66 67 68 74 76 79 80 82 83 84 85 
94 95 105 107 109 110 115 117 119 120 129 136 
137 140 141 148 150 151 158 162 163 164 167 174 
175 176 180 197 
55
1 3 10 12 15 19 20 22 42 46 49 51 
58 66 68 72 77 81 82 89 90 92 97 99 
104 106 109 110 117 118 119 131 132 136 141 142 
144 147 148 151 153 156 161 168 172 178 179 181 
182 184 185 189 191 195 197 
63
2 5 7 10 14 19 30 34 35 36 37 39 
40 41 42 43 44 51 58 60 69 72 74 78 
79 80 85 86 87 89 92 93 95 98 108 109 
119 122 124 125 126 130 132 134 136 140 144 150 
151 155 158 160 166 169 170 177 179 183 188 189 
191 192 195 
60
8 13 17 21 22 25 28 29 33 34 37 46 
51 54 60 62 63 65 75 80 86 89 91 95 
96 97 100 102 104 106 107 120 122 125 127 132 
133 134 139 145 146 148 150 158 159 161 164 165 
166 168 171 173 178 181 183 185 187 191 194 196 
72
1 4 11 12 19 20 23 26 35 41 46 48 
52 53 57 58 59 64 69 71 78 79 81 82 
87 92 94 95 99 102 103 106 108 109 114 116 
118 119 121 125 127 132 133 137 138 139 140 144 
145 146 147 149 150 151 152 153 154 164 166 167 
168 170 171 175 178 180 182 190 193 194 196 200 
56
3 14 17 19 22 29 30 31 34 37 42 46 
49 52 54 59 62 65 72 73 76 77 82 87 
90 92 93 106 114 122 123 124 131 132 134 139 
140 144 145 146 149 152 155 156 159 163 164 171 
177 183 185 187 193 197 198 199 
56
3 8 11 12 16 18 19 23 27 31 38 44 
47 52 53 56 59 64 65 66 68 70 73 75 
84 85 87 89 90 95 97 98 100 112 113 119 
123 124 127 130 141 142 143 147 149 158 160 163 
179 181 183 187 189 193 195 198 
50
4 5 7 16 17 20 26 27 28 38 43 45 
55 67 70 71 73 74 81 87 88 101 107 111 
114 120 123 133 140 146 147 148 150 152 153 163 
164 165 167 168 171 176 182 185 188 189 194 195 
196 199 
61
2 3 4 6 10 11 12 13 15 16 17 18 
22 23 27 32 34 37 38 43 44 47 49 50 
51 53 56 71 73 75 80 88 89 90 97 99 
101 105 106 110 111 119 123 125 127 132 133 138 
149 154 160 166 171 175 179 180 186 188 189 191 
200 
69
6 7 8 10 11 21 22 30 31 34 38 48 
55 57 58 63 66 69 70 71 72 74 76 78 
79 82 85 90 92 97 98 99 100 102 103 108 
112 116 131 133 135 137 139 141 144 145 147 149 
150 153 154 155 159 160 166 168 173 175 177 180 
182 184 185 186 188 190 196 199 200 
58
1 3 9 11 12 16 18 21 22 24 25 36 
46 50 52 57 60 66 72 77 79 82 86 90 
93 102 104 108 119 121 126 133 134 141 145 146 
147 149 150 158 159 162 167 171 173 177 178 185 
187 188 189 192 193 194 196 197 198 200 
51
1 3 5 7 9 12 13 14 15 18 33 36 
41 45 49 57 59 60 62 74 76 77 79 92 
94 95 97 98 109 110 112 113 117 124 131 134 
139 149 150 152 154 155 157 159 162 167 168 180 
182 184 190 
60
5 6 14 15 19 20 23 25 30 32 40 45 
55 61 63 66 68 72 75 76 82 86 90 96 
98 99 102 103 106 107 118 120 121 123 124 127 
129 130 132 141 146 149 153 154 159 164 165 166 
168 170 172 174 176 178 183 185 192 193 196 197 
62
4 5 6 9 10 11 13 19 22 25 29 30 
31 33 38 43 47 51 54 55 59 66 67 68 
73 77 80 85 86 88 100 101 108 109 110 111 
113 116 119 120 125 126 134 137 139 146 149 151 
155 156 159 160 162 166 172 174 177 180 186 189 
192 193 
55
3 7 8 9 20 24 32 33 34 39 41 46 
48 50 52 59 63 64 65 75 79 82 83 84 
92 102 103 104 105 111 112 116 117 122 129 131 
134 135 137 145 151 157 158 163 164 167 172 174 
177 182 184 187 190 192 198 
59
3 4 8 9 12 15 16 18 20 21 26 28 
29 34 37 39 46 47 56 66 69 70 71 74 
77 79 85 86 87 91 92 97 98 99 102 105 
106 112 113 116 120 122 124 126 129 140 144 148 
152 156 162 176 179 184 189 190 195 196 200 
59
6 7 9 11 12 14 15 18 21 22 23 24 
26 28 36 38 61 62 63 65 67 72 76 78 
82 89 95 96 97 99 103 106 108 109 110 113 
114 116 119 125 126 130 133 142 144 146 147 151 
155 161 162 166 174 178 187 188 193 198 200 
70
3 5 8 9 14 16 17 22 28 30 31 34 
37 38 39 41 50 53 54 55 58 59 62 66 
68 71 75 79 80 81 84 85 87 89 92 94 
97 100 102 109 110 115 119 125 127 129 132 140 
143 144 147 149 151 155 158 161 164 165 166 170 
171 179 180 185 191 193 195 196 197 200 
53
3 7 8 10 12 16 19 20 23 25 26 31 
32 39 41 42 50 52 55 61 63 67 71 82 
87 88 91 95 96 99 102 103 108 109 111 115 
118 123 128 129 134 135 140 143 147 150 152 156 
170 177 181 184 196 
55
4 6 13 26 34 37 39 42 44 46 55 59 
62 67 68 70 71 72 74 75 78 88 92 96 
98 102 105 110 112 114 118 119 120 122 123 126 
130 132 142 146 147 150 153 161 170 172 174 176 
184 185 189 193 195 197 200 
68
5 8 10 12 13 14 16 19 22 23 26 27 
29 33 34 35 41 43 46 47 52 55 57 58 
60 66 67 74 75 80 82 84 89 91 92 94 
95 99 102 103 104 105 108 109 110 111 115 120 
121 128 138 141 142 144 146 148 149 151 163 169 
172 177 181 184 195 197 198 200 
62
4 7 9 11 17 20 23 30 33 37 38 41 
43 46 47 48 49 57 64 65 68 72 74 75 
80 81 82 83 87 92 95 100 105 109 110 111 
112 115 118 120 121 124 128 129 131 141 148 149 
151 154 166 167 172 177 179 181 186 187 190 191 
193 200 
56
5 6 12 17 20 26 27 29 32 33 38 41 
53 54 55 59 62 69 73 74 79 80 82 86 
89 91 94 96 98 100 102 106 110 111 117 121 
127 128 135 136 144 156 158 163 166 167 171 173 
175 178 182 191 192 196 198 200 
65
1 3 7 8 12 15 18 21 22 27 29 31 
35 40 41 42 44 46 53 54 63 64 65 67 
73 75 76 77 83 91 93 94 95 99 103 104 
110 115 116 117 118 121 128 129 132 145 148 149 
151 153 158 159 162 164 166 167 171 177 178 183 
184 187 189 199 200 
69
2 6 10 13 14 15 17 19 22 27 30 34 
39 45 50 54 57 58 66 67 68 72 73 76 
77 82 84 85 87 96 97 101 102 105 107 110 
112 113 115 116 118 119 127 128 129 130 140 142 
143 145 148 150 151 156 157 158 159 161 163 167 
172 185 186 187 189 194 195 196 198 
62
2 7 10 18 33 35 38 43 44 46 48 52 
54 67 68 69 74 75 77 80 82 86 87 102 
104 105 106 110 112 114 115 120 122 126 130 131 
132 139 140 141 144 152 153 155 156 158 165 166 
168 170 171 177 178 181 183 184 185 187 194 195 
197 200 
71
1 3 5 6 8 9 12 14 15 16 21 26 
29 31 35 39 46 52 55 56 57 58 60 61 
62 65 67 68 69 72 74 78 79 84 89 92 
98 99 103 104 106 108 109 111 113 114 122 123 
124 125 128 129 133 135 137 140 144 154 159 160 
162 164 165 167 172 176 177 185 192 194 198 
50
2 6 11 14 16 20 22 30 32 36 47 48 
53 57 59 63 64 65 66 71 72 73 82 86 
91 94 99 101 109 114 124 125 126 131 133 136 
145 147 149 151 154 165 170 173 175 178 181 182 
190 198 
63
7 11 15 18 19 25 26 27 29 30 32 36 
37 42 43 45 46 52 55 57 61 68 72 73 
74 75 77 91 100 101 104 105 108 111 112 114 
115 120 122 125 127 138 140 141 143 151 152 158 
159 164 166 167 169 171 173 175 178 181 185 191 
192 197 200 
69
4 5 10 13 14 16 18 20 22 23 24 26 
35 38 41 43 44 45 52 54 60 62 66 69 
71 72 75 76 78 81 84 85 95 96 98 100 
107 109 115 117 122 128 129 132 133 138 139 140 
146 147 153 155 157 161 164 165 166 167 168 169 
172 177 180 182 184 187 189 191 193 
59
2 4 8 9 17 21 23 25 38 39 40 41 
46 53 56 60 61 62 65 68 75 77 80 81 
83 90 93 95 96 99 107 113 119 120 129 132 
138 143 153 157 159 160 166 167 169 170 177 178 
180 185 187 189 191 193 196 197 198 199 200 
46
12 15 16 18 20 21 24 25 29 30 35 36 
39 49 50 55 57 64 72 73 81 85 88 97 
98 99 104 108 109 110 115 118 119 126 133 136 
141 142 145 146 150 171 178 180 181 187 
48
1 5 7 18 19 20 22 23 28 29 32 35 
47 54 58 60 69 70 71 72 73 74 79 86 
87 89 90 93 94 96 98 100 112 120 121 134 
135 142 145 153 161 164 166 169 170 180 183 190 
63
4 5 8 10 12 13 17 19 20 23 27 29 
30 31 33 37 41 42 46 48 50 53 59 60 
64 68 73 74 75 79 83 84 91 93 96 99 
104 106 108 110 113 115 117 120 122 126 128 132 
140 146 153 155 156 162 168 178 184 185 186 187 
189 195 198 
61
1 4 13 20 27 30 32 33 34 36 37 41 
48 51 52 53 74 78 81 83 85 87 88 90 
91 93 95 100 107 110 119 126 127 128 129 132 
134 135 137 140 142 143 149 150 154 158 162 163 
166 171 177 179 181 182 185 187 188 190 194 196 
197 
60
4 5 6 9 13 14 15 20 25 27 29 35 
40 44 49 51 53 54 55 59 61 67 70 73 
74 76 80 82 88 89 93 94 100 101 108 112 
115 119 123 130 133 135 137 139 145 147 148 150 
154 156 163 168 171 172 175 176 181 190 193 199 
67
7 8 9 11 14 15 18 20 29 36 39 40 
46 50 52 53 58 70 72 75 79 81 85 91 
92 97 100 104 105 106 107 109 110 115 119 120 
122 123 126 127 128 129 132 133 144 146 147 148 
150 151 152 153 154 160 164 167 174 178 182 184 
188 189 193 194 195 196 200 
64
7 8 13 20 21 22 31 35 46 48 51 53 
54 55 62 63 67 69 71 73 77 80 83 84 
86 88 89 94 95 97 100 105 111 112 113 115 
118 119 127 129 130 137 138 140 141 144 148 156 
159 160 161 167 169 172 173 174 178 180 185 186 
193 194 196 199 
61
5 6 7 11 12 14 18 20 21 23 25 32 
33 38 39 41 42 46 51 53 58 66 67 73 
74 85 92 94 96 107 112 115 123 125 127 129 
133 134 136 137 142 150 153 154 155 156 157 160 
163 164 166 167 169 174 175 176 177 179 187 188 
195 
59
1 4 11 12 13 14 16 22 23 29 33 38 
41 42 50 54 58 59 60 63 64 66 69 72 
75 76 81 82 83 93 98 106 108 110 111 112 
115 116 123 128 135 136 137 142 143 144 145 146 
155 162 164 166 169 172 173 178 185 190 191 
71
4 6 7 12 14 17 18 23 24 25 31 35 
38 44 46 49 51 54 55 58 59 61 65 68 
69 74 76 77 79 80 81 86 87 89 92 94 
97 98 101 110 116 117 118 120 126 127 129 130 
134 135 140 141 142 143 145 148 151 154 156 157 
160 167 171 173 176 177 181 182 184 185 191 
65
2 5 6 13 15 24 25 28 30 39 42 43 
47 52 53 57 64 65 67 69 76 78 79 81 
85 90 91 93 95 96 99 101 104 105 106 110 
115 116 119 122 125 127 129 132 133 136 138 144 
149 151 153 158 163 164 168 171 173 176 177 180 
188 189 190 192 194 
63
1 11 26 27 30 31 34 38 41 49 51 55 
58 60 62 63 66 68 69 70 72 73 76 81 
83 85 88 91 93 97 100 105 106 118 119 124 
131 133 139 142 144 145 147 155 156 158 160 162 
164 167 174 180 181 187 188 189 190 193 194 196 
197 198 199 
71
2 5 7 11 13 14 15 16 22 23 25 26 
27 31 33 37 38 40 42 44 46 52 54 56 
58 63 67 68 77 78 80 82 83 84 85 92 
93 94 100 103 109 116 117 119 125 127 129 140 
144 146 147 152 153 154 158 161 167 169 173 177 
183 184 185 188 190 193 194 195 197 198 200 
64
3 4 8 11 14 15 23 26 30 31 32 36 
41 42 46 50 53 59 63 70 76 78 79 87 
92 93 96 98 102 104 107 111 113 117 120 125 
128 129 130 134 135 136 147 150 151 153 156 157 
158 161 162 167 176 181 183 184 185 186 187 188 
190 193 195 196 
55
3 12 15 17 20 24 25 26 28 33 34 37 
45 46 49 54 61 65 75 80 86 89 94 97 
103 107 108 110 116 117 121 126 135 136 139 140 
145 147 155 156 158 165 168 170 175 176 181 183 
187 189 192 193 194 197 199 
69
1 2 3 6 14 19 20 21 22 24 25 26 
38 39 41 43 44 45 46 47 48 51 55 56 
59 60 67 69 76 77 80 82 83 86 89 91 
93 96 102 106 108 109 110 111 113 114 121 123 
125 132 136 138 140 141 144 150 157 168 170 173 
175 178 181 182 188 189 190 195 197 
70
7 14 15 17 18 19 23 25 29 30 31 32 
33 34 35 36 41 45 48 50 53 54 55 58 
61 63 64 67 74 77 78 80 81 83 95 96 
97 101 102 106 107 115 116 122 123 124 131 135 
136 138 140 142 153 155 158 162 163 164 166 167 
168 171 175 176 177 184 185 186 194 200 
66
14 16 17 21 26 29 31 32 35 36 37 44 
47 49 50 54 55 58 60 61 66 69 71 82 
83 86 91 92 93 96 102 103 104 107 111 119 
120 121 127 128 129 131 132 134 138 150 151 153 
155 157 160 161 162 163 165 166 172 174 176 179 
185 188 189 192 193 194 
61
1 9 12 13 18 22 26 27 29 30 32 33 
34 37 41 42 46 49 51 58 60 61 71 79 
81 83 86 87 93 98 100 101 104 110 115 119 
122 127 128 130 133 134 135 136 144 147 158 161 
164 165 167 172 174 175 176 181 183 187 191 192 
198 
58
4 7 16 18 23 29 32 34 40 47 48 50 
56 59 61 65 70 71 76 80 83 84 86 89 
92 94 97 102 110 111 114 115 119 130 131 136 
137 138 140 144 148 149 153 156 157 161 166 167 
169 172 174 176 178 180 187 192 194 198 
59
2 9 20 23 27 33 36 37 44 47 48 52 
53 55 56 60 68 71 80 81 86 87 92 95 
96 100 101 103 106 108 109 110 111 112 117 118 
120 125 134 137 139 144 145 147 149 159 160 161 
166 167 169 172 178 179 187 190 192 194 195 
63
1 5 20 22 28 32 35 36 39 40 42 49 
53 56 59 64 71 73 75 77 81 82 83 86 
87 90 91 96 98 102 106 107 111 115 116 119 
131 132 133 136 137 138 140 144 145 147 148 152 
155 156 164 165 168 169 178 183 184 187 188 189 
197 198 200 
65
2 5 9 14 16 19 20 21 22 23 27 31 
32 40 47 48 56 59 61 65 66 69 72 77 
78 81 82 83 91 94 96 103 107 113 114 117 
119 124 125 126 130 132 133 134 140 142 143 145 
149 151 155 159 161 162 166 168 171 174 177 180 
185 189 191 196 200 
62
2 4 6 17 22 26 29 30 37 38 39 49 
50 53 57 58 64 65 69 70 71 78 79 84 
87 94 95 97 98 100 102 104 105 109 110 112 
117 118 119 120 126 128 135 138 141 144 153 156 
158 160 163 165 166 167 180 182 183 186 193 196 
198 200 
61
1 3 5 9 14 16 26 31 40 41 44 46 
48 49 50 51 55 58 61 65 68 69 71 75 
77 78 83 84 86 88 90 92 93 95 100 109 
122 124 125 126 131 134 135 137 141 145 149 153 
158 161 162 164 168 170 173 175 186 187 192 193 
198 
63
4 5 6 11 16 20 21 24 27 28 32 34 
36 44 47 48 50 53 55 57 61 63 64 65 
70 71 78 81 84 85 87 94 95 98 101 102 
103 107 108 111 116 119 123 124 126 127 128 138 
140 142 146 148 152 153 159 160 165 167 169 178 
187 191 198 
51
1 2 4 5 6 10 13 15 19 20 30 48 
49 50 64 69 70 74 75 76 81 85 86 87 
88 98 99 100 106 107 110 111 112 117 123 136 
137 139 152 153 158 160 167 168 171 179 184 193 
194 196 200 
58
3 5 6 7 8 9 11 12 16 18 22 25 
26 31 34 40 43 48 53 55 60 61 66 67 
74 75 78 84 86 90 91 93 104 108 111 119 
121 122 124 129 133 135 146 152 153 157 158 160 
169 170 173 175 178 183 185 188 190 198 
67
2 6 7 10 11 12 16 18 20 23 26 27 
31 34 36 37 38 39 43 44 45 50 51 53 
60 61 66 69 70 75 82 83 88 90 94 95 
98 99 100 104 109 120 121 127 130 133 141 143 
145 155 159 161 162 174 175 176 179 181 183 186 
189 190 191 192 194 195 197 
55
1 5 20 22 24 25 27 30 35 36 37 42 
44 50 52 53 61 62 63 67 68 69 71 72 
73 74 76 77 79 91 93 95 97 101 108 110 
123 125 127 128 129 132 139 141 147 153 157 163 
164 182 187 188 189 193 198 
62
1 4 6 10 11 12 13 14 15 20 21 24 
29 31 32 34 39 42 46 47 56 65 70 71 
73 79 86 89 92 96 97 100 101 103 104 106 
109 110 112 116 117 122 125 131 139 142 143 145 
149 150 151 153 156 166 167 168 171 172 175 180 
186 187 
54
3 10 11 12 17 18 21 23 24 28 30 31 
33 36 38 47 50 54 56 62 63 65 69 73 
74 75 79 96 97 102 103 108 110 116 119 123 
125 126 129 134 135 137 140 146 157 158 159 160 
172 174 188 190 194 199 
63
1 7 8 9 11 12 18 24 36 37 38 39 
41 44 53 54 56 57 60 62 80 81 84 94 
95 97 99 102 103 110 117 118 119 120 121 124 
125 134 135 136 137 140 141 142 145 147 150 156 
158 159 160 166 168 172 173 174 178 180 184 188 
190 191 198 
61
6 8 14 15 16 20 21 22 26 27 29 30 
32 33 34 44 47 48 50 51 54 65 66 69 
70 76 79 87 89 94 96 101 103 108 112 113 
115 120 131 135 137 140 145 146 151 153 154 155 
156 158 159 168 173 176 181 182 187 188 191 192 
193 
65
1 2 4 6 9 10 12 15 19 24 28 34 
35 37 38 45 46 48 50 57 59 61 63 64 
66 68 73 74 88 89 93 97 98 105 108 112 
114 117 119 120 121 125 126 128 137 142 146 148 
151 156 166 167 169 170 177 178 180 182 183 186 
188 192 193 194 196 
54
1 7 9 10 14 18 19 20 21 30 31 38 
39 41 46 47 49 51 54 55 58 60 62 64 
67 70 71 74 80 86 93 94 95 97 100 106 
108 120 122 129 142 149 150 156 160 165 168 169 
171 177 185 189 191 192 
63
1 5 10 13 14 23 25 27 28 32 34 36 
37 41 45 46 52 53 55 56 57 60 61 67 
70 74 75 82 83 86 89 91 93 94 102 103 
105 112 115 120 123 124 125 128 130 139 143 150 
153 154 155 156 158 161 165 168 169 174 181 182 
185 193 198 
53
9 10 11 14 16 19 21 23 24 25 27 28 
38 47 50 51 52 55 56 59 61 69 72 75 
84 85 87 89 97 98 101 111 115 120 125 129 
131 132 133 137 146 147 155 158 159 161 162 165 
167 176 194 195 196 
70
2 9 12 14 17 18 20 21 25 32 40 41 
42 45 46 49 50 52 53 54 57 58 62 72 
74 75 76 81 82 83 87 89 90 93 108 109 
114 115 116 117 119 121 122 123 124 125 127 138 
140 142 144 146 150 153 154 155 157 158 160 161 
162 165 166 167 186 190 191 193 197 199 
62
3 6 9 14 15 16 19 22 25 26 31 32 
33 38 40 42 43 44 45 46 53 55 61 69 
80 83 85 102 103 104 107 110 112 114 116 117 
118 121 129 133 135 136 140 142 145 147 148 149 
156 157 161 165 171 172 176 177 181 188 189 195 
196 199 
61
1 3 10 14 16 18 21 23 26 28 37 38 
39 40 45 48 49 50 51 55 58 59 61 62 
71 73 76 77 81 82 83 84 85 90 95 97 
105 109 110 114 118 123 130 133 138 143 147 149 
152 157 160 164 165 170 171 176 178 179 188 192 
198 
59
4 13 15 18 20 24 27 29 32 35 36 44 
45 46 51 58 62 67 69 71 74 79 82 91 
96 102 103 106 114 118 120 121 123 124 127 129 
137 142 146 149 152 157 161 162 163 168 170 172 
173 174 178 181 185 186 187 188 191 193 195 
67
6 21 22 24 28 30 33 37 44 45 46 52 
57 59 66 67 68 70 71 74 77 78 79 81 
82 83 84 85 87 90 91 94 99 102 104 105 
106 108 110 111 116 119 120 122 124 132 133 134 
138 139 143 144 145 151 153 155 156 158 159 162 
164 165 169 170 175 184 187 
70
1 2 3 5 7 15 18 20 21 26 30 31 
33 35 38 39 42 43 47 48 49 50 55 59 
64 71 72 75 80 83 88 89 90 97 98 100 
103 104 106 107 108 111 113 114 118 123 124 126 
127 131 134 138 150 151 153 156 158 168 173 174 
176 182 186 191 192 193 195 196 197 199 
61
1 4 14 16 17 19 22 26 30 47 48 50 
51 53 54 55 56 57 61 68 70 74 81 86 
87 88 90 91 96 97 98 99 100 104 110 111 
114 118 121 125 137 138 142 146 147 151 152 156 
160 164 166 170 174 177 179 187 188 189 190 192 
196 
56
1 2 4 8 16 17 18 19 22 24 28 36 
40 41 46 48 54 60 63 66 69 75 76 78 
79 81 91 95 99 104 105 106 108 114 117 118 
119 121 127 141 144 146 147 154 158 163 166 168 
170 172 179 182 185 188 193 200 
69
2 3 6 7 10 11 12 13 15 22 24 25 
26 29 32 33 34 48 49 52 54 57 59 64 
66 70 72 74 77 78 79 82 83 89 90 91 
94 96 99 100 102 103 108 116 128 131 132 133 
136 138 140 141 146 148 150 153 158 165 167 169 
171 175 179 180 181 191 192 196 198 
