200 200
1 1 1 1 1 1 1 1 1 1 1 1 
1 1 1 1 1 1 1 1 1 1 1 1 
1 1 1 1 1 1 1 1 1 1 1 1 
1 1 1 1 1 1 1 1 1 1 1 1 
1 1 1 1 1 1 1 1 1 1 1 1 
1 1 1 1 1 1 1 1 1 1 1 1 
1 1 1 1 1 1 1 1 1 1 1 1 
1 1 1 1 1 1 1 1 1 1 1 1 
1 1 1 1 1 1 1 1 1 1 1 1 
1 1 1 1 1 1 1 1 1 1 1 1 
1 1 1 1 1 1 1 1 1 1 1 1 
1 1 1 1 1 1 1 1 1 1 1 1 
1 1 1 1 1 1 1 1 1 1 1 1 
1 1 1 1 1 1 1 1 1 1 1 1 
1 1 1 1 1 1 1 1 1 1 1 1 
1 1 1 1 1 1 1 1 1 1 1 1 
1 1 1 1 1 1 1 1 
59
3 13 15 17 18 20 22 23 26 29 34 46 
47 50 52 53 54 58 62 64 65 66 70 75 
82 85 92 94 107 108 111 114 119 122 123 127 
128 130 132 133 136 151 153 155 156 157 160 162 
165 170 172 176 179 181 184 189 192 194 197 
63
1 2 8 10 20 22 23 24 25 26 27 28 
35 42 45 49 50 51 53 56 58 66 70 72 
73 78 79 82 86 87 89 92 93 97 100 104 
114 119 122 125 129 133 134 137 139 140 143 147 
150 157 158 159 161 163 164 177 178 179 186 193 
194 195 197 
73
1 3 4 8 9 11 13 15 17 18 19 20 
24 33 37 46 48 50 51 56 58 70 74 75 
76 77 78 79 80 81 82 86 93 94 96 97 
99 102 107 108 115 117 120 123 125 126 129 134 
135 137 140 141 142 143 152 156 159 160 163 166 
170 174 175 177 178 179 182 187 192 193 194 197 
199 
72
3 5 6 9 10 13 19 20 21 22 29 30 
31 35 38 39 40 45 48 49 52 56 57 59 
61 62 63 68 75 77 78 82 88 93 96 106 
109 116 119 120 122 125 126 128 130 131 132 135 
139 142 145 148 150 152 153 154 157 159 162 165 
167 171 176 177 178 179 184 186 188 189 190 196 
59
1 6 7 8 9 15 18 25 27 29 30 31 
32 35 36 38 39 43 44 45 47 48 51 57 
59 67 77 79 81 82 89 93 96 102 103 104 
108 110 111 116 124 128 133 136 137 138 151 154 
156 164 167 169 172 173 177 190 193 198 200 
53
4 14 17 19 26 28 29 30 34 37 49 54 
57 59 60 62 64 70 72 86 89 93 94 99 
103 104 111 121 122 124 126 130 132 137 141 143 
147 155 156 161 169 171 174 177 180 182 183 184 
188 189 194 195 196 
62
1 4 9 11 12 13 14 26 31 32 33 35 
36 43 44 48 49 50 52 53 58 59 61 63 
64 69 71 73 74 76 80 96 100 101 103 104 
105 107 111 113 120 131 133 137 142 149 152 155 
161 165 174 175 178 181 182 184 187 189 193 194 
198 200 
57
1 6 8 11 16 27 30 33 34 35 36 37 
44 49 50 51 60 64 70 72 77 82 84 86 
87 88 89 90 92 94 95 96 97 99 102 103 
114 117 120 122 126 128 133 134 137 141 143 148 
149 152 154 164 173 175 180 198 199 
58
3 12 15 18 19 25 26 30 35 36 37 40 
55 62 63 68 69 72 75 76 77 80 82 88 
89 90 96 97 105 110 112 114 118 120 127 132 
135 137 139 140 142 143 147 149 153 163 164 173 
178 184 188 189 194 195 196 198 199 200 
64
2 11 14 19 21 22 23 29 36 37 40 43 
47 49 56 58 59 60 64 65 66 67 68 69 
82 87 88 89 91 94 95 97 99 102 104 106 
107 113 114 117 123 129 132 133 145 146 149 150 
151 154 158 164 166 168 169 170 172 176 177 184 
187 189 193 196 
57
2 8 10 11 15 23 37 44 49 51 53 57 
58 62 64 70 71 74 76 81 83 86 87 94 
97 99 107 108 110 116 118 120 121 122 123 125 
130 135 141 142 143 144 146 150 151 155 157 161 
165 166 168 171 176 180 183 189 190 
55
3 6 8 9 11 14 15 18 20 22 25 26 
27 30 31 36 37 38 43 52 55 61 62 64 
65 69 70 71 72 77 90 100 103 110 111 114 
118 120 126 136 138 144 148 149 154 157 164 175 
177 178 181 185 191 196 197 
56
2 3 7 15 18 24 27 29 34 40 42 43 
45 50 55 56 57 59 60 61 64 69 70 73 
78 80 86 89 90 91 95 104 105 113 117 120 
135 137 139 140 145 146 148 150 159 161 167 169 
172 179 181 185 186 187 192 193 
61
1 3 4 5 6 8 15 16 17 20 21 31 
33 34 35 36 38 40 42 48 50 54 56 57 
58 60 61 77 82 83 84 85 88 93 94 95 
96 99 103 104 109 110 121 122 126 127 147 149 
150 156 167 172 174 178 181 184 190 191 194 196 
198 
58
1 4 10 11 12 16 17 18 22 33 36 40 
55 60 64 67 69 71 72 76 79 81 83 87 
91 101 102 109 116 121 122 124 125 126 127 129 
134 138 140 142 144 145 147 148 153 154 156 159 
160 168 169 172 176 178 179 182 191 200 
58
4 6 8 11 13 15 16 21 23 25 26 30 
36 41 43 56 60 61 63 67 69 74 81 83 
86 88 93 111 116 121 123 124 129 130 136 137 
138 143 145 147 149 151 153 156 158 162 165 166 
167 175 183 184 189 190 194 196 197 200 
57
5 6 7 13 14 15 28 29 37 38 42 44 
45 52 53 54 57 68 72 74 77 83 86 99 
100 102 110 111 112 113 119 121 122 127 130 131 
133 134 135 144 154 158 159 160 164 165 168 169 
171 172 186 189 192 193 194 195 196 
63
10 11 12 15 25 30 31 33 37 40 44 45 
46 48 54 56 59 62 69 70 72 73 77 79 
80 81 83 87 89 90 95 97 99 104 105 106 
110 117 118 119 120 122 124 126 128 133 135 141 
149 158 159 162 166 170 174 175 176 179 188 195 
196 197 199 
59
1 5 6 7 10 12 15 17 19 20 21 24 
27 36 38 39 44 45 47 58 60 63 64 68 
76 77 80 82 83 89 93 99 104 107 109 110 
113 121 126 128 141 142 150 157 159 161 167 168 
170 172 173 177 179 180 181 185 189 192 193 
57
5 10 11 13 16 20 25 26 30 31 35 39 
40 42 45 48 50 52 63 65 69 72 73 82 
86 89 90 96 97 104 106 117 127 132 134 135 
136 138 142 143 147 151 155 157 158 160 165 172 
173 182 184 186 187 188 189 190 196 
65
6 8 14 20 23 28 30 33 34 35 37 48 
51 55 58 60 62 63 64 67 69 73 74 75 
76 80 84 86 87 88 94 100 106 109 114 117 
120 126 127 130 133 136 137 142 153 157 158 160 
161 164 165 166 167 168 170 173 174 175 176 177 
180 192 194 195 197 
56
4 5 13 15 21 23 25 28 31 33 34 43 
60 63 65 66 69 72 80 86 89 90 91 92 
93 94 97 113 119 121 123 125 126 129 131 136 
144 145 147 148 152 153 156 157 158 168 170 172 
176 180 181 187 192 194 196 200 
68
4 5 8 11 12 18 19 29 31 32 34 36 
42 45 47 51 56 57 59 62 65 66 67 73 
77 78 79 80 82 83 89 91 94 98 99 108 
113 116 117 118 123 126 139 140 142 149 150 152 
153 154 160 161 162 167 168 169 173 174 176 180 
181 183 186 189 190 193 196 200 
59
4 5 7 13 15 27 30 33 34 37 39 41 
43 45 49 52 57 59 61 62 64 66 69 74 
77 81 82 89 90 97 99 105 108 116 117 122 
127 132 133 139 140 143 144 145 147 149 153 154 
155 156 165 166 167 170 173 175 178 183 196 
64
1 3 6 8 9 10 11 12 14 15 26 33 
39 45 46 51 52 53 55 61 62 68 69 70 
74 80 85 88 89 91 92 94 101 105 107 108 
113 116 123 126 132 133 135 138 139 143 144 148 
149 150 154 160 163 164 168 173 179 181 185 186 
191 197 199 200 
59
3 4 9 16 17 19 23 26 28 32 39 40 
45 47 48 50 60 62 63 66 67 68 72 77 
90 92 96 101 106 109 111 116 118 122 124 130 
136 137 138 142 144 146 149 160 162 166 168 176 
178 179 180 183 184 187 189 193 195 197 200 
56
9 14 16 19 28 33 38 46 50 52 53 60 
63 65 74 82 83 85 88 92 93 95 96 98 
101 104 107 108 109 110 113 115 121 126 127 129 
130 132 134 135 138 141 143 147 150 153 155 156 
164 165 170 172 181 183 185 194 
54
3 10 11 12 14 20 21 23 24 25 26 28 
35 38 41 48 49 54 67 69 70 71 72 78 
81 84 103 107 112 113 114 117 123 126 131 132 
135 139 145 146 147 150 151 152 158 160 161 162 
164 168 170 179 181 189 
67
5 6 9 14 17 21 26 27 28 29 36 38 
39 40 44 45 48 49 52 53 60 61 62 63 
70 72 73 76 77 78 82 86 87 89 97 100 
106 108 113 117 122 124 128 135 136 138 140 143 
144 151 154 157 162 164 166 170 172 173 177 178 
183 187 188 191 195 196 197 
53
7 9 15 17 18 19 20 21 33 35 39 42 
50 51 61 63 67 70 71 72 81 83 87 88 
93 100 102 103 107 110 117 124 126 129 138 144 
147 152 154 155 159 160 162 166 168 170 172 179 
194 196 197 199 200 
61
4 8 11 14 16 17 21 29 30 31 33 37 
39 43 47 48 54 56 57 65 66 69 70 72 
79 84 93 101 102 103 106 107 110 116 117 121 
123 125 126 129 131 132 134 137 139 149 161 162 
165 169 172 175 178 181 182 183 185 187 188 192 
196 
59
3 6 8 12 14 16 17 22 24 27 28 30 
34 36 42 43 47 53 61 67 74 76 79 83 
85 92 100 105 108 110 114 115 118 122 124 125 
129 131 139 143 145 146 147 150 151 156 158 160 
167 168 170 171 179 180 184 186 190 193 197 
65
2 15 19 20 25 26 31 32 34 36 37 41 
45 46 51 54 56 58 59 63 68 69 70 72 
73 75 78 81 82 85 86 88 100 101 104 105 
109 111 112 120 122 125 129 132 133 134 136 137 
139 142 146 153 159 165 168 170 177 178 180 182 
185 187 190 191 198 
50
1 3 5 8 11 21 29 32 35 43 46 47 
56 60 65 69 71 74 75 81 86 100 101 103 
105 107 113 114 116 120 126 130 133 137 145 150 
152 154 160 161 164 171 173 175 179 184 186 192 
194 196 
48
1 5 10 25 26 28 29 30 36 40 43 44 
48 50 53 55 59 60 66 72 76 78 79 80 
81 87 89 92 98 118 131 135 136 138 140 141 
147 148 150 154 158 168 171 175 178 187 194 196 
63
1 2 4 6 9 10 17 18 21 24 26 28 
36 39 40 41 43 48 53 58 64 66 73 76 
78 82 85 87 92 93 94 98 99 105 112 113 
114 117 118 119 121 122 124 125 130 139 141 143 
144 152 154 161 165 170 175 179 181 185 188 192 
197 198 200 
67
2 17 21 23 26 28 30 31 33 34 35 36 
37 40 41 48 49 50 51 53 59 65 68 70 
71 73 74 75 79 81 84 87 88 91 97 99 
101 104 105 110 111 118 120 124 130 133 138 139 
140 141 142 145 149 150 159 161 162 164 172 175 
183 186 189 190 193 198 200 
60
1 4 5 6 7 11 20 23 24 28 33 35 
36 41 44 45 48 49 54 58 70 71 76 77 
80 85 87 89 100 103 104 107 108 111 115 119 
124 128 132 135 140 142 143 148 152 154 155 156 
157 159 168 175 177 181 186 193 195 197 199 200 
59
2 3 7 12 15 18 19 20 27 29 31 44 
48 52 53 56 57 61 62 65 74 76 80 83 
92 97 99 105 106 107 110 112 115 117 118 119 
127 128 130 133 135 140 144 154 156 157 160 161 
162 166 168 176 177 178 179 187 188 190 193 
59
1 2 6 7 19 27 29 30 32 36 41 42 
44 45 47 51 59 67 70 73 74 76 77 80 
83 87 89 90 97 100 101 104 113 119 123 125 
126 127 128 131 138 139 142 143 145 151 168 170 
172 173 174 184 187 188 190 193 195 196 199 
59
7 9 10 11 14 15 20 21 22 33 41 44 
45 46 47 52 53 54 55 56 60 62 66 73 
74 75 85 90 91 92 99 100 105 106 107 111 
113 118 123 130 132 142 144 151 153 154 164 165 
166 172 174 177 180 182 187 190 196 197 199 
60
5 13 14 17 20 27 30 32 33 34 38 39 
44 49 53 55 57 58 61 64 65 66 71 72 
76 81 83 86 95 97 98 103 104 111 114 120 
129 130 133 141 144 146 150 151 152 153 158 161 
165 166 169 178 180 183 185 186 187 193 194 197 
58
5 6 7 8 16 26 30 31 32 33 36 40 
41 51 52 54 55 56 57 61 62 67 69 70 
77 79 80 81 86 88 101 104 111 116 121 124 
125 126 127 131 132 134 139 145 148 154 155 158 
160 162 164 169 170 179 188 190 198 200 
61
3 4 7 9 14 16 24 26 32 34 43 47 
48 51 56 63 65 67 68 69 72 75 86 90 
96 98 99 106 110 113 116 125 130 135 138 139 
140 141 143 145 150 152 154 156 159 160 162 165 
168 171 175 182 183 187 192 193 194 195 196 197 
198 
62
3 11 12 17 20 24 36 45 47 56 57 61 
63 64 67 70 71 73 75 85 87 89 90 91 
92 97 99 103 104 107 110 111 114 116 124 125 
128 131 132 133 134 136 137 140 141 144 145 146 
151 153 157 158 161 166 167 169 173 179 182 196 
197 200 
65
9 12 17 18 21 24 29 30 42 44 49 52 
53 54 56 57 61 64 66 75 76 77 78 80 
83 85 86 87 88 91 102 104 110 111 114 115 
118 122 123 126 127 132 135 136 137 139 141 143 
146 150 152 154 161 162 163 170 174 178 179 181 
185 191 193 196 199 
72
2 3 8 14 19 21 22 25 26 27 28 29 
31 33 39 41 42 43 45 46 51 53 54 55 
57 62 63 75 78 80 84 94 100 103 106 107 
108 110 112 119 120 122 125 130 133 134 137 139 
140 142 144 145 147 149 150 154 155 159 161 164 
167 174 177 178 183 184 185 192 196 198 199 200 
55
7 12 18 21 25 30 32 33 40 43 44 50 
53 55 60 61 66 67 68 71 72 73 87 88 
91 92 100 104 106 111 115 121 123 125 130 131 
139 142 143 145 156 157 159 160 168 170 172 180 
187 191 194 195 197 199 200 
50
5 10 13 20 22 24 26 45 49 51 58 59 
65 69 70 71 74 76 78 81 83 84 92 93 
94 95 96 99 100 104 105 106 111 113 122 128 
130 131 132 139 150 151 154 157 164 165 177 185 
186 198 
57
2 5 8 9 11 15 19 22 23 25 32 34 
44 50 55 68 70 72 74 77 78 79 82 85 
87 92 95 103 104 107 115 116 118 120 121 122 
124 128 129 132 136 137 138 142 144 148 156 164 
165 168 169 176 180 182 183 187 191 
62
2 11 18 20 23 26 28 31 32 34 37 40 
41 49 52 53 61 64 66 69 70 71 73 74 
79 81 82 84 86 89 90 93 98 99 100 102 
103 105 106 111 113 114 120 123 126 128 130 131 
145 148 149 152 154 157 159 166 172 177 183 193 
196 199 
51
6 16 17 22 24 28 29 33 48 55 56 59 
61 63 64 67 68 79 81 84 87 95 97 98 
100 110 117 119 122 123 127 136 139 140 146 148 
152 156 162 163 170 172 174 180 181 191 193 196 
197 198 199 
56
5 7 15 18 22 25 33 35 37 41 43 45 
51 54 58 59 70 73 79 86 90 93 95 98 
99 100 101 108 109 110 112 114 122 123 124 127 
130 131 133 134 135 139 143 145 154 169 170 171 
172 173 177 178 192 195 196 199 
58
9 13 14 15 20 22 24 32 36 39 40 41 
48 50 51 54 55 58 61 63 64 66 69 73 
82 84 90 98 99 100 101 104 106 107 109 115 
116 117 118 120 138 141 144 156 157 164 165 166 
167 170 171 175 177 179 180 182 185 198 
65
2 4 7 10 11 13 14 16 18 23 24 27 
29 30 34 35 36 38 40 41 45 48 50 53 
56 59 66 67 68 69 75 77 80 84 87 89 
93 96 100 109 112 113 116 117 118 122 123 126 
127 128 130 131 137 138 139 140 141 145 147 153 
172 173 180 194 199 
64
7 10 13 17 18 20 22 31 32 35 38 39 
40 42 45 46 50 52 54 55 56 59 63 68 
69 72 76 77 78 83 84 85 87 88 89 96 
97 98 103 107 108 111 113 121 123 125 126 129 
131 140 145 146 150 152 165 166 168 170 172 185 
189 194 198 200 
67
1 4 5 6 13 16 19 22 24 26 27 30 
34 36 37 41 43 44 50 52 53 56 58 59 
65 68 69 70 71 77 80 83 87 88 92 93 
94 99 100 102 108 117 122 124 133 136 138 143 
144 146 150 158 159 160 163 165 167 168 169 172 
176 177 185 186 187 193 197 
68
1 2 3 5 7 10 12 14 18 20 21 24 
25 26 27 29 34 35 39 40 43 44 45 49 
52 59 61 62 65 66 67 72 74 76 80 84 
86 90 107 108 109 111 112 123 125 127 129 133 
135 137 143 155 156 158 160 161 165 167 168 170 
175 180 186 188 193 194 196 197 
56
4 7 11 12 16 21 27 28 30 36 37 38 
41 43 50 59 70 72 75 82 84 86 87 89 
91 94 97 101 102 103 106 110 112 113 114 119 
125 128 130 131 136 138 145 147 149 155 156 158 
163 168 181 189 191 194 199 200 
61
2 9 12 17 18 25 27 29 31 36 40 41 
42 45 46 49 50 51 53 57 59 64 68 81 
83 89 94 97 99 100 105 108 113 114 117 119 
121 122 125 132 136 138 140 142 143 146 148 155 
156 157 163 167 169 170 173 175 181 185 188 190 
200 
64
6 7 10 12 13 14 17 21 24 25 26 27 
29 34 36 37 41 44 47 49 57 58 64 74 
78 81 85 86 88 96 98 100 102 107 108 109 
111 112 115 116 119 123 124 127 128 129 137 139 
140 155 157 159 167 171 173 176 178 181 185 186 
188 193 196 199 
54
2 3 7 9 10 11 15 16 20 21 27 28 
34 37 39 40 42 48 50 56 60 63 69 75 
78 81 85 88 96 99 101 104 107 114 115 118 
123 127 130 140 142 148 156 158 159 164 169 172 
175 177 194 195 196 198 
68
1 2 5 11 13 14 16 19 23 31 32 34 
35 36 38 40 44 49 50 51 53 59 63 64 
67 68 72 74 78 79 80 83 92 93 95 98 
103 105 107 108 109 117 122 123 126 128 129 132 
134 135 137 140 145 149 150 152 154 169 171 176 
177 183 192 193 195 196 197 198 
57
7 9 14 17 19 21 22 23 25 28 30 33 
35 36 38 45 48 49 61 64 68 74 80 83 
86 87 95 98 102 106 109 110 114 116 123 128 
132 134 135 136 141 144 146 149 157 158 162 164 
165 172 175 176 184 185 192 193 195 
53
3 11 18 19 23 29 37 39 46 47 51 61 
62 63 66 70 72 76 78 81 83 86 87 90 
91 94 96 99 101 102 105 112 117 121 125 126 
131 132 134 138 139 140 145 146 147 151 156 159 
162 165 170 171 175 
61
5 6 10 16 22 23 29 30 35 36 37 38 
41 50 54 55 57 59 64 66 68 69 72 74 
77 79 83 87 88 91 93 95 96 100 102 110 
112 113 117 119 120 122 128 129 130 132 134 136 
139 141 145 149 153 155 159 163 166 171 182 192 
195 
63
3 6 7 9 10 18 21 22 23 25 27 35 
38 46 49 51 52 61 63 65 70 78 79 81 
83 84 90 92 97 98 99 100 103 104 105 106 
108 109 116 120 123 136 138 145 146 150 153 154 
155 156 157 163 168 170 174 175 176 188 189 190 
192 194 199 
59
6 11 15 16 19 22 23 27 28 30 39 42 
43 45 47 50 56 59 62 67 69 74 75 83 
87 88 89 94 96 104 106 107 112 115 116 121 
125 127 129 132 133 136 144 146 147 153 156 160 
161 166 168 169 177 183 186 192 193 195 196 
71
1 2 5 9 11 13 15 17 18 21 22 28 
30 34 36 37 38 41 42 44 46 51 58 59 
63 65 68 70 72 75 77 78 82 83 86 87 
100 104 107 110 111 113 115 118 126 128 130 137 
138 142 146 149 151 158 159 160 161 164 167 169 
170 173 175 182 183 184 185 189 190 195 196 
54
5 8 10 15 17 18 26 29 31 33 36 37 
38 43 48 51 54 55 66 73 74 82 83 86 
87 89 92 95 102 106 110 111 112 119 123 125 
127 134 146 147 154 159 161 165 170 179 180 181 
182 183 188 190 191 192 
60
1 4 10 11 12 16 20 22 23 25 26 27 
35 39 41 47 50 55 56 58 63 65 66 70 
71 77 78 83 84 86 87 95 97 101 102 109 
112 121 122 135 139 141 144 145 154 162 165 166 
171 178 179 180 181 182 185 188 190 193 195 199 
56
1 2 8 11 14 15 25 29 34 37 38 42 
46 47 49 52 56 65 68 74 82 84 87 90 
93 95 98 102 104 109 110 113 114 115 119 120 
123 127 132 142 143 144 152 154 156 157 172 181 
185 187 190 193 195 197 199 200 
46
4 6 11 16 18 24 30 33 36 43 49 51 
57 61 62 66 67 70 71 78 84 85 86 93 
96 97 99 114 118 123 125 128 138 139 142 144 
145 147 148 152 158 165 177 179 185 194 
52
3 8 14 16 31 37 39 41 42 74 77 78 
79 82 83 84 89 90 91 92 93 105 108 110 
114 115 118 120 121 132 133 134 137 138 139 147 
149 150 155 156 159 164 170 176 181 184 187 188 
189 190 195 199 
64
1 4 9 10 11 13 15 18 21 25 27 34 
35 36 44 48 50 54 55 57 58 60 75 77 
84 92 94 95 105 106 108 109 110 116 118 122 
123 134 135 136 137 143 145 151 154 155 156 158 
160 162 167 169 170 172 173 174 176 184 185 187 
188 193 197 200 
56
1 3 4 6 22 24 30 36 39 40 42 44 
47 50 54 62 63 69 74 76 78 80 81 86 
88 99 100 109 111 112 118 119 122 123 130 134 
136 138 140 143 148 150 155 156 157 163 165 166 
171 175 180 183 189 192 194 196 
60
1 4 6 12 14 15 17 18 20 21 23 25 
31 42 46 48 49 58 59 61 64 72 75 81 
82 83 86 91 98 99 102 108 114 116 119 120 
123 126 127 133 135 139 143 151 154 158 160 161 
164 165 166 167 171 175 176 190 192 195 196 200 
61
2 4 5 12 13 20 29 33 34 40 42 44 
50 53 57 66 69 74 75 79 83 85 86 87 
94 96 97 98 104 105 106 110 124 131 135 139 
141 145 146 147 149 150 151 153 158 159 161 162 
168 169 171 175 178 184 186 191 192 195 196 197 
198 
66
2 5 10 14 20 22 35 37 39 40 41 45 
48 49 52 55 57 62 63 68 69 78 80 81 
83 84 87 88 92 93 94 97 101 104 108 109 
115 126 127 132 133 134 136 144 149 155 156 157 
158 159 161 162 164 166 167 169 171 177 182 183 
184 186 188 189 191 193 
61
1 3 4 6 11 17 26 36 42 44 45 47 
49 50 58 60 64 65 66 69 72 82 83 85 
86 90 95 101 102 103 104 110 112 121 123 124 
128 129 133 140 145 150 155 156 157 159 161 169 
170 171 173 174 177 178 180 183 185 187 196 197 
200 
65
7 9 11 14 20 21 22 24 27 31 33 38 
48 50 52 56 63 70 74 76 83 88 91 93 
95 96 101 107 108 110 114 116 117 118 119 121 
122 123 125 128 142 143 145 147 149 150 154 155 
158 162 163 168 172 173 174 175 177 181 184 185 
186 187 188 190 199 
62
5 9 11 13 14 16 18 19 28 32 38 39 
42 44 47 49 52 55 57 58 60 62 65 70 
71 76 78 79 80 81 82 83 84 90 92 93 
96 99 102 106 107 115 116 119 134 144 151 152 
162 165 168 173 180 182 183 185 186 187 188 191 
193 197 
62
11 12 14 15 16 19 21 23 25 27 33 37 
38 44 47 53 61 62 64 65 66 68 71 73 
75 76 81 82 87 88 92 93 102 106 108 109 
110 114 115 120 126 129 130 135 149 151 152 154 
156 158 165 168 169 171 173 174 178 188 191 192 
196 197 
59
2 8 9 23 30 31 38 47 48 49 51 53 
55 56 64 67 69 70 71 75 76 77 82 85 
86 90 92 97 99 101 102 104 108 126 132 133 
134 135 138 140 143 146 150 151 152 153 154 157 
166 167 169 177 178 184 186 192 194 195 200 
60
1 6 8 10 12 22 24 27 31 33 36 39 
42 48 50 63 65 66 67 74 83 85 87 88 
90 91 102 104 106 108 111 115 118 119 124 125 
128 131 134 136 138 143 150 151 157 158 161 162 
163 164 167 172 179 181 185 186 190 192 193 200 
58
2 4 16 22 23 29 31 33 38 40 44 46 
48 49 55 58 65 68 72 74 75 76 78 80 
84 90 91 94 95 97 98 110 113 115 118 120 
122 124 125 127 135 140 141 142 143 145 165 170 
174 175 176 182 190 191 193 197 198 200 
53
4 5 10 16 18 21 23 28 30 31 33 40 
50 55 59 63 67 72 73 74 75 80 84 88 
90 95 101 102 108 109 122 123 124 126 128 130 
132 134 137 138 143 160 162 164 165 169 172 181 
182 189 190 197 199 
52
2 5 9 10 22 31 33 38 39 43 49 50 
52 55 59 68 71 74 75 82 87 88 98 103 
104 106 111 113 117 118 119 129 134 148 149 150 
153 158 162 166 170 171 175 180 182 183 185 186 
187 191 194 200 
72
7 9 13 15 21 26 27 28 30 36 38 43 
44 59 60 61 62 65 69 71 73 74 75 83 
85 87 91 93 95 96 98 99 101 102 103 105 
106 107 109 112 116 118 119 120 122 123 124 125 
126 133 139 140 144 148 150 155 156 157 161 169 
175 177 181 182 184 189 190 192 193 194 196 197 
63
2 3 4 5 10 12 14 18 22 23 26 28 
29 33 38 46 49 53 60 66 71 73 74 76 
82 84 90 91 92 95 98 100 104 105 109 110 
113 116 120 127 133 134 142 143 144 147 152 156 
162 164 165 167 172 180 181 183 185 187 188 192 
194 199 200 
60
2 8 12 13 16 22 24 26 36 46 50 52 
55 59 63 65 67 76 78 79 81 84 85 91 
92 95 97 100 101 105 110 111 113 120 121 122 
123 126 130 131 134 138 142 147 149 151 153 158 
160 163 164 166 177 179 181 182 183 188 191 198 
56
1 8 13 14 19 26 31 34 36 44 46 52 
56 58 61 62 66 71 80 84 86 88 89 91 
92 93 97 100 106 111 112 117 118 123 124 131 
137 139 144 145 148 149 158 161 163 173 174 175 
178 179 184 186 187 193 195 196 
59
4 5 6 8 11 14 28 29 31 40 42 43 
47 49 56 57 59 62 70 71 78 79 81 91 
95 98 99 100 101 102 103 104 109 115 120 125 
127 131 135 144 145 149 153 156 158 167 170 172 
179 183 184 185 186 187 188 189 191 193 196 
67
2 5 7 8 9 12 13 14 16 23 26 27 
28 29 30 31 34 35 48 49 50 51 52 53 
55 56 61 64 67 72 75 76 83 84 89 93 
97 100 107 111 113 122 127 130 138 139 140 143 
145 147 151 153 157 160 163 164 165 166 172 177 
180 181 184 187 191 193 200 
61
7 13 14 16 18 19 21 23 27 28 29 36 
37 50 52 53 54 55 56 61 64 67 74 75 
90 96 97 99 103 107 110 112 113 115 118 119 
120 122 124 128 131 133 138 139 145 147 153 154 
157 159 162 163 167 169 170 173 175 179 182 194 
198 
49
2 3 12 20 21 23 25 32 36 39 41 43 
44 49 50 52 54 57 59 61 73 74 78 84 
85 86 99 101 105 106 111 112 113 117 133 137 
143 144 149 154 155 159 162 169 172 182 189 192 
199 
53
1 9 15 16 17 18 19 23 26 28 39 40 
45 46 51 53 54 62 63 70 76 78 83 88 
92 95 100 101 102 107 108 110 111 112 117 124 
134 136 139 143 144 147 148 153 158 159 161 162 
172 174 176 185 193 
58
9 12 16 18 26 29 32 33 39 42 45 48 
54 55 59 66 70 75 79 80 84 86 87 88 
89 90 97 104 105 107 108 110 117 119 122 123 
124 131 136 138 139 141 145 149 153 157 163 165 
167 169 170 180 181 183 185 190 196 197 
46
4 11 12 14 16 25 30 31 36 37 40 41 
45 55 57 59 62 67 80 84 87 93 101 106 
110 111 115 118 127 129 131 134 137 141 143 152 
159 165 172 173 175 177 186 193 199 200 
53
5 7 8 12 14 15 18 25 26 30 31 45 
54 56 57 58 61 62 65 66 67 69 77 81 
84 86 87 88 92 96 97 98 102 103 105 106 
109 116 121 124 125 133 147 160 173 176 181 183 
185 189 192 194 199 
49
8 11 15 16 18 21 22 23 26 29 33 40 
41 44 45 52 54 58 75 85 96 99 102 104 
108 110 112 125 133 137 139 142 144 146 147 150 
151 160 161 166 168 170 176 181 182 183 188 195 
198 
49
2 8 9 13 15 22 25 39 51 55 60 61 
63 64 67 73 76 79 82 92 96 100 108 114 
116 117 119 120 123 125 127 136 137 138 139 140 
141 142 147 148 159 169 172 176 178 193 197 198 
199 
75
2 4 5 6 9 10 13 15 19 21 22 23 
24 28 31 35 48 52 56 57 59 63 68 69 
71 74 76 77 81 82 90 95 96 98 99 100 
102 108 119 121 122 123 124 125 129 130 131 133 
135 136 144 146 147 150 155 156 159 169 171 172 
174 176 177 178 179 184 185 187 189 190 191 196 
197 198 200 
69
5 8 10 12 17 20 21 22 24 26 30 33 
43 44 50 51 53 61 67 70 71 72 73 74 
76 78 81 84 86 87 93 94 95 96 106 108 
109 113 114 117 119 120 121 122 128 133 136 143 
145 149 154 156 158 159 161 162 164 166 168 175 
176 178 180 186 187 188 190 193 196 
61
1 2 3 6 7 11 12 13 15 17 22 23 
24 26 28 29 32 34 41 44 45 54 55 58 
62 71 73 75 77 81 94 96 98 100 101 107 
119 122 125 133 135 136 138 139 143 146 150 153 
159 160 161 166 167 175 179 180 183 188 193 194 
198 
68
7 9 11 12 14 21 23 24 27 33 38 41 
46 48 49 55 56 59 63 66 69 72 73 74 
75 81 82 83 86 87 93 102 107 109 111 113 
114 118 123 124 127 128 130 132 135 144 146 151 
153 154 155 156 157 158 159 165 169 173 176 177 
182 183 184 186 189 191 193 194 
57
1 10 12 13 16 21 33 36 38 40 41 43 
47 48 49 51 55 56 58 61 79 86 98 99 
107 111 118 122 124 128 129 130 131 139 140 142 
146 147 149 152 155 157 158 162 168 169 175 177 
178 183 186 189 194 196 197 198 199 
66
1 3 4 6 12 17 18 21 26 27 30 31 
32 33 34 45 47 49 52 53 60 61 63 69 
70 71 75 81 82 85 92 96 106 108 111 118 
120 122 123 127 128 130 140 143 146 151 152 160 
161 162 164 172 175 176 177 180 181 183 184 186 
188 193 195 196 199 200 
70
2 10 12 13 14 16 17 28 30 31 33 36 
37 43 45 47 49 60 61 62 63 67 69 70 
72 76 77 80 83 86 89 90 94 100 104 107 
108 110 115 119 120 129 130 134 135 138 140 146 
149 156 157 160 161 166 168 170 171 174 176 178 
179 180 181 182 184 190 195 196 197 198 
52
4 7 12 23 25 27 28 30 41 44 52 53 
54 63 65 67 68 69 73 75 77 80 82 86 
91 92 98 100 102 103 107 108 112 116 120 123 
124 126 127 136 139 144 159 165 167 173 178 182 
191 193 199 200 
49
3 16 19 24 25 31 38 43 46 48 55 58 
67 70 74 75 80 83 86 91 102 109 110 114 
132 133 134 135 140 142 143 149 152 154 155 156 
170 171 172 177 180 183 185 186 189 191 196 197 
198 
62
3 4 16 22 25 31 33 34 36 40 47 48 
49 55 60 66 68 69 75 78 79 81 85 86 
88 91 92 94 95 96 110 113 115 124 128 131 
133 134 138 144 145 156 159 160 167 168 169 170 
171 172 174 175 177 178 181 182 187 188 190 191 
192 198 
64
2 3 5 6 9 17 18 20 21 28 31 34 
38 44 48 50 51 56 58 59 61 69 70 72 
73 76 79 85 86 87 90 95 96 97 101 102 
105 107 108 111 112 115 122 126 129 130 146 147 
148 150 152 154 157 161 166 169 170 173 176 180 
181 185 187 193 
68
1 2 8 9 11 17 18 23 28 31 35 38 
41 47 53 58 60 61 64 67 71 72 75 76 
78 81 82 83 84 85 89 94 95 97 100 103 
105 107 109 117 118 123 124 125 130 136 139 142 
149 151 152 154 157 160 162 163 166 168 171 176 
177 179 182 186 192 193 198 200 
74
6 9 16 18 20 25 27 29 33 44 48 50 
53 56 59 62 63 64 66 67 71 76 79 84 
85 86 87 89 90 91 93 94 95 96 100 102 
103 105 108 110 113 114 122 124 126 127 128 129 
133 142 145 150 152 156 160 162 163 167 170 171 
177 181 182 183 184 185 188 190 191 192 193 194 
196 199 
58
2 3 6 22 24 32 33 35 38 49 54 58 
62 64 66 69 70 73 76 82 84 86 87 90 
93 94 97 104 108 115 116 117 121 122 124 125 
126 132 134 142 147 154 158 160 164 166 169 170 
172 178 179 183 185 186 189 190 195 196 
60
2 3 4 5 6 12 20 22 23 31 32 36 
37 38 39 41 47 50 52 54 55 56 57 62 
64 71 77 81 83 86 87 88 91 96 101 104 
107 112 119 120 121 135 136 138 139 144 145 147 
149 156 161 167 172 185 191 193 195 196 197 198 
52
3 5 8 12 17 18 20 21 28 29 35 40 
41 52 55 62 70 77 78 83 85 99 101 109 
110 113 115 116 118 119 122 130 133 138 139 140 
143 144 147 148 154 168 172 173 176 179 186 188 
189 190 191 194 
66
5 9 12 13 19 25 26 28 39 41 49 51 
52 58 61 64 71 73 80 81 82 84 86 87 
90 92 95 96 97 98 99 102 104 106 107 109 
110 114 117 120 126 129 133 134 135 138 139 143 
145 146 148 151 161 164 167 169 170 173 175 182 
183 190 191 192 193 194 
52
12 20 23 26 30 31 33 36 37 40 42 44 
54 55 64 67 72 76 79 80 81 83 90 95 
96 98 106 109 119 125 126 129 130 137 142 145 
150 157 159 163 165 167 178 181 184 185 186 187 
189 190 196 199 
69
2 5 7 8 10 16 17 19 21 30 33 37 
41 43 49 51 55 58 61 64 65 69 70 76 
81 83 85 87 88 89 90 93 98 101 102 106 
108 110 114 115 116 124 126 128 131 133 135 140 
142 143 146 151 153 155 159 163 169 171 174 175 
176 180 182 184 187 188 194 197 199 
58
3 5 6 8 9 14 16 17 18 20 21 22 
24 26 29 31 41 42 43 44 48 55 56 58 
61 64 69 75 76 80 82 95 104 105 107 110 
120 121 126 131 135 141 143 152 157 158 174 175 
181 183 186 192 193 194 195 197 199 200 
50
1 2 9 15 16 17 24 26 46 49 51 61 
64 65 67 78 86 87 94 98 105 110 121 122 
130 132 137 138 139 145 146 152 154 158 159 160 
162 169 172 173 174 175 177 181 185 188 195 196 
197 199 
64
11 14 15 16 19 22 23 33 41 42 44 46 
47 48 53 54 60 64 66 68 69 70 72 74 
75 76 77 81 83 85 87 94 96 100 108 114 
117 118 120 122 125 130 131 139 143 147 151 152 
154 160 162 163 170 175 177 178 180 182 183 185 
186 187 188 196 
61
2 3 14 19 29 32 37 38 39 41 48 49 
52 55 57 59 60 61 65 69 72 76 78 87 
88 92 93 94 95 101 109 110 111 112 114 116 
117 119 121 122 129 131 136 144 145 146 152 154 
159 163 165 173 175 176 177 184 185 188 189 195 
200 
58
2 3 4 7 10 18 28 29 30 33 39 44 
46 49 52 56 64 67 68 76 79 80 83 88 
91 95 96 97 98 100 103 105 106 107 109 117 
119 121 123 128 133 134 142 147 151 156 162 173 
175 176 179 181 182 190 193 194 195 199 
60
5 6 8 13 16 21 23 27 31 35 37 39 
40 42 54 55 56 60 61 66 68 75 87 88 
89 90 94 100 102 103 105 109 111 122 124 125 
129 130 131 135 136 138 142 144 147 150 154 157 
158 159 162 166 168 170 182 184 189 191 198 199 
61
9 17 19 23 31 33 40 46 56 58 59 62 
63 70 73 75 77 78 79 83 87 90 96 97 
98 101 102 105 107 114 121 122 125 128 134 135 
136 138 143 147 148 149 151 153 155 157 161 169 
171 173 176 179 180 182 184 185 189 194 195 199 
200 
48
3 9 10 25 26 30 37 48 49 52 62 68 
71 80 81 82 83 84 90 95 108 113 120 126 
133 134 138 140 142 146 147 148 151 152 153 154 
158 160 164 165 170 174 179 182 189 194 197 199 
57
2 3 4 7 8 10 13 17 23 25 32 36 
40 41 44 45 49 50 55 66 67 71 77 78 
83 84 87 88 90 93 98 103 107 108 118 120 
124 125 130 134 136 142 148 150 154 155 156 158 
159 160 162 165 167 174 185 187 189 
47
1 6 12 14 20 24 26 31 32 33 37 43 
46 53 54 56 66 73 79 80 84 87 91 100 
101 105 111 112 115 116 117 124 134 135 138 139 
140 152 153 159 160 170 184 191 192 194 195 
65
3 11 13 15 20 24 30 35 37 43 44 54 
56 57 60 70 71 76 77 80 83 89 93 100 
101 104 105 108 111 113 114 116 118 123 129 136 
137 142 144 145 146 150 152 154 157 159 161 163 
164 165 170 172 175 178 179 180 182 184 186 187 
189 190 191 192 198 
63
1 10 11 13 15 19 21 22 26 27 28 31 
34 41 43 46 49 57 58 59 61 65 69 73 
77 79 81 82 91 95 96 101 102 103 104 109 
110 114 117 119 124 125 126 129 130 132 136 140 
144 149 150 155 159 160 162 163 165 166 182 183 
185 192 193 
42
1 2 12 18 23 24 27 38 41 46 52 58 
60 64 69 75 84 92 97 100 102 103 109 117 
121 128 130 133 137 147 149 150 151 162 164 178 
182 183 188 195 196 200 
69
1 4 6 8 9 11 12 13 16 22 25 29 
30 31 36 39 40 41 44 48 49 50 54 60 
63 66 68 69 73 75 87 88 89 96 98 101 
107 110 115 121 127 128 130 135 141 146 147 148 
150 151 152 154 155 157 158 159 160 162 164 166 
168 173 179 184 186 188 193 194 196 
43
1 3 10 11 13 23 24 29 33 39 42 43 
46 47 50 54 55 65 90 95 102 105 108 112 
116 117 118 128 137 140 141 144 145 152 157 165 
170 175 177 179 180 184 192 
66
1 2 4 10 11 15 17 19 20 22 23 24 
25 29 33 37 40 41 44 48 56 60 62 65 
66 69 73 74 76 77 82 90 92 97 98 101 
104 105 106 107 113 116 118 121 124 128 132 134 
141 148 149 152 157 158 161 163 165 168 179 180 
182 187 192 193 197 200 
64
3 6 7 8 9 19 21 22 26 29 37 50 
56 61 62 65 69 70 74 76 77 79 84 85 
86 95 96 100 111 112 116 119 124 126 130 131 
133 138 139 140 143 146 149 151 152 155 156 157 
159 164 166 167 168 171 172 173 175 178 187 190 
196 197 198 199 
62
2 3 5 7 10 14 16 18 22 26 27 30 
34 35 41 44 46 47 52 53 55 57 59 61 
65 67 70 75 83 85 88 92 98 103 105 109 
111 113 114 115 119 124 125 129 132 133 134 138 
143 144 146 151 157 162 163 165 166 169 179 182 
197 198 
57
1 10 16 25 27 33 34 43 48 49 50 51 
54 55 61 63 70 71 75 76 79 81 91 94 
99 100 111 118 121 132 138 139 140 142 143 144 
150 151 156 160 161 162 163 164 171 173 174 175 
176 179 184 187 188 190 191 196 198 
59
2 9 17 24 33 34 35 42 43 44 46 47 
52 53 55 57 65 69 70 74 76 77 80 83 
84 86 90 96 97 98 99 102 107 110 111 113 
115 121 126 127 130 132 134 136 138 148 151 157 
158 160 165 167 170 175 186 193 194 195 199 
54
5 7 12 23 24 25 26 29 30 45 47 53 
54 61 70 71 72 73 74 76 78 81 83 90 
94 97 98 103 107 118 125 127 128 131 138 140 
141 161 164 165 166 167 171 175 176 180 181 183 
186 189 191 193 196 200 
57
3 8 11 16 21 24 32 34 44 45 46 47 
49 51 52 55 60 61 69 75 80 86 87 89 
90 92 94 97 98 101 102 113 123 129 130 135 
136 138 143 145 147 148 149 154 157 159 161 165 
174 178 184 185 187 188 193 195 199 
79
1 8 14 16 18 19 25 26 27 29 35 42 
44 45 46 49 50 53 54 55 56 57 60 61 
63 64 67 71 72 73 74 75 76 77 78 82 
85 87 89 90 91 100 101 102 104 105 107 112 
118 123 124 127 129 130 134 136 142 143 146 148 
151 152 157 164 168 169 171 175 176 179 181 183 
184 189 191 194 197 198 199 
61
2 5 6 7 9 17 22 34 37 40 41 44 
45 46 49 52 53 60 67 72 73 75 76 78 
80 83 84 86 90 91 92 98 99 107 108 114 
116 119 126 132 139 140 141 142 143 146 147 151 
158 159 160 161 162 163 168 173 175 180 183 186 
199 
53
3 5 7 15 18 20 22 23 26 27 33 34 
35 40 43 52 54 56 57 60 61 67 70 81 
83 85 93 101 102 103 104 112 116 119 125 131 
134 135 149 155 159 164 165 168 169 171 172 175 
181 184 185 190 193 
53
10 13 14 18 20 21 24 30 32 43 48 54 
57 59 62 63 64 71 75 76 79 82 87 90 
91 92 98 114 118 120 121 128 129 130 132 135 
138 141 143 146 147 149 161 165 167 170 173 184 
189 190 194 198 199 
53
2 4 10 11 15 19 21 22 23 34 37 38 
40 43 44 51 53 61 63 66 68 73 74 85 
88 91 97 105 106 117 118 129 134 135 136 138 
140 142 150 154 159 160 161 165 167 169 170 177 
178 179 183 188 200 
66
4 5 12 13 15 19 24 33 34 36 37 38 
50 52 53 55 58 65 68 69 72 76 79 81 
82 84 85 90 91 94 99 102 109 111 113 114 
115 116 117 118 119 121 126 129 130 131 135 139 
140 143 146 150 152 154 158 160 162 163 165 172 
175 176 178 185 186 189 
60
6 10 13 15 17 21 24 25 28 29 33 35 
40 41 46 50 53 58 60 61 65 66 69 71 
76 80 82 83 91 94 100 101 104 106 109 112 
114 117 119 120 122 125 127 129 133 136 149 155 
159 162 166 171 176 178 181 186 192 194 195 197 
58
2 3 8 11 14 16 18 19 22 31 33 45 
52 53 59 61 66 68 69 75 77 78 82 85 
87 89 90 95 103 108 109 111 117 118 120 121 
122 123 126 127 130 131 137 139 143 144 146 147 
152 161 167 169 170 178 180 185 186 192 
66
4 5 14 17 21 23 24 28 33 36 40 43 
51 54 55 62 63 65 66 68 69 71 75 79 
80 81 86 89 93 101 103 106 109 113 115 117 
121 124 125 126 127 130 133 134 142 143 149 152 
153 155 157 164 166 167 168 169 170 171 172 174 
181 182 185 190 194 197 
63
2 3 7 10 12 13 19 30 33 34 39 42 
43 46 47 50 54 56 57 58 64 69 71 72 
76 78 82 84 86 91 103 104 109 110 111 113 
115 116 120 121 123 125 127 128 129 130 131 135 
138 139 140 146 155 162 164 170 176 181 182 187 
191 192 195 
56
3 4 6 7 9 12 14 15 23 24 30 31 
32 41 43 44 46 48 50 52 59 64 67 71 
76 81 87 89 90 93 94 99 110 116 122 126 
129 135 136 137 138 140 146 150 152 158 160 161 
167 170 171 177 184 193 197 199 
57
1 2 5 6 8 17 18 22 23 26 31 33 
37 40 41 43 44 50 53 57 59 60 62 72 
75 78 79 87 88 91 92 98 104 105 108 112 
115 117 121 122 125 128 130 134 143 149 152 156 
162 166 168 170 171 180 185 190 194 
51
10 12 19 29 30 34 44 45 47 52 60 68 
70 77 83 85 86 104 113 115 117 119 120 122 
123 127 138 139 140 141 142 145 147 148 149 150 
153 158 161 170 174 178 179 180 182 185 186 189 
192 195 197 
76
3 4 5 7 11 18 19 20 21 24 26 27 
29 33 40 47 50 52 55 56 59 60 61 62 
65 66 70 71 72 74 75 76 82 89 90 92 
94 96 98 99 103 107 109 110 111 113 115 117 
119 123 126 130 131 138 140 143 147 149 156 159 
163 164 168 169 170 171 174 180 183 184 186 192 
194 195 198 200 
45
14 16 26 29 41 43 46 48 51 62 63 67 
70 79 82 86 94 95 97 100 103 116 119 122 
134 138 139 145 147 152 153 160 161 165 166 167 
168 171 177 178 181 187 192 194 198 
56
14 16 17 19 23 29 32 36 37 43 47 48 
50 55 59 65 69 77 81 91 92 94 96 97 
99 110 111 112 113 116 120 135 137 138 139 141 
142 144 145 148 156 157 159 165 167 168 172 173 
183 184 185 187 191 195 196 199 
69
3 4 7 11 14 16 17 20 30 31 32 34 
40 42 46 48 50 51 54 55 56 63 65 66 
69 70 75 78 82 83 84 86 90 99 104 106 
108 115 117 129 130 132 133 134 135 138 139 141 
142 146 154 158 161 162 167 169 171 175 177 178 
183 185 189 193 194 197 198 199 200 
54
7 8 9 10 12 21 27 32 38 44 45 51 
57 60 64 65 66 67 68 70 72 75 76 80 
84 85 88 89 90 96 102 104 105 111 116 119 
121 124 135 136 145 151 152 154 158 163 165 169 
179 180 183 189 192 194 
53
4 11 16 20 21 24 26 29 32 33 42 47 
54 57 58 60 63 68 74 76 78 82 85 86 
89 90 96 97 102 105 106 108 109 113 118 120 
121 122 132 137 139 144 153 156 157 159 176 180 
181 191 193 195 198 
73
2 3 9 10 14 15 16 17 24 29 30 31 
35 38 39 41 42 46 49 52 62 64 65 66 
69 71 75 80 82 84 89 99 100 101 104 107 
111 113 114 116 119 122 123 124 125 129 134 135 
139 142 144 147 150 152 153 154 168 169 170 173 
176 177 178 180 181 182 185 186 188 192 196 199 
200 
58
3 14 17 21 23 24 26 30 33 34 38 39 
40 46 55 61 62 63 71 79 80 82 83 87 
91 96 105 106 110 112 113 114 116 121 124 126 
127 133 134 135 142 151 152 153 156 160 162 164 
165 177 180 181 186 189 191 192 195 199 
76
3 5 7 8 9 16 19 22 23 24 31 32 
34 37 38 48 49 51 56 59 63 67 69 72 
74 77 79 80 82 83 87 89 90 94 98 100 
104 105 107 108 110 113 117 120 121 123 124 127 
128 132 135 136 137 138 142 143 146 152 160 161 
165 166 169 170 171 172 178 185 186 191 192 193 
194 195 196 197 
71
8 10 11 14 16 19 20 26 27 30 31 32 
33 35 41 43 44 48 49 52 56 61 64 65 
66 68 72 74 77 78 83 86 87 89 91 98 
104 106 108 113 115 118 119 128 130 133 138 141 
142 144 145 146 147 148 152 153 167 168 169 172 
181 183 186 188 190 191 192 196 197 199 200 
63
2 3 7 8 9 16 23 27 29 30 34 37 
39 41 45 52 57 60 61 67 71 73 77 79 
89 91 92 99 107 110 113 118 120 122 124 133 
136 137 138 143 146 150 151 155 158 162 165 166 
173 177 178 181 182 183 185 188 190 191 192 196 
197 198 200 
67
1 2 3 5 6 12 14 19 20 21 22 27 
28 31 32 36 39 42 43 44 47 50 58 61 
69 71 73 74 77 79 80 83 92 100 102 103 
107 108 110 116 118 119 120 123 124 127 128 130 
131 136 138 147 148 155 157 158 159 161 168 169 
184 187 188 192 194 196 197 
55
13 16 18 19 26 31 32 33 40 41 44 47 
48 52 59 61 62 64 66 68 70 74 78 82 
86 90 98 107 111 112 114 120 122 123 129 131 
132 142 145 147 149 151 159 163 168 169 172 177 
184 189 191 194 195 196 199 
57
1 4 6 8 9 10 13 14 17 21 22 25 
30 39 44 51 52 54 62 64 65 68 70 78 
83 88 90 91 101 103 105 110 117 120 134 141 
143 144 146 147 150 152 158 160 162 165 166 170 
175 181 184 186 188 192 194 196 199 
55
2 3 15 21 26 27 33 39 40 42 51 52 
56 59 64 65 66 69 75 79 81 90 91 94 
97 107 110 111 115 119 120 124 127 129 133 137 
139 155 160 162 163 165 168 170 174 177 181 183 
187 188 189 194 196 197 198 
59
3 5 8 9 10 14 21 22 35 41 43 52 
55 58 59 60 61 62 63 65 66 73 76 77 
80 81 89 91 96 100 102 104 106 110 111 112 
113 114 115 116 120 125 128 129 130 137 138 142 
149 151 165 166 168 170 176 187 190 191 194 
67
3 10 12 13 18 20 22 23 26 28 35 36 
37 39 43 45 47 48 51 52 53 55 56 58 
59 63 67 70 76 83 86 89 91 92 94 103 
107 108 109 115 117 119 121 123 124 126 133 141 
142 143 151 153 154 156 157 162 165 175 179 180 
181 183 190 193 197 198 199 
67
2 4 9 12 14 15 16 22 24 25 26 31 
36 39 41 44 45 49 51 52 63 70 78 79 
83 84 87 88 95 98 99 100 102 103 104 105 
107 114 116 118 120 121 122 132 133 140 144 147 
149 150 151 153 154 159 162 167 170 172 175 177 
179 183 191 196 197 199 200 
65
2 6 7 10 12 16 19 20 21 22 26 29 
41 42 43 53 57 59 60 61 63 64 65 68 
69 70 71 75 77 85 97 98 99 100 108 113 
115 123 126 130 136 142 144 148 153 156 158 162 
163 164 167 169 173 174 177 179 181 183 184 188 
189 190 194 196 200 
62
1 2 3 6 7 8 10 14 16 28 29 33 
39 44 45 46 49 52 55 59 60 72 77 81 
83 86 87 97 98 99 102 105 109 113 121 124 
126 130 134 136 138 139 145 148 153 157 162 164 
166 168 172 173 175 180 181 183 185 186 189 191 
195 198 
46
4 5 15 24 27 28 32 38 40 44 51 59 
62 65 66 70 72 74 80 81 82 84 99 101 
103 107 108 110 111 120 121 123 124 132 134 136 
137 143 145 148 159 169 171 172 188 200 
64
2 5 8 9 10 12 21 22 30 32 42 46 
52 57 59 62 65 68 73 74 77 80 81 83 
84 85 90 91 92 99 100 103 104 108 110 114 
116 119 127 135 136 139 144 150 151 153 154 155 
157 159 161 164 168 172 177 178 179 181 182 184 
185 186 191 197 
55
4 9 12 14 17 20 21 25 26 34 35 37 
38 44 51 59 60 62 63 69 78 83 84 91 
92 97 107 108 109 112 115 116 119 123 124 126 
128 130 132 135 139 159 163 164 167 173 178 182 
183 185 186 187 192 196 197 
71
3 4 6 7 10 16 19 21 27 28 34 35 
36 38 41 43 46 47 48 49 50 52 57 64 
67 69 76 77 80 81 83 84 86 87 90 94 
99 105 106 107 109 112 114 118 119 120 122 124 
126 132 134 137 141 144 146 147 154 155 158 159 
160 167 174 175 187 189 192 194 195 196 198 
63
1 7 10 11 13 15 18 22 25 27 28 31 
32 34 37 43 45 46 50 51 53 62 63 67 
71 73 79 80 83 84 92 97 100 102 103 104 
109 110 112 113 116 123 130 135 138 139 145 146 
150 151 161 162 169 171 172 175 178 184 185 187 
192 196 200 
49
1 4 11 13 15 16 17 25 26 34 35 48 
49 52 53 58 59 60 71 80 81 88 90 91 
95 98 101 102 106 108 116 120 123 126 132 143 
144 145 152 153 160 166 169 170 181 185 193 195 
197 
58
1 8 13 16 27 30 31 32 34 35 36 39 
40 42 44 46 47 51 55 56 59 61 62 63 
64 65 68 76 78 79 87 88 100 103 104 105 
115 118 119 121 124 126 129 132 135 144 145 149 
150 155 159 162 172 177 183 188 190 194 
62
7 9 10 13 17 19 21 23 24 29 35 38 
39 42 43 44 55 59 65 67 68 70 71 72 
74 75 89 90 91 95 101 104 107 108 109 113 
114 117 122 123 124 125 128 129 133 140 147 156 
159 163 165 166 169 171 175 176 178 180 183 187 
190 193 
62
1 2 13 18 20 25 26 28 30 34 40 44 
49 50 51 56 62 64 66 73 75 76 81 92 
97 98 99 101 102 106 109 112 113 117 118 122 
126 127 137 138 140 141 142 145 148 156 158 159 
164 165 166 167 171 178 179 180 181 183 193 197 
198 200 
48
1 7 9 11 16 23 25 28 31 33 34 44 
51 53 55 59 65 70 71 74 75 77 79 81 
84 89 90 92 93 99 119 120 126 132 147 149 
150 166 170 179 181 182 184 189 190 192 199 200 
55
2 10 11 13 14 16 19 20 23 26 30 37 
39 40 42 46 51 54 55 66 67 70 71 72 
80 83 91 98 110 115 122 125 128 131 134 137 
138 142 145 147 148 149 150 155 161 163 167 170 
172 178 182 190 193 198 200 
60
1 3 5 8 11 15 17 19 23 24 25 27 
28 30 32 33 38 53 59 62 73 74 79 81 
86 87 88 91 92 93 94 95 98 99 102 104 
106 111 118 127 131 135 136 141 148 150 154 156 
157 159 160 161 176 177 183 187 188 189 193 198 
60
1 9 16 19 27 33 35 37 38 40 46 48 
55 58 59 60 61 62 66 70 71 73 78 80 
89 90 91 95 97 99 107 110 112 115 119 122 
126 129 133 135 137 139 140 143 146 147 148 153 
155 156 161 164 170 171 179 186 188 189 192 195 
62
1 8 13 15 17 20 21 28 30 36 38 40 
42 44 48 49 50 53 57 60 64 68 72 74 
76 77 84 89 90 96 98 99 102 109 111 113 
119 122 126 129 131 137 140 146 148 154 155 161 
163 167 169 174 176 178 179 180 181 188 189 190 
195 196 
56
10 16 17 22 27 32 35 39 52 59 60 61 
69 70 72 75 78 86 88 93 98 99 102 103 
105 106 109 110 112 114 115 123 126 127 144 145 
148 154 155 156 159 161 163 165 168 170 171 172 
175 176 180 183 185 193 197 200 
81
4 5 9 12 14 15 16 17 18 19 20 21 
22 26 27 32 34 35 39 41 42 45 48 54 
56 57 61 67 70 71 74 76 77 78 84 88 
90 92 94 98 107 115 116 120 121 124 125 126 
127 128 129 130 132 134 137 138 142 145 147 148 
149 152 154 160 163 166 168 170 176 178 181 183 
184 186 187 188 190 192 193 195 200 
62
7 8 9 15 19 24 25 28 34 35 39 44 
49 55 58 61 66 68 70 72 78 81 84 87 
92 93 99 104 106 110 118 119 129 131 132 135 
137 139 141 142 143 144 148 149 151 152 153 157 
160 162 163 165 171 172 173 175 177 182 186 188 
193 198 
64
3 4 5 6 13 15 18 19 21 25 27 28 
29 30 34 35 37 40 44 46 49 53 56 62 
64 65 66 67 68 72 75 76 77 78 81 82 
92 94 95 101 103 104 105 112 118 122 124 125 
131 132 138 141 150 151 152 160 167 171 176 180 
185 190 198 199 
56
7 13 15 17 23 26 27 30 31 39 41 49 
52 58 66 68 69 71 72 78 79 81 83 85 
86 92 93 96 99 105 110 115 118 120 124 125 
127 131 137 140 143 152 159 160 162 163 164 168 
182 183 184 185 186 189 196 199 
74
3 4 7 9 10 12 13 14 16 17 22 26 
27 30 31 34 37 38 42 43 46 48 54 60 
61 62 64 66 67 73 78 79 81 82 83 84 
86 87 88 89 90 91 93 94 95 101 102 104 
105 108 109 116 118 120 121 123 136 140 144 148 
149 153 155 156 159 174 177 179 186 188 189 193 
197 198 
67
3 5 7 8 9 10 12 13 14 16 21 23 
34 37 38 40 41 42 46 47 53 59 62 69 
71 72 75 79 81 83 87 88 93 95 103 104 
106 115 124 125 126 128 129 131 139 141 142 143 
145 149 150 155 158 160 162 164 169 170 176 179 
180 181 186 188 189 193 198 
65
2 7 8 10 12 13 16 20 21 22 23 28 
30 31 36 43 46 47 49 52 55 56 64 66 
68 69 71 78 82 84 93 99 102 107 108 110 
112 118 121 123 125 128 143 148 150 151 153 154 
155 157 158 161 166 168 169 171 175 177 178 181 
184 186 196 197 198 
53
1 8 14 19 25 32 33 39 48 54 59 60 
61 62 78 80 89 90 91 92 98 100 104 108 
109 110 114 117 120 125 128 131 132 139 143 145 
147 148 150 153 159 162 164 167 168 171 174 178 
179 190 192 195 200 
60
3 5 6 9 11 13 22 23 27 30 31 35 
37 49 51 62 65 73 74 76 82 84 85 86 
88 92 96 98 100 103 106 108 123 125 127 130 
133 134 136 137 141 142 143 144 146 148 157 160 
163 168 169 171 173 175 184 187 188 191 194 196 
