200 200
1 1 1 1 1 1 1 1 1 1 1 1 
1 1 1 1 1 1 1 1 1 1 1 1 
1 1 1 1 1 1 1 1 1 1 1 1 
1 1 1 1 1 1 1 1 1 1 1 1 
1 1 1 1 1 1 1 1 1 1 1 1 
1 1 1 1 1 1 1 1 1 1 1 1 
1 1 1 1 1 1 1 1 1 1 1 1 
1 1 1 1 1 1 1 1 1 1 1 1 
1 1 1 1 1 1 1 1 1 1 1 1 
1 1 1 1 1 1 1 1 1 1 1 1 
1 1 1 1 1 1 1 1 1 1 1 1 
1 1 1 1 1 1 1 1 1 1 1 1 
1 1 1 1 1 1 1 1 1 1 1 1 
1 1 1 1 1 1 1 1 1 1 1 1 
1 1 1 1 1 1 1 1 1 1 1 1 
1 1 1 1 1 1 1 1 1 1 1 1 
1 1 1 1 1 1 1 1 
61
2 8 10 11 19 26 29 40 41 44 45 47 
53 62 64 68 78 79 81 82 84 88 89 93 
95 96 98 103 107 111 112 115 116 120 123 124 
126 134 135 137 145 148 151 154 155 157 160 161 
162 163 170 171 173 178 179 181 186 191 195 197 
200 
59
2 3 7 9 15 16 18 21 22 23 27 30 
38 40 41 45 47 48 51 52 54 56 57 69 
70 71 75 85 86 93 94 96 100 103 108 111 
113 118 119 121 124 129 130 131 133 140 152 154 
156 160 161 163 167 168 172 181 182 191 193 
67
1 3 5 11 16 17 19 22 23 25 31 32 
33 39 40 41 44 49 50 53 58 59 62 66 
70 73 76 79 81 85 86 89 90 97 100 103 
105 106 111 114 116 118 119 125 129 140 144 147 
150 154 156 157 170 171 172 175 176 177 179 182 
184 185 188 191 192 197 199 
59
3 5 6 11 12 16 17 19 22 26 27 28 
33 34 36 43 44 45 47 51 52 53 55 61 
67 71 73 82 93 96 101 107 109 110 112 119 
123 124 131 132 136 141 142 146 154 158 163 164 
168 169 170 175 179 184 186 190 192 194 200 
63
3 4 13 14 17 20 27 28 29 35 37 38 
39 41 46 50 51 61 68 69 70 74 75 78 
79 80 81 86 92 96 97 106 109 113 115 116 
120 121 122 128 134 137 138 141 142 143 147 151 
156 162 165 168 170 173 174 178 179 180 184 186 
190 199 200 
74
1 3 8 12 14 20 24 25 27 33 34 39 
40 41 44 53 54 55 62 63 64 66 69 71 
72 73 74 81 84 85 88 89 96 98 103 109 
110 112 118 121 124 127 129 130 133 135 136 137 
139 141 145 146 148 151 153 155 159 162 163 165 
166 167 172 174 176 177 181 182 183 184 190 191 
194 197 
50
2 12 14 15 17 24 25 35 36 37 40 44 
46 56 57 64 69 74 83 85 87 89 90 99 
100 106 110 113 125 128 130 140 150 152 153 155 
162 165 174 177 179 181 182 185 189 191 193 196 
198 199 
49
2 4 15 17 18 22 24 38 39 42 43 48 
52 58 63 65 66 71 75 76 77 79 80 90 
92 109 110 113 114 124 126 127 133 135 144 154 
155 162 164 165 167 172 174 180 183 188 191 192 
196 
61
1 2 6 11 13 15 17 18 24 26 29 30 
32 42 43 44 50 64 66 67 68 70 78 79 
83 86 90 95 100 101 106 108 111 112 115 117 
119 122 125 128 129 130 132 133 134 138 140 142 
144 155 161 168 172 176 178 181 183 184 188 189 
197 
59
4 7 10 12 13 16 18 25 26 27 28 38 
40 42 44 45 46 47 62 65 70 75 76 80 
81 82 83 85 98 104 106 110 113 128 129 133 
141 145 147 150 151 153 156 160 163 166 169 170 
174 176 177 178 182 185 187 190 196 197 199 
47
1 2 7 8 9 11 17 19 21 35 39 46 
51 52 56 62 68 70 72 81 82 83 90 93 
99 101 111 112 113 114 122 123 133 135 136 147 
148 150 154 164 165 169 171 172 184 187 197 
63
4 11 13 16 24 25 26 27 31 32 33 38 
41 45 47 49 55 58 64 66 69 71 73 75 
76 77 83 88 89 94 96 97 101 102 103 116 
117 121 123 124 126 127 130 132 133 135 138 142 
152 153 154 156 158 159 160 161 164 172 184 189 
191 197 199 
59
1 4 12 13 14 18 21 25 27 29 33 34 
37 42 43 44 46 49 50 51 66 69 70 75 
76 79 85 87 91 92 94 100 105 111 114 115 
118 124 125 126 128 130 131 133 137 140 141 142 
144 146 155 159 167 175 176 183 189 196 197 
68
2 3 5 9 11 14 27 31 41 43 47 51 
56 64 65 69 70 79 81 82 86 87 88 89 
90 92 96 102 106 107 108 109 112 113 114 121 
122 124 125 126 127 129 131 132 135 137 139 141 
143 147 150 151 152 158 159 161 165 169 170 172 
173 176 186 192 194 195 198 199 
66
2 8 10 11 14 15 17 20 22 25 26 28 
34 37 38 44 45 48 49 50 59 62 66 67 
71 74 79 81 87 89 96 101 110 111 114 121 
122 123 124 128 132 134 137 138 141 147 148 149 
154 155 158 162 163 168 169 170 172 174 176 181 
185 186 190 193 194 200 
73
1 3 4 5 9 12 14 22 23 24 25 28 
29 30 31 34 35 37 41 43 46 48 50 53 
54 55 61 62 64 66 67 72 73 75 77 80 
84 86 92 95 97 101 106 108 109 112 113 115 
117 122 124 125 126 127 132 134 142 144 145 146 
150 162 164 168 172 176 177 181 186 190 197 198 
199 
54
7 9 14 16 19 27 28 29 30 35 38 54 
56 57 58 62 66 72 77 82 87 94 97 98 
100 105 110 117 118 123 125 127 128 130 133 134 
139 140 142 143 148 154 156 159 164 171 172 178 
181 185 187 194 196 200 
62
1 2 3 4 10 17 22 24 27 28 29 33 
36 38 39 40 43 46 53 55 58 63 65 75 
77 83 85 90 94 95 97 101 102 103 104 112 
114 115 117 118 119 125 130 135 139 142 145 153 
158 163 164 167 168 169 170 175 176 179 180 181 
189 200 
61
2 6 9 10 12 13 15 19 23 25 32 33 
34 36 41 44 47 49 54 55 57 58 60 64 
65 67 73 74 80 84 87 92 96 97 101 105 
109 118 119 124 127 129 130 134 138 140 141 147 
151 157 159 160 166 167 172 174 176 184 185 196 
199 
51
7 10 11 25 27 31 34 39 43 52 53 63 
64 65 68 71 78 81 82 83 84 85 92 102 
103 107 109 115 120 123 126 132 135 139 141 142 
144 148 162 170 171 172 176 177 179 180 182 187 
194 196 199 
55
1 3 4 10 14 16 18 21 22 27 30 35 
38 40 43 44 46 50 55 66 67 68 76 81 
82 96 104 108 109 112 118 119 121 122 134 135 
136 137 139 145 149 154 155 156 165 167 168 173 
175 179 184 191 193 195 196 
61
7 10 12 13 15 16 18 22 23 33 36 44 
51 56 64 65 68 69 71 72 78 80 85 86 
87 88 89 90 91 93 94 95 98 99 103 104 
105 109 110 112 115 118 121 126 128 131 132 136 
144 145 150 158 160 162 166 168 170 178 187 188 
199 
57
4 5 6 7 10 15 18 21 29 32 33 36 
41 44 45 49 50 53 57 59 60 61 62 63 
64 65 68 83 86 88 90 93 97 98 100 108 
109 114 116 125 127 136 143 147 150 151 153 163 
165 167 170 171 179 191 192 196 197 
54
2 4 5 10 12 20 21 23 28 30 40 46 
54 55 58 60 61 63 66 68 69 74 76 78 
79 81 82 83 85 88 89 93 96 99 105 114 
115 117 118 126 134 141 143 152 159 165 167 171 
176 178 182 189 190 196 
47
6 16 21 22 23 29 41 45 47 50 58 62 
63 68 69 70 73 77 89 94 95 98 99 100 
104 106 111 120 123 128 133 138 143 145 155 162 
169 173 178 179 182 185 191 196 198 199 200 
54
1 9 12 18 25 26 30 31 32 33 34 35 
37 39 42 44 45 49 59 60 75 79 81 83 
89 91 93 97 98 102 105 107 120 123 125 132 
133 134 136 144 145 146 147 153 156 161 169 170 
172 176 178 186 192 198 
63
1 2 3 5 6 7 12 15 16 25 35 36 
37 42 43 47 49 52 54 58 60 64 68 69 
77 80 87 91 94 95 97 98 100 101 102 103 
105 106 108 109 118 121 122 124 126 131 137 139 
142 145 151 152 153 154 161 173 178 184 187 188 
191 196 199 
53
5 6 8 14 17 22 24 28 37 39 45 47 
52 61 64 73 80 90 93 94 95 98 101 103 
105 110 112 113 119 120 122 126 132 137 139 140 
142 146 149 152 153 155 160 161 165 171 172 175 
178 180 181 185 196 
67
2 3 5 6 8 15 21 26 28 31 32 37 
38 39 42 47 48 50 52 54 56 59 61 62 
69 72 77 78 80 84 85 91 95 97 99 109 
114 116 120 123 130 134 135 139 140 141 147 150 
151 152 158 162 167 170 173 176 178 182 183 184 
186 189 192 193 194 195 200 
62
10 12 17 18 26 28 34 39 40 42 45 47 
48 49 62 65 66 68 71 76 78 83 84 87 
88 90 91 92 93 95 97 99 100 102 103 108 
115 118 120 121 123 129 135 138 143 144 146 147 
149 154 158 159 165 175 179 181 185 186 187 189 
190 193 
52
1 2 8 9 13 14 15 19 22 23 26 28 
36 39 42 43 44 45 51 52 54 59 65 74 
81 84 87 88 97 107 114 119 123 126 130 135 
141 150 164 165 167 176 177 182 183 185 186 190 
192 193 194 195 
55
1 5 13 16 24 31 33 36 37 43 44 46 
47 50 56 59 61 62 63 68 69 74 80 86 
92 94 98 101 104 107 110 111 115 118 121 122 
124 125 130 131 134 142 143 153 163 164 166 168 
169 171 172 182 185 188 197 
72
3 7 14 15 18 20 23 28 32 33 41 42 
43 45 47 49 52 59 60 67 72 74 76 77 
78 80 86 88 95 97 101 102 106 107 114 115 
117 118 119 120 130 131 135 140 144 148 149 150 
152 153 155 157 160 162 165 166 167 168 171 172 
173 176 180 181 182 183 184 188 191 193 194 197 
73
2 6 8 10 12 15 19 21 22 23 26 28 
30 33 36 38 45 46 53 54 61 66 70 75 
78 80 81 82 83 84 88 93 95 98 103 104 
110 111 112 113 115 116 118 123 124 125 127 132 
141 146 149 151 154 160 161 163 164 166 168 171 
172 174 175 178 179 185 188 189 192 193 194 198 
199 
64
1 2 8 10 11 12 15 16 19 20 21 24 
38 41 42 44 45 47 49 50 51 56 58 59 
62 63 71 73 76 79 82 85 86 89 90 92 
93 96 105 109 112 114 117 120 127 132 137 138 
150 152 155 159 161 163 170 171 174 181 187 190 
193 194 199 200 
69
2 4 5 11 14 15 17 19 27 28 29 31 
37 44 50 58 59 60 64 66 70 72 73 75 
76 80 82 85 88 90 91 92 93 94 99 102 
103 109 114 116 120 122 123 125 126 132 134 136 
137 139 144 145 149 151 153 163 165 166 168 169 
171 185 186 189 190 191 193 195 198 
68
1 2 7 8 9 13 16 17 18 20 22 28 
29 39 41 47 48 51 52 53 54 55 56 62 
67 69 72 73 74 83 85 86 88 89 90 95 
98 101 106 109 110 111 114 117 119 124 125 133 
139 140 149 150 154 157 160 163 168 170 172 175 
176 181 191 192 193 195 198 200 
58
5 7 12 14 17 28 30 34 39 44 45 48 
49 51 52 63 65 67 68 72 73 77 80 81 
82 83 85 90 93 94 95 98 100 103 105 109 
112 117 121 123 129 132 135 136 145 148 150 154 
160 172 174 175 183 184 190 198 199 200 
53
5 10 12 13 18 19 23 30 31 33 37 40 
41 47 49 59 68 73 74 80 81 82 85 86 
89 92 103 110 111 116 117 123 124 126 130 144 
153 158 161 165 167 168 171 179 180 182 188 189 
191 192 193 199 200 
58
4 12 13 14 19 23 24 26 28 29 31 34 
35 51 52 54 58 70 73 80 82 83 85 90 
91 99 100 111 112 120 131 135 136 137 139 146 
149 152 153 154 155 157 160 168 169 171 172 177 
178 181 185 187 188 192 193 195 198 199 
62
1 3 4 7 8 10 15 16 22 24 25 29 
32 35 36 42 43 50 51 56 59 60 61 63 
67 72 73 75 81 88 90 93 94 114 116 121 
125 126 129 132 135 137 138 139 144 160 167 169 
170 173 176 177 180 183 185 186 187 189 194 195 
196 198 
55
5 6 8 10 11 15 17 19 23 27 31 34 
38 43 47 54 56 57 63 65 69 70 71 77 
79 80 82 86 87 95 96 100 104 111 113 119 
134 144 147 153 154 157 158 162 163 169 172 175 
177 179 181 186 187 190 196 
61
1 6 7 11 14 16 22 24 26 28 29 33 
36 38 42 46 48 50 51 61 62 69 73 74 
77 78 79 82 84 90 91 99 101 118 119 127 
130 134 140 149 150 151 152 158 159 160 165 166 
168 170 171 174 175 176 179 184 185 188 195 197 
199 
56
3 5 8 18 21 24 26 32 33 36 44 49 
53 59 61 65 68 71 74 77 83 84 91 92 
94 95 97 101 109 123 124 128 131 136 141 142 
145 151 152 153 157 158 160 161 165 166 168 173 
174 179 181 182 183 188 189 193 
59
1 2 3 8 10 13 15 16 21 22 26 28 
31 32 35 38 39 41 47 50 52 55 65 67 
68 71 82 86 89 91 92 99 102 106 107 120 
126 134 137 144 146 148 149 152 160 161 162 167 
168 170 171 172 174 175 176 183 186 192 198 
55
3 5 9 11 12 15 16 18 19 22 23 26 
27 31 43 44 46 47 48 61 64 66 68 80 
81 86 93 95 98 101 103 104 105 106 108 113 
115 132 134 135 139 154 158 159 162 163 166 168 
171 172 176 184 191 193 199 
62
7 10 11 13 14 21 27 30 31 33 37 41 
44 46 49 52 54 55 57 70 72 73 74 76 
77 78 83 85 89 94 98 99 101 103 105 108 
112 121 128 129 131 132 134 139 140 141 146 147 
153 156 161 163 165 168 173 175 177 178 181 186 
190 193 
67
2 6 8 16 17 30 31 32 38 39 48 50 
53 54 57 58 59 64 65 66 67 73 75 77 
78 85 89 90 91 95 103 105 109 114 117 118 
120 123 124 127 129 133 135 136 139 142 149 151 
153 157 160 165 168 169 170 172 174 176 178 179 
182 183 186 195 197 198 200 
54
4 13 16 19 31 32 40 41 43 44 48 49 
50 52 56 57 63 68 72 77 78 81 83 84 
98 101 103 104 108 110 111 120 122 126 127 130 
136 137 138 143 146 152 154 155 168 170 172 173 
180 181 184 189 197 198 
55
1 4 10 11 13 14 18 23 25 27 29 37 
38 39 40 42 43 55 57 66 67 76 78 80 
82 84 91 97 106 108 109 110 111 122 130 134 
135 142 147 154 162 174 175 176 182 183 184 185 
187 188 189 190 191 194 198 
56
1 4 10 12 13 14 18 21 22 48 49 51 
52 54 57 59 63 67 68 69 70 71 82 83 
84 85 105 108 111 112 113 114 116 121 123 133 
137 141 150 151 154 155 156 158 162 163 165 172 
174 182 186 187 192 193 199 200 
67
9 12 15 18 23 36 38 39 42 46 47 49 
55 60 64 65 66 71 75 77 81 84 85 86 
89 91 93 99 102 106 109 110 114 117 119 124 
125 128 129 130 133 137 138 140 142 143 147 149 
154 156 159 160 162 164 165 167 168 171 179 182 
183 184 185 187 188 192 198 
56
1 3 8 10 12 23 26 29 49 50 51 54 
56 61 62 65 69 73 74 80 83 84 87 89 
93 97 98 100 101 110 115 118 120 127 128 131 
135 137 140 141 145 146 149 154 155 156 162 167 
177 181 182 185 189 190 197 200 
64
10 15 18 19 21 26 27 32 38 40 42 46 
47 48 50 51 60 63 67 69 71 81 88 91 
97 100 101 117 118 119 120 121 123 124 125 127 
130 133 135 137 142 150 152 153 154 156 160 168 
169 170 172 173 174 176 177 179 180 190 191 193 
194 197 198 200 
57
1 5 15 27 32 33 37 39 50 53 54 56 
61 63 66 71 76 77 82 83 84 85 87 90 
92 94 96 97 99 103 107 109 110 111 117 118 
131 133 139 149 151 152 156 159 160 164 166 168 
172 182 183 185 190 192 194 198 200 
64
1 4 5 7 12 18 20 22 23 25 31 41 
60 64 68 69 70 73 75 76 80 83 84 86 
87 88 90 92 96 98 103 105 106 109 112 117 
118 123 128 132 135 136 137 143 144 145 148 152 
156 160 163 167 172 174 179 180 182 183 188 189 
192 193 197 199 
50
5 14 15 17 28 32 33 43 54 55 67 70 
71 77 80 84 90 96 98 101 103 108 114 117 
119 122 124 130 132 133 140 141 146 149 155 158 
160 165 167 168 170 174 177 181 182 183 189 190 
191 194 
56
15 18 19 21 25 33 39 40 41 42 43 44 
51 52 57 63 67 69 77 82 83 85 86 92 
100 102 108 112 116 120 121 122 123 127 129 130 
134 138 139 140 141 143 145 147 151 155 156 159 
172 175 178 179 183 185 194 196 
52
2 11 12 15 16 20 24 27 30 35 37 40 
45 48 54 56 57 59 61 64 79 90 91 96 
97 98 104 106 107 112 114 116 129 131 135 139 
141 142 145 146 148 153 159 160 167 170 173 177 
184 196 197 200 
63
2 6 8 9 10 11 14 19 36 39 46 50 
52 53 57 62 63 67 70 75 76 77 80 83 
86 87 89 93 94 95 97 99 101 112 113 115 
119 120 122 123 125 130 131 134 136 137 139 141 
144 148 154 159 165 166 167 175 176 180 183 188 
191 196 200 
52
1 11 15 18 20 21 25 26 32 41 44 47 
50 51 54 55 58 60 62 66 76 81 83 85 
86 87 91 97 98 99 102 103 108 110 118 123 
125 129 131 143 147 149 164 167 171 174 177 188 
191 196 197 200 
59
6 8 10 11 16 17 22 23 24 26 29 30 
37 39 41 46 52 54 63 64 78 80 83 86 
87 91 93 95 103 105 107 110 112 113 115 117 
121 126 127 130 131 133 137 139 140 141 142 143 
151 162 172 173 175 178 184 186 187 193 196 
52
5 7 8 16 17 23 25 26 27 31 37 39 
45 48 52 58 59 62 64 68 70 72 78 79 
84 87 102 103 109 110 116 118 132 133 134 139 
142 150 151 153 156 158 160 166 169 176 178 182 
186 191 196 197 
60
1 4 7 19 23 24 25 26 30 31 34 40 
58 62 63 64 65 66 67 70 72 73 80 84 
86 88 91 93 94 97 100 101 108 109 117 118 
121 123 125 126 127 128 130 137 138 144 145 156 
158 164 167 168 171 180 183 184 189 192 193 194 
65
1 2 4 6 7 10 14 17 26 32 35 40 
41 43 48 51 54 58 59 62 68 69 73 74 
82 83 85 87 90 92 94 96 98 102 103 104 
109 112 116 118 119 121 123 125 129 140 142 145 
156 159 161 165 166 167 168 170 172 174 178 179 
185 189 190 192 198 
69
2 3 4 7 14 22 23 26 27 32 35 36 
37 40 45 46 48 49 52 55 56 57 60 62 
63 64 68 70 79 82 84 85 93 94 99 101 
102 105 109 111 112 116 117 126 130 142 144 145 
146 147 150 155 158 161 163 165 170 173 177 179 
180 182 184 185 189 190 194 195 199 
72
11 13 18 20 29 30 33 34 36 37 41 42 
45 46 50 56 61 64 67 68 73 74 77 79 
81 84 88 95 96 100 101 104 105 106 108 118 
120 121 122 124 125 127 129 130 132 135 137 138 
142 143 144 150 155 159 160 161 162 163 166 168 
170 173 175 176 177 178 184 189 190 191 192 198 
67
1 6 9 10 13 17 21 26 29 30 32 33 
35 39 54 56 58 59 70 71 72 74 78 81 
84 85 88 91 92 93 100 104 105 106 109 110 
111 116 119 120 123 128 129 130 142 144 147 149 
151 154 157 158 169 170 172 173 178 180 183 184 
185 186 188 189 196 199 200 
60
3 5 13 17 21 32 34 42 45 49 50 51 
59 63 69 70 74 76 77 80 82 83 84 87 
89 91 93 94 95 96 99 103 105 106 108 109 
116 119 120 125 130 132 133 134 136 138 139 149 
154 156 157 162 167 174 176 185 189 194 195 196 
51
8 9 11 12 17 19 21 27 28 32 36 40 
44 45 46 47 54 56 63 64 71 75 79 80 
82 84 96 102 106 108 115 118 129 131 134 136 
137 144 150 156 162 163 168 172 174 178 186 187 
191 195 198 
55
6 8 11 18 25 26 33 37 39 43 47 54 
57 59 62 63 66 68 72 78 79 81 82 87 
91 93 98 103 105 106 109 112 114 121 133 137 
141 143 150 151 154 156 162 163 170 173 176 180 
183 189 191 195 197 198 200 
57
7 8 9 10 13 14 17 19 21 27 32 35 
36 40 41 52 55 60 61 63 66 67 69 71 
73 76 80 104 106 110 111 113 114 115 119 120 
123 127 132 134 135 138 140 144 145 148 153 157 
159 163 183 187 191 192 193 194 198 
57
1 2 15 16 18 19 25 27 33 34 43 46 
53 56 57 59 64 65 70 71 74 76 80 81 
93 94 98 101 105 112 113 128 131 134 143 147 
148 150 155 158 159 160 162 163 164 170 173 179 
184 185 186 187 190 192 194 197 200 
47
1 2 10 11 14 26 29 32 36 39 42 43 
44 46 54 55 56 60 62 63 70 71 76 82 
86 90 95 97 102 104 105 106 107 108 111 115 
118 121 137 144 157 161 165 167 169 173 174 
65
5 9 19 22 27 29 32 35 36 39 44 46 
47 48 50 52 53 54 55 60 67 70 71 74 
77 78 82 88 92 98 99 101 104 105 110 116 
124 129 132 133 134 135 136 138 139 149 152 155 
156 157 159 160 162 164 165 167 171 172 173 175 
184 185 191 193 195 
54
3 10 12 13 15 19 27 29 30 31 37 40 
42 54 56 59 63 66 75 80 85 90 91 97 
102 105 106 108 110 112 113 115 122 128 130 134 
135 137 142 144 145 147 148 154 160 162 166 170 
177 178 186 190 192 193 
69
2 4 7 11 13 14 18 19 22 24 28 33 
36 37 39 42 45 46 49 53 54 56 57 58 
59 62 63 64 70 71 76 77 79 84 85 86 
88 89 92 93 95 96 104 105 120 122 127 128 
132 134 139 144 147 150 154 159 162 167 170 171 
172 183 184 185 187 190 192 197 198 
58
4 5 12 14 15 17 18 19 27 29 32 33 
37 39 40 41 47 48 52 56 58 63 66 67 
70 74 92 95 97 101 104 105 106 114 133 135 
136 137 140 144 145 149 150 151 153 156 157 171 
172 175 176 179 181 184 187 192 193 200 
44
3 8 12 15 27 30 33 38 64 74 75 78 
81 88 90 94 100 101 103 113 119 125 135 137 
139 140 142 143 144 145 147 159 161 162 164 165 
174 179 183 185 186 188 192 196 
47
9 11 14 17 22 26 28 32 42 43 50 53 
57 59 61 63 69 73 79 80 84 88 90 100 
110 117 123 126 132 134 137 138 139 149 155 165 
166 167 172 176 177 179 182 184 185 190 199 
57
6 9 13 15 19 20 24 29 34 35 42 43 
46 48 51 52 55 56 59 62 68 69 71 72 
79 82 83 87 89 94 99 101 109 112 119 123 
124 129 133 134 138 148 149 153 154 160 162 165 
166 167 169 176 177 179 180 184 191 
56
1 4 7 11 13 14 21 23 27 28 29 39 
43 44 46 47 51 68 73 77 80 91 94 98 
99 102 104 105 107 111 113 115 117 118 121 128 
129 130 132 136 138 140 154 155 156 158 165 174 
177 178 180 184 186 187 191 193 
51
6 9 10 13 14 15 17 23 24 26 37 38 
39 41 52 57 58 59 64 72 84 85 90 93 
94 95 98 101 103 113 118 121 128 130 140 144 
146 154 156 161 164 168 171 174 181 182 186 187 
190 198 200 
74
4 9 10 11 13 14 15 18 20 21 23 25 
29 34 36 43 46 50 51 57 58 59 60 61 
62 65 67 69 70 71 73 86 89 90 92 93 
98 99 102 103 104 107 111 115 116 119 120 121 
122 124 125 126 128 130 132 139 141 142 146 148 
159 163 169 172 174 178 179 180 182 186 187 195 
197 200 
56
3 4 5 8 13 21 24 25 32 34 37 38 
39 44 45 52 54 61 69 70 71 73 76 78 
85 96 100 102 103 105 107 110 115 117 119 121 
122 125 142 143 145 151 155 157 158 163 166 168 
177 184 187 190 193 194 196 200 
49
4 11 17 23 25 28 29 31 32 33 34 36 
44 48 49 59 63 65 69 72 74 76 78 83 
84 86 88 89 94 99 107 118 132 134 136 138 
143 157 158 171 176 180 181 182 183 185 190 191 
194 
62
3 9 12 13 14 22 24 27 30 32 34 36 
38 47 54 56 58 60 63 65 68 71 77 79 
81 86 87 91 92 93 94 99 100 101 106 107 
108 110 115 116 122 124 126 131 136 138 140 141 
144 147 148 152 154 164 170 172 173 180 185 192 
194 197 
52
1 4 7 8 12 14 15 17 19 20 23 26 
27 28 39 42 44 49 58 59 63 71 77 79 
81 83 87 88 89 92 96 107 113 115 120 124 
127 130 134 140 143 148 152 153 154 155 157 161 
176 182 193 200 
58
11 12 13 18 23 27 31 34 43 45 49 51 
53 54 55 56 57 59 61 63 64 69 75 79 
83 86 87 88 89 94 96 97 99 101 106 107 
113 118 123 124 127 129 137 149 152 155 156 162 
165 184 185 187 190 192 194 195 196 197 
53
7 14 18 21 22 28 29 30 34 45 48 51 
62 63 64 66 70 71 73 74 80 81 85 89 
100 102 112 118 124 127 133 134 139 142 143 155 
156 157 161 164 169 172 173 175 176 179 181 185 
186 187 194 195 198 
62
2 6 8 9 14 15 21 22 25 28 30 33 
35 36 37 40 42 45 52 53 55 56 57 64 
67 74 76 81 86 93 96 99 106 114 124 129 
134 137 139 140 142 144 146 148 149 153 156 159 
163 167 171 172 175 177 179 188 189 190 191 192 
196 200 
68
3 7 10 11 13 14 16 22 24 25 26 38 
40 42 47 50 56 57 58 61 64 65 67 70 
71 72 73 80 83 86 87 90 91 93 94 96 
101 104 109 113 119 120 121 122 123 125 129 133 
139 140 142 143 146 147 148 151 156 165 172 175 
178 179 182 184 186 188 190 195 
58
4 5 7 9 12 14 17 18 19 21 22 24 
28 36 40 41 43 46 47 48 49 51 59 62 
63 65 67 70 73 79 82 84 90 91 94 96 
98 102 108 111 118 120 122 125 130 133 140 142 
146 147 151 156 161 162 173 184 190 195 
59
1 5 6 7 11 12 14 35 36 39 43 44 
45 46 57 60 71 73 74 77 86 87 92 93 
94 95 103 104 108 111 114 118 120 121 127 133 
137 141 144 147 148 149 150 157 158 162 164 166 
168 170 176 178 183 187 189 191 193 195 200 
53
2 7 15 18 20 45 50 53 56 58 61 62 
72 73 76 79 84 85 87 95 98 99 100 103 
110 117 121 122 126 128 129 130 133 137 139 140 
142 144 146 153 162 168 170 171 172 178 184 185 
186 194 196 197 198 
65
4 7 8 12 15 16 19 20 21 22 24 25 
27 31 39 40 43 44 48 52 56 63 69 73 
75 78 80 81 82 83 84 85 87 92 96 100 
102 107 108 114 118 120 122 123 124 126 128 129 
133 135 138 140 144 153 154 158 162 166 174 183 
189 194 196 197 199 
54
1 7 11 12 14 16 18 24 31 34 36 37 
41 43 45 46 52 53 56 59 63 72 74 82 
85 90 91 102 109 115 117 119 121 122 124 126 
128 142 148 150 154 162 170 171 175 176 180 181 
186 188 189 193 198 199 
66
1 3 4 6 9 11 12 16 18 20 21 23 
25 26 29 36 39 42 44 47 59 60 67 68 
74 79 80 82 83 85 88 93 98 99 100 105 
106 108 111 119 120 122 130 135 138 141 145 146 
149 157 158 160 172 173 175 176 181 182 184 187 
192 193 197 198 199 200 
56
1 3 12 15 19 22 28 33 34 39 45 46 
48 49 50 51 53 54 55 56 57 59 64 76 
92 93 95 102 103 111 113 118 119 120 126 132 
137 138 139 140 142 143 147 154 155 156 158 160 
163 164 165 179 182 185 190 194 
56
4 8 10 11 13 17 19 21 22 24 25 30 
32 35 42 51 58 61 62 68 72 75 78 82 
86 87 88 91 93 101 103 105 109 110 114 118 
120 142 143 147 148 150 155 161 166 168 169 172 
173 174 179 182 184 190 193 196 
62
2 3 5 6 7 8 12 18 19 22 23 25 
26 27 29 30 35 38 41 42 43 44 46 49 
50 51 52 57 64 65 67 68 73 76 78 83 
86 89 92 94 104 114 120 122 124 126 127 130 
133 136 137 140 149 153 157 164 167 170 179 183 
197 200 
69
2 8 12 17 18 20 22 23 27 28 41 43 
44 46 47 52 53 55 58 59 63 66 74 75 
79 80 84 85 87 88 90 99 100 101 106 107 
108 111 114 117 119 128 131 134 135 137 150 151 
153 157 158 160 162 169 171 172 175 178 180 181 
183 185 192 193 195 196 197 199 200 
55
3 9 14 16 18 19 23 28 30 31 32 47 
50 61 62 72 73 78 80 82 90 94 100 101 
103 105 113 115 118 127 130 132 135 141 144 146 
149 150 156 158 165 166 170 172 177 178 180 182 
185 186 188 189 192 195 199 
63
5 8 9 11 12 15 17 20 28 32 33 34 
45 48 59 62 65 67 70 73 77 80 81 85 
87 91 93 96 97 103 104 107 109 110 111 114 
115 117 119 124 125 126 134 140 142 152 157 158 
159 160 164 165 173 174 175 178 179 180 182 184 
185 190 193 
62
2 15 18 21 24 33 35 39 41 42 44 47 
51 53 54 55 58 61 62 64 67 68 71 74 
75 77 79 84 85 87 88 101 103 104 107 114 
116 129 133 137 139 141 145 146 152 157 162 164 
165 173 176 177 180 181 186 187 189 190 191 195 
199 200 
56
4 6 9 11 14 16 18 19 23 27 34 35 
40 41 42 49 51 58 59 60 72 73 75 77 
81 85 87 92 94 108 109 116 117 127 130 132 
136 137 142 143 150 154 155 157 162 164 165 168 
172 173 180 183 185 189 193 198 
57
8 11 13 15 19 20 21 25 31 32 33 34 
37 38 41 42 43 45 46 47 48 51 60 62 
70 71 75 78 79 80 81 88 101 103 104 107 
109 110 112 122 126 127 137 138 147 149 156 157 
166 167 177 181 190 192 193 194 200 
57
2 6 7 10 16 19 22 31 33 34 36 42 
45 46 48 50 53 54 56 62 64 66 67 82 
85 90 93 98 102 109 110 113 120 121 124 125 
133 134 136 140 141 142 144 145 152 156 157 161 
163 165 167 172 181 193 196 198 199 
57
6 7 11 16 17 20 24 29 37 53 59 64 
66 67 70 71 74 76 78 79 80 81 88 93 
98 99 100 102 106 108 109 112 123 127 130 132 
133 137 138 145 148 149 152 157 161 162 163 166 
169 172 175 176 181 186 190 193 200 
56
2 4 5 7 9 17 20 21 23 27 36 38 
46 60 61 63 65 79 82 85 87 98 101 104 
105 107 108 110 112 113 116 119 120 125 130 131 
133 137 141 151 152 153 154 161 165 166 169 176 
183 185 187 188 191 194 197 198 
52
1 5 8 23 31 33 37 39 40 46 49 52 
53 55 57 59 65 66 67 70 72 73 81 86 
93 98 100 102 104 109 110 116 117 118 126 131 
133 136 143 147 155 157 158 164 165 166 167 173 
176 180 185 195 
51
8 18 21 23 27 32 35 36 42 45 50 51 
54 61 68 78 81 83 90 93 94 101 102 107 
108 111 116 118 121 122 124 126 127 129 130 134 
135 137 142 144 146 151 157 162 164 166 168 170 
182 184 195 
76
2 3 10 12 15 25 28 29 30 36 43 44 
45 52 55 60 63 64 68 69 70 72 75 81 
82 84 86 88 89 92 94 98 99 101 103 104 
105 106 109 110 111 113 114 115 116 118 119 121 
122 123 126 130 134 136 139 140 146 147 149 150 
151 162 165 167 173 174 175 176 178 179 182 185 
186 191 192 198 
51
8 9 14 17 31 40 48 50 56 66 68 69 
72 74 75 80 82 83 85 93 95 97 98 100 
106 114 115 116 118 119 123 125 126 128 129 133 
136 140 143 162 164 165 166 167 170 171 175 183 
184 189 199 
57
5 8 11 18 20 27 32 36 38 39 44 45 
46 48 49 52 59 63 65 66 80 83 89 95 
102 109 111 112 114 115 118 124 129 134 136 147 
148 152 156 159 160 162 163 165 168 171 173 175 
176 177 181 185 190 192 193 196 199 
63
2 4 5 7 9 11 12 13 15 20 24 25 
28 31 33 35 39 40 47 48 56 58 61 63 
64 71 78 80 83 87 88 95 97 102 105 107 
108 110 117 119 122 123 126 128 129 139 142 144 
145 147 153 157 159 165 167 168 175 180 188 191 
196 198 199 
59
2 4 6 11 13 16 17 18 19 24 25 28 
30 31 33 38 42 45 50 51 53 54 60 66 
68 72 80 81 85 87 91 93 94 97 98 99 
100 109 115 119 124 125 133 134 141 142 144 145 
146 157 159 166 169 175 178 184 186 197 198 
58
4 5 8 15 16 18 25 27 32 36 37 40 
42 47 59 60 61 70 73 74 80 83 84 88 
89 91 93 95 97 106 116 121 123 126 127 132 
133 134 136 140 142 148 151 153 159 163 166 167 
168 170 173 176 180 188 190 191 194 197 
59
3 5 6 11 13 14 19 21 27 31 32 35 
40 41 43 51 53 55 56 60 63 66 70 72 
78 79 82 95 103 104 108 109 111 119 122 123 
126 128 129 133 136 138 139 141 142 146 147 156 
162 168 172 175 178 185 190 192 195 197 200 
65
6 10 11 13 16 20 25 28 30 33 37 46 
49 50 52 55 57 58 61 62 66 74 81 82 
83 84 85 86 87 88 89 91 95 103 106 110 
113 114 115 117 120 123 125 128 130 132 142 145 
149 153 154 159 164 165 167 171 172 174 178 183 
184 185 189 190 198 
64
1 3 10 11 14 15 20 23 25 26 27 29 
32 34 39 41 50 51 52 56 64 66 68 70 
75 77 79 82 89 92 95 98 99 102 106 107 
113 114 118 121 132 133 136 137 138 142 143 153 
154 158 159 160 162 163 164 165 167 171 174 185 
186 187 197 200 
61
5 12 17 21 26 27 33 37 38 39 40 42 
43 48 50 57 62 65 67 68 74 75 79 80 
83 87 89 96 98 99 100 109 110 115 117 118 
120 124 126 127 134 135 137 140 148 150 154 157 
159 161 166 169 171 174 181 183 186 191 195 197 
200 
59
1 2 7 15 18 20 21 24 26 27 31 35 
36 38 41 48 54 63 72 76 77 79 81 85 
86 91 92 94 99 103 105 107 112 113 118 119 
120 122 124 125 126 127 128 147 152 163 165 167 
168 171 180 182 185 186 187 189 198 199 200 
75
2 3 7 11 15 17 19 21 23 28 30 35 
37 39 40 41 43 45 46 48 52 53 56 60 
68 69 71 77 78 79 81 87 89 95 98 100 
106 107 113 115 116 117 121 124 125 132 133 136 
139 140 144 145 148 151 152 153 158 168 170 171 
173 174 178 179 180 181 188 189 191 192 193 195 
196 198 199 
65
4 8 9 10 11 17 21 30 31 35 38 39 
42 44 46 47 54 56 57 58 66 75 79 84 
90 94 95 105 106 109 112 115 118 121 126 129 
131 132 133 136 138 141 144 145 147 148 149 152 
154 155 156 162 164 165 166 167 169 170 172 173 
175 185 187 189 194 
62
2 5 6 11 17 21 26 28 33 35 41 45 
52 59 64 65 71 72 76 81 83 84 85 86 
87 88 92 94 95 97 100 102 112 114 116 117 
120 127 132 133 141 145 148 151 152 153 154 156 
158 162 165 166 168 174 175 178 181 182 183 185 
192 196 
62
6 8 13 15 17 21 23 24 27 30 39 44 
49 50 51 54 56 58 60 64 65 67 68 70 
74 77 82 86 87 93 95 98 103 104 105 107 
109 112 113 115 116 119 120 121 124 126 127 131 
132 134 141 147 148 162 165 171 176 177 178 189 
191 196 
58
3 6 7 14 22 24 25 26 29 33 34 35 
37 38 47 50 55 56 58 64 66 73 75 78 
79 88 91 94 99 103 105 106 109 116 124 135 
138 141 144 147 149 152 160 163 164 174 176 177 
181 182 186 187 188 190 192 193 197 200 
53
1 2 6 7 8 12 15 20 22 28 33 38 
44 46 55 57 58 64 66 67 68 69 70 72 
75 78 79 89 91 94 97 102 104 107 112 113 
116 120 121 124 125 141 144 148 151 160 168 182 
187 189 190 191 194 
57
2 6 9 11 12 13 14 20 23 35 41 45 
46 51 52 53 56 61 62 63 64 67 68 69 
72 77 79 83 87 93 95 110 111 112 114 116 
117 119 120 124 132 133 136 150 152 159 160 164 
166 168 171 174 182 189 191 194 198 
50
2 3 4 6 12 22 24 26 27 28 30 31 
34 36 38 40 41 50 61 64 66 73 78 80 
85 86 91 94 107 111 115 121 122 128 138 142 
143 145 151 152 153 157 158 163 164 166 168 174 
179 182 
64
1 3 8 13 16 20 23 30 31 33 34 36 
38 49 56 60 64 66 67 69 72 80 83 84 
92 96 97 98 100 102 103 112 114 115 119 123 
124 130 132 134 135 136 138 139 142 145 148 152 
153 154 156 159 167 169 172 176 180 181 188 189 
190 191 193 197 
55
1 3 7 8 13 18 23 28 31 32 33 34 
37 42 48 52 55 56 58 62 71 76 81 85 
87 89 97 98 115 117 120 128 130 131 136 144 
153 154 155 156 157 158 159 163 168 169 177 183 
184 186 189 190 192 195 198 
58
2 3 5 7 12 17 19 20 22 25 26 41 
42 43 44 46 47 49 50 51 52 59 61 62 
66 73 74 82 83 102 104 110 117 120 121 123 
128 132 134 136 137 145 146 148 152 156 158 168 
173 176 181 183 187 191 194 196 197 199 
62
1 7 9 13 17 21 22 24 25 28 30 33 
37 41 46 48 49 50 52 56 58 60 61 68 
69 70 71 75 80 84 88 89 92 94 100 102 
104 108 110 111 117 118 119 120 124 136 141 143 
147 149 163 166 169 172 178 179 180 181 188 190 
191 195 
55
1 6 10 12 13 14 18 21 23 28 29 30 
33 35 47 50 56 57 59 60 65 72 73 75 
86 96 97 100 103 108 109 112 114 116 117 120 
124 128 136 139 144 146 147 148 149 153 157 163 
171 178 179 180 181 186 199 
53
9 10 28 32 34 35 36 40 42 50 55 56 
57 58 60 62 63 65 67 68 69 73 77 78 
83 104 108 109 110 113 115 117 120 121 123 131 
133 139 143 144 152 155 161 162 165 170 180 181 
185 186 197 199 200 
60
3 12 17 20 25 28 31 32 34 35 40 41 
43 45 46 47 48 56 59 63 72 76 79 83 
84 90 91 98 102 105 107 108 110 116 120 121 
123 127 128 130 132 136 137 138 142 150 156 162 
163 167 169 174 175 182 183 186 187 191 193 197 
57
4 10 17 22 28 30 32 36 39 40 41 43 
44 51 62 64 65 68 69 73 74 78 94 98 
99 101 109 111 113 115 119 121 123 124 125 132 
140 142 150 153 156 157 159 164 165 166 167 168 
174 175 181 183 185 186 192 198 199 
69
1 2 5 7 9 12 18 22 27 32 35 36 
37 40 43 46 51 52 53 57 58 63 64 80 
88 91 102 105 108 111 114 116 117 120 122 123 
129 130 132 133 135 137 138 140 141 146 148 153 
154 155 156 160 162 164 167 169 171 172 173 177 
178 179 181 182 189 190 194 199 200 
69
1 5 6 23 26 31 33 34 37 38 41 43 
44 46 48 49 50 55 60 63 64 65 66 67 
72 76 80 82 85 88 89 92 94 98 101 103 
108 110 112 113 114 128 130 131 135 136 141 142 
143 145 146 147 148 153 162 163 164 165 166 174 
178 179 180 185 189 190 196 198 200 
62
11 12 21 22 26 27 29 32 49 50 56 59 
67 68 70 72 73 74 75 82 87 91 94 96 
97 100 103 105 106 108 110 112 113 120 122 128 
131 132 133 134 141 143 144 147 149 154 155 158 
159 162 163 170 172 173 177 179 183 186 188 193 
196 197 
68
7 8 11 13 14 18 22 28 29 35 41 47 
48 49 50 51 54 58 61 62 63 67 73 74 
75 80 81 82 85 87 89 90 92 94 103 104 
105 107 108 115 119 120 121 124 127 129 133 137 
139 140 143 146 149 154 155 156 157 158 160 163 
164 166 171 172 175 180 195 199 
54
10 19 21 22 23 24 27 34 35 36 40 43 
56 62 63 64 67 69 71 77 78 79 80 81 
83 84 90 91 93 96 98 103 108 114 115 118 
130 132 134 136 137 139 140 158 163 170 171 175 
178 181 192 193 197 199 
59
3 14 16 17 21 24 26 29 34 35 39 42 
43 44 52 56 58 59 60 67 73 74 75 76 
83 89 91 94 96 99 101 103 104 109 119 124 
125 132 134 142 145 147 149 157 161 163 164 165 
166 167 169 170 177 179 186 188 189 192 194 
60
4 5 6 8 10 11 13 14 19 25 27 30 
33 40 53 55 57 59 62 63 67 73 81 86 
87 89 95 97 98 101 102 105 106 112 116 120 
122 126 128 133 136 144 149 151 153 163 164 166 
167 169 171 176 177 178 181 186 187 190 191 198 
54
3 6 7 10 12 20 23 25 27 29 30 33 
35 36 41 45 50 51 55 56 59 64 65 70 
83 84 92 94 116 120 129 130 133 137 140 145 
146 155 156 158 161 162 163 170 172 173 178 182 
183 189 190 191 192 194 
63
3 8 11 14 16 19 24 28 29 33 38 42 
43 47 59 63 66 69 71 74 77 78 82 83 
86 91 92 93 96 99 102 105 109 112 117 120 
122 124 127 129 130 131 134 135 136 144 156 162 
164 168 172 174 175 176 177 179 183 184 185 189 
192 193 194 
66
1 4 9 10 13 15 16 17 19 20 21 22 
25 28 30 32 34 40 45 48 51 53 57 63 
64 65 69 73 76 78 82 83 89 95 97 99 
101 104 105 106 108 109 112 114 115 116 120 122 
123 125 145 146 152 154 155 156 158 165 166 169 
170 174 175 176 180 198 
52
19 24 26 31 35 41 44 46 48 49 54 56 
61 63 64 67 71 73 77 78 81 84 86 90 
91 96 97 100 103 108 113 114 116 118 123 125 
126 132 137 142 143 145 151 155 163 175 177 183 
185 188 190 195 
56
2 6 11 17 19 22 24 25 27 32 34 35 
36 39 42 48 51 52 63 64 65 67 68 69 
73 81 83 84 87 96 97 102 104 107 108 109 
110 112 114 119 123 127 128 129 138 143 145 147 
149 157 164 169 186 190 195 196 
56
1 4 6 9 10 11 15 20 23 24 37 42 
43 51 52 53 59 62 69 70 72 75 82 85 
87 89 90 93 95 96 100 107 111 113 118 121 
124 125 133 135 136 141 143 147 155 156 161 162 
164 165 171 172 184 190 195 197 
63
1 4 6 9 10 13 16 18 23 26 28 31 
32 35 37 39 40 43 46 53 62 68 75 78 
80 81 83 84 87 88 90 93 95 99 100 105 
117 119 121 131 132 134 140 141 144 145 146 150 
151 152 153 161 165 166 168 169 177 178 182 185 
191 195 200 
62
4 5 6 8 10 15 16 19 21 25 29 33 
34 42 45 46 49 50 53 54 64 65 66 69 
71 77 79 90 95 97 98 99 108 110 114 115 
116 119 120 124 127 130 131 132 133 134 135 137 
141 143 150 151 159 170 177 178 179 180 184 197 
198 199 
56
10 11 13 14 18 24 26 27 29 33 38 39 
49 52 55 57 61 65 66 67 68 71 74 79 
80 85 86 87 89 94 100 101 105 107 109 110 
116 122 124 125 127 137 142 143 144 147 151 156 
163 176 182 184 185 188 193 200 
67
5 6 7 16 19 22 23 24 26 27 28 32 
34 35 44 47 48 50 53 58 69 70 73 79 
85 87 90 92 94 96 97 113 114 119 120 122 
126 128 129 131 132 133 134 142 144 147 148 151 
158 159 161 163 165 166 167 169 170 173 178 181 
182 185 186 190 195 198 200 
68
2 3 4 5 6 9 10 11 14 16 17 20 
21 23 29 33 43 50 51 53 55 56 63 65 
67 68 69 72 74 75 78 81 83 84 88 91 
92 94 97 99 101 105 111 112 113 114 115 122 
123 124 125 128 134 142 144 147 149 151 157 158 
163 168 180 188 191 194 199 200 
58
14 18 20 26 28 33 34 41 48 52 53 54 
58 62 64 65 66 68 69 72 73 77 79 80 
82 87 92 98 101 111 114 122 123 128 129 130 
131 138 139 147 150 153 154 156 160 167 169 171 
175 183 185 187 188 191 193 195 198 199 
59
1 5 6 9 15 19 21 27 33 34 35 42 
45 46 53 54 56 57 63 67 72 73 80 86 
89 91 93 95 98 102 103 104 107 108 109 111 
113 120 125 126 129 132 139 140 144 145 147 150 
151 157 160 174 179 184 185 188 189 191 200 
67
2 7 8 9 12 14 15 18 20 21 22 23 
24 27 28 34 46 47 51 53 54 55 58 60 
65 75 77 78 79 82 83 84 86 88 91 96 
98 100 106 112 113 115 117 119 124 125 127 128 
138 142 143 149 151 152 153 158 164 166 173 175 
179 180 182 183 184 191 194 
63
2 4 5 10 12 13 14 16 18 34 36 41 
42 44 45 46 49 56 59 60 61 63 64 66 
67 73 74 75 77 80 91 105 106 107 109 110 
111 115 118 121 126 128 129 130 134 136 140 149 
157 160 173 175 176 180 182 183 184 185 186 187 
192 193 195 
60
2 4 8 11 15 19 20 26 27 34 38 39 
41 44 45 46 49 50 51 53 60 63 64 67 
69 70 75 79 82 84 85 86 87 90 91 92 
95 101 107 109 110 111 118 122 125 132 134 136 
145 151 160 166 173 175 180 189 192 193 194 196 
62
1 2 3 6 7 9 18 22 25 28 30 33 
34 37 46 47 49 50 54 55 62 65 70 77 
79 90 91 94 96 98 102 105 108 113 116 119 
125 127 132 133 135 138 145 146 147 150 151 153 
157 158 163 166 167 168 170 171 174 182 189 190 
193 198 
65
5 10 13 17 20 29 30 31 35 36 37 38 
43 44 48 56 57 59 60 62 68 70 71 73 
76 77 78 85 86 88 91 94 95 96 99 105 
106 115 116 118 119 120 126 127 129 136 138 141 
144 146 152 153 161 165 166 167 174 181 183 185 
188 191 195 198 199 
63
3 6 7 9 10 14 17 20 24 25 33 36 
39 40 46 50 52 55 65 77 78 82 85 91 
92 94 95 98 106 109 111 115 116 117 120 121 
131 132 136 137 138 139 140 143 145 146 151 153 
154 155 157 159 161 166 169 176 178 179 180 185 
192 196 197 
66
2 6 10 13 19 29 32 34 39 45 46 51 
52 53 54 55 56 57 61 62 63 64 66 69 
70 80 82 84 86 87 92 95 102 105 106 108 
110 113 119 122 124 127 128 129 130 132 134 136 
137 138 139 140 142 143 146 148 153 155 160 166 
170 174 179 181 186 194 
50
1 11 12 26 30 32 33 38 39 43 45 49 
53 55 57 61 67 69 71 74 87 89 92 94 
95 96 97 99 104 109 113 115 119 121 122 124 
127 129 130 138 140 161 167 169 174 176 177 181 
182 187 
57
6 7 8 12 15 18 21 25 27 31 33 36 
40 48 53 64 68 73 74 75 80 81 82 87 
92 93 97 104 106 114 116 121 129 133 140 141 
142 143 146 147 148 149 158 161 167 170 171 172 
173 176 179 185 187 189 192 193 197 
68
2 7 9 11 12 13 19 22 23 27 29 32 
34 41 44 46 48 49 52 55 57 58 59 60 
62 67 69 73 78 80 82 83 84 85 89 90 
93 97 99 103 105 107 111 112 114 115 122 124 
127 128 134 137 138 140 150 153 158 160 161 162 
165 173 179 182 183 186 187 194 
70
1 2 5 6 20 22 25 28 33 36 37 39 
42 43 45 47 54 55 57 59 61 67 71 75 
79 85 91 93 103 109 111 112 115 117 118 120 
122 123 124 128 129 132 136 138 139 140 141 142 
144 145 149 151 152 153 154 161 165 166 168 174 
177 179 181 184 190 193 195 196 198 199 
61
1 2 3 4 5 7 9 13 14 17 18 22 
25 26 31 35 37 40 48 59 60 63 65 66 
70 73 79 82 85 89 90 97 99 105 110 111 
114 118 119 123 125 126 127 130 133 134 144 159 
160 162 163 165 172 176 179 183 185 190 196 198 
200 
60
6 10 17 22 23 24 26 28 29 33 34 39 
53 57 60 61 66 70 78 81 86 92 93 95 
97 99 107 109 113 117 118 119 120 123 128 131 
133 136 140 142 145 146 150 153 156 157 158 162 
165 167 173 175 176 177 180 181 183 184 185 192 
65
4 5 13 14 16 22 25 26 31 34 35 37 
42 49 52 55 56 60 64 65 66 68 70 73 
75 76 87 88 93 100 101 102 108 114 117 119 
120 123 125 129 131 134 137 138 142 145 146 151 
153 158 161 165 166 169 170 174 178 181 183 191 
192 193 194 197 199 
59
3 4 5 6 9 14 16 21 22 24 25 26 
30 31 33 37 38 39 44 48 59 60 64 66 
67 68 72 83 89 92 94 102 103 105 108 109 
117 119 120 121 123 125 141 143 145 153 157 159 
162 164 165 166 179 181 184 185 191 194 196 
62
15 19 21 24 26 28 30 37 39 43 44 46 
52 60 61 62 67 69 70 73 74 84 89 92 
96 99 101 108 110 117 120 123 124 125 126 127 
129 130 131 133 134 136 143 146 147 148 149 150 
165 166 170 179 183 184 185 186 188 189 190 193 
195 199 
60
2 8 10 14 15 20 22 24 25 28 30 31 
43 52 55 61 66 70 73 74 75 80 81 84 
85 93 94 95 97 105 107 108 109 113 115 119 
121 122 126 130 135 136 140 141 143 145 150 158 
161 163 165 173 175 178 185 186 187 190 196 198 
61
7 10 12 13 19 22 23 33 40 45 48 49 
55 57 58 62 63 70 73 78 82 85 90 91 
96 98 99 103 105 107 111 117 118 121 122 124 
126 128 129 133 134 136 139 146 148 150 152 155 
162 163 166 168 169 170 172 178 180 181 192 194 
199 
57
11 20 26 27 32 36 41 42 50 56 57 62 
66 68 73 74 76 77 80 81 82 83 93 95 
101 104 105 109 110 113 114 115 117 123 125 131 
133 134 135 136 138 146 149 152 153 154 156 157 
160 163 164 165 172 178 181 185 191 
61
1 2 6 19 24 25 26 29 32 33 35 36 
39 41 42 45 47 52 53 54 57 59 61 65 
72 74 75 76 77 82 84 87 88 100 102 103 
105 106 110 112 115 117 119 122 123 131 137 140 
143 153 154 168 169 170 171 179 184 185 187 193 
199 
64
5 16 18 20 23 24 25 26 30 33 40 41 
42 44 47 48 49 53 56 59 63 69 70 72 
73 77 78 82 84 86 87 92 97 98 99 102 
103 106 107 116 118 122 128 130 134 138 142 147 
148 150 156 160 164 166 170 177 179 180 182 185 
190 195 197 198 
59
4 7 8 10 11 21 26 29 32 33 35 42 
45 46 49 51 54 55 58 59 65 66 69 70 
72 73 82 95 97 102 104 105 106 112 114 120 
123 125 127 129 136 139 142 145 149 150 153 161 
162 164 166 167 169 173 174 175 176 180 193 
64
3 8 9 10 12 14 16 24 30 31 41 48 
53 56 70 71 74 78 80 85 86 87 89 91 
95 96 97 99 100 101 103 104 108 109 112 116 
118 119 120 123 124 125 129 137 138 139 142 145 
149 152 156 157 162 167 171 174 176 178 179 185 
189 191 196 198 
57
1 4 5 6 16 25 31 33 35 37 39 42 
44 46 47 49 57 62 64 67 71 73 80 81 
82 84 86 88 92 94 95 105 107 114 116 118 
121 130 131 132 133 134 140 144 145 149 150 165 
169 170 173 176 178 182 185 198 200 
63
4 5 7 8 9 11 14 19 25 27 28 30 
31 34 35 36 40 44 45 48 49 53 55 56 
60 61 63 67 73 74 82 86 88 89 96 97 
99 100 106 118 124 127 128 133 135 137 142 146 
150 151 154 162 165 171 173 175 177 179 180 182 
195 196 198 
63
7 8 12 21 26 30 34 35 36 39 40 41 
48 51 53 58 59 60 64 65 69 70 76 84 
87 89 94 97 100 101 104 107 108 110 111 112 
113 114 117 119 126 128 129 130 136 137 138 147 
153 156 157 158 159 171 172 181 182 183 185 189 
194 197 200 
63
6 7 8 9 12 18 24 25 27 28 29 32 
34 37 40 41 47 48 50 51 54 61 62 65 
66 67 69 81 84 87 88 95 100 102 103 112 
116 120 121 131 132 133 135 142 146 147 152 155 
156 158 172 179 181 182 184 185 186 187 193 194 
195 198 200 
53
1 2 5 7 11 12 21 31 32 34 41 43 
44 48 49 51 54 59 60 63 64 83 85 90 
96 98 101 106 108 110 122 123 132 136 140 142 
152 154 155 162 163 170 174 180 183 185 188 191 
192 193 194 196 197 
70
5 14 18 19 23 24 26 27 28 29 31 34 
37 40 45 49 51 53 56 57 60 62 64 65 
68 69 72 78 79 89 91 94 96 98 102 103 
104 106 107 108 113 118 120 121 124 127 128 129 
130 131 132 133 134 135 137 138 145 148 151 153 
156 159 164 167 171 177 184 191 192 196 
56
3 9 15 20 32 36 38 39 45 50 52 54 
55 57 60 61 67 68 74 75 78 87 89 97 
98 102 106 110 111 115 119 124 125 132 133 135 
143 144 147 150 151 156 159 161 163 164 169 170 
177 178 181 184 185 188 191 192 
60
2 3 4 5 9 11 18 19 20 24 30 34 
38 40 42 43 45 48 49 50 52 64 65 66 
67 71 72 73 75 77 83 86 91 93 94 95 
104 111 115 118 119 123 127 132 135 137 140 145 
149 154 157 158 164 172 179 182 183 192 195 196 
56
2 3 4 9 10 12 15 19 21 24 26 27 
32 34 35 37 38 39 41 43 45 47 52 54 
64 68 82 83 84 91 100 103 108 114 119 120 
124 133 137 138 140 146 147 150 152 153 154 155 
166 167 173 174 189 190 193 198 
72
1 3 5 8 12 15 17 19 20 22 25 34 
40 42 43 48 51 52 54 58 60 62 63 68 
69 71 73 75 76 78 79 80 83 91 93 94 
97 104 105 107 109 112 117 118 126 131 135 138 
143 144 145 147 148 153 155 156 157 160 161 162 
166 167 169 170 172 179 182 186 190 192 193 199 
55
1 2 5 6 11 15 24 27 35 40 48 49 
51 52 54 56 61 65 68 70 90 93 105 107 
110 114 115 121 123 124 128 131 132 133 134 148 
149 152 153 155 158 159 162 163 168 172 176 182 
183 184 187 189 190 193 197 
58
7 9 10 14 16 20 22 25 26 27 29 43 
44 45 50 51 53 56 57 59 61 69 75 87 
88 89 106 108 109 110 111 113 114 115 126 129 
130 131 132 133 145 148 155 156 157 160 161 171 
173 175 178 181 183 185 188 191 196 198 
50
1 4 8 12 17 23 26 28 33 39 45 49 
53 58 62 65 67 83 84 86 88 93 94 95 
98 99 109 114 117 118 127 130 135 148 150 151 
161 162 165 168 170 173 176 180 182 189 192 197 
198 199 
61
5 11 14 15 18 19 21 27 30 34 38 39 
43 47 51 55 57 59 61 63 64 70 71 73 
77 83 88 93 94 96 100 101 103 105 107 115 
118 121 127 132 133 134 135 137 143 153 161 162 
163 166 172 174 175 176 181 187 188 189 192 194 
195 
55
4 5 10 11 19 23 27 33 36 38 39 40 
46 48 54 57 59 60 74 75 79 81 89 94 
104 107 108 113 114 116 117 121 123 128 129 130 
132 143 147 152 153 155 159 171 172 174 176 177 
180 181 182 184 195 197 199 
56
4 7 9 10 11 13 19 24 26 29 31 38 
40 45 46 53 62 67 68 71 74 80 83 87 
90 91 92 97 98 100 106 111 112 114 115 127 
129 132 138 140 141 155 158 165 168 170 174 178 
182 184 185 188 189 191 194 198 
55
2 3 5 7 8 22 31 32 34 38 39 43 
45 47 53 57 59 61 67 72 78 84 85 87 
97 98 100 101 103 112 114 117 121 129 132 133 
134 138 139 142 145 149 150 152 157 158 159 161 
162 164 170 174 181 186 193 
52
4 10 19 20 27 29 34 35 39 43 45 48 
49 52 57 58 59 60 61 63 64 66 68 72 
73 75 77 78 79 80 84 86 89 90 101 119 
128 132 147 149 152 155 164 165 167 168 171 184 
187 188 190 197 
