200 200
1 1 1 1 1 1 1 1 1 1 1 1 
1 1 1 1 1 1 1 1 1 1 1 1 
1 1 1 1 1 1 1 1 1 1 1 1 
1 1 1 1 1 1 1 1 1 1 1 1 
1 1 1 1 1 1 1 1 1 1 1 1 
1 1 1 1 1 1 1 1 1 1 1 1 
1 1 1 1 1 1 1 1 1 1 1 1 
1 1 1 1 1 1 1 1 1 1 1 1 
1 1 1 1 1 1 1 1 1 1 1 1 
1 1 1 1 1 1 1 1 1 1 1 1 
1 1 1 1 1 1 1 1 1 1 1 1 
1 1 1 1 1 1 1 1 1 1 1 1 
1 1 1 1 1 1 1 1 1 1 1 1 
1 1 1 1 1 1 1 1 1 1 1 1 
1 1 1 1 1 1 1 1 1 1 1 1 
1 1 1 1 1 1 1 1 1 1 1 1 
1 1 1 1 1 1 1 1 
59
6 7 10 17 19 23 24 25 29 31 33 40 
42 43 46 48 51 52 58 60 61 63 66 68 
75 76 77 78 81 82 84 86 89 101 102 108 
114 127 130 138 142 143 150 152 153 157 158 165 
166 172 173 180 182 186 187 191 192 195 198 
52
1 2 5 6 11 14 19 20 26 27 30 32 
34 36 39 44 48 51 52 55 56 58 65 79 
80 84 85 93 98 103 104 107 110 116 120 127 
131 132 133 136 138 139 143 146 151 165 167 171 
173 185 189 198 
66
4 5 8 9 10 12 16 26 27 29 35 39 
42 46 49 51 57 58 60 70 73 77 78 79 
83 84 85 88 89 91 92 94 99 101 102 108 
110 115 116 118 120 123 129 131 135 137 140 142 
148 151 152 155 160 162 163 164 171 177 180 182 
185 187 190 192 195 197 
58
1 2 3 6 8 12 17 18 20 24 25 26 
27 31 37 54 58 59 61 63 65 73 83 85 
88 91 95 96 97 98 112 114 115 116 118 120 
126 131 134 135 142 149 150 152 153 154 156 158 
159 163 174 175 183 186 188 192 195 200 
78
2 4 5 6 8 10 12 14 16 18 27 28 
30 31 36 38 43 44 45 46 47 60 62 65 
66 68 70 71 77 79 82 83 85 86 87 93 
94 95 96 97 99 101 104 106 109 110 112 113 
117 119 123 130 131 132 133 137 139 141 147 148 
149 151 154 159 160 161 164 167 173 174 176 178 
184 186 188 189 197 200 
63
1 2 4 6 9 11 13 18 19 20 21 24 
27 32 35 38 42 44 50 52 53 55 59 60 
61 67 69 70 71 91 92 95 101 106 108 111 
113 114 118 120 130 131 133 139 141 143 147 149 
150 152 153 156 159 169 170 173 175 179 181 182 
183 185 192 
69
1 10 15 19 20 22 23 27 28 33 35 40 
42 43 47 49 53 54 59 60 61 64 65 67 
68 70 71 72 75 78 79 80 81 85 92 94 
98 99 102 103 105 109 111 113 116 117 120 122 
132 135 136 139 140 144 148 149 151 153 156 159 
160 162 168 173 182 184 190 192 196 
65
14 17 21 22 24 27 28 31 34 35 38 43 
45 49 53 54 56 57 58 60 61 62 67 69 
71 73 79 81 85 87 89 91 94 97 103 106 
107 113 115 127 129 132 133 134 135 143 148 149 
150 156 157 161 162 164 166 169 171 173 174 183 
184 186 192 195 199 
62
2 8 10 12 15 20 26 31 32 34 35 39 
41 42 44 48 51 53 56 60 68 76 77 80 
84 86 89 91 97 104 106 113 114 116 117 120 
121 131 134 137 138 139 141 144 145 150 151 155 
161 165 166 167 169 172 174 176 187 189 190 195 
197 198 
66
3 13 14 15 16 18 19 21 22 25 26 30 
34 35 36 43 49 53 59 65 68 78 79 81 
83 88 92 93 95 97 102 105 107 112 113 116 
119 129 130 133 134 136 138 142 144 146 151 152 
157 163 167 168 171 175 176 177 180 183 186 187 
188 189 190 195 196 197 
65
9 10 12 13 14 23 24 25 26 29 35 36 
37 41 43 46 49 51 52 55 56 61 65 73 
75 84 86 90 98 100 102 103 104 107 114 118 
119 121 127 128 131 132 138 141 144 145 147 153 
156 160 165 172 175 178 179 181 182 183 185 186 
189 190 196 198 200 
58
1 4 6 7 10 11 19 20 21 24 25 27 
29 30 34 42 50 53 55 71 77 83 84 87 
88 90 92 96 102 104 107 113 114 121 122 124 
130 137 139 147 148 152 155 157 159 160 165 170 
171 175 176 177 180 185 189 192 198 199 
62
2 5 9 10 15 22 23 28 33 35 38 39 
40 44 55 56 62 66 70 74 91 96 97 99 
101 102 103 104 109 110 116 118 123 124 128 130 
131 132 134 135 136 139 144 149 157 159 160 161 
162 163 168 169 170 176 178 186 187 189 192 195 
197 198 
61
2 4 6 9 20 24 25 27 30 32 34 38 
39 41 53 54 57 59 65 68 69 70 71 78 
87 90 93 97 102 104 116 120 121 125 126 127 
137 138 143 145 148 150 153 155 156 164 165 169 
171 172 174 175 177 178 182 184 185 190 196 199 
200 
60
2 3 5 7 9 17 20 24 31 38 40 43 
44 45 48 49 51 54 55 62 65 73 78 79 
81 88 94 96 105 108 111 112 113 118 123 130 
131 134 135 138 146 147 152 155 157 163 174 175 
176 177 178 180 182 185 187 190 194 197 198 200 
57
1 2 7 9 10 13 14 21 24 27 29 33 
37 44 45 48 52 57 59 74 75 77 79 80 
87 90 92 94 96 104 108 109 114 116 117 118 
122 127 130 135 140 141 145 146 147 152 155 161 
163 164 168 170 175 186 188 189 199 
59
6 11 14 16 19 21 26 32 33 34 35 36 
37 39 41 42 43 46 50 56 58 61 62 64 
65 66 70 79 81 85 90 91 92 96 105 106 
114 119 121 122 123 124 127 128 129 131 134 140 
141 142 145 150 171 177 178 182 190 193 196 
54
6 10 13 15 21 23 26 37 39 45 50 52 
57 64 66 67 69 71 75 80 84 85 86 88 
93 96 99 100 107 108 110 124 128 132 135 137 
140 143 147 153 156 166 168 169 171 173 174 177 
185 187 191 193 196 197 
72
1 3 4 8 11 14 18 19 22 24 26 30 
31 32 37 38 42 44 45 47 48 49 50 52 
55 60 61 62 64 72 73 75 76 78 81 82 
88 90 95 97 102 103 108 115 118 124 125 126 
138 140 141 142 143 144 145 148 151 155 163 166 
168 174 177 182 184 190 192 194 195 197 199 200 
51
4 9 12 13 16 23 24 26 32 34 35 39 
43 45 48 49 51 52 56 63 64 68 69 74 
80 81 90 92 95 102 110 112 114 119 126 134 
138 149 162 175 177 179 183 184 185 188 190 192 
193 195 198 
63
1 5 10 12 17 26 27 34 37 38 39 40 
41 52 53 57 59 65 68 69 70 72 73 75 
76 78 84 89 95 96 97 101 107 108 116 117 
120 122 125 129 131 137 139 140 142 144 148 153 
154 160 162 163 168 170 173 177 182 183 184 185 
190 196 197 
63
2 5 19 20 26 27 29 30 32 38 40 42 
44 45 46 51 52 58 61 63 64 65 66 71 
72 74 80 82 83 85 89 95 100 101 110 114 
116 117 121 122 126 127 130 131 138 139 143 145 
149 153 154 158 166 169 172 176 180 186 190 191 
194 196 199 
57
1 4 5 7 13 16 17 19 29 31 32 34 
35 38 39 41 46 47 49 53 58 60 61 64 
69 70 71 73 74 75 84 96 99 100 107 108 
110 111 113 115 116 119 121 122 130 134 137 155 
160 166 167 169 180 181 183 197 198 
51
1 2 12 15 22 23 24 25 26 27 29 31 
34 51 54 56 63 69 70 73 79 80 84 87 
89 91 94 98 111 113 119 120 124 134 138 139 
141 142 143 146 147 148 159 160 168 171 173 185 
186 187 195 
69
1 6 8 11 14 15 24 25 26 28 29 31 
33 38 40 41 42 44 47 48 49 56 58 59 
63 66 67 73 74 80 81 82 85 89 92 94 
101 102 103 105 108 109 110 111 114 116 120 127 
128 132 134 141 142 146 147 152 156 163 165 170 
175 178 180 181 184 189 193 197 200 
61
4 9 10 11 24 27 37 41 42 43 44 46 
50 52 56 62 69 70 73 75 76 84 85 87 
88 92 97 100 102 112 117 120 122 123 129 131 
134 135 138 142 143 145 146 148 152 153 154 155 
157 161 164 165 173 174 182 185 187 190 192 195 
200 
68
2 4 10 15 18 19 21 23 24 26 29 31 
32 34 37 39 40 42 44 53 56 57 60 61 
67 69 73 76 78 79 85 88 91 93 97 98 
99 101 104 106 115 122 125 126 130 133 137 139 
144 147 148 151 152 153 154 157 158 159 166 167 
170 172 173 183 184 186 188 192 
56
3 10 14 17 23 24 25 26 28 29 31 34 
39 40 44 46 47 49 52 53 54 67 68 73 
77 79 80 85 91 92 96 98 112 114 117 126 
132 136 139 140 141 145 147 148 158 160 168 175 
180 183 186 187 193 194 197 198 
54
6 13 15 16 17 18 19 28 31 33 36 42 
53 55 57 61 65 71 75 77 85 100 101 105 
107 108 110 113 115 118 121 123 126 131 133 135 
138 139 140 141 143 147 150 151 156 157 159 170 
176 185 186 190 191 200 
68
6 9 12 18 19 21 23 27 28 29 30 32 
37 40 46 47 48 50 58 62 68 70 75 77 
78 83 88 89 94 103 109 112 113 114 117 119 
123 125 128 129 130 132 133 134 137 138 140 141 
147 149 154 156 158 159 163 164 165 167 169 170 
179 183 186 187 188 191 194 196 
59
3 10 14 17 21 22 25 26 31 33 35 38 
43 44 49 50 51 59 61 62 67 71 74 81 
83 84 85 87 89 90 92 94 95 100 102 109 
112 117 122 125 127 134 137 140 149 150 152 161 
164 168 169 170 179 188 193 196 198 199 200 
67
3 6 10 12 17 19 21 22 24 27 28 32 
33 34 40 41 43 44 46 47 52 55 58 61 
63 67 71 75 76 77 84 87 89 91 94 97 
98 102 106 108 113 115 118 123 125 130 133 138 
145 149 150 151 155 158 160 164 165 166 168 169 
174 181 184 191 192 194 195 
64
3 4 6 7 8 13 21 22 23 25 26 30 
40 47 50 52 60 61 63 65 67 69 72 74 
77 81 84 88 89 91 95 97 98 99 102 104 
107 109 110 113 118 120 121 122 128 132 133 138 
139 141 143 147 159 160 162 164 166 170 176 178 
187 192 193 199 
58
1 7 10 12 15 19 20 27 29 32 34 38 
39 41 43 51 54 55 57 59 60 61 62 64 
74 77 89 90 93 95 98 106 111 112 117 128 
130 134 143 145 150 151 154 156 157 159 167 170 
177 179 181 182 183 184 192 193 196 199 
68
1 3 6 7 8 12 13 16 18 19 21 22 
24 25 33 37 40 41 46 49 50 52 53 55 
58 61 62 63 67 69 70 71 76 78 83 84 
92 94 104 107 109 111 115 117 121 131 134 139 
140 141 142 150 152 153 157 160 162 166 168 169 
170 171 182 192 194 195 198 200 
64
5 13 21 23 25 29 30 33 38 42 45 51 
56 58 60 68 69 78 79 80 82 84 87 89 
90 91 92 98 99 102 103 112 119 122 127 129 
130 131 132 138 139 141 143 150 151 158 159 161 
163 166 167 169 172 177 183 184 185 187 188 189 
191 195 196 199 
54
3 20 22 34 35 45 47 48 49 53 56 57 
60 64 65 67 69 71 74 77 79 83 85 87 
90 97 104 111 116 120 122 123 124 129 130 131 
135 137 142 143 144 145 146 149 159 167 177 179 
180 186 189 191 195 197 
65
4 5 7 8 10 11 12 13 20 23 27 28 
30 33 34 38 41 46 50 51 52 53 55 59 
62 65 66 69 72 75 85 86 96 98 99 101 
106 109 112 115 116 119 121 122 125 129 135 143 
150 154 155 161 162 164 167 171 179 182 184 188 
191 196 198 199 200 
62
3 4 5 6 9 12 14 21 22 24 25 26 
27 29 33 34 35 40 41 42 44 45 49 52 
64 68 70 72 73 77 84 88 91 95 96 101 
103 114 119 123 128 139 140 141 143 148 154 156 
157 159 161 164 165 166 167 170 173 174 177 189 
194 199 
58
2 4 6 8 18 24 25 27 32 38 44 51 
54 55 67 72 75 77 78 79 80 81 83 87 
89 91 94 99 104 106 109 113 122 123 124 125 
129 134 142 143 148 149 150 153 154 155 159 161 
168 170 176 177 189 192 193 194 196 199 
73
3 6 7 9 11 12 14 15 17 22 29 35 
37 41 43 44 46 52 53 56 58 59 60 62 
63 64 67 68 70 74 76 77 79 84 86 89 
92 96 97 103 107 108 109 111 116 121 124 125 
128 131 132 136 142 144 145 146 148 149 153 154 
155 156 157 158 162 174 175 180 188 189 197 199 
200 
63
5 8 11 14 15 16 17 18 25 28 31 33 
35 37 39 40 44 50 56 60 63 70 73 75 
77 85 87 90 96 102 110 113 119 124 127 128 
129 130 131 133 136 141 152 154 156 158 161 164 
166 167 170 172 175 179 181 182 186 189 192 196 
197 199 200 
61
2 6 8 9 12 13 14 16 18 23 30 35 
37 42 44 46 51 52 54 55 56 57 62 63 
68 71 72 84 93 101 102 105 109 112 119 121 
122 133 135 137 142 143 145 147 155 157 158 159 
161 168 172 174 175 177 180 183 187 189 194 196 
197 
56
5 6 8 10 18 26 36 41 43 44 46 49 
50 56 59 65 72 74 75 81 82 83 86 91 
93 96 97 100 101 104 110 111 114 116 120 125 
126 128 131 135 137 142 145 148 150 158 160 166 
168 171 173 180 188 190 191 199 
55
1 7 10 16 21 24 27 29 31 33 34 38 
40 46 47 53 54 56 61 63 64 67 69 70 
74 77 83 84 86 89 92 100 109 112 116 117 
122 125 127 133 134 137 141 144 162 165 172 174 
177 186 187 188 191 192 195 
54
2 5 7 10 14 25 33 36 38 40 41 42 
44 46 47 53 58 59 60 71 74 78 82 84 
90 92 98 99 102 104 105 109 110 111 124 125 
128 132 138 144 149 150 151 154 159 161 168 170 
172 178 180 195 197 200 
60
1 8 11 13 16 20 22 26 30 32 33 34 
35 36 37 40 41 45 46 52 56 64 68 70 
79 87 88 92 94 98 99 102 107 110 112 113 
114 118 124 133 137 140 145 148 149 150 151 153 
154 161 170 178 179 182 183 186 187 189 193 199 
61
2 5 7 8 11 12 15 16 17 23 25 28 
29 30 31 35 38 42 44 50 52 54 59 62 
67 69 71 74 77 78 80 84 86 96 97 102 
103 107 112 117 120 127 133 135 141 144 146 147 
152 153 157 159 165 170 174 178 182 183 187 193 
200 
58
1 5 7 8 10 11 13 29 34 37 41 42 
45 50 53 54 57 61 72 73 76 80 81 84 
87 88 91 94 97 104 105 107 110 111 116 118 
121 123 124 127 128 129 132 139 141 143 146 148 
153 154 162 168 177 180 184 191 193 194 
70
1 3 6 8 14 22 32 33 34 36 37 39 
41 43 54 59 62 63 64 65 66 71 72 73 
79 82 84 85 87 88 92 99 102 105 109 110 
111 112 113 118 121 123 135 136 138 139 141 144 
145 146 148 150 152 158 159 162 164 165 167 168 
174 176 177 180 184 186 189 191 192 195 
58
3 9 10 14 18 20 25 28 29 36 41 50 
51 52 54 56 61 64 66 71 72 85 86 87 
89 92 93 94 100 104 105 106 111 113 114 117 
125 126 128 129 130 132 133 136 137 138 145 153 
156 157 161 172 178 180 181 184 185 189 
59
2 4 10 13 15 18 20 25 29 30 31 35 
39 42 43 57 59 66 68 70 74 76 78 80 
81 83 85 86 91 93 97 100 101 105 108 112 
114 119 124 126 127 131 134 138 139 147 155 159 
161 162 166 170 171 186 187 189 191 197 200 
58
7 9 10 14 20 21 26 28 29 34 38 40 
41 44 49 50 52 54 55 62 64 65 67 72 
82 85 88 90 94 99 100 101 107 110 112 113 
117 119 126 131 136 141 142 146 148 152 153 156 
160 163 168 170 171 173 178 182 197 200 
49
4 10 12 21 28 34 36 40 47 50 56 57 
61 68 73 75 77 81 82 84 90 91 105 111 
115 116 118 121 122 123 125 127 128 129 135 141 
144 148 156 159 161 167 169 172 180 184 186 190 
197 
62
2 4 5 6 7 8 11 17 19 20 21 22 
23 27 28 30 31 34 38 47 50 52 54 59 
60 61 66 71 74 88 90 93 94 95 96 97 
100 101 107 116 119 127 128 134 135 141 143 146 
149 152 155 162 165 166 167 170 175 177 182 193 
199 200 
51
5 6 9 14 15 17 18 24 27 33 35 39 
43 47 48 50 62 65 72 74 76 89 90 93 
97 100 102 104 106 107 111 114 119 126 128 133 
136 137 148 153 161 162 166 167 174 176 179 188 
192 194 195 
60
1 6 8 12 14 18 24 27 29 32 38 43 
44 46 47 48 54 56 57 61 68 71 72 73 
74 76 77 78 83 85 89 90 95 100 101 102 
103 105 112 114 115 116 118 126 128 135 141 143 
153 157 158 169 170 173 178 186 187 191 194 198 
56
8 22 23 35 41 46 49 51 58 64 66 67 
69 71 76 80 92 93 94 106 107 109 110 111 
114 115 116 118 119 121 122 127 128 132 134 140 
142 143 144 148 150 151 155 161 165 166 170 171 
181 182 183 185 191 195 196 197 
56
4 8 10 12 15 16 18 21 24 26 34 35 
37 42 43 50 58 60 62 64 79 82 86 87 
93 94 96 104 108 109 113 114 121 122 124 126 
129 130 135 138 139 145 148 153 156 161 165 167 
169 170 173 177 178 187 190 195 
77
2 4 5 7 9 10 13 18 20 24 29 31 
33 35 36 39 41 43 44 45 47 49 50 52 
53 58 61 62 63 64 65 67 68 69 70 72 
76 85 86 90 92 93 95 98 104 105 110 114 
118 122 123 124 126 127 129 130 134 137 139 140 
141 143 144 145 148 149 150 152 153 155 156 157 
167 176 177 180 200 
52
6 8 9 12 37 47 51 53 61 64 65 70 
71 73 82 83 89 91 94 96 97 99 100 102 
103 104 106 107 113 121 128 129 132 136 139 147 
157 158 159 160 164 165 167 172 173 181 182 183 
184 185 190 200 
68
1 4 6 8 12 23 24 33 35 36 37 41 
42 45 55 56 59 61 66 67 68 69 70 76 
79 80 81 83 85 91 101 102 103 109 111 114 
120 124 126 127 128 129 130 131 135 138 139 142 
144 147 151 153 156 158 162 163 168 171 172 173 
177 187 188 192 195 198 199 200 
61
12 21 25 26 30 35 36 38 39 46 49 50 
54 57 58 61 68 69 70 72 73 74 76 77 
80 81 83 85 89 99 101 103 104 114 124 127 
130 131 133 139 141 145 150 153 156 158 160 161 
162 171 174 176 178 180 185 186 187 188 192 199 
200 
45
1 3 5 7 12 13 21 24 27 28 31 39 
43 45 52 57 61 64 66 75 78 79 83 88 
89 92 104 109 115 119 124 140 146 151 152 154 
163 166 170 174 182 183 184 194 197 
62
3 4 8 12 18 25 27 28 33 35 41 44 
49 52 53 55 57 59 62 63 68 73 82 87 
88 90 91 95 97 103 104 120 124 125 126 127 
128 129 134 137 138 142 147 149 151 153 154 157 
159 160 161 168 169 178 179 183 186 188 195 198 
199 200 
54
8 14 16 17 21 22 24 29 35 38 40 41 
45 46 49 53 56 59 60 66 69 77 86 89 
97 98 99 104 108 109 113 115 116 119 124 125 
126 131 132 134 137 147 153 166 168 171 174 181 
182 184 191 192 198 199 
60
5 7 12 13 15 18 27 28 30 35 37 38 
46 48 49 54 55 56 57 59 60 64 68 70 
73 74 75 76 77 79 84 85 90 96 97 98 
105 109 112 122 126 127 130 134 136 137 143 145 
152 154 158 160 163 167 171 173 183 193 194 200 
52
2 5 6 7 9 19 23 32 33 35 38 41 
53 54 59 61 63 65 68 69 73 79 80 82 
85 86 88 89 93 94 97 98 102 105 108 109 
116 127 129 133 137 144 152 154 169 175 179 188 
189 193 196 197 
63
6 10 19 24 28 31 35 36 39 41 42 45 
49 53 55 56 60 63 65 68 71 75 78 81 
84 86 87 88 92 93 97 99 105 106 107 110 
113 125 127 133 138 142 143 144 145 149 150 152 
153 154 160 161 166 175 178 179 185 187 189 192 
195 197 198 
66
3 7 8 12 15 21 26 27 29 33 35 41 
42 49 52 53 54 55 56 59 62 66 70 77 
83 87 89 92 94 96 98 99 100 104 106 113 
114 120 121 122 123 124 126 128 130 134 138 139 
140 148 149 154 156 157 158 164 165 166 168 170 
171 174 184 188 195 196 
68
3 9 13 16 17 20 23 25 32 36 38 40 
41 43 47 48 52 53 55 57 58 62 67 71 
72 74 76 83 84 88 94 96 102 104 109 112 
116 120 124 127 128 133 137 138 142 145 148 150 
151 152 153 158 160 161 165 166 167 178 179 180 
182 183 184 185 192 196 197 200 
67
3 5 11 15 18 19 21 22 24 25 29 33 
47 50 51 52 53 55 56 59 63 64 65 67 
68 70 76 80 81 82 86 89 99 101 107 110 
111 119 120 122 127 129 130 131 135 141 145 146 
148 150 151 153 158 162 167 168 174 175 178 181 
182 183 184 188 190 192 195 
51
2 13 17 29 30 31 34 35 40 43 45 47 
53 54 57 63 65 67 79 81 90 91 92 94 
98 103 107 108 131 139 140 141 143 146 147 149 
153 155 156 159 160 161 166 167 171 176 185 186 
188 190 192 
59
2 3 6 12 16 17 19 20 23 25 26 34 
37 40 41 42 46 48 52 54 56 57 62 63 
66 68 80 90 98 106 110 112 114 116 122 125 
128 129 133 137 141 142 143 145 146 152 157 158 
163 167 168 171 172 174 178 179 185 195 198 
63
7 12 13 21 22 23 30 31 34 38 41 42 
45 48 54 57 60 65 67 69 72 77 82 87 
88 90 92 93 99 102 105 107 108 113 115 120 
122 125 126 127 130 132 133 139 141 142 143 144 
145 147 153 161 164 165 169 173 178 180 181 189 
190 194 195 
63
6 7 21 23 28 29 32 35 36 37 38 47 
50 52 53 54 58 63 64 68 70 78 86 90 
92 95 96 97 98 101 106 115 118 120 124 125 
126 129 130 132 137 141 145 147 148 152 153 158 
160 162 163 164 165 166 169 172 179 181 183 184 
193 198 199 
63
1 4 6 7 9 10 21 24 25 36 37 38 
40 43 45 47 48 53 54 55 58 60 62 63 
65 68 72 83 86 90 91 93 100 101 106 108 
111 114 115 118 119 120 121 125 132 136 140 144 
145 146 147 151 152 155 164 165 166 170 173 184 
186 189 190 
65
2 3 5 6 9 10 13 14 15 21 30 35 
38 40 41 44 47 52 53 54 56 63 65 67 
68 77 80 81 83 87 91 92 94 96 97 98 
99 102 103 105 108 111 121 122 129 131 132 135 
140 142 143 147 150 152 155 163 164 169 172 181 
186 192 198 199 200 
55
2 3 5 12 14 23 49 51 53 56 57 65 
71 75 80 81 83 84 88 91 92 96 97 100 
104 106 112 114 117 118 120 123 125 126 129 130 
134 138 147 148 149 151 158 161 162 171 175 177 
179 186 189 194 195 196 199 
61
6 7 8 10 11 12 13 14 16 21 22 23 
26 31 33 34 36 40 41 46 50 52 54 55 
62 64 65 70 77 78 80 85 87 88 94 104 
106 107 111 112 113 115 117 119 128 130 133 137 
138 148 149 150 151 159 167 168 169 178 185 186 
199 
60
4 6 10 13 16 18 19 20 27 33 36 40 
44 45 46 57 61 63 64 69 72 75 76 80 
82 87 90 96 100 106 108 113 117 118 119 124 
127 128 129 130 140 144 150 156 158 168 170 172 
173 174 177 180 181 188 190 192 193 196 198 200 
50
1 3 6 10 12 21 25 26 31 32 38 46 
47 49 53 55 56 59 60 64 72 106 110 117 
119 120 121 122 127 129 131 137 139 140 143 145 
148 152 154 155 161 166 177 179 180 186 194 195 
196 200 
52
3 4 10 11 12 25 30 35 37 47 50 57 
60 66 68 70 73 75 82 94 98 99 100 103 
104 107 109 111 112 113 114 115 116 117 119 134 
139 142 143 144 145 146 153 155 160 162 176 178 
181 184 193 197 
58
3 10 13 17 19 24 34 36 39 42 44 46 
53 55 61 62 66 75 86 91 94 97 98 99 
102 105 107 109 110 117 121 122 123 124 125 128 
129 130 133 135 137 144 146 150 155 159 165 168 
171 173 179 187 189 190 191 192 196 199 
74
1 4 5 7 9 10 12 15 24 28 30 32 
34 37 41 43 46 49 54 57 61 62 63 64 
68 69 71 74 75 77 84 85 88 89 91 92 
95 96 100 101 102 106 107 109 110 111 113 119 
125 127 128 134 137 146 147 155 156 159 161 164 
165 167 168 169 179 180 181 184 188 189 191 194 
197 200 
51
2 9 18 20 26 28 36 38 42 43 46 49 
51 53 54 60 67 72 92 96 97 99 101 108 
111 114 115 120 123 124 128 134 138 140 141 143 
151 152 157 160 162 164 165 166 172 179 183 184 
191 196 198 
63
3 6 7 8 11 13 17 19 22 23 26 29 
33 38 39 41 42 46 55 57 58 65 71 73 
77 84 85 86 87 90 91 95 97 105 116 120 
125 132 133 135 136 138 139 142 145 147 149 151 
155 157 158 168 170 177 180 181 183 184 186 187 
190 195 199 
65
1 2 3 5 8 11 14 17 20 23 25 28 
30 31 32 34 37 38 47 49 50 53 58 59 
62 65 83 84 86 89 90 91 95 96 97 99 
100 102 109 118 121 124 131 133 134 137 138 142 
146 148 152 153 156 162 169 171 177 180 182 189 
190 192 195 196 198 
61
2 11 19 20 23 25 26 27 28 35 38 42 
44 47 48 51 58 59 61 64 71 74 79 81 
83 85 87 89 92 99 101 103 104 107 113 115 
116 118 135 139 140 142 146 149 154 156 159 161 
162 163 165 167 169 171 172 173 175 182 183 185 
193 
77
3 6 7 11 12 13 17 21 23 26 28 29 
30 31 35 41 42 44 48 50 52 54 55 56 
59 63 66 67 69 71 73 75 76 77 78 79 
82 83 87 95 96 98 107 108 109 114 120 123 
125 128 131 142 148 149 150 151 152 153 161 162 
166 168 169 170 171 172 174 178 179 180 183 185 
188 191 196 197 199 
59
13 18 19 24 26 27 39 40 45 46 49 52 
55 56 59 63 68 71 83 84 85 93 95 98 
99 104 106 111 112 116 117 129 130 131 132 133 
135 137 138 140 143 147 149 157 158 168 169 171 
172 174 179 183 184 186 195 196 198 199 200 
46
2 4 5 16 17 21 23 28 32 33 40 42 
43 54 56 59 64 66 68 88 92 96 99 100 
102 107 113 127 135 137 138 141 147 155 161 169 
174 178 180 181 183 184 185 189 190 194 
68
7 8 11 13 17 20 21 22 23 28 31 35 
38 40 48 49 50 51 52 61 64 66 69 72 
74 76 77 79 80 81 82 83 85 86 87 88 
95 97 99 103 113 115 121 123 125 126 133 136 
143 144 145 156 159 160 164 165 168 169 170 171 
175 181 182 184 196 197 199 200 
48
1 3 7 9 12 17 24 29 30 34 36 44 
51 56 57 58 59 67 70 72 76 95 97 101 
102 103 116 117 126 131 136 139 141 143 144 148 
152 157 162 167 173 179 182 191 194 197 199 200 
68
1 3 4 8 13 16 18 21 23 25 26 27 
33 35 36 39 44 45 46 48 54 55 58 60 
63 66 67 71 75 77 84 87 92 95 96 99 
100 103 104 107 110 114 115 118 119 122 124 125 
130 131 134 142 144 145 149 156 162 167 169 172 
175 178 179 191 194 195 197 198 
78
4 5 6 9 11 12 19 24 27 28 29 30 
31 32 34 37 39 40 41 43 44 45 49 50 
51 63 69 73 77 79 81 83 84 86 89 90 
92 94 95 98 103 106 111 118 120 123 124 125 
126 127 129 131 133 136 143 150 153 156 159 162 
166 167 169 170 175 176 181 182 183 189 191 193 
194 195 196 198 199 200 
59
1 3 9 11 24 29 32 35 38 39 42 47 
48 49 50 53 54 55 63 68 69 71 76 86 
89 90 91 95 101 105 107 108 111 116 118 120 
124 127 129 139 145 155 158 160 162 163 165 166 
170 171 176 177 178 185 186 187 190 193 200 
58
3 5 16 23 24 27 28 29 33 35 37 38 
40 41 45 49 51 52 55 57 66 67 68 70 
72 81 82 85 86 89 92 93 94 95 100 105 
112 113 116 122 123 124 126 141 146 150 151 153 
155 165 167 171 179 180 182 183 188 190 
53
1 4 7 12 13 14 15 19 21 22 29 43 
44 48 53 58 59 60 61 63 64 74 76 78 
98 108 110 116 117 119 121 129 130 131 138 140 
141 143 144 145 146 149 150 153 158 163 165 166 
181 182 191 193 197 
58
2 4 7 17 18 19 27 29 31 37 38 39 
40 41 42 48 57 63 64 67 70 71 75 83 
84 85 94 95 98 101 103 108 115 119 127 128 
135 137 139 140 143 147 155 157 159 165 176 178 
180 182 183 185 186 187 188 191 197 198 
60
1 2 3 8 10 12 15 19 33 41 42 47 
49 50 52 55 56 60 62 65 67 70 73 76 
77 80 83 88 91 93 94 101 103 106 128 129 
131 132 133 135 138 141 143 146 149 152 158 162 
164 166 167 168 171 176 177 178 180 188 189 191 
73
1 6 11 14 16 18 20 24 28 31 32 34 
37 38 39 40 41 42 46 50 51 53 55 56 
57 59 61 66 67 72 73 75 78 79 81 84 
86 90 94 96 101 110 114 121 122 125 126 127 
132 133 136 139 143 145 151 156 159 160 161 164 
165 167 169 170 173 175 178 180 181 186 194 196 
199 
58
2 3 4 13 21 26 30 31 36 40 42 44 
47 52 54 57 58 59 62 63 69 73 77 78 
79 89 92 98 101 105 106 111 115 119 120 121 
123 124 126 139 141 146 149 157 159 164 168 172 
173 176 178 181 185 186 191 195 196 200 
56
1 2 3 4 17 21 26 28 29 36 41 42 
43 52 54 55 56 60 64 65 67 70 75 78 
84 87 88 91 93 98 104 108 109 123 125 127 
132 134 136 145 146 149 150 161 163 165 166 168 
171 175 176 177 184 187 189 196 
57
1 2 9 13 18 22 23 25 28 29 34 37 
38 40 42 44 48 50 60 62 66 70 71 72 
74 75 77 80 81 84 86 92 93 95 101 103 
107 113 115 118 121 128 137 138 148 149 161 162 
166 167 171 179 184 191 195 197 198 
62
2 7 12 13 15 22 25 26 28 32 43 45 
47 57 58 61 62 64 65 67 69 73 74 79 
81 84 85 86 87 88 93 96 98 100 103 105 
108 109 113 118 122 125 128 136 143 144 149 156 
158 160 162 173 174 176 180 182 185 186 189 196 
197 200 
59
5 7 14 18 22 23 26 30 33 36 39 44 
46 49 52 54 58 61 62 76 80 82 88 95 
99 101 103 104 106 107 108 109 112 119 120 121 
123 126 128 129 136 139 140 141 145 146 148 149 
162 163 167 168 169 173 179 182 188 194 195 
61
2 3 6 8 9 12 14 15 21 24 25 29 
32 33 34 35 39 42 46 47 48 52 60 61 
62 63 64 66 67 70 72 73 74 80 91 95 
96 107 112 113 114 119 120 130 133 138 141 148 
154 169 171 173 178 179 180 181 188 189 193 194 
200 
50
8 13 14 18 23 25 29 32 34 45 46 48 
49 52 55 59 61 68 73 79 80 82 92 96 
105 108 114 126 132 135 139 142 143 146 147 152 
154 156 158 161 164 165 166 167 170 180 190 192 
196 199 
58
3 8 16 17 21 26 27 28 31 32 44 48 
55 57 62 68 69 70 74 75 79 80 84 86 
90 95 100 103 107 108 112 114 117 120 128 131 
132 135 137 150 151 153 155 161 166 169 170 174 
175 182 183 185 187 192 193 194 198 199 
77
4 5 10 11 15 17 22 24 28 33 34 36 
37 42 45 50 54 55 57 60 63 64 65 66 
68 69 70 79 81 84 90 91 94 96 100 102 
105 106 107 108 109 115 116 117 122 124 126 128 
130 131 134 137 140 141 143 145 146 149 153 154 
155 160 161 162 166 167 169 170 171 175 176 183 
189 191 193 197 200 
63
1 2 9 12 15 17 21 29 30 31 33 39 
42 43 44 50 52 60 61 64 65 69 71 75 
76 84 87 90 91 93 94 104 105 108 110 119 
121 122 124 125 126 129 131 136 138 140 141 142 
146 147 149 153 156 158 160 163 173 178 179 182 
185 193 199 
49
2 7 14 15 17 18 21 31 32 34 37 40 
43 52 53 54 56 58 63 65 71 79 84 85 
97 98 102 108 111 112 118 119 120 125 131 133 
141 144 165 166 167 171 174 177 189 190 192 196 
197 
63
1 4 5 9 10 27 34 35 36 43 51 53 
55 60 62 68 69 70 72 73 74 75 76 77 
82 84 85 89 91 92 98 103 108 111 112 116 
118 120 127 130 134 138 141 145 151 153 155 157 
158 162 165 166 167 170 176 177 179 181 183 185 
194 198 199 
65
1 3 5 9 11 12 14 22 28 33 36 38 
39 41 43 45 48 55 58 59 62 67 68 70 
72 73 75 76 79 82 84 93 96 97 98 99 
102 105 106 107 115 121 133 139 140 143 145 154 
157 160 163 164 165 171 173 175 176 177 179 184 
187 193 195 197 199 
60
2 3 6 8 11 15 18 20 21 22 28 29 
33 38 40 44 47 49 56 58 59 64 68 72 
76 77 79 90 91 98 99 101 103 105 107 111 
117 121 122 124 133 142 143 146 147 148 149 150 
154 155 157 161 168 173 184 188 190 191 197 198 
66
2 5 12 21 22 24 25 32 35 40 43 46 
48 53 63 65 66 67 68 69 74 76 77 80 
92 101 105 107 111 114 117 118 120 121 126 128 
130 132 137 139 140 143 145 154 161 162 163 165 
166 167 168 169 171 173 174 177 181 185 187 188 
191 192 196 197 198 199 
64
1 2 4 5 8 11 12 19 23 26 30 31 
32 33 36 39 42 43 50 51 53 59 67 69 
72 74 75 76 77 78 80 83 85 88 91 92 
96 100 101 103 113 114 116 119 121 122 139 144 
148 152 155 159 163 173 174 175 178 179 182 185 
191 198 199 200 
61
11 20 21 23 33 35 38 39 40 54 57 58 
61 62 73 78 79 80 83 85 88 97 98 100 
103 104 105 107 112 113 114 118 121 126 128 131 
132 134 135 136 139 140 154 155 165 167 168 169 
172 173 175 176 177 180 181 184 186 190 195 198 
200 
65
1 2 3 6 9 16 23 27 28 29 30 32 
35 38 39 43 44 46 49 51 55 66 71 75 
78 79 86 89 90 91 92 95 96 101 107 111 
112 113 114 118 120 127 128 132 133 141 142 149 
152 155 157 164 165 167 171 176 178 180 182 183 
185 190 193 194 198 
62
2 3 13 20 21 23 26 28 29 35 37 39 
40 50 54 55 56 57 65 67 69 75 76 83 
84 86 90 93 96 97 101 103 106 109 112 114 
120 121 125 128 133 141 144 145 146 148 149 153 
158 159 163 166 172 173 176 178 180 181 187 190 
191 194 
51
5 8 9 11 15 16 18 20 28 34 35 43 
44 46 47 54 60 62 66 70 79 80 82 91 
92 93 98 103 104 109 113 115 119 121 122 124 
128 129 136 138 139 150 152 154 155 160 165 175 
182 185 199 
58
6 13 16 20 24 30 32 33 34 37 40 42 
43 44 48 51 52 54 59 61 66 85 86 87 
94 96 98 102 104 106 108 112 114 119 125 129 
130 136 138 140 144 146 147 150 157 166 167 170 
174 178 180 181 183 187 188 193 194 200 
58
6 12 17 19 20 21 22 23 36 37 38 41 
43 45 46 48 56 59 62 66 70 75 76 77 
79 82 83 84 86 90 95 96 104 106 109 114 
119 129 131 132 133 137 144 146 147 149 152 155 
156 160 167 175 180 185 187 191 192 193 
67
1 6 7 15 18 19 23 25 28 38 39 41 
43 44 47 48 52 55 56 68 70 72 86 90 
92 95 100 101 103 107 109 113 117 118 121 122 
123 126 128 130 133 136 137 138 143 146 147 149 
152 153 155 157 158 160 161 165 170 171 174 175 
177 178 181 182 184 190 193 
64
4 5 8 19 20 22 24 25 31 33 36 37 
40 41 48 49 65 69 71 74 78 79 82 83 
84 87 91 95 97 99 101 103 104 106 110 112 
114 118 119 120 122 123 129 130 135 136 137 138 
141 147 165 167 168 170 174 177 178 180 181 184 
188 191 194 195 
60
2 9 10 11 13 14 21 25 26 30 32 34 
37 38 41 42 51 52 54 61 69 71 74 83 
86 89 91 98 101 102 108 109 110 113 114 116 
120 131 133 139 143 147 148 151 152 155 158 163 
165 172 173 178 180 184 187 190 193 196 198 200 
59
7 9 13 14 18 22 25 30 31 33 36 40 
41 53 54 57 58 59 72 76 83 84 85 96 
98 105 108 110 111 114 115 118 122 123 129 136 
137 138 140 144 145 147 148 151 152 153 155 156 
158 163 165 171 173 179 183 187 193 194 199 
70
1 2 3 5 8 12 13 18 19 22 30 31 
32 33 37 38 39 42 48 54 59 61 62 63 
64 67 68 73 75 76 80 81 84 86 87 89 
90 93 98 99 100 104 106 109 111 117 119 122 
127 128 130 133 135 143 144 149 151 153 157 164 
166 184 185 187 189 190 191 193 195 196 
51
1 2 9 12 17 20 23 25 30 35 36 38 
41 42 53 54 55 62 63 82 90 93 97 103 
109 111 114 116 121 122 125 127 132 133 134 136 
139 141 144 158 159 168 170 172 174 183 184 190 
193 194 197 
61
9 13 14 15 20 21 31 32 33 34 35 41 
42 54 56 57 58 59 62 63 65 67 71 73 
74 76 77 79 81 84 96 98 101 102 114 125 
127 135 136 141 143 149 153 157 158 162 168 170 
174 178 179 180 181 185 191 194 195 196 198 199 
200 
61
1 6 8 15 16 18 20 22 23 28 32 36 
37 38 45 49 50 51 56 63 68 71 73 76 
77 82 84 86 94 97 100 109 113 114 117 118 
121 123 128 129 132 138 143 144 145 149 157 158 
159 160 162 175 177 178 179 180 187 188 192 195 
198 
61
2 10 14 17 18 21 22 23 28 33 34 43 
48 56 58 59 64 66 69 73 79 80 86 87 
89 92 100 101 106 107 109 110 111 113 114 117 
121 127 133 135 138 141 144 150 151 155 158 162 
163 164 166 167 169 171 172 176 177 180 182 193 
198 
60
3 7 10 12 15 17 19 28 29 32 34 38 
44 48 50 52 56 57 59 62 65 66 69 72 
75 76 77 85 87 88 89 93 101 104 111 116 
119 123 125 132 135 139 142 144 147 148 152 153 
155 157 161 164 168 170 172 173 178 182 190 193 
72
1 4 10 12 14 16 17 19 25 29 33 36 
39 41 42 43 46 47 48 53 55 59 64 66 
68 71 74 76 78 80 87 88 89 96 102 103 
109 113 125 127 129 130 131 134 137 138 140 141 
142 143 144 145 146 147 148 150 151 152 153 156 
158 160 163 167 172 180 185 188 191 194 196 200 
58
4 6 8 12 15 30 32 36 37 38 39 42 
43 46 51 54 57 71 76 78 80 83 86 91 
97 106 111 112 113 114 115 117 118 120 125 132 
133 139 140 141 142 146 152 154 160 161 168 169 
171 173 174 175 176 179 188 189 197 198 
60
4 11 14 15 17 20 23 24 26 31 38 41 
46 49 51 54 60 66 68 71 72 76 78 86 
87 89 90 94 96 97 98 100 103 104 105 114 
115 119 122 129 136 140 145 152 155 156 158 164 
170 173 175 180 181 184 185 191 192 193 194 200 
61
3 6 8 9 14 16 18 19 22 29 32 39 
41 42 49 50 51 53 54 58 61 63 69 74 
76 77 84 89 100 102 103 107 108 109 110 115 
116 119 122 125 126 127 130 133 135 136 137 140 
145 153 158 161 175 177 178 183 190 194 196 197 
200 
49
2 3 9 18 19 20 23 24 26 27 29 35 
36 41 42 43 51 55 57 69 79 86 90 98 
106 109 110 114 117 125 127 130 132 141 143 144 
145 146 149 157 158 161 169 171 172 177 185 187 
195 
45
11 12 16 18 27 29 41 55 57 58 65 70 
75 81 82 84 91 92 93 95 97 100 106 107 
108 114 123 129 130 133 134 136 137 138 143 150 
151 152 153 171 174 176 177 185 196 
54
3 5 6 15 16 18 20 22 23 32 33 34 
36 37 46 57 60 61 63 66 68 73 75 76 
84 86 87 94 96 97 98 100 108 114 121 122 
129 132 133 139 141 147 152 155 157 162 164 169 
175 180 183 187 189 190 
59
1 2 5 6 7 12 16 17 27 32 33 34 
36 37 38 43 46 50 55 66 72 74 77 82 
85 89 94 97 99 103 105 107 108 113 119 125 
130 132 137 146 147 149 150 155 162 163 165 166 
167 171 175 178 180 183 187 194 195 197 198 
49
2 6 7 9 11 15 18 28 30 31 34 42 
43 46 47 48 51 53 55 60 61 65 76 77 
79 86 89 93 97 103 104 117 123 126 136 143 
155 159 163 164 166 168 170 172 173 185 187 189 
199 
58
1 4 6 9 12 15 16 21 25 28 29 30 
32 34 35 36 41 43 60 62 63 65 70 72 
75 80 81 82 84 87 88 91 97 99 101 102 
104 117 120 126 130 131 133 140 154 157 160 169 
172 177 178 182 185 188 189 190 194 195 
56
3 13 14 15 17 22 24 26 27 38 40 45 
46 54 57 60 64 69 74 83 84 85 88 94 
98 104 110 126 128 129 131 133 139 141 144 146 
152 153 156 158 159 160 161 162 164 166 170 173 
177 178 186 187 189 195 199 200 
57
2 7 12 13 16 17 21 22 31 32 33 35 
38 43 44 45 47 53 55 56 61 66 69 71 
77 80 85 90 96 97 100 101 102 103 113 114 
116 119 120 123 127 128 134 137 138 153 160 179 
180 181 185 186 188 190 191 193 199 
76
3 7 11 12 15 18 21 25 26 27 32 33 
44 48 49 58 59 61 62 63 64 65 66 70 
73 80 84 87 89 90 93 95 96 97 98 100 
101 102 108 111 112 113 115 116 118 119 125 129 
132 133 135 137 138 140 141 151 153 156 159 160 
165 166 167 170 171 172 178 179 182 186 187 189 
192 193 195 197 
41
4 6 16 18 22 27 35 41 55 57 74 81 
82 83 91 93 95 96 98 101 107 108 114 118 
127 137 143 149 152 153 156 164 168 173 174 178 
187 189 192 193 194 
56
1 6 8 12 16 29 31 33 35 36 42 45 
48 49 53 54 58 59 61 63 67 68 72 73 
79 82 90 100 104 105 121 122 124 125 131 133 
136 142 146 147 149 161 162 165 166 170 171 173 
174 180 185 188 195 196 198 200 
52
5 6 12 26 30 31 39 40 41 48 58 60 
72 76 77 83 87 88 89 90 92 94 96 99 
102 103 105 106 112 114 129 130 131 132 133 142 
145 147 149 154 155 157 158 162 165 170 172 176 
179 185 186 187 
58
1 9 10 12 15 18 19 29 31 36 44 49 
50 58 62 66 67 69 70 74 80 81 83 86 
94 97 99 100 108 110 112 117 120 122 126 130 
132 135 136 138 141 143 148 150 152 154 158 159 
164 171 172 175 180 185 186 194 195 196 
68
2 3 5 9 11 12 15 22 26 27 32 34 
41 42 43 45 50 51 54 57 60 61 63 64 
66 68 69 74 78 79 83 86 91 95 96 107 
109 115 116 121 123 124 125 126 127 129 130 131 
140 141 151 152 161 165 166 169 170 172 173 176 
179 181 182 184 190 193 196 197 
50
9 10 16 19 22 23 31 34 43 45 50 52 
56 59 61 65 67 75 76 79 81 84 91 98 
110 118 119 122 123 124 125 128 130 132 137 138 
140 141 148 155 158 160 161 167 169 185 189 194 
195 197 
62
8 9 16 17 18 24 26 32 33 40 41 43 
50 55 59 64 67 71 73 78 79 83 84 85 
86 91 94 96 97 98 100 103 114 117 118 119 
120 124 126 127 131 143 145 146 152 161 166 169 
170 171 173 175 180 184 187 189 190 191 192 196 
197 200 
57
3 4 5 13 17 18 20 21 22 32 42 47 
49 50 51 52 54 56 59 63 74 84 86 94 
95 103 108 109 110 111 113 117 118 122 124 125 
126 129 130 133 136 138 139 145 147 149 152 155 
166 170 174 177 178 188 193 195 198 
55
5 6 20 28 29 33 34 35 36 40 43 44 
47 53 58 61 63 67 72 82 86 92 98 105 
106 108 110 116 117 119 124 126 130 131 134 135 
138 140 143 144 146 148 152 159 160 165 169 172 
175 179 183 188 193 196 200 
60
1 2 5 6 10 15 23 26 30 39 42 43 
53 55 56 59 66 67 71 72 79 81 88 89 
90 100 101 107 111 113 123 125 128 130 131 133 
135 136 138 139 141 142 143 146 149 155 159 161 
165 169 171 173 175 178 180 184 189 193 196 198 
58
1 4 7 8 11 21 22 26 27 28 31 32 
33 36 37 38 57 60 62 65 74 79 81 94 
96 99 100 102 106 110 119 120 121 124 125 132 
134 149 152 153 156 157 158 159 164 166 167 168 
177 179 181 183 187 189 194 195 196 197 
59
1 6 18 22 23 24 28 29 30 38 43 46 
48 50 54 55 58 59 62 65 69 75 88 89 
90 95 101 105 107 109 112 114 118 121 125 127 
131 133 138 139 142 146 152 154 155 156 157 158 
159 162 165 176 186 187 193 194 196 198 200 
68
1 2 5 6 8 12 16 23 24 27 31 34 
36 38 42 43 46 48 49 51 52 53 55 56 
57 64 65 71 75 78 79 83 85 86 89 92 
95 98 102 104 106 117 119 123 128 129 130 132 
136 137 144 148 151 153 161 162 163 164 166 167 
169 170 173 179 180 182 196 198 
69
8 9 10 11 18 19 22 23 24 26 31 33 
35 40 42 53 56 57 61 65 66 67 68 70 
73 74 75 77 78 81 82 87 88 91 92 94 
96 98 100 101 103 106 112 124 125 126 128 130 
134 136 139 145 146 156 160 161 164 166 171 172 
175 186 187 189 190 191 194 198 200 
54
3 7 10 12 21 26 28 29 42 43 51 52 
56 58 61 65 68 73 76 86 91 98 99 100 
108 109 110 113 119 121 122 128 129 132 136 137 
139 143 149 151 155 163 164 166 172 173 174 176 
177 178 181 189 195 200 
69
8 10 11 12 14 16 17 21 23 26 29 32 
33 36 37 38 39 44 46 55 56 57 58 61 
63 64 69 71 73 74 75 76 77 83 86 87 
89 90 93 101 105 109 110 113 119 122 123 125 
130 132 135 143 152 159 162 164 166 169 171 174 
176 179 184 188 192 193 195 199 200 
68
1 7 8 9 14 17 18 19 20 21 22 23 
24 32 42 43 44 50 51 58 60 61 65 67 
69 75 80 86 87 91 92 97 98 99 103 106 
107 111 119 121 122 130 131 133 134 135 136 146 
148 149 150 154 155 163 164 165 167 169 173 175 
177 178 180 190 192 195 197 199 
69
1 3 4 6 8 24 25 26 30 32 34 38 
40 43 44 45 46 48 49 50 52 58 64 67 
68 74 75 76 77 78 81 84 86 90 92 97 
105 115 116 119 124 133 142 144 145 148 150 154 
156 162 164 166 168 169 170 171 172 176 177 178 
186 188 189 190 193 194 196 197 199 
49
4 11 12 13 17 28 29 30 40 41 44 45 
46 48 49 51 54 60 64 70 72 78 79 91 
93 94 97 107 111 118 119 127 128 134 142 156 
165 166 168 169 173 178 181 183 184 189 191 195 
199 
56
1 5 9 17 23 24 27 29 30 31 38 39 
42 44 51 55 56 57 60 65 66 72 76 83 
87 95 97 102 103 104 109 111 112 115 122 127 
129 131 135 141 142 144 146 151 153 160 165 167 
170 172 175 176 178 180 182 200 
54
1 2 3 7 11 12 17 19 22 25 27 30 
31 32 45 48 53 59 60 65 71 76 79 81 
82 89 90 96 98 99 100 102 108 109 111 112 
113 135 138 141 147 151 157 160 163 166 167 174 
178 179 181 188 190 191 
52
3 4 5 6 10 12 13 20 24 26 29 31 
33 35 40 43 46 64 70 76 79 81 85 87 
101 103 107 124 125 130 132 133 144 146 147 149 
151 153 155 156 159 160 162 165 166 169 175 177 
187 188 195 196 
65
4 9 11 18 29 31 32 35 36 38 39 41 
47 51 52 57 59 71 73 74 77 78 80 81 
87 94 98 102 105 106 109 110 112 113 114 125 
127 130 132 133 134 135 141 142 143 145 147 148 
150 152 155 156 157 158 161 162 166 167 175 176 
179 189 193 194 195 
60
7 11 12 17 18 25 32 35 36 37 41 52 
53 55 56 60 65 67 71 73 75 85 88 89 
91 92 97 98 102 105 107 115 119 122 124 130 
135 142 144 145 146 154 155 163 164 165 167 169 
174 176 181 183 184 187 189 191 192 197 198 200 
62
1 2 4 7 10 11 15 16 18 24 27 32 
33 37 38 50 51 65 68 70 81 87 93 94 
95 97 100 103 104 108 109 111 117 119 125 126 
128 136 138 139 141 146 147 150 151 153 156 157 
158 160 162 170 174 176 177 181 184 191 193 194 
199 200 
65
2 3 4 6 7 15 18 22 24 31 32 34 
35 36 40 46 49 53 55 58 59 65 66 69 
71 73 75 76 79 84 87 88 90 91 93 97 
100 101 102 111 113 115 116 120 124 126 130 135 
140 142 149 151 152 158 167 169 171 174 176 177 
186 190 194 199 200 
61
12 13 14 22 24 26 27 31 33 34 37 41 
43 44 51 54 57 61 63 65 66 68 73 74 
76 79 80 83 85 86 87 96 97 99 105 106 
107 111 114 117 119 122 127 128 135 136 138 140 
141 142 144 146 147 154 155 161 168 170 184 187 
195 
61
3 12 18 19 21 25 30 38 40 49 50 51 
54 56 57 67 69 73 77 78 82 87 88 90 
94 97 100 101 104 107 108 109 114 116 118 122 
123 128 134 136 138 144 150 154 157 161 162 163 
165 169 170 171 177 178 183 184 185 190 191 196 
198 
67
1 6 10 23 24 25 26 31 33 36 37 43 
44 46 47 52 54 55 56 61 63 65 71 72 
75 78 81 85 88 93 94 95 97 98 100 102 
105 106 111 113 118 121 132 133 134 136 148 151 
152 155 157 158 162 163 168 171 172 174 175 176 
178 182 186 191 192 196 199 
61
9 15 17 18 24 25 35 36 40 41 45 55 
57 58 66 67 72 74 75 77 79 80 85 89 
93 95 96 97 99 101 105 107 108 111 114 115 
117 120 124 127 129 130 135 142 149 152 153 154 
155 163 164 166 168 169 176 179 180 184 193 194 
198 
63
3 4 5 9 12 13 26 28 29 30 31 32 
34 36 37 38 40 43 47 50 61 63 66 69 
70 73 75 76 78 87 94 95 101 103 104 105 
111 112 113 115 118 124 125 126 128 136 138 147 
149 153 156 158 160 161 169 177 179 181 183 184 
190 196 199 
53
17 18 24 26 28 30 33 37 38 40 42 46 
48 52 53 57 60 64 68 73 77 79 81 82 
89 90 94 103 105 110 114 115 117 128 131 132 
138 141 147 148 154 161 166 171 175 178 179 183 
186 195 198 199 200 
62
2 4 5 6 7 8 10 11 17 21 23 31 
35 40 45 46 47 55 58 59 60 61 64 65 
68 76 79 80 82 84 89 91 98 99 101 106 
109 110 115 119 120 125 131 133 138 139 141 142 
147 148 153 154 157 163 175 180 186 190 192 195 
197 199 
65
4 9 10 19 20 23 28 30 35 37 38 40 
41 47 49 50 51 52 53 57 58 59 60 63 
79 81 84 85 86 89 92 98 99 100 101 109 
114 115 118 122 125 128 129 137 140 141 142 144 
145 150 161 164 169 170 171 173 174 176 177 182 
184 187 188 196 199 
51
6 10 12 16 19 28 31 36 39 46 48 49 
58 60 63 71 72 95 98 99 100 102 112 113 
114 115 124 125 126 128 129 136 141 143 144 148 
151 153 154 159 162 164 168 176 177 180 182 187 
192 195 198 
60
8 9 19 21 28 29 34 37 41 43 44 45 
46 49 53 56 61 64 66 70 72 73 77 79 
83 89 94 96 103 109 110 112 117 119 120 121 
122 124 125 131 137 140 142 147 151 153 154 157 
160 162 163 166 169 175 179 183 186 188 198 199 
62
1 3 4 7 17 20 24 25 28 31 34 35 
36 41 51 53 54 56 58 60 61 64 80 83 
92 96 97 99 104 105 106 107 111 116 117 118 
122 123 129 130 132 135 136 137 139 140 141 147 
151 152 153 161 166 169 170 176 180 183 188 192 
196 198 
70
1 3 9 12 14 16 17 20 21 22 23 25 
26 27 38 40 45 46 47 57 58 66 71 72 
74 77 79 80 84 87 93 100 101 102 105 109 
114 115 116 117 118 119 120 122 129 133 134 137 
145 147 151 154 158 160 161 163 164 166 167 169 
171 172 178 179 180 184 185 186 195 199 
49
4 5 6 9 12 15 19 24 28 32 33 36 
42 43 45 46 48 56 60 61 72 75 76 86 
88 93 108 110 111 112 115 119 125 128 132 136 
141 143 144 150 153 160 164 168 176 188 190 198 
199 
51
4 7 14 18 19 29 31 33 36 42 44 46 
47 48 49 61 62 63 78 84 89 94 97 99 
103 108 110 114 115 125 127 129 135 139 142 148 
149 152 154 155 161 163 164 166 182 187 188 190 
195 197 200 
55
2 13 14 15 31 34 36 38 43 48 52 59 
61 62 63 67 71 81 82 85 87 93 98 99 
101 103 107 108 111 120 122 123 128 129 130 131 
134 138 142 145 148 149 152 157 158 160 164 165 
168 178 180 181 184 187 193 
50
1 6 8 9 11 13 33 36 42 45 49 52 
54 57 58 63 64 66 67 70 74 79 82 84 
87 88 91 95 104 106 114 115 119 123 126 130 
146 152 153 156 157 158 159 170 181 186 188 195 
198 200 
66
3 5 7 14 18 19 21 28 33 42 43 46 
48 52 59 62 63 64 65 69 70 71 74 79 
80 81 86 87 88 92 99 100 101 107 111 112 
114 117 125 127 129 134 137 139 145 154 158 161 
162 164 166 170 171 172 174 181 182 183 187 188 
189 191 193 194 195 200 
63
2 4 11 16 18 22 28 33 34 36 38 39 
40 41 45 49 53 54 55 56 61 64 65 74 
75 77 81 90 92 93 94 96 97 99 100 101 
102 114 118 129 138 139 140 147 151 152 154 155 
156 160 164 165 170 172 173 174 175 176 179 181 
184 196 199 
46
8 11 14 15 25 37 39 45 46 50 51 56 
59 64 66 73 77 81 84 85 90 99 101 104 
105 109 116 117 122 125 127 128 130 132 133 134 
139 146 156 157 169 170 171 183 192 194 
47
4 5 8 15 28 31 33 35 37 39 41 48 
49 54 56 60 61 62 69 74 76 79 81 84 
87 91 103 104 105 106 108 114 120 126 146 149 
157 166 171 174 188 191 192 196 197 199 200 
63
1 2 4 6 8 11 12 16 17 28 31 34 
35 38 39 40 47 53 57 58 63 65 66 72 
73 74 84 87 99 100 101 106 107 109 113 116 
117 120 122 123 124 129 130 131 132 133 137 146 
147 155 158 160 163 165 171 174 177 178 179 183 
184 185 196 
66
1 4 6 7 8 10 16 18 20 22 24 35 
36 37 38 39 40 45 52 54 56 61 62 66 
68 69 75 81 83 85 87 88 90 91 94 95 
97 103 105 108 110 111 114 123 130 132 135 137 
143 146 149 150 152 153 156 157 163 167 169 177 
182 183 186 192 193 199 
54
3 7 12 15 18 19 21 26 27 29 35 36 
42 43 62 64 68 69 70 76 85 87 91 95 
96 98 103 112 115 117 119 124 132 133 136 139 
140 143 147 149 150 151 153 154 156 161 166 167 
173 175 176 186 195 198 
71
2 3 4 13 16 18 27 28 29 32 41 47 
50 55 56 58 60 63 64 65 72 73 76 78 
83 86 87 89 91 93 97 98 99 105 114 115 
118 126 128 129 130 131 132 134 136 141 143 147 
148 150 153 154 155 157 158 164 166 173 178 181 
184 185 186 187 188 190 191 192 194 198 200 
64
4 6 15 20 24 30 37 40 42 44 49 50 
60 62 69 70 72 74 76 88 96 98 100 103 
106 107 108 113 114 115 116 117 121 122 123 126 
129 136 137 140 143 144 145 146 148 150 154 157 
158 160 162 168 177 180 182 183 184 185 186 187 
188 191 193 198 
66
4 7 9 10 12 14 15 19 24 26 29 30 
32 33 34 35 36 39 42 47 48 49 55 59 
61 63 64 66 71 72 74 75 80 81 89 94 
108 109 111 115 118 119 121 126 127 133 136 139 
140 155 156 157 164 166 167 171 172 176 177 179 
180 190 192 196 197 198 
54
7 10 16 17 35 36 48 49 50 52 55 56 
57 60 65 70 75 76 78 79 80 88 89 93 
95 96 97 108 110 120 123 125 127 128 130 136 
142 144 146 151 154 157 166 168 169 170 171 176 
177 182 187 188 189 197 
