50 75
1 1 1 1 1 1 1 1 1 1 1 1 
1 1 1 1 1 1 1 1 1 1 1 1 
1 1 1 1 1 1 1 1 1 1 1 1 
1 1 1 1 1 1 1 1 1 1 1 1 
1 1 1 1 1 1 1 1 1 1 1 1 
1 1 1 1 1 1 1 1 1 1 1 1 
1 1 1 
26
6 10 12 13 14 15 16 17 19 22 24 28 
30 31 37 38 47 51 53 59 61 62 63 68 
74 75 
30
1 8 10 12 14 16 17 18 21 24 30 32 
41 46 48 50 51 54 55 56 58 62 66 67 
68 69 72 73 74 75 
20
3 6 8 10 15 17 18 19 20 27 29 37 
51 53 55 56 60 63 68 71 
20
2 3 9 17 19 23 26 31 32 42 43 46 
47 53 54 56 67 69 72 73 
15
4 7 9 12 15 17 21 25 34 50 52 54 
71 74 75 
28
4 5 7 8 9 13 14 17 19 21 23 28 
29 33 34 38 41 44 49 51 61 63 64 66 
67 68 72 75 
20
1 6 9 10 11 12 18 20 30 31 32 33 
34 36 37 38 46 54 58 71 
29
3 4 5 7 9 19 20 21 24 29 31 34 
35 39 43 44 49 50 52 54 55 56 58 63 
64 66 71 74 75 
19
1 2 4 5 8 14 16 20 25 31 41 45 
52 54 57 58 65 66 70 
24
7 10 11 12 13 15 19 21 24 26 32 34 
36 38 44 45 48 55 59 60 65 67 70 73 
15
11 22 23 25 27 31 36 40 44 45 52 53 
54 64 74 
23
1 2 4 6 10 11 15 16 19 28 30 31 
33 44 47 52 53 62 67 68 73 74 75 
16
16 21 23 25 26 34 36 47 49 50 58 60 
65 69 70 72 
24
9 13 14 15 16 23 27 31 35 36 37 39 
40 43 51 52 56 62 65 68 71 72 73 75 
29
1 3 6 7 10 16 22 26 29 30 31 32 
33 34 35 37 38 39 40 43 47 62 63 64 
65 68 69 71 74 
25
1 2 5 8 10 11 12 13 17 19 21 24 
32 34 37 43 44 45 46 55 58 62 64 66 
71 
25
6 8 16 17 22 24 27 28 30 33 46 48 
49 50 52 56 58 61 63 66 67 68 69 73 
75 
31
2 3 4 5 9 13 19 24 31 32 33 35 
37 39 40 41 46 47 50 52 54 58 61 62 
64 66 67 68 69 70 73 
19
2 4 8 21 24 29 30 37 39 41 42 43 
47 51 56 59 62 73 75 
21
1 2 6 7 8 15 17 19 20 22 26 30 
31 44 48 49 53 54 55 56 70 
20
3 5 7 15 19 21 23 27 33 35 38 46 
51 54 55 61 63 64 73 74 
25
5 6 9 10 11 12 14 16 18 22 25 26 
30 34 36 37 38 39 42 45 46 52 53 59 
73 
24
3 6 11 12 14 16 19 24 27 30 31 36 
37 38 39 48 50 54 55 59 61 65 66 74 
21
1 5 6 8 13 14 18 20 21 27 30 32 
33 35 41 42 52 57 64 66 71 
18
4 7 8 11 19 21 23 26 29 42 48 56 
58 59 62 64 72 74 
15
5 14 15 17 22 25 35 54 55 57 58 64 
68 70 71 
21
3 11 14 15 24 25 26 29 32 35 36 44 
46 47 51 52 55 60 62 64 66 
19
7 12 15 16 29 30 31 35 39 45 48 52 
54 55 57 63 64 69 70 
16
3 7 8 16 17 18 27 28 37 45 48 54 
57 64 67 69 
28
2 7 9 10 11 13 17 22 26 27 30 31 
34 36 37 40 44 47 50 52 53 56 58 59 
62 63 64 66 
31
2 3 4 5 10 14 17 18 20 21 22 23 
24 25 26 30 33 37 45 46 47 48 49 50 
56 58 59 64 67 70 74 
22
3 8 10 11 13 14 16 22 23 33 36 38 
39 40 46 50 53 54 59 65 66 73 
21
1 14 18 19 20 23 24 25 33 34 35 37 
38 39 40 44 53 54 59 61 70 
22
4 6 11 12 18 23 33 36 37 46 48 52 
54 55 58 59 63 66 68 69 73 74 
20
3 6 10 12 13 15 16 21 25 26 28 29 
48 51 52 59 63 66 69 73 
19
2 3 8 10 13 15 20 21 23 33 38 42 
43 45 50 52 57 59 75 
31
2 3 4 5 6 8 11 13 15 19 21 23 
25 27 28 32 37 40 41 43 45 51 53 54 
60 63 65 67 71 74 75 
19
2 3 5 15 24 26 29 33 35 45 47 49 
52 58 61 67 71 72 75 
27
2 4 5 10 12 18 19 22 24 25 28 32 
33 40 43 46 47 49 50 54 55 62 65 69 
70 72 74 
22
4 14 16 17 23 25 30 33 34 41 46 48 
49 50 55 62 63 67 68 70 71 72 
26
2 3 5 10 13 14 15 20 28 33 34 38 
40 42 43 45 53 55 60 62 63 67 68 69 
70 72 
20
6 11 12 14 20 23 33 39 40 41 45 53 
54 63 64 65 67 70 71 75 
22
1 4 10 16 19 21 22 25 29 30 31 32 
34 37 40 42 45 49 52 60 64 65 
25
2 4 5 8 12 13 18 27 29 31 32 35 
37 39 41 45 46 48 49 50 55 58 66 73 
74 
27
1 3 4 8 9 11 12 15 20 25 26 28 
30 33 42 43 45 46 51 56 57 58 59 60 
62 63 66 
24
1 6 7 8 9 14 16 19 23 24 34 35 
37 39 41 43 44 47 48 51 53 61 63 72 
24
1 5 7 12 14 16 20 21 24 25 28 29 
32 37 39 44 50 51 52 59 60 66 69 73 
21
2 5 8 9 12 16 20 21 22 23 31 41 
42 55 57 62 64 69 70 71 72 
28
1 3 5 6 7 17 18 19 20 21 22 25 
26 27 28 38 40 42 48 50 52 64 66 69 
70 71 73 75 
25
9 13 15 16 17 19 21 22 23 34 36 38 
40 43 48 55 59 62 63 64 65 67 72 74 
75 
