50 75
1 1 1 1 1 1 1 1 1 1 1 1 
1 1 1 1 1 1 1 1 1 1 1 1 
1 1 1 1 1 1 1 1 1 1 1 1 
1 1 1 1 1 1 1 1 1 1 1 1 
1 1 1 1 1 1 1 1 1 1 1 1 
1 1 1 1 1 1 1 1 1 1 1 1 
1 1 1 
26
1 3 4 5 8 16 18 19 20 25 30 31 
32 33 44 47 51 52 57 58 60 63 72 73 
74 75 
27
2 4 6 8 10 11 12 16 23 24 26 27 
30 31 35 40 42 45 46 52 53 57 58 61 
65 69 70 
25
5 6 7 8 9 12 15 19 20 23 24 27 
28 30 34 36 38 41 42 48 53 54 57 64 
67 
19
3 10 11 18 21 22 25 28 31 34 40 41 
46 49 50 56 65 67 70 
17
3 6 10 15 26 31 39 41 44 48 55 57 
58 63 66 68 75 
14
4 5 7 15 19 20 35 36 38 42 56 67 
69 71 
23
8 11 14 15 22 23 25 30 36 37 38 42 
45 48 56 57 59 65 66 70 71 74 75 
23
2 4 5 6 11 12 13 14 21 23 25 32 
41 44 47 49 51 53 61 65 71 72 73 
23
2 4 5 6 8 13 21 24 28 36 38 41 
42 46 52 53 55 57 61 66 72 74 75 
23
3 4 6 8 9 10 12 13 14 16 17 25 
34 42 44 52 54 56 57 63 68 72 74 
18
12 15 24 27 33 37 40 49 52 54 58 59 
62 63 64 66 70 73 
20
2 3 4 5 7 8 15 16 19 22 29 31 
42 49 53 58 62 63 66 72 
25
6 7 8 9 10 13 22 23 28 37 41 43 
45 47 48 50 55 57 61 62 64 65 66 68 
73 
28
1 4 6 10 11 13 14 15 16 17 21 30 
38 40 46 48 50 52 56 60 61 62 65 68 
69 71 72 74 
25
2 4 6 9 13 14 18 20 24 27 31 32 
33 34 35 36 46 53 59 61 66 68 72 73 
75 
19
3 7 9 10 27 30 32 39 40 42 44 46 
54 61 63 66 68 70 75 
22
1 5 8 11 12 17 19 26 27 32 35 44 
49 50 51 54 56 58 63 65 69 70 
23
1 4 5 6 7 8 11 12 13 17 20 24 
33 37 39 44 46 47 49 50 58 72 73 
24
1 6 8 14 15 16 17 19 20 22 25 27 
28 30 36 39 42 43 52 59 62 69 72 74 
22
2 5 6 7 10 13 15 16 35 36 37 40 
45 47 52 56 57 58 64 67 68 74 
20
4 5 9 13 14 15 17 28 34 41 42 43 
46 47 51 58 64 65 67 73 
14
1 11 12 14 18 22 23 25 33 40 50 61 
64 70 
26
1 5 7 8 9 10 11 12 14 19 24 25 
29 31 36 37 39 46 49 50 52 57 58 67 
74 75 
19
6 7 8 11 13 21 22 28 29 39 40 50 
51 52 56 58 60 62 70 
21
3 5 6 14 16 19 26 28 29 35 36 37 
39 44 48 49 64 67 68 69 75 
25
1 2 3 5 7 8 9 13 15 16 22 23 
27 30 32 34 36 42 46 49 52 54 55 56 
72 
18
1 2 5 7 19 23 30 31 39 43 47 59 
60 61 68 70 73 75 
23
1 2 5 6 8 14 15 16 17 19 22 24 
30 37 39 45 48 49 56 67 68 71 73 
27
2 3 5 13 17 20 23 24 27 28 30 33 
37 39 42 44 51 54 55 56 60 61 64 67 
69 72 74 
20
3 6 7 12 19 24 26 29 31 42 45 46 
52 55 65 67 68 69 73 74 
21
1 3 5 8 9 10 16 17 19 25 29 32 
34 37 45 53 63 66 67 71 75 
22
5 7 12 13 17 20 22 26 27 39 44 47 
50 58 59 60 61 62 67 69 72 75 
25
2 5 7 13 14 15 16 17 23 24 28 32 
33 36 37 43 45 46 48 50 51 63 66 68 
72 
22
1 2 10 11 12 14 15 19 20 22 28 29 
30 35 36 42 48 55 62 69 71 72 
19
2 4 10 11 17 20 29 32 37 39 43 47 
53 56 60 66 67 69 75 
25
1 6 8 11 14 16 22 34 35 36 37 38 
39 46 49 50 51 53 57 58 60 65 68 70 
71 
20
3 4 6 7 10 12 14 19 29 34 38 39 
45 47 58 59 63 68 69 71 
22
8 12 14 16 20 22 31 32 37 39 43 45 
48 51 52 56 60 62 71 72 73 75 
14
2 17 23 26 35 42 44 48 49 63 65 69 
73 74 
28
3 4 10 11 15 17 22 24 25 27 31 34 
35 38 39 40 46 48 49 50 53 55 64 67 
70 72 74 75 
23
3 6 7 11 21 27 30 31 32 34 37 38 
40 44 48 51 52 55 61 63 71 72 75 
16
7 8 17 18 25 27 36 38 41 42 45 47 
50 52 67 68 
19
1 2 5 8 19 20 21 23 25 27 28 40 
43 46 51 63 68 73 74 
19
7 13 18 22 30 31 33 37 41 46 53 57 
59 63 64 65 66 68 70 
25
2 16 17 18 23 29 32 35 37 39 44 45 
46 50 52 53 57 59 60 67 69 70 71 72 
73 
17
1 7 8 14 20 24 35 44 53 56 57 58 
64 67 70 73 74 
21
7 11 15 16 17 23 25 29 30 31 33 39 
47 50 56 58 59 61 62 64 71 
25
4 5 12 18 19 23 25 26 29 32 33 35 
36 38 46 52 55 56 57 61 64 65 66 69 
75 
24
1 2 9 10 13 16 17 23 25 27 30 31 
39 45 46 47 49 50 52 54 60 69 72 73 
22
2 3 5 16 19 21 23 24 26 31 32 34 
37 44 47 50 51 62 64 68 69 74 
