50 75
1 1 1 1 1 1 1 1 1 1 1 1 
1 1 1 1 1 1 1 1 1 1 1 1 
1 1 1 1 1 1 1 1 1 1 1 1 
1 1 1 1 1 1 1 1 1 1 1 1 
1 1 1 1 1 1 1 1 1 1 1 1 
1 1 1 1 1 1 1 1 1 1 1 1 
1 1 1 
24
1 6 8 9 11 13 14 15 18 20 21 26 
31 45 46 47 48 50 51 53 54 66 67 69 
20
1 6 12 17 23 27 37 38 39 42 45 48 
51 52 54 55 56 58 63 65 
21
5 7 10 11 18 19 20 24 25 30 36 42 
47 48 56 59 60 61 63 64 68 
31
1 2 4 7 9 16 17 22 28 30 34 37 
39 41 42 43 50 52 53 54 55 56 57 59 
64 67 68 72 73 74 75 
19
4 10 13 16 25 35 36 40 48 50 53 54 
59 60 63 67 69 70 73 
23
1 4 7 10 19 27 30 32 37 44 45 47 
49 52 55 56 61 68 69 71 72 73 74 
21
2 5 6 7 8 9 10 23 27 31 32 35 
40 45 55 58 59 63 64 66 74 
22
5 6 7 9 12 16 17 21 24 25 26 36 
40 41 42 43 53 55 59 60 65 72 
25
4 12 14 15 16 17 18 25 27 31 32 36 
40 49 50 53 56 59 60 61 62 63 69 71 
73 
24
1 8 10 11 14 16 19 24 25 28 30 33 
38 40 43 46 48 55 56 58 59 67 68 72 
31
2 3 4 8 10 12 17 19 21 22 27 28 
32 34 35 38 39 40 45 47 51 52 53 57 
61 64 67 68 69 70 74 
14
2 3 5 15 16 24 25 34 42 48 52 59 
61 69 
15
1 14 20 26 30 39 44 46 48 50 52 56 
57 59 75 
26
1 2 3 5 11 19 20 31 32 33 34 36 
38 39 41 42 47 50 51 56 61 63 65 66 
67 70 
21
7 9 11 13 16 17 22 23 30 32 38 39 
45 47 49 55 60 62 67 70 71 
31
1 2 6 7 8 11 13 18 22 25 29 30 
33 34 36 37 41 43 44 49 50 53 59 61 
67 68 69 71 72 73 75 
25
3 6 8 10 16 17 22 24 28 34 35 36 
37 38 43 46 49 50 51 54 55 57 62 67 
73 
16
1 9 11 15 26 32 33 41 47 48 53 59 
66 67 69 70 
27
5 7 8 12 15 18 22 23 24 26 29 31 
33 34 35 37 38 42 43 46 52 53 55 63 
64 72 74 
21
6 8 9 17 25 26 28 29 32 33 35 36 
41 46 50 58 59 62 67 68 74 
26
6 9 14 16 18 19 20 22 23 26 28 29 
30 36 37 38 43 46 51 52 56 60 67 69 
72 73 
20
1 3 4 5 9 10 14 19 22 28 30 31 
33 37 41 49 55 59 65 67 
22
1 6 7 9 10 11 16 19 29 32 35 39 
42 43 44 47 54 59 65 67 68 74 
24
2 10 28 30 31 33 34 37 38 40 42 43 
44 48 53 54 55 56 58 60 62 64 65 68 
19
1 7 11 19 23 31 43 46 47 48 49 51 
52 58 60 66 71 72 73 
23
2 5 7 15 20 21 24 25 29 31 32 33 
35 37 43 45 54 55 56 64 66 68 74 
22
4 6 8 17 22 23 24 28 30 32 35 36 
39 41 43 45 51 54 68 69 70 71 
17
1 3 5 7 9 13 25 26 35 37 41 44 
46 48 53 59 65 
17
3 4 5 13 14 19 22 27 32 33 35 37 
41 56 67 68 75 
17
2 18 20 22 24 25 30 35 40 41 42 45 
55 61 67 70 73 
18
2 10 12 14 15 18 25 27 30 38 44 47 
64 65 68 69 72 73 
21
2 18 20 21 22 30 32 35 39 41 42 47 
48 51 53 54 57 61 64 66 71 
23
1 2 5 6 7 11 15 16 18 20 21 27 
35 38 43 46 49 53 54 55 56 60 66 
17
6 14 16 19 31 36 44 46 48 49 50 52 
54 61 62 65 68 
22
2 5 6 10 14 21 24 34 37 38 39 41 
47 48 49 55 56 58 63 66 72 73 
19
4 6 7 12 14 15 21 27 29 31 35 37 
41 42 44 54 57 61 64 
28
4 7 8 9 10 13 15 17 18 19 22 24 
25 28 30 37 38 43 44 50 60 61 63 65 
66 67 69 71 
25
2 3 5 6 9 12 14 21 25 29 32 35 
37 39 41 43 47 48 49 55 59 60 64 69 
71 
18
2 9 15 18 20 23 24 26 27 34 37 46 
48 56 58 69 71 75 
29
6 7 9 12 17 18 21 23 24 27 28 30 
31 32 33 35 37 38 48 50 51 55 59 60 
63 68 69 71 75 
22
2 8 13 16 19 20 21 22 23 24 29 31 
35 45 46 48 50 54 56 61 68 75 
23
3 7 13 17 20 21 28 31 32 34 36 37 
40 43 46 47 58 59 60 66 67 69 73 
26
2 6 7 12 13 15 16 17 19 21 22 29 
32 48 49 50 51 53 56 59 60 62 63 65 
67 68 
16
5 7 15 20 21 23 38 39 41 42 46 51 
55 59 70 71 
33
2 8 10 12 14 15 16 20 21 22 24 25 
26 31 32 34 41 43 44 45 47 50 55 56 
59 62 63 67 68 70 72 73 74 
29
10 11 13 14 19 20 21 22 23 24 26 27 
32 35 36 43 44 46 47 49 56 60 61 62 
64 65 69 70 73 
21
4 12 15 16 19 24 27 29 33 39 44 51 
53 62 64 65 66 67 68 72 73 
26
1 3 6 7 8 9 14 16 17 18 21 25 
27 29 31 33 35 36 47 52 55 61 64 68 
70 75 
28
2 4 6 7 9 10 15 17 18 21 24 27 
36 38 39 43 44 46 47 50 54 59 60 66 
67 68 69 75 
25
1 3 5 6 8 9 12 13 35 40 42 45 
47 50 53 54 57 58 59 62 63 67 68 70 
74 
