200 400
1 1 1 1 1 1 1 1 1 1 1 1 
1 1 1 1 1 1 1 1 1 1 1 1 
1 1 1 1 1 1 1 1 1 1 1 1 
1 1 1 1 1 1 1 1 1 1 1 1 
1 1 1 1 1 1 1 1 1 1 1 1 
1 1 1 1 1 1 1 1 1 1 1 1 
1 1 1 1 1 1 1 1 1 1 1 1 
1 1 1 1 1 1 1 1 1 1 1 1 
1 1 1 1 1 1 1 1 1 1 1 1 
1 1 1 1 1 1 1 1 1 1 1 1 
1 1 1 1 1 1 1 1 1 1 1 1 
1 1 1 1 1 1 1 1 1 1 1 1 
1 1 1 1 1 1 1 1 1 1 1 1 
1 1 1 1 1 1 1 1 1 1 1 1 
1 1 1 1 1 1 1 1 1 1 1 1 
1 1 1 1 1 1 1 1 1 1 1 1 
1 1 1 1 1 1 1 1 1 1 1 1 
1 1 1 1 1 1 1 1 1 1 1 1 
1 1 1 1 1 1 1 1 1 1 1 1 
1 1 1 1 1 1 1 1 1 1 1 1 
1 1 1 1 1 1 1 1 1 1 1 1 
1 1 1 1 1 1 1 1 1 1 1 1 
1 1 1 1 1 1 1 1 1 1 1 1 
1 1 1 1 1 1 1 1 1 1 1 1 
1 1 1 1 1 1 1 1 1 1 1 1 
1 1 1 1 1 1 1 1 1 1 1 1 
1 1 1 1 1 1 1 1 1 1 1 1 
1 1 1 1 1 1 1 1 1 1 1 1 
1 1 1 1 1 1 1 1 1 1 1 1 
1 1 1 1 1 1 1 1 1 1 1 1 
1 1 1 1 1 1 1 1 1 1 1 1 
1 1 1 1 1 1 1 1 1 1 1 1 
1 1 1 1 1 1 1 1 1 1 1 1 
1 1 1 1 
41
3 5 7 15 24 32 54 55 57 66 70 82 
85 90 114 130 132 147 160 164 174 179 182 200 
210 212 216 217 226 235 236 291 293 297 345 352 
357 369 380 381 392 
43
21 37 53 64 67 84 85 89 96 97 117 122 
129 130 134 136 167 169 181 183 202 207 214 219 
222 227 233 235 252 275 283 290 307 310 315 330 
345 355 363 374 377 381 392 
47
1 8 11 38 43 52 58 65 71 74 75 76 
84 88 91 101 107 120 127 131 149 150 151 155 
166 174 185 186 191 193 212 217 235 240 250 264 
267 273 289 322 333 362 363 369 378 388 397 
38
14 27 30 34 43 54 67 81 89 103 128 134 
139 141 146 149 159 175 193 194 215 221 254 268 
275 284 285 306 310 323 332 334 345 364 365 372 
393 396 
44
3 32 55 65 68 73 75 79 99 110 114 122 
125 133 145 147 158 160 185 194 196 206 235 236 
241 263 271 274 284 293 307 308 310 311 331 336 
343 344 361 362 366 384 385 390 
38
14 25 32 41 46 52 57 66 78 101 108 116 
122 123 136 139 145 158 179 186 205 213 219 229 
233 237 239 282 290 298 301 304 310 312 313 331 
377 386 
36
19 46 65 69 72 73 81 84 99 106 114 122 
125 126 140 150 158 160 174 179 181 229 249 276 
285 286 288 290 300 302 308 336 346 377 389 399 
44
14 47 54 60 66 68 69 91 126 134 141 143 
161 168 176 186 203 207 220 221 230 233 234 238 
240 251 263 265 268 271 281 291 295 296 299 319 
322 324 325 333 335 346 351 365 
50
2 11 18 21 23 28 30 32 46 48 64 69 
77 91 95 105 115 133 141 144 157 162 175 179 
187 195 236 237 241 244 246 251 253 280 281 290 
299 301 303 305 307 308 320 342 352 353 373 377 
388 389 
38
13 15 28 33 39 52 53 61 66 72 90 97 
98 101 103 108 129 159 174 205 212 221 227 229 
238 240 241 243 248 271 297 303 322 339 354 358 
372 400 
40
1 5 17 23 25 44 46 49 54 65 68 77 
80 83 89 96 121 124 137 152 170 181 217 224 
226 241 242 249 277 285 289 307 308 329 334 356 
377 382 396 397 
50
6 21 32 34 42 47 55 62 65 66 70 78 
79 80 118 120 134 136 156 186 193 199 206 213 
233 235 241 244 245 253 275 280 285 292 311 314 
317 321 323 325 327 331 338 343 345 350 351 368 
377 387 
43
9 32 42 44 55 56 58 59 60 61 64 70 
85 94 101 102 105 115 119 131 146 158 163 184 
194 204 214 215 219 247 252 255 261 275 286 293 
315 326 328 345 361 376 397 
32
16 29 32 69 71 96 101 111 130 135 139 143 
150 179 197 210 218 222 227 255 257 287 294 306 
315 318 330 335 355 358 395 399 
33
13 14 27 76 85 111 113 144 146 165 177 183 
187 189 191 230 237 243 256 277 281 282 285 291 
307 313 322 329 331 338 346 360 365 
43
3 6 10 11 26 29 35 39 54 60 83 86 
93 100 102 104 117 118 119 121 153 182 185 188 
190 209 221 225 227 230 256 287 289 296 309 331 
344 346 352 371 372 384 399 
41
3 7 9 14 19 22 26 30 57 70 78 85 
90 97 109 110 111 129 138 166 173 177 210 224 
225 229 231 232 253 258 270 271 284 293 303 306 
333 344 350 353 389 
34
1 7 16 17 23 37 76 82 90 100 103 132 
147 165 170 171 180 189 205 218 225 243 266 268 
274 277 278 281 292 295 301 304 335 347 
41
8 32 41 44 81 88 91 95 99 118 122 130 
143 148 149 150 161 195 204 212 216 219 220 221 
231 236 238 240 250 253 255 264 277 287 299 301 
326 358 361 377 398 
42
1 2 5 6 20 22 30 40 45 46 51 64 
68 69 90 96 109 112 130 139 154 155 159 163 
166 185 193 204 210 216 223 228 235 236 242 248 
268 296 349 354 357 390 
42
4 6 17 23 32 36 40 47 49 68 71 91 
94 96 104 111 150 152 162 172 176 178 180 191 
195 213 217 222 226 228 229 269 276 291 293 302 
303 328 347 350 384 389 
44
7 11 22 34 36 60 61 63 70 72 78 80 
81 107 110 120 128 129 146 148 159 168 176 207 
217 221 232 235 238 245 249 254 272 284 285 295 
314 318 328 345 358 372 390 394 
44
19 21 38 69 73 74 76 88 95 99 102 115 
130 131 138 148 149 150 160 178 181 184 185 187 
210 221 225 233 256 258 269 312 316 335 344 346 
347 350 357 369 374 379 385 387 
36
3 23 28 34 47 60 64 66 75 78 94 102 
116 123 172 185 204 229 230 243 253 254 264 266 
268 272 280 305 321 338 345 351 352 356 363 384 
30
2 40 51 54 65 93 106 118 135 157 160 172 
179 180 203 216 246 248 299 309 319 328 354 363 
365 369 373 382 390 394 
43
8 15 17 32 45 53 58 106 108 112 116 122 
133 156 170 173 180 182 187 196 214 215 223 241 
252 262 272 280 283 284 289 303 308 311 320 327 
332 349 358 361 365 388 394 
40
1 23 38 41 54 62 64 65 86 92 95 98 
99 125 129 136 154 160 168 169 185 189 190 194 
219 220 224 225 233 235 266 281 317 324 326 336 
354 369 375 383 
45
14 44 50 53 58 67 74 77 82 90 98 103 
111 123 124 130 136 153 163 172 190 214 247 249 
262 263 265 275 278 289 297 299 304 305 310 312 
314 315 316 322 362 365 368 384 400 
35
2 4 11 14 22 23 25 27 43 44 50 67 
80 105 118 155 177 182 202 207 223 236 244 265 
281 282 287 291 311 317 334 345 356 397 399 
48
25 31 44 57 59 63 68 77 103 106 123 131 
143 156 162 165 168 181 192 193 195 197 202 208 
217 222 223 224 226 234 263 274 283 290 299 308 
323 327 342 355 360 363 367 371 385 391 395 399 
49
6 19 21 33 35 44 47 60 68 90 95 102 
140 155 156 167 181 190 199 231 234 235 236 251 
253 263 271 274 276 278 288 296 297 317 320 322 
331 335 340 344 345 348 362 368 369 371 375 379 
396 
49
15 23 24 28 34 44 45 50 57 58 60 75 
77 89 90 101 111 126 144 160 162 170 191 211 
212 216 228 232 233 253 259 262 273 280 291 303 
306 314 317 323 333 334 335 340 351 359 368 370 
393 
40
1 11 14 23 38 49 79 92 96 102 105 124 
128 135 137 143 149 160 162 178 199 209 210 211 
228 238 256 257 264 282 288 296 302 310 317 333 
359 386 389 391 
34
54 55 58 61 63 71 83 85 99 108 118 139 
148 150 155 156 160 162 168 175 197 206 227 275 
276 291 294 307 324 357 363 367 372 382 
27
1 12 20 27 33 41 44 45 53 73 92 122 
145 165 204 213 225 229 253 280 287 351 367 368 
387 394 399 
39
4 9 11 60 62 64 75 80 129 133 140 143 
152 155 156 162 167 168 169 174 190 191 193 210 
211 232 246 248 253 261 289 317 325 327 337 348 
357 366 384 
37
3 15 36 51 70 80 81 90 94 103 106 110 
113 115 130 143 160 164 195 204 206 207 256 260 
302 316 340 345 354 355 356 357 358 381 382 383 
391 
43
18 20 23 26 43 47 51 53 84 89 97 100 
106 111 115 154 155 156 174 183 186 193 197 210 
212 218 224 226 237 239 243 249 272 285 289 297 
306 320 342 356 376 382 391 
45
5 9 13 26 29 37 39 43 48 79 82 105 
122 127 142 144 147 153 159 161 163 180 181 184 
189 197 205 210 217 227 240 244 245 259 271 273 
277 287 326 332 334 336 369 376 388 
41
2 5 6 14 16 18 28 54 59 60 62 69 
73 101 102 113 125 144 146 151 159 167 188 209 
210 227 230 234 238 249 285 290 302 308 315 339 
341 345 363 377 399 
40
3 13 14 16 17 19 38 43 57 58 64 83 
84 88 90 91 100 155 156 180 182 186 194 212 
220 222 236 241 256 263 276 297 299 300 336 358 
359 378 381 384 
35
27 35 37 64 68 79 83 88 102 110 117 143 
171 188 211 216 227 231 236 247 295 309 339 340 
342 358 359 363 364 369 372 384 393 395 398 
47
6 7 8 58 59 67 68 69 75 86 89 90 
102 104 120 121 132 133 159 176 179 184 185 202 
204 219 226 229 234 270 276 278 285 286 293 316 
328 334 337 338 370 374 375 379 383 388 391 
38
5 17 39 44 48 50 59 67 87 96 103 134 
145 151 152 155 160 165 170 181 192 195 200 222 
224 239 260 280 282 296 309 313 322 353 361 393 
395 397 
41
18 22 27 62 64 89 93 107 126 129 133 144 
157 162 163 175 180 181 186 192 210 211 220 231 
241 255 260 261 289 290 295 298 299 308 313 349 
359 365 367 377 384 
39
16 29 40 50 71 85 87 97 98 106 118 123 
136 138 147 154 174 189 196 204 207 234 237 238 
259 261 271 278 279 292 303 305 306 317 347 353 
374 387 390 
46
12 27 29 30 47 56 61 68 78 79 86 98 
100 127 135 140 152 161 165 201 204 228 235 252 
263 266 272 283 285 298 301 309 336 340 341 342 
343 347 350 358 365 370 381 385 387 391 
45
2 20 23 34 36 49 58 74 96 117 128 142 
153 156 159 166 172 180 188 199 210 218 225 229 
232 234 243 247 249 278 281 285 288 292 295 305 
315 323 326 332 334 337 359 367 368 
40
6 9 18 25 45 80 91 92 114 132 139 141 
148 157 161 165 170 178 197 206 215 252 254 270 
287 292 294 322 330 334 339 346 368 373 378 381 
384 387 395 396 
41
2 10 35 37 54 67 68 76 87 106 107 115 
127 137 140 145 167 179 182 211 214 223 243 259 
266 272 274 277 284 294 298 300 301 318 322 328 
329 353 354 367 368 
32
10 13 28 56 61 63 64 68 76 80 90 117 
130 159 206 210 222 228 230 235 239 295 299 304 
306 311 353 355 364 374 379 395 
36
3 5 14 38 43 52 61 73 76 78 92 114 
119 121 125 133 159 165 167 197 206 215 224 227 
237 261 264 288 302 303 320 344 379 385 386 397 
44
2 15 21 25 26 32 38 44 50 61 67 75 
97 111 121 124 125 128 162 197 211 217 231 233 
251 262 267 270 271 274 282 288 297 299 303 312 
324 345 352 355 359 372 381 386 
44
1 8 13 14 22 26 46 64 71 88 99 108 
112 114 137 139 152 190 191 197 201 203 209 210 
230 245 247 249 260 268 270 271 284 286 299 303 
310 311 324 326 353 358 363 380 
40
4 19 26 54 65 69 71 81 83 86 89 91 
114 116 129 152 166 172 189 211 222 245 248 252 
254 258 275 278 282 289 293 298 320 325 341 346 
350 358 360 363 
33
1 9 23 26 27 30 32 56 77 83 85 89 
106 115 128 139 148 162 187 194 199 208 232 249 
253 260 275 302 312 314 324 370 388 
33
21 58 65 81 100 115 117 129 141 142 147 149 
154 160 163 203 223 249 262 264 270 271 308 309 
315 324 326 337 383 384 388 389 390 
27
32 37 42 59 94 98 114 118 135 138 155 167 
171 178 181 183 185 213 244 268 281 297 318 324 
365 386 388 
42
8 18 35 43 62 77 90 97 100 106 109 115 
131 133 155 165 166 176 188 194 199 209 210 215 
225 233 239 246 247 291 301 314 322 335 344 350 
362 363 376 394 396 399 
39
1 6 10 14 18 21 39 53 54 84 93 122 
123 139 146 149 154 165 177 181 191 214 215 219 
222 223 225 261 288 292 301 305 307 319 344 362 
382 389 390 
48
45 50 84 103 106 129 141 143 148 149 155 159 
160 166 170 177 178 182 203 204 205 216 217 221 
227 228 231 232 238 243 248 262 284 287 313 317 
320 324 332 341 349 357 374 375 376 385 391 396 
45
7 22 34 39 54 59 62 67 74 79 81 88 
89 92 100 101 105 110 117 123 125 155 161 193 
197 202 212 219 232 234 257 273 278 294 312 313 
316 318 320 325 364 372 377 388 393 
54
1 22 26 31 40 44 50 54 77 79 82 84 
99 102 106 113 126 136 148 155 156 157 162 167 
169 189 190 199 204 213 221 224 227 231 232 238 
241 243 254 268 274 296 303 307 340 343 347 352 
356 371 372 388 389 393 
40
23 30 42 48 51 74 85 103 105 106 113 128 
130 137 165 168 195 215 233 238 250 257 260 261 
269 275 278 279 299 307 310 312 331 345 357 367 
371 372 390 397 
43
4 20 37 44 49 53 58 69 95 104 114 121 
142 151 157 165 167 180 182 193 194 210 226 232 
241 248 250 269 274 282 292 294 296 326 332 336 
344 352 354 363 365 386 391 
30
11 19 39 98 101 122 134 149 154 156 175 182 
196 254 255 278 286 293 304 309 327 331 346 349 
356 371 376 381 386 393 
38
1 6 7 9 13 26 60 65 68 85 89 112 
124 134 140 149 161 164 169 186 218 234 250 257 
258 262 264 270 293 299 310 311 318 321 322 334 
346 375 
44
23 31 44 68 73 76 79 82 89 91 99 105 
114 140 151 157 161 163 169 195 202 210 211 226 
241 251 253 267 295 310 311 319 326 335 345 351 
358 359 360 366 377 380 385 395 
43
71 72 74 78 92 107 118 126 141 147 150 153 
156 168 169 171 174 189 204 226 235 241 250 268 
276 278 283 296 314 323 331 332 337 341 345 351 
362 367 368 377 386 387 392 
48
12 20 24 32 36 42 46 47 50 57 63 71 
74 86 88 94 99 103 109 130 133 149 157 164 
188 193 203 222 232 252 279 283 297 304 307 310 
314 315 321 322 343 351 361 385 388 394 395 400 
40
1 21 49 70 88 98 110 123 132 135 136 138 
139 152 159 163 167 178 181 217 231 252 256 257 
261 269 270 295 311 314 326 328 342 355 358 367 
372 374 384 388 
41
11 17 20 30 64 66 68 69 82 87 90 103 
115 126 137 139 143 147 155 164 172 197 214 220 
227 235 243 247 271 280 297 311 313 318 328 333 
357 358 370 388 389 
41
8 20 67 70 77 100 115 119 121 129 136 147 
162 182 185 187 195 204 220 229 235 246 255 276 
277 283 290 302 303 305 321 338 341 351 353 355 
368 385 386 392 396 
36
12 16 18 29 31 42 61 65 68 95 102 113 
120 121 139 149 157 158 164 198 229 233 236 243 
245 247 264 275 278 291 312 320 332 349 373 393 
47
4 11 26 33 35 61 62 64 65 70 72 84 
91 92 95 108 128 133 135 142 149 161 162 172 
174 175 183 184 185 190 204 226 230 237 239 252 
278 290 307 312 327 338 340 378 380 386 395 
40
3 5 17 22 39 43 53 56 58 81 102 105 
111 115 121 134 150 158 180 191 216 225 227 228 
257 277 279 283 288 311 316 317 322 334 360 361 
374 379 395 397 
44
4 5 8 10 13 26 55 80 87 93 104 107 
177 184 186 198 199 206 207 212 229 236 238 253 
254 258 267 275 286 290 292 305 309 310 313 314 
320 322 352 360 361 372 385 398 
37
3 22 24 43 58 62 76 102 110 129 156 163 
167 180 181 192 196 208 210 215 232 251 256 257 
261 265 267 273 274 285 294 298 308 321 323 346 
396 
49
8 19 24 25 31 35 40 59 63 66 73 91 
93 94 137 147 149 150 153 159 161 168 172 177 
179 181 189 193 200 209 232 239 267 269 283 285 
297 302 307 325 339 342 373 375 379 384 387 388 
392 
39
10 13 19 40 45 48 55 64 71 90 95 98 
122 130 180 193 204 205 208 214 217 221 240 258 
259 262 269 274 276 301 311 312 319 321 340 349 
365 386 393 
41
5 16 21 33 38 39 42 45 55 56 64 80 
95 98 108 114 120 127 128 137 139 148 170 181 
216 220 223 253 256 259 272 278 287 327 344 351 
353 368 382 387 396 
35
6 33 35 44 46 48 64 72 81 88 96 113 
117 128 131 138 152 162 173 191 201 213 221 238 
292 295 323 328 330 347 350 366 384 386 396 
50
7 11 24 41 48 57 63 65 68 70 88 91 
103 126 127 133 149 157 161 189 197 198 204 225 
235 239 241 248 251 259 261 292 293 294 299 302 
314 315 319 327 334 337 342 349 368 377 387 388 
389 391 
46
7 21 23 27 32 36 38 40 42 46 50 67 
82 116 118 120 132 139 148 149 156 160 168 169 
183 195 200 208 217 218 233 234 270 281 295 316 
323 356 360 362 366 375 380 386 388 399 
42
2 35 42 45 48 61 64 80 84 110 116 118 
122 161 165 172 196 197 199 203 210 223 245 254 
258 261 265 276 280 290 291 294 297 319 331 336 
341 355 362 385 386 397 
42
12 37 43 56 60 65 67 72 79 106 107 122 
137 140 151 161 167 171 173 174 192 201 202 203 
211 229 235 238 251 270 281 284 328 332 337 351 
359 365 381 384 386 388 
41
44 59 68 74 75 79 82 92 105 118 138 145 
152 159 160 211 212 213 228 229 238 244 255 272 
279 287 293 297 299 319 320 341 349 352 358 368 
371 376 377 390 392 
34
17 35 42 67 79 82 86 96 115 116 118 131 
134 159 169 173 180 196 205 220 221 237 245 266 
294 297 300 302 303 304 330 342 344 371 
39
7 9 27 30 33 36 41 46 55 62 113 129 
148 157 161 166 168 173 186 198 205 214 215 235 
247 249 250 252 253 257 264 306 323 329 369 373 
386 394 398 
36
28 50 60 77 79 84 120 126 127 130 135 145 
156 186 193 197 209 217 226 227 228 233 238 239 
240 257 262 333 339 342 344 361 363 368 378 384 
37
2 3 23 26 28 35 36 40 48 67 86 99 
108 119 149 150 165 174 186 215 226 256 278 285 
296 302 321 323 335 347 349 354 355 356 369 375 
380 
38
5 16 24 25 29 39 55 64 75 84 96 111 
115 124 126 140 142 145 161 169 181 193 214 229 
232 235 243 246 248 277 294 323 346 347 351 362 
393 398 
34
7 16 26 36 56 57 73 84 93 105 106 116 
118 155 166 167 200 241 242 251 252 288 309 339 
342 346 352 355 358 363 368 373 386 389 
48
8 15 27 46 54 74 79 88 93 102 104 108 
109 114 115 136 151 159 162 163 166 167 170 178 
206 222 226 228 231 232 244 256 265 268 272 283 
292 299 303 309 310 315 329 335 358 364 375 399 
36
2 19 33 53 54 55 58 68 79 82 103 109 
110 117 127 140 155 171 174 199 209 211 216 226 
230 280 307 309 311 321 336 343 364 369 371 379 
40
30 37 41 43 50 56 74 89 98 105 118 122 
136 154 157 172 176 188 195 206 217 220 221 242 
266 275 281 305 306 307 312 313 327 339 363 375 
393 395 398 400 
36
1 2 15 40 48 67 78 98 100 101 127 142 
151 156 170 180 193 195 200 209 217 237 239 250 
260 262 265 274 279 289 313 323 374 377 389 392 
48
5 12 18 21 33 41 49 54 62 63 66 69 
77 87 89 91 133 141 157 176 186 190 191 193 
194 210 216 225 237 239 242 250 263 274 276 279 
285 294 307 320 377 385 386 389 391 395 398 400 
39
1 3 7 11 13 16 32 56 70 90 93 104 
105 123 158 164 165 176 184 188 192 195 199 214 
216 228 233 235 252 255 268 293 305 310 316 331 
352 365 390 
46
1 6 9 34 41 43 61 71 88 94 122 125 
128 129 138 141 144 152 156 158 184 192 195 205 
206 225 236 264 269 274 275 278 300 309 314 319 
323 330 334 335 337 347 349 381 382 400 
51
1 4 19 30 33 36 48 54 59 65 72 79 
84 102 123 128 134 135 143 145 146 157 158 159 
176 179 190 191 196 205 213 242 271 273 275 284 
300 307 310 322 325 329 341 348 353 355 365 381 
386 392 398 
31
12 14 19 47 59 68 97 104 133 141 163 176 
186 190 203 206 212 213 215 217 242 260 270 272 
286 293 334 352 365 388 389 
25
4 19 20 46 68 106 114 128 173 176 195 217 
239 250 268 281 301 324 325 326 327 332 333 340 
344 
38
19 22 41 50 66 71 101 128 133 135 144 150 
154 166 174 179 182 201 206 209 217 218 220 222 
223 236 268 271 273 305 323 354 356 369 372 375 
384 391 
38
12 19 22 29 37 39 57 65 67 93 101 137 
139 156 194 209 214 230 239 245 247 254 256 257 
267 277 303 313 331 335 339 347 349 355 361 362 
367 385 
51
2 31 33 39 48 52 60 62 64 78 82 89 
101 109 111 115 122 130 133 134 137 142 143 147 
165 186 188 192 201 205 207 216 225 236 239 249 
262 270 271 277 288 292 302 326 334 357 365 368 
369 375 384 
41
1 8 12 19 23 59 64 65 75 77 78 81 
84 86 90 94 96 106 110 132 140 163 166 169 
178 189 191 204 242 279 280 292 317 329 338 353 
359 363 379 389 391 
44
8 9 10 13 17 32 39 45 56 62 72 84 
100 101 107 149 155 156 199 203 204 210 227 238 
239 242 243 244 247 251 255 268 281 293 298 300 
303 312 316 353 366 369 382 400 
36
36 39 42 48 78 103 106 107 109 116 117 122 
125 137 147 152 163 165 168 176 198 201 204 216 
228 235 240 246 247 298 309 311 321 322 353 386 
48
2 16 29 39 43 54 67 72 83 85 88 92 
101 105 108 110 116 120 141 146 149 152 164 172 
186 189 192 194 197 198 207 211 220 223 224 256 
272 278 320 340 342 348 359 367 369 376 386 398 
41
15 24 28 29 51 52 61 62 78 80 111 123 
143 156 157 159 161 168 170 180 185 186 195 214 
216 231 245 250 260 294 303 305 311 327 332 356 
358 372 377 387 388 
41
3 25 41 52 54 58 63 66 67 70 84 85 
93 104 121 133 150 155 164 175 186 207 220 226 
233 245 256 264 267 279 292 300 333 336 349 354 
367 368 384 392 394 
37
4 13 15 18 29 39 45 54 68 75 79 80 
82 94 102 107 117 145 148 150 154 192 226 233 
237 242 243 255 264 277 294 313 365 367 373 384 
393 
34
10 11 24 40 46 58 86 87 102 108 113 124 
125 137 142 148 179 189 196 200 204 226 252 263 
284 310 340 348 351 364 365 370 388 396 
32
8 17 21 41 42 71 93 95 130 146 150 158 
196 202 210 217 249 251 279 291 297 307 311 315 
321 329 340 348 376 384 388 394 
40
15 25 32 51 57 69 72 88 90 94 101 108 
119 137 139 146 159 165 188 201 208 224 229 263 
297 300 301 310 311 326 338 341 351 354 357 358 
385 388 390 394 
38
14 17 19 28 37 38 39 45 48 60 88 91 
103 165 174 182 203 238 250 252 254 257 262 278 
281 286 294 301 310 315 323 344 351 361 363 381 
385 398 
51
3 4 7 11 33 54 57 61 64 69 84 91 
92 106 115 117 121 125 130 155 162 165 169 181 
183 184 186 194 195 208 210 212 213 236 241 245 
251 254 264 269 312 323 331 333 341 346 359 378 
390 392 395 
44
5 6 18 20 24 28 40 46 49 51 93 98 
99 102 103 104 131 155 176 181 187 191 195 217 
219 233 237 238 261 270 280 283 289 290 297 298 
300 332 339 340 357 389 392 396 
39
44 50 68 87 90 109 122 134 135 137 148 150 
155 162 163 173 183 185 195 196 198 215 223 234 
239 241 265 272 290 291 297 314 319 325 341 355 
373 394 399 
33
1 7 22 31 32 60 67 69 86 94 122 128 
154 206 215 222 265 277 286 293 299 315 316 318 
321 329 344 348 356 364 371 386 395 
51
3 8 11 13 19 21 26 30 37 39 48 61 
76 93 123 130 133 135 143 144 148 149 163 169 
174 188 193 217 221 234 236 239 255 262 270 278 
285 289 291 300 310 311 329 342 355 358 360 366 
370 373 399 
43
1 7 15 16 19 22 26 40 62 67 70 72 
76 92 97 111 112 129 130 158 178 189 196 212 
215 236 237 246 260 263 274 289 296 300 314 323 
339 361 368 380 383 394 397 
32
26 30 34 43 80 100 122 133 143 161 165 174 
194 216 234 240 246 259 261 274 283 293 304 311 
313 319 321 324 333 367 375 391 
48
12 18 22 42 44 70 73 75 87 88 93 106 
108 114 115 119 137 141 143 146 153 155 169 174 
175 202 204 227 229 236 239 255 256 262 266 270 
282 305 312 315 323 328 341 352 360 371 377 391 
41
1 10 16 18 30 35 36 42 75 78 80 121 
126 131 137 146 148 152 165 184 193 199 214 215 
217 219 227 241 245 255 292 295 306 313 342 351 
367 368 375 382 389 
40
25 32 45 48 64 67 69 78 82 84 97 100 
109 110 115 119 120 163 168 181 187 188 196 207 
208 214 241 243 251 253 270 272 301 332 345 350 
365 372 377 379 
30
20 21 50 73 77 86 113 114 126 189 221 232 
235 261 266 270 283 287 295 310 317 336 337 353 
358 361 366 387 393 395 
34
31 41 45 48 58 74 84 87 115 116 142 168 
177 191 196 197 200 209 223 234 240 241 243 247 
257 261 301 302 328 331 355 360 387 391 
43
6 23 24 41 46 48 57 60 68 70 76 92 
124 132 144 155 160 179 191 198 213 218 220 223 
230 235 244 254 268 270 273 297 301 305 309 311 
312 320 327 345 354 370 371 
39
12 21 30 34 36 58 77 84 86 117 119 124 
126 128 132 134 152 153 185 188 210 211 219 220 
247 272 278 285 296 310 319 320 335 351 355 363 
367 383 390 
37
4 15 34 40 52 62 66 92 97 115 117 121 
128 129 140 146 148 155 160 171 176 185 187 206 
233 242 255 288 293 298 307 312 317 334 385 389 
400 
34
5 15 19 24 43 51 62 63 66 77 89 111 
117 128 137 140 154 166 196 199 262 264 283 290 
291 304 306 338 364 365 382 389 390 396 
35
19 29 35 39 47 60 70 75 95 128 133 144 
146 156 158 168 171 172 175 176 204 223 228 238 
274 284 302 308 324 328 350 367 371 375 382 
40
18 27 29 37 56 58 59 60 63 67 77 80 
84 86 109 112 156 173 180 185 204 207 214 224 
257 265 279 298 308 309 316 320 326 329 332 363 
365 380 387 398 
42
12 24 28 41 56 65 67 71 96 102 117 125 
138 151 166 167 179 185 199 206 208 225 226 236 
246 248 250 252 278 284 298 308 321 325 329 366 
370 371 373 376 387 388 
32
9 23 34 83 90 92 103 119 134 142 150 154 
158 163 168 169 176 178 179 184 211 217 228 258 
259 261 280 296 355 365 392 398 
42
6 10 14 21 28 38 39 42 67 81 101 106 
109 119 121 125 143 146 175 182 193 199 214 215 
230 237 256 260 269 283 288 294 299 326 327 355 
356 358 371 395 399 400 
29
29 32 47 62 63 102 112 133 151 173 194 200 
201 206 209 219 224 269 283 297 298 303 315 324 
327 330 335 359 366 
48
9 10 12 13 24 53 56 60 78 108 112 119 
122 149 156 157 180 181 183 201 214 215 220 227 
229 231 233 236 245 253 258 274 280 283 286 288 
293 296 311 322 323 349 356 367 375 382 383 392 
43
5 6 23 28 30 33 42 57 58 74 99 100 
104 118 120 124 158 162 167 177 185 188 195 200 
204 209 231 243 250 255 264 272 274 276 293 308 
312 314 322 330 354 368 390 
40
1 5 26 43 68 69 74 75 81 82 91 96 
97 110 114 124 150 165 189 211 225 230 242 250 
261 274 276 285 287 292 306 313 315 331 341 353 
360 370 396 399 
35
8 16 29 36 43 44 53 55 57 87 88 96 
98 120 124 141 165 180 197 200 207 208 212 252 
253 254 259 270 291 307 329 339 343 356 388 
43
26 30 31 34 38 44 74 77 88 100 101 104 
118 122 131 134 164 187 194 200 202 207 211 212 
215 221 225 237 238 246 275 276 280 288 291 313 
352 360 366 375 380 393 397 
29
1 3 27 41 48 61 62 76 77 98 100 102 
139 155 163 201 203 231 257 293 303 309 322 343 
355 361 368 376 385 
42
3 27 38 44 46 49 57 84 109 128 131 133 
146 151 152 153 155 172 174 175 179 181 191 194 
201 208 211 236 237 244 261 263 275 293 302 305 
318 320 325 354 360 392 
42
1 3 5 6 26 47 53 67 83 88 98 101 
111 126 139 155 182 202 224 245 246 251 256 262 
264 272 276 285 296 300 312 314 335 336 344 352 
362 367 369 373 387 396 
33
4 6 10 18 23 24 42 55 62 76 115 129 
138 150 156 177 184 199 205 207 209 225 227 257 
270 273 275 298 300 306 316 349 352 
35
16 32 37 54 63 105 116 119 121 170 197 200 
217 219 232 234 238 241 252 256 258 265 300 301 
316 321 332 348 352 361 366 370 377 387 392 
43
15 24 30 36 38 55 57 68 71 85 99 104 
106 108 130 142 159 178 181 192 195 209 210 213 
214 217 237 241 245 264 288 294 307 323 326 334 
344 345 350 355 383 391 398 
36
18 24 26 29 45 55 61 76 84 87 92 98 
121 127 129 151 164 188 193 211 217 242 254 261 
267 286 287 292 304 330 341 343 355 358 370 383 
54
6 8 9 11 22 35 37 38 40 42 45 50 
61 66 80 89 97 123 162 170 172 173 174 185 
196 198 210 214 237 240 242 249 266 270 271 274 
278 282 283 288 300 314 324 332 337 353 360 368 
376 378 379 383 386 395 
43
2 14 16 25 37 74 101 105 137 139 149 161 
178 180 186 189 197 219 226 241 243 260 268 269 
292 295 297 298 299 303 304 310 312 324 329 331 
355 359 360 386 396 397 398 
40
14 15 17 40 72 73 110 113 129 130 134 141 
144 152 155 164 173 177 179 193 209 211 212 226 
242 277 278 295 297 311 316 326 329 344 375 379 
387 388 390 398 
38
36 48 60 67 69 75 93 95 101 105 106 120 
121 130 131 161 166 171 174 223 228 252 256 263 
278 290 291 300 309 311 324 332 336 363 367 373 
393 395 
40
3 4 20 49 56 65 69 79 87 131 141 153 
167 172 182 190 198 202 214 224 229 232 247 255 
257 258 269 272 302 308 328 339 348 355 366 382 
385 390 394 398 
41
8 9 10 15 18 21 47 55 61 71 73 78 
82 91 99 111 122 124 127 136 145 159 165 167 
170 173 174 197 198 233 237 241 251 252 260 267 
269 315 317 365 396 
39
1 13 35 38 46 53 66 69 78 94 108 126 
139 144 157 158 159 169 178 216 230 236 253 255 
267 278 279 280 284 296 311 312 318 329 335 340 
341 351 381 
33
4 16 31 36 37 40 50 63 80 94 103 120 
123 131 136 153 184 201 202 211 217 218 220 243 
244 249 264 300 333 337 351 359 379 
43
8 18 41 43 46 53 66 79 101 105 107 123 
124 149 150 171 189 196 207 213 216 217 218 224 
232 236 239 243 261 263 264 276 283 290 295 299 
332 341 354 365 379 389 392 
44
4 5 8 21 29 43 61 70 72 80 94 96 
102 123 139 146 148 150 152 160 169 185 188 196 
199 220 240 244 251 256 258 270 271 281 290 292 
306 315 355 375 387 389 394 398 
26
12 47 50 64 89 95 105 113 119 132 141 146 
151 154 159 172 228 278 289 320 322 324 340 357 
365 387 
31
40 46 55 65 66 83 96 105 121 128 132 134 
148 181 188 208 224 235 247 249 296 297 304 312 
332 356 357 381 391 392 395 
52
1 20 25 30 37 40 48 52 56 64 65 66 
83 87 88 89 97 98 122 136 148 161 176 190 
194 198 200 201 205 224 247 265 272 273 275 280 
284 301 302 310 325 335 342 343 345 360 361 364 
377 379 381 386 
37
8 12 36 40 64 81 88 139 152 157 166 179 
195 219 221 257 265 267 268 278 291 293 303 309 
310 320 324 326 337 338 360 372 379 387 390 391 
394 
43
3 16 18 39 69 74 79 81 88 110 135 137 
143 144 157 174 176 197 198 220 221 222 223 224 
227 236 240 249 258 290 291 294 305 312 322 325 
332 351 354 364 366 370 389 
37
8 26 42 59 60 79 83 85 98 110 117 122 
125 134 172 195 206 228 253 260 283 284 287 289 
295 300 302 308 344 349 351 368 370 385 388 390 
400 
34
5 16 45 54 92 95 112 119 121 124 132 150 
153 169 175 215 216 219 226 249 261 266 289 295 
296 303 305 312 324 333 357 376 380 383 
37
2 22 49 69 73 89 96 97 98 120 130 135 
143 144 154 192 196 220 239 240 244 246 258 298 
302 306 314 316 320 325 332 333 335 340 342 347 
392 
46
3 14 16 21 30 34 36 41 42 43 44 68 
95 107 108 115 118 123 134 138 154 175 195 200 
201 202 211 217 218 219 226 259 265 269 279 289 
317 321 340 352 357 359 368 369 373 393 
47
11 12 19 39 42 49 50 56 59 62 72 73 
74 77 80 86 87 88 102 104 116 127 148 149 
166 178 207 208 219 221 226 239 255 263 266 282 
288 292 299 316 325 330 332 343 347 381 389 
50
1 5 15 36 38 41 63 68 74 75 77 87 
91 92 98 101 104 120 124 126 131 136 176 180 
182 220 221 229 237 239 248 257 260 262 267 270 
271 272 273 285 294 304 312 337 346 347 348 357 
358 381 
27
6 25 67 83 95 99 115 127 129 137 176 192 
203 218 242 246 247 256 273 281 327 342 348 371 
381 388 397 
46
21 38 49 70 83 89 98 105 125 153 161 163 
169 171 180 199 210 214 221 231 237 240 250 252 
260 267 269 275 278 306 310 313 322 325 326 329 
341 345 350 351 357 360 378 384 395 400 
36
9 11 21 38 40 48 92 130 144 163 182 192 
204 205 208 213 219 227 228 239 245 252 269 270 
280 291 293 310 327 328 341 350 376 383 384 393 
47
4 8 19 26 34 45 56 58 60 68 69 72 
74 75 82 91 110 115 118 137 164 168 176 178 
182 190 206 207 220 222 229 230 242 247 250 265 
270 273 274 277 297 315 324 351 374 377 396 
39
18 33 51 62 63 64 82 87 91 100 109 115 
132 141 145 147 165 184 186 187 193 202 217 239 
242 244 248 265 279 310 314 321 332 337 345 366 
381 390 399 
38
9 23 24 34 36 60 61 66 93 114 127 129 
130 132 135 148 149 156 157 158 168 199 203 211 
222 235 243 248 269 305 340 347 373 376 390 394 
396 398 
53
3 17 23 34 70 84 89 129 130 137 149 154 
166 171 172 175 182 185 190 191 195 218 219 234 
243 253 268 275 279 280 285 289 291 292 299 319 
322 337 338 342 343 345 348 349 359 364 374 375 
382 383 387 392 393 
37
20 35 60 64 68 75 78 81 83 87 151 164 
173 175 185 187 195 198 199 200 211 212 213 215 
233 238 249 265 295 327 343 352 354 377 379 384 
385 
39
8 14 21 28 47 71 102 115 125 133 147 153 
179 189 216 235 238 245 255 268 278 282 283 290 
293 299 314 322 334 340 342 350 361 366 370 373 
374 386 390 
41
8 12 14 23 34 57 58 61 66 78 83 84 
86 101 103 105 147 151 153 156 171 172 184 188 
189 223 228 264 269 273 296 319 332 339 352 360 
377 390 391 394 400 
40
10 18 20 28 41 52 55 63 66 70 74 75 
76 84 91 94 105 134 141 161 192 226 234 237 
240 256 260 267 269 279 284 295 317 328 330 334 
338 355 367 370 
39
4 16 19 23 39 43 49 62 64 67 70 112 
116 120 135 139 164 189 190 216 220 224 227 247 
249 260 275 281 286 294 299 300 304 309 310 343 
344 355 395 
45
4 16 24 26 28 54 56 59 64 79 85 91 
100 102 126 134 145 150 167 172 188 190 199 230 
241 247 250 281 282 296 299 300 307 309 315 318 
334 340 343 347 356 369 389 391 392 
48
7 19 25 28 36 42 51 73 77 94 104 107 
117 122 124 139 158 165 173 180 186 213 214 217 
221 229 231 241 247 248 251 258 261 264 265 267 
272 280 281 282 285 302 330 331 361 365 369 378 
40
16 24 38 41 51 57 67 69 78 85 92 93 
101 107 108 126 148 189 199 201 202 204 206 224 
229 233 237 248 252 253 259 264 299 303 304 321 
324 346 353 384 
47
4 6 28 30 46 49 53 63 98 105 107 113 
128 152 166 167 177 181 209 218 227 228 231 237 
240 242 246 253 255 260 263 266 269 283 288 293 
294 296 311 324 328 364 370 371 372 381 394 
28
29 38 62 67 68 96 128 132 140 146 172 195 
209 214 216 234 251 265 270 284 287 288 301 322 
347 368 392 395 
34
17 22 26 57 61 78 83 93 96 149 164 179 
192 193 206 208 218 219 222 242 245 254 283 284 
294 320 326 335 343 355 369 371 376 396 
35
54 59 72 94 101 105 146 150 159 163 179 195 
203 206 214 215 233 248 252 259 266 268 283 288 
289 302 308 316 333 342 350 351 367 370 398 
38
17 27 31 33 55 65 72 87 88 91 95 104 
125 136 144 157 162 170 174 177 179 193 209 211 
216 231 259 263 272 281 288 289 294 297 378 384 
386 395 
45
9 10 11 13 19 24 49 79 95 97 101 112 
114 120 123 130 134 135 137 168 169 171 175 205 
206 210 216 252 262 264 280 286 295 305 321 340 
345 348 354 358 377 383 385 389 395 
37
3 8 9 17 30 33 36 65 79 94 97 139 
143 164 166 167 178 194 206 222 223 241 252 265 
266 280 291 298 316 324 326 336 343 356 365 366 
391 
36
5 9 21 33 41 65 83 89 94 100 108 110 
111 128 133 139 143 148 156 176 193 198 200 206 
209 225 238 260 284 315 329 363 366 368 375 379 
52
17 20 29 37 44 58 63 64 81 87 90 91 
97 100 102 103 114 115 116 134 139 140 150 158 
160 170 176 203 208 220 235 248 252 264 265 284 
285 290 306 308 310 337 341 342 346 351 374 375 
385 388 391 393 
37
18 32 42 53 57 59 68 80 85 95 103 113 
125 137 142 154 167 192 218 229 233 237 250 257 
259 279 291 295 310 319 331 335 336 351 371 372 
394 
37
5 14 18 37 43 50 77 87 100 102 104 127 
135 152 156 157 164 165 166 202 214 240 243 245 
251 263 279 287 295 311 314 319 376 377 387 391 
392 
40
14 15 30 42 48 73 85 97 113 122 123 135 
142 143 145 151 158 164 176 185 195 198 205 218 
221 222 233 250 258 262 277 283 287 304 351 379 
394 397 399 400 
39
20 36 50 53 54 84 90 100 127 131 146 157 
164 169 176 177 181 187 188 199 200 222 227 233 
235 259 271 282 294 307 310 314 320 327 347 355 
379 383 395 
