25 75
1 1 1 1 1 1 1 1 1 1 1 1 
1 1 1 1 1 1 1 1 1 1 1 1 
1 1 1 1 1 1 1 1 1 1 1 1 
1 1 1 1 1 1 1 1 1 1 1 1 
1 1 1 1 1 1 1 1 1 1 1 1 
1 1 1 1 1 1 1 1 1 1 1 1 
1 1 1 
24
11 12 16 19 21 29 32 35 41 42 47 49 
52 54 57 58 59 61 63 67 69 70 71 72 
24
1 4 6 12 13 21 29 30 31 35 38 45 
49 51 52 58 59 61 62 68 70 71 72 74 
19
1 10 11 19 20 25 26 40 42 45 46 49 
55 61 63 64 67 71 75 
20
1 5 11 15 16 20 27 28 30 35 36 38 
40 45 49 51 59 60 62 71 
22
5 6 7 10 12 14 19 24 31 35 37 41 
43 49 55 60 62 65 66 68 71 75 
19
3 6 9 13 14 15 16 27 28 31 34 44 
45 50 53 60 65 66 70 
28
7 10 11 14 15 21 26 28 30 33 36 38 
39 41 44 46 48 49 50 55 63 64 66 67 
72 73 74 75 
18
8 9 12 14 17 23 25 27 29 30 34 39 
46 49 50 53 54 56 
21
3 6 11 14 21 23 29 33 35 36 40 42 
43 44 47 53 54 64 69 70 73 
24
3 4 7 11 14 15 17 18 23 24 26 27 
31 34 36 47 51 52 54 56 65 68 74 75 
20
2 5 12 18 21 26 30 33 37 39 45 47 
53 57 63 64 66 67 69 72 
23
3 5 6 18 24 25 26 30 32 34 36 38 
41 46 47 49 59 60 61 62 67 71 72 
25
1 3 10 11 15 19 21 22 25 27 37 38 
39 43 46 48 57 58 60 61 63 65 66 67 
75 
17
1 10 11 16 18 24 40 42 46 49 55 61 
63 66 67 73 75 
23
7 10 16 22 23 25 27 32 33 36 40 44 
45 48 50 52 56 58 59 68 69 73 75 
18
6 7 17 19 23 28 30 32 35 37 45 50 
52 58 60 64 72 73 
17
3 6 10 11 30 31 40 44 45 46 55 56 
61 62 64 70 73 
18
2 11 12 13 16 23 27 30 32 35 37 40 
45 56 62 71 72 74 
21
5 7 17 26 27 28 30 33 45 48 49 50 
53 56 58 64 66 68 70 74 75 
22
1 4 6 8 9 11 12 15 17 22 28 32 
34 42 43 48 57 60 61 69 70 74 
25
3 8 11 12 15 17 18 23 29 31 34 35 
36 37 40 43 44 46 52 56 58 65 71 73 
74 
18
4 23 26 27 28 30 32 36 39 40 48 52 
53 61 67 68 73 74 
27
3 4 12 16 19 20 21 22 24 26 30 31 
32 37 45 47 48 49 58 61 62 63 64 67 
68 73 74 
20
3 9 10 11 16 18 21 23 27 32 36 43 
46 47 49 60 65 69 72 74 
17
3 5 7 11 12 26 28 29 30 39 42 43 
44 54 59 67 70 
