400 200
1 1 1 1 1 1 1 1 1 1 1 1 
1 1 1 1 1 1 1 1 1 1 1 1 
1 1 1 1 1 1 1 1 1 1 1 1 
1 1 1 1 1 1 1 1 1 1 1 1 
1 1 1 1 1 1 1 1 1 1 1 1 
1 1 1 1 1 1 1 1 1 1 1 1 
1 1 1 1 1 1 1 1 1 1 1 1 
1 1 1 1 1 1 1 1 1 1 1 1 
1 1 1 1 1 1 1 1 1 1 1 1 
1 1 1 1 1 1 1 1 1 1 1 1 
1 1 1 1 1 1 1 1 1 1 1 1 
1 1 1 1 1 1 1 1 1 1 1 1 
1 1 1 1 1 1 1 1 1 1 1 1 
1 1 1 1 1 1 1 1 1 1 1 1 
1 1 1 1 1 1 1 1 1 1 1 1 
1 1 1 1 1 1 1 1 1 1 1 1 
1 1 1 1 1 1 1 1 
15
14 16 62 70 79 80 86 87 89 102 122 147 
163 168 191 
18
2 4 33 36 44 52 57 66 70 104 113 131 
136 148 149 151 183 189 
21
10 16 29 43 50 53 59 80 82 104 117 131 
134 136 137 140 145 149 171 175 194 
20
3 6 9 15 19 37 48 54 62 64 78 80 
83 93 95 98 129 151 152 193 
17
2 5 21 24 27 54 80 99 132 134 148 154 
177 181 187 191 200 
16
14 15 55 59 60 81 85 121 128 132 133 137 
151 159 161 179 
24
3 13 39 54 70 72 99 106 116 119 124 126 
134 135 139 140 153 161 162 175 178 189 191 192 
24
10 15 23 28 32 36 40 49 60 70 75 79 
80 98 109 119 121 132 136 140 171 182 186 191 
22
2 21 23 25 32 40 50 51 79 83 93 95 
101 119 134 151 156 160 165 185 190 199 
17
8 34 54 55 72 86 102 108 110 112 147 153 
156 164 181 188 199 
22
4 10 16 30 36 46 47 67 74 80 83 89 
94 127 128 133 145 156 166 170 187 190 
20
12 29 31 36 41 54 56 59 70 80 87 89 
127 141 150 183 186 193 194 197 
25
1 2 7 8 19 31 37 40 46 69 80 82 
89 95 112 117 119 124 160 173 177 178 184 185 
192 
21
12 18 27 33 56 63 66 83 92 94 104 126 
131 148 149 160 161 162 173 175 187 
21
4 8 9 54 59 69 75 108 122 125 129 138 
140 147 155 160 161 165 172 180 200 
19
4 31 32 33 38 42 53 57 76 91 107 117 
121 122 126 134 180 187 195 
21
10 25 28 30 31 60 66 70 75 76 89 90 
91 97 132 154 159 174 182 192 195 
28
1 2 7 15 20 22 24 25 38 64 74 81 
105 117 128 130 131 135 139 142 156 168 171 182 
185 186 191 193 
18
1 3 7 22 39 72 78 82 103 104 109 120 
138 143 148 174 195 199 
15
12 15 48 64 111 119 125 132 137 155 169 175 
179 198 200 
24
22 35 40 55 68 72 89 105 106 109 111 112 
117 119 120 122 130 133 140 150 160 169 181 182 
18
1 30 54 61 64 92 97 101 105 117 132 135 
136 155 161 162 171 179 
25
13 17 25 27 51 54 63 66 77 82 83 85 
91 104 113 127 135 159 160 165 173 174 176 180 
200 
24
16 19 20 28 39 60 86 94 111 113 116 117 
118 131 136 137 144 160 168 180 182 185 186 191 
11
22 29 50 61 64 69 87 106 126 173 196 
21
6 8 22 23 27 31 35 53 67 72 73 95 
102 107 121 134 151 161 168 174 177 
18
5 8 9 12 16 27 46 111 112 122 153 161 
173 180 182 184 185 199 
24
7 11 25 28 61 63 67 73 75 80 87 93 
109 110 120 124 128 141 146 152 156 158 184 187 
22
10 24 45 46 62 76 88 102 103 109 114 117 
132 154 158 161 168 172 173 179 185 198 
18
8 12 17 18 30 54 55 62 71 72 81 86 
89 101 120 164 167 183 
22
3 8 9 12 25 55 76 85 92 97 100 106 
130 134 147 157 171 178 180 183 194 198 
20
22 27 48 51 65 67 68 70 75 84 91 99 
104 116 117 154 155 159 171 175 
25
8 15 25 33 42 43 49 57 62 68 70 99 
100 103 128 139 141 152 158 175 179 183 184 192 
200 
22
5 27 30 44 73 80 81 93 100 105 107 110 
116 122 127 136 148 149 158 162 180 181 
18
7 10 18 28 47 58 69 72 76 78 144 154 
174 178 180 181 195 199 
16
17 24 30 50 57 83 90 96 125 137 153 158 
160 166 178 200 
21
5 11 21 36 60 66 86 93 107 116 120 129 
130 138 146 157 177 183 195 198 199 
20
9 17 29 34 71 73 77 83 92 94 102 106 
126 129 135 155 158 171 175 183 
22
4 16 21 33 36 40 77 78 80 101 103 107 
133 137 139 140 144 150 153 178 187 199 
16
8 17 18 28 37 62 66 75 82 85 99 100 
102 133 154 192 
17
20 42 45 47 49 96 98 101 103 122 135 141 
144 165 176 182 192 
17
4 6 39 40 53 55 64 109 114 117 118 135 
147 155 164 182 186 
18
11 13 16 39 46 54 73 86 95 99 122 128 
134 149 173 181 185 186 
23
3 6 23 31 34 46 49 70 92 105 106 107 
128 133 140 150 160 180 182 184 191 197 199 
21
11 25 39 44 64 66 83 84 95 115 131 146 
147 149 153 156 167 173 184 193 198 
25
20 24 26 30 31 42 62 63 76 78 80 103 
108 114 123 124 130 131 133 137 142 146 156 159 
191 
12
18 23 29 39 65 80 81 88 96 101 133 145 
19
2 6 7 8 9 13 30 57 78 91 94 114 
115 125 139 141 142 191 194 
23
17 24 41 42 51 58 88 90 91 96 102 110 
115 130 143 147 148 151 161 162 164 166 180 
18
4 9 17 20 85 106 113 119 123 137 140 150 
177 188 189 191 192 193 
17
18 27 41 43 50 54 60 70 80 83 87 108 
113 119 134 153 180 
24
5 13 22 25 26 33 35 58 63 73 88 95 
99 100 108 110 123 130 133 134 179 181 196 197 
19
9 32 37 49 65 107 112 127 135 138 149 153 
162 165 177 178 182 196 197 
20
2 30 31 40 45 57 59 60 63 65 68 85 
94 103 108 117 122 135 149 180 
17
2 12 40 64 66 73 78 95 100 105 120 154 
162 163 164 170 187 
21
7 12 18 29 57 58 66 68 91 105 113 114 
128 134 145 153 158 160 162 164 189 
27
10 29 37 38 45 52 55 60 101 108 109 111 
116 124 131 134 135 146 149 161 166 167 169 175 
186 191 195 
24
7 9 35 37 58 60 62 64 83 86 94 99 
113 114 116 117 123 126 127 168 182 192 194 195 
24
1 14 36 40 47 50 57 61 85 101 103 104 
116 126 128 132 135 147 151 161 168 177 184 191 
23
2 30 43 65 66 74 76 79 92 95 112 115 
128 129 138 140 142 144 146 154 167 174 194 
16
20 45 54 55 60 66 67 71 98 102 106 113 
117 130 155 171 
21
4 15 18 21 29 40 42 50 53 67 82 97 
113 114 123 137 158 180 183 184 197 
21
5 18 21 29 37 38 44 51 68 71 79 86 
91 100 126 148 163 167 177 195 199 
24
1 7 20 25 34 36 38 43 44 45 61 71 
72 78 86 94 99 111 122 144 155 171 193 196 
23
4 7 26 29 39 59 61 80 94 99 102 109 
115 119 128 143 144 152 156 162 176 191 200 
16
5 6 8 13 18 26 34 52 66 81 119 132 
150 154 156 174 
25
12 18 43 65 68 69 72 93 96 101 106 109 
113 118 119 129 137 140 141 142 155 171 185 191 
193 
18
35 43 44 49 65 72 76 89 92 136 139 155 
174 175 183 184 188 191 
18
13 23 33 41 50 60 66 96 102 116 117 124 
127 140 150 158 180 185 
19
1 3 11 12 15 44 52 54 79 98 110 126 
131 139 154 168 171 191 200 
12
11 14 24 31 45 54 75 80 83 96 117 180 
22
18 29 34 37 38 59 66 69 89 97 102 108 
117 118 121 124 153 158 163 188 196 200 
22
19 25 28 32 33 48 50 80 81 92 93 100 
123 125 141 147 151 154 155 177 198 199 
18
2 5 12 27 37 87 93 114 116 119 120 122 
129 138 142 149 172 181 
25
3 7 34 39 50 60 86 91 92 99 102 108 
118 121 133 137 140 145 151 155 163 173 180 195 
197 
19
6 27 39 61 62 73 108 119 135 136 145 149 
160 168 170 176 182 186 193 
22
14 36 37 39 40 52 60 62 85 97 105 136 
138 153 170 173 177 182 184 185 187 200 
18
3 6 36 37 42 56 68 78 80 96 103 144 
149 163 164 167 170 186 
25
3 5 10 15 18 20 44 58 68 87 93 96 
107 111 123 126 140 142 146 156 157 167 174 181 
195 
13
6 28 31 44 57 63 122 124 138 156 166 167 
169 
19
46 59 61 71 80 86 104 107 119 126 135 146 
147 177 181 183 189 190 195 
25
11 12 28 46 55 58 70 76 77 89 107 112 
118 130 131 136 137 140 143 157 160 162 167 180 
197 
21
3 35 39 46 47 52 56 61 80 83 94 96 
108 111 138 141 151 177 180 182 186 
18
4 9 11 14 21 35 61 67 70 86 89 132 
140 141 160 167 182 191 
25
14 18 19 20 23 24 46 56 67 81 83 87 
90 97 99 109 120 140 147 158 163 166 171 187 
197 
15
4 62 66 80 82 100 102 143 144 147 155 158 
166 169 200 
22
1 4 20 33 52 54 65 66 74 100 101 112 
116 124 126 127 147 158 174 186 192 199 
25
9 14 15 18 28 40 61 63 81 91 98 99 
101 109 115 116 129 140 166 171 172 173 174 177 
188 
24
1 8 19 26 43 47 65 67 78 80 86 94 
114 118 132 138 142 164 167 171 174 176 181 191 
13
5 8 13 36 38 47 48 104 134 136 158 162 
188 
25
10 12 13 29 47 52 57 85 89 91 94 96 
110 121 123 125 133 136 140 150 151 152 159 163 
181 
27
2 4 5 27 38 39 40 61 64 74 76 92 
100 101 102 105 108 117 118 137 149 150 151 155 
161 164 191 
23
1 5 7 14 29 35 38 41 68 72 92 102 
104 109 112 123 126 161 170 181 188 190 199 
23
1 19 57 58 63 72 74 85 88 110 120 133 
135 146 150 153 154 156 159 160 163 185 198 
20
23 26 31 32 33 35 36 64 69 84 91 104 
111 117 120 144 178 179 189 200 
19
2 27 30 54 58 66 75 79 100 114 122 137 
155 162 175 176 183 184 200 
17
9 16 17 46 75 88 99 112 126 128 131 132 
134 159 169 181 200 
16
32 37 52 65 75 81 84 110 115 120 122 124 
135 157 158 188 
21
9 10 14 19 21 23 47 63 66 69 96 114 
137 141 145 151 155 166 174 186 198 
27
1 7 14 24 25 30 50 52 55 58 61 69 
73 79 96 99 105 111 112 122 127 133 135 155 
190 192 193 
23
9 25 30 56 63 84 88 95 98 100 104 133 
134 136 141 142 150 153 162 164 168 186 198 
18
20 22 25 45 53 79 107 131 143 146 154 155 
157 162 165 184 186 194 
23
5 14 25 26 27 28 29 42 51 54 56 58 
61 66 88 89 96 127 128 145 158 191 199 
18
5 9 12 17 20 62 74 80 90 91 104 106 
120 131 137 181 184 194 
16
35 36 56 77 95 97 112 125 130 136 145 148 
165 169 194 197 
15
13 22 55 78 81 83 87 111 124 128 147 165 
173 177 188 
22
6 8 13 14 16 26 43 57 63 67 69 75 
83 89 129 138 148 155 164 168 174 200 
24
12 15 34 45 50 55 72 73 76 80 86 89 
92 94 98 108 117 125 133 154 159 169 173 181 
21
3 40 62 67 69 73 74 84 89 91 98 111 
114 122 139 145 150 159 166 191 200 
18
16 17 56 80 84 99 103 117 120 121 130 135 
136 144 164 173 178 191 
11
2 7 25 42 81 83 90 136 168 195 199 
19
6 21 26 48 71 82 92 94 95 107 116 118 
120 141 144 145 149 168 170 
20
3 4 15 41 66 85 104 108 124 125 127 130 
147 151 152 182 186 191 196 200 
24
2 11 13 16 32 38 41 44 47 51 56 64 
69 100 106 143 144 151 156 157 164 176 179 188 
19
5 23 32 46 61 68 70 75 86 97 100 105 
110 123 126 127 145 166 181 
19
2 14 29 45 52 72 84 87 97 102 117 118 
126 127 140 144 150 161 196 
20
23 50 62 72 88 95 96 106 116 118 122 123 
124 129 130 154 173 187 189 190 
25
4 15 19 34 38 47 48 56 70 71 95 99 
106 110 114 122 124 126 127 138 140 145 150 187 
194 
27
7 8 22 24 28 32 33 34 36 43 51 57 
62 67 68 72 90 93 113 123 130 131 132 134 
144 160 176 
29
4 24 32 33 55 62 74 75 76 80 84 93 
95 99 104 110 113 124 133 144 148 156 158 159 
164 183 191 192 197 
15
3 37 44 75 84 87 88 91 100 107 110 124 
149 170 181 
18
28 35 38 46 53 72 78 81 104 120 122 157 
158 163 171 173 181 198 
22
20 24 38 52 53 70 79 82 89 97 103 108 
115 136 138 152 160 163 166 169 187 189 
13
9 14 25 39 42 44 62 85 113 117 133 165 
177 
21
7 14 19 21 31 46 50 71 76 87 92 131 
135 137 143 151 160 181 184 186 193 
22
56 65 80 83 101 114 120 121 131 138 142 149 
153 160 164 166 174 175 176 191 198 200 
20
9 16 19 25 29 49 51 56 65 80 88 96 
114 121 152 166 169 182 186 191 
29
7 8 16 18 32 35 36 39 42 49 77 90 
91 94 105 124 129 140 146 157 170 171 174 179 
184 186 192 199 200 
18
17 24 30 68 73 91 93 97 105 118 154 164 
171 174 186 191 193 199 
16
30 43 59 63 64 75 80 83 106 116 123 135 
143 169 181 186 
14
26 27 33 40 65 76 91 99 111 121 138 167 
180 182 
23
24 45 58 62 68 69 80 94 98 102 103 123 
127 142 147 148 151 154 171 173 178 194 199 
16
9 14 16 27 28 37 42 44 46 83 85 86 
96 127 143 167 
17
12 25 27 40 53 67 77 88 97 101 105 109 
117 135 136 158 161 
24
8 18 27 29 32 33 48 57 64 68 81 90 
103 107 110 111 115 152 161 163 165 173 178 183 
19
17 21 22 31 52 65 72 77 86 90 93 97 
114 115 120 123 137 152 173 
15
16 24 63 77 102 112 114 117 122 129 160 166 
171 192 194 
22
10 17 25 28 32 58 59 62 78 86 90 92 
97 114 115 133 142 160 170 185 190 197 
21
14 15 19 27 38 48 52 54 55 60 67 68 
77 93 95 96 124 134 148 187 190 
27
1 2 22 25 26 33 36 38 40 42 43 52 
64 67 76 88 89 92 109 128 133 142 150 157 
164 176 193 
21
44 47 60 63 82 87 96 102 103 104 113 117 
122 133 135 137 138 154 176 180 183 
23
5 9 16 30 34 42 58 89 105 118 120 129 
133 134 138 146 150 162 164 166 172 189 198 
27
2 4 7 11 12 23 24 34 57 61 62 64 
65 74 78 86 93 94 111 123 140 149 152 155 
164 186 194 
25
2 4 23 27 29 36 40 45 55 58 60 62 
84 88 100 110 116 117 123 135 144 155 169 176 
196 
22
6 8 31 32 38 48 49 64 85 89 111 116 
120 127 132 137 139 152 153 155 159 166 
22
11 14 19 38 53 56 73 78 79 92 103 106 
108 111 112 114 143 146 162 170 188 193 
15
25 30 44 47 53 84 113 134 137 143 161 181 
183 185 193 
21
5 16 17 30 33 37 43 87 107 144 145 146 
150 157 158 161 174 180 185 190 199 
24
13 15 29 49 57 66 75 79 82 84 89 117 
122 125 126 129 137 140 143 149 162 166 171 175 
20
1 6 24 34 44 45 47 50 69 73 88 97 
101 106 113 123 137 141 177 187 
22
24 29 33 34 59 82 93 94 98 101 103 105 
121 132 134 135 150 156 161 162 165 178 
24
3 18 19 24 25 44 61 63 89 94 95 106 
111 127 135 147 156 161 167 175 178 189 199 200 
14
1 6 11 12 34 39 44 48 94 96 145 164 
170 190 
23
4 7 19 32 36 67 72 74 78 81 95 96 
98 109 125 134 139 140 142 164 173 176 196 
20
13 17 39 48 52 53 54 55 67 95 111 119 
125 144 151 161 167 169 193 199 
13
2 19 36 52 64 69 72 73 108 128 148 154 
184 
18
20 27 30 42 49 58 67 68 103 111 115 130 
155 156 158 168 179 199 
16
1 2 10 18 22 66 77 87 88 93 98 99 
114 152 160 167 
22
2 26 28 45 49 68 76 79 86 94 98 101 
103 122 130 135 139 143 154 159 165 173 
28
14 23 32 33 34 41 49 51 54 55 56 58 
68 75 85 93 97 109 112 115 117 129 144 154 
157 163 184 189 
22
6 30 46 56 58 71 75 82 86 101 114 119 
122 127 130 131 145 147 160 179 192 197 
23
11 13 38 42 47 51 79 90 106 117 123 137 
139 145 152 153 156 162 166 182 185 187 192 
18
10 15 20 30 45 48 49 58 85 92 117 125 
134 169 171 184 194 198 
23
1 4 28 56 63 67 72 80 81 95 100 102 
120 130 131 132 140 142 145 176 178 183 185 
17
2 9 16 24 25 31 40 75 77 80 86 111 
145 175 176 183 193 
14
37 44 46 57 84 93 122 133 151 157 159 179 
183 194 
14
18 19 29 30 59 76 126 138 149 151 154 157 
159 186 
26
5 13 26 37 50 52 53 57 64 69 75 77 
83 88 92 93 104 109 119 125 144 155 171 186 
187 191 
20
9 20 29 30 34 35 43 61 69 85 107 120 
128 137 142 143 161 173 186 195 
19
30 37 62 77 87 98 100 103 111 118 120 134 
151 155 157 173 174 182 183 
18
6 30 45 54 71 80 96 113 118 136 150 166 
177 181 182 186 194 196 
15
20 27 41 44 56 87 108 114 115 140 147 154 
160 164 175 
26
7 8 12 16 17 25 36 40 47 65 69 70 
77 78 80 83 87 88 90 92 97 124 126 149 
170 182 
14
5 6 9 61 65 79 80 82 105 123 125 134 
149 168 
19
8 18 21 31 32 38 41 43 51 77 102 104 
127 138 149 163 185 190 200 
23
21 23 25 35 49 57 59 60 74 81 84 101 
102 105 106 121 123 124 134 158 175 189 193 
22
2 15 18 28 37 53 58 68 82 84 87 90 
141 142 152 156 164 167 173 188 190 192 
16
9 12 24 26 61 64 70 91 101 111 125 150 
151 180 190 192 
22
7 13 17 18 25 31 33 40 42 56 58 67 
103 105 121 138 139 170 173 187 197 198 
15
4 5 30 48 50 51 67 87 105 113 139 160 
167 168 175 
15
3 47 67 91 97 105 108 111 113 146 155 156 
164 174 189 
13
8 15 18 20 47 67 105 115 129 137 141 151 
188 
19
25 26 32 35 41 51 61 86 94 100 115 127 
137 152 165 189 194 197 199 
16
8 20 22 31 55 60 68 71 81 105 113 136 
176 186 191 196 
23
2 8 12 15 20 24 46 51 64 65 79 87 
98 104 113 115 120 127 138 152 189 190 192 
13
9 13 30 35 62 65 93 96 155 159 161 166 
175 
16
39 40 42 49 70 102 110 123 127 137 146 158 
161 176 178 199 
17
16 29 35 49 53 67 89 90 95 125 128 152 
169 179 188 192 200 
25
7 10 13 24 28 29 32 38 60 65 69 70 
87 89 101 103 105 112 121 135 137 145 147 153 
195 
24
1 2 24 31 63 66 70 73 85 109 111 114 
120 125 133 144 152 162 164 173 177 182 188 193 
17
9 13 17 22 25 43 61 66 102 103 112 159 
168 174 179 186 188 
24
35 40 48 65 73 75 99 101 113 115 132 134 
141 157 162 165 169 170 173 185 188 197 198 200 
24
19 39 47 58 60 71 73 84 100 106 121 134 
138 156 165 166 170 171 172 173 181 188 193 194 
21
8 18 30 64 69 105 127 132 136 141 146 151 
155 161 163 170 177 185 187 191 197 
20
23 34 35 47 61 62 65 67 86 91 96 112 
123 124 125 139 151 165 166 179 
25
3 14 19 33 34 35 39 51 55 56 67 70 
74 100 130 136 152 158 163 169 174 175 176 183 
197 
26
5 10 19 29 46 49 56 62 63 65 72 99 
104 106 109 112 124 126 130 133 138 144 146 158 
189 194 
17
12 19 35 38 65 77 85 86 122 153 154 155 
159 161 166 187 190 
19
22 28 30 34 35 45 50 76 90 115 119 124 
146 152 154 170 179 184 199 
19
1 9 22 63 79 83 95 96 99 100 105 107 
110 116 123 142 172 179 185 
22
2 11 13 14 23 24 34 37 41 51 85 94 
102 113 144 154 157 168 175 186 187 189 
21
3 4 16 39 45 49 50 52 55 61 65 103 
105 118 126 146 163 169 178 184 186 
23
3 7 12 14 20 38 43 45 52 88 95 96 
110 113 118 119 130 134 152 153 154 177 191 
19
14 18 23 27 32 37 48 67 76 83 97 119 
134 143 152 158 174 197 200 
21
5 34 35 39 40 41 53 55 56 81 88 93 
101 109 113 123 153 155 158 179 188 
25
4 5 19 29 45 48 68 72 74 84 87 96 
108 113 128 134 139 146 156 162 164 172 185 190 
195 
20
6 15 18 25 35 37 40 50 67 81 87 88 
89 101 116 120 137 159 184 200 
18
14 59 62 91 101 112 114 117 122 135 140 144 
146 148 165 167 177 187 
19
11 29 32 37 43 51 53 56 60 75 93 124 
138 145 149 155 169 184 195 
21
14 20 22 41 48 54 79 84 90 109 115 117 
126 131 140 151 162 166 175 184 197 
23
7 9 18 23 30 40 45 64 71 86 87 88 
92 101 103 105 107 136 151 152 171 179 185 
22
3 8 12 27 35 44 47 53 59 62 63 65 
69 86 92 98 133 145 149 150 177 200 
22
2 5 24 28 38 39 57 61 64 69 78 80 
87 116 118 127 132 133 136 148 151 198 
24
13 17 25 33 39 40 50 74 78 90 102 124 
125 132 136 143 149 155 164 173 183 187 188 190 
17
4 28 30 55 63 69 105 107 134 138 150 152 
153 156 162 164 173 
26
17 24 52 67 68 69 70 73 74 84 90 92 
100 104 112 131 134 143 153 157 158 163 166 177 
190 193 
17
6 8 70 84 88 89 92 93 99 107 126 131 
138 143 179 185 197 
24
2 18 25 35 39 46 57 61 62 66 73 80 
81 83 99 100 108 114 115 151 167 183 189 193 
18
18 34 49 62 66 75 78 85 92 97 101 115 
120 126 139 145 172 194 
23
2 3 4 5 8 9 12 28 34 38 47 90 
101 123 129 142 146 155 159 162 168 170 180 
29
3 13 53 55 60 71 73 79 94 97 120 130 
132 133 140 145 151 152 155 166 167 169 179 180 
185 191 196 197 198 
12
14 17 38 54 60 66 101 112 120 127 170 183 
25
8 47 48 52 59 60 76 79 83 85 90 104 
124 132 138 140 149 152 154 155 158 164 165 182 
184 
18
8 20 39 42 46 48 54 73 93 116 119 123 
148 149 152 175 177 197 
17
6 13 24 35 64 65 71 96 120 122 152 158 
163 165 183 188 197 
23
9 21 31 35 39 40 47 66 70 73 75 97 
103 117 123 134 137 144 155 160 174 181 198 
17
2 10 15 18 29 44 76 102 114 116 130 146 
149 167 170 181 195 
24
3 5 7 11 36 65 71 79 80 95 96 106 
120 122 125 126 159 160 162 165 173 174 181 192 
20
14 22 34 40 48 68 88 91 96 123 124 125 
130 136 148 185 188 189 190 196 
18
10 15 29 40 44 60 64 73 76 92 132 141 
142 145 148 154 170 199 
22
1 2 13 28 45 49 53 63 69 85 102 103 
107 122 124 132 148 151 167 184 188 197 
20
2 6 32 35 39 40 54 57 73 78 86 119 
144 155 168 176 177 191 193 194 
21
5 12 14 22 30 32 33 35 42 89 91 97 
124 142 153 157 182 188 189 194 197 
23
6 15 19 21 26 36 42 47 60 75 81 96 
102 111 129 153 158 163 167 173 183 194 197 
21
1 2 9 10 20 33 37 41 48 51 63 78 
81 84 98 102 103 136 156 161 192 
17
20 54 87 97 104 107 118 133 137 139 140 146 
176 184 185 186 194 
22
10 11 14 31 34 46 47 54 66 67 70 75 
86 103 110 113 139 151 155 166 177 180 
20
4 8 27 60 61 76 88 96 103 105 116 121 
122 137 142 150 155 160 163 178 
24
12 17 28 31 39 40 49 54 62 73 76 85 
86 89 101 127 132 138 149 153 157 167 184 199 
23
5 7 14 33 35 41 76 79 80 89 91 94 
102 105 106 115 139 144 172 175 195 197 199 
26
1 2 12 28 34 42 62 78 86 97 102 107 
108 122 133 138 144 150 157 166 170 171 174 188 
192 198 
18
4 22 58 74 78 90 97 98 100 104 121 122 
142 148 170 175 178 185 
16
65 67 70 73 87 88 96 98 109 119 129 147 
164 181 186 200 
27
13 17 47 58 59 68 72 74 77 86 94 108 
109 115 117 118 132 137 157 160 165 166 167 174 
187 190 194 
24
1 8 9 15 23 26 35 36 42 45 54 57 
61 78 86 98 120 135 152 153 155 184 187 193 
26
1 4 18 27 32 34 59 61 65 67 72 95 
103 112 114 115 130 137 139 142 145 150 167 169 
174 195 
18
15 38 42 43 45 53 88 104 105 119 124 129 
136 171 181 187 189 199 
24
4 12 25 31 41 45 49 56 61 62 67 70 
93 101 102 122 123 124 135 148 162 164 186 190 
19
6 9 11 25 40 42 44 53 57 68 75 77 
78 88 138 165 178 181 184 
15
17 23 47 68 69 85 88 93 144 145 148 152 
159 172 194 
18
3 6 11 15 16 18 25 30 34 43 52 60 
62 79 85 111 154 159 
24
2 12 16 40 41 42 45 53 58 62 70 77 
88 94 112 125 127 154 169 170 175 176 181 182 
21
1 16 18 28 30 56 71 79 99 104 124 140 
150 157 160 166 176 179 181 196 197 
23
11 19 21 22 31 46 58 73 75 77 85 88 
98 100 106 109 112 116 148 157 165 190 193 
16
20 23 28 45 67 77 96 107 109 118 125 136 
148 150 161 186 
9
16 48 67 90 105 124 136 164 194 
16
33 38 51 87 99 113 124 128 130 140 159 172 
178 184 189 190 
24
7 21 22 33 39 41 53 58 61 64 68 78 
84 90 99 105 111 139 147 150 156 161 183 197 
25
5 14 17 20 25 30 31 52 54 65 84 115 
125 134 135 144 149 160 163 171 172 173 183 186 
198 
23
3 5 16 21 44 62 74 85 94 98 101 105 
112 119 143 148 151 162 165 171 174 187 193 
23
4 14 43 52 59 63 69 79 96 112 113 114 
117 132 133 139 142 145 151 163 185 189 193 
21
28 32 39 40 43 44 82 85 98 99 104 109 
119 120 137 157 166 175 185 186 195 
10
34 42 47 52 82 138 143 168 180 198 
24
11 19 20 27 32 56 58 59 95 98 105 107 
111 117 120 121 128 136 156 171 175 176 188 189 
21
6 16 33 37 43 46 47 53 56 57 65 81 
106 111 127 131 178 185 188 192 196 
18
11 30 74 78 81 92 96 110 117 118 121 125 
128 131 158 174 191 195 
23
13 14 35 36 38 40 50 60 63 70 85 89 
92 99 112 124 165 170 173 179 183 184 197 
20
16 35 39 40 41 46 49 56 77 78 84 89 
94 97 101 112 114 134 186 199 
28
1 26 35 37 44 50 55 65 69 73 75 87 
90 98 104 117 127 144 158 159 161 167 170 173 
174 193 198 199 
18
5 13 42 44 59 83 98 106 108 121 127 129 
132 146 154 161 178 181 
17
4 24 26 37 43 55 56 80 85 90 107 113 
122 139 143 154 173 
12
13 23 33 39 49 62 71 96 120 122 126 151 
21
14 17 18 50 65 79 83 88 104 111 116 117 
119 122 151 153 163 165 172 190 196 
22
22 34 53 54 62 74 101 108 109 119 122 125 
133 134 142 153 160 161 163 169 185 199 
21
15 23 25 28 35 71 103 104 107 109 125 127 
130 131 133 137 145 177 187 189 200 
20
9 31 42 51 52 59 82 98 105 133 137 143 
146 156 172 179 180 188 192 197 
22
17 25 26 31 36 41 45 61 69 83 90 93 
99 115 121 123 125 140 153 160 165 197 
21
12 19 26 30 42 46 52 53 57 59 60 84 
101 115 117 121 122 126 129 172 190 
17
9 10 16 29 30 42 48 75 105 107 133 142 
151 162 165 177 197 
21
2 12 30 37 52 59 75 78 80 85 111 113 
121 132 136 139 163 187 188 196 198 
26
1 3 5 9 20 25 30 32 47 48 53 56 
66 72 87 92 116 118 123 127 134 152 167 168 
186 196 
17
4 32 46 54 62 77 91 92 98 104 105 109 
125 134 161 163 200 
21
17 18 28 37 38 44 55 64 83 100 101 123 
127 136 148 154 163 170 185 186 191 
23
13 35 41 53 55 76 84 85 103 109 110 111 
112 113 132 133 134 143 150 154 178 185 195 
22
2 9 33 51 52 61 84 128 150 153 155 157 
159 161 170 171 173 176 179 187 189 197 
22
8 12 26 27 33 53 61 92 101 105 119 125 
131 138 153 164 168 174 177 185 196 197 
15
13 25 38 42 43 75 92 104 113 137 149 163 
175 187 193 
19
1 29 39 45 50 69 76 102 107 112 116 124 
133 138 158 165 171 176 181 
21
9 11 22 23 28 39 44 47 51 73 88 93 
113 120 126 134 147 153 167 174 179 
28
14 22 35 42 50 65 70 77 79 90 99 100 
110 111 112 122 126 128 140 143 148 160 178 180 
192 195 196 199 
18
3 18 23 25 26 48 54 65 84 94 116 124 
131 137 164 166 174 184 
18
20 24 26 28 32 36 48 52 83 86 114 144 
154 166 169 170 171 184 
21
7 21 34 35 36 38 48 60 78 97 120 141 
149 164 169 173 177 179 185 186 192 
18
2 30 45 50 77 98 102 113 115 135 138 148 
159 165 175 176 191 192 
31
2 4 15 17 32 33 35 41 46 49 54 55 
65 80 82 99 104 108 111 131 141 142 154 156 
168 169 183 188 189 191 197 
22
6 14 17 18 23 26 39 60 74 75 92 97 
102 116 125 134 154 159 174 181 185 189 
19
3 8 20 22 30 33 35 46 54 56 57 80 
104 130 139 152 160 177 184 
21
11 28 30 33 50 53 88 92 94 107 122 127 
132 133 138 168 170 177 179 183 197 
24
4 11 16 22 25 34 47 48 52 80 82 94 
96 103 111 112 113 114 147 154 160 172 173 192 
20
11 19 28 51 60 93 110 115 116 121 127 128 
129 137 140 143 185 195 198 200 
21
16 17 33 38 42 89 96 102 109 112 123 126 
146 152 155 156 162 166 170 181 189 
25
19 21 31 42 52 57 71 85 91 95 96 99 
107 120 124 126 143 152 163 166 180 188 192 195 
199 
23
2 19 23 31 33 46 67 81 88 98 106 107 
108 121 125 127 146 159 164 179 187 191 195 
15
4 7 25 33 38 40 65 72 83 101 117 126 
168 175 185 
20
2 6 14 24 37 42 52 82 90 92 105 123 
127 134 137 156 166 178 195 198 
13
23 42 66 84 86 100 117 127 142 161 184 193 
199 
19
3 8 9 25 36 48 49 60 62 63 65 66 
80 115 130 142 166 182 185 
19
8 9 16 22 53 56 63 68 90 91 93 102 
120 132 144 169 196 198 199 
16
5 15 21 30 31 48 59 71 130 142 151 158 
165 174 176 193 
20
17 33 40 49 59 79 96 111 118 132 133 136 
141 142 145 148 160 170 177 182 
21
2 34 48 72 89 91 95 97 105 114 115 125 
132 149 155 178 179 182 188 197 198 
23
20 27 44 52 66 73 79 81 96 98 99 112 
113 134 139 143 146 154 158 170 179 193 199 
19
9 34 50 59 73 76 78 93 118 125 128 129 
138 154 159 161 163 176 179 
21
7 12 40 47 50 74 86 87 92 106 110 113 
147 148 149 150 164 169 174 197 199 
31
14 18 20 25 27 49 50 55 61 69 73 84 
102 104 106 110 111 113 122 123 136 139 147 152 
170 172 174 175 182 183 185 
17
16 32 46 48 59 87 90 106 111 122 126 132 
144 154 156 189 194 
14
5 6 8 25 46 70 82 92 110 149 150 173 
180 194 
22
3 5 24 39 40 56 57 87 89 92 104 116 
122 127 129 138 142 146 167 181 194 197 
22
16 32 37 49 51 58 83 91 109 110 111 116 
133 138 161 164 168 171 172 176 178 191 
15
2 25 44 61 64 68 69 86 90 96 105 109 
142 159 169 
19
5 16 41 63 64 70 103 104 119 128 129 152 
158 169 178 189 192 196 199 
21
11 17 20 27 36 58 65 85 96 109 111 114 
142 152 153 156 157 161 166 187 195 
17
2 16 25 34 36 75 79 80 109 112 113 129 
152 153 165 175 194 
20
7 8 18 26 36 56 61 68 72 75 86 93 
105 111 118 132 168 175 177 199 
25
32 36 37 49 50 52 59 66 72 85 92 98 
119 123 131 137 141 146 147 161 167 168 169 174 
187 
18
9 27 30 33 40 43 53 58 71 74 80 87 
92 104 153 159 194 197 
26
5 22 24 27 36 49 59 69 91 93 94 98 
110 112 117 125 127 130 149 154 165 167 185 191 
196 197 
15
6 12 16 18 38 40 43 54 56 62 72 149 
165 173 188 
18
6 48 53 67 72 80 85 131 145 160 177 178 
184 185 188 190 196 199 
19
10 13 24 52 57 58 69 77 83 87 101 104 
139 140 155 158 175 199 200 
31
2 12 16 21 22 33 38 40 41 51 60 62 
67 87 88 99 101 116 117 125 129 134 141 163 
164 174 176 177 194 196 198 
21
13 15 19 48 51 57 58 76 80 81 86 92 
95 110 135 138 139 141 176 191 197 
21
7 12 33 52 53 54 60 68 89 97 112 122 
131 144 169 172 184 187 189 194 196 
13
21 28 74 79 87 96 112 117 120 141 142 145 
169 
12
10 11 14 15 33 54 60 64 113 135 153 180 
22
7 11 17 18 21 35 37 57 60 89 95 97 
104 110 118 130 156 163 182 190 194 200 
23
7 15 26 32 36 42 57 60 64 69 73 77 
88 91 102 117 132 150 159 167 178 183 194 
16
14 17 31 39 43 54 65 112 116 119 123 135 
145 146 150 165 
22
21 22 31 38 39 43 45 48 55 68 88 97 
99 111 113 127 161 170 183 191 198 199 
16
2 3 12 31 49 92 96 119 148 149 156 160 
173 182 185 194 
26
14 18 24 25 38 40 42 47 58 62 73 80 
84 87 95 96 103 109 127 128 147 148 152 175 
178 195 
24
7 21 29 30 33 36 50 59 64 72 78 79 
82 85 91 116 127 128 130 150 153 154 175 181 
19
5 10 16 63 66 70 72 79 93 113 123 142 
148 152 160 171 177 181 187 
25
30 35 55 61 69 71 74 81 113 114 115 133 
136 138 143 146 151 156 165 179 180 183 184 197 
198 
15
13 19 43 85 96 97 107 129 134 177 185 188 
190 192 195 
17
6 17 23 26 27 34 42 74 92 124 128 144 
148 151 152 178 185 
15
11 49 55 69 73 77 83 106 136 143 163 174 
184 198 199 
21
2 8 19 24 30 42 49 60 73 80 96 103 
124 126 127 139 142 175 178 193 200 
19
6 13 19 36 45 53 62 79 90 97 103 120 
123 131 144 147 182 183 196 
26
4 6 7 62 78 90 93 94 97 101 102 103 
110 113 129 134 136 141 151 154 161 164 172 183 
189 199 
26
2 4 9 19 26 28 66 69 74 81 89 92 
113 116 118 123 125 126 141 151 156 160 170 174 
186 195 
24
5 22 40 49 55 57 58 68 72 73 77 84 
91 106 109 116 120 125 127 129 134 147 169 173 
21
4 7 20 30 35 46 53 54 67 68 70 83 
96 98 128 145 156 157 159 171 173 
15
9 10 35 39 56 62 65 87 88 128 142 154 
159 166 175 
21
13 16 25 39 45 52 57 59 67 70 85 88 
115 148 172 185 186 187 189 190 200 
22
15 26 45 56 58 72 74 84 86 87 93 101 
110 116 127 143 155 156 168 190 193 195 
18
7 18 39 47 51 59 77 79 84 107 118 148 
153 158 164 170 174 181 
19
19 27 91 93 98 99 101 104 108 109 115 121 
125 126 150 173 179 182 185 
15
1 4 5 30 34 41 42 52 73 77 111 124 
160 166 194 
18
2 20 21 28 38 52 53 58 68 83 89 136 
137 146 158 161 169 179 
18
29 48 63 76 103 109 111 115 124 144 145 154 
161 172 193 195 197 199 
13
17 23 30 32 36 51 78 104 110 133 153 159 
196 
20
9 26 31 43 44 46 48 54 58 97 98 115 
123 135 137 148 162 182 183 189 
16
22 33 34 37 49 50 58 66 71 73 88 116 
146 169 176 188 
23
3 7 8 12 19 28 31 46 56 60 71 84 
85 92 94 102 128 133 156 160 180 182 198 
26
1 2 3 9 22 36 43 46 53 61 74 76 
97 104 115 123 124 130 140 149 156 159 173 179 
187 199 
16
3 25 35 36 57 78 80 83 85 112 127 137 
151 152 167 197 
34
14 20 21 33 35 37 39 42 43 47 52 61 
62 64 67 82 88 90 92 96 98 108 121 122 
134 143 156 161 170 173 174 177 188 190 
25
2 11 16 18 24 33 55 80 84 89 103 116 
117 121 128 130 133 139 147 151 159 160 168 185 
199 
17
1 11 19 20 44 80 85 90 95 100 115 126 
131 155 157 185 187 
25
2 4 7 23 29 36 51 60 67 76 85 94 
98 108 126 131 134 135 146 151 158 177 189 193 
199 
16
21 32 35 38 41 50 53 60 81 96 106 108 
113 118 159 173 
20
2 37 39 42 51 61 64 67 69 74 86 93 
115 121 139 152 181 183 197 199 
28
6 33 34 46 52 58 62 63 64 72 74 82 
97 108 113 117 126 134 135 144 148 151 156 173 
185 187 189 190 
24
11 12 19 23 37 54 55 56 59 61 67 85 
88 95 99 108 109 113 136 143 160 169 178 193 
20
5 19 22 31 37 60 61 74 75 77 82 93 
127 144 154 162 164 179 182 183 
20
10 17 27 40 42 43 45 49 71 98 102 118 
123 138 151 155 172 177 181 183 
32
1 15 17 28 29 34 37 45 47 50 61 69 
76 86 88 89 99 104 107 112 114 116 121 125 
141 168 170 174 178 180 187 196 
8
17 52 54 55 67 118 160 182 
27
9 18 21 28 52 60 61 77 81 89 95 104 
115 121 124 129 130 131 133 139 141 145 146 154 
167 187 189 
26
7 13 14 27 28 33 36 39 46 56 65 68 
69 86 92 111 118 121 126 139 140 142 150 153 
167 180 
14
31 46 55 83 95 105 114 122 133 139 147 150 
192 197 
32
1 7 8 12 16 17 35 36 51 60 63 64 
72 86 90 94 100 101 109 116 122 127 133 144 
146 149 153 157 161 174 178 193 
19
6 23 35 37 42 43 49 51 52 54 80 121 
141 151 152 153 167 181 184 
19
16 23 35 37 47 60 63 65 93 106 108 113 
134 136 170 179 182 189 191 
17
3 22 26 27 28 36 42 43 73 82 83 90 
91 168 172 191 193 
15
10 19 23 34 57 64 79 83 140 146 163 166 
179 182 192 
24
9 20 22 26 66 74 80 93 95 98 103 105 
132 140 144 149 155 158 173 181 185 190 191 198 
20
7 19 22 24 29 34 37 49 58 74 84 108 
125 128 131 133 139 150 175 178 
25
8 9 27 37 42 46 49 53 74 81 96 109 
124 125 126 130 134 135 141 148 165 166 172 179 
181 
21
6 14 19 23 59 69 70 81 102 109 117 119 
142 159 168 169 175 180 185 196 198 
24
2 27 45 50 54 63 69 81 86 89 90 97 
99 103 114 119 131 132 145 150 174 175 188 197 
25
5 6 35 50 54 55 66 68 72 74 85 89 
98 100 103 107 131 144 149 150 157 163 166 170 
191 
15
13 18 20 50 54 63 84 91 122 145 146 162 
173 174 187 
21
12 28 37 54 55 58 59 70 84 85 86 91 
117 123 132 147 155 156 169 173 190 
20
7 18 27 38 50 69 75 94 103 124 131 135 
140 165 166 171 172 182 187 199 
20
22 24 30 32 49 59 65 91 107 111 119 126 
128 134 136 140 150 174 178 184 
23
3 12 19 44 48 53 57 86 93 99 117 118 
127 132 142 145 150 152 165 177 182 191 199 
23
11 27 31 46 53 66 72 85 107 109 124 128 
143 144 147 164 187 188 190 191 192 194 197 
23
13 14 21 35 36 37 44 56 64 73 76 84 
85 104 123 126 139 140 166 185 190 197 200 
