400 200
1 1 1 1 1 1 1 1 1 1 1 1 
1 1 1 1 1 1 1 1 1 1 1 1 
1 1 1 1 1 1 1 1 1 1 1 1 
1 1 1 1 1 1 1 1 1 1 1 1 
1 1 1 1 1 1 1 1 1 1 1 1 
1 1 1 1 1 1 1 1 1 1 1 1 
1 1 1 1 1 1 1 1 1 1 1 1 
1 1 1 1 1 1 1 1 1 1 1 1 
1 1 1 1 1 1 1 1 1 1 1 1 
1 1 1 1 1 1 1 1 1 1 1 1 
1 1 1 1 1 1 1 1 1 1 1 1 
1 1 1 1 1 1 1 1 1 1 1 1 
1 1 1 1 1 1 1 1 1 1 1 1 
1 1 1 1 1 1 1 1 1 1 1 1 
1 1 1 1 1 1 1 1 1 1 1 1 
1 1 1 1 1 1 1 1 1 1 1 1 
1 1 1 1 1 1 1 1 
27
3 7 10 20 27 28 37 40 66 71 72 84 
85 104 113 119 134 140 145 150 151 157 162 164 
190 194 196 
22
25 37 41 51 70 78 92 97 112 117 119 126 
134 147 161 164 172 180 181 186 187 200 
15
8 11 20 25 39 58 76 91 104 106 119 134 
147 159 160 
22
3 8 20 21 34 36 51 65 68 76 92 94 
106 116 150 151 174 176 182 191 193 199 
17
1 30 38 40 46 78 88 93 104 106 128 134 
148 157 177 197 198 
20
25 28 30 48 55 71 83 84 91 92 93 105 
116 137 141 144 147 163 183 184 
22
1 17 22 38 39 43 47 71 75 81 83 89 
100 110 112 123 131 136 156 158 164 190 
21
16 32 41 56 58 60 72 82 90 106 128 135 
141 144 154 157 176 180 186 187 194 
23
1 5 8 48 49 50 53 55 56 58 63 66 
73 77 80 103 109 143 148 165 180 197 198 
25
10 32 42 45 60 67 76 77 82 85 89 90 
109 115 125 136 150 152 159 161 163 166 167 170 
172 
21
25 36 38 42 44 70 71 76 78 131 138 147 
149 151 152 155 160 173 178 183 200 
25
5 20 24 38 49 63 65 71 72 78 80 89 
95 100 119 132 135 136 137 149 153 159 169 184 
190 
28
3 9 13 27 43 45 51 64 76 78 82 88 
89 105 109 122 125 142 146 153 157 166 167 170 
172 185 186 188 
20
5 11 22 23 26 66 70 74 86 92 96 100 
111 138 142 144 159 171 179 193 
16
3 6 10 11 30 32 61 62 77 95 112 155 
186 189 191 200 
17
6 8 14 46 59 82 89 90 100 103 120 144 
160 164 169 186 190 
18
6 15 19 42 46 52 76 84 89 97 104 133 
135 144 146 188 189 193 
23
10 13 24 25 29 31 34 55 58 78 87 93 
101 104 128 143 155 159 166 175 184 194 199 
17
40 55 71 72 82 98 102 107 111 114 118 140 
142 144 158 168 183 
29
4 9 11 15 26 29 30 33 48 62 67 76 
85 87 93 108 109 121 125 140 141 142 155 163 
165 175 188 199 200 
17
7 10 42 50 69 88 91 101 109 120 139 149 
165 171 190 192 197 
24
3 15 23 32 58 61 63 78 89 90 107 114 
118 121 131 134 144 148 149 152 158 172 178 193 
18
17 20 25 38 41 43 47 49 53 63 79 91 
94 100 135 163 169 176 
25
5 8 12 16 18 19 44 47 56 69 77 84 
85 88 93 98 114 128 130 131 132 134 144 145 
152 
18
26 49 57 65 79 81 104 120 122 127 132 135 
140 143 145 160 168 199 
20
21 26 31 32 36 43 54 71 78 89 103 112 
121 128 135 147 157 163 177 178 
20
2 3 11 19 21 40 47 52 63 84 111 117 
122 123 158 164 175 182 196 199 
18
7 17 52 63 67 73 95 97 111 116 124 140 
145 148 176 182 188 199 
19
17 23 28 35 38 51 76 101 109 112 113 124 
130 139 148 162 164 193 195 
28
1 6 7 14 15 23 34 44 53 62 65 67 
94 96 97 98 127 132 145 160 162 163 166 180 
185 187 196 200 
20
28 46 48 50 51 79 84 98 101 110 114 149 
151 158 168 169 171 186 190 193 
19
10 25 40 46 49 55 62 74 92 112 118 132 
136 146 154 165 174 181 200 
19
5 12 24 28 35 42 59 83 91 98 103 107 
116 130 152 159 173 195 196 
20
2 6 34 46 50 59 68 69 85 86 90 92 
102 104 116 126 127 134 168 188 
22
20 24 25 32 42 51 66 84 90 97 101 104 
110 112 122 124 134 136 137 145 178 188 
20
3 16 19 29 38 56 67 82 103 107 114 115 
140 158 169 173 178 184 186 189 
21
21 47 51 55 65 69 75 85 90 94 95 102 
107 113 148 157 172 182 183 187 197 
13
7 11 22 34 35 48 50 57 70 146 156 163 
166 
19
3 21 25 35 44 53 72 77 90 99 111 134 
145 168 176 180 191 193 199 
20
7 21 40 59 68 74 77 119 120 121 130 131 
132 153 163 165 166 178 190 200 
15
12 19 36 50 53 64 65 82 98 120 127 136 
144 157 200 
17
13 24 30 37 38 40 43 101 103 107 133 154 
155 180 181 188 199 
22
3 6 24 25 31 47 54 56 66 71 82 91 
93 110 112 115 118 131 144 161 169 174 
15
1 4 6 25 29 48 53 60 64 99 110 127 
134 146 183 
21
6 13 24 27 33 39 44 47 76 81 86 88 
89 94 112 116 142 163 165 199 200 
27
3 10 28 31 37 42 47 53 55 57 60 62 
64 81 89 93 104 108 115 116 134 136 148 173 
186 190 191 
21
2 8 12 21 37 44 51 70 78 82 112 123 
136 142 143 155 172 175 183 194 199 
26
6 7 13 14 16 18 23 31 37 38 51 58 
96 103 106 114 115 116 129 159 176 178 190 196 
198 200 
25
10 17 40 48 49 51 52 67 74 76 83 95 
106 115 121 137 147 156 158 162 175 180 181 185 
196 
18
12 28 41 56 70 92 106 109 110 112 113 116 
119 140 161 183 193 196 
24
3 4 13 47 62 65 81 82 87 98 122 133 
135 157 163 164 168 171 173 175 176 184 189 199 
21
8 10 20 29 33 34 36 59 69 71 72 75 
81 94 118 122 152 166 176 178 200 
21
2 38 46 55 58 59 71 84 95 104 111 115 
121 141 154 157 166 171 179 185 187 
30
3 7 13 18 19 20 40 41 60 63 77 79 
96 100 101 105 111 116 117 122 129 141 143 145 
151 159 162 166 176 177 
17
12 17 26 28 38 71 74 78 90 101 120 136 
141 181 183 184 189 
20
1 50 52 60 66 76 78 82 113 146 151 155 
157 159 161 166 178 188 195 196 
16
2 8 18 20 35 52 56 66 104 136 145 146 
175 186 196 198 
20
18 19 26 41 62 83 88 119 120 128 131 144 
160 164 167 169 171 176 188 200 
18
5 11 16 46 52 54 88 104 115 124 127 142 
150 168 173 180 187 194 
22
19 22 28 30 45 49 81 85 88 94 100 102 
104 120 141 148 150 160 173 179 192 196 
23
43 46 50 51 68 69 73 74 75 80 90 102 
116 120 132 148 152 153 167 170 189 191 197 
16
8 10 22 29 42 46 50 51 53 69 77 89 
103 105 116 132 
16
15 22 31 52 63 67 76 100 103 114 115 124 
132 136 161 167 
17
13 14 44 64 73 105 123 131 133 148 149 153 
155 168 169 174 179 
18
8 27 36 40 53 69 71 84 85 104 110 126 
135 154 174 177 191 194 
20
10 27 31 36 47 56 64 66 79 83 93 96 
136 151 161 172 183 184 185 193 
22
9 15 20 23 40 45 48 62 71 72 79 89 
106 129 153 161 166 172 175 187 197 198 
19
16 38 53 58 59 60 75 83 85 88 109 114 
124 142 154 159 166 196 199 
19
1 23 24 25 36 65 70 78 97 104 116 133 
149 154 164 183 189 190 193 
11
30 52 66 68 86 103 119 122 123 144 159 
17
5 17 19 39 46 55 58 61 73 92 109 125 
132 141 160 177 185 
24
3 4 6 19 28 29 35 36 37 42 58 64 
65 67 119 133 143 144 146 172 175 178 192 196 
25
6 16 30 40 42 58 67 72 74 76 87 100 
106 109 112 117 119 126 134 141 142 145 158 159 
198 
19
18 27 35 40 43 55 68 74 86 96 107 110 
117 153 154 160 161 176 194 
20
2 3 17 33 52 53 67 76 77 89 93 101 
114 120 128 138 179 180 183 200 
20
9 15 28 56 60 64 65 88 92 105 119 127 
156 157 160 162 168 169 172 200 
19
2 26 32 53 55 74 78 82 94 99 110 136 
140 161 166 176 187 190 193 
23
4 9 15 17 19 42 47 53 58 92 101 115 
119 121 126 128 129 143 152 164 165 178 182 
18
2 12 19 27 42 44 47 51 56 61 67 89 
92 131 135 149 168 188 
31
4 5 18 28 37 39 40 42 43 47 48 62 
72 86 92 97 98 103 104 112 113 123 144 146 
147 151 175 176 184 186 190 
28
3 8 16 17 25 36 38 39 48 65 83 84 
88 90 101 107 108 133 141 147 156 157 164 165 
174 180 193 194 
20
1 7 9 14 43 47 50 52 62 70 73 94 
100 101 103 125 173 178 191 198 
23
14 28 52 57 64 66 74 77 83 95 96 110 
113 120 121 128 149 156 174 176 178 189 196 
19
23 37 49 52 66 71 74 93 106 113 143 149 
152 156 165 183 187 193 196 
19
1 3 7 41 47 52 57 61 69 72 87 90 
110 135 137 138 150 163 166 
12
12 17 20 63 75 90 104 105 109 138 145 188 
22
10 42 60 67 69 81 86 92 107 121 123 129 
131 142 159 166 172 185 187 189 191 198 
18
8 10 19 20 28 33 38 97 111 114 118 119 
132 154 155 164 165 197 
18
14 34 57 63 75 89 94 96 100 113 134 141 
143 151 156 176 189 200 
27
4 9 28 46 47 51 52 53 54 55 73 78 
79 97 130 143 153 157 159 170 173 175 180 184 
191 192 200 
31
12 17 23 39 47 50 60 73 77 78 83 90 
104 110 113 117 126 129 131 145 146 147 152 153 
154 157 158 183 191 192 193 
26
3 25 27 30 50 52 63 67 68 70 72 84 
89 108 110 118 126 132 141 142 146 174 177 186 
190 196 
21
3 48 57 58 65 91 107 115 116 140 143 145 
154 160 162 165 167 168 173 181 185 
16
14 36 49 61 68 70 71 89 97 128 136 156 
174 176 180 194 
24
2 9 18 21 37 44 54 61 63 65 79 92 
99 103 115 133 149 151 160 166 186 189 195 197 
13
10 16 51 62 84 102 109 110 134 157 161 181 
198 
22
1 14 18 44 49 75 94 98 103 108 114 123 
143 145 154 156 159 163 187 190 191 195 
23
8 19 29 40 46 50 55 57 59 65 79 83 
104 118 134 142 143 144 149 150 160 180 190 
22
12 14 17 26 31 34 42 46 51 53 54 73 
81 89 122 128 129 136 141 183 190 194 
21
20 30 38 45 49 55 74 78 85 88 92 93 
109 123 125 143 150 153 157 159 186 
17
29 56 57 68 70 73 90 97 106 122 128 141 
143 150 156 175 182 
17
1 59 80 86 88 93 104 105 107 111 112 116 
122 160 164 171 192 
20
8 14 15 30 34 42 44 48 51 60 73 89 
120 130 144 151 159 162 176 185 
24
2 9 10 11 13 24 38 48 49 89 93 113 
131 135 140 143 144 146 150 156 157 168 175 183 
21
3 27 29 33 46 48 55 58 66 76 79 85 
98 100 113 118 120 150 180 187 200 
22
7 14 18 36 37 44 47 51 77 94 100 109 
112 118 145 146 160 168 177 186 195 198 
20
15 28 39 42 43 45 59 81 106 132 133 140 
147 151 172 181 187 188 194 196 
18
6 27 47 48 53 78 82 86 109 113 119 127 
137 138 146 181 186 193 
25
12 21 25 30 33 42 46 54 71 79 96 98 
103 104 124 129 137 139 148 153 174 182 184 187 
191 
23
18 34 50 59 72 74 89 94 99 109 110 118 
125 129 144 146 148 158 159 166 181 183 194 
24
2 14 16 39 44 47 54 59 75 83 88 90 
109 118 125 127 136 153 158 162 183 188 194 197 
19
5 23 42 54 65 67 97 99 106 115 116 118 
121 131 133 136 141 162 169 
16
14 56 58 65 79 80 93 98 104 106 129 142 
155 159 160 185 
24
1 6 9 16 18 32 36 41 54 55 60 71 
87 95 127 128 131 145 152 167 190 192 194 200 
19
14 18 55 57 62 71 90 101 104 107 124 125 
137 139 151 154 159 181 195 
17
41 50 55 70 73 74 77 93 107 112 134 157 
162 164 165 186 200 
22
31 35 38 39 45 60 64 85 94 97 101 102 
104 105 118 121 126 136 145 172 177 184 
15
51 52 64 82 84 109 117 130 147 158 161 163 
171 179 181 
22
9 17 41 51 61 64 97 98 100 112 114 115 
129 141 142 148 155 158 172 176 192 196 
28
1 8 12 17 26 38 39 45 51 63 73 88 
95 103 104 107 127 129 130 137 141 163 170 182 
186 191 192 193 
23
19 24 25 36 42 54 60 63 64 78 112 126 
129 134 153 170 172 177 182 187 191 197 200 
26
3 20 42 43 52 66 85 90 97 98 117 119 
122 130 133 145 147 149 158 160 161 172 177 189 
190 199 
20
5 16 27 35 39 43 52 88 104 109 115 126 
131 138 152 153 156 167 185 197 
19
13 14 18 20 34 82 89 109 135 137 145 150 
156 164 183 188 189 192 197 
24
7 11 14 15 23 34 35 42 56 65 71 72 
76 85 95 111 119 146 155 165 168 179 188 191 
11
17 35 53 78 87 94 116 129 133 149 182 
13
2 5 6 54 66 71 78 84 90 124 186 196 
200 
19
3 19 25 36 43 52 67 75 87 93 95 106 
109 138 147 153 176 178 190 
25
1 6 30 37 41 51 57 78 82 85 89 90 
100 101 111 126 137 143 165 181 185 189 194 195 
199 
18
4 9 16 25 37 39 53 63 66 74 117 127 
129 139 140 164 168 184 
13
8 33 88 91 98 124 138 151 158 162 163 168 
179 
18
26 30 46 47 59 67 72 75 82 109 113 118 
129 137 138 172 184 189 
17
12 25 47 50 59 67 77 114 119 125 134 137 
174 179 196 197 200 
20
2 38 48 58 61 70 92 103 109 115 119 129 
132 148 153 161 164 167 183 185 
20
25 30 37 39 62 78 97 111 112 119 123 131 
132 135 142 159 176 185 189 193 
22
1 8 16 22 37 45 50 53 58 87 90 94 
100 101 113 114 116 124 135 145 149 155 
17
2 15 18 19 27 33 42 53 60 77 120 164 
169 171 175 177 192 
20
21 24 25 29 33 44 45 49 55 76 77 92 
104 124 133 139 166 176 181 184 
19
2 29 49 52 59 80 83 86 90 91 92 94 
110 114 128 134 152 166 174 
20
4 5 6 10 27 28 37 39 55 71 78 79 
97 108 118 125 158 161 166 197 
19
4 9 14 27 31 43 54 59 102 104 109 120 
125 135 142 148 160 161 179 
17
10 22 28 31 61 98 105 118 129 130 132 141 
161 165 175 190 198 
20
19 27 31 32 37 43 50 62 66 85 95 125 
127 132 135 149 157 187 189 198 
20
2 31 38 45 59 72 74 89 90 110 125 132 
144 158 180 183 186 187 189 198 
14
9 53 73 81 88 100 127 131 139 142 160 166 
169 194 
27
16 17 19 24 35 43 51 67 79 88 89 91 
94 103 108 109 110 123 132 138 144 152 154 164 
168 175 180 
21
9 12 36 38 46 51 53 55 66 73 83 84 
90 91 114 122 129 131 133 134 191 
18
6 16 17 39 45 51 107 109 111 112 117 129 
154 158 161 162 176 194 
19
3 8 12 16 37 55 65 76 88 111 114 115 
117 136 140 142 148 149 173 
24
4 8 14 22 23 50 70 71 72 76 80 86 
112 117 119 124 125 140 153 156 162 168 172 189 
16
8 11 24 25 32 52 69 90 127 144 159 165 
171 177 178 188 
25
4 24 25 33 35 41 44 50 55 60 70 92 
106 111 118 140 142 155 166 174 182 191 194 195 
199 
17
9 29 37 39 44 56 65 74 90 99 100 118 
128 148 154 161 167 
26
1 3 4 16 26 27 35 53 61 69 74 81 
83 88 100 102 109 132 133 162 164 165 169 178 
179 192 
29
5 26 28 41 49 52 61 62 64 75 78 85 
88 93 105 113 115 119 127 136 137 154 159 166 
167 168 178 179 189 
17
19 26 30 41 54 64 70 113 120 126 142 143 
146 152 153 167 198 
17
31 32 58 60 61 67 68 87 111 137 138 155 
157 160 169 176 194 
22
10 37 54 59 65 72 74 86 98 100 112 114 
123 142 149 157 173 187 191 192 197 199 
22
16 24 26 38 45 47 48 49 53 67 92 96 
103 114 116 135 146 147 156 161 176 196 
30
4 14 33 37 41 49 56 57 63 78 87 92 
93 98 99 113 119 145 154 156 157 166 179 187 
191 192 193 197 198 199 
21
16 19 21 35 41 53 56 61 74 75 82 92 
95 98 106 119 129 150 166 198 199 
20
3 10 37 74 93 98 101 110 112 139 142 143 
146 150 165 168 178 183 192 194 
16
7 10 14 20 21 33 37 56 64 71 121 126 
127 140 145 162 
15
7 22 25 79 86 104 112 115 140 155 157 159 
165 179 183 
27
24 26 29 30 34 40 46 52 80 84 86 93 
96 100 103 108 114 129 133 148 156 162 171 186 
192 193 195 
23
18 27 31 32 34 36 44 57 59 92 118 130 
139 142 155 156 161 166 177 182 183 188 197 
21
2 13 20 24 31 37 50 51 71 72 93 94 
99 105 113 138 139 155 170 174 185 
24
8 24 25 34 39 46 49 54 55 56 61 62 
66 67 74 78 80 82 138 139 148 156 160 197 
21
6 7 14 19 21 24 27 43 86 96 105 121 
123 124 140 148 151 159 168 170 174 
22
14 16 20 25 36 45 76 89 97 99 109 112 
118 123 131 134 142 154 182 183 186 200 
20
1 6 17 27 30 36 41 44 76 82 89 114 
120 134 153 155 163 164 186 187 
21
9 26 31 36 51 59 60 68 87 92 100 102 
125 131 132 136 146 178 193 196 198 
23
3 18 20 23 39 57 78 80 83 90 97 117 
118 133 136 146 156 158 159 161 163 178 194 
18
4 8 17 50 52 70 109 115 125 128 142 159 
167 170 178 180 185 200 
10
17 82 104 109 120 126 136 163 186 190 
18
1 23 28 40 45 73 76 77 92 124 133 134 
140 159 167 176 194 195 
19
36 59 70 74 77 86 88 96 104 128 129 130 
166 169 173 189 190 192 198 
25
18 25 27 41 53 60 62 96 112 114 118 124 
126 128 132 137 142 149 158 159 163 170 175 183 
185 
19
8 32 37 38 42 48 69 81 84 87 110 111 
112 132 135 148 149 172 188 
21
7 15 21 30 35 47 52 60 71 79 83 85 
109 112 116 117 121 131 150 181 197 
18
5 9 22 23 41 44 50 54 62 117 129 144 
147 149 173 176 183 195 
23
3 21 35 38 49 54 57 69 71 75 76 79 
80 81 116 123 130 136 147 164 166 186 190 
23
5 8 20 33 46 50 51 52 54 79 81 90 
101 109 115 122 137 138 148 149 188 189 192 
17
3 15 17 18 22 23 45 100 102 123 140 145 
146 149 169 175 194 
18
4 8 34 41 46 59 62 63 67 74 86 90 
96 101 105 154 165 185 
20
3 6 7 10 25 28 39 64 74 86 90 91 
95 111 125 138 153 167 186 198 
13
29 32 39 69 100 135 141 142 147 150 154 181 
185 
19
6 14 15 18 21 27 41 51 73 78 106 114 
117 127 144 149 151 162 196 
17
5 26 37 46 57 74 78 82 99 101 159 168 
173 175 179 186 190 
16
2 16 58 62 63 65 78 79 105 107 112 128 
160 166 171 191 
15
35 50 51 58 59 70 86 92 132 136 150 152 
169 171 185 
17
4 6 9 16 45 64 66 70 72 107 125 133 
138 177 181 185 193 
24
3 4 18 19 20 21 23 32 35 49 55 63 
66 92 95 99 101 122 123 124 166 182 184 188 
27
2 13 22 35 38 45 50 51 54 59 70 79 
84 99 102 117 128 137 164 167 173 174 175 182 
183 187 197 
20
11 15 18 25 50 62 64 77 101 104 107 113 
118 135 137 142 146 161 162 169 
19
19 46 55 57 59 65 67 72 76 78 80 125 
163 171 175 188 192 195 199 
20
5 7 12 15 25 43 46 48 55 58 73 74 
91 106 126 136 144 149 157 183 
29
3 9 11 20 24 32 37 42 46 60 69 80 
83 90 91 99 104 111 112 129 130 134 142 143 
150 153 160 179 198 
31
3 13 17 23 25 29 30 31 32 38 46 52 
53 60 63 72 79 80 85 96 99 108 111 118 
125 131 132 139 147 180 192 
25
29 32 37 51 52 65 72 77 80 98 105 110 
113 115 118 122 127 152 166 171 174 180 188 197 
199 
17
17 37 40 62 91 92 107 120 129 156 162 164 
166 180 181 196 200 
24
7 17 18 32 36 42 47 81 83 84 86 98 
100 102 107 109 125 130 132 149 163 180 198 200 
18
4 8 14 44 64 117 133 137 138 143 148 150 
152 171 173 174 180 181 
24
17 45 52 55 64 66 87 94 96 104 107 112 
132 140 142 151 159 162 164 165 171 179 195 197 
18
16 21 25 59 67 75 88 92 99 101 120 128 
133 156 157 172 194 199 
19
6 10 12 40 48 82 85 92 99 102 107 123 
126 156 161 162 175 193 198 
21
3 6 11 19 26 60 65 83 94 99 101 107 
112 134 136 159 178 186 188 193 198 
20
4 10 13 16 22 41 55 61 78 87 92 102 
115 134 149 157 176 192 195 196 
21
4 11 26 47 50 61 78 83 92 100 115 124 
138 148 149 151 155 163 164 167 187 
23
3 12 15 16 21 22 32 56 59 81 87 106 
123 132 145 158 165 166 178 179 182 184 193 
21
4 5 14 23 24 25 42 56 62 66 83 84 
116 135 137 138 145 149 150 157 187 
20
2 3 13 22 44 69 73 81 91 97 101 107 
118 121 122 150 159 178 193 194 
20
16 22 31 32 37 49 59 79 86 88 100 101 
112 142 144 161 164 169 181 187 
23
22 25 29 34 36 41 46 81 89 91 92 93 
119 122 145 146 149 150 151 161 177 188 200 
18
29 31 39 55 71 82 84 105 108 117 125 130 
134 139 152 170 179 185 
20
20 28 43 50 60 64 69 82 83 87 95 98 
103 110 167 175 177 189 196 199 
18
27 50 72 75 86 103 109 122 123 126 135 138 
151 171 186 188 194 197 
22
8 11 27 29 31 37 44 48 60 61 69 79 
88 112 114 127 129 131 141 163 171 191 
27
9 17 21 23 25 27 29 42 49 66 67 69 
81 84 87 114 115 121 122 124 126 132 150 179 
187 189 195 
22
4 5 8 18 21 22 25 29 33 52 55 58 
68 97 134 141 154 157 161 189 193 197 
13
14 21 34 38 53 91 111 153 173 177 181 182 
192 
20
2 11 12 30 59 60 79 86 121 131 143 144 
158 161 165 168 181 182 190 197 
16
8 10 27 30 34 43 75 85 100 116 147 150 
155 165 179 198 
29
16 26 29 35 50 54 60 62 65 66 75 77 
78 80 81 95 103 106 108 113 125 135 140 141 
152 177 183 187 188 
21
4 28 36 46 49 50 55 73 75 76 81 82 
84 87 96 118 122 123 127 169 188 
21
13 22 32 55 59 64 85 101 103 114 128 134 
136 144 157 172 173 185 186 193 198 
18
20 31 53 67 68 90 92 101 109 119 127 136 
139 149 159 168 191 195 
14
12 21 27 34 35 65 73 100 101 104 152 163 
197 200 
20
5 20 27 30 38 56 80 86 88 93 96 105 
109 121 147 149 178 180 182 195 
18
6 14 21 28 30 50 67 77 86 91 97 113 
125 146 177 178 190 193 
22
7 14 26 35 45 59 71 87 89 96 99 113 
123 131 132 137 144 145 170 186 190 194 
21
15 26 32 34 40 42 46 80 84 85 93 114 
128 149 151 168 169 173 181 182 199 
18
1 7 8 21 23 65 78 81 82 86 99 106 
122 125 145 148 159 170 
19
2 6 13 16 33 40 44 54 66 77 81 94 
108 130 135 171 176 195 199 
22
32 33 41 43 44 58 73 77 80 83 86 97 
117 122 124 138 139 147 151 162 183 190 
18
1 2 15 17 31 36 58 64 114 131 134 150 
154 169 171 184 196 198 
18
3 28 36 53 56 64 68 77 82 99 110 117 
133 136 154 164 190 198 
18
15 18 21 25 59 60 70 71 73 87 106 133 
163 165 182 186 193 195 
24
1 14 27 46 50 51 57 59 65 67 76 89 
99 104 105 119 140 150 152 160 186 191 192 199 
13
35 62 92 97 98 108 116 124 141 165 187 188 
198 
21
11 12 20 23 32 45 54 68 70 84 109 112 
120 130 132 139 147 165 187 190 198 
21
1 9 14 35 37 38 58 76 95 101 115 124 
125 128 130 136 147 150 151 185 200 
15
11 16 75 85 103 108 124 144 152 153 173 184 
186 189 196 
17
3 23 50 54 58 84 89 98 112 155 158 159 
169 180 183 187 198 
21
3 6 17 23 28 39 47 50 53 75 88 92 
97 108 112 127 140 142 152 189 190 
28
3 13 20 22 29 32 33 41 52 76 85 94 
104 108 110 112 116 121 137 139 142 148 161 171 
179 180 189 193 
27
2 9 11 13 32 40 46 50 57 62 63 82 
100 106 116 117 121 136 147 148 150 152 162 171 
173 179 189 
25
5 6 13 14 21 22 49 53 58 65 78 81 
86 90 91 92 105 118 121 123 137 176 185 187 
198 
21
17 29 33 50 51 56 74 80 95 101 104 106 
124 139 148 158 161 163 185 197 198 
25
11 12 17 25 32 37 40 68 91 95 98 101 
123 127 134 141 143 153 156 157 162 165 169 187 
200 
22
21 33 41 47 49 59 64 79 97 99 119 121 
127 140 141 152 160 161 169 171 182 193 
16
5 34 35 60 70 93 109 111 120 137 140 150 
159 169 181 183 
25
5 11 13 15 19 27 30 32 57 62 68 73 
75 78 80 89 92 105 106 111 112 120 190 192 
197 
22
1 9 13 14 22 23 30 40 66 85 93 113 
117 146 159 166 184 187 189 192 198 200 
19
1 2 8 21 32 45 68 89 100 103 107 130 
131 141 156 160 165 166 189 
18
4 46 67 86 88 91 108 112 118 120 145 151 
164 168 170 185 189 198 
15
3 4 59 67 108 112 132 138 152 155 157 164 
172 174 180 
23
10 11 24 47 59 64 80 83 84 86 89 96 
98 106 108 115 116 118 140 153 155 169 200 
28
27 29 31 35 45 49 57 63 71 72 96 102 
118 120 121 126 129 130 145 148 154 171 173 178 
180 183 188 193 
22
7 18 20 42 64 73 78 82 99 109 117 118 
128 130 135 149 152 159 165 172 176 184 
14
4 20 30 34 38 40 68 78 92 103 131 174 
186 198 
23
16 20 21 22 24 32 33 40 41 45 53 56 
71 87 104 105 106 120 146 148 153 156 167 
22
6 14 42 43 49 51 57 58 63 74 88 96 
98 118 123 136 148 150 176 178 181 183 
20
9 13 14 15 22 28 36 37 56 82 85 93 
104 112 114 128 145 168 188 199 
25
2 10 22 33 51 68 80 89 96 101 112 113 
118 121 122 136 140 148 163 164 170 171 183 193 
198 
22
6 16 22 33 35 37 38 44 47 53 65 73 
91 103 131 143 152 155 164 183 184 198 
21
12 20 22 31 37 49 70 89 92 93 99 102 
109 115 117 123 138 159 173 185 196 
16
14 45 60 65 83 85 92 95 96 114 133 146 
167 180 184 190 
14
2 22 30 34 39 47 79 94 104 124 142 181 
190 192 
16
20 28 29 34 72 78 102 104 111 115 124 145 
158 162 166 168 
21
1 31 32 35 38 49 59 77 105 114 116 122 
126 129 137 167 191 193 194 198 199 
23
3 9 11 13 33 38 42 58 61 62 64 71 
81 97 128 132 142 150 174 178 183 185 197 
19
30 32 38 41 44 50 59 69 99 106 113 117 
120 128 140 162 192 195 200 
26
7 8 9 12 39 58 63 67 80 81 94 99 
103 107 109 112 119 122 125 126 141 151 165 182 
187 194 
23
15 27 34 46 47 50 60 72 75 78 87 90 
104 109 124 127 130 131 147 151 164 170 198 
23
1 7 11 30 41 64 72 86 103 107 119 122 
126 128 133 142 147 150 178 186 191 194 195 
16
27 37 41 42 44 86 93 126 127 132 138 163 
169 175 178 184 
18
1 2 32 33 35 39 47 49 52 58 71 76 
97 117 138 139 158 161 
20
28 60 63 69 74 88 95 96 99 100 104 119 
124 130 131 143 159 172 189 198 
27
2 13 15 17 19 28 31 32 37 39 53 91 
93 94 97 107 108 109 124 126 141 145 147 165 
168 170 192 
24
8 17 27 30 43 47 53 65 67 83 97 98 
99 101 113 124 130 147 166 169 170 188 191 192 
16
10 61 64 71 80 90 103 109 110 113 135 137 
149 150 165 175 
15
2 10 32 52 55 74 99 106 120 140 142 152 
157 174 179 
20
22 55 56 58 59 75 94 104 110 120 126 133 
136 146 155 175 177 188 194 197 
13
5 18 55 81 101 106 110 117 129 150 154 161 
183 
19
10 14 24 28 56 58 87 96 101 102 106 129 
131 138 144 152 165 177 196 
18
7 23 25 36 40 48 53 56 64 74 110 137 
143 163 167 189 190 196 
16
28 33 48 70 82 101 104 107 111 112 115 121 
163 169 189 191 
19
8 19 27 34 61 63 78 82 102 109 113 118 
134 139 156 179 180 185 188 
21
18 31 36 45 58 59 82 83 84 98 124 134 
146 152 153 161 162 165 169 171 182 
20
8 27 37 40 52 54 58 78 134 138 142 148 
157 168 170 173 179 185 188 200 
21
11 25 29 55 60 75 106 112 113 129 135 146 
157 159 163 164 165 172 177 183 191 
28
9 12 16 17 47 57 73 82 85 98 115 118 
137 143 150 153 160 162 163 166 167 168 179 186 
189 190 195 196 
18
21 22 46 58 61 68 74 115 116 127 130 144 
147 149 170 176 186 196 
19
2 35 51 62 74 83 87 89 91 103 113 115 
125 154 173 176 180 183 199 
16
18 28 40 51 53 56 62 82 89 94 95 109 
116 118 162 167 
20
6 7 13 38 50 53 61 68 77 87 90 105 
115 146 156 158 164 166 178 181 
21
2 12 23 28 38 40 51 59 62 65 70 78 
80 110 142 152 161 162 170 177 191 
17
43 54 56 75 83 88 89 90 99 135 141 143 
144 146 149 169 173 
24
26 35 40 53 56 57 58 64 78 85 87 92 
98 104 108 129 138 147 153 154 162 167 192 198 
23
4 10 14 24 34 37 50 58 59 60 68 83 
93 94 97 106 116 142 162 181 191 195 197 
19
4 8 20 56 62 83 92 94 104 110 118 128 
130 136 140 157 170 181 199 
17
37 38 44 49 50 96 100 115 123 124 165 169 
173 178 180 182 198 
16
10 13 34 38 41 50 57 77 90 117 135 138 
145 167 182 197 
31
5 22 29 34 35 52 53 56 57 63 70 82 
105 109 110 114 119 121 127 134 136 147 159 162 
167 170 174 182 183 195 200 
28
10 11 16 28 30 39 51 58 69 72 74 76 
80 87 98 105 109 113 121 134 138 141 142 146 
152 156 164 173 
20
7 12 29 30 31 49 50 64 70 76 88 107 
111 122 147 148 171 174 180 197 
13
23 47 48 60 81 135 143 144 160 162 167 190 
194 
19
12 13 18 35 46 47 51 83 103 107 122 133 
136 149 154 177 178 199 200 
17
1 11 14 25 28 58 79 89 93 107 111 112 
130 136 161 175 196 
15
4 22 31 38 49 58 64 67 100 101 104 109 
132 145 166 
19
13 22 59 65 72 102 104 112 120 121 127 159 
172 178 180 187 191 196 200 
22
10 17 24 47 55 64 65 70 75 81 92 97 
100 104 112 120 125 135 153 161 183 197 
30
2 7 10 27 28 35 50 54 69 79 81 95 
97 108 122 146 154 156 159 166 168 170 174 180 
184 188 190 191 194 196 
23
1 17 25 28 34 36 43 59 80 87 119 120 
127 136 137 140 146 162 173 177 178 180 197 
30
13 16 23 29 48 56 71 78 85 93 97 98 
101 102 107 113 114 118 126 129 149 161 167 168 
169 173 176 188 193 200 
22
14 21 30 52 58 72 74 75 91 97 112 123 
129 133 139 158 160 171 174 180 186 197 
23
3 4 11 31 54 69 70 74 85 93 99 111 
116 117 121 123 124 127 147 155 157 179 183 
20
1 17 18 62 63 64 73 76 83 89 106 108 
141 163 174 179 181 187 194 200 
22
6 8 14 20 29 49 54 82 86 88 89 93 
96 105 108 133 135 144 153 166 182 190 
19
19 23 35 74 89 92 95 118 134 142 149 169 
170 173 176 177 180 195 197 
17
3 7 8 9 10 29 32 70 76 79 88 92 
97 100 104 155 173 
15
4 10 17 27 32 40 48 59 64 68 81 108 
121 127 177 
18
2 18 21 49 62 76 89 125 135 139 140 156 
157 165 175 182 198 199 
26
4 6 13 22 35 43 59 60 73 75 79 81 
84 107 112 115 133 143 145 147 148 158 181 193 
195 198 
15
3 16 27 48 100 108 118 120 129 143 148 162 
168 194 198 
14
8 46 52 58 60 73 87 91 101 120 151 158 
182 188 
17
18 28 30 32 55 59 60 75 76 79 81 126 
128 142 168 176 197 
15
2 12 62 73 80 85 94 118 123 128 132 139 
170 178 185 
16
15 17 19 25 32 68 75 84 107 119 120 126 
143 151 171 195 
24
5 9 23 30 32 40 49 51 77 84 104 111 
114 120 133 149 154 155 161 163 171 175 188 195 
19
2 5 11 19 24 44 64 71 82 86 125 140 
143 166 168 173 180 187 198 
22
5 7 10 12 40 50 54 60 70 71 86 97 
103 105 107 109 124 140 153 157 181 184 
18
41 58 81 95 96 97 150 163 166 168 169 172 
173 178 179 183 196 200 
17
10 41 46 68 69 75 76 85 108 122 126 140 
144 158 168 185 196 
14
19 20 24 42 45 54 61 101 105 142 159 173 
177 178 
15
16 28 34 40 42 51 68 70 84 109 125 171 
183 188 196 
21
7 16 22 32 41 49 54 56 57 58 84 88 
118 124 125 134 137 143 151 153 175 
21
10 22 29 38 39 53 61 65 70 74 75 78 
85 86 107 141 147 154 164 173 191 
28
9 14 17 53 69 70 82 84 86 97 102 103 
121 124 132 136 139 142 146 157 160 169 170 174 
175 177 183 196 
18
5 8 20 26 39 55 57 59 67 71 100 114 
117 145 156 160 185 197 
21
12 17 21 22 26 27 30 37 46 51 67 72 
84 118 131 150 151 169 170 172 174 
13
34 42 55 59 60 61 84 101 109 122 139 143 
176 
17
6 21 35 49 62 65 91 92 98 109 113 116 
163 168 174 182 186 
22
7 9 38 48 50 74 78 79 82 98 114 120 
123 129 141 144 153 157 161 179 187 189 
28
6 7 9 28 44 49 60 61 66 74 87 94 
112 124 143 144 145 148 152 159 162 169 170 177 
179 184 185 197 
27
17 47 48 60 63 64 71 78 91 96 97 102 
108 114 120 127 133 146 150 157 160 176 188 192 
193 199 200 
20
5 18 20 25 28 32 48 64 71 74 88 89 
107 123 152 180 188 189 194 198 
18
27 30 38 41 62 67 71 74 84 97 100 130 
146 165 168 175 182 183 
16
9 15 26 37 64 66 104 105 115 125 139 151 
152 154 167 181 
19
3 22 24 28 33 46 53 82 86 88 118 122 
131 145 159 160 168 170 192 
23
18 19 43 57 60 62 71 77 83 91 93 101 
109 116 124 129 148 149 152 154 162 175 188 
19
9 20 28 36 41 48 52 58 83 122 123 135 
166 172 182 189 193 194 196 
19
1 20 35 51 69 87 109 128 133 137 143 144 
169 170 177 181 189 197 198 
19
4 22 31 44 47 57 71 79 100 102 105 106 
151 153 163 169 180 195 197 
22
10 33 37 38 39 45 65 66 70 77 89 96 
108 111 113 125 129 141 144 148 193 199 
21
19 21 29 41 44 51 59 63 71 73 74 86 
87 107 109 116 122 159 175 179 190 
26
6 27 33 44 67 95 99 106 111 114 118 119 
120 124 134 135 139 140 141 142 145 152 169 173 
178 197 
14
40 61 62 63 67 79 95 97 105 120 122 148 
149 158 
30
4 12 18 25 28 31 34 43 45 46 54 56 
68 84 90 96 100 103 119 131 134 140 148 155 
156 165 171 185 189 193 
19
7 10 11 14 34 44 77 87 89 112 123 134 
144 171 172 175 178 185 198 
24
1 10 13 23 31 35 52 53 73 87 99 108 
129 134 135 137 140 157 159 173 179 191 192 194 
17
3 5 37 38 81 84 91 104 110 117 120 130 
169 170 171 188 200 
20
2 30 32 40 41 49 56 62 79 96 99 131 
133 141 157 170 179 186 189 192 
14
41 60 70 82 86 115 120 121 136 175 185 196 
197 200 
11
16 58 75 78 88 89 102 117 158 167 191 
12
5 20 42 85 94 104 105 131 148 151 167 196 
20
5 8 17 24 48 54 59 60 74 77 78 80 
112 117 125 128 133 149 183 193 
16
7 10 49 68 70 71 76 77 81 97 128 145 
152 159 178 194 
17
27 31 39 43 45 50 72 80 82 88 103 115 
122 125 148 188 193 
24
5 7 34 37 42 54 58 72 73 80 101 115 
131 134 139 142 145 160 163 166 169 178 191 200 
16
10 13 31 32 35 38 57 60 76 93 125 127 
142 161 175 200 
19
7 10 13 19 43 49 61 66 80 105 115 118 
124 150 159 174 184 199 200 
21
5 21 26 27 42 44 47 53 59 66 71 77 
87 132 135 154 183 186 188 193 199 
18
20 39 41 75 80 90 99 116 122 132 147 167 
168 173 183 184 186 200 
22
9 17 32 34 35 45 60 63 69 76 89 109 
117 130 133 136 139 145 147 158 173 197 
19
2 9 33 35 37 41 42 43 78 81 107 113 
142 151 164 168 170 179 200 
20
8 16 17 38 47 57 72 83 86 105 120 129 
136 166 172 179 180 190 193 195 
19
6 15 17 36 56 78 84 93 94 105 111 114 
119 128 143 159 182 192 200 
15
23 28 38 41 62 71 96 100 104 108 128 144 
151 153 158 
27
8 17 19 21 30 39 52 58 95 108 109 118 
120 121 133 134 143 151 155 169 171 176 177 178 
179 187 198 
19
24 33 47 60 76 83 98 137 144 153 154 160 
162 164 170 176 178 196 198 
23
2 3 33 37 38 44 45 49 55 87 88 99 
103 123 132 133 144 147 162 176 185 188 191 
17
4 6 7 23 27 33 48 56 57 67 112 126 
134 152 171 181 185 
20
2 3 7 21 26 41 42 54 69 73 86 90 
124 132 137 141 146 150 151 195 
23
1 4 5 6 13 21 25 34 46 55 70 79 
83 88 98 100 124 130 138 145 150 152 177 
25
7 30 47 48 52 59 61 62 67 95 98 101 
105 115 126 127 130 132 137 142 150 153 173 187 
200 
12
9 12 34 35 36 46 64 69 119 124 143 159 
16
3 52 56 59 60 83 84 86 94 98 139 140 
150 154 172 188 
17
30 45 64 74 99 105 106 111 114 117 133 137 
140 144 172 189 191 
12
46 50 65 97 106 112 127 140 144 176 192 198 
20
1 22 27 28 38 47 55 64 82 88 90 95 
104 146 150 167 184 187 195 199 
27
9 21 22 34 38 46 47 73 79 80 86 89 
90 94 99 100 112 118 124 135 143 154 179 181 
183 184 190 
28
3 10 13 15 18 24 45 50 52 65 91 107 
110 122 125 127 151 153 160 162 163 168 174 176 
179 189 190 197 
23
4 14 21 22 24 33 46 50 62 71 99 105 
113 114 117 129 135 138 160 173 178 179 194 
25
1 12 19 21 25 27 38 56 63 73 80 93 
97 99 107 130 147 156 159 172 174 176 183 184 
189 
26
12 13 16 17 19 27 37 39 42 45 58 95 
96 107 117 120 123 130 138 161 168 169 175 188 
193 199 
19
4 9 14 36 41 56 66 68 69 83 103 107 
124 125 133 155 167 181 193 
22
9 20 35 42 54 67 77 85 94 95 100 101 
111 129 134 150 158 160 164 182 193 200 
24
6 12 14 18 19 25 27 32 49 58 84 101 
102 105 127 142 143 148 151 153 157 167 190 200 
