400 200
1 1 1 1 1 1 1 1 1 1 1 1 
1 1 1 1 1 1 1 1 1 1 1 1 
1 1 1 1 1 1 1 1 1 1 1 1 
1 1 1 1 1 1 1 1 1 1 1 1 
1 1 1 1 1 1 1 1 1 1 1 1 
1 1 1 1 1 1 1 1 1 1 1 1 
1 1 1 1 1 1 1 1 1 1 1 1 
1 1 1 1 1 1 1 1 1 1 1 1 
1 1 1 1 1 1 1 1 1 1 1 1 
1 1 1 1 1 1 1 1 1 1 1 1 
1 1 1 1 1 1 1 1 1 1 1 1 
1 1 1 1 1 1 1 1 1 1 1 1 
1 1 1 1 1 1 1 1 1 1 1 1 
1 1 1 1 1 1 1 1 1 1 1 1 
1 1 1 1 1 1 1 1 1 1 1 1 
1 1 1 1 1 1 1 1 1 1 1 1 
1 1 1 1 1 1 1 1 
24
4 18 21 32 51 68 71 74 80 92 100 112 
118 120 128 144 153 173 178 181 182 188 189 198 
18
6 19 21 38 41 43 66 75 80 97 118 119 
133 135 144 154 158 173 
16
35 65 74 78 84 113 124 131 138 148 153 165 
167 185 190 193 
18
18 19 31 35 39 43 60 89 95 98 108 153 
154 157 179 185 197 198 
21
21 28 33 41 45 63 66 82 87 90 96 97 
102 109 111 119 129 169 171 184 188 
28
3 6 23 28 34 42 51 58 65 87 94 101 
103 117 120 125 133 134 136 142 144 167 169 172 
175 178 185 188 
18
19 21 30 44 46 56 71 79 97 110 128 129 
132 149 151 181 184 197 
30
3 14 21 26 32 34 43 45 54 55 64 84 
85 87 89 91 107 113 128 134 136 139 149 151 
153 154 164 167 176 200 
23
12 15 19 26 40 41 45 62 63 93 95 111 
121 125 133 140 142 158 161 163 164 174 179 
21
1 15 28 38 46 48 67 72 78 80 88 91 
97 134 154 161 174 176 179 182 198 
12
15 28 32 33 54 99 141 142 145 159 161 180 
30
7 13 30 40 42 45 50 60 64 72 74 78 
88 90 92 94 114 115 142 150 159 162 166 167 
178 181 187 189 194 199 
20
5 9 15 27 28 39 46 49 66 70 75 78 
89 95 114 125 128 136 160 200 
13
5 14 36 44 52 65 96 115 130 148 151 152 
199 
26
1 3 30 31 47 66 84 88 96 98 113 125 
129 130 133 134 136 137 158 165 168 172 177 180 
182 190 
21
19 27 34 49 54 55 68 98 106 118 121 134 
137 154 163 165 171 173 184 196 198 
18
7 14 35 63 80 81 99 103 108 109 125 147 
150 163 176 182 196 198 
23
4 5 8 27 31 33 35 37 75 84 88 93 
98 102 135 180 183 185 186 192 194 199 200 
26
11 20 23 50 51 55 69 76 86 90 110 111 
112 115 119 148 152 154 159 163 164 171 177 181 
188 194 
15
5 45 57 74 82 91 98 105 118 121 154 172 
188 189 200 
20
8 16 19 21 34 42 47 48 58 73 83 91 
93 104 107 121 168 169 179 183 
19
5 17 23 33 34 35 39 58 67 132 134 138 
139 162 168 173 176 193 196 
20
14 21 24 30 40 69 78 95 121 125 128 137 
138 139 141 148 161 164 179 188 
19
18 35 36 58 65 69 70 82 97 109 112 117 
129 137 139 153 154 170 172 
22
3 15 18 30 39 40 51 62 72 88 91 95 
98 99 106 111 125 139 141 150 175 198 
25
6 7 9 10 22 29 32 34 41 42 43 62 
84 95 112 118 130 149 150 155 163 175 179 183 
199 
14
11 22 31 53 67 94 99 104 112 114 124 169 
177 182 
20
4 25 34 43 44 51 52 58 60 68 76 100 
106 107 134 145 158 181 194 200 
20
9 13 35 42 47 50 62 70 79 85 91 121 
122 127 137 150 180 182 189 190 
19
3 4 6 12 26 27 30 53 85 89 107 129 
139 148 155 156 171 183 186 
24
10 11 12 18 26 29 45 52 59 64 65 71 
87 88 89 91 92 99 108 112 142 152 160 195 
20
18 26 33 50 53 61 64 65 76 78 97 109 
110 134 135 145 148 163 174 184 
19
15 22 29 30 36 53 54 57 78 81 82 93 
108 126 130 150 152 160 166 
18
8 17 23 26 43 51 82 94 101 104 117 118 
149 152 161 184 186 194 
21
2 5 33 40 50 63 78 86 92 98 123 142 
145 156 164 178 180 181 189 197 199 
19
5 9 49 54 60 65 83 91 96 102 103 107 
119 123 126 133 145 178 190 
15
32 37 48 67 73 106 122 126 130 141 143 171 
172 176 191 
17
12 47 60 61 68 73 92 130 141 147 149 153 
184 187 195 196 197 
25
10 26 27 37 49 51 52 53 54 55 81 90 
101 113 122 134 135 148 158 174 176 180 190 193 
198 
22
14 25 26 30 36 52 66 68 86 92 94 99 
120 121 144 147 151 154 157 170 175 182 
21
1 33 52 60 68 82 84 88 93 95 97 153 
161 163 167 168 184 185 189 192 193 
26
11 14 26 33 37 42 59 68 72 75 84 85 
86 94 102 105 116 117 124 129 133 154 157 167 
173 180 
16
12 17 22 36 45 47 69 75 94 114 131 137 
148 176 190 196 
21
2 19 25 29 38 48 59 62 65 66 72 80 
91 110 147 154 164 170 187 190 196 
25
3 16 46 48 49 56 61 65 75 78 81 89 
97 117 133 138 153 154 168 172 174 178 186 192 
193 
19
6 46 74 77 92 93 96 107 113 127 130 146 
155 158 160 162 164 174 190 
19
5 8 12 19 20 23 27 39 67 71 74 124 
133 144 163 170 183 194 195 
15
6 7 14 17 27 51 86 93 95 106 112 147 
150 161 191 
18
18 46 53 55 59 64 103 106 119 133 137 146 
160 163 169 170 196 200 
21
7 13 29 34 42 54 71 72 85 96 97 99 
102 142 148 152 161 173 177 197 200 
17
13 24 25 27 30 40 41 62 118 135 139 143 
152 166 175 190 193 
19
15 30 44 51 60 69 94 106 122 131 134 141 
144 149 168 176 179 182 184 
16
5 9 21 40 43 54 59 78 79 82 99 108 
131 134 139 154 
19
30 44 49 116 133 141 146 147 148 149 150 161 
175 181 182 183 186 197 199 
17
4 6 9 13 66 87 93 98 105 108 120 139 
147 149 152 174 186 
16
15 21 26 30 78 79 107 108 124 143 145 166 
172 176 184 199 
22
1 8 15 19 30 40 53 54 71 76 88 91 
124 151 153 158 169 172 183 185 190 194 
20
5 14 26 37 56 58 60 65 74 87 101 105 
119 123 139 150 179 180 182 185 
27
6 10 16 21 25 33 38 44 58 70 91 92 
105 106 114 129 132 133 139 141 159 164 180 182 
189 195 199 
18
17 21 37 58 72 79 95 103 106 127 132 134 
142 150 168 172 175 188 
24
7 8 36 39 43 46 50 53 60 61 68 73 
97 99 107 124 126 128 142 156 171 172 187 193 
21
5 26 37 52 54 58 74 77 82 107 113 127 
132 137 153 161 170 173 175 188 198 
20
5 17 26 34 35 38 41 44 45 79 80 97 
103 121 141 146 149 159 166 186 
16
1 4 27 64 66 79 106 107 111 126 131 144 
151 156 182 200 
13
3 5 72 73 74 78 95 100 108 117 136 150 
158 
21
9 16 23 28 37 43 44 51 53 87 93 99 
102 107 117 119 140 150 170 184 198 
13
8 25 27 28 38 42 75 105 124 142 154 162 
188 
17
3 6 8 34 44 71 107 110 119 129 146 160 
175 176 178 190 193 
22
8 9 13 21 32 40 43 46 48 51 52 65 
68 71 96 108 144 160 167 177 178 182 
20
18 21 26 35 62 71 73 79 80 91 113 123 
140 141 150 151 155 187 189 196 
25
12 24 29 30 39 42 46 50 57 67 73 81 
82 84 90 102 103 109 115 134 152 169 170 181 
190 
23
3 27 29 36 39 44 45 56 59 63 84 86 
105 107 118 120 146 147 151 160 168 172 200 
29
4 16 32 34 39 42 43 45 60 62 76 96 
99 104 115 116 117 122 131 136 139 154 157 163 
164 187 190 195 198 
20
4 5 22 26 30 34 38 41 43 51 53 68 
80 94 101 116 122 129 149 176 
13
20 32 49 60 100 124 134 156 176 181 183 189 
200 
22
13 26 37 51 58 74 75 77 90 97 98 107 
118 123 124 135 140 145 152 170 186 197 
23
2 24 31 43 53 63 66 78 85 91 104 108 
116 120 124 133 154 164 175 181 189 194 198 
25
6 7 9 14 15 26 34 61 64 67 69 97 
99 110 114 118 126 127 130 131 132 154 175 194 
199 
28
3 11 24 29 35 39 56 57 59 60 63 75 
110 114 131 152 157 162 163 165 169 176 177 178 
180 182 186 193 
17
7 20 34 36 43 47 71 84 96 111 114 118 
159 164 189 195 196 
17
40 78 81 88 90 94 101 119 128 134 143 146 
155 157 172 181 198 
18
16 30 31 38 42 61 65 67 78 91 109 115 
177 178 186 191 192 197 
27
2 14 28 35 38 42 48 54 60 76 78 79 
82 86 87 92 94 98 107 120 132 141 155 157 
182 185 198 
18
9 20 28 37 53 62 84 85 98 99 110 112 
114 140 150 164 188 192 
19
4 17 19 31 51 54 56 65 75 96 108 111 
117 118 124 142 156 198 199 
21
2 8 16 23 37 45 58 66 73 79 91 95 
115 116 119 125 154 156 178 189 197 
19
8 10 19 21 28 34 39 44 47 79 84 103 
119 132 139 159 163 169 200 
22
7 30 32 40 48 58 59 63 81 83 119 124 
127 133 135 150 157 161 169 186 195 199 
15
10 13 17 21 36 78 80 91 107 116 119 129 
134 166 187 
10
17 61 65 111 123 125 154 192 193 199 
17
3 4 5 17 30 38 47 110 115 119 154 156 
158 176 183 194 200 
18
1 4 14 16 26 50 55 59 71 86 96 99 
110 111 140 158 166 194 
21
9 15 29 35 44 62 77 79 89 97 106 121 
125 136 146 157 163 165 167 189 197 
17
36 45 47 51 78 101 110 119 136 140 148 150 
156 171 185 187 188 
23
4 10 24 29 30 41 60 88 102 103 114 117 
126 148 149 153 162 165 170 173 178 187 191 
20
33 36 39 62 70 73 77 107 114 120 124 131 
135 144 155 159 160 163 176 178 
17
3 20 42 57 67 78 96 102 103 111 121 125 
135 140 144 149 186 
16
32 34 56 69 85 89 100 104 128 133 136 141 
146 156 164 180 
9
3 31 44 101 160 179 183 184 200 
23
3 18 19 27 31 61 79 85 108 120 133 139 
147 149 150 156 164 167 174 180 184 186 199 
24
3 7 13 15 18 34 42 71 72 85 86 93 
98 106 113 128 136 139 155 159 167 175 181 191 
14
21 25 28 36 42 70 73 87 92 104 105 124 
165 186 
24
6 34 40 50 52 67 68 72 76 96 113 116 
117 133 140 141 152 154 177 178 181 182 196 199 
17
18 25 34 51 52 55 61 66 92 117 135 136 
147 148 172 182 190 
18
2 7 45 52 55 71 88 91 93 96 103 113 
128 152 153 178 181 186 
14
3 6 11 15 42 48 67 89 113 155 156 161 
173 180 
24
15 20 22 41 42 45 49 55 59 80 87 101 
102 110 115 119 122 128 161 166 168 170 182 188 
20
11 29 34 37 50 54 76 81 102 106 107 110 
119 131 138 139 140 150 156 167 
22
6 12 16 17 36 44 46 77 86 90 102 104 
111 124 128 138 141 157 172 173 181 187 
23
2 10 15 21 29 35 44 61 67 70 82 83 
88 102 108 118 132 137 145 171 173 181 192 
20
16 21 23 41 42 50 61 73 75 82 91 92 
94 121 139 153 154 155 194 197 
13
29 46 54 70 77 81 85 101 119 131 148 184 
187 
13
37 39 48 80 90 125 130 142 144 153 158 180 
197 
22
3 10 11 21 24 39 61 62 81 86 91 94 
121 122 140 154 164 165 166 169 173 195 
19
10 16 21 53 68 71 83 93 106 107 113 120 
124 140 146 154 160 162 200 
28
3 4 16 17 19 27 33 40 41 53 58 61 
77 82 90 94 115 118 123 150 157 166 172 173 
181 182 198 200 
16
30 33 37 48 56 58 63 71 74 97 107 130 
149 162 166 188 
13
2 8 10 38 40 43 47 102 103 107 139 168 
183 
24
19 54 58 68 80 86 88 91 93 95 101 106 
109 113 114 115 124 128 142 154 159 162 165 181 
18
1 3 6 16 23 47 68 106 109 117 125 143 
157 163 179 187 191 200 
14
8 61 75 77 80 81 93 124 152 159 165 185 
186 197 
21
10 15 23 27 40 42 43 53 76 90 96 101 
106 109 126 135 149 158 165 191 197 
25
7 9 24 27 30 31 33 39 45 58 66 68 
74 101 103 123 124 127 141 151 158 159 182 193 
194 
23
7 14 17 21 39 43 58 66 67 87 91 94 
105 111 120 127 128 131 135 159 171 179 196 
18
15 23 56 64 65 68 77 85 101 109 126 130 
139 153 160 172 174 195 
19
1 14 23 32 40 45 53 65 76 95 116 127 
159 161 163 168 186 191 195 
19
2 4 6 7 9 21 33 53 65 74 89 93 
108 161 165 185 189 195 200 
18
10 33 40 42 75 78 87 102 107 114 118 134 
135 144 150 158 176 196 
24
6 9 22 26 34 35 53 64 87 89 96 98 
104 114 116 132 141 144 145 152 159 164 167 177 
16
5 14 35 55 62 67 79 97 128 133 136 150 
158 177 188 198 
18
2 17 28 59 63 75 78 82 112 133 145 151 
152 183 185 188 191 196 
35
2 4 6 13 20 25 28 40 42 47 48 52 
53 59 62 65 68 76 87 112 115 123 128 129 
137 152 162 172 174 175 177 179 186 196 200 
17
3 4 7 10 40 41 46 50 52 53 69 89 
149 155 157 174 186 
20
10 27 31 61 74 84 86 92 94 107 109 124 
126 142 145 169 174 176 187 197 
23
3 5 30 39 62 82 96 98 99 123 129 130 
138 140 141 157 159 175 179 186 188 195 198 
25
3 8 10 14 40 41 54 74 95 99 103 109 
116 124 129 130 142 143 144 159 171 173 181 194 
195 
22
4 13 16 29 34 35 51 69 85 93 98 102 
104 116 119 122 128 148 153 158 180 199 
24
1 13 17 18 20 33 37 57 61 67 68 77 
87 101 111 118 122 125 130 139 153 157 161 193 
15
7 12 17 18 26 52 74 99 101 133 138 153 
178 184 196 
19
4 7 8 25 41 47 52 55 61 83 104 117 
125 131 137 140 168 186 192 
17
3 26 27 40 52 60 61 66 77 79 81 103 
112 131 171 182 184 
20
4 7 22 30 42 45 57 75 90 100 102 107 
139 142 158 163 165 172 178 180 
21
16 21 40 49 56 60 64 74 75 84 115 122 
127 137 143 146 149 155 183 185 187 
19
16 31 32 40 45 56 82 88 103 109 115 123 
128 132 136 150 179 187 196 
19
6 8 11 37 38 43 51 56 62 77 85 92 
95 96 122 148 151 168 198 
23
4 20 29 38 44 46 49 51 64 95 98 112 
114 125 126 127 152 154 164 168 170 194 198 
12
2 47 53 54 72 79 87 116 131 148 170 178 
15
9 17 27 29 53 67 71 78 86 92 102 107 
134 138 151 
24
11 34 41 46 52 53 56 61 74 92 101 107 
109 120 130 136 138 148 152 156 160 165 185 197 
19
3 44 45 48 60 76 80 84 101 105 116 118 
147 165 175 181 184 187 200 
30
3 7 9 11 22 25 32 34 44 48 57 69 
80 82 87 92 96 107 108 120 122 128 129 130 
134 137 161 167 180 181 
20
14 15 44 52 68 69 77 81 91 101 106 120 
123 137 143 146 171 186 190 193 
24
18 21 22 28 56 87 88 96 106 109 124 129 
133 139 152 156 158 160 164 166 170 177 178 190 
17
7 11 28 73 75 81 82 94 105 106 108 144 
153 159 167 172 182 
25
6 9 22 29 30 47 48 58 68 71 73 74 
76 95 101 110 121 132 140 145 147 171 173 176 
194 
28
5 16 18 20 30 32 35 49 52 53 56 59 
60 62 76 77 79 95 114 136 139 158 177 180 
188 191 197 198 
21
7 16 50 52 67 92 104 110 111 112 122 135 
154 161 175 179 181 182 184 190 196 
19
10 11 13 17 21 23 24 26 33 38 57 66 
78 87 124 145 164 165 174 
11
17 21 32 53 94 102 119 130 140 158 172 
26
2 8 16 20 29 42 43 45 61 67 86 89 
91 100 101 126 128 132 137 140 151 155 156 160 
168 192 
14
22 34 61 72 93 94 99 103 104 109 120 158 
187 200 
15
4 6 32 45 51 75 110 116 141 151 160 166 
167 175 195 
19
8 9 39 53 66 75 90 91 93 95 113 121 
123 132 153 157 167 192 198 
21
1 5 15 16 18 35 37 40 42 45 50 70 
85 96 106 159 174 181 187 191 200 
20
8 13 16 19 28 38 51 72 83 101 111 124 
126 132 144 161 186 188 191 200 
15
37 45 52 75 90 100 101 126 136 158 162 163 
176 182 189 
23
2 11 17 22 23 29 46 68 77 94 111 116 
136 153 160 169 170 177 181 183 184 196 200 
30
7 16 25 31 32 37 38 49 51 60 68 73 
80 82 99 110 111 114 117 126 130 141 142 147 
163 175 180 182 196 197 
20
6 10 11 12 19 31 61 89 113 135 140 148 
150 155 168 185 186 196 197 198 
17
1 12 31 51 66 83 93 119 129 134 138 143 
145 146 158 162 187 
23
10 17 28 42 57 60 83 86 93 99 120 121 
137 139 155 156 157 166 176 180 187 192 198 
29
1 6 7 8 15 24 27 28 40 58 67 70 
74 75 80 82 86 114 115 137 144 145 146 158 
159 167 175 179 197 
24
10 12 15 23 39 50 52 53 57 74 76 83 
104 111 114 124 135 141 154 159 180 186 197 200 
22
14 26 28 49 59 60 69 78 80 89 92 93 
98 104 107 109 112 129 132 134 164 175 
15
13 33 50 67 68 101 106 112 140 142 156 162 
169 172 200 
19
1 2 7 40 42 59 93 95 115 119 130 137 
149 157 173 174 179 180 193 
21
16 26 30 36 45 46 49 78 84 99 105 112 
115 116 133 145 156 165 172 178 192 
19
5 46 54 58 59 61 70 76 82 97 106 112 
133 138 140 141 147 185 198 
25
4 14 15 17 18 20 27 28 29 33 37 40 
59 66 69 73 78 127 137 138 165 173 191 193 
195 
13
13 26 55 58 92 106 110 114 155 163 170 183 
194 
17
5 11 23 27 33 49 50 70 81 87 103 118 
131 138 142 148 199 
23
5 6 15 20 23 27 29 33 36 49 57 83 
91 104 116 132 140 150 157 158 162 178 197 
21
1 5 23 28 42 70 74 75 89 99 107 125 
138 145 147 149 152 159 169 185 188 
28
12 16 26 36 42 44 54 58 61 69 70 83 
95 97 102 117 121 126 129 132 134 152 160 162 
165 177 180 192 
23
3 7 9 11 16 44 51 54 57 59 60 80 
93 101 113 139 153 169 171 177 180 185 191 
21
7 10 11 14 25 47 52 73 115 126 130 143 
147 154 159 168 170 177 182 194 197 
18
15 20 34 36 42 53 88 91 93 95 116 131 
135 154 171 174 175 183 
21
31 41 44 51 54 66 81 108 116 120 130 136 
145 148 151 171 176 177 179 194 196 
19
4 24 27 31 46 81 89 99 100 104 109 118 
142 149 154 162 180 194 195 
23
12 22 44 60 63 65 80 92 103 104 114 118 
124 134 152 161 163 178 181 183 184 191 194 
18
1 23 29 49 54 68 73 82 106 109 112 114 
139 146 147 170 172 187 
18
12 16 17 22 27 37 55 56 71 72 103 115 
139 166 169 182 186 188 
14
13 25 38 48 82 87 93 119 121 125 130 147 
160 166 
14
8 25 43 55 97 110 121 126 148 169 170 182 
185 200 
17
51 70 72 80 99 116 118 119 121 149 153 164 
168 181 183 186 191 
17
10 11 18 27 49 50 64 65 80 95 98 119 
130 152 156 165 179 
19
20 32 38 39 52 59 60 67 82 88 111 114 
122 129 134 135 138 146 148 
15
15 42 45 49 51 65 68 83 95 102 108 111 
117 130 179 
20
12 18 30 36 58 60 64 70 88 89 96 108 
133 139 171 174 175 178 180 190 
20
3 4 29 45 51 68 72 77 82 83 91 97 
100 119 131 154 161 167 179 193 
17
5 8 12 26 44 53 56 71 88 95 96 135 
137 175 177 183 186 
16
7 12 15 24 44 55 137 143 146 162 164 166 
167 175 187 198 
19
19 24 25 26 58 60 86 88 100 120 121 136 
138 157 171 183 190 193 199 
21
7 14 36 45 48 50 59 65 68 112 119 145 
146 160 166 170 187 189 194 198 199 
22
5 14 35 49 66 69 79 90 91 94 95 99 
131 143 145 150 159 172 182 183 193 200 
18
26 27 42 43 45 52 54 60 64 80 87 108 
110 126 128 135 145 184 
19
2 15 29 36 47 52 54 55 82 83 102 107 
141 144 145 146 163 181 196 
16
5 32 62 64 80 95 98 107 108 124 127 139 
146 178 181 185 
25
16 20 24 25 26 29 34 37 43 49 58 71 
74 76 107 118 129 141 146 147 159 178 179 189 
198 
15
35 37 38 53 55 64 70 97 101 128 144 153 
181 184 193 
18
8 10 23 31 45 46 47 60 86 91 107 112 
116 133 141 145 167 198 
20
1 6 19 25 26 38 42 50 68 74 80 82 
88 97 100 114 117 140 195 199 
18
20 22 37 38 42 51 53 79 96 101 112 134 
141 144 155 171 182 199 
22
2 23 26 32 44 52 55 64 65 69 73 79 
83 90 100 109 133 150 154 163 182 196 
15
3 9 38 52 62 63 75 81 88 126 138 155 
168 181 186 
25
11 12 15 22 27 36 51 54 64 67 70 76 
83 110 115 137 141 148 150 156 162 164 172 174 
185 
20
3 9 18 23 27 34 39 43 58 62 70 93 
97 99 103 129 142 145 183 186 
24
20 30 43 45 48 50 54 73 85 91 104 121 
129 131 135 162 164 168 173 174 177 185 186 194 
17
6 16 27 30 38 71 72 90 109 113 132 139 
144 161 163 167 183 
21
20 34 43 58 63 65 76 78 82 88 98 100 
125 136 138 141 151 160 168 179 192 
27
1 17 21 23 34 40 43 49 53 71 76 86 
89 92 102 105 115 130 137 138 139 145 147 149 
168 175 197 
22
11 20 25 52 53 62 63 70 89 125 131 135 
136 144 146 162 164 165 169 177 178 198 
17
7 14 41 45 51 83 112 115 124 145 168 174 
187 193 196 198 199 
15
29 42 51 59 69 90 99 103 113 114 115 130 
179 183 184 
19
21 26 27 40 50 60 75 95 96 106 107 121 
128 133 141 150 152 168 190 
23
1 3 11 26 27 48 60 61 70 74 82 98 
105 114 145 157 159 164 171 175 188 190 200 
15
56 60 70 71 96 106 125 140 144 148 159 165 
168 172 194 
19
13 23 27 29 38 39 68 69 82 109 111 114 
117 124 133 138 180 191 195 
24
14 19 22 23 31 39 41 42 66 73 82 83 
96 100 107 109 111 121 127 132 134 137 167 171 
19
11 17 19 26 27 50 53 55 57 65 86 92 
120 125 134 137 139 162 186 
17
13 14 24 38 57 58 66 69 73 74 76 85 
117 124 148 153 170 
12
35 85 115 136 140 148 164 169 173 175 180 200 
12
1 17 20 76 78 111 118 123 137 153 184 195 
20
1 5 33 53 57 58 62 67 73 111 114 125 
130 146 150 154 163 181 184 195 
23
23 47 49 55 56 58 60 65 84 86 95 99 
107 111 118 122 135 155 160 164 172 183 200 
18
3 25 26 28 39 41 46 52 68 97 121 126 
130 143 151 158 187 199 
21
5 18 25 32 37 55 61 64 85 94 99 111 
120 128 129 158 168 178 189 193 194 
26
1 2 4 10 29 47 49 67 74 75 79 82 
83 87 89 94 96 107 118 121 124 145 157 165 
168 170 
27
2 6 15 45 48 49 52 65 68 69 70 74 
92 115 117 124 135 138 152 164 167 169 176 187 
191 196 197 
19
12 24 25 35 40 41 52 57 59 70 74 80 
147 151 153 182 184 192 200 
20
17 28 36 49 52 69 70 73 78 86 102 103 
118 124 144 169 184 189 194 198 
19
9 15 19 40 41 44 79 89 91 102 105 115 
127 130 148 160 161 165 197 
21
20 21 48 65 73 78 79 93 97 140 147 154 
158 164 167 168 170 171 172 182 192 
26
4 13 17 20 30 41 49 55 79 85 95 102 
106 111 121 123 146 149 150 155 159 160 184 189 
191 198 
20
3 4 41 51 55 58 81 84 89 90 96 116 
118 138 141 144 152 156 176 196 
23
7 22 25 33 46 59 62 79 89 99 106 121 
142 154 155 157 169 172 173 183 191 194 199 
22
21 35 39 43 55 56 57 58 60 62 83 87 
109 116 117 122 136 149 162 170 171 190 
25
2 8 10 11 12 14 15 16 21 39 44 50 
65 74 84 95 97 122 123 124 144 161 192 198 
199 
20
7 20 39 65 71 87 93 96 123 131 143 147 
151 158 160 163 176 179 181 186 
18
4 6 11 19 21 27 37 73 85 93 94 108 
119 122 145 152 164 169 
19
11 18 19 22 31 42 70 78 90 105 118 121 
127 147 158 161 165 166 179 
21
17 23 25 26 32 33 37 52 53 61 66 68 
79 87 122 128 148 170 181 189 200 
22
4 10 31 67 77 85 87 117 120 141 144 145 
149 165 166 180 183 188 189 192 197 198 
16
7 33 45 60 61 77 93 131 138 147 148 152 
159 173 177 187 
22
2 8 12 30 43 54 66 72 93 98 108 121 
129 133 135 148 151 170 171 184 185 200 
15
7 31 41 54 67 69 81 97 110 122 132 140 
150 159 170 
17
34 37 38 44 52 53 60 63 80 98 112 122 
130 132 168 188 194 
26
4 7 23 36 39 52 57 63 75 76 91 99 
104 126 130 141 144 150 152 153 156 166 174 178 
183 194 
19
10 48 65 68 72 92 104 117 127 133 152 156 
183 189 191 192 196 198 199 
12
45 62 67 72 76 77 94 132 145 154 170 188 
31
14 35 36 39 49 56 58 71 74 78 84 94 
95 99 104 105 108 111 118 119 129 134 146 149 
160 162 174 180 193 197 200 
24
35 37 38 40 59 74 76 77 78 85 100 110 
113 134 138 140 141 142 151 164 166 173 180 191 
15
2 10 21 25 35 36 69 77 82 83 140 168 
172 186 197 
26
3 5 26 27 33 42 59 68 77 78 104 107 
109 112 113 120 123 132 139 144 155 162 166 183 
185 192 
19
3 4 6 7 8 12 19 46 80 90 95 127 
148 150 151 164 166 181 199 
19
3 38 65 69 71 74 80 91 101 111 115 117 
123 136 144 153 170 177 185 
16
10 13 19 46 55 58 60 73 110 114 142 145 
147 148 150 152 
19
9 14 16 44 63 71 81 105 134 139 140 143 
145 146 161 173 178 186 195 
13
6 20 48 61 95 105 132 141 143 144 157 165 
191 
12
39 48 50 52 54 59 105 145 167 173 183 195 
32
1 4 5 7 16 20 30 32 48 53 64 69 
73 74 88 98 105 107 117 122 123 125 130 132 
138 145 150 163 174 183 184 191 
14
2 12 20 56 90 129 131 132 142 147 174 192 
194 197 
16
2 13 20 44 47 59 60 61 69 80 84 164 
172 177 181 183 
23
2 4 8 12 18 61 66 79 92 95 96 101 
104 106 116 117 120 132 133 185 187 199 200 
18
12 22 36 57 61 63 77 109 123 127 136 139 
142 149 154 161 169 179 
22
42 52 54 61 64 67 71 99 112 116 125 133 
137 141 145 156 159 168 172 174 187 197 
16
1 2 7 24 42 48 82 96 102 110 112 114 
118 134 149 157 
17
5 6 36 68 76 77 98 100 107 111 118 119 
151 158 161 164 175 
18
3 6 7 10 22 53 65 80 111 115 127 151 
161 169 174 178 180 183 
13
16 66 71 73 74 78 80 106 110 160 164 176 
178 
19
2 25 39 42 47 56 71 79 106 109 135 141 
142 150 153 154 159 170 193 
22
14 15 23 35 36 42 53 60 65 68 70 75 
86 93 99 126 136 148 156 193 198 200 
15
6 13 18 38 56 74 88 109 118 121 127 140 
159 167 185 
25
2 3 5 13 18 19 25 42 76 84 92 106 
114 116 137 138 152 162 165 170 172 184 186 187 
193 
28
4 5 27 42 51 56 64 66 68 69 73 81 
89 95 101 108 110 122 123 135 159 165 169 175 
185 189 193 194 
23
21 28 49 67 68 70 81 85 95 99 102 114 
115 127 128 162 169 178 179 181 182 183 191 
21
5 8 14 23 30 33 46 47 54 74 78 82 
86 103 105 106 118 126 148 152 188 
18
11 30 44 47 50 58 62 71 77 82 84 98 
120 132 142 151 186 196 
21
4 9 25 26 27 28 33 41 53 61 62 75 
87 105 116 127 143 159 186 187 198 
21
1 9 10 25 32 39 48 51 60 62 67 81 
98 111 124 157 176 183 188 198 200 
19
9 18 37 40 48 52 66 70 76 85 93 127 
130 146 154 155 157 175 195 
16
38 53 61 68 87 89 118 122 129 133 141 149 
160 173 184 193 
20
11 18 23 30 45 60 75 94 138 153 158 159 
165 171 175 178 179 185 193 196 
25
12 36 38 42 59 72 82 85 86 89 106 111 
136 140 142 146 148 151 156 164 166 173 174 184 
185 
20
23 31 68 78 80 89 102 117 119 125 130 132 
160 162 175 179 182 196 197 198 
21
20 22 34 37 43 73 83 89 92 98 104 117 
120 122 128 162 172 190 195 196 197 
21
2 9 15 20 22 46 62 63 73 96 99 100 
106 115 135 148 157 169 179 186 194 
21
12 18 36 41 42 69 75 80 83 93 94 102 
109 114 125 136 137 141 151 161 186 
24
1 9 11 12 18 34 44 55 60 62 72 80 
88 92 100 102 105 106 122 142 143 145 167 184 
23
2 17 21 26 34 41 50 51 59 64 73 74 
109 116 124 128 146 155 159 162 169 175 199 
29
11 22 33 39 59 61 79 80 83 84 107 108 
116 121 125 145 146 150 156 157 159 166 171 183 
184 187 192 196 200 
21
13 23 24 29 41 54 55 75 86 97 98 110 
118 140 146 172 176 177 183 193 196 
20
2 18 32 33 44 54 59 65 69 91 97 110 
125 148 155 175 178 185 195 199 
17
1 29 76 78 107 115 118 125 138 144 153 158 
163 191 193 194 195 
22
4 7 22 25 36 43 46 53 66 80 85 91 
99 102 141 145 162 171 172 179 184 200 
17
19 47 52 73 96 101 105 131 143 147 161 171 
179 181 182 193 199 
16
5 12 39 60 83 87 92 96 132 133 141 148 
155 160 172 177 
16
6 7 8 13 18 25 27 42 44 65 71 104 
106 108 155 162 
23
7 18 27 29 32 37 43 71 73 74 81 89 
103 118 124 128 130 141 161 175 184 188 193 
24
9 10 11 14 22 30 32 39 40 61 63 107 
117 118 119 128 143 149 155 165 166 185 190 193 
22
20 27 38 40 45 50 70 79 80 93 94 100 
108 111 115 131 138 156 174 181 187 197 
22
2 8 19 35 60 73 86 108 109 110 114 115 
148 161 166 168 171 181 183 189 195 199 
18
4 10 19 24 32 38 55 74 75 84 94 100 
105 118 122 134 174 194 
26
5 6 10 17 22 29 36 40 41 56 65 78 
84 85 92 93 108 114 117 122 138 147 157 172 
186 191 
15
3 20 22 36 42 44 47 85 112 153 155 175 
177 184 193 
20
25 29 40 56 63 64 70 77 82 91 101 113 
119 124 130 136 141 163 165 191 
18
15 42 43 86 95 100 112 114 119 125 136 149 
160 163 167 183 189 197 
18
10 18 27 35 36 41 47 52 74 100 106 117 
133 150 153 182 183 189 
22
10 11 33 35 38 45 46 53 55 85 105 123 
129 134 142 146 161 174 179 186 192 195 
21
2 14 43 51 56 62 66 68 71 84 114 126 
128 133 144 152 154 158 164 177 187 
18
49 55 56 64 78 80 87 88 103 117 126 155 
160 173 178 187 199 200 
21
3 7 42 45 52 54 62 67 72 82 115 130 
132 141 149 158 161 163 181 187 196 
15
28 39 64 73 86 111 117 124 142 144 145 173 
179 181 187 
21
10 43 57 69 80 81 88 101 105 114 118 127 
142 144 159 163 165 179 180 198 199 
16
32 33 46 54 65 70 72 82 87 91 115 139 
149 178 188 192 
24
3 4 6 12 15 20 24 25 26 28 45 50 
74 81 96 102 115 137 144 159 184 187 192 197 
15
14 29 38 73 75 76 80 84 111 116 128 153 
157 160 191 
21
6 14 15 19 41 46 58 67 81 91 93 94 
99 106 110 131 132 162 176 178 185 
23
7 12 24 36 42 50 64 70 82 87 95 99 
101 105 114 120 132 148 173 178 186 196 197 
22
2 15 23 30 38 59 66 73 83 88 89 92 
101 106 113 118 120 138 155 183 186 194 
21
23 28 29 39 52 58 61 84 86 89 102 105 
109 118 125 133 140 163 178 183 185 
22
4 21 25 30 42 47 56 66 74 76 82 90 
93 98 101 108 109 122 134 162 165 186 
17
5 33 40 66 68 71 91 98 109 112 115 131 
166 169 174 182 199 
17
15 27 34 54 62 87 95 99 118 123 137 143 
144 159 164 177 179 
19
33 37 42 47 52 64 65 69 77 85 89 99 
103 106 109 120 146 164 198 
21
26 35 39 56 58 59 61 63 72 78 92 113 
115 127 136 145 149 168 172 180 187 
28
11 28 32 34 38 48 51 52 53 61 63 66 
67 69 71 74 82 89 107 122 130 136 143 158 
160 165 185 186 
21
5 8 30 32 40 70 73 77 88 94 98 104 
123 124 131 144 145 153 174 181 193 
16
1 2 18 41 46 50 65 74 76 84 86 107 
127 136 177 200 
24
6 28 43 48 49 61 70 77 79 85 86 101 
109 115 116 124 140 144 157 167 191 192 198 200 
21
5 43 49 68 81 83 84 85 116 125 135 146 
148 158 166 171 175 177 184 188 190 
15
7 9 26 46 49 56 70 83 100 138 145 154 
172 181 197 
16
5 16 36 38 70 76 90 92 99 101 102 103 
118 123 126 151 
15
1 20 21 25 34 36 80 88 92 125 127 131 
158 175 188 
27
1 2 7 18 25 28 49 56 68 71 86 94 
96 103 104 109 113 118 141 144 152 165 174 180 
186 189 190 
22
2 4 11 15 16 20 23 59 78 88 90 97 
111 121 131 150 151 153 154 155 168 177 
13
15 18 21 30 51 56 136 171 172 175 178 193 
195 
13
3 12 26 27 79 90 110 119 121 139 156 177 
190 
22
22 26 29 37 39 41 46 48 53 65 86 113 
125 126 147 161 165 177 180 189 194 195 
17
19 25 34 38 42 60 80 88 94 103 113 115 
132 135 143 160 197 
17
9 35 66 82 86 101 115 116 119 121 137 140 
141 171 173 174 191 
23
9 15 21 41 48 62 67 69 91 95 101 102 
112 127 130 131 133 140 144 153 166 179 180 
19
2 15 39 42 49 51 56 69 92 100 112 115 
134 135 142 153 159 167 186 
24
1 7 8 12 13 17 20 31 52 56 62 63 
71 74 82 84 102 103 127 151 163 172 182 191 
18
1 17 26 44 62 65 66 77 82 84 101 124 
126 137 139 147 171 194 
25
6 13 28 32 36 49 50 56 67 74 81 94 
95 104 112 119 123 124 137 139 155 158 164 165 
175 
22
7 16 20 30 36 37 39 56 58 80 96 106 
108 110 117 126 128 144 147 162 170 184 
24
32 49 50 54 55 57 61 73 79 94 105 106 
127 128 140 146 150 157 165 175 196 197 199 200 
25
1 8 12 13 45 59 70 79 83 99 102 105 
107 112 134 146 149 152 153 164 176 181 187 188 
189 
23
7 23 27 32 34 41 46 50 58 69 78 83 
88 89 90 118 122 130 150 165 167 178 198 
17
1 3 13 22 24 29 37 38 60 69 100 107 
120 139 171 182 198 
17
23 26 37 48 103 116 121 134 147 165 170 173 
176 181 185 187 194 
22
1 4 17 27 28 43 53 57 86 92 107 113 
117 126 134 138 163 165 177 187 192 197 
19
21 27 33 37 75 78 79 80 106 120 123 124 
159 162 168 177 183 186 194 
12
2 30 32 43 58 63 86 114 143 144 152 153 
17
19 21 22 34 36 47 57 61 74 79 125 126 
128 134 172 194 200 
18
3 31 42 72 78 80 82 86 91 97 103 136 
157 161 182 186 188 194 
17
6 16 32 49 52 55 67 70 96 121 130 137 
139 150 172 192 194 
25
1 26 29 31 33 34 55 71 72 79 88 119 
121 129 138 150 152 156 158 160 163 165 173 190 
193 
22
2 3 8 15 22 30 44 53 55 56 79 86 
127 133 139 147 149 154 157 173 192 199 
19
2 5 7 9 14 47 48 50 65 99 101 107 
110 119 150 160 164 190 196 
20
7 11 31 32 45 56 60 99 100 104 105 108 
119 130 131 142 152 166 183 200 
22
2 9 10 31 33 35 44 57 58 66 67 77 
79 82 108 121 142 143 144 169 171 191 
19
2 5 12 26 32 42 56 82 86 91 92 93 
98 110 134 137 143 173 194 
24
25 29 35 36 38 43 57 58 73 89 110 115 
151 156 157 164 165 172 177 184 186 196 199 200 
15
8 33 59 63 67 74 88 95 125 134 143 186 
194 196 200 
17
22 43 62 88 95 98 103 137 159 162 165 166 
177 178 188 189 200 
23
36 46 53 81 82 84 90 97 102 103 112 122 
135 137 153 158 162 167 170 171 182 188 198 
18
7 14 17 19 21 29 32 48 60 70 90 98 
130 147 151 181 185 200 
23
26 32 38 55 57 64 66 81 90 91 96 97 
101 112 115 129 139 151 155 165 169 180 184 
22
1 35 48 62 66 79 89 90 92 97 102 112 
116 136 139 141 154 159 176 177 186 190 
22
1 4 5 13 17 24 40 49 62 76 85 91 
97 108 115 128 138 143 151 162 165 182 
6
20 24 77 105 159 187 
19
24 30 58 71 86 98 106 114 130 132 142 146 
149 155 157 181 186 197 198 
19
4 10 20 24 46 58 64 66 68 79 83 86 
93 102 122 123 125 137 179 
21
2 9 30 45 46 48 50 67 91 96 105 113 
114 122 131 144 157 175 180 185 195 
9
21 40 43 48 64 124 127 191 200 
15
6 9 45 52 81 87 92 115 131 158 172 184 
187 191 199 
20
2 3 8 11 27 53 54 67 83 89 120 134 
140 141 142 149 154 157 161 174 
20
22 39 46 47 76 89 93 98 99 102 113 130 
135 136 148 159 170 173 185 199 
21
6 15 20 26 33 41 42 54 59 65 66 89 
92 98 99 105 117 127 142 165 191 
19
5 6 15 19 20 22 28 31 48 56 60 68 
92 107 133 173 181 195 198 
17
12 21 34 41 46 67 87 96 98 116 117 119 
122 129 147 167 190 
14
19 20 31 40 46 72 73 88 100 110 125 181 
192 198 
19
17 23 27 28 29 55 56 59 63 69 71 74 
93 94 162 170 171 177 184 
22
1 9 17 20 29 34 45 46 63 74 102 105 
114 124 142 145 149 186 189 196 198 199 
21
1 9 34 44 50 52 57 75 83 98 116 126 
131 143 158 164 173 187 190 193 198 
18
10 17 38 39 48 52 82 97 100 131 139 149 
152 153 171 177 192 197 
21
1 2 12 14 18 20 32 53 79 83 90 92 
97 103 155 161 163 167 174 186 194 
24
16 26 29 30 37 44 50 59 76 90 94 95 
98 99 118 120 121 123 143 149 155 160 173 189 
