400 200
1 1 1 1 1 1 1 1 1 1 1 1 
1 1 1 1 1 1 1 1 1 1 1 1 
1 1 1 1 1 1 1 1 1 1 1 1 
1 1 1 1 1 1 1 1 1 1 1 1 
1 1 1 1 1 1 1 1 1 1 1 1 
1 1 1 1 1 1 1 1 1 1 1 1 
1 1 1 1 1 1 1 1 1 1 1 1 
1 1 1 1 1 1 1 1 1 1 1 1 
1 1 1 1 1 1 1 1 1 1 1 1 
1 1 1 1 1 1 1 1 1 1 1 1 
1 1 1 1 1 1 1 1 1 1 1 1 
1 1 1 1 1 1 1 1 1 1 1 1 
1 1 1 1 1 1 1 1 1 1 1 1 
1 1 1 1 1 1 1 1 1 1 1 1 
1 1 1 1 1 1 1 1 1 1 1 1 
1 1 1 1 1 1 1 1 1 1 1 1 
1 1 1 1 1 1 1 1 
15
5 34 52 72 75 76 96 125 135 143 150 151 
160 195 196 
24
18 27 35 41 42 47 51 58 63 65 66 72 
78 81 82 107 121 135 160 169 170 172 176 183 
18
22 26 29 55 58 63 66 98 103 107 110 115 
116 131 135 190 195 196 
25
4 8 12 14 19 28 33 35 45 46 50 52 
54 73 93 121 137 143 144 158 161 163 167 178 
189 
17
10 12 30 66 95 104 114 129 140 152 153 154 
172 177 182 195 198 
27
2 18 26 34 39 53 55 65 66 73 101 107 
112 114 115 129 135 147 153 156 159 162 165 170 
176 177 197 
16
7 10 24 25 47 52 80 89 106 113 133 142 
154 163 167 185 
20
18 25 26 27 39 53 64 66 72 111 133 135 
142 144 154 155 158 176 181 197 
21
14 33 48 50 56 67 79 86 90 91 97 119 
128 130 135 141 159 170 171 186 191 
22
25 28 33 43 50 54 62 63 65 74 84 92 
117 122 130 140 153 159 164 169 171 189 
15
4 13 22 28 32 40 49 75 125 134 146 155 
169 188 199 
25
5 20 26 40 49 51 60 61 67 75 79 80 
96 105 114 124 132 134 136 148 151 152 156 176 
179 
16
1 11 31 32 38 74 110 113 117 144 148 150 
151 166 171 187 
20
2 8 9 29 36 54 73 82 84 85 97 104 
110 118 119 129 162 169 178 191 
18
4 6 7 10 65 78 79 98 104 105 107 112 
122 133 157 161 163 172 
20
12 24 27 30 31 32 40 41 87 89 99 110 
118 123 133 138 145 165 184 199 
18
8 13 28 38 47 64 73 96 100 101 102 103 
144 152 171 172 190 196 
18
14 18 46 47 58 59 60 62 69 83 88 121 
130 150 152 165 191 193 
18
13 25 27 35 39 41 44 54 62 70 92 96 
98 101 121 164 165 176 
17
6 15 43 47 54 57 66 68 89 92 100 104 
127 139 170 180 184 
23
1 5 24 44 57 62 68 81 83 84 94 95 
109 135 137 141 142 150 169 171 172 181 182 
22
10 13 30 45 51 52 62 67 80 92 95 101 
111 154 165 166 173 177 179 185 195 198 
20
11 22 23 27 28 33 51 56 59 71 78 80 
83 91 108 140 147 185 186 188 
8
37 75 79 94 107 133 138 181 
19
5 6 7 11 27 32 38 77 82 95 100 101 
111 115 151 160 168 181 185 
23
1 14 15 23 32 33 54 56 57 61 94 97 
99 107 114 138 142 147 167 180 192 196 197 
17
18 21 42 66 68 85 87 92 99 119 134 138 
160 163 167 178 194 
14
16 23 30 38 44 46 48 56 63 109 133 138 
177 178 
22
7 13 17 27 52 53 61 76 87 107 118 122 
137 138 147 158 167 169 173 183 191 196 
15
13 44 47 76 81 85 98 114 117 119 139 175 
178 181 197 
24
1 2 6 22 29 30 43 47 74 78 82 113 
114 133 134 137 145 149 153 161 177 180 187 196 
21
3 22 23 26 49 54 65 67 99 100 106 111 
117 122 126 130 137 144 154 155 165 
20
2 5 12 16 21 25 33 69 76 91 92 108 
117 127 142 155 161 178 179 196 
20
17 19 26 29 33 60 73 81 98 104 123 124 
126 135 139 178 189 193 199 200 
19
6 29 45 52 61 67 79 80 95 104 109 110 
120 154 167 169 175 194 199 
16
4 15 21 24 62 70 82 98 106 108 112 134 
149 152 174 179 
21
1 13 38 49 50 70 75 83 99 109 120 125 
129 152 153 164 167 171 179 182 200 
7
58 60 91 109 115 182 183 
28
1 11 14 21 45 48 49 72 78 86 92 96 
105 109 110 116 133 138 140 141 147 150 151 172 
181 184 192 196 
29
12 38 39 43 44 57 62 63 68 75 83 87 
91 94 100 111 123 135 136 138 142 147 161 177 
181 185 187 191 196 
18
5 12 24 25 45 47 69 72 84 86 112 134 
138 147 150 152 163 165 
12
21 43 48 75 86 93 97 117 132 139 167 182 
19
11 12 26 34 42 64 72 73 76 77 83 93 
103 104 115 135 155 172 182 
19
9 18 26 42 56 67 72 74 77 80 81 88 
107 112 148 154 169 179 186 
17
19 24 37 45 57 59 67 73 76 94 96 100 
108 115 122 123 181 
13
22 32 34 48 56 70 72 105 119 120 157 158 
195 
19
10 15 24 49 50 67 103 108 113 124 126 141 
144 148 152 159 162 164 194 
19
1 23 34 38 45 50 51 61 71 99 101 111 
115 125 150 179 194 196 200 
20
2 11 29 63 67 73 74 81 84 85 92 97 
106 118 119 137 148 164 188 192 
16
18 38 41 42 55 132 135 140 153 156 172 187 
188 190 192 197 
22
21 26 31 32 40 61 80 82 91 97 110 115 
122 129 151 157 173 174 175 176 186 195 
19
23 28 48 55 56 64 67 74 98 117 119 124 
139 141 148 157 165 194 198 
16
28 34 37 87 101 105 109 129 134 151 154 155 
156 158 171 180 
15
2 17 30 36 42 43 46 52 90 94 97 117 
119 177 180 
14
14 22 40 71 81 82 89 97 104 112 114 122 
161 191 
16
4 32 38 50 61 65 75 104 117 126 128 133 
137 157 184 199 
25
19 25 41 45 46 61 69 71 83 85 91 92 
107 127 140 141 142 143 145 146 147 155 168 175 
178 
22
12 32 38 55 57 61 62 80 102 103 105 119 
130 133 153 155 159 168 173 174 186 190 
21
13 19 34 36 39 46 53 55 56 59 63 68 
79 109 110 129 142 153 158 175 197 
25
1 14 18 34 51 53 64 72 73 76 79 88 
100 112 128 148 158 162 163 164 174 186 196 197 
199 
22
11 13 15 16 20 32 36 43 54 56 67 69 
72 73 104 106 124 128 135 136 161 174 
20
1 4 14 18 19 33 64 83 86 90 102 107 
108 130 141 153 156 158 161 177 
19
12 14 22 32 43 48 68 97 117 122 130 157 
158 167 168 170 184 187 194 
15
32 35 42 46 55 67 94 98 100 110 116 167 
194 195 199 
20
5 10 14 15 39 45 53 66 73 82 86 99 
107 143 149 155 162 175 189 198 
23
2 6 8 10 43 56 71 74 78 84 96 98 
102 108 119 123 137 151 165 166 175 177 197 
15
2 12 22 43 60 71 78 79 80 117 133 164 
185 193 195 
17
2 21 35 89 114 115 124 125 140 141 151 152 
161 173 188 190 194 
16
1 16 19 28 38 42 46 74 80 83 95 116 
134 138 147 188 
15
8 12 13 58 72 74 120 134 144 146 150 178 
182 190 191 
15
5 25 56 62 77 79 90 113 149 152 158 181 
189 193 197 
25
1 3 4 6 15 20 35 36 54 67 72 80 
84 87 91 94 132 135 149 155 158 164 165 177 
185 
13
15 20 34 57 68 74 102 109 129 157 161 163 
186 
15
1 8 62 70 102 109 117 119 123 130 135 148 
178 189 197 
20
10 15 16 25 34 38 46 73 84 92 101 122 
124 125 136 166 172 176 183 190 
22
9 10 26 31 33 97 101 102 103 106 111 120 
123 128 137 146 156 172 178 179 181 184 
18
5 10 13 32 34 44 49 54 58 60 86 100 
105 124 160 163 179 199 
25
5 7 19 20 23 35 37 47 49 58 70 97 
98 135 147 161 162 171 177 178 183 186 194 195 
197 
20
21 49 86 87 96 98 102 103 128 149 154 155 
170 174 175 179 182 184 191 192 
15
1 6 23 73 79 87 92 103 109 113 131 164 
173 181 192 
15
20 24 38 42 61 76 77 84 94 95 111 176 
189 195 196 
21
30 43 50 54 69 74 78 82 84 87 106 120 
122 125 144 146 148 152 158 176 184 
22
8 10 20 25 37 52 65 71 72 83 95 99 
101 107 116 132 135 143 144 161 163 198 
15
1 3 9 16 27 35 37 50 62 85 96 134 
154 174 194 
19
1 5 13 23 24 31 61 69 73 74 75 81 
89 131 136 143 167 171 188 
26
1 6 17 28 36 39 41 48 49 64 84 95 
97 116 119 121 129 134 135 154 156 169 178 192 
198 200 
15
19 39 63 71 73 84 85 106 112 128 141 164 
165 174 190 
24
12 23 30 37 39 56 58 62 72 74 76 93 
100 107 110 120 138 143 148 153 155 176 179 188 
19
12 13 15 19 55 67 94 105 108 110 121 135 
141 164 166 172 183 185 199 
16
2 18 29 33 36 80 96 101 106 130 144 171 
175 178 181 192 
22
5 30 47 60 69 70 74 75 82 87 100 119 
120 122 125 127 161 172 173 178 184 199 
11
41 45 57 77 96 101 112 120 143 149 172 
12
3 12 34 63 100 102 114 117 138 161 163 194 
19
2 4 13 33 43 54 59 72 97 104 106 107 
128 153 169 171 178 190 192 
18
1 2 7 8 28 29 50 56 75 76 103 105 
107 116 137 146 162 165 
22
28 29 35 45 65 74 83 96 100 102 116 145 
150 151 167 173 181 184 186 196 198 199 
22
1 7 13 15 26 38 40 42 51 57 88 119 
125 134 145 157 168 174 179 181 195 198 
19
3 24 37 45 51 64 83 86 89 106 115 123 
128 129 147 150 159 169 178 
13
2 40 55 61 90 111 138 139 142 160 163 182 
186 
16
7 24 45 63 89 93 96 99 102 110 111 139 
151 167 176 190 
16
7 43 48 55 84 91 93 115 118 122 135 145 
158 177 183 193 
22
2 4 11 23 38 53 61 68 85 103 118 124 
125 130 139 145 158 162 172 189 196 199 
25
5 10 11 20 27 30 48 67 89 97 98 99 
104 110 114 116 141 153 157 177 190 194 195 196 
200 
19
20 22 24 37 47 48 49 86 88 95 100 106 
122 153 154 178 179 197 199 
20
45 46 56 70 77 78 82 88 90 93 98 119 
125 141 151 166 174 180 193 198 
18
38 62 67 74 96 99 141 142 145 147 151 153 
155 160 167 173 180 199 
20
7 8 24 41 43 51 52 64 76 93 101 132 
133 143 166 167 168 179 181 183 
15
3 16 19 54 67 71 98 108 127 139 147 175 
184 195 200 
23
5 14 15 16 30 39 42 56 58 64 88 126 
133 138 145 157 164 170 172 173 181 185 192 
19
12 16 18 37 50 51 52 58 70 84 86 88 
111 117 128 131 147 182 186 
19
14 23 32 42 51 53 67 70 75 111 128 140 
141 150 153 167 188 192 198 
13
7 24 43 44 47 68 69 74 84 103 122 136 
184 
13
3 4 10 22 49 74 79 89 96 124 180 193 
199 
22
15 17 31 44 65 80 86 87 93 94 98 107 
116 120 121 123 124 139 141 147 167 178 
23
1 39 52 59 81 87 90 98 106 111 131 132 
146 153 157 158 160 161 162 163 170 174 189 
25
1 6 8 13 16 18 21 26 60 63 67 77 
98 103 110 111 115 120 127 137 145 159 162 169 
195 
21
3 15 20 27 54 58 63 66 82 88 99 113 
118 133 146 148 164 170 182 186 192 
19
1 9 11 15 47 58 60 87 107 112 117 129 
142 155 157 166 176 186 190 
21
15 16 18 22 28 49 51 55 60 69 76 95 
115 129 135 136 163 172 180 184 199 
19
9 11 18 37 45 68 83 88 90 97 99 110 
115 122 140 157 160 188 191 
26
27 29 33 52 56 58 59 64 81 87 96 107 
120 121 125 131 135 137 150 162 166 168 173 186 
188 194 
24
6 10 33 46 58 67 70 73 101 107 116 117 
118 128 133 135 141 146 156 171 176 177 183 185 
23
5 8 17 21 25 28 38 44 61 63 81 96 
102 116 122 129 144 150 156 172 186 194 198 
20
2 8 18 33 36 46 53 75 97 102 103 108 
111 114 142 149 160 171 180 187 
22
24 44 47 53 64 75 78 80 85 97 100 113 
118 134 139 140 150 152 154 158 167 196 
25
4 31 35 53 55 76 86 100 113 117 118 127 
130 132 133 136 139 143 144 147 158 160 175 178 
197 
17
12 25 34 56 58 60 76 77 82 89 95 101 
102 108 109 146 183 
16
27 62 63 78 82 95 104 106 111 126 130 132 
156 160 164 168 
19
3 17 35 62 65 68 71 85 88 90 110 131 
134 141 152 166 167 174 198 
25
2 12 26 28 31 36 37 39 41 42 57 99 
104 124 147 159 161 163 166 182 183 184 189 190 
193 
18
2 11 23 34 43 62 66 68 72 90 92 101 
106 115 118 136 159 177 
22
13 15 37 59 61 64 70 83 94 99 102 104 
122 123 138 156 170 174 177 180 182 191 
19
16 25 28 30 34 35 37 50 65 66 71 74 
91 134 138 159 175 185 192 
15
33 38 39 51 60 101 104 121 131 139 142 145 
173 182 183 
21
11 28 37 39 53 74 80 88 101 103 118 129 
133 137 140 141 161 166 177 179 198 
22
2 11 12 13 22 25 37 42 103 127 131 135 
147 148 154 157 166 169 178 180 186 199 
14
21 32 35 52 70 85 91 98 117 144 146 182 
184 197 
21
12 23 53 89 91 109 111 114 116 129 136 142 
150 152 154 157 162 166 168 173 181 
18
12 21 48 62 63 64 82 100 117 119 123 126 
132 139 175 188 197 200 
22
28 31 33 37 43 48 70 82 84 85 88 99 
105 106 131 136 141 148 152 154 165 184 
14
5 13 27 61 67 73 86 89 92 93 126 131 
140 174 
25
6 14 24 25 45 48 51 65 84 92 99 105 
108 112 114 129 131 144 150 151 160 162 174 190 
191 
16
14 32 33 38 42 54 88 94 133 146 161 175 
180 184 191 196 
21
13 20 33 35 51 57 64 69 85 95 100 107 
122 130 142 147 150 159 166 175 183 
22
2 3 18 19 24 25 28 37 55 62 80 100 
111 119 138 153 162 175 181 182 189 198 
22
38 45 47 48 53 62 73 91 111 117 119 138 
149 152 154 156 167 169 170 171 175 188 
26
29 33 44 47 48 59 73 74 82 90 93 104 
109 115 120 139 151 161 167 169 170 176 184 186 
191 199 
18
3 4 23 25 39 44 48 51 76 88 91 148 
160 161 182 184 188 190 
27
4 7 11 16 36 41 42 47 49 56 67 81 
83 84 94 95 114 126 131 149 154 155 159 173 
186 191 199 
20
2 5 19 30 55 65 67 75 76 83 96 100 
107 111 143 146 152 162 168 196 
15
7 25 31 50 57 71 83 95 97 105 129 149 
152 156 171 
20
2 25 35 41 78 82 84 90 102 115 126 135 
160 171 174 176 178 190 194 199 
20
3 5 9 25 34 64 66 85 86 93 97 98 
119 128 141 152 153 168 170 196 
20
15 51 81 83 89 99 104 110 120 123 139 141 
143 152 155 164 174 177 181 194 
19
1 19 26 28 52 55 56 85 107 108 110 116 
117 136 137 148 168 197 200 
23
10 11 12 20 34 35 53 56 81 103 108 113 
114 119 150 154 158 171 174 177 190 194 199 
23
9 28 32 36 38 46 55 61 71 79 88 92 
102 105 118 123 124 136 148 167 171 172 190 
17
5 21 23 53 77 104 109 113 129 141 158 163 
170 177 181 186 187 
25
6 38 40 41 43 62 64 66 87 93 119 128 
133 134 139 143 154 157 169 174 175 184 192 198 
200 
19
1 5 18 41 43 56 59 66 69 74 89 98 
113 115 142 143 163 179 191 
23
12 21 34 47 52 53 68 77 78 95 101 112 
120 143 150 157 165 168 169 176 177 193 199 
13
30 53 55 60 79 80 93 94 114 150 159 164 
199 
19
7 10 21 39 55 56 95 103 107 121 141 142 
148 159 161 173 192 195 200 
17
9 20 43 48 50 51 72 84 85 105 116 131 
149 167 176 196 199 
18
1 2 11 20 35 37 57 63 108 117 128 148 
156 173 179 182 190 192 
19
1 4 29 52 59 60 63 65 70 79 84 96 
101 112 113 121 122 129 138 
21
3 6 17 30 77 92 114 116 117 118 133 139 
149 154 158 162 166 175 177 191 199 
25
6 10 18 23 24 30 34 36 39 49 50 75 
89 90 91 108 111 113 114 121 123 128 152 156 
165 
19
3 28 38 41 55 57 64 73 80 82 83 85 
93 106 128 170 171 189 193 
18
8 16 38 41 69 73 85 104 122 129 130 136 
139 167 168 176 178 189 
22
14 17 25 29 35 41 45 49 77 80 85 96 
127 133 135 141 145 149 157 178 189 190 
21
17 33 48 51 70 75 107 108 135 140 143 158 
163 164 168 170 184 190 195 196 198 
28
3 15 19 39 40 41 47 51 52 60 62 67 
84 85 105 108 135 160 163 168 171 174 175 178 
179 183 187 193 
14
1 6 42 53 67 73 74 132 141 147 171 176 
186 197 
23
10 20 21 25 33 40 54 60 69 74 84 85 
87 101 104 118 120 132 166 169 179 186 188 
18
23 24 49 51 54 56 81 96 97 100 107 118 
144 149 157 167 195 197 
12
5 26 40 41 58 81 93 131 162 165 170 182 
19
1 17 21 25 31 44 45 55 69 72 103 104 
105 118 119 127 139 194 200 
18
14 19 26 28 36 56 89 91 106 119 133 141 
153 162 165 184 196 198 
25
1 6 7 17 28 49 50 56 68 71 85 87 
90 100 102 103 122 130 132 139 140 152 180 182 
199 
20
6 30 34 36 45 69 76 79 94 96 98 108 
116 123 128 152 157 166 177 198 
21
12 24 42 61 77 79 93 98 111 116 118 121 
138 142 145 154 159 164 168 173 174 
21
6 9 11 13 14 38 40 49 50 58 87 94 
97 98 111 113 121 131 166 196 198 
19
1 16 17 18 36 43 53 75 76 78 107 121 
132 134 139 147 149 162 191 
15
25 53 63 87 107 118 141 143 149 160 170 173 
176 185 189 
14
7 8 9 12 74 77 85 87 91 124 137 164 
167 171 
15
11 18 25 29 31 39 83 89 103 110 117 124 
144 145 155 
20
9 15 19 22 32 49 57 60 80 81 84 95 
113 124 128 129 142 143 166 186 
25
4 10 13 15 19 20 27 32 45 61 82 91 
96 98 112 114 118 126 129 143 153 156 169 174 
175 
22
1 22 33 35 39 49 51 65 82 89 92 100 
105 115 118 126 128 139 166 179 191 200 
28
1 5 14 18 19 26 30 32 35 42 43 54 
79 82 87 94 102 105 133 137 144 154 163 167 
174 177 178 195 
24
1 9 13 27 32 34 45 49 55 61 64 69 
78 82 88 89 101 112 117 124 129 150 155 179 
27
9 13 14 22 26 27 42 48 55 57 79 81 
88 94 110 111 124 126 163 167 175 176 182 185 
189 194 198 
18
1 12 17 42 49 58 66 69 72 94 122 134 
139 140 144 145 164 187 
22
5 6 29 31 36 37 73 78 92 100 109 135 
139 141 142 143 149 166 168 173 174 198 
19
8 29 32 37 47 55 64 67 70 76 85 104 
111 145 147 150 159 176 193 
24
2 6 12 13 24 29 63 70 75 106 107 110 
116 117 123 131 132 134 136 139 142 154 173 191 
31
4 11 14 27 40 42 50 53 56 66 80 99 
103 104 105 107 109 118 119 120 121 125 134 148 
156 158 170 174 177 180 187 
19
20 22 49 61 64 73 77 78 101 103 105 107 
128 134 154 158 173 188 192 
29
2 10 15 23 34 45 54 60 62 66 73 75 
85 87 103 106 113 114 115 126 132 143 144 154 
167 173 179 180 190 
20
2 14 15 21 55 61 69 71 72 96 105 122 
126 134 142 144 147 155 176 183 
27
3 5 9 10 18 21 28 31 36 40 46 49 
69 80 90 91 92 104 123 127 129 136 169 176 
178 184 186 
24
1 4 12 14 19 31 32 36 48 49 53 55 
66 74 84 103 104 119 140 148 156 167 176 193 
20
38 43 73 80 85 92 93 104 111 112 123 124 
135 136 141 156 160 184 194 196 
24
4 16 21 36 57 64 67 76 89 91 101 106 
111 132 144 152 155 157 164 165 174 176 185 194 
27
12 16 25 27 29 42 54 57 58 66 79 80 
86 102 108 118 119 131 135 137 145 147 159 160 
161 178 183 
20
2 8 25 34 45 46 62 66 90 95 98 100 
109 110 112 140 150 152 172 187 
17
4 7 21 55 96 97 111 116 121 122 135 152 
160 163 169 179 181 
22
2 7 10 25 28 43 48 64 71 72 87 88 
102 105 127 139 140 145 156 164 175 191 
16
3 8 12 14 55 58 61 63 65 99 123 132 
169 179 185 199 
16
5 25 29 39 46 87 90 105 123 124 134 138 
142 164 168 186 
20
17 35 40 44 52 58 72 94 110 112 116 123 
126 142 152 168 173 177 178 180 
24
13 15 22 35 38 41 42 43 64 78 80 87 
91 117 129 139 152 171 175 183 190 193 198 199 
13
14 19 70 72 76 79 80 101 126 127 133 152 
191 
27
21 27 33 55 75 82 104 108 111 116 124 125 
126 130 136 140 157 161 164 165 168 176 177 184 
189 192 194 
20
8 16 32 42 57 68 70 77 78 93 96 109 
110 128 131 135 145 148 191 199 
22
5 25 31 32 51 61 63 73 77 91 107 110 
116 118 131 135 153 157 164 167 172 178 
17
5 20 23 31 53 57 75 90 103 116 125 127 
141 159 172 174 197 
14
18 21 22 24 38 72 79 84 92 102 112 113 
152 170 
20
8 10 24 31 35 39 46 53 54 55 72 82 
87 90 136 137 144 152 154 161 
21
3 20 33 63 64 66 72 73 87 94 96 130 
158 167 168 169 177 180 183 189 192 
9
29 39 61 73 138 158 176 179 199 
15
20 22 34 60 76 84 95 113 125 132 140 148 
167 176 195 
20
8 16 27 64 75 82 98 112 121 123 141 142 
143 149 151 165 167 181 192 194 
19
2 24 36 48 53 62 67 114 115 121 132 144 
158 165 168 179 181 185 189 
22
19 35 39 60 62 102 104 111 119 129 131 133 
136 143 144 154 161 169 172 178 186 190 
16
2 23 28 38 56 58 70 82 85 109 119 134 
150 162 164 177 
21
3 9 16 26 32 93 95 98 111 112 118 119 
127 137 142 147 151 154 179 188 192 
18
2 18 21 30 80 83 84 85 92 93 100 103 
104 147 154 160 180 195 
19
7 12 14 23 32 39 45 46 48 49 86 90 
133 150 151 157 161 168 183 
17
3 30 41 50 58 66 75 80 98 131 133 151 
154 158 164 197 200 
13
13 25 30 48 54 56 64 89 118 123 154 170 
171 
25
8 9 21 26 29 31 39 47 50 56 68 82 
83 94 95 101 102 109 115 132 139 146 148 164 
180 
13
12 29 35 96 108 110 114 124 133 142 146 149 
166 
17
23 55 79 90 94 110 114 121 128 133 141 146 
171 182 184 194 197 
16
13 20 23 50 52 66 70 77 108 109 113 118 
129 132 139 152 
20
2 9 12 17 22 24 43 44 55 74 79 87 
89 97 121 142 154 172 192 198 
18
11 12 29 35 56 66 72 100 108 149 153 158 
161 163 173 182 183 185 
24
24 29 42 64 67 75 79 81 85 99 100 115 
133 137 138 149 163 168 173 176 181 185 190 198 
21
12 15 25 30 58 72 75 78 81 89 100 113 
143 157 159 175 179 188 193 198 199 
18
8 16 24 26 28 36 74 79 81 95 97 139 
146 147 148 161 169 183 
14
3 8 15 31 33 51 59 74 76 101 106 149 
159 160 
16
44 60 61 91 96 113 116 124 138 151 154 159 
160 162 174 194 
21
2 10 30 41 42 44 60 65 78 81 89 97 
100 102 110 121 123 126 132 138 152 
18
16 20 24 42 45 48 73 107 108 114 120 141 
163 178 182 188 195 199 
16
14 22 34 43 48 54 55 62 72 91 109 117 
120 144 186 193 
20
1 5 13 15 19 25 38 53 111 120 130 131 
132 133 141 142 151 175 187 188 
18
5 15 19 26 36 40 63 82 83 120 126 135 
137 139 143 148 169 197 
19
6 25 29 32 62 90 93 94 95 113 117 118 
131 138 140 147 149 160 168 
19
14 24 28 40 72 74 89 91 98 103 112 123 
125 134 153 155 173 197 200 
26
11 23 43 51 52 62 69 71 84 85 90 94 
121 126 129 134 137 150 153 155 159 166 176 178 
189 194 
24
9 10 17 31 38 45 48 50 60 65 76 80 
91 106 112 115 133 136 147 152 157 158 164 168 
18
7 14 15 50 53 54 55 64 65 77 91 100 
101 116 153 154 165 197 
25
11 15 17 18 21 24 28 34 42 52 56 64 
73 76 79 86 97 99 101 112 119 149 169 185 
191 
19
14 15 34 37 46 51 54 75 78 94 101 115 
121 125 141 144 151 154 183 
14
19 38 70 73 121 124 126 139 140 153 172 174 
180 184 
23
16 19 21 25 34 41 51 61 68 71 80 86 
106 122 137 138 139 151 155 168 172 174 180 
16
4 29 49 79 86 97 107 108 117 133 137 144 
156 161 162 197 
21
2 6 12 19 41 54 56 67 75 77 78 80 
81 97 123 130 144 152 174 183 194 
15
5 11 26 50 52 90 100 102 113 118 131 133 
136 161 182 
14
15 19 30 41 43 75 96 98 125 145 151 153 
169 193 
24
17 33 35 37 38 61 62 66 70 75 77 82 
87 89 92 101 135 136 155 160 178 182 192 195 
18
5 17 29 30 33 55 62 66 73 87 104 124 
125 140 146 156 176 183 
21
2 8 28 40 54 56 80 83 88 89 97 108 
111 124 133 136 144 158 159 165 189 
17
1 10 20 25 35 39 64 69 79 82 84 96 
110 123 137 151 161 
13
4 61 73 79 106 112 141 144 164 170 184 187 
196 
14
2 3 9 10 26 31 44 57 63 115 154 157 
165 178 
23
4 7 10 12 21 30 33 42 55 64 87 112 
113 118 121 125 141 149 153 160 172 177 189 
23
2 13 14 15 31 32 38 52 81 99 112 126 
128 136 137 144 145 163 175 176 184 193 196 
16
22 36 53 65 88 106 110 117 129 134 156 160 
164 193 196 199 
21
1 21 24 41 50 64 65 67 79 83 88 93 
94 139 141 148 151 161 163 192 198 
19
1 2 9 14 33 67 75 85 93 94 100 123 
138 154 160 166 169 174 198 
25
19 23 29 63 67 70 76 80 103 106 108 109 
118 122 126 131 136 143 145 154 157 164 177 180 
197 
18
3 27 33 42 51 61 71 75 77 79 89 106 
109 131 132 136 139 184 
19
4 43 68 69 78 96 97 98 121 131 134 141 
157 166 175 183 191 196 197 
25
11 15 22 34 44 47 67 70 71 75 85 88 
97 101 105 111 113 115 122 143 172 175 178 191 
200 
14
11 16 20 52 62 74 99 104 131 134 140 159 
166 180 
16
24 29 31 33 47 49 66 70 71 84 89 109 
159 160 185 189 
15
14 28 31 53 55 71 73 83 129 137 138 154 
158 173 186 
12
15 27 41 56 59 72 97 105 158 170 198 199 
19
15 40 44 50 51 61 79 81 92 97 98 99 
110 114 153 184 191 196 199 
18
11 45 73 92 123 125 126 128 134 136 143 152 
160 165 183 186 188 191 
17
43 52 53 62 64 69 77 91 93 95 104 105 
110 151 182 188 192 
17
6 18 21 32 33 52 83 101 104 105 106 116 
129 137 138 157 197 
26
10 11 15 17 21 28 34 37 46 56 60 86 
87 89 101 108 113 157 163 166 169 171 173 178 
185 196 
23
1 7 11 30 39 40 41 42 44 48 76 78 
102 105 107 118 121 126 156 163 177 183 198 
21
12 23 28 36 43 66 67 73 95 98 103 107 
115 120 122 153 171 181 182 183 199 
27
3 4 19 46 59 60 66 68 69 73 92 100 
103 105 120 121 129 138 139 154 170 180 182 183 
185 194 199 
13
21 56 71 91 107 131 132 146 147 148 158 165 
185 
18
2 9 12 21 49 58 64 69 70 80 92 112 
118 159 180 185 195 197 
23
7 14 72 73 80 81 88 92 103 112 114 124 
125 129 130 153 158 162 172 179 189 190 199 
25
1 2 8 15 23 28 48 54 63 74 76 88 
89 91 94 102 112 124 126 130 144 156 192 199 
200 
12
8 13 33 37 38 47 60 83 129 132 144 158 
20
33 46 51 57 66 94 96 97 98 128 133 134 
136 141 147 150 151 154 157 184 
19
7 8 29 35 36 39 40 49 67 79 124 135 
136 156 175 183 189 197 200 
18
37 46 47 53 64 77 94 102 125 139 151 157 
168 171 174 178 181 188 
21
17 20 23 25 28 59 70 73 78 84 106 114 
115 144 155 159 164 174 180 186 191 
22
1 6 17 20 22 36 40 42 55 82 98 100 
107 122 129 138 146 153 168 170 180 192 
21
6 11 38 43 47 60 78 96 114 115 118 121 
129 139 159 163 167 168 176 185 194 
22
14 16 18 22 27 28 33 46 52 68 70 72 
86 90 99 100 115 122 163 165 172 197 
16
9 36 39 45 96 102 115 136 147 159 163 164 
173 182 186 189 
11
17 24 28 44 56 97 109 121 133 135 194 
22
1 15 32 33 37 66 68 75 107 117 137 141 
155 158 179 182 183 185 186 189 194 197 
18
1 4 19 43 63 93 95 96 103 106 133 145 
148 149 161 166 168 196 
22
3 21 24 40 41 43 50 57 75 78 80 96 
110 116 119 133 140 148 176 181 185 198 
18
21 62 66 67 71 92 116 119 134 140 144 154 
155 161 181 185 189 200 
15
15 23 47 58 65 66 76 80 84 100 105 106 
123 161 196 
18
3 6 11 38 40 42 51 79 90 95 103 140 
145 153 154 174 179 183 
23
3 6 14 26 30 36 44 56 64 72 93 95 
96 114 143 149 152 153 167 171 182 186 191 
14
7 24 35 43 52 53 79 106 110 132 140 144 
187 200 
20
8 23 45 50 66 67 89 99 122 133 145 158 
160 172 173 179 182 187 193 196 
16
8 33 35 79 90 93 96 130 137 139 142 154 
158 164 188 199 
26
6 15 29 40 42 44 50 60 66 74 87 104 
108 111 119 131 133 138 146 154 169 172 173 194 
195 199 
27
1 7 9 16 33 40 44 51 61 65 66 67 
96 106 116 117 122 129 135 147 152 155 158 170 
174 194 199 
17
31 35 70 79 81 93 102 106 110 146 154 163 
164 179 183 191 198 
27
12 23 33 42 48 58 96 112 113 115 117 123 
124 127 134 136 145 162 163 171 172 178 185 187 
195 197 199 
26
3 14 22 32 48 52 61 62 75 76 79 87 
88 90 106 135 139 145 166 167 172 174 186 190 
193 200 
23
2 3 7 24 36 40 44 45 57 59 62 66 
82 85 93 115 118 126 153 179 184 188 199 
21
28 43 44 45 58 65 87 92 96 99 103 104 
120 130 139 142 150 165 178 179 192 
15
14 16 38 45 64 80 92 120 128 130 159 171 
175 187 189 
27
14 16 29 33 41 49 55 59 60 80 84 104 
105 106 114 126 127 132 134 139 145 147 167 174 
178 197 198 
23
15 36 42 51 54 67 68 75 84 88 93 103 
129 137 138 143 148 154 169 170 172 182 199 
20
1 3 10 19 36 37 38 42 47 50 90 96 
100 116 143 154 161 174 175 180 
19
14 41 44 45 49 53 72 87 103 105 139 144 
160 162 164 165 172 177 184 
33
1 6 15 16 25 36 37 40 56 59 64 71 
78 102 109 112 126 130 132 134 136 149 150 157 
159 171 172 177 179 182 186 192 197 
32
2 5 45 49 52 56 60 70 71 78 81 88 
89 95 100 103 104 107 109 113 117 120 143 144 
148 149 156 160 173 179 188 193 
18
14 17 33 34 50 61 76 80 91 113 120 148 
158 164 171 178 191 193 
19
5 11 16 42 45 67 75 87 93 101 110 113 
115 133 159 165 170 191 200 
22
18 24 33 41 52 60 73 86 88 94 97 101 
122 134 144 147 150 151 156 163 170 174 
15
2 7 11 42 54 65 68 97 104 115 117 124 
142 170 197 
26
19 36 46 49 56 76 78 79 83 88 92 95 
102 113 121 125 131 141 142 156 160 163 178 182 
191 196 
21
4 12 27 47 49 73 79 82 85 109 120 124 
132 136 150 163 172 176 191 192 196 
15
10 20 39 62 65 73 82 86 95 100 124 132 
160 184 192 
25
13 14 15 16 21 26 48 50 51 53 71 73 
85 114 130 134 141 144 162 170 171 173 175 178 
184 
23
17 36 48 50 86 88 109 123 124 127 140 150 
152 155 166 167 171 172 177 181 182 187 188 
19
3 15 24 26 33 37 42 56 76 91 93 102 
110 143 167 177 180 182 200 
19
21 24 41 45 66 72 75 95 98 102 111 132 
134 138 152 190 193 196 197 
19
8 9 22 69 76 103 109 111 130 136 141 153 
158 162 163 164 181 182 198 
26
12 14 42 62 69 81 88 89 94 106 107 110 
111 118 122 137 143 148 155 162 167 176 177 188 
189 199 
20
3 23 26 34 40 45 50 74 84 96 117 139 
151 153 163 167 172 181 182 193 
17
6 52 69 70 93 108 111 141 146 162 167 179 
180 182 190 195 196 
24
7 15 34 40 44 52 54 55 58 72 76 80 
86 97 117 142 148 161 169 185 189 190 191 198 
19
2 4 12 27 36 42 47 58 63 72 81 91 
96 141 143 144 155 162 194 
18
4 8 12 24 36 40 42 43 51 61 65 72 
82 121 126 132 147 194 
18
53 54 59 65 67 80 92 127 130 134 153 162 
168 171 176 178 182 184 
27
17 26 36 41 44 47 48 57 59 62 63 71 
77 80 90 95 97 99 118 119 126 150 152 167 
175 189 191 
14
10 17 29 53 67 76 78 89 110 120 138 155 
161 168 
15
1 3 8 12 31 59 61 86 89 102 113 122 
141 153 154 
21
13 17 20 22 31 49 54 60 78 80 86 91 
119 134 144 158 169 183 187 194 200 
18
4 9 41 44 53 57 81 100 105 110 112 116 
123 126 156 183 193 200 
23
7 10 28 39 44 73 78 80 102 105 111 128 
129 130 132 134 137 147 148 149 150 188 200 
16
30 41 46 58 73 75 84 87 111 139 162 167 
176 177 184 188 
19
6 8 10 16 34 37 46 51 56 57 89 108 
135 139 157 159 187 195 197 
27
13 17 45 48 58 61 76 78 80 81 85 86 
92 100 125 126 129 141 161 162 165 172 177 180 
197 198 199 
24
1 3 22 27 30 34 69 73 79 80 97 103 
109 118 119 124 129 134 153 168 184 185 188 197 
21
3 10 19 39 43 56 65 71 72 75 78 133 
153 155 160 161 163 164 172 178 188 
17
2 16 51 52 62 81 85 112 128 138 143 150 
151 160 192 195 196 
16
40 48 52 61 65 69 70 74 88 90 135 149 
156 174 187 200 
19
16 19 20 48 57 67 84 109 112 116 146 150 
151 152 158 161 167 194 197 
21
11 46 48 58 64 67 77 78 85 94 105 106 
129 130 157 168 179 183 193 195 199 
17
2 19 33 40 46 66 67 80 104 117 130 138 
156 159 165 171 200 
17
8 10 13 19 26 42 46 83 86 88 91 101 
128 154 161 174 192 
28
7 11 12 18 33 37 40 45 60 64 66 77 
78 124 127 128 129 141 160 163 171 173 179 180 
181 190 192 193 
25
2 4 8 11 14 23 24 37 39 46 47 52 
55 58 60 84 129 130 135 152 156 159 176 192 
197 
16
4 15 31 40 48 54 60 64 73 111 118 125 
131 138 180 184 
22
2 16 18 26 29 37 51 69 76 83 91 97 
108 116 145 150 159 170 172 180 194 200 
17
6 18 38 57 64 72 77 96 112 118 132 139 
145 149 154 160 194 
24
4 9 10 14 56 64 68 70 83 94 100 105 
106 107 119 135 146 152 167 171 173 181 182 194 
20
11 15 34 54 57 60 83 104 113 116 121 136 
157 166 171 178 179 189 197 198 
20
2 10 15 16 20 32 39 45 49 100 101 109 
121 122 155 160 181 182 191 196 
20
2 16 17 50 51 54 63 73 74 81 113 129 
140 141 153 158 159 167 177 191 
18
5 10 27 33 37 54 64 87 114 123 134 136 
138 145 147 167 191 199 
20
17 56 61 84 85 92 95 109 131 137 147 151 
154 155 160 173 177 181 189 196 
31
1 4 20 32 33 39 44 68 70 74 77 80 
88 93 96 102 103 124 132 133 140 141 144 158 
163 165 174 179 180 190 195 
35
1 15 18 28 33 37 38 44 45 50 57 58 
64 74 80 83 86 90 92 94 96 102 108 116 
124 126 133 142 146 151 152 154 164 167 195 
19
5 12 20 24 31 33 40 46 60 81 101 108 
124 125 128 157 173 179 199 
18
13 16 24 70 75 77 94 100 107 115 134 135 
161 163 167 178 193 198 
13
29 36 59 70 79 82 90 97 132 135 179 181 
197 
22
14 22 25 40 56 67 82 85 91 101 104 114 
120 123 126 134 139 148 164 167 185 196 
21
1 19 20 32 33 38 41 46 61 70 109 132 
148 153 159 171 172 177 182 185 186 
7
49 73 91 99 103 179 182 
13
8 20 34 55 65 79 85 94 97 114 161 171 
183 
12
9 18 31 34 46 77 106 107 163 182 188 196 
19
1 11 36 37 40 57 91 92 94 112 122 126 
166 167 171 172 180 184 193 
30
2 16 22 35 37 39 40 41 49 61 63 73 
85 97 110 117 118 134 138 139 149 150 156 161 
162 171 173 174 176 197 
13
6 24 28 30 34 53 64 73 90 124 162 170 
182 
19
6 21 22 28 29 30 35 42 47 72 73 96 
118 121 146 171 185 186 192 
17
2 3 13 36 42 51 59 71 72 104 105 113 
117 122 146 148 166 
25
9 33 37 41 50 57 62 66 67 68 74 90 
115 118 139 154 160 164 166 173 176 187 195 196 
197 
22
2 9 19 26 32 41 48 66 71 72 80 88 
109 112 122 127 144 155 158 184 190 192 
23
16 45 47 59 67 72 85 91 98 110 115 116 
124 129 131 137 155 157 164 168 170 171 185 
23
6 9 19 24 42 44 49 77 83 96 104 106 
117 125 137 142 153 158 165 166 183 187 193 
20
15 24 32 33 35 48 54 58 60 67 75 123 
127 132 134 138 151 165 170 177 
20
6 24 42 51 56 65 70 71 81 102 119 122 
138 162 164 169 171 191 195 198 
19
21 30 37 44 45 46 73 84 89 99 100 124 
141 147 151 161 163 171 176 
19
8 28 47 63 79 82 86 88 91 100 113 124 
140 146 157 169 180 184 189 
24
11 27 33 36 45 49 58 66 68 74 81 118 
120 121 124 140 141 149 165 168 173 176 188 190 
27
19 22 57 60 61 66 67 68 74 102 105 109 
112 120 136 142 145 147 151 166 171 174 193 194 
195 198 199 
13
20 27 48 58 62 76 81 88 104 119 137 144 
174 
23
1 2 10 18 43 47 77 81 91 118 125 137 
142 150 153 168 170 175 176 177 188 191 200 
