400 200
1 1 1 1 1 1 1 1 1 1 1 1 
1 1 1 1 1 1 1 1 1 1 1 1 
1 1 1 1 1 1 1 1 1 1 1 1 
1 1 1 1 1 1 1 1 1 1 1 1 
1 1 1 1 1 1 1 1 1 1 1 1 
1 1 1 1 1 1 1 1 1 1 1 1 
1 1 1 1 1 1 1 1 1 1 1 1 
1 1 1 1 1 1 1 1 1 1 1 1 
1 1 1 1 1 1 1 1 1 1 1 1 
1 1 1 1 1 1 1 1 1 1 1 1 
1 1 1 1 1 1 1 1 1 1 1 1 
1 1 1 1 1 1 1 1 1 1 1 1 
1 1 1 1 1 1 1 1 1 1 1 1 
1 1 1 1 1 1 1 1 1 1 1 1 
1 1 1 1 1 1 1 1 1 1 1 1 
1 1 1 1 1 1 1 1 1 1 1 1 
1 1 1 1 1 1 1 1 
26
12 20 24 31 34 37 41 44 45 53 59 60 
70 72 79 82 83 88 100 118 125 140 148 156 
158 179 
32
24 29 34 38 40 41 53 57 73 78 81 88 
104 111 113 115 125 128 129 132 135 137 141 142 
156 161 162 166 168 171 175 189 
24
1 10 18 28 38 40 73 85 88 93 97 98 
111 113 122 127 132 134 168 170 181 191 196 198 
22
3 8 14 26 30 58 59 63 71 75 91 94 
103 119 126 144 146 150 152 174 183 195 
13
8 21 36 44 46 49 56 69 102 109 111 143 
170 
18
20 25 34 41 46 55 84 93 98 100 120 125 
133 135 141 167 182 185 
29
8 17 20 22 24 32 43 58 69 78 84 91 
92 94 99 100 105 106 110 120 122 137 140 165 
169 174 180 190 192 
20
28 70 78 90 93 99 105 115 121 125 135 140 
144 145 157 158 172 187 189 198 
18
1 17 20 22 28 41 77 80 106 107 131 132 
142 148 150 153 170 171 
19
17 37 43 45 50 55 58 60 82 84 96 108 
112 139 153 173 176 178 200 
20
1 15 20 57 60 82 97 98 99 109 122 124 
125 130 139 155 158 185 193 198 
25
19 22 27 30 36 60 63 73 86 88 91 98 
101 105 108 119 126 134 138 144 151 153 161 174 
176 
22
3 15 20 39 45 47 50 62 68 71 72 73 
80 104 108 117 122 137 144 168 173 190 
20
8 15 43 48 63 94 107 119 124 133 139 142 
153 163 165 173 180 182 191 198 
16
44 55 79 81 91 113 121 124 133 135 136 139 
145 162 167 178 
22
5 30 38 53 74 79 83 87 104 109 126 130 
136 140 152 153 154 155 159 164 181 192 
20
31 37 48 54 77 86 92 94 104 113 137 139 
140 142 156 158 163 182 186 190 
19
4 12 19 30 56 60 69 74 76 93 97 104 
119 133 136 138 170 178 187 
24
1 2 7 9 19 36 40 43 44 48 49 76 
81 82 97 106 120 127 131 135 153 161 162 178 
17
28 52 61 85 88 93 95 98 101 113 114 120 
128 155 174 176 189 
19
14 49 68 70 72 74 85 87 107 126 133 152 
154 161 170 178 185 190 197 
21
5 25 33 38 44 46 47 69 70 76 90 107 
114 121 127 141 163 170 172 191 200 
28
19 27 30 39 41 47 71 75 76 83 85 87 
90 98 103 114 115 128 134 139 155 161 162 189 
192 193 198 200 
22
4 5 7 18 21 42 52 53 54 58 65 66 
67 71 98 104 105 111 159 167 192 196 
18
4 12 37 44 47 53 57 59 76 107 108 126 
144 147 153 158 171 180 
18
40 45 59 69 91 95 98 99 112 127 136 163 
164 171 180 186 188 190 
24
6 19 27 31 35 39 56 57 64 84 85 93 
97 108 112 113 139 141 149 162 168 172 176 188 
24
11 15 29 33 41 45 77 81 94 98 100 115 
121 122 123 130 131 150 156 171 175 183 186 193 
23
22 33 43 46 55 56 62 64 66 73 77 81 
84 106 109 112 130 131 144 185 186 193 195 
23
20 23 31 34 40 65 84 104 112 127 132 135 
155 165 173 178 181 185 190 193 194 197 199 
15
15 18 26 34 43 59 88 103 105 116 152 168 
172 180 195 
21
7 11 48 59 61 84 85 93 113 114 118 130 
131 139 145 158 159 161 162 177 178 
24
14 17 19 29 37 41 50 64 78 86 91 107 
118 123 124 134 137 149 156 162 174 180 194 197 
18
1 7 19 39 40 57 67 84 90 106 109 114 
120 139 149 160 183 190 
24
4 20 26 32 37 41 57 62 64 83 94 111 
113 114 115 137 138 160 164 170 173 187 190 197 
25
10 32 42 47 53 59 61 68 80 97 101 110 
114 126 147 148 159 163 165 168 181 186 192 197 
199 
28
1 13 31 33 35 39 49 62 66 71 78 80 
81 83 94 116 122 124 145 148 150 154 173 180 
181 188 189 199 
24
16 18 25 26 28 31 32 34 42 51 56 57 
60 61 106 123 131 132 138 155 171 179 187 192 
21
3 5 16 42 45 47 63 67 71 78 100 111 
115 118 123 135 137 142 180 192 199 
11
13 40 53 77 82 99 130 141 144 147 151 
19
27 31 37 43 44 54 62 79 82 92 94 99 
130 144 153 158 163 166 198 
26
3 6 9 10 44 46 50 53 57 64 80 83 
93 105 107 109 118 131 138 160 172 178 179 181 
183 193 
26
3 22 29 41 44 54 59 67 68 73 78 84 
91 95 97 103 112 116 136 139 144 154 170 176 
194 195 
19
15 26 28 34 44 51 56 69 87 91 106 126 
128 140 153 159 166 175 187 
24
1 13 35 36 41 42 52 63 68 89 92 93 
97 105 112 119 125 130 141 154 171 172 177 182 
17
29 39 40 49 51 54 60 68 72 94 116 129 
132 159 178 183 188 
18
5 9 14 49 50 51 53 54 68 79 90 96 
99 102 126 133 150 163 
18
10 12 45 55 78 82 87 109 110 124 127 133 
134 135 154 161 167 173 
12
22 41 46 54 68 69 77 99 112 148 156 178 
24
8 30 43 52 56 58 67 70 89 91 96 98 
106 107 110 123 124 130 135 138 146 148 152 173 
22
1 2 20 40 53 60 68 80 88 98 108 119 
136 137 146 162 164 165 174 181 185 194 
20
2 23 31 32 33 39 44 47 62 81 104 113 
118 127 143 154 179 183 195 200 
23
21 27 30 49 63 68 69 72 83 113 118 125 
129 130 140 141 142 144 147 154 167 173 189 
23
3 16 28 63 83 92 95 107 108 113 117 124 
137 140 157 166 168 179 188 189 190 195 196 
17
41 44 49 66 71 73 76 95 101 105 139 151 
159 161 167 185 190 
22
10 36 67 87 96 104 108 114 126 136 138 139 
141 152 154 155 159 161 164 181 187 196 
13
1 4 23 45 77 79 130 142 143 151 155 156 
178 
19
7 8 21 22 29 45 66 78 94 96 110 112 
119 138 145 175 183 190 197 
14
22 44 83 88 125 130 136 156 164 165 174 179 
181 194 
21
4 11 15 23 30 53 58 63 69 70 73 84 
98 129 134 138 143 187 189 197 200 
21
3 13 19 27 29 32 40 74 76 83 100 102 
110 119 125 177 179 186 190 199 200 
22
2 5 11 27 30 34 36 39 64 78 80 91 
95 106 125 127 129 130 133 136 155 197 
17
46 49 51 55 57 69 87 89 102 105 126 161 
164 169 170 198 200 
23
18 24 27 29 48 56 59 67 72 86 93 100 
113 123 135 149 155 156 170 179 182 195 199 
24
11 15 24 32 35 42 55 59 79 84 89 90 
112 124 129 134 139 145 147 160 161 183 196 198 
15
32 64 71 77 81 95 97 110 125 132 139 141 
144 160 174 
26
3 18 28 32 33 40 45 60 71 80 85 96 
98 105 107 108 114 135 137 140 144 154 159 164 
183 184 
24
6 14 18 26 45 50 68 71 72 77 92 93 
100 106 110 121 129 130 140 154 156 161 176 184 
18
7 12 62 74 77 83 85 106 113 124 125 139 
161 163 177 179 189 200 
23
15 21 26 29 40 42 48 51 62 69 74 95 
96 100 106 109 115 147 150 173 181 190 194 
27
13 16 35 40 53 58 59 83 93 97 99 100 
102 111 118 123 135 139 151 154 165 171 176 179 
180 181 195 
18
17 20 28 29 49 62 87 96 117 120 124 125 
160 163 172 175 189 195 
16
14 28 47 60 69 70 75 78 84 98 109 118 
145 148 162 173 
25
11 16 24 26 35 45 55 58 62 71 114 124 
133 139 142 143 146 151 154 159 166 170 171 178 
198 
30
12 19 27 29 41 48 50 63 68 70 72 80 
84 90 112 113 117 120 121 149 153 154 158 160 
162 167 177 178 180 197 
22
7 9 27 36 41 79 87 88 92 95 109 121 
122 130 131 140 165 167 169 177 182 194 
25
32 36 43 44 53 79 82 88 91 98 107 109 
114 118 119 121 133 134 139 140 160 168 174 194 
199 
18
9 10 30 38 54 59 97 102 106 107 122 126 
138 150 152 170 191 197 
15
10 33 38 66 71 86 95 118 122 153 165 176 
177 191 194 
21
2 5 21 30 51 63 69 70 98 110 111 124 
135 139 144 151 162 180 186 197 199 
19
14 15 19 49 52 54 58 67 70 96 117 132 
140 142 148 161 168 180 196 
20
13 22 38 43 59 62 75 92 97 118 123 125 
134 135 144 168 175 177 179 182 
24
20 32 34 38 45 49 50 73 92 99 104 112 
120 124 125 130 135 136 139 154 155 159 162 191 
21
3 7 25 61 84 89 92 94 99 108 111 114 
117 125 127 137 161 166 168 169 176 
18
7 8 21 36 68 70 71 82 84 90 130 155 
159 166 174 177 188 198 
29
2 29 32 57 60 68 78 90 100 105 107 108 
119 131 133 136 152 160 164 169 175 180 186 189 
190 193 194 195 199 
16
3 10 14 22 68 91 100 111 118 152 173 176 
178 187 196 198 
20
17 24 25 30 41 69 86 90 103 105 107 109 
114 118 123 128 161 165 185 199 
21
1 4 6 10 16 28 29 32 33 58 59 69 
85 86 134 136 138 144 150 189 200 
27
10 29 44 50 56 58 59 60 73 74 77 83 
86 100 112 117 120 122 136 140 158 170 178 182 
187 193 194 
19
1 2 15 27 43 55 58 70 86 109 115 119 
125 137 150 171 176 187 190 
16
9 20 46 66 67 76 100 109 117 119 135 156 
173 182 185 196 
15
2 7 8 37 42 80 81 82 129 152 153 165 
170 195 199 
17
6 31 37 53 59 64 88 92 118 122 123 127 
129 130 172 188 191 
22
11 12 45 48 52 60 68 70 73 97 105 110 
124 133 147 154 156 158 174 187 193 195 
18
15 42 59 66 85 87 90 108 111 113 136 152 
155 171 172 174 176 199 
23
5 19 32 54 56 62 65 73 76 87 88 96 
131 137 148 150 151 165 174 175 184 196 198 
23
6 14 29 49 58 60 70 72 75 78 94 102 
112 114 118 125 127 144 151 166 174 177 199 
23
11 13 17 24 35 52 61 68 83 91 99 108 
121 134 142 151 159 163 173 174 177 178 191 
19
7 10 18 35 43 57 60 67 68 102 103 106 
107 108 141 151 154 173 197 
21
9 18 21 25 35 47 50 75 90 100 111 127 
132 134 145 155 160 179 180 185 197 
24
2 3 8 9 12 17 42 46 58 70 72 74 
75 76 108 125 137 139 153 157 167 175 187 194 
27
7 18 28 29 36 37 64 67 79 94 99 101 
106 111 123 127 142 143 145 147 166 167 177 182 
183 191 195 
18
15 26 28 43 46 47 48 69 85 86 94 103 
112 117 126 138 176 184 
16
19 32 38 44 45 48 53 67 92 104 110 133 
142 177 183 192 
18
5 8 9 21 24 46 59 70 71 72 76 88 
120 143 164 171 180 189 
20
3 7 15 27 36 51 56 73 75 77 85 98 
106 135 155 164 176 179 194 198 
22
13 67 77 100 102 108 109 116 120 130 133 141 
146 151 156 163 170 186 187 191 197 200 
18
1 13 23 55 82 89 101 110 119 121 143 150 
154 160 168 169 188 197 
11
33 36 40 41 50 57 63 64 77 82 147 
13
12 20 47 51 57 65 72 74 98 119 160 190 
197 
27
18 20 52 59 60 63 72 79 91 100 103 115 
126 127 128 132 141 146 149 156 160 163 165 167 
175 185 200 
23
23 31 40 41 42 54 80 98 103 120 124 131 
143 145 150 151 153 157 166 167 172 182 190 
8
8 54 65 70 80 92 97 124 
23
5 19 22 23 27 34 41 45 55 108 110 114 
117 130 143 159 162 170 171 176 184 194 195 
17
7 27 30 60 76 80 104 105 106 131 140 153 
163 164 175 184 187 
16
4 5 27 63 64 71 78 85 87 120 142 147 
159 169 197 199 
20
19 23 33 42 69 73 85 100 103 107 109 110 
128 135 141 169 170 174 177 186 
21
3 14 18 28 30 32 36 56 76 81 95 116 
117 137 138 147 175 187 188 194 200 
18
41 45 47 53 59 60 73 106 110 117 128 145 
146 155 159 175 190 191 
26
5 27 30 31 32 47 55 59 73 75 79 86 
103 105 117 119 121 129 130 131 142 167 175 186 
192 193 
27
4 30 31 46 55 71 78 84 88 95 99 106 
112 142 151 152 162 163 164 168 170 173 174 177 
183 190 198 
15
11 18 32 33 43 68 105 113 115 135 144 146 
149 153 154 
25
18 37 38 69 85 86 89 93 97 106 110 112 
116 124 133 137 140 141 151 164 168 181 189 191 
199 
29
2 8 20 21 31 36 38 47 55 72 77 90 
93 99 101 108 114 115 120 121 125 126 129 130 
134 152 155 190 200 
13
16 25 51 115 119 133 147 164 165 175 181 190 
200 
19
11 29 45 52 56 59 65 71 95 100 115 126 
164 168 176 183 193 194 199 
16
12 19 20 41 44 46 67 108 117 139 140 144 
145 180 194 197 
20
22 32 52 63 74 75 76 81 94 110 119 138 
139 149 163 165 178 191 193 200 
21
1 10 26 29 30 34 50 58 60 62 65 71 
84 122 131 142 171 172 182 188 195 
17
1 38 46 48 55 56 69 83 91 94 105 119 
120 149 155 164 172 
18
6 10 11 15 27 32 47 62 64 69 71 80 
85 107 117 136 180 183 
28
9 10 18 32 41 44 55 57 69 71 78 86 
89 91 92 103 106 117 125 130 137 167 174 181 
188 191 196 198 
22
3 16 32 45 55 59 62 66 75 82 84 89 
105 107 115 124 148 161 162 175 189 193 
17
10 14 23 57 64 65 98 99 109 113 118 119 
135 160 164 179 182 
17
9 10 11 17 30 38 54 65 69 90 116 132 
143 157 164 177 197 
20
6 9 40 41 42 49 59 60 84 110 114 129 
135 161 165 183 186 191 192 193 
18
1 19 32 33 47 72 75 96 100 115 116 137 
151 154 155 156 160 180 
15
22 44 52 66 77 90 109 113 121 130 138 147 
148 176 185 
17
10 15 22 31 36 41 45 47 73 81 86 93 
111 118 147 184 197 
30
4 5 20 27 32 43 57 61 68 70 72 81 
82 95 101 107 110 122 126 132 137 143 145 152 
163 164 170 175 184 193 
20
9 20 21 61 67 69 70 72 80 92 98 116 
117 119 154 158 186 193 195 199 
26
19 21 26 27 30 32 35 42 47 61 85 89 
101 105 107 123 128 130 150 152 159 160 177 190 
193 196 
23
14 19 44 65 68 73 79 92 104 110 115 119 
126 138 145 147 149 159 164 167 169 170 190 
15
20 22 32 53 57 62 76 78 118 130 131 145 
164 173 181 
23
23 25 33 42 45 46 49 65 70 73 80 85 
93 113 131 135 147 164 168 170 172 174 188 
27
13 15 21 40 44 50 55 58 59 61 67 70 
73 74 81 84 94 99 113 121 127 132 143 153 
160 188 190 
21
1 6 9 22 26 34 53 59 62 65 92 101 
107 110 115 116 119 126 149 159 170 
21
1 41 44 47 49 51 56 76 77 82 88 91 
109 122 132 140 146 165 179 180 184 
31
11 23 30 32 48 58 61 64 75 86 94 96 
97 98 105 109 114 116 117 127 136 143 148 157 
173 175 178 181 186 193 199 
25
8 12 27 28 35 54 59 66 87 105 110 116 
118 124 155 156 162 176 180 182 183 184 188 199 
200 
15
3 16 38 43 46 54 67 78 79 81 113 154 
155 177 191 
17
21 37 84 88 94 96 99 140 151 163 169 170 
173 175 188 192 194 
23
2 12 19 31 33 37 41 46 48 63 71 83 
85 107 110 111 118 122 128 143 145 152 173 
19
12 33 39 43 90 95 110 113 119 125 129 151 
173 174 178 180 189 198 199 
16
30 46 50 52 82 84 140 142 145 146 147 151 
154 164 175 186 
21
37 38 41 49 59 61 70 74 97 98 113 114 
129 133 144 151 159 162 173 184 198 
23
2 5 13 19 25 35 40 46 54 83 88 90 
125 129 146 148 151 158 175 179 191 192 196 
24
1 12 15 17 24 41 50 51 56 67 73 84 
97 98 99 108 113 125 133 140 147 153 191 194 
21
2 17 37 41 59 60 61 87 88 91 95 114 
131 132 142 148 161 165 188 190 192 
20
6 13 38 56 57 63 75 95 96 106 112 115 
121 135 142 145 153 168 196 199 
12
33 58 64 90 120 124 148 154 158 169 184 191 
23
2 5 8 13 24 28 35 39 43 51 64 73 
78 101 112 124 130 147 148 159 172 185 196 
15
4 24 26 39 48 66 75 80 93 122 134 164 
183 195 199 
25
20 21 22 26 39 40 50 65 66 68 84 100 
107 116 124 125 127 141 144 146 149 162 183 186 
189 
18
5 11 18 21 42 60 82 102 106 109 111 115 
125 135 143 165 169 196 
25
2 10 14 19 32 37 42 48 50 62 76 79 
84 89 108 115 119 125 127 128 152 167 193 196 
198 
19
3 41 45 56 60 78 83 90 94 95 96 126 
141 144 151 154 155 169 174 
29
1 12 13 19 30 44 49 58 60 75 85 88 
89 102 108 111 114 115 121 129 130 134 157 163 
173 180 183 188 196 
21
6 7 19 25 26 31 44 55 57 68 71 75 
77 78 105 120 125 126 146 148 169 
18
3 13 42 44 49 55 56 70 71 80 111 124 
148 158 161 182 186 188 
19
5 12 15 57 59 65 66 87 109 132 145 147 
149 154 156 168 172 182 186 
23
6 9 10 17 24 27 30 62 81 90 106 110 
113 121 132 138 142 144 150 155 157 169 192 
25
4 9 14 17 23 32 37 54 62 64 81 86 
91 109 117 119 128 137 157 161 162 166 168 195 
197 
20
10 11 18 19 53 61 78 82 85 106 108 116 
128 140 160 161 166 174 189 199 
15
30 51 73 80 87 88 95 99 107 121 129 177 
180 195 196 
18
18 36 56 58 65 82 93 104 105 138 145 146 
149 164 174 185 191 192 
18
3 31 33 37 51 58 63 68 71 96 98 100 
117 128 135 136 154 161 
21
6 20 38 46 53 64 65 72 76 94 95 113 
116 121 127 132 168 181 188 191 196 
22
5 15 18 28 30 32 33 34 42 48 50 63 
73 103 125 130 138 151 165 168 174 189 
32
4 9 21 28 41 45 46 57 62 63 70 74 
76 84 85 87 100 103 107 121 123 128 131 138 
146 147 154 157 166 175 187 194 
21
7 29 31 41 47 49 52 53 56 68 83 84 
105 110 113 123 137 161 181 186 191 
25
9 10 29 33 43 44 50 54 58 59 62 69 
89 94 108 112 113 142 147 156 172 173 176 177 
187 
21
19 24 35 40 48 71 78 94 98 115 122 126 
130 147 154 162 176 184 185 192 196 
18
1 6 16 17 31 32 46 52 57 59 60 62 
82 103 123 151 152 194 
21
4 7 24 30 38 39 48 51 65 68 102 105 
115 122 124 143 150 161 166 180 197 
14
11 17 33 60 68 76 83 86 88 119 151 165 
169 200 
25
11 20 41 43 49 50 57 58 62 91 99 102 
107 110 111 114 129 152 165 166 174 177 179 186 
189 
14
24 34 75 99 114 118 134 135 141 143 154 166 
173 186 
21
5 19 27 30 60 62 64 76 81 87 90 91 
106 119 152 154 157 164 176 191 199 
16
2 5 12 63 72 84 94 100 103 115 119 163 
168 172 175 199 
14
17 26 48 68 112 119 127 143 147 163 172 187 
199 200 
20
3 8 40 43 48 54 67 71 73 78 81 85 
101 106 143 151 153 177 187 193 
20
9 28 34 40 54 61 82 86 92 97 111 120 
129 142 143 158 161 163 172 195 
15
33 39 62 63 66 67 87 99 107 119 128 162 
163 199 200 
13
4 15 52 58 69 70 113 143 150 164 179 185 
186 
15
11 23 27 28 48 54 69 73 75 86 92 115 
147 186 190 
25
2 9 14 22 30 37 38 46 47 50 60 62 
69 70 119 131 136 150 156 157 163 165 168 177 
183 
25
9 11 26 27 33 39 40 68 83 84 98 103 
107 108 110 115 116 117 122 125 127 128 148 160 
196 
17
14 16 34 48 57 79 87 88 102 105 117 137 
139 179 191 197 198 
13
19 21 47 53 54 68 86 89 99 106 133 169 
180 
20
4 16 18 41 59 65 81 88 90 93 103 120 
121 141 142 144 149 181 193 194 
21
16 25 28 30 35 50 76 89 131 136 137 142 
143 144 145 147 150 164 170 190 196 
17
3 25 27 47 53 55 60 85 102 106 111 124 
137 159 160 185 195 
20
4 15 32 47 74 85 99 104 107 111 126 139 
141 144 157 166 181 186 194 200 
18
1 22 35 38 48 97 103 122 137 144 145 154 
164 166 173 177 182 193 
18
2 4 7 22 39 46 51 53 61 64 68 74 
84 151 152 157 158 199 
19
3 10 14 19 22 32 35 37 62 78 119 137 
144 145 147 148 153 183 188 
22
1 15 28 40 52 62 83 94 95 104 111 122 
123 127 136 156 162 170 177 178 179 183 
20
6 8 12 19 26 45 58 64 75 79 80 100 
106 110 121 131 142 152 181 184 
28
3 8 19 28 30 32 35 47 53 63 68 70 
73 82 103 106 119 121 122 134 136 147 152 161 
170 177 186 191 
21
8 19 27 43 51 66 76 88 93 94 103 104 
106 111 125 149 155 161 164 165 171 
24
2 3 5 14 31 46 52 74 83 85 93 95 
96 103 117 138 145 158 166 167 176 178 184 186 
16
22 39 42 61 68 71 82 88 107 122 124 131 
137 160 162 195 
28
1 6 8 11 18 38 39 51 62 70 92 95 
96 97 106 107 109 114 121 126 127 136 137 138 
139 164 182 196 
12
2 7 9 21 28 32 99 130 139 141 153 159 
21
8 16 32 37 39 46 74 77 80 88 92 95 
113 140 142 150 161 186 190 191 195 
25
4 6 7 22 30 45 58 62 67 76 96 101 
103 107 114 120 121 134 138 143 160 161 173 177 
198 
25
7 10 18 30 31 43 53 54 63 66 72 86 
93 105 121 124 129 136 142 159 167 174 178 179 
187 
22
22 34 40 49 50 60 89 90 99 102 108 115 
127 141 146 156 158 171 172 178 182 198 
11
6 30 33 48 55 78 92 129 154 167 189 
24
1 15 16 19 21 34 56 59 64 74 84 87 
103 117 122 124 133 143 145 146 155 163 186 191 
21
13 14 48 59 65 81 82 84 90 116 131 142 
143 147 157 159 160 165 183 184 199 
20
11 21 49 53 55 56 78 90 93 110 112 119 
132 148 161 165 177 186 187 200 
26
5 8 12 32 37 43 51 54 63 75 87 94 
96 98 99 107 119 128 137 170 176 180 182 184 
196 199 
29
4 6 15 25 29 32 37 38 60 64 70 79 
84 88 93 106 108 114 127 133 137 142 146 151 
152 158 172 176 194 
22
4 5 7 15 16 19 32 42 44 48 61 73 
84 91 95 98 102 113 117 131 179 189 
23
3 17 20 29 31 38 39 46 48 103 107 119 
122 130 151 157 165 180 186 189 190 192 198 
13
5 26 45 50 56 65 88 106 108 125 126 133 
158 
16
3 90 106 116 123 124 129 138 145 150 151 168 
174 189 194 195 
17
34 39 67 75 78 82 91 131 133 146 148 154 
163 180 188 189 194 
17
8 28 33 37 49 58 68 76 99 102 113 120 
124 133 150 158 173 
24
9 12 16 31 39 43 45 55 70 82 83 88 
96 100 125 137 139 162 175 179 180 185 188 198 
12
30 61 79 103 111 131 138 139 140 157 172 197 
27
5 28 30 42 44 54 58 61 70 93 98 104 
109 115 118 122 136 139 146 150 158 173 183 185 
187 199 200 
23
14 20 32 45 49 60 62 68 69 86 89 92 
115 120 124 135 139 149 150 158 175 191 198 
19
13 20 23 32 50 54 70 78 82 100 109 134 
136 142 151 156 174 191 192 
24
1 11 13 16 26 40 45 47 75 86 87 91 
100 109 110 118 121 131 141 157 159 167 172 175 
16
14 17 29 54 73 90 101 103 105 114 118 138 
145 161 170 191 
20
27 28 36 47 52 82 88 89 92 96 113 124 
127 147 148 153 174 175 187 195 
17
24 31 41 65 67 68 73 88 101 129 148 150 
163 173 178 181 190 
19
2 8 16 40 50 59 61 65 68 78 98 111 
123 132 134 139 154 158 166 
23
6 7 16 18 32 44 71 75 98 100 101 103 
106 111 117 144 145 168 174 180 194 195 199 
9
58 64 77 111 152 160 171 187 200 
19
8 29 33 39 62 75 95 102 107 113 131 142 
153 162 163 178 181 193 198 
13
4 8 19 29 63 70 80 82 100 111 114 124 
137 
22
7 16 28 34 54 83 95 101 107 124 142 145 
152 158 166 172 175 176 177 179 185 199 
27
12 14 25 39 48 61 74 75 79 89 95 100 
114 116 124 134 137 145 148 154 160 161 165 177 
180 186 189 
30
19 31 32 37 47 59 60 62 66 73 74 75 
82 84 85 90 102 105 113 118 129 132 134 140 
141 162 171 189 197 198 
13
10 28 38 62 64 77 83 105 157 163 169 170 
190 
20
6 7 15 20 37 52 68 70 72 74 78 80 
94 102 103 138 147 161 177 199 
22
19 39 44 54 55 65 98 105 116 117 120 123 
134 141 149 161 163 166 167 180 196 198 
16
9 19 33 39 70 80 87 97 98 99 101 113 
123 127 165 182 
17
1 6 8 22 69 77 88 113 118 125 144 146 
153 163 172 174 192 
19
1 14 17 47 64 69 75 87 91 108 118 122 
136 144 151 156 159 170 198 
26
8 12 21 37 39 44 46 53 63 65 70 99 
102 106 111 113 115 122 127 130 138 151 176 179 
186 190 
16
6 9 31 34 36 38 64 88 104 113 128 133 
137 160 180 182 
20
2 3 9 15 16 20 40 44 53 59 60 68 
69 73 88 112 143 147 188 194 
18
35 42 62 66 69 81 82 85 109 111 116 140 
158 168 177 183 192 193 
15
5 12 29 31 48 59 69 70 72 73 87 107 
111 136 194 
18
19 33 36 55 70 84 85 90 91 108 109 111 
118 143 161 170 183 199 
21
15 17 22 25 32 34 56 59 68 72 78 80 
116 118 125 134 148 156 158 164 177 
12
2 51 57 65 70 95 110 120 155 173 188 199 
26
2 8 17 48 51 61 75 83 86 107 112 113 
115 119 134 148 155 158 164 165 168 170 172 177 
193 200 
22
9 11 16 17 19 38 47 48 60 62 66 84 
116 119 127 140 152 156 164 172 176 188 
22
1 8 56 75 89 92 94 106 114 118 122 133 
135 143 155 156 167 175 178 183 189 191 
15
4 15 27 44 46 58 128 131 135 151 164 165 
180 188 190 
23
9 22 23 38 40 66 74 96 99 102 118 121 
125 140 148 149 151 158 163 165 172 174 191 
21
5 7 21 27 29 40 41 43 45 46 65 78 
86 107 127 129 139 143 144 158 186 
14
27 45 67 87 127 153 158 159 173 175 180 184 
194 198 
20
15 19 33 45 57 79 80 85 95 101 110 116 
123 127 128 130 159 168 189 191 
18
2 8 12 20 21 29 31 50 93 112 133 141 
144 152 162 169 179 188 
20
37 58 73 78 79 85 91 104 110 114 121 130 
137 147 153 162 163 170 186 195 
19
11 28 30 40 64 72 86 93 94 100 102 105 
110 113 145 163 168 171 196 
12
1 25 26 32 34 41 49 112 171 174 190 192 
18
18 23 24 35 40 46 56 59 85 105 106 124 
146 149 154 163 183 198 
13
47 54 73 80 94 96 99 103 133 138 146 167 
197 
19
16 21 33 39 54 67 70 72 87 90 96 104 
132 135 167 168 171 177 187 
21
6 7 25 36 64 70 79 86 98 102 120 126 
135 144 146 157 166 174 187 194 195 
16
15 36 82 94 120 121 124 125 127 140 163 164 
170 186 190 192 
24
1 6 14 18 21 25 34 49 56 58 96 98 
114 130 135 136 143 151 154 158 177 191 192 196 
16
52 62 88 91 116 122 123 138 142 161 173 179 
184 188 191 199 
19
16 19 30 33 39 48 54 63 72 85 90 100 
102 127 151 156 191 193 200 
12
5 7 24 34 65 74 79 118 119 182 191 197 
24
21 26 31 46 50 54 65 79 88 89 96 97 
99 108 113 122 126 134 138 157 164 168 184 189 
17
9 10 15 17 23 51 71 81 107 135 145 174 
178 179 192 195 196 
21
6 19 23 26 30 33 50 62 79 92 94 101 
107 120 121 130 134 135 148 164 182 
16
17 26 58 63 69 99 101 108 113 116 137 148 
174 178 186 194 
23
4 35 40 61 69 86 87 98 105 107 113 116 
117 128 135 141 153 155 162 169 171 189 192 
12
7 20 28 43 67 91 116 125 148 162 165 177 
19
2 7 16 21 31 40 46 57 62 63 72 81 
91 99 124 142 152 172 186 
29
5 16 27 30 31 42 51 61 63 67 79 84 
85 108 122 136 139 148 150 171 176 177 180 185 
188 189 193 195 199 
24
1 18 20 22 29 32 46 64 77 86 102 112 
113 130 133 150 151 155 157 170 175 184 199 200 
19
31 38 41 52 58 70 84 86 88 90 108 123 
129 147 149 168 192 195 197 
33
1 4 7 13 15 42 55 57 60 63 73 82 
95 104 108 119 125 127 128 132 136 140 151 154 
159 161 166 172 178 180 185 191 197 
19
1 5 9 30 31 35 43 53 62 63 85 105 
110 120 139 149 155 164 181 
23
1 40 51 52 64 72 73 84 85 88 101 117 
122 124 126 129 139 144 149 160 165 166 190 
19
8 17 35 38 45 46 48 51 55 57 62 73 
74 140 141 161 168 178 181 
17
5 19 24 41 52 53 57 58 73 103 131 143 
146 149 158 173 177 
29
9 11 12 27 30 35 38 48 63 73 76 93 
94 99 107 109 110 118 126 128 136 137 141 168 
171 175 189 197 198 
26
9 29 32 43 44 51 55 58 66 77 85 89 
93 102 104 105 109 132 141 146 153 172 175 181 
189 198 
14
8 21 27 31 33 35 64 75 86 151 156 169 
171 187 
16
15 26 46 58 81 113 116 138 159 161 166 183 
188 194 196 199 
18
16 25 36 46 57 72 76 77 85 99 105 129 
148 152 179 189 192 199 
18
22 30 32 34 52 58 77 90 106 111 128 130 
144 152 173 175 177 183 
18
22 37 43 50 75 80 86 106 113 122 129 132 
137 143 145 163 179 193 
12
15 54 60 87 114 119 120 121 123 131 132 178 
22
5 6 14 23 38 44 46 92 93 95 100 102 
106 109 123 128 137 147 155 163 167 171 
23
3 5 45 49 53 80 84 88 89 98 110 111 
125 140 151 153 160 165 169 182 193 195 197 
20
2 7 10 36 45 62 70 75 86 97 119 126 
131 141 161 169 181 190 191 196 
17
15 17 36 39 45 49 50 65 84 98 111 115 
136 176 179 186 187 
20
1 10 18 24 33 97 108 113 119 123 138 143 
169 178 185 186 188 191 194 197 
24
3 20 37 57 61 74 83 89 94 95 103 125 
128 140 142 144 149 151 165 169 173 175 183 184 
23
10 26 28 33 41 43 54 72 74 80 93 98 
143 151 152 154 155 160 169 170 173 189 190 
16
5 36 38 39 49 53 57 74 103 122 135 139 
144 164 168 178 
19
11 25 39 70 76 77 78 79 84 86 105 109 
114 128 151 155 173 188 194 
24
3 19 32 41 42 77 93 108 116 118 130 133 
138 140 146 161 165 169 177 179 191 195 196 199 
18
22 34 53 54 60 61 62 79 93 95 120 131 
134 153 156 166 172 188 
21
33 36 37 44 52 53 57 66 76 101 112 123 
124 133 142 150 163 172 175 182 186 
20
8 11 24 35 58 69 70 80 82 84 87 98 
109 118 126 132 161 182 186 187 
18
1 28 36 70 73 80 94 127 134 137 144 155 
156 165 177 188 196 198 
28
1 12 19 21 28 44 52 54 62 63 64 74 
76 81 93 96 100 108 109 117 129 134 142 167 
172 183 185 190 
17
1 55 74 95 98 101 103 122 134 143 145 146 
162 175 188 190 199 
20
2 7 8 23 27 37 53 74 75 76 80 81 
117 124 126 131 135 172 183 195 
17
48 61 65 80 90 117 126 148 152 154 159 167 
172 184 188 196 200 
17
6 17 19 33 36 38 42 62 66 82 98 107 
108 169 172 174 195 
21
24 26 27 29 35 41 44 52 76 85 92 103 
104 153 166 179 182 188 192 194 200 
30
8 17 28 29 34 38 39 56 58 66 72 90 
95 99 105 112 114 117 119 131 132 134 139 144 
156 160 166 180 189 192 
24
7 16 21 41 48 49 55 59 82 88 91 99 
102 117 118 136 142 144 150 157 171 182 192 193 
15
4 9 52 60 70 80 81 95 99 131 132 149 
174 182 186 
28
16 23 32 33 36 40 48 49 58 63 76 85 
113 114 119 130 141 142 144 149 155 157 159 168 
176 178 186 190 
15
4 9 10 11 14 17 58 76 88 89 96 120 
152 153 166 
24
23 40 42 49 57 61 71 75 81 86 93 99 
100 106 123 129 130 131 145 153 160 173 180 185 
18
6 16 32 36 74 79 83 89 100 101 110 117 
124 130 134 154 164 184 
16
1 9 26 38 54 59 77 93 100 121 131 143 
175 182 186 193 
20
6 8 44 45 49 50 63 70 104 109 115 118 
122 143 151 165 170 172 187 195 
20
13 21 26 27 40 46 58 76 84 92 95 113 
128 137 143 166 167 173 194 200 
17
2 4 13 38 53 54 63 98 103 109 117 135 
141 144 147 163 196 
21
4 29 42 43 44 75 79 87 93 96 98 111 
113 121 128 135 166 169 170 178 200 
20
4 7 18 29 33 36 44 52 53 61 72 96 
106 115 122 126 136 147 162 163 
26
21 28 30 45 79 83 89 96 101 105 112 113 
123 131 155 164 165 166 172 180 181 182 190 193 
197 198 
14
13 14 16 63 66 70 73 143 145 160 178 180 
189 192 
16
10 16 36 49 53 76 77 118 133 145 160 164 
173 175 184 198 
24
1 18 23 29 31 44 46 58 66 67 84 89 
98 103 112 116 119 123 132 149 157 164 167 188 
17
7 28 44 52 78 89 106 125 140 141 143 146 
163 164 169 177 188 
26
6 16 20 23 24 27 43 46 59 62 64 66 
80 89 92 98 101 120 121 131 134 147 149 152 
156 163 
25
13 19 27 44 49 69 71 75 98 100 103 109 
113 120 124 135 143 149 151 161 174 185 186 194 
197 
19
4 9 41 43 45 46 64 72 79 95 99 102 
103 121 135 149 164 171 182 
21
4 5 10 19 28 60 61 69 71 76 77 78 
100 121 123 130 148 168 184 185 194 
16
4 6 10 14 16 28 33 43 53 55 95 140 
156 161 163 167 
17
22 29 42 46 49 51 53 55 69 82 88 91 
131 132 150 170 173 
18
13 19 38 42 65 78 92 101 109 119 120 130 
132 135 156 159 190 199 
24
5 10 29 51 62 64 74 84 87 95 101 120 
123 126 130 134 137 138 154 159 165 174 175 181 
13
12 23 40 61 66 73 75 84 87 93 110 136 
143 
15
8 22 24 60 61 67 119 123 138 139 149 164 
174 180 197 
18
20 30 43 56 59 60 62 65 70 84 110 124 
147 163 173 189 191 200 
19
4 21 27 28 39 53 54 56 70 82 122 127 
141 150 170 171 174 194 198 
14
17 43 54 75 99 104 109 115 133 136 152 164 
175 182 
27
10 12 13 17 25 29 31 39 50 51 70 81 
90 93 99 100 120 127 129 148 153 154 158 167 
169 193 198 
21
3 7 18 34 36 41 49 78 79 84 89 113 
120 123 152 171 174 182 190 193 199 
19
10 20 31 35 41 46 47 63 65 70 82 101 
115 122 132 146 166 175 182 
16
6 30 39 46 61 75 81 93 108 140 145 158 
179 189 196 198 
19
4 5 21 26 30 53 54 57 66 81 92 107 
111 144 146 150 163 173 176 
19
4 5 23 51 56 71 87 92 99 118 120 129 
131 138 139 160 161 175 180 
23
19 22 24 30 34 40 44 61 65 68 81 83 
116 129 132 137 141 150 158 162 183 190 197 
19
1 51 67 74 83 92 95 101 114 126 128 129 
147 150 166 173 186 190 191 
16
9 15 34 40 62 64 65 81 104 105 108 117 
124 164 171 197 
21
28 30 37 43 56 57 59 60 76 87 95 98 
114 118 121 148 172 173 175 182 185 
21
5 7 15 26 29 43 64 65 74 75 81 98 
103 105 110 113 122 129 131 166 195 
27
1 22 34 54 85 86 91 92 99 111 114 116 
120 127 140 141 142 152 154 161 164 165 175 176 
186 187 197 
26
14 30 35 48 57 58 62 70 74 78 80 83 
86 88 99 100 105 106 143 158 162 169 184 192 
194 196 
20
2 12 15 20 22 23 33 34 70 83 88 95 
111 138 147 152 168 177 181 194 
27
4 10 18 19 29 44 72 74 90 92 94 114 
131 146 148 155 162 163 166 167 169 176 179 181 
184 190 194 
22
25 44 51 60 75 77 79 81 83 90 95 96 
98 112 117 121 151 153 156 173 178 183 
15
15 24 43 72 83 105 118 125 126 130 141 179 
187 188 189 
19
4 9 20 26 28 57 77 90 105 108 119 122 
128 130 131 132 138 153 196 
22
6 12 25 30 43 49 52 72 92 104 105 106 
108 117 118 138 150 156 180 186 190 192 
27
3 9 10 18 25 28 44 48 50 51 63 66 
72 82 104 106 112 117 119 125 126 131 139 142 
147 181 198 
25
6 7 51 58 69 70 73 74 78 83 100 108 
117 121 133 136 146 166 168 171 172 182 183 187 
195 
24
5 9 13 15 23 30 45 47 77 83 90 96 
98 99 101 135 137 139 141 152 159 167 183 192 
19
4 13 25 35 49 56 73 79 81 92 95 105 
112 126 136 138 151 153 195 
18
3 25 43 61 68 70 78 81 83 101 114 120 
123 125 128 129 186 196 
23
1 4 10 17 41 46 55 99 117 118 129 134 
135 142 155 164 184 188 193 195 198 199 200 
16
36 41 62 73 89 114 116 122 144 162 164 173 
181 183 189 191 
21
6 12 37 42 44 51 59 66 71 87 103 109 
113 122 125 126 155 157 183 186 188 
15
10 13 20 32 34 51 53 55 74 88 132 147 
170 176 194 
23
16 28 32 37 38 56 61 66 79 83 98 101 
111 123 127 133 152 156 159 164 177 186 194 
26
4 8 29 56 68 74 80 82 86 89 91 93 
98 108 122 129 156 159 160 166 167 172 174 183 
184 191 
22
18 27 31 47 50 62 69 70 71 75 87 105 
111 116 118 123 128 145 168 177 185 191 
19
8 13 33 36 42 47 65 79 82 94 106 112 
114 116 137 156 160 169 172 
22
7 9 14 15 21 32 33 35 90 92 95 96 
100 106 116 128 143 172 178 180 192 197 
17
3 20 37 38 55 64 73 93 98 138 151 182 
183 185 186 188 199 
27
5 9 12 29 31 37 54 71 76 77 79 86 
87 91 93 107 123 138 143 156 178 181 182 184 
185 196 197 
20
2 31 85 92 94 106 112 113 115 123 126 130 
132 140 144 148 149 152 160 168 
14
41 48 68 71 90 93 94 106 117 128 137 180 
193 196 
21
11 16 22 28 37 41 44 55 59 60 100 101 
102 129 138 156 157 165 167 173 184 
10
8 14 19 47 81 108 116 172 186 188 
19
26 29 52 53 54 74 76 78 118 119 126 149 
153 157 158 159 175 177 179 
15
30 32 50 55 64 65 73 74 98 118 120 156 
160 164 184 
17
30 39 56 63 74 76 80 81 82 89 104 115 
131 147 148 152 171 
