400 200
1 1 1 1 1 1 1 1 1 1 1 1 
1 1 1 1 1 1 1 1 1 1 1 1 
1 1 1 1 1 1 1 1 1 1 1 1 
1 1 1 1 1 1 1 1 1 1 1 1 
1 1 1 1 1 1 1 1 1 1 1 1 
1 1 1 1 1 1 1 1 1 1 1 1 
1 1 1 1 1 1 1 1 1 1 1 1 
1 1 1 1 1 1 1 1 1 1 1 1 
1 1 1 1 1 1 1 1 1 1 1 1 
1 1 1 1 1 1 1 1 1 1 1 1 
1 1 1 1 1 1 1 1 1 1 1 1 
1 1 1 1 1 1 1 1 1 1 1 1 
1 1 1 1 1 1 1 1 1 1 1 1 
1 1 1 1 1 1 1 1 1 1 1 1 
1 1 1 1 1 1 1 1 1 1 1 1 
1 1 1 1 1 1 1 1 1 1 1 1 
1 1 1 1 1 1 1 1 
20
2 29 49 56 71 83 102 116 120 122 131 137 
140 145 166 167 177 180 185 190 
16
2 10 13 46 54 73 77 82 96 101 108 109 
113 121 146 199 
11
3 27 64 66 74 89 92 121 143 186 197 
25
9 11 13 19 27 47 66 67 71 94 99 103 
110 118 120 125 137 150 163 166 170 171 186 189 
196 
16
17 92 97 115 119 141 143 145 160 163 166 168 
174 177 183 199 
16
3 21 36 43 64 65 69 95 105 129 130 149 
167 173 190 192 
22
8 16 19 20 30 35 55 73 92 99 114 125 
128 130 131 135 140 158 162 164 168 180 
23
11 28 36 38 54 67 90 94 106 108 110 119 
136 141 146 153 161 170 178 181 182 188 197 
19
3 18 29 53 56 65 66 81 90 139 142 152 
153 154 155 159 164 169 173 
24
6 26 33 36 44 49 61 63 76 79 97 120 
125 134 136 141 144 149 154 170 177 183 191 193 
18
19 40 49 51 57 61 73 88 98 108 133 152 
158 159 165 171 179 184 
19
1 24 28 36 40 52 60 70 72 103 113 128 
143 145 153 154 163 169 185 
22
16 22 38 62 64 81 83 94 95 101 121 123 
124 127 129 132 136 139 148 151 153 180 
19
19 20 39 49 81 92 93 105 114 121 127 131 
136 137 146 170 177 183 188 
17
20 21 27 39 41 42 45 47 50 120 122 125 
137 156 157 172 190 
17
6 7 46 61 65 105 119 136 140 146 147 160 
174 177 178 184 196 
21
8 26 29 30 39 41 52 57 73 76 83 102 
110 117 146 152 163 165 177 178 181 
17
14 17 22 23 30 40 46 68 71 74 80 91 
94 133 137 146 189 
18
11 12 42 45 50 98 105 114 118 119 135 165 
167 177 185 187 190 199 
20
15 16 48 54 56 62 67 82 101 102 106 118 
119 122 129 142 158 162 177 179 
19
18 29 39 48 49 60 66 89 101 102 106 117 
137 163 178 179 182 188 197 
16
5 64 78 86 95 102 104 105 122 132 151 165 
167 170 188 194 
21
7 9 15 27 39 43 48 66 73 83 94 125 
137 143 157 158 161 169 183 191 197 
20
9 11 17 23 28 31 41 54 87 89 97 109 
123 134 144 151 152 169 190 194 
19
20 22 32 34 36 38 49 54 56 60 73 77 
83 85 88 89 99 122 172 
15
4 21 33 39 40 41 42 44 46 66 81 155 
156 158 186 
25
3 11 12 24 29 36 39 63 67 73 84 85 
90 95 106 119 122 128 138 139 147 172 175 195 
199 
20
3 6 7 62 75 96 103 105 106 116 122 147 
153 156 163 166 179 188 196 199 
15
9 10 23 26 32 86 107 122 130 146 150 170 
186 189 191 
27
4 9 28 33 36 38 39 42 43 48 54 67 
73 89 96 98 103 112 135 158 162 165 172 177 
181 189 193 
22
2 5 10 35 40 58 60 83 92 112 113 115 
117 130 148 157 161 165 170 171 183 189 
21
1 13 14 17 19 20 24 34 46 51 59 76 
101 102 124 134 137 158 163 172 186 
13
24 33 34 36 93 100 106 143 149 156 158 163 
169 
21
3 7 20 41 44 60 72 83 84 112 113 117 
126 132 137 138 139 172 193 194 195 
20
5 6 25 50 53 54 58 62 75 78 87 103 
106 112 114 120 150 184 196 200 
17
20 21 29 31 40 64 68 76 92 99 104 106 
110 143 159 179 196 
30
1 3 7 14 24 41 46 51 54 57 62 78 
83 84 92 102 112 114 115 129 133 151 154 173 
176 178 181 187 192 196 
21
7 11 13 27 40 66 81 100 114 126 136 148 
150 154 157 171 174 176 179 182 184 
22
1 17 22 37 41 47 59 87 89 111 113 126 
134 138 144 151 154 168 169 172 180 186 
15
18 28 49 54 89 128 136 151 164 169 177 180 
184 188 193 
26
2 17 25 42 49 53 59 77 84 99 105 121 
128 129 136 139 141 142 149 156 163 171 173 177 
186 193 
16
22 43 44 53 71 91 96 108 144 151 155 161 
164 184 185 193 
22
26 33 39 60 61 63 70 76 77 83 91 94 
109 114 115 129 141 154 155 177 184 194 
20
14 22 32 38 40 49 53 61 62 69 79 86 
90 99 121 123 128 143 164 199 
22
9 22 23 42 50 51 66 87 91 100 101 105 
111 118 126 141 169 173 187 188 190 192 
23
4 7 8 10 13 24 27 47 49 60 102 111 
114 122 129 132 139 144 147 177 182 192 195 
27
3 5 7 16 18 24 29 37 41 42 43 59 
63 65 68 87 101 107 121 123 150 153 158 169 
175 181 191 
19
7 9 24 29 38 50 68 80 84 98 99 106 
111 117 127 147 157 166 184 
24
10 17 42 43 49 53 59 60 64 65 82 84 
96 104 122 127 130 181 183 186 193 194 195 197 
14
9 17 49 63 88 103 126 142 144 151 161 187 
189 192 
17
7 12 27 55 70 72 94 105 114 115 127 129 
132 147 165 179 187 
17
10 43 51 73 78 79 85 92 105 111 117 138 
142 168 170 173 199 
26
1 2 8 26 27 31 39 48 52 55 58 61 
73 85 90 110 118 125 139 140 151 156 178 179 
190 195 
21
2 13 26 30 33 36 77 95 113 116 131 139 
152 154 165 166 181 184 191 195 200 
27
1 10 14 20 27 31 32 44 45 46 54 58 
77 78 83 113 117 126 146 170 171 174 175 176 
181 192 195 
20
20 22 33 39 68 69 73 88 114 135 142 146 
167 169 170 175 177 180 181 183 
18
12 15 17 30 45 47 51 52 60 71 87 100 
116 130 168 176 185 196 
25
7 11 12 14 16 19 25 49 54 60 74 80 
94 98 110 114 121 142 146 149 164 168 187 195 
198 
18
3 11 16 24 31 35 46 69 70 73 76 85 
93 94 145 148 153 175 
21
12 16 38 41 44 46 54 61 72 75 76 110 
145 148 156 164 176 177 186 189 197 
17
9 18 33 52 69 73 74 83 95 96 106 111 
112 125 135 138 170 
22
25 26 30 38 55 56 57 58 59 67 77 85 
90 99 100 107 124 131 164 171 190 194 
26
4 19 20 41 52 53 58 79 84 102 107 110 
125 127 128 129 138 145 147 155 167 174 176 185 
190 198 
26
4 8 20 21 23 55 57 61 62 68 78 81 
97 102 105 113 124 126 132 136 146 151 155 157 
159 166 
18
35 36 38 50 53 80 83 86 104 113 136 147 
150 169 175 176 182 188 
17
2 20 21 25 36 40 45 84 89 106 110 122 
131 137 182 187 193 
22
12 17 19 31 33 50 56 74 82 100 104 114 
122 130 139 145 147 159 165 171 190 191 
14
10 19 24 27 37 50 54 59 86 113 140 182 
187 197 
25
1 10 13 22 27 35 52 57 58 59 60 63 
66 78 81 94 98 108 115 119 137 139 165 180 
188 
17
11 39 65 69 71 91 94 96 111 114 130 139 
176 183 195 197 200 
13
17 35 68 83 85 98 107 114 117 120 125 141 
151 
23
14 21 25 45 48 54 58 85 93 98 99 111 
129 132 138 142 148 156 157 158 164 188 196 
11
66 70 83 85 88 116 117 143 145 149 182 
26
1 12 23 42 49 53 58 69 89 91 95 98 
114 118 129 131 132 139 150 153 155 167 177 184 
186 191 
8
18 24 77 82 119 127 140 180 
25
1 4 9 10 22 24 26 31 34 45 68 72 
84 87 117 131 146 153 159 161 165 177 182 188 
193 
23
3 8 15 18 24 36 39 45 51 60 63 69 
81 83 88 106 108 118 131 137 159 169 183 
23
6 13 15 21 30 43 55 86 91 97 105 121 
132 137 151 155 157 161 165 167 171 178 185 
23
14 15 26 32 36 37 41 43 52 55 100 107 
113 116 118 119 141 148 179 191 194 196 200 
18
37 61 66 75 81 86 123 126 139 142 148 149 
154 159 160 165 178 190 
27
2 17 20 27 30 36 40 45 56 57 68 71 
74 78 81 83 120 127 142 144 146 176 178 182 
190 194 198 
18
27 38 76 90 94 100 114 121 125 134 150 151 
153 170 171 178 187 189 
15
9 13 21 38 48 59 69 99 115 121 137 150 
165 167 191 
16
22 25 36 47 51 61 74 76 89 91 107 110 
111 172 180 184 
14
4 7 19 39 48 51 52 80 88 99 111 125 
139 155 
19
8 19 26 38 43 83 100 110 115 120 121 123 
128 132 163 188 190 193 197 
11
14 17 56 67 81 103 106 108 140 151 192 
16
30 55 56 63 74 82 84 93 94 100 108 131 
135 136 140 184 
16
7 10 13 14 19 22 31 47 56 81 116 123 
138 158 159 183 
27
7 19 26 27 46 48 53 54 70 71 79 81 
83 88 99 107 108 115 128 130 144 149 155 173 
193 196 200 
19
7 36 42 48 51 69 79 92 94 99 110 112 
127 130 144 153 157 160 176 
26
8 15 18 25 35 49 61 62 63 68 70 78 
86 87 93 103 109 115 122 126 138 150 156 168 
193 195 
20
6 9 15 21 37 76 83 87 90 91 97 103 
108 135 144 155 157 160 168 177 
24
22 30 48 59 68 72 73 74 75 80 89 93 
103 119 121 137 149 150 151 161 173 178 180 196 
21
5 35 45 47 52 54 58 73 76 83 84 102 
115 126 135 150 154 161 186 190 191 
15
10 22 46 58 84 107 123 137 152 160 167 172 
173 183 189 
17
39 47 48 65 72 79 85 90 98 100 110 111 
117 140 155 182 200 
22
6 27 30 35 38 47 65 88 104 110 114 122 
130 131 167 169 176 183 186 189 197 200 
15
22 29 31 43 61 71 124 126 129 144 170 189 
190 194 196 
19
2 5 16 31 42 45 49 50 55 64 76 80 
84 86 105 121 126 161 167 
23
11 24 30 31 34 36 43 58 59 63 111 116 
119 121 126 127 128 129 162 179 180 188 195 
22
5 14 27 40 54 88 96 97 99 104 106 111 
115 116 121 129 142 158 162 170 174 182 
22
13 14 15 18 33 38 45 65 88 95 100 126 
127 128 135 139 140 149 156 158 161 170 
19
2 19 29 45 47 68 81 88 92 95 100 104 
119 155 157 160 180 198 200 
25
2 6 15 20 33 36 41 43 76 86 102 113 
119 121 122 127 140 144 157 160 173 176 181 182 
196 
20
7 31 39 65 66 73 91 96 109 122 132 135 
141 156 166 176 180 186 192 193 
14
22 23 49 57 58 60 64 83 113 167 171 175 
176 186 
17
2 7 25 29 61 63 69 72 76 85 87 98 
107 114 123 139 186 
23
5 30 36 37 49 50 55 63 90 96 103 109 
141 148 150 161 162 166 175 182 197 198 199 
22
9 14 15 29 40 58 67 77 87 95 100 110 
127 131 146 150 155 158 161 162 164 187 
14
32 35 36 52 53 94 106 126 133 164 181 185 
191 200 
9
1 14 59 66 86 104 126 169 181 
13
11 35 43 64 66 96 104 112 119 158 173 182 
198 
21
1 22 28 34 35 38 48 56 64 84 90 96 
121 158 164 165 167 170 172 173 178 
22
23 50 56 57 61 69 77 93 95 102 114 119 
129 133 134 144 148 155 164 170 186 189 
14
15 31 37 54 58 65 111 115 132 142 153 167 
178 185 
27
5 22 25 40 56 59 60 64 68 70 73 77 
78 97 104 105 111 119 126 130 135 136 144 159 
160 165 185 
25
8 13 14 16 17 31 33 35 36 47 75 91 
110 112 114 120 133 140 156 173 175 182 184 187 
199 
14
6 18 32 38 74 78 94 116 119 130 140 144 
176 182 
11
13 45 52 61 75 82 129 148 156 160 164 
18
3 11 19 23 34 50 66 73 78 101 104 114 
122 125 154 169 191 197 
18
30 34 36 43 44 47 53 65 81 94 112 147 
155 158 159 177 191 194 
16
4 37 45 49 55 81 95 98 106 113 133 136 
147 160 164 195 
23
8 9 17 34 37 38 39 43 65 73 89 102 
107 109 122 124 130 137 161 166 175 187 196 
24
17 23 29 45 61 71 72 83 87 90 99 117 
118 123 132 133 139 160 161 172 180 184 190 198 
16
1 17 26 28 38 39 59 80 82 83 118 120 
122 174 176 179 
15
17 35 60 83 84 112 114 121 127 142 145 147 
165 179 186 
14
6 9 16 20 68 86 105 127 130 153 164 176 
195 196 
14
2 4 5 7 8 76 103 136 147 153 182 189 
190 196 
15
7 9 44 57 59 70 78 89 92 108 118 151 
153 156 169 
16
3 7 21 45 47 56 92 104 114 144 145 155 
160 171 179 194 
20
4 5 19 34 45 49 54 66 67 76 89 92 
106 126 134 148 151 159 189 193 
16
27 28 50 51 58 62 104 112 122 133 136 154 
169 187 192 197 
25
9 10 11 14 17 34 36 42 62 68 74 87 
96 100 105 121 131 137 143 153 159 160 185 186 
194 
17
1 21 80 97 98 101 110 121 125 143 147 151 
159 176 181 194 195 
21
2 3 17 20 29 46 51 96 98 103 130 133 
143 150 153 168 169 180 186 190 200 
22
4 17 39 46 47 74 82 102 107 110 113 136 
158 161 162 170 180 188 194 196 198 200 
13
26 29 31 67 84 105 110 121 123 147 161 176 
188 
20
7 29 33 36 57 59 73 74 77 85 86 87 
100 102 121 130 150 152 172 192 
23
7 9 14 17 22 24 33 36 39 70 88 103 
104 117 127 132 140 153 175 176 183 185 200 
12
27 35 37 47 72 87 92 111 129 159 161 166 
26
5 6 13 14 21 27 29 35 38 51 62 66 
72 82 110 113 133 137 140 145 150 157 176 184 
185 195 
27
6 7 12 15 21 24 27 36 37 41 46 49 
76 86 98 109 119 121 129 145 153 156 172 177 
179 186 200 
21
4 11 27 41 44 54 80 86 99 100 101 103 
126 139 148 155 162 168 185 189 192 
15
11 12 21 30 32 34 56 59 79 88 143 157 
162 164 200 
18
2 15 26 39 40 81 88 123 126 128 130 133 
137 139 141 150 165 199 
17
8 12 25 27 47 54 55 72 76 88 101 104 
106 115 134 167 196 
18
7 9 14 24 27 42 51 57 62 65 72 91 
114 142 161 167 173 188 
19
6 17 26 34 39 44 57 71 74 87 124 143 
147 151 156 171 178 180 189 
15
3 26 32 47 52 96 102 104 120 139 144 157 
176 179 200 
29
9 30 39 41 45 66 68 83 85 88 96 97 
105 116 119 120 123 134 139 140 141 145 151 154 
158 169 176 177 186 
21
31 33 52 54 68 69 72 83 91 96 109 132 
147 150 162 168 175 177 179 185 186 
28
13 17 35 40 49 50 51 54 57 58 59 61 
83 87 91 100 127 135 136 146 158 173 174 177 
180 183 199 200 
18
7 8 28 65 71 83 87 91 111 115 129 138 
146 150 172 178 185 194 
25
12 27 35 47 58 71 82 98 99 100 102 112 
114 119 120 129 130 133 144 166 167 170 176 180 
187 
22
19 26 31 37 40 44 58 62 68 83 84 90 
99 127 135 145 147 151 161 166 167 200 
22
1 11 32 36 45 46 47 51 52 60 61 67 
85 89 106 109 122 131 159 171 193 197 
20
32 33 34 55 60 88 90 95 118 121 122 134 
150 155 158 164 170 182 187 197 
25
7 13 16 36 37 45 50 57 64 68 69 87 
104 113 124 128 140 150 169 173 176 181 182 192 
196 
18
3 15 25 28 35 47 63 68 71 73 80 93 
105 136 181 186 192 193 
23
6 9 12 17 33 47 52 70 76 92 95 103 
112 114 118 119 138 151 167 169 185 188 189 
14
24 37 47 64 68 70 82 85 96 112 123 143 
153 163 
20
6 19 44 50 66 71 97 102 114 117 118 137 
149 156 159 163 169 171 180 184 
16
7 42 58 68 72 80 99 106 146 148 157 160 
162 175 188 190 
26
7 9 10 16 20 27 31 32 57 60 70 74 
77 79 95 114 121 127 134 136 163 164 167 183 
197 199 
17
33 36 55 62 95 112 113 116 117 123 125 146 
149 161 163 168 172 
24
27 32 42 43 62 64 82 83 89 90 105 135 
144 155 161 164 165 166 174 182 189 193 196 200 
11
28 47 64 67 83 86 104 111 160 190 192 
23
3 8 19 20 65 78 79 87 89 104 111 125 
128 136 141 154 162 163 169 175 195 199 200 
22
21 22 25 29 36 38 56 78 88 120 123 124 
125 127 130 136 142 151 157 187 192 198 
22
1 11 19 28 38 52 79 83 87 88 101 125 
127 129 132 145 148 155 162 189 191 197 
24
5 8 32 37 44 68 75 78 83 98 104 108 
113 124 126 134 144 158 161 167 186 188 189 200 
19
4 15 23 38 60 72 76 79 86 93 96 108 
117 118 154 158 164 168 181 
14
16 17 33 45 49 68 70 73 111 117 127 143 
170 200 
23
7 11 42 46 48 62 81 86 89 106 121 145 
156 157 159 163 176 183 186 187 189 192 194 
25
22 27 36 38 54 68 74 83 87 97 98 99 
110 112 120 133 139 145 146 148 149 150 170 197 
200 
18
14 29 54 63 78 94 101 107 109 111 128 151 
152 165 167 187 191 198 
19
7 8 16 42 70 75 83 84 99 113 115 118 
119 130 142 163 168 195 199 
27
3 5 18 19 28 29 34 36 59 68 73 78 
83 85 90 93 98 113 118 138 139 151 152 185 
186 190 194 
26
15 23 24 40 51 55 56 68 69 75 77 80 
84 90 102 111 112 114 120 144 150 151 161 162 
189 200 
16
59 61 67 80 85 90 91 93 115 128 139 147 
186 188 189 192 
20
2 24 36 45 51 57 58 73 89 95 101 102 
105 108 118 126 138 173 182 192 
22
35 40 43 49 50 56 57 66 69 75 77 82 
115 119 147 149 158 178 183 185 188 189 
21
1 2 3 24 26 28 38 43 46 58 62 106 
111 119 127 129 139 154 167 172 190 
17
29 46 57 73 75 79 96 104 122 129 138 150 
159 169 170 185 192 
11
39 53 63 77 90 100 101 127 131 136 146 
16
41 43 46 57 66 73 110 118 125 130 135 158 
162 167 188 197 
20
5 8 10 11 41 50 58 96 101 108 111 112 
165 168 170 179 180 187 189 191 
17
9 10 11 13 37 56 62 75 86 97 103 127 
140 182 195 197 199 
23
4 5 12 19 23 31 52 62 71 86 94 96 
99 110 120 125 128 135 156 174 184 192 199 
20
5 6 10 28 62 65 72 73 75 81 105 109 
110 111 151 154 170 182 192 193 
22
19 28 35 36 40 45 51 71 79 80 81 86 
90 102 122 127 132 146 156 175 189 200 
26
16 19 44 45 50 51 52 75 78 83 89 92 
98 106 126 134 141 160 164 170 171 184 187 193 
198 199 
22
13 17 25 29 48 68 73 81 89 90 91 97 
110 111 114 119 136 150 160 163 164 170 
12
17 28 45 47 93 104 126 158 168 169 184 194 
23
6 11 21 22 31 33 42 46 47 64 66 94 
104 122 125 133 143 152 170 171 178 183 195 
17
6 19 29 31 33 38 51 66 74 109 136 144 
146 172 174 180 198 
28
10 13 20 26 45 46 54 60 64 68 79 93 
94 99 100 106 111 119 120 121 126 137 150 156 
166 185 196 197 
26
17 27 39 44 71 72 78 83 87 88 90 96 
104 112 114 124 136 143 151 161 166 175 176 185 
190 196 
23
11 12 19 30 36 41 45 53 56 75 78 92 
99 100 117 122 125 127 133 140 144 149 163 
18
15 16 27 45 48 63 66 72 84 94 98 105 
111 155 173 186 188 190 
22
7 8 11 14 23 37 42 57 79 84 85 88 
139 141 149 155 161 170 181 183 193 194 
28
1 5 7 12 21 49 53 58 75 91 94 98 
107 116 118 121 125 127 129 134 146 150 154 159 
182 190 193 197 
20
11 12 39 54 66 70 72 89 109 114 138 148 
152 162 170 172 182 185 189 200 
23
26 41 44 57 70 84 87 91 92 93 99 101 
132 134 136 140 146 154 167 171 173 182 184 
30
11 16 21 37 38 39 40 42 44 59 60 63 
66 82 92 97 100 101 102 112 117 130 144 145 
154 171 175 179 182 192 
23
3 11 14 20 29 43 52 54 58 61 68 70 
72 77 112 115 135 137 150 159 161 170 183 
21
1 5 22 54 56 62 64 79 83 106 131 136 
147 151 159 172 175 179 183 190 200 
20
9 11 13 25 40 54 57 89 92 93 94 146 
159 162 180 184 191 193 198 199 
13
12 18 29 39 51 52 78 89 112 114 120 135 
187 
28
5 30 32 41 42 51 67 74 79 83 91 107 
117 124 130 133 134 136 141 143 146 153 156 157 
159 172 177 191 
29
2 15 18 19 26 28 30 42 63 78 87 96 
108 109 111 121 123 126 129 139 142 148 154 156 
160 177 179 182 187 
21
1 22 54 64 65 76 79 84 87 92 96 103 
122 125 140 160 164 167 173 174 187 
21
3 7 8 9 11 20 39 51 52 55 66 102 
104 119 135 146 147 153 167 174 196 
19
6 26 49 54 56 59 60 68 69 70 71 78 
114 136 145 150 154 158 172 
16
4 14 25 58 73 81 90 93 113 127 139 148 
161 164 178 189 
20
5 21 45 51 62 63 69 73 76 81 97 102 
135 166 171 172 187 190 194 197 
29
4 12 20 24 31 39 45 46 54 58 65 72 
78 87 95 96 100 103 113 124 126 127 131 145 
157 158 161 176 193 
17
1 24 45 52 71 77 90 95 112 114 159 168 
178 184 192 194 198 
16
2 6 18 47 64 76 87 88 96 103 131 142 
166 186 194 197 
22
4 5 24 27 41 47 51 56 82 86 88 94 
124 146 151 155 159 163 171 194 195 197 
26
7 10 12 23 39 40 46 47 59 71 96 97 
100 104 106 111 129 136 140 141 150 156 165 176 
191 192 
16
3 12 16 25 60 85 86 99 103 135 153 154 
171 172 183 200 
19
4 16 28 49 59 70 79 80 100 110 120 138 
149 151 175 184 186 192 200 
24
12 33 45 48 49 51 53 54 70 72 84 101 
102 116 141 145 160 165 168 169 171 172 177 200 
24
1 2 17 18 19 32 34 35 63 77 115 118 
128 129 137 138 143 145 149 151 152 166 168 187 
20
11 16 31 34 61 69 74 76 85 97 99 102 
109 116 132 154 179 180 183 195 
18
12 13 26 50 53 57 83 109 114 116 119 122 
133 146 175 176 177 179 
25
17 24 28 41 47 53 56 70 71 80 94 98 
102 108 111 120 125 133 136 143 156 157 160 189 
198 
17
4 9 19 49 73 95 96 99 102 118 122 132 
138 145 159 170 198 
26
10 13 20 27 31 44 49 50 58 65 66 68 
71 77 80 85 113 114 117 118 141 154 163 170 
183 186 
18
10 11 26 30 37 52 71 82 96 106 122 129 
130 168 177 180 187 198 
17
10 11 12 13 23 26 35 54 57 71 86 87 
91 128 140 155 167 
17
7 8 29 47 58 59 63 76 88 108 125 126 
146 160 168 177 194 
19
41 58 60 66 76 84 89 98 111 126 136 137 
142 152 182 185 190 193 195 
27
1 3 8 11 15 18 34 35 44 48 51 67 
77 94 97 100 118 119 133 147 150 154 160 163 
167 195 200 
20
2 6 12 26 33 40 78 88 100 101 104 110 
125 129 154 160 171 181 185 198 
13
7 18 30 45 53 80 107 130 142 155 161 187 
198 
21
3 8 10 11 15 16 33 54 62 76 99 119 
126 135 143 149 157 173 183 184 190 
12
8 12 21 47 85 91 165 171 177 191 192 196 
20
7 22 25 29 47 49 60 67 92 98 104 114 
121 134 135 143 144 152 167 169 
16
4 10 11 42 60 67 89 99 103 132 133 160 
183 185 188 194 
21
1 33 37 56 63 74 77 83 87 88 102 107 
134 140 149 158 169 179 185 193 199 
20
4 16 17 44 47 57 67 82 101 124 132 142 
143 145 162 166 183 185 186 191 
18
3 12 17 38 44 62 105 108 111 113 118 134 
138 163 167 174 191 197 
20
11 14 42 48 50 65 70 88 100 102 105 120 
121 127 140 145 148 156 159 162 
16
8 55 74 113 116 123 131 132 134 149 157 158 
165 166 173 174 
22
2 5 17 34 44 50 59 60 61 64 81 83 
102 109 124 141 147 150 154 173 183 192 
28
7 30 37 38 42 43 61 66 73 78 84 87 
90 94 99 100 124 132 135 140 151 153 161 175 
184 187 191 194 
16
5 19 28 34 43 53 54 58 74 84 103 110 
130 162 191 192 
22
1 6 10 13 20 25 62 77 78 81 96 98 
99 105 124 127 155 176 184 187 192 196 
21
9 43 56 58 61 65 89 98 102 105 107 121 
128 131 142 146 149 150 153 186 189 
20
6 14 16 31 33 52 73 74 83 86 88 99 
101 123 130 166 167 184 191 197 
21
12 23 25 42 49 51 52 59 68 82 96 104 
115 118 120 128 140 164 183 190 195 
17
14 33 39 44 49 65 89 101 104 127 150 156 
168 171 179 194 200 
17
7 10 22 46 78 86 90 95 126 130 134 137 
141 151 152 158 169 
22
8 14 22 27 35 44 50 60 65 82 85 95 
112 115 123 133 140 156 170 177 190 197 
17
24 26 36 42 66 83 86 121 125 133 146 155 
161 172 186 191 200 
19
21 27 30 41 47 52 64 80 86 93 94 96 
120 127 136 137 144 148 157 
11
24 27 42 48 52 73 111 148 166 168 170 
15
12 22 57 60 69 80 87 92 94 119 126 142 
160 168 191 
18
21 24 38 42 43 44 48 52 76 92 108 114 
144 161 167 173 184 195 
25
2 24 26 32 35 44 47 53 60 63 64 69 
71 83 86 90 98 100 117 141 145 175 188 189 
200 
17
1 3 31 57 70 73 78 104 111 118 140 149 
179 180 191 192 197 
20
23 29 49 50 58 71 81 88 108 117 127 152 
158 163 166 173 186 188 192 199 
19
7 38 59 69 92 100 104 107 113 128 141 163 
164 165 174 175 184 186 190 
23
21 23 30 31 32 35 77 80 88 100 105 111 
133 145 146 152 154 161 162 167 171 173 193 
23
3 20 21 22 51 57 65 69 71 74 79 95 
96 103 116 130 133 134 137 145 173 186 194 
25
2 27 67 76 85 89 90 94 102 104 116 120 
123 137 143 144 147 152 161 165 168 177 179 183 
188 
22
16 38 52 73 76 89 90 94 98 107 120 127 
135 140 141 144 147 150 157 159 171 192 
25
2 19 30 39 65 73 77 80 85 91 105 106 
123 133 137 140 143 144 156 157 168 170 187 189 
196 
20
4 9 20 21 35 47 66 79 92 96 114 120 
122 131 151 164 166 174 187 199 
19
10 17 26 46 59 61 71 75 104 117 127 130 
133 138 153 159 188 198 200 
24
10 15 17 37 38 40 44 54 56 82 94 103 
109 117 118 123 128 154 160 161 183 188 193 195 
16
10 17 21 42 46 51 56 62 114 124 125 151 
160 172 173 191 
20
20 34 40 45 59 60 64 68 77 88 91 93 
95 98 126 146 167 180 183 186 
21
2 5 12 17 19 33 71 79 80 87 94 101 
109 116 117 131 143 170 172 175 196 
22
1 71 74 79 80 101 102 123 125 126 139 151 
158 162 169 173 177 183 185 186 195 196 
23
4 6 16 31 32 35 52 58 67 71 99 101 
109 111 123 136 145 167 174 176 181 189 199 
20
3 9 17 22 37 39 42 43 72 83 86 100 
106 118 120 123 127 149 188 190 
26
2 11 15 16 36 38 55 70 74 77 81 87 
89 90 92 94 95 100 109 113 149 157 169 173 
175 192 
19
9 22 36 43 46 53 58 63 75 78 90 93 
129 134 145 149 151 193 199 
24
14 16 19 28 39 51 70 71 82 84 110 127 
130 134 151 155 156 160 161 184 185 188 196 200 
22
2 8 9 14 46 69 78 91 105 129 130 131 
140 142 145 147 162 167 178 183 184 194 
25
13 26 28 50 54 61 69 81 87 89 91 107 
121 126 137 142 157 166 167 168 169 180 182 190 
191 
20
5 11 15 32 52 55 81 88 95 107 110 113 
127 130 131 137 153 154 165 171 
16
4 21 30 31 34 48 65 74 82 92 146 155 
156 176 194 195 
23
11 14 30 33 44 45 54 82 89 93 94 96 
107 117 119 120 124 145 166 172 175 197 200 
13
9 54 65 82 95 96 101 109 118 132 153 184 
200 
22
2 20 30 44 67 72 75 76 90 105 111 123 
132 144 150 152 156 158 161 168 177 197 
23
7 53 58 62 66 69 74 76 88 107 120 138 
139 159 163 169 172 174 182 187 195 196 199 
16
14 66 68 72 73 76 82 87 105 134 138 144 
151 161 178 193 
14
8 28 30 31 42 61 65 89 92 107 146 173 
177 189 
17
3 47 51 63 71 77 85 87 88 101 108 134 
135 148 161 167 185 
20
12 22 25 32 34 52 64 68 78 82 89 93 
96 99 120 121 150 152 162 183 
21
4 6 11 78 80 101 112 115 127 129 135 148 
149 170 172 173 177 181 193 196 199 
17
2 11 23 26 37 39 55 56 77 85 95 105 
120 136 145 147 187 
26
14 21 24 53 55 71 78 93 96 105 111 115 
116 126 131 137 138 140 141 142 158 178 183 185 
190 191 
25
4 12 21 28 30 41 42 52 64 73 80 95 
102 108 131 133 137 157 160 161 165 173 175 183 
191 
23
6 14 22 36 47 51 73 83 106 117 123 138 
141 145 154 155 162 170 175 177 183 194 198 
22
19 24 32 42 52 56 61 70 93 100 121 131 
134 156 171 173 174 175 176 184 185 200 
17
1 8 14 20 27 38 73 74 76 85 100 120 
129 130 132 151 163 
17
2 14 24 35 50 74 76 91 99 100 106 114 
126 131 144 154 197 
10
20 51 73 95 118 121 160 162 189 192 
22
7 12 23 33 37 41 45 60 68 69 88 105 
110 121 139 157 176 184 189 193 195 197 
23
4 6 8 23 42 53 70 71 73 79 92 106 
115 125 130 132 153 158 160 176 178 181 198 
28
2 11 12 23 36 37 40 46 48 54 60 65 
71 80 81 94 95 102 110 120 130 132 141 154 
158 167 187 196 
27
24 25 26 30 35 38 39 44 59 71 74 81 
82 86 110 116 129 137 141 144 154 185 187 192 
197 199 200 
20
5 8 21 52 58 64 68 69 92 106 115 128 
139 151 162 164 168 176 182 191 
29
6 14 22 23 24 28 43 47 57 71 77 84 
87 94 103 107 108 113 117 129 137 138 161 162 
169 177 183 195 197 
24
15 17 24 27 39 42 68 73 77 85 92 97 
103 109 114 115 119 122 128 139 148 150 186 191 
33
1 14 19 29 32 38 44 47 59 64 67 71 
72 79 85 87 89 102 108 109 114 121 136 139 
142 160 169 170 171 175 180 193 197 
21
12 13 26 51 54 67 70 76 100 104 108 111 
123 124 140 161 166 174 189 191 200 
15
15 16 32 43 59 63 66 68 76 84 96 104 
126 158 186 
28
10 12 14 22 27 41 43 46 48 52 66 74 
98 101 111 118 125 144 147 150 160 162 163 165 
170 172 176 180 
16
28 38 39 46 56 58 61 81 84 125 131 157 
162 190 193 199 
23
21 23 36 37 42 43 56 87 89 92 95 110 
111 119 137 141 154 168 177 180 189 192 195 
17
15 29 43 46 53 65 69 96 103 124 126 132 
156 166 174 177 196 
16
1 6 7 11 23 64 72 94 117 135 142 143 
166 184 189 193 
19
4 7 27 49 60 70 74 76 78 88 94 116 
122 126 140 167 183 197 199 
14
5 8 14 18 33 53 68 76 77 115 146 169 
181 182 
25
18 27 38 42 43 52 55 61 64 72 83 92 
93 99 101 102 103 108 124 160 161 169 170 194 
195 
17
2 21 22 54 60 65 77 107 110 130 140 143 
146 165 179 190 194 
18
8 10 15 18 21 39 44 51 61 68 83 84 
97 108 130 154 184 189 
18
6 9 45 49 56 62 64 66 88 97 130 131 
140 144 151 157 179 199 
25
11 18 31 32 42 57 61 66 68 77 94 102 
127 134 141 150 151 155 163 165 179 187 191 195 
199 
19
14 16 23 30 36 39 57 85 91 92 97 119 
124 136 146 151 160 183 185 
22
6 12 28 31 35 39 51 67 74 78 86 88 
98 99 111 141 147 154 164 181 183 198 
18
9 21 23 34 56 66 82 99 104 115 118 121 
128 151 156 180 196 197 
16
30 35 46 63 72 75 76 88 94 99 102 120 
125 134 147 169 
19
6 11 43 57 61 62 75 79 89 90 95 104 
124 132 146 163 166 181 190 
16
7 11 36 51 57 67 70 82 85 93 101 125 
150 160 171 180 
15
14 19 31 33 35 64 72 92 132 139 151 154 
169 193 200 
10
2 9 73 82 90 129 140 141 169 183 
27
5 8 17 30 37 48 51 55 66 70 77 92 
99 102 113 128 129 138 141 156 169 172 182 184 
185 189 196 
24
3 13 15 24 26 35 54 68 69 77 84 101 
111 117 118 120 130 135 163 165 174 178 186 198 
25
3 5 26 27 31 36 39 60 62 71 82 84 
85 92 98 102 114 119 120 128 135 144 166 169 
176 
18
15 17 19 56 61 76 104 109 112 114 119 126 
128 135 151 160 169 188 
28
3 8 13 17 34 39 42 48 51 64 76 78 
97 116 117 138 152 157 162 170 174 175 180 185 
186 196 199 200 
16
6 21 26 30 33 40 46 60 62 69 86 96 
157 172 177 185 
10
8 10 77 86 94 117 162 170 171 181 
26
4 17 20 24 31 33 45 54 60 66 70 75 
80 87 89 92 98 107 124 132 135 153 155 186 
196 199 
19
10 13 14 40 43 63 74 78 86 97 111 116 
117 120 136 139 161 174 197 
28
8 10 18 19 39 49 61 72 85 86 99 108 
115 118 120 121 124 136 137 138 145 148 154 161 
163 167 182 183 
27
6 17 32 35 37 40 51 54 59 61 62 63 
76 83 88 91 100 103 111 126 130 131 148 156 
185 198 200 
18
22 23 24 31 32 39 40 41 50 57 63 66 
75 94 103 121 189 192 
19
9 16 17 19 24 35 72 77 83 101 109 112 
124 137 147 158 161 190 197 
19
1 4 5 49 50 75 101 107 129 131 135 139 
141 155 157 158 160 175 198 
22
3 15 19 21 28 39 51 62 81 82 89 90 
94 100 102 131 137 140 155 167 180 181 
27
4 8 11 29 39 52 57 62 63 65 67 75 
78 90 93 108 128 145 147 148 161 164 168 175 
191 196 200 
17
6 10 32 86 91 92 94 99 109 131 132 151 
158 160 187 190 196 
24
3 13 15 24 30 31 48 60 76 81 108 122 
132 134 138 142 154 164 166 177 185 195 197 199 
21
3 14 38 43 44 55 57 86 90 93 98 120 
129 136 137 145 166 183 184 189 192 
14
2 14 19 22 37 50 58 96 109 125 152 156 
157 169 
15
22 53 62 77 79 81 92 117 120 148 158 160 
177 180 195 
17
21 34 35 37 56 70 71 75 79 81 85 105 
120 142 157 158 182 
24
2 12 31 43 46 47 66 67 96 99 107 114 
120 127 135 146 150 165 168 169 174 176 185 197 
19
1 10 18 43 46 61 71 88 111 118 141 142 
146 163 170 177 180 188 191 
18
9 19 23 24 30 49 50 61 98 115 120 122 
132 146 153 162 166 191 
24
1 6 13 16 22 23 27 33 34 65 66 74 
84 87 104 105 117 125 130 138 147 176 187 191 
25
17 31 39 54 57 69 91 92 96 102 111 113 
116 124 126 127 137 140 141 159 169 174 175 183 
199 
13
4 6 19 41 49 61 69 123 152 159 184 193 
200 
30
7 9 13 30 39 42 44 52 58 60 66 74 
83 87 88 92 94 97 101 106 130 135 137 144 
145 149 165 174 177 189 
16
2 23 25 35 53 61 73 78 106 108 115 151 
154 163 178 197 
20
3 5 8 25 40 52 53 80 106 113 128 131 
133 144 152 181 185 189 190 194 
22
12 20 31 48 57 65 79 83 107 110 115 117 
120 124 139 141 144 150 164 172 187 192 
17
8 11 27 42 46 82 84 104 108 109 120 128 
152 173 175 186 193 
19
3 22 37 38 54 58 65 86 94 107 117 121 
124 139 157 168 183 187 194 
18
3 5 28 42 57 67 68 74 76 78 94 116 
121 122 143 149 163 186 
16
12 29 35 62 69 72 85 130 136 138 155 167 
169 176 182 193 
23
14 20 25 26 27 30 40 43 55 63 67 89 
90 93 94 103 131 138 150 152 161 166 191 
25
7 11 21 27 35 39 52 67 79 88 91 97 
99 107 117 125 129 150 163 164 166 167 176 183 
184 
27
7 18 19 27 31 32 35 36 39 40 41 51 
75 93 103 109 129 136 138 150 155 180 182 185 
197 199 200 
18
12 14 17 18 31 33 53 57 80 87 94 95 
114 140 168 169 176 195 
19
6 11 18 26 64 72 89 91 93 98 109 151 
152 153 159 172 176 188 192 
20
4 11 15 28 34 37 41 59 64 74 125 132 
149 160 165 167 168 177 185 198 
20
6 7 8 17 48 63 101 103 114 119 121 126 
147 148 153 170 174 186 197 199 
19
6 23 27 39 69 71 81 95 96 99 111 118 
140 141 144 158 160 164 181 
18
6 26 35 47 51 60 72 79 94 97 140 158 
179 181 183 184 185 192 
22
1 4 6 7 31 60 65 77 78 108 110 122 
123 125 135 138 151 161 172 174 187 190 
20
15 30 38 56 58 74 83 88 92 96 110 113 
127 128 130 162 169 184 189 190 
24
13 14 21 24 27 33 44 46 56 57 65 68 
70 71 91 100 112 124 146 158 164 166 185 191 
14
20 27 37 42 43 47 93 146 151 153 154 164 
172 192 
14
4 10 11 17 22 42 50 83 96 137 141 148 
157 160 
19
11 13 21 29 30 34 59 60 73 88 121 123 
127 131 137 165 172 186 187 
22
5 7 18 31 50 59 80 89 101 105 108 112 
126 139 149 151 153 183 186 188 191 192 
21
15 20 38 66 76 78 91 92 94 112 113 124 
132 141 146 148 163 177 186 187 195 
17
1 5 14 15 30 31 41 56 58 109 114 117 
124 135 141 148 184 
15
2 4 26 48 59 94 99 113 117 124 126 147 
191 195 197 
16
12 23 28 45 77 91 95 99 106 130 144 153 
161 162 179 184 
12
2 3 31 52 76 133 143 145 161 174 183 186 
22
4 13 23 34 37 44 58 75 83 98 109 116 
117 121 123 141 143 145 155 165 169 198 
20
1 7 32 39 76 88 95 111 112 113 118 143 
145 162 164 166 182 185 187 197 
24
5 12 19 25 27 43 44 60 61 70 72 74 
80 85 94 95 105 121 151 161 172 182 185 200 
21
8 10 11 26 38 49 56 98 102 111 117 123 
125 131 151 153 158 172 185 190 197 
14
5 30 31 35 50 53 91 100 109 111 124 129 
142 187 
26
1 6 7 10 12 28 29 31 43 45 53 63 
73 78 85 87 120 128 131 135 142 149 159 167 
175 186 
21
5 12 16 18 22 24 50 54 56 60 63 74 
84 91 100 131 141 153 160 177 178 
27
6 7 9 12 16 22 35 40 48 58 60 81 
93 107 120 130 134 154 162 177 180 181 184 191 
192 194 198 
24
8 30 41 42 61 62 68 70 74 75 82 87 
91 100 130 137 141 142 144 167 174 183 192 194 
