75 100
1 1 1 1 1 1 1 1 1 1 1 1 
1 1 1 1 1 1 1 1 1 1 1 1 
1 1 1 1 1 1 1 1 1 1 1 1 
1 1 1 1 1 1 1 1 1 1 1 1 
1 1 1 1 1 1 1 1 1 1 1 1 
1 1 1 1 1 1 1 1 1 1 1 1 
1 1 1 1 1 1 1 1 1 1 1 1 
1 1 1 1 1 1 1 1 1 1 1 1 
1 1 1 1 
44
2 4 7 9 14 16 19 21 22 24 26 27 
29 34 36 42 43 44 46 47 49 50 51 53 
55 56 57 59 63 66 68 70 71 73 75 76 
80 82 89 90 91 94 95 97 
50
2 3 7 9 10 12 13 14 15 18 19 20 
23 28 29 30 32 35 37 39 46 47 50 51 
53 55 57 58 60 64 66 67 69 70 74 75 
76 78 79 81 84 85 87 89 91 94 96 97 
98 100 
51
3 9 10 12 15 17 23 24 26 27 29 30 
32 37 38 39 40 43 46 50 52 53 54 55 
57 59 60 61 65 66 67 68 70 71 74 75 
76 77 78 79 80 83 87 89 91 93 96 97 
98 99 100 
52
1 2 3 5 8 12 16 18 20 23 26 29 
31 33 34 35 38 39 41 42 43 45 47 48 
49 51 52 54 57 63 64 66 67 68 69 70 
74 75 77 78 80 81 84 85 86 88 90 91 
93 94 95 100 
53
1 2 5 6 9 10 14 16 18 20 22 23 
24 25 27 28 30 33 34 35 38 40 42 43 
44 45 46 47 48 49 50 51 52 53 54 56 
57 58 59 60 62 66 68 70 71 73 78 80 
83 89 90 99 100 
43
2 3 4 8 9 11 13 20 22 25 27 28 
30 31 34 43 44 46 48 51 52 53 54 55 
57 58 59 61 67 70 74 77 78 80 81 82 
83 86 88 89 91 96 100 
50
4 6 8 9 10 12 15 17 18 24 26 27 
33 34 35 36 37 40 41 43 46 51 52 53 
54 55 56 58 61 66 67 68 71 73 74 75 
76 77 78 81 82 83 84 85 90 92 93 94 
97 99 
55
2 5 7 9 16 17 18 19 20 21 24 26 
27 29 30 33 36 37 39 41 42 44 45 49 
50 52 54 55 58 59 61 64 65 68 70 71 
72 73 74 75 76 78 79 80 84 85 86 87 
90 91 95 96 97 98 99 
56
2 5 6 7 8 9 10 11 13 14 20 21 
22 25 26 27 30 31 32 33 34 35 37 39 
40 44 45 46 47 48 53 56 58 59 60 61 
66 70 73 74 77 78 79 80 82 83 86 89 
90 91 94 95 96 97 99 100 
46
4 5 8 10 11 14 17 18 20 24 25 26 
31 34 36 37 39 41 42 48 49 50 52 53 
56 57 58 60 61 64 66 67 68 76 79 80 
82 83 87 88 90 91 93 95 97 100 
49
1 3 6 8 9 11 14 16 17 18 19 21 
23 24 25 29 30 32 34 35 36 38 43 46 
48 52 55 56 57 58 59 61 64 66 67 70 
72 73 79 80 84 87 88 90 91 93 97 98 
100 
53
1 4 5 6 7 8 9 11 16 18 20 22 
24 25 28 29 33 36 37 38 39 42 43 45 
47 49 52 53 56 58 61 62 65 67 68 69 
70 71 75 76 77 78 80 82 83 86 88 89 
92 95 98 99 100 
42
3 5 8 9 10 12 13 16 18 19 21 24 
28 31 32 34 36 39 40 41 43 46 49 51 
54 55 59 60 62 63 66 69 71 77 81 83 
87 89 90 98 99 100 
45
1 7 8 9 10 14 18 19 20 21 22 23 
29 32 33 35 36 40 48 50 52 54 55 56 
59 61 63 64 66 70 71 73 74 75 81 83 
84 85 86 89 91 95 97 99 100 
50
1 2 3 4 5 8 9 12 13 14 15 16 
18 21 22 23 26 27 30 32 38 47 51 52 
55 56 57 59 60 61 64 66 67 69 70 71 
73 80 81 84 85 86 88 91 92 96 97 98 
99 100 
50
1 3 6 7 11 12 13 14 16 17 18 20 
21 22 24 26 28 29 30 31 34 35 40 43 
48 49 52 53 55 56 60 61 66 67 68 72 
77 78 79 82 83 84 85 87 88 90 91 92 
93 100 
56
3 4 5 8 9 10 14 16 17 18 22 26 
27 31 32 33 34 37 38 42 44 46 49 50 
51 53 60 62 64 66 67 71 72 73 74 77 
78 80 81 82 83 84 85 86 87 89 90 91 
92 94 95 96 97 98 99 100 
50
1 3 4 5 6 8 10 11 12 13 19 24 
26 29 30 36 39 41 44 46 47 50 51 52 
53 54 59 61 62 63 65 68 70 71 72 73 
75 76 77 78 80 84 87 90 91 93 94 97 
99 100 
49
5 6 10 13 17 18 21 24 25 26 32 33 
39 42 45 46 47 48 50 52 53 54 55 56 
57 61 63 67 68 71 72 73 74 76 77 79 
81 84 85 86 91 92 93 95 96 97 98 99 
100 
47
3 4 10 12 15 16 18 20 22 23 24 25 
26 27 34 40 41 42 43 45 46 51 53 54 
57 58 61 64 66 68 69 70 72 75 78 81 
83 85 86 87 88 89 93 95 96 99 100 
49
2 5 6 9 10 11 13 14 15 16 17 20 
23 24 26 27 28 30 31 33 35 36 37 40 
43 45 46 47 48 55 60 64 65 68 70 71 
72 75 76 79 81 83 90 91 93 95 98 99 
100 
50
1 2 5 6 8 9 10 16 17 18 21 22 
23 28 30 31 32 34 35 36 39 41 44 46 
48 52 54 55 56 59 63 64 66 67 69 70 
71 72 74 76 79 80 83 84 90 92 93 95 
98 99 
56
1 5 6 7 9 10 11 12 13 14 16 19 
21 22 23 26 30 31 32 33 34 35 36 37 
38 43 44 48 50 51 52 54 56 59 64 65 
66 67 69 71 72 76 79 80 84 85 87 88 
90 91 92 93 94 95 96 100 
57
1 3 4 6 8 12 13 15 16 17 23 24 
25 27 31 34 35 37 38 40 41 43 44 48 
49 51 53 54 55 58 59 61 62 65 66 68 
69 71 72 74 75 77 79 80 83 85 87 89 
90 91 92 93 94 95 96 98 100 
47
1 9 10 11 14 15 16 18 22 23 28 29 
32 34 37 38 39 40 43 45 46 47 50 51 
52 53 54 55 56 58 61 62 63 66 67 68 
74 76 79 80 81 85 89 91 92 94 97 
60
4 9 11 13 15 16 17 18 19 20 21 23 
25 26 27 28 30 32 33 35 36 38 39 40 
41 42 43 44 46 49 50 51 52 53 54 55 
56 57 63 64 65 66 69 70 71 74 77 78 
81 82 83 84 85 88 90 91 93 98 99 100 
46
10 12 13 14 15 18 19 20 21 23 24 25 
30 34 35 36 37 40 44 45 46 47 49 52 
56 57 59 63 69 70 72 73 75 78 79 80 
82 83 86 87 88 91 92 94 96 98 
59
1 2 3 4 5 7 9 11 12 16 17 18 
20 21 22 23 24 25 26 27 28 30 34 35 
38 40 41 42 43 47 51 52 53 54 56 57 
58 59 66 67 70 73 75 77 78 82 83 84 
85 87 88 91 92 93 94 95 96 99 100 
47
2 3 4 7 10 11 15 18 19 23 25 26 
30 31 36 38 40 41 42 43 45 47 48 49 
50 51 54 58 60 62 63 65 74 78 80 81 
82 83 84 85 86 92 94 95 96 98 100 
54
1 3 4 5 7 8 9 10 12 14 17 20 
21 26 27 29 31 33 34 35 36 37 39 40 
42 43 46 48 51 53 55 57 58 61 62 63 
65 67 68 69 71 73 75 78 80 82 83 84 
86 87 93 96 99 100 
44
1 7 8 10 14 16 18 20 25 26 28 29 
30 33 34 36 37 38 40 43 46 50 51 52 
53 54 56 57 58 62 64 65 66 68 70 71 
80 82 88 89 91 93 94 99 
54
2 4 5 6 8 10 11 12 13 15 16 18 
20 23 24 25 26 27 28 32 33 34 37 38 
39 40 44 45 46 51 52 53 54 56 58 62 
66 67 70 71 73 75 77 78 82 84 86 88 
90 92 93 96 97 100 
50
1 4 6 7 10 11 12 15 16 18 20 21 
23 26 28 29 30 31 34 36 37 38 39 41 
42 44 45 52 55 56 57 58 60 63 65 67 
68 69 75 77 81 84 85 86 88 91 94 95 
97 98 
51
1 2 4 5 7 11 13 16 17 18 20 21 
23 24 31 33 34 36 37 39 40 42 44 46 
47 49 50 52 53 55 57 61 62 64 66 67 
71 72 73 74 75 76 81 83 85 86 88 89 
90 91 95 
51
1 4 5 8 9 10 12 13 14 15 17 19 
20 22 25 28 29 30 34 37 38 39 40 41 
43 44 47 50 53 55 64 65 69 71 72 73 
77 78 79 80 81 82 85 87 88 90 94 95 
96 98 100 
52
2 3 5 6 7 10 11 13 19 21 22 24 
25 26 27 28 29 31 33 38 41 42 44 45 
46 47 49 51 53 54 55 56 60 62 69 73 
76 78 80 82 83 84 85 87 88 91 92 95 
96 98 99 100 
54
1 2 4 5 6 13 14 17 21 23 26 31 
32 34 35 37 38 39 43 44 45 46 48 51 
52 53 55 56 57 59 62 63 64 65 66 67 
68 69 74 75 78 79 80 81 83 85 89 91 
92 93 95 97 98 99 
50
3 6 8 9 10 11 15 24 30 31 33 34 
35 36 39 41 42 44 50 51 52 53 55 59 
60 62 63 66 69 70 72 73 74 75 76 80 
81 84 85 87 89 90 91 93 94 95 96 97 
99 100 
59
3 6 7 9 12 13 16 17 21 22 26 27 
29 30 31 32 33 34 35 37 39 42 43 44 
45 47 51 56 60 61 63 64 65 66 67 68 
69 70 71 72 73 74 75 76 78 79 81 84 
85 88 89 91 92 93 96 97 98 99 100 
52
1 2 3 10 11 12 14 19 20 21 22 23 
24 28 29 31 33 34 36 39 43 44 45 46 
53 54 58 60 61 65 66 67 68 69 70 71 
72 73 76 77 83 84 86 87 89 92 93 96 
97 98 99 100 
50
3 4 5 6 7 10 11 13 14 15 18 19 
22 24 26 28 30 31 33 39 42 43 47 48 
49 50 54 57 59 61 63 65 67 72 74 75 
78 79 81 84 85 86 88 89 90 92 93 98 
99 100 
39
2 7 17 18 19 20 22 25 27 28 29 31 
32 35 36 37 38 39 40 41 42 43 48 56 
60 61 63 65 66 71 74 75 77 83 89 93 
95 96 99 
50
1 2 3 7 8 9 11 12 15 17 19 24 
26 28 29 30 32 33 35 38 41 42 43 47 
50 51 56 58 60 61 64 65 67 68 70 74 
75 76 78 79 81 86 88 90 91 92 94 95 
98 100 
55
2 4 9 13 15 17 19 20 21 22 23 24 
26 27 28 29 31 32 33 34 35 37 38 39 
41 43 45 48 49 51 53 57 60 61 62 63 
64 65 66 69 72 74 76 77 82 83 85 87 
88 91 92 94 97 98 99 
49
2 3 4 9 11 12 13 14 17 18 19 21 
22 25 27 29 30 33 34 38 40 41 42 43 
45 47 48 54 56 57 58 59 60 62 63 66 
68 69 70 75 79 86 89 90 91 94 95 96 
99 
47
1 5 6 10 13 16 19 20 23 25 28 29 
31 34 39 40 42 44 46 51 53 54 55 57 
60 65 66 68 70 71 73 74 76 79 80 83 
84 86 87 88 89 90 91 94 96 97 99 
48
7 14 15 16 18 20 25 27 28 30 31 32 
33 35 36 39 40 41 42 45 46 47 48 50 
51 52 53 54 55 56 59 69 73 74 75 77 
80 81 82 83 84 85 86 89 91 93 97 98 
53
1 2 4 8 9 11 12 13 16 17 18 20 
21 22 23 24 26 31 33 34 36 37 39 41 
42 43 46 48 49 52 53 55 58 61 62 64 
67 68 69 70 71 73 76 77 79 81 82 84 
87 88 89 91 94 
49
4 7 8 9 10 12 14 15 16 17 20 21 
24 25 28 30 31 34 36 37 38 39 40 44 
46 48 49 55 58 59 60 61 64 66 68 69 
71 74 76 79 80 82 83 88 90 91 92 95 
99 
54
3 4 5 6 7 8 10 18 23 25 26 27 
28 29 30 32 34 35 36 37 38 40 41 49 
52 53 55 56 57 58 59 61 62 65 66 74 
75 77 78 79 81 82 83 84 85 86 88 89 
92 94 95 96 98 99 
55
3 4 5 6 8 9 10 11 13 14 17 18 
21 22 25 26 27 28 29 30 31 32 34 36 
37 40 41 42 44 47 48 51 52 54 59 60 
61 64 65 66 67 69 70 72 73 74 77 78 
86 87 89 91 95 98 99 
50
5 7 9 10 11 14 16 17 18 19 20 22 
27 29 30 31 32 34 35 36 39 41 42 44 
46 49 50 52 53 54 56 60 61 64 66 69 
70 74 77 79 84 87 89 90 91 92 93 94 
95 99 
51
1 5 6 8 11 12 17 18 19 22 26 27 
28 29 30 31 33 36 37 39 40 41 42 44 
46 47 48 50 51 52 56 58 60 65 67 69 
70 72 73 75 76 79 80 83 84 86 91 93 
95 96 100 
56
4 5 7 9 15 16 18 19 20 21 22 23 
25 27 29 32 33 34 37 39 45 46 47 49 
50 51 52 53 55 57 58 59 60 61 63 64 
65 66 67 70 71 72 76 77 78 81 82 86 
89 91 94 95 96 97 98 100 
47
1 2 3 4 7 8 9 12 18 19 21 22 
26 32 33 34 36 38 39 41 46 51 54 56 
57 58 60 61 62 66 67 68 71 73 74 76 
77 80 83 85 86 87 89 91 93 94 95 
56
1 3 4 8 10 11 12 16 17 20 21 24 
25 26 31 35 36 38 40 41 45 47 48 50 
52 53 54 55 56 59 61 62 63 68 69 70 
71 72 74 76 77 78 79 82 85 86 88 89 
91 92 94 95 96 97 98 99 
49
3 4 5 6 7 8 14 15 18 20 21 24 
25 26 27 28 32 33 34 35 36 38 39 41 
42 44 47 49 50 52 54 55 56 57 60 68 
69 71 74 75 77 80 83 85 88 90 93 95 
97 
61
1 2 3 4 5 9 12 13 14 15 16 17 
20 23 24 25 26 27 29 30 31 33 35 36 
37 38 39 40 41 44 45 46 48 50 51 52 
53 55 56 58 62 63 64 67 68 70 72 73 
74 78 80 81 84 89 91 92 93 94 95 96 
100 
48
2 4 5 7 9 10 12 14 15 25 26 28 
31 36 37 39 40 42 48 51 53 54 59 61 
62 64 66 68 70 72 73 76 77 78 79 80 
81 82 85 89 90 91 92 94 95 96 99 100 
42
2 10 12 15 16 28 29 30 32 33 37 38 
39 48 49 51 56 61 62 63 64 69 70 72 
75 76 77 82 83 84 86 87 88 89 90 92 
93 94 97 98 99 100 
53
1 5 7 8 9 10 11 12 13 14 15 17 
28 29 36 37 38 39 40 43 44 45 46 48 
49 50 52 54 56 58 59 60 62 63 65 66 
68 69 71 72 73 79 81 83 84 85 87 88 
91 92 94 95 96 
55
1 4 5 6 7 9 10 12 15 16 17 18 
22 23 24 25 29 30 32 33 35 37 38 39 
41 42 46 47 49 51 54 55 59 63 64 67 
68 69 72 73 75 78 79 83 84 85 89 90 
91 92 95 96 97 98 100 
49
2 5 6 8 9 10 11 12 18 20 21 22 
24 25 26 29 32 33 36 37 41 42 43 47 
51 53 54 57 58 59 61 63 66 67 68 69 
70 71 72 73 74 77 79 89 92 93 94 96 
97 
50
7 8 12 16 18 19 20 21 22 23 24 27 
28 30 34 35 36 37 44 47 49 52 54 55 
58 59 61 62 63 64 65 67 68 72 74 75 
78 80 81 82 85 87 88 90 92 93 97 98 
99 100 
64
1 5 8 9 10 11 12 14 15 16 17 19 
20 21 23 24 25 26 28 29 30 34 37 38 
40 41 42 44 46 47 49 50 51 52 54 56 
57 58 59 60 61 64 66 67 71 73 74 75 
78 79 80 82 85 87 88 89 91 92 94 95 
96 97 98 99 
46
1 3 4 5 7 9 10 12 14 15 18 21 
23 26 27 28 31 32 35 36 40 45 47 48 
50 54 58 59 62 64 66 67 69 70 74 75 
78 80 83 87 88 94 95 96 97 98 
55
2 3 4 8 11 12 17 19 20 22 23 26 
30 31 32 33 34 35 36 37 39 41 42 43 
45 47 48 50 52 53 55 58 62 64 65 67 
70 73 75 77 78 79 80 83 85 86 87 88 
90 95 96 97 98 99 100 
50
4 5 6 8 9 11 12 15 17 19 20 22 
23 25 26 27 30 34 35 36 37 39 40 42 
46 47 52 53 55 59 61 65 66 67 69 70 
71 73 77 80 81 83 84 85 90 91 93 96 
97 100 
54
2 3 4 8 9 11 14 15 16 17 18 20 
23 24 26 27 28 29 30 31 32 34 35 37 
38 39 40 45 46 49 50 51 54 57 60 62 
66 69 71 73 74 75 76 79 81 83 84 87 
90 93 95 96 98 100 
54
3 5 7 9 11 12 16 19 21 24 25 26 
27 29 30 31 35 36 37 38 39 40 41 42 
44 47 49 52 53 56 58 59 60 61 62 64 
67 75 76 77 78 81 83 84 85 87 88 90 
92 93 96 98 99 100 
50
1 2 5 8 9 16 17 19 20 21 22 24 
29 34 35 36 37 38 40 42 43 44 45 48 
50 51 53 54 56 57 58 65 66 68 69 71 
77 78 79 81 82 84 85 86 88 92 93 94 
97 100 
47
1 2 3 4 5 6 7 8 10 11 12 14 
15 18 21 23 26 27 33 40 41 44 45 49 
50 51 52 53 54 55 64 66 68 72 73 74 
77 79 81 82 84 85 90 94 97 98 100 
55
1 3 4 6 7 8 10 12 13 14 19 20 
21 24 26 28 29 31 34 36 37 38 39 40 
42 44 46 48 49 50 51 54 55 57 59 61 
65 66 68 70 72 73 75 79 80 81 83 84 
85 88 91 92 95 97 99 
58
4 5 6 7 8 12 13 14 16 17 18 19 
21 23 26 27 28 32 33 34 39 41 45 46 
50 53 54 56 57 59 60 61 62 63 68 69 
70 71 73 74 75 76 77 80 81 82 83 85 
87 88 89 91 92 94 96 97 99 100 
47
2 3 4 5 11 14 15 19 20 21 22 24 
25 28 30 31 33 34 35 36 38 40 42 44 
45 49 51 54 58 59 60 63 67 68 69 70 
72 81 83 86 88 89 92 94 95 96 97 
