75 100
1 1 1 1 1 1 1 1 1 1 1 1 
1 1 1 1 1 1 1 1 1 1 1 1 
1 1 1 1 1 1 1 1 1 1 1 1 
1 1 1 1 1 1 1 1 1 1 1 1 
1 1 1 1 1 1 1 1 1 1 1 1 
1 1 1 1 1 1 1 1 1 1 1 1 
1 1 1 1 1 1 1 1 1 1 1 1 
1 1 1 1 1 1 1 1 1 1 1 1 
1 1 1 1 
51
2 8 11 12 14 18 19 20 21 22 24 25 
29 30 33 34 36 37 38 39 42 44 46 49 
50 53 54 55 56 57 60 62 64 67 70 73 
74 75 76 77 79 81 82 85 87 91 92 93 
94 96 97 
57
1 3 5 6 7 11 12 13 18 19 20 21 
24 25 27 28 29 32 33 37 40 41 42 44 
45 47 48 49 51 54 55 56 57 58 59 63 
64 66 67 69 70 74 75 79 80 81 83 84 
85 86 87 89 91 94 96 98 100 
56
1 2 3 4 9 10 11 12 13 15 16 20 
22 24 26 31 33 34 35 36 37 38 39 42 
43 44 45 46 47 49 50 53 54 56 61 63 
64 65 69 72 75 76 77 79 81 83 84 87 
88 90 93 96 97 98 99 100 
55
1 3 6 8 9 11 12 13 17 18 22 23 
24 25 27 28 29 32 33 36 38 39 40 41 
42 43 46 49 53 54 55 56 57 58 60 61 
64 68 71 72 73 78 79 83 86 87 88 90 
93 94 95 96 97 98 100 
44
2 4 9 10 12 13 14 15 17 20 21 23 
25 27 30 31 32 33 40 42 44 46 48 49 
52 55 57 59 60 63 67 68 71 73 80 82 
83 84 85 88 92 93 94 99 
49
3 4 9 10 14 18 19 21 23 24 25 26 
27 30 31 33 34 37 38 40 45 47 48 49 
50 55 58 59 60 62 63 64 69 71 72 74 
79 80 81 82 83 85 89 91 93 95 96 97 
100 
54
2 3 4 5 6 9 11 12 13 14 15 21 
22 23 25 29 30 34 36 37 38 39 40 41 
44 46 48 50 51 53 54 55 56 57 62 65 
66 68 69 71 72 74 77 79 80 81 85 89 
91 95 96 97 98 99 
50
2 3 5 6 7 8 10 15 16 19 21 24 
25 26 27 29 30 35 36 40 45 47 48 50 
51 52 54 55 56 57 58 59 60 63 66 67 
70 72 74 75 77 78 79 81 82 85 87 88 
91 93 
57
3 5 6 12 14 15 17 22 23 24 25 26 
28 29 30 31 32 33 34 35 36 37 38 39 
40 45 46 47 49 50 51 57 58 59 61 63 
66 67 68 69 70 71 72 73 74 75 79 82 
83 84 85 87 89 92 95 97 98 
52
1 2 4 6 7 8 11 14 15 16 17 18 
19 20 23 24 26 27 30 33 34 36 38 39 
40 44 48 49 50 53 54 57 61 62 64 65 
71 72 73 76 80 81 83 87 90 92 95 96 
97 98 99 100 
44
2 3 4 5 6 7 8 10 11 19 20 21 
22 24 27 28 29 33 36 38 39 40 43 55 
57 58 59 63 65 67 68 70 72 75 78 79 
83 84 87 88 92 94 96 98 
47
2 6 8 9 12 13 14 19 24 25 26 30 
32 36 37 38 39 41 42 43 44 45 47 51 
55 57 59 62 66 67 71 73 75 76 78 79 
81 82 83 85 86 88 94 95 96 99 100 
52
1 3 5 6 7 8 9 11 15 16 19 20 
22 23 26 29 30 31 32 33 35 37 38 39 
43 44 46 48 50 53 57 58 60 62 64 67 
70 72 74 75 76 77 78 84 85 87 88 93 
94 96 99 100 
48
2 3 5 8 10 15 16 18 21 25 26 31 
32 35 38 39 40 42 45 46 47 48 53 57 
60 61 62 63 67 70 71 73 74 75 76 77 
78 79 80 88 89 90 91 94 96 97 98 100 
46
1 2 3 6 8 9 11 13 15 18 19 24 
26 27 28 32 34 39 43 44 45 50 51 52 
53 54 59 60 63 64 65 70 71 72 77 80 
81 82 84 85 86 90 91 93 96 100 
58
1 3 5 8 9 10 11 12 16 17 18 19 
20 23 30 32 33 35 38 39 43 45 46 47 
49 50 51 52 53 54 55 57 59 60 61 62 
63 65 67 69 71 73 75 77 79 80 81 82 
83 84 85 86 87 89 91 92 94 99 
57
2 3 4 5 8 9 11 13 15 16 17 18 
19 20 22 25 30 32 33 34 37 38 39 40 
41 42 44 45 47 48 50 52 55 56 58 62 
63 64 67 68 73 75 76 78 79 81 86 89 
90 92 93 94 95 96 97 99 100 
57
2 4 5 8 9 10 12 14 15 17 18 20 
21 23 24 25 28 29 30 32 34 35 36 37 
38 40 43 45 48 49 51 54 55 56 57 58 
59 60 61 62 65 66 69 72 73 75 76 77 
79 82 83 87 88 89 95 97 100 
48
2 3 6 7 8 10 13 14 18 19 21 22 
23 30 34 35 36 43 47 48 49 51 52 53 
57 59 61 62 63 66 68 69 72 73 76 78 
79 81 82 87 88 90 92 93 94 95 99 100 
51
1 3 4 5 6 8 9 10 11 12 14 15 
16 17 18 19 20 23 25 27 32 36 38 39 
40 43 44 47 48 53 54 56 61 62 63 64 
66 67 68 69 71 78 79 83 88 89 92 94 
95 97 99 
50
1 2 3 4 6 11 12 18 19 25 26 27 
28 29 30 32 37 39 45 46 49 50 52 53 
54 58 60 62 65 68 70 71 73 74 75 76 
77 79 82 83 84 85 86 88 89 92 93 95 
96 100 
54
1 2 3 6 7 10 14 15 18 19 23 25 
28 29 30 31 32 33 34 37 38 39 41 44 
47 48 49 51 53 54 58 59 61 62 64 65 
67 68 69 71 72 73 78 79 80 81 84 86 
90 93 94 97 98 100 
51
1 3 4 5 6 7 9 10 13 15 20 22 
23 24 26 31 32 34 39 40 41 42 45 46 
47 49 52 53 57 58 63 66 67 71 73 78 
79 80 81 82 83 84 85 86 90 91 92 94 
97 98 99 
46
1 5 7 8 10 15 16 21 25 26 27 30 
33 37 39 41 43 44 47 50 51 53 58 60 
61 68 70 72 73 75 76 77 80 81 82 83 
84 86 87 88 89 92 93 94 95 97 
53
1 3 4 6 8 11 14 19 20 21 23 25 
26 27 29 31 35 39 40 42 43 44 47 48 
49 50 51 55 56 57 59 60 61 62 64 65 
66 67 68 69 71 72 75 77 81 87 88 91 
94 95 96 97 100 
43
1 2 8 9 11 12 14 15 18 19 22 23 
24 26 30 34 35 40 42 44 55 56 62 64 
65 69 70 73 74 75 76 78 79 81 87 89 
90 92 93 94 95 96 100 
54
1 2 3 4 6 7 8 9 13 16 19 20 
21 22 23 24 26 28 30 32 33 34 35 38 
39 40 41 43 45 47 52 53 54 56 57 59 
62 66 67 69 71 73 75 76 77 82 84 85 
90 91 93 94 99 100 
49
2 4 5 6 7 10 11 12 14 16 17 19 
22 24 25 26 27 30 31 32 35 36 40 43 
46 48 49 51 52 54 56 57 63 64 67 68 
69 72 78 80 81 83 84 88 89 90 93 98 
99 
45
1 2 8 12 13 15 16 23 28 29 31 32 
34 35 36 38 39 42 43 44 53 57 58 60 
65 66 68 71 72 73 75 76 77 80 81 84 
85 86 87 88 91 92 93 98 100 
41
1 2 3 8 15 17 18 23 24 27 28 30 
32 34 38 39 40 45 47 49 51 55 56 58 
60 61 62 64 65 67 68 71 73 75 79 80 
81 88 94 96 100 
44
5 7 13 19 23 24 26 27 29 32 33 40 
43 44 45 47 48 50 51 55 59 60 61 64 
65 69 70 72 73 75 77 78 79 80 81 82 
83 84 86 87 89 92 95 97 
53
1 3 4 7 8 9 11 12 13 14 15 19 
20 21 22 23 24 25 26 33 34 36 37 41 
43 44 47 48 50 51 53 54 55 56 57 58 
59 64 65 69 71 72 76 77 80 81 82 83 
85 87 89 91 96 
44
1 2 5 6 13 16 17 18 19 20 22 23 
26 30 31 32 33 35 37 39 41 42 43 48 
49 50 55 56 58 59 60 61 65 66 67 72 
73 75 78 80 81 86 91 100 
55
1 2 3 4 5 9 11 12 14 15 16 17 
19 21 22 24 27 28 31 33 34 36 37 38 
40 42 46 47 48 49 54 55 56 57 58 59 
60 62 66 67 70 72 76 77 81 85 89 90 
92 94 95 96 97 98 100 
51
3 4 6 7 8 12 18 19 21 23 24 25 
27 28 29 30 31 36 38 39 43 44 45 46 
47 48 49 50 58 62 66 68 69 71 72 73 
74 76 77 80 82 83 84 86 89 91 92 94 
95 96 98 
48
1 4 6 7 11 16 20 22 23 24 26 27 
30 32 37 40 41 43 47 48 49 50 51 53 
54 57 59 61 63 64 65 66 69 70 74 77 
78 80 81 82 83 85 89 90 91 95 97 98 
48
3 6 7 10 12 13 17 19 20 22 24 27 
29 33 35 36 37 38 39 43 46 48 51 52 
53 55 59 60 61 62 63 64 65 67 69 71 
72 74 75 76 78 83 86 87 93 94 99 100 
47
1 3 7 10 11 12 13 15 17 18 20 22 
23 24 28 32 33 34 36 38 41 46 49 54 
57 58 59 60 64 65 66 67 68 77 78 79 
80 85 88 90 92 93 94 95 96 97 99 
46
1 2 3 5 6 7 8 9 10 12 14 18 
19 21 26 30 31 32 40 42 43 45 47 50 
54 57 58 61 62 65 66 67 73 74 75 76 
77 81 82 85 88 90 91 94 97 99 
52
1 2 7 8 9 10 11 12 16 19 20 21 
26 30 31 33 34 36 37 42 43 49 52 54 
55 57 59 65 66 67 68 69 70 71 72 74 
76 77 82 83 85 86 87 88 89 90 91 92 
95 97 98 100 
42
3 5 9 10 12 13 22 25 26 27 31 32 
33 35 36 37 38 41 43 45 46 47 51 52 
53 55 57 58 59 62 63 69 75 76 79 81 
84 89 91 94 95 96 
51
5 8 11 13 16 18 20 21 22 26 27 28 
30 31 32 33 34 35 36 37 38 39 42 43 
44 48 49 53 54 58 59 64 65 66 67 69 
70 72 76 78 82 84 86 87 89 90 94 95 
98 99 100 
52
2 3 4 5 11 12 15 17 19 20 21 22 
23 26 28 29 33 36 37 40 41 42 44 48 
52 58 60 61 62 64 66 67 70 72 75 76 
77 78 79 80 81 82 83 87 89 91 92 94 
96 98 99 100 
49
3 4 5 9 12 13 14 15 17 19 21 22 
24 26 27 28 29 30 31 32 34 36 37 39 
40 42 43 45 47 48 49 51 60 65 71 72 
74 77 80 82 83 86 87 90 92 96 98 99 
100 
55
5 6 7 8 9 10 11 13 15 16 18 20 
24 30 31 33 35 36 37 39 41 42 43 44 
45 50 53 56 57 58 61 66 67 68 69 71 
72 75 76 77 78 79 81 82 83 84 86 88 
89 90 91 94 95 97 98 
48
1 2 9 11 12 14 15 21 22 23 26 33 
36 39 43 44 45 46 47 48 49 52 53 54 
55 58 62 66 68 69 70 71 72 73 74 75 
79 82 83 85 86 89 93 94 95 96 99 100 
50
2 3 5 8 9 10 11 12 14 17 22 23 
24 29 31 32 33 36 37 40 41 42 44 46 
48 49 50 54 59 61 62 65 67 68 69 70 
72 73 76 77 80 84 87 88 89 90 93 97 
98 100 
52
2 3 4 5 9 10 13 14 15 19 20 25 
26 27 28 29 30 33 35 37 39 40 41 43 
46 47 48 49 50 51 54 55 58 60 62 65 
66 67 69 73 79 81 84 86 88 89 90 92 
93 94 95 96 
57
4 5 6 7 8 9 10 11 12 15 16 17 
18 19 22 23 25 29 31 34 35 37 38 39 
40 41 43 45 46 47 48 49 50 51 53 57 
61 62 63 64 66 67 68 69 71 73 75 79 
82 83 85 86 89 91 95 98 100 
57
2 7 8 11 12 13 14 16 20 25 26 27 
28 29 30 32 33 34 35 36 38 39 41 42 
43 45 48 51 54 55 57 58 60 62 63 65 
66 67 68 69 73 75 77 78 79 80 82 84 
86 88 89 91 92 94 95 96 100 
53
2 4 7 8 9 11 12 13 15 18 19 20 
23 24 26 28 31 35 37 38 39 42 44 45 
47 48 51 52 55 56 58 60 61 62 63 65 
67 69 71 75 77 78 81 84 86 87 90 92 
93 94 95 96 98 
43
3 5 6 7 8 10 11 14 20 23 25 27 
28 29 30 31 32 34 35 39 40 41 43 44 
48 49 57 58 59 60 68 70 73 74 78 82 
84 90 91 94 96 98 99 
45
1 2 5 6 7 12 13 15 17 20 21 23 
25 28 30 31 35 38 39 40 43 47 48 49 
50 54 59 60 61 65 67 70 74 75 79 81 
82 84 85 86 87 92 93 94 97 
49
1 4 8 11 12 13 14 15 20 21 23 25 
26 27 29 31 35 36 38 39 40 45 46 47 
49 52 54 56 57 60 61 63 66 67 68 72 
73 74 76 81 84 85 90 92 94 96 98 99 
100 
58
1 2 3 6 8 9 11 12 14 18 19 21 
23 24 25 26 27 29 30 33 34 35 39 40 
42 44 48 50 53 54 55 56 62 63 65 66 
68 69 70 71 74 75 79 80 81 82 83 84 
85 86 88 89 90 91 92 96 97 98 
44
2 7 9 10 13 15 18 19 21 29 33 40 
41 43 44 45 46 47 48 51 52 56 58 60 
61 62 63 64 65 66 69 72 73 74 75 76 
77 82 86 88 89 90 93 95 
54
1 4 5 6 8 11 13 14 15 16 19 21 
23 25 28 29 32 34 37 38 39 41 43 46 
48 52 54 56 58 60 62 63 65 66 67 68 
69 71 73 74 77 78 81 82 83 84 86 88 
89 93 96 98 99 100 
55
1 5 6 9 11 12 14 15 16 18 19 20 
21 22 25 27 28 32 33 34 35 36 40 41 
42 43 45 48 53 54 56 61 64 65 67 68 
70 72 73 74 75 79 80 81 82 83 85 86 
89 91 92 93 95 97 100 
42
1 3 6 8 10 11 13 15 16 18 20 22 
25 26 27 28 33 34 36 38 41 42 44 45 
52 54 56 61 68 70 71 72 75 79 80 83 
88 89 91 93 94 99 
55
2 5 6 7 8 9 10 12 14 17 19 20 
21 23 25 26 27 29 36 38 39 40 41 42 
43 46 47 48 49 50 51 52 54 55 59 60 
61 62 64 65 67 70 72 73 74 77 79 83 
85 86 90 91 95 96 100 
60
1 2 3 5 6 7 8 12 14 17 20 21 
24 26 27 28 29 30 33 34 35 36 37 40 
41 42 44 46 47 49 55 56 58 59 60 61 
62 64 65 68 70 71 72 73 75 79 81 82 
83 85 86 88 89 90 91 92 97 98 99 100 
49
2 3 4 5 6 10 11 13 15 16 17 18 
20 22 26 31 32 36 38 40 41 42 45 46 
47 48 55 56 57 58 68 69 70 72 73 74 
76 77 78 80 83 85 87 90 94 96 97 99 
100 
49
3 4 6 7 8 11 12 17 21 22 24 27 
31 32 33 34 36 38 39 40 41 45 46 47 
48 51 52 55 60 61 62 63 64 65 66 69 
77 82 84 85 86 87 90 93 95 96 97 98 
100 
55
1 4 6 10 15 16 18 19 23 24 25 27 
37 38 39 40 41 42 44 45 47 48 49 50 
51 56 61 62 63 64 65 66 67 68 69 71 
74 75 78 79 81 82 83 85 86 87 88 89 
90 92 94 95 98 99 100 
51
1 2 4 5 7 11 12 14 15 16 19 21 
24 25 27 28 30 31 35 38 39 41 43 45 
47 48 50 53 54 57 62 67 68 72 74 75 
77 78 80 81 82 83 89 90 92 93 94 95 
96 97 98 
48
1 3 13 15 17 18 19 20 23 24 25 30 
32 34 35 36 37 41 42 44 47 53 54 55 
56 59 64 65 68 72 73 74 76 77 79 82 
83 85 89 90 91 93 94 96 97 98 99 100 
50
1 3 7 9 11 14 18 19 22 23 24 26 
27 29 31 33 36 38 41 42 50 51 54 57 
58 60 61 62 65 67 68 70 71 74 76 77 
78 79 85 87 89 90 91 92 93 94 95 98 
99 100 
50
3 4 5 7 10 12 17 18 19 23 26 27 
31 33 34 35 36 37 38 39 43 44 46 48 
49 55 60 62 63 65 68 69 70 72 74 75 
81 83 85 86 87 88 89 90 92 94 97 98 
99 100 
50
1 3 4 5 7 8 11 12 13 14 15 19 
21 26 27 31 33 34 36 39 41 42 46 47 
48 49 52 54 58 59 61 64 69 70 71 72 
74 75 77 78 81 83 87 88 90 91 96 97 
99 100 
49
1 2 3 6 7 9 12 15 22 25 29 30 
31 33 35 37 39 42 45 49 50 51 53 54 
56 57 58 59 61 62 63 64 65 67 68 69 
71 74 76 80 81 84 85 89 90 92 95 97 
98 
55
2 3 7 10 11 14 15 16 18 20 21 24 
25 28 31 35 38 39 40 41 42 46 47 49 
51 53 54 55 56 57 58 59 61 63 64 65 
66 67 68 73 74 75 77 78 79 81 82 85 
86 88 89 93 97 99 100 
58
1 2 5 8 9 10 12 13 18 19 21 23 
24 25 27 28 29 30 33 35 37 38 39 43 
44 46 49 50 51 52 56 58 59 64 65 66 
67 68 70 71 72 73 75 76 77 81 82 83 
84 88 89 90 92 94 95 97 98 99 
43
1 5 6 7 8 9 12 18 20 24 25 31 
32 34 35 41 43 48 50 51 53 54 55 56 
59 60 61 62 66 68 75 76 80 83 84 85 
86 89 90 91 93 94 100 
47
1 2 7 8 9 11 16 18 19 20 21 24 
25 26 28 29 31 34 35 39 45 47 49 53 
54 59 60 61 64 65 66 69 76 78 80 82 
84 88 89 91 94 95 96 97 98 99 100 
55
1 2 5 6 8 9 11 13 16 17 18 19 
20 21 22 24 27 29 32 33 34 35 41 44 
45 46 48 49 50 53 54 55 57 59 60 62 
64 65 69 70 72 73 75 76 79 80 81 82 
84 90 91 92 97 99 100 
