75 100
1 1 1 1 1 1 1 1 1 1 1 1 
1 1 1 1 1 1 1 1 1 1 1 1 
1 1 1 1 1 1 1 1 1 1 1 1 
1 1 1 1 1 1 1 1 1 1 1 1 
1 1 1 1 1 1 1 1 1 1 1 1 
1 1 1 1 1 1 1 1 1 1 1 1 
1 1 1 1 1 1 1 1 1 1 1 1 
1 1 1 1 1 1 1 1 1 1 1 1 
1 1 1 1 
39
10 17 19 25 35 36 38 40 41 43 48 49 
51 52 54 55 56 59 60 62 63 64 66 68 
71 73 74 76 77 80 82 83 85 86 90 94 
95 96 98 
49
2 3 4 6 7 8 9 10 15 17 20 24 
26 28 29 30 31 32 34 35 37 39 41 43 
46 50 53 54 55 56 58 59 62 63 64 66 
69 71 74 75 78 84 86 87 90 94 95 97 
99 
54
1 2 3 4 5 6 7 8 12 13 14 15 
19 20 22 23 24 26 27 29 36 37 42 43 
46 51 52 54 57 58 59 62 65 67 70 71 
74 76 77 78 79 82 84 85 86 88 89 90 
91 93 94 97 99 100 
47
4 5 6 8 9 11 12 14 15 16 19 22 
26 28 29 30 35 36 37 38 43 44 45 49 
53 54 55 56 57 59 60 61 63 66 72 74 
75 77 78 81 82 86 92 94 95 97 99 
54
1 2 3 4 6 7 10 12 13 17 20 22 
24 25 30 31 32 33 34 36 37 38 42 47 
49 50 51 53 56 57 58 61 62 63 65 66 
68 72 74 75 77 78 82 85 86 87 89 90 
91 93 95 96 98 99 
44
1 7 8 11 12 13 14 17 20 22 23 26 
28 29 30 32 33 34 37 38 39 41 42 49 
50 54 57 61 64 65 66 67 69 73 77 78 
79 81 84 86 89 98 99 100 
51
4 5 6 7 8 9 11 16 17 18 19 24 
27 28 30 32 39 41 42 45 52 54 55 57 
58 59 60 63 65 71 72 73 74 75 77 78 
81 82 83 84 85 86 87 88 89 90 91 92 
93 94 97 
55
1 2 3 4 5 10 11 13 17 19 24 25 
26 27 28 29 31 33 36 40 42 43 44 45 
46 49 51 52 53 54 57 58 59 60 62 66 
67 68 70 73 74 77 78 79 80 82 83 87 
89 92 93 94 95 96 97 
47
2 3 4 5 6 11 12 16 17 19 22 24 
26 27 31 33 34 36 38 39 45 46 47 51 
54 57 58 60 61 64 66 67 70 71 76 77 
78 79 80 83 84 87 92 96 98 99 100 
43
1 4 7 10 11 12 13 16 17 19 20 21 
24 26 28 31 33 35 36 44 47 49 52 53 
55 56 57 58 60 64 65 70 71 74 76 81 
82 86 88 90 95 96 99 
47
1 2 5 8 12 14 16 17 18 23 24 27 
29 31 32 39 40 42 43 44 45 46 47 48 
51 53 54 55 57 59 60 61 63 64 70 71 
72 76 81 82 83 86 89 93 96 98 100 
44
1 3 4 5 6 7 10 11 14 15 18 20 
22 30 31 32 35 36 38 40 43 45 46 48 
51 55 59 61 62 64 67 68 70 77 79 80 
82 83 85 88 91 93 98 100 
49
3 5 11 12 16 17 18 19 24 26 27 29 
30 31 32 33 37 42 45 46 47 50 52 55 
56 60 61 62 64 66 67 68 71 72 73 74 
76 78 80 82 86 88 89 91 92 95 96 98 
99 
54
1 2 4 6 7 8 9 10 11 12 13 14 
15 20 23 26 28 33 34 35 39 40 41 42 
45 46 47 48 50 51 52 54 55 58 59 60 
62 63 65 67 68 69 71 75 79 80 81 82 
86 87 91 95 96 97 
56
1 2 3 4 5 8 9 11 14 15 18 21 
22 23 26 27 28 29 33 37 38 39 42 43 
44 45 46 47 48 50 51 55 56 57 60 61 
62 63 66 69 72 76 77 78 84 85 87 90 
91 92 93 94 95 97 99 100 
52
3 5 8 9 11 13 14 18 20 21 22 25 
26 27 33 34 35 38 40 43 45 47 48 49 
50 51 55 56 57 59 61 63 64 67 70 71 
72 73 74 75 76 77 78 80 84 86 91 93 
94 95 96 100 
46
1 3 4 5 6 7 8 12 15 16 17 19 
20 22 23 24 25 29 30 31 33 34 35 42 
44 46 51 52 54 57 58 62 64 69 72 74 
76 83 84 88 90 92 93 95 98 100 
48
3 5 8 10 14 15 17 18 19 21 25 28 
30 31 33 37 39 40 46 49 53 54 56 57 
58 59 62 63 64 66 68 70 71 73 74 77 
78 81 82 84 85 86 89 90 91 94 95 96 
62
1 7 10 12 13 14 15 16 17 18 19 20 
22 23 24 26 29 30 31 33 35 39 40 41 
42 44 46 50 51 53 55 56 57 58 59 65 
66 67 69 70 72 73 76 77 78 79 80 81 
82 83 84 85 86 89 92 93 94 95 96 97 
98 100 
38
1 3 8 10 11 12 15 18 21 24 27 28 
29 30 36 40 42 44 46 47 48 50 52 58 
63 64 66 74 80 84 85 88 89 91 92 94 
96 100 
42
1 4 6 7 8 10 16 17 21 22 26 33 
35 38 44 46 47 51 52 58 61 62 66 69 
70 71 72 77 80 82 83 84 85 86 89 90 
92 94 96 97 98 99 
42
1 2 3 5 8 10 12 14 19 22 23 25 
27 31 32 33 34 36 39 40 41 42 43 45 
46 54 55 56 60 63 66 70 75 77 78 79 
84 86 88 90 92 96 
53
1 2 5 9 10 11 12 15 16 17 18 19 
20 22 23 25 27 32 35 39 42 45 49 50 
52 53 54 56 60 61 62 63 64 65 66 70 
71 75 76 77 78 80 82 86 87 89 91 92 
93 94 96 97 100 
46
4 5 6 7 10 12 13 15 18 19 21 22 
27 28 29 30 32 33 36 38 39 47 51 52 
53 57 58 59 62 63 67 71 74 76 78 81 
82 83 85 88 93 96 97 98 99 100 
47
1 4 6 8 10 12 13 14 16 21 26 29 
30 31 33 36 38 40 41 42 43 44 47 50 
51 52 53 54 58 59 61 62 66 67 71 73 
74 77 79 81 82 89 91 93 95 98 100 
49
1 3 6 11 12 14 15 16 19 20 22 23 
24 25 27 29 31 33 34 35 38 39 42 44 
46 48 49 50 52 54 55 56 60 66 69 70 
71 72 74 76 80 82 83 88 90 91 93 95 
98 
50
1 2 3 6 13 17 18 21 22 25 27 28 
30 33 36 37 40 41 48 52 53 54 55 56 
60 62 64 65 68 69 70 71 72 73 74 76 
77 79 81 84 85 87 89 91 93 94 95 96 
97 98 
44
2 3 5 11 13 15 16 17 19 24 25 30 
32 35 37 45 46 47 51 52 54 57 58 59 
65 66 71 72 73 74 75 77 78 79 80 84 
88 89 90 91 92 94 96 100 
60
1 4 5 6 7 8 10 16 18 21 24 25 
26 27 30 32 33 34 36 37 38 39 40 45 
46 49 50 51 52 55 56 57 58 60 62 63 
65 66 69 70 71 72 73 74 75 76 78 79 
80 81 82 83 87 90 91 94 95 96 97 99 
57
2 4 5 6 8 9 13 16 18 19 20 22 
24 26 28 29 30 31 32 34 35 37 38 40 
41 42 43 45 54 55 59 60 61 62 64 66 
67 68 69 72 75 76 77 78 80 81 83 85 
86 88 90 92 93 94 95 99 100 
47
3 4 6 7 9 10 19 20 22 23 24 27 
34 37 39 40 41 42 45 47 48 49 52 59 
62 63 66 67 68 70 71 72 73 77 79 82 
83 85 86 87 89 91 92 94 95 97 99 
55
4 5 6 7 8 11 14 18 19 21 22 23 
25 27 28 29 30 31 32 34 36 39 41 42 
43 46 48 51 52 53 54 55 57 58 61 66 
69 70 71 73 74 75 76 77 83 84 86 88 
90 91 92 93 94 95 99 
51
1 3 4 7 10 11 14 16 20 21 24 25 
28 29 30 31 32 33 37 38 40 41 42 43 
44 45 47 49 51 55 56 58 59 60 63 65 
66 70 72 73 74 75 77 82 83 84 86 87 
90 91 99 
46
2 4 5 6 8 19 20 21 24 25 27 33 
36 37 38 39 40 41 45 46 48 49 50 51 
52 53 55 56 58 60 61 63 64 65 68 69 
70 71 73 74 75 78 81 83 90 100 
51
1 4 5 6 8 9 15 20 22 24 25 27 
28 29 35 36 37 38 39 40 41 43 44 46 
48 49 51 52 53 54 55 56 58 66 68 69 
70 72 74 75 76 78 79 80 82 87 88 90 
91 95 99 
60
5 6 7 8 10 11 13 14 15 16 17 19 
21 23 24 26 27 28 29 31 33 35 36 37 
39 40 41 42 44 48 51 52 53 55 56 59 
60 63 64 67 68 69 70 73 74 76 79 80 
81 82 84 85 86 87 90 91 93 94 95 97 
50
2 3 7 8 9 10 12 13 22 23 24 26 
27 29 30 35 37 39 40 42 44 45 46 47 
51 52 54 56 57 60 61 63 68 74 75 76 
78 79 80 81 82 83 85 88 90 91 93 95 
98 99 
50
10 12 13 14 17 21 23 25 27 29 30 31 
34 38 40 42 45 47 48 51 53 55 58 59 
61 62 65 68 69 71 72 73 75 77 78 79 
81 82 83 86 87 88 89 92 93 95 96 98 
99 100 
49
4 5 6 11 12 14 18 20 22 24 25 28 
29 34 37 39 40 41 42 44 46 47 48 49 
53 56 57 58 59 65 67 70 71 72 73 76 
78 79 81 84 86 87 88 89 90 93 96 97 
98 
49
4 5 9 10 12 14 15 17 19 22 23 25 
28 30 31 38 39 41 42 48 51 54 56 57 
58 59 60 61 63 65 66 67 72 74 75 77 
78 79 81 83 85 86 88 89 91 95 96 97 
99 
50
2 3 4 5 6 10 11 12 13 14 16 19 
22 23 27 28 29 31 32 34 38 40 42 45 
48 52 54 58 59 60 63 64 66 68 73 75 
76 77 78 79 80 87 89 90 91 92 93 98 
99 100 
53
1 3 5 6 7 10 14 16 20 21 24 25 
26 31 38 39 40 41 43 45 46 47 48 50 
51 53 56 57 61 65 66 67 68 69 70 72 
73 75 78 79 81 84 85 86 88 89 90 92 
93 96 97 98 99 
56
1 2 4 5 7 8 9 11 13 14 17 18 
20 22 23 24 25 26 27 29 30 32 33 35 
37 39 42 43 45 46 48 50 53 54 56 57 
58 59 63 64 66 73 75 77 79 80 81 83 
87 90 91 92 94 96 98 99 
50
1 2 3 4 5 7 10 11 13 15 16 18 
22 23 24 25 27 28 29 32 34 36 37 40 
46 47 48 49 52 54 58 59 61 62 64 66 
67 68 70 73 75 81 82 84 86 87 88 89 
96 98 
47
2 4 5 6 9 16 19 20 25 29 31 32 
33 35 38 42 44 45 49 52 54 56 58 59 
60 62 65 66 68 69 71 73 75 78 79 80 
81 83 86 87 88 91 92 94 95 97 98 
45
3 4 6 10 11 12 16 18 21 22 23 25 
29 32 36 39 41 42 43 46 47 48 51 53 
59 61 63 65 66 68 71 74 78 79 81 82 
83 84 85 87 90 94 95 98 99 
50
1 2 5 6 7 9 11 12 13 15 16 17 
20 21 25 28 29 30 31 33 36 38 42 43 
48 55 57 58 60 61 62 63 70 71 72 73 
74 75 76 78 80 81 84 85 88 90 92 94 
95 100 
50
2 3 4 5 6 7 10 13 16 17 18 21 
24 26 27 28 29 30 36 38 40 41 43 45 
48 50 51 53 58 63 65 66 67 70 71 73 
74 77 78 79 80 81 84 85 88 89 92 93 
95 97 
52
3 6 7 9 13 14 15 17 18 19 20 21 
23 25 26 32 35 37 39 40 41 42 44 45 
48 49 51 57 59 61 64 65 67 68 70 71 
72 73 74 75 76 77 82 83 86 87 88 89 
92 94 95 98 
43
1 5 10 17 21 23 24 25 26 27 29 31 
33 34 36 40 42 46 52 53 55 56 61 62 
65 66 67 68 70 71 73 76 78 85 86 88 
90 93 94 96 97 98 100 
42
1 2 4 6 7 8 9 10 11 15 16 21 
22 23 29 32 34 38 40 41 44 47 48 50 
51 52 54 55 56 63 66 67 78 79 85 87 
88 90 91 93 95 96 
47
6 8 9 10 12 13 14 15 16 17 18 20 
21 23 28 29 30 33 34 35 36 37 38 39 
42 44 46 47 49 50 52 53 56 65 68 70 
74 79 80 82 84 85 88 92 96 98 100 
55
1 2 3 5 6 9 10 12 13 14 16 20 
22 23 28 29 31 33 38 39 40 42 43 47 
48 49 51 52 55 56 57 58 59 62 65 67 
68 70 71 74 75 76 77 78 79 82 84 87 
90 92 93 95 97 98 100 
42
2 8 9 11 12 13 16 20 24 25 27 30 
35 38 39 40 41 42 45 46 49 50 52 56 
58 60 62 66 67 70 71 72 79 80 81 87 
89 91 92 93 96 99 
58
1 2 3 4 7 8 10 11 12 15 16 17 
18 20 21 22 24 25 26 27 28 29 30 31 
32 33 34 37 38 39 40 41 43 44 45 46 
47 48 49 52 53 54 56 59 60 61 63 67 
69 74 78 82 89 91 93 94 95 97 
56
2 3 4 6 11 12 14 15 16 19 23 24 
25 27 28 30 32 33 35 42 43 44 45 46 
48 49 50 53 57 58 59 60 62 67 68 70 
71 72 75 76 77 80 81 82 83 84 85 87 
89 90 93 94 95 96 98 99 
48
1 3 4 5 7 8 10 13 14 15 17 18 
20 21 22 25 27 30 31 33 36 38 41 45 
47 48 49 56 58 60 61 65 68 69 71 73 
75 77 79 80 87 89 91 93 94 95 97 100 
48
1 2 3 7 8 9 11 13 17 18 21 23 
25 26 30 32 33 34 39 40 43 44 45 47 
50 52 53 59 61 62 64 65 66 68 69 70 
76 78 83 85 86 91 93 94 95 96 98 99 
58
1 2 3 4 6 7 8 9 10 11 12 16 
18 20 22 23 24 25 31 33 34 36 37 41 
42 43 44 45 46 47 48 50 51 52 55 56 
57 58 60 61 66 67 70 73 74 75 77 78 
83 87 88 91 92 93 95 97 98 100 
52
1 3 5 7 8 9 10 16 17 18 19 21 
26 27 32 34 36 37 38 39 40 43 48 49 
54 56 57 58 60 61 62 64 68 71 72 73 
74 78 79 80 81 82 83 86 88 90 91 92 
93 95 98 100 
53
4 5 6 7 8 11 12 13 15 16 17 20 
23 27 31 32 38 39 40 41 42 45 47 48 
49 50 52 53 55 57 58 59 61 62 63 64 
65 67 68 74 75 76 79 80 81 84 88 90 
93 94 95 98 100 
52
2 3 7 8 10 11 12 13 14 15 16 17 
18 20 22 23 25 26 27 29 34 35 36 38 
39 42 44 47 48 50 52 53 56 57 58 62 
63 67 70 71 73 77 80 83 86 89 92 94 
95 96 98 100 
52
1 3 4 6 8 9 13 14 16 17 19 23 
29 30 36 37 39 41 42 43 44 45 48 49 
50 51 52 54 55 58 59 61 63 64 66 75 
79 80 81 82 83 84 87 88 90 92 94 95 
96 98 99 100 
52
3 4 9 11 13 14 16 18 22 26 27 28 
29 30 31 33 37 38 40 41 43 44 45 46 
47 48 49 50 51 53 54 58 59 61 63 65 
66 69 70 71 72 73 74 76 79 81 84 90 
93 94 95 99 
53
1 3 4 6 7 10 11 13 14 16 17 18 
22 24 25 26 29 34 35 36 38 40 43 47 
48 49 50 51 52 53 59 60 62 63 65 66 
67 73 74 77 78 79 80 81 82 84 87 90 
93 94 95 98 99 
62
1 3 5 6 7 8 11 12 14 16 18 19 
22 23 24 26 27 30 31 32 35 36 37 38 
39 40 42 46 47 48 49 50 52 53 54 58 
59 60 62 63 64 65 66 67 68 69 70 72 
73 78 79 83 84 85 87 88 89 92 93 95 
98 100 
46
2 11 14 15 16 17 18 19 21 22 23 24 
26 29 30 33 36 37 38 39 42 45 47 48 
51 54 55 57 58 60 61 64 65 67 70 73 
74 76 77 78 80 81 91 95 97 99 
46
2 10 11 12 14 16 17 19 21 23 24 25 
26 28 29 30 35 37 38 40 44 47 48 49 
50 52 55 56 59 61 62 63 67 69 74 75 
76 82 83 89 90 92 94 97 98 99 
41
1 2 4 7 8 9 10 15 25 29 30 32 
33 34 35 38 44 46 48 50 51 52 57 58 
60 62 63 64 65 71 74 76 78 80 83 86 
91 93 95 98 99 
51
3 4 9 11 12 14 16 17 18 23 24 26 
27 29 32 33 35 36 39 41 43 45 46 47 
49 51 60 63 64 67 69 70 73 74 75 77 
78 80 81 82 83 86 87 88 91 92 93 95 
97 98 99 
55
3 4 7 8 10 11 13 14 17 20 21 23 
24 25 31 33 34 35 36 37 38 39 40 41 
42 43 44 46 48 49 51 52 53 60 61 62 
63 65 66 68 70 72 77 79 80 81 83 85 
86 89 93 94 97 99 100 
49
2 3 4 7 8 9 17 18 20 22 23 24 
25 26 28 30 33 34 35 36 39 40 42 44 
46 47 51 53 54 56 58 62 64 67 68 69 
70 75 76 81 82 83 84 87 89 90 91 99 
100 
51
5 8 10 12 13 14 15 17 18 19 21 22 
23 24 25 26 27 30 31 32 36 37 40 44 
46 47 49 52 54 57 58 59 61 66 67 68 
70 72 73 78 79 81 85 88 90 91 92 93 
96 97 98 
55
1 2 3 6 7 10 12 13 16 17 18 20 
21 26 27 29 32 34 35 36 38 39 41 42 
43 44 45 47 49 54 58 60 62 63 65 66 
69 70 76 77 78 79 80 81 84 88 90 91 
92 94 96 97 98 99 100 
44
1 3 7 13 17 18 22 23 26 28 29 31 
32 37 41 43 45 47 53 55 57 58 61 62 
64 67 69 70 72 76 78 79 80 81 82 83 
85 86 87 90 92 94 95 99 
