200 200
1 1 1 1 1 1 1 1 1 1 1 1 
1 1 1 1 1 1 1 1 1 1 1 1 
1 1 1 1 1 1 1 1 1 1 1 1 
1 1 1 1 1 1 1 1 1 1 1 1 
1 1 1 1 1 1 1 1 1 1 1 1 
1 1 1 1 1 1 1 1 1 1 1 1 
1 1 1 1 1 1 1 1 1 1 1 1 
1 1 1 1 1 1 1 1 1 1 1 1 
1 1 1 1 1 1 1 1 1 1 1 1 
1 1 1 1 1 1 1 1 1 1 1 1 
1 1 1 1 1 1 1 1 1 1 1 1 
1 1 1 1 1 1 1 1 1 1 1 1 
1 1 1 1 1 1 1 1 1 1 1 1 
1 1 1 1 1 1 1 1 1 1 1 1 
1 1 1 1 1 1 1 1 1 1 1 1 
1 1 1 1 1 1 1 1 1 1 1 1 
1 1 1 1 1 1 1 1 
28
6 7 13 19 25 27 32 36 48 55 59 68 
95 101 113 115 119 134 136 140 143 150 157 159 
162 170 188 190 
27
13 17 21 31 35 39 52 58 60 64 70 74 
84 86 87 98 106 112 115 120 158 162 178 187 
189 194 197 
16
13 18 32 40 62 72 84 96 102 124 130 141 
163 166 171 184 
17
17 46 65 68 82 106 108 109 129 131 132 141 
161 168 178 180 181 
16
12 19 40 60 65 105 124 135 139 146 149 155 
156 163 174 195 
15
3 21 23 31 42 49 87 96 104 106 144 150 
170 171 175 
21
1 34 36 38 55 66 89 92 96 129 136 143 
154 159 168 171 174 180 181 183 192 
24
3 21 24 25 27 32 33 35 36 43 49 51 
53 87 108 140 142 146 149 161 167 173 176 200 
17
1 4 22 26 28 29 38 39 44 64 71 72 
136 140 149 186 193 
21
20 38 46 51 57 58 92 97 105 108 119 135 
138 147 151 156 165 166 169 183 192 
25
2 7 22 27 28 38 49 52 57 67 76 78 
81 82 86 90 92 94 121 124 143 150 165 176 
177 
24
29 46 47 51 59 61 63 67 70 72 78 87 
93 112 118 120 122 139 140 149 172 187 192 193 
15
19 30 34 40 41 59 64 66 72 76 128 147 
149 171 194 
18
5 38 47 51 52 56 57 59 94 96 129 139 
154 158 164 171 174 177 
17
8 12 32 39 49 65 67 92 102 115 145 148 
159 176 179 196 199 
18
3 20 32 41 47 50 69 82 86 119 123 139 
165 177 182 184 193 197 
20
26 36 42 46 53 54 65 76 79 100 117 120 
125 133 145 156 159 162 163 165 
22
7 11 28 41 47 51 54 61 82 83 89 90 
97 103 137 147 164 173 181 184 196 199 
18
14 22 28 35 37 42 50 55 71 75 78 81 
92 112 140 147 167 169 
23
4 6 17 50 51 52 76 100 113 114 117 126 
128 129 131 146 155 169 176 177 187 194 197 
18
6 15 17 25 28 33 37 43 57 101 143 153 
163 173 179 181 194 196 
22
1 9 24 32 85 88 103 109 112 114 136 144 
145 162 165 185 186 189 191 192 198 199 
12
27 28 30 58 60 103 112 133 136 163 182 200 
22
16 17 20 25 29 46 52 64 73 80 91 102 
117 123 154 159 169 172 174 177 192 196 
24
2 13 18 19 22 50 53 78 79 81 83 95 
110 127 129 140 155 160 166 169 177 180 187 188 
21
31 43 60 66 83 91 99 102 118 124 127 146 
147 156 159 165 166 168 169 171 190 
30
15 20 31 37 38 44 50 64 76 83 96 110 
113 115 121 126 131 134 135 137 146 152 153 158 
185 188 191 192 197 200 
16
19 22 49 57 85 89 99 104 110 113 144 153 
166 167 172 180 
22
4 15 23 30 36 44 73 79 80 83 95 96 
99 110 118 142 148 156 159 166 170 179 
8
31 48 76 86 105 140 172 179 
14
1 3 47 73 86 87 89 112 114 157 162 187 
191 200 
31
10 13 21 25 29 44 47 58 60 70 73 77 
79 87 89 90 92 96 101 105 107 122 126 131 
137 161 165 172 183 185 195 
14
11 22 60 69 71 78 79 105 168 170 178 183 
188 191 
28
10 11 15 31 43 45 46 47 51 57 78 80 
94 96 100 102 105 115 116 148 151 152 158 163 
173 186 188 195 
20
22 32 35 40 48 71 72 74 86 95 98 131 
139 142 156 164 168 173 190 192 
23
3 15 19 22 24 28 32 35 48 49 54 55 
60 71 102 117 126 142 146 149 153 172 197 
31
2 4 8 10 18 21 28 29 30 31 47 52 
58 68 75 84 87 90 95 102 122 124 126 140 
146 164 178 193 194 195 197 
18
3 5 8 9 16 21 87 90 110 129 131 143 
146 157 164 169 183 196 
16
16 26 34 63 64 72 75 99 128 137 144 161 
165 185 195 197 
24
2 5 15 17 25 43 46 52 60 62 76 85 
96 104 113 115 119 123 136 138 154 155 158 183 
15
3 4 9 13 36 42 60 67 83 102 124 126 
140 162 166 
23
7 17 22 24 55 70 80 84 88 90 96 106 
112 123 135 137 143 147 148 183 189 193 195 
24
10 22 25 30 33 49 52 69 79 83 86 96 
105 109 118 120 141 143 148 150 157 168 191 196 
22
22 33 39 42 44 50 60 65 81 91 95 98 
100 113 116 138 143 157 162 164 181 188 
22
2 12 17 33 47 55 59 60 64 70 85 105 
116 121 143 153 155 163 165 176 185 192 
19
15 17 42 52 57 63 97 103 112 128 130 142 
146 150 174 180 182 188 195 
16
2 29 40 48 65 84 89 108 111 117 126 157 
174 189 195 198 
19
12 32 42 62 76 82 88 89 95 96 108 129 
131 156 172 175 178 181 188 
16
34 44 46 67 95 116 145 162 164 166 167 176 
186 195 197 200 
22
3 24 25 28 33 43 51 65 71 74 79 100 
134 141 145 156 171 172 173 176 192 200 
19
15 20 24 48 53 96 107 121 124 133 135 138 
143 160 173 174 182 184 196 
16
1 10 25 30 37 40 81 83 104 120 123 140 
154 156 168 179 
23
11 20 45 58 65 72 93 100 134 135 149 155 
165 170 171 174 175 185 186 192 194 196 199 
18
9 13 21 41 73 79 80 90 97 109 124 139 
159 169 178 180 185 192 
23
3 17 18 21 23 26 49 57 78 83 89 101 
108 115 117 133 143 149 150 163 165 169 171 
15
6 12 36 48 60 61 120 132 135 138 168 170 
174 177 198 
19
41 50 60 63 72 87 96 97 100 104 125 126 
151 154 156 164 166 167 188 
11
29 41 73 89 92 133 144 150 153 157 188 
18
3 11 22 28 52 85 98 101 110 117 130 142 
159 161 164 179 192 197 
29
5 8 14 22 34 41 45 60 66 70 84 85 
87 89 91 92 98 110 125 132 136 138 142 150 
157 177 186 187 191 
13
6 27 28 33 64 103 105 106 107 133 157 167 
176 
23
3 4 5 9 18 23 40 62 64 68 87 89 
94 119 120 123 124 125 126 146 170 173 190 
24
14 30 39 60 61 69 110 112 118 121 126 127 
128 132 135 140 144 150 161 163 164 165 193 194 
22
13 16 22 23 26 32 41 53 77 85 88 90 
124 130 132 144 151 154 169 173 182 186 
19
28 45 58 71 84 90 97 104 116 120 123 132 
156 160 162 163 166 173 181 
28
6 11 13 15 21 22 26 36 56 61 72 87 
95 96 100 108 110 118 119 133 138 149 163 172 
181 183 190 194 
11
34 66 67 73 104 106 161 163 187 197 200 
25
5 12 31 33 43 56 57 74 77 85 87 94 
111 115 120 124 126 146 157 163 177 179 183 188 
196 
22
1 3 5 27 29 68 71 77 78 100 105 115 
133 141 145 149 165 168 176 179 199 200 
22
26 35 36 40 49 52 80 82 93 97 101 105 
123 125 126 130 147 160 168 171 175 194 
18
10 19 23 28 32 65 85 88 91 95 111 125 
130 146 150 163 167 179 
24
5 6 20 37 46 48 56 61 73 75 96 116 
123 127 136 140 151 159 167 169 175 184 192 195 
25
8 30 34 39 46 47 57 62 63 67 89 92 
97 103 105 106 119 127 130 133 134 159 168 178 
187 
26
13 14 16 34 55 60 68 69 72 98 99 102 
110 111 124 141 151 152 157 163 168 171 172 176 
178 186 
21
22 46 49 50 52 66 94 97 124 140 141 147 
149 159 160 169 172 180 191 194 197 
27
1 6 12 16 17 31 32 33 38 40 47 57 
70 80 88 92 93 114 120 134 153 167 170 171 
173 180 183 
18
5 23 37 39 41 69 71 81 98 101 117 125 
169 171 181 188 189 199 
32
2 4 14 20 33 47 51 65 70 71 77 100 
104 111 119 127 136 139 143 145 146 149 152 159 
160 165 168 169 181 185 189 197 
21
26 29 39 44 60 65 68 75 93 94 120 127 
133 143 149 152 161 168 171 177 190 
21
2 12 18 36 39 49 52 69 100 101 105 111 
115 121 151 155 163 181 185 186 190 
14
12 23 40 98 108 111 122 123 126 137 145 154 
181 199 
18
7 17 27 42 51 62 65 67 69 81 100 115 
136 158 177 182 190 200 
24
3 6 7 13 14 31 38 45 48 50 59 63 
64 78 108 109 121 123 153 170 175 189 194 197 
19
8 18 21 33 36 45 47 61 62 67 81 87 
97 123 130 133 142 156 174 
25
1 6 10 18 23 83 90 94 96 101 108 110 
111 114 115 116 127 137 155 160 162 167 171 177 
183 
21
8 10 37 38 47 50 64 67 68 69 86 94 
95 118 121 128 134 135 161 179 192 
18
10 22 30 69 83 92 95 97 99 124 140 148 
149 151 165 169 187 190 
18
13 24 32 33 35 43 53 59 76 83 97 118 
165 166 169 170 193 199 
24
2 9 16 22 43 48 59 61 65 71 81 107 
108 113 117 122 123 128 129 133 135 142 179 187 
18
9 11 15 39 58 67 70 75 77 79 88 93 
104 108 125 133 151 170 
17
5 41 46 53 54 57 58 72 96 100 102 107 
127 157 186 195 200 
19
18 26 37 47 60 63 83 104 106 110 117 129 
130 140 145 185 191 195 200 
22
27 63 71 80 83 90 91 96 98 105 107 118 
129 130 135 138 146 165 167 182 185 187 
28
2 8 19 22 35 37 41 54 60 61 69 73 
74 75 80 84 88 92 107 117 118 127 131 132 
136 162 179 194 
20
8 13 22 26 58 65 77 81 84 92 97 106 
139 145 152 155 158 176 184 193 
22
4 10 18 21 22 44 51 71 80 103 134 136 
152 159 173 175 180 183 185 190 197 199 
21
17 28 30 31 48 63 72 88 94 115 122 128 
136 141 143 162 166 167 181 185 199 
21
7 29 30 31 37 43 49 72 74 94 100 109 
135 139 141 147 154 157 168 173 195 
18
1 3 8 47 63 81 85 90 91 117 119 132 
138 149 150 158 161 188 
14
6 33 44 65 74 82 93 97 100 127 133 144 
183 196 
22
1 2 4 7 9 14 15 24 28 37 45 56 
62 76 90 101 127 144 160 174 183 195 
28
1 15 18 28 37 43 44 54 64 66 81 101 
104 113 119 125 129 132 134 148 153 158 159 167 
174 194 195 200 
21
1 14 16 50 61 62 66 70 76 83 97 100 
113 115 125 129 133 135 151 162 174 
22
9 12 41 45 47 49 57 72 93 105 117 140 
145 150 153 164 169 179 184 190 191 194 
23
2 21 23 36 40 41 52 75 82 89 101 106 
108 123 132 133 135 147 149 151 168 178 199 
12
16 32 40 49 69 74 110 122 136 141 170 188 
18
9 12 28 57 61 64 72 75 86 89 95 107 
115 128 135 137 159 200 
16
2 20 49 66 73 95 104 110 134 142 149 171 
177 180 186 195 
18
29 30 44 45 48 59 77 81 100 102 106 134 
140 144 156 163 164 180 
24
15 18 19 33 38 40 58 79 89 91 96 113 
122 124 138 139 145 146 148 149 162 167 177 186 
21
1 8 34 49 68 73 88 89 93 100 115 123 
134 138 155 157 159 162 172 179 193 
22
1 8 9 16 18 19 23 26 31 49 54 63 
75 81 83 86 90 144 152 165 168 197 
17
20 29 38 59 60 75 98 100 102 113 132 143 
150 154 163 191 195 
20
5 7 18 19 21 36 53 56 62 67 73 92 
100 102 110 115 128 155 182 187 
22
10 16 25 51 66 69 71 74 85 88 91 97 
112 114 115 119 188 191 193 194 196 200 
16
12 15 19 21 32 33 42 53 65 93 135 136 
143 155 176 195 
19
2 9 19 25 62 63 67 70 93 100 111 125 
136 139 140 153 169 177 193 
13
10 14 28 41 46 49 60 91 97 129 150 151 
179 
22
1 2 14 24 26 47 48 60 63 88 91 109 
119 148 156 157 159 165 171 172 180 184 
15
10 11 12 31 61 71 95 127 128 132 133 162 
163 191 199 
23
1 4 8 10 18 30 35 38 42 88 89 99 
101 104 107 112 123 134 135 154 180 189 194 
24
1 4 7 8 28 45 57 59 62 64 70 102 
104 111 127 142 143 151 155 161 183 184 194 196 
16
23 39 48 85 87 89 108 119 134 140 145 160 
161 186 190 192 
18
7 48 52 53 56 66 82 90 92 102 103 112 
115 126 150 162 163 191 
18
6 22 30 35 41 49 50 68 92 97 104 119 
120 130 151 158 179 197 
16
60 61 63 68 77 85 122 125 128 131 141 157 
161 166 184 188 
19
7 29 33 36 37 41 42 43 53 58 70 75 
78 83 100 149 178 192 196 
19
3 4 10 12 13 23 26 29 34 40 61 79 
95 109 118 161 173 178 186 
21
5 19 20 43 55 60 64 69 93 96 98 122 
123 125 133 135 138 139 143 183 198 
14
9 20 23 44 46 51 71 104 107 111 143 169 
192 197 
25
1 11 23 27 28 33 45 55 64 66 71 74 
80 94 98 106 119 127 130 156 158 159 169 180 
195 
18
6 37 48 61 63 65 90 97 115 117 139 141 
145 160 178 185 192 193 
18
7 14 27 37 44 45 46 62 70 83 86 131 
145 165 169 186 192 194 
11
4 9 14 74 81 82 89 111 118 133 177 
18
12 13 14 65 67 74 78 79 83 151 154 155 
156 159 169 193 195 200 
21
6 9 24 25 37 38 59 63 64 85 89 91 
109 125 131 133 140 161 180 182 196 
21
4 8 10 38 42 43 65 67 68 71 87 91 
94 105 120 134 152 162 164 175 195 
17
2 4 32 41 65 74 83 86 96 111 122 125 
140 144 154 182 183 
19
31 36 47 56 61 62 75 82 84 86 110 116 
124 141 146 155 156 159 188 
8
2 23 41 79 141 170 172 184 
23
5 28 46 48 58 60 81 95 96 100 108 111 
116 118 123 125 137 141 143 162 168 187 198 
29
6 13 16 39 53 56 59 64 65 77 109 116 
120 128 133 140 141 142 148 153 165 171 172 184 
187 188 189 193 199 
21
17 19 29 58 83 95 99 101 104 107 116 119 
129 138 145 150 181 185 186 191 194 
18
20 21 31 33 37 41 47 64 67 71 90 97 
102 119 131 147 153 179 
24
2 6 21 32 58 67 77 82 84 89 96 113 
120 128 129 130 131 138 147 162 173 177 183 198 
18
10 27 38 43 52 66 72 92 98 101 105 109 
110 143 164 171 182 184 
11
12 38 39 67 75 110 128 136 153 160 198 
23
2 5 15 21 26 39 44 56 67 77 86 116 
121 129 135 138 145 147 148 156 182 184 198 
22
1 20 24 30 39 40 43 52 54 60 78 86 
115 119 122 123 126 151 159 164 174 183 
21
26 27 28 48 59 63 70 79 87 89 90 98 
101 102 110 140 144 164 193 198 200 
21
5 6 7 23 30 49 60 65 80 85 97 116 
126 127 134 138 148 161 183 191 194 
30
8 11 22 23 24 33 44 45 66 70 90 102 
105 109 118 122 154 155 160 161 163 164 170 171 
180 181 182 185 186 196 
21
5 15 17 26 31 33 49 60 66 81 83 85 
88 125 132 136 150 151 159 190 194 
17
26 34 37 59 64 71 87 111 116 126 129 146 
150 163 168 170 172 
12
31 33 41 58 59 99 111 155 156 157 159 191 
17
6 20 21 47 48 52 71 78 81 86 125 128 
137 149 188 191 200 
19
1 17 24 41 43 56 63 67 73 91 102 111 
114 121 131 133 156 160 171 
25
1 11 15 31 35 45 52 56 62 64 81 84 
94 106 115 158 160 166 168 173 174 176 183 187 
188 
20
4 6 23 24 25 34 38 42 43 61 62 64 
67 71 131 136 141 153 157 184 
13
2 23 26 29 57 62 106 142 158 166 177 192 
198 
22
8 18 28 33 41 49 51 75 76 78 80 81 
82 125 129 137 138 139 173 189 192 199 
25
13 18 26 30 34 44 67 73 75 84 105 119 
126 130 141 143 144 145 156 158 159 164 177 184 
193 
18
12 15 20 23 31 39 40 47 69 85 120 131 
134 142 151 156 166 192 
34
6 18 21 35 38 41 44 53 62 63 65 68 
73 83 87 88 91 95 114 116 120 137 138 140 
147 155 161 168 169 174 180 181 195 200 
21
2 11 12 15 20 41 62 76 77 84 87 97 
98 119 128 135 141 162 163 173 190 
15
8 9 29 36 47 49 90 102 109 119 127 135 
145 188 192 
24
21 28 29 36 41 46 55 71 72 85 89 94 
101 116 118 119 133 148 153 164 172 177 185 198 
20
1 25 31 40 57 72 74 81 86 94 98 101 
108 148 162 174 175 186 188 192 
19
11 14 15 60 77 92 95 111 122 123 130 131 
144 183 185 187 189 195 198 
17
21 30 43 44 51 55 62 73 76 144 145 156 
164 170 177 181 195 
31
1 2 5 19 30 40 45 53 57 63 64 69 
71 72 77 86 96 100 101 104 112 127 150 153 
155 156 165 166 172 185 191 
21
10 14 38 46 60 63 71 75 92 96 103 105 
111 124 137 147 154 156 162 181 199 
18
42 47 57 70 78 91 94 96 125 129 140 149 
150 152 166 169 173 193 
22
9 10 11 20 23 36 46 53 59 63 76 99 
103 107 119 120 139 141 142 163 185 187 
20
10 23 27 41 50 55 85 91 103 105 127 135 
136 141 148 174 175 189 197 198 
17
19 33 49 62 73 96 98 103 135 136 144 165 
166 188 192 193 199 
23
3 8 37 44 47 48 55 57 66 75 84 88 
95 96 99 109 112 117 121 132 146 152 183 
13
13 23 37 41 83 84 95 105 171 181 184 187 
199 
26
4 6 13 29 30 31 32 33 38 43 52 60 
76 81 90 94 100 143 152 153 157 158 172 174 
188 197 
21
12 17 22 32 34 40 54 58 69 71 77 107 
114 119 132 139 142 164 167 168 178 
18
4 26 29 39 40 48 70 103 122 123 128 131 
159 169 170 180 186 197 
12
6 7 56 57 86 88 109 113 157 170 172 184 
19
1 15 16 20 29 38 44 50 51 63 93 102 
105 132 142 145 159 176 197 
19
22 28 47 49 52 61 66 75 131 138 141 147 
150 169 173 176 181 183 190 
17
13 26 31 33 60 69 72 82 91 99 113 127 
135 151 169 185 193 
19
15 24 30 33 36 43 50 91 99 104 106 108 
116 130 142 143 170 182 184 
16
8 9 19 23 34 55 57 102 112 121 127 161 
186 187 189 193 
13
2 8 10 18 19 34 69 70 89 134 140 142 
189 
27
10 14 17 25 30 41 42 45 47 53 74 84 
99 127 130 138 142 152 156 158 159 164 167 175 
179 186 195 
21
9 44 48 56 58 60 66 70 99 101 107 111 
119 120 125 153 177 182 196 197 198 
24
10 14 18 25 28 30 43 50 61 64 79 88 
93 110 121 133 155 158 164 165 173 175 181 187 
25
4 9 11 16 17 25 29 31 47 51 64 96 
97 110 121 124 135 137 155 173 176 193 194 196 
200 
18
2 20 33 37 55 65 78 84 98 102 107 149 
168 189 191 193 194 195 
23
2 5 14 23 24 25 29 47 56 58 64 72 
76 86 88 99 102 108 133 179 184 190 194 
22
10 12 14 17 28 35 47 54 55 65 75 97 
104 106 116 124 125 162 175 179 186 197 
15
30 32 70 79 91 93 97 115 117 118 121 122 
137 171 196 
14
6 8 10 30 40 44 46 67 68 71 77 117 
145 156 
21
25 30 34 50 57 61 63 97 106 107 113 136 
140 150 152 159 164 170 186 197 198 
15
6 34 42 45 52 57 133 152 160 172 174 175 
185 186 189 
12
12 42 77 82 98 108 128 142 160 162 174 198 
