200 200
1 1 1 1 1 1 1 1 1 1 1 1 
1 1 1 1 1 1 1 1 1 1 1 1 
1 1 1 1 1 1 1 1 1 1 1 1 
1 1 1 1 1 1 1 1 1 1 1 1 
1 1 1 1 1 1 1 1 1 1 1 1 
1 1 1 1 1 1 1 1 1 1 1 1 
1 1 1 1 1 1 1 1 1 1 1 1 
1 1 1 1 1 1 1 1 1 1 1 1 
1 1 1 1 1 1 1 1 1 1 1 1 
1 1 1 1 1 1 1 1 1 1 1 1 
1 1 1 1 1 1 1 1 1 1 1 1 
1 1 1 1 1 1 1 1 1 1 1 1 
1 1 1 1 1 1 1 1 1 1 1 1 
1 1 1 1 1 1 1 1 1 1 1 1 
1 1 1 1 1 1 1 1 1 1 1 1 
1 1 1 1 1 1 1 1 1 1 1 1 
1 1 1 1 1 1 1 1 
13
28 32 59 75 88 91 109 111 141 146 155 184 
199 
27
9 29 35 59 62 73 75 81 91 93 103 104 
106 108 121 132 143 145 147 159 176 184 187 188 
189 190 195 
17
17 36 37 62 63 68 77 79 84 93 96 123 
133 137 152 180 198 
18
19 24 35 42 44 47 51 57 72 101 108 111 
112 158 168 183 188 200 
20
19 37 41 50 52 60 73 86 94 103 104 106 
107 132 140 151 155 178 181 199 
19
2 3 8 12 24 55 59 64 73 84 88 94 
95 129 138 158 177 179 186 
16
7 9 10 41 57 58 60 69 71 104 121 131 
133 163 165 167 
23
5 17 24 26 50 51 62 67 72 73 75 82 
85 88 101 123 127 128 131 159 166 179 186 
22
11 17 18 34 37 71 83 86 91 100 104 110 
111 120 123 131 132 142 147 160 171 190 
16
3 7 8 21 40 59 81 82 102 110 112 129 
137 140 179 195 
31
6 9 14 32 33 34 46 49 55 61 73 74 
75 76 83 86 90 91 95 97 105 109 112 145 
153 159 172 182 184 197 198 
17
31 33 34 44 55 69 79 82 113 114 122 127 
136 146 155 160 198 
19
11 17 19 22 23 37 42 52 62 65 66 67 
68 69 126 131 137 156 180 
15
5 10 28 62 66 74 107 109 113 114 152 153 
164 184 187 
12
11 19 60 75 79 98 99 118 137 156 181 199 
18
17 29 41 62 71 78 79 99 114 115 127 140 
160 167 172 179 196 197 
23
6 12 14 20 32 40 43 44 46 61 62 64 
69 89 106 107 111 133 158 169 185 189 200 
18
17 53 77 108 120 121 123 128 131 154 156 163 
166 176 177 179 188 200 
25
23 29 56 67 69 71 73 74 98 113 118 125 
126 132 147 156 158 161 163 169 171 192 196 199 
200 
18
29 31 34 56 57 70 71 74 81 88 100 101 
108 117 127 128 194 197 
31
1 16 23 29 30 34 38 46 76 77 93 106 
107 108 122 129 137 150 152 154 156 157 159 167 
170 175 182 186 188 198 199 
21
12 14 15 20 34 60 63 65 67 73 83 90 
99 111 130 150 156 165 168 190 194 
24
1 3 18 19 23 35 46 63 70 90 93 107 
111 123 135 148 170 180 185 188 193 194 195 198 
11
5 31 47 64 68 89 105 111 150 153 174 
19
3 5 20 22 28 48 51 56 64 66 70 72 
121 139 145 160 162 196 200 
23
4 17 49 58 65 68 102 109 121 122 123 133 
136 140 143 172 181 186 191 195 197 198 199 
28
4 5 18 20 24 34 35 44 46 49 70 79 
87 90 111 118 119 125 142 145 172 173 178 180 
183 185 191 195 
18
4 6 8 10 14 25 57 65 69 107 123 134 
146 148 149 161 171 182 
19
72 79 80 94 99 106 115 124 125 138 140 142 
148 156 167 172 175 184 193 
19
3 32 53 58 67 77 84 87 96 97 99 107 
118 126 153 154 168 196 199 
23
8 11 13 19 21 40 42 54 60 66 73 85 
98 120 130 132 138 144 149 151 160 161 198 
14
5 8 10 36 81 103 112 119 125 140 142 151 
173 196 
19
7 10 12 14 23 26 37 51 54 59 76 84 
87 89 92 108 132 175 195 
23
12 22 35 36 39 52 58 63 71 74 94 100 
113 114 120 123 132 137 144 151 155 156 169 
18
1 17 20 24 28 59 82 89 92 102 114 118 
132 141 173 176 179 197 
13
12 32 35 37 53 76 107 121 153 162 171 176 
183 
22
3 6 8 18 21 35 40 44 63 75 87 93 
95 143 149 150 154 158 163 170 178 194 
23
15 16 23 26 37 64 77 78 83 111 114 117 
130 131 139 142 143 161 175 176 189 193 200 
24
3 20 22 28 35 39 49 54 61 78 91 99 
100 103 107 112 138 139 150 151 161 162 178 189 
18
10 18 49 50 52 59 66 80 91 98 102 106 
119 128 137 159 190 191 
19
20 86 93 94 117 118 119 121 124 129 134 138 
154 158 168 178 192 194 200 
17
8 12 20 25 29 62 63 81 91 98 100 105 
110 123 131 141 148 
17
14 20 29 42 44 69 107 124 136 137 164 167 
170 178 181 187 188 
20
8 18 30 44 57 60 68 78 112 124 142 143 
145 147 153 158 166 170 189 190 
20
3 10 19 24 32 35 42 90 92 94 95 99 
107 109 136 139 151 152 185 186 
21
2 18 22 27 33 89 103 108 117 119 129 130 
136 146 164 169 170 182 184 187 188 
24
4 6 11 19 42 47 54 59 64 89 101 103 
116 121 122 134 135 136 139 150 157 160 166 189 
26
8 27 36 51 56 64 69 70 72 85 87 89 
111 121 131 135 136 143 145 148 149 159 181 184 
185 197 
24
1 18 25 29 30 31 34 42 49 68 89 92 
94 95 102 111 133 134 144 146 160 162 164 187 
19
8 15 57 66 89 102 105 106 112 115 120 126 
128 132 135 140 142 161 169 
21
18 36 42 52 53 55 90 98 112 126 127 132 
139 162 166 170 171 174 178 179 198 
21
27 36 45 49 50 54 63 68 96 102 103 108 
122 135 140 166 169 175 178 188 195 
25
2 35 39 42 67 70 83 90 91 110 112 120 
121 122 131 132 138 145 148 149 163 183 187 191 
198 
14
8 16 29 40 43 68 76 97 113 129 144 156 
163 181 
27
21 28 30 33 46 53 58 75 77 78 86 95 
100 107 110 115 120 135 141 143 145 151 152 165 
176 185 187 
17
5 7 45 64 71 101 102 112 117 118 140 164 
166 169 175 176 180 
19
7 12 34 37 38 44 48 50 60 72 75 84 
90 95 102 142 174 187 197 
22
33 54 69 75 92 99 106 112 117 122 131 138 
143 148 150 156 160 165 167 178 195 199 
22
8 10 17 20 27 29 39 47 69 72 76 85 
96 111 116 135 136 144 145 151 162 190 
28
1 5 14 22 29 36 41 45 53 54 74 75 
77 79 86 91 108 115 125 126 151 156 165 169 
174 189 194 199 
25
1 2 8 14 18 29 53 57 59 64 68 83 
92 104 139 151 154 167 169 172 174 181 188 195 
198 
20
53 56 62 73 82 85 87 128 131 147 148 152 
153 155 156 162 173 178 191 195 
22
15 29 57 76 77 83 86 91 92 93 97 122 
130 134 148 168 172 174 176 179 182 186 
19
12 15 30 32 45 58 59 62 74 81 94 96 
105 152 153 160 170 190 195 
20
14 22 34 37 38 47 53 54 84 92 94 114 
126 132 136 161 174 188 197 199 
28
9 12 19 22 23 32 44 45 53 59 69 71 
84 92 95 96 98 117 127 133 139 153 167 168 
187 195 198 199 
17
2 9 23 26 30 36 52 78 100 119 128 129 
130 167 171 177 190 
19
3 4 10 17 29 38 63 86 92 95 96 101 
103 107 146 158 163 168 186 
23
3 7 13 19 25 38 44 47 51 59 69 73 
76 77 80 105 144 150 160 166 181 194 200 
24
18 26 27 35 51 55 64 67 78 84 86 92 
95 100 111 119 128 147 151 156 166 171 181 183 
28
3 26 33 37 48 63 78 92 107 108 110 113 
125 126 128 134 135 138 144 146 148 157 159 160 
163 165 171 179 
30
7 11 12 13 21 31 33 41 44 62 68 77 
94 97 99 102 104 128 129 143 151 159 167 170 
172 177 180 186 194 196 
21
5 9 26 27 41 43 45 72 87 91 97 106 
116 142 150 168 169 177 190 193 200 
22
27 33 46 49 52 54 63 76 105 106 109 114 
116 117 130 149 152 161 165 172 173 180 
22
6 11 12 21 34 36 46 56 72 93 102 103 
106 109 124 134 143 166 169 190 193 195 
19
2 19 43 57 70 79 84 92 94 97 99 112 
127 130 137 144 158 178 180 
25
21 33 35 50 66 67 77 78 89 111 116 127 
128 130 131 136 142 158 162 180 183 187 191 195 
198 
24
13 18 20 21 26 28 50 52 53 70 71 72 
73 84 88 102 107 114 117 126 128 148 188 194 
21
4 6 12 16 22 50 52 59 75 84 90 108 
122 123 138 173 175 184 191 194 200 
15
10 12 31 56 71 75 84 96 97 118 127 149 
159 179 196 
21
37 39 42 48 58 70 116 118 120 123 132 133 
137 142 146 148 166 167 170 195 199 
26
6 12 19 20 22 42 47 56 59 78 89 106 
114 119 124 126 128 133 135 137 143 144 146 171 
174 200 
26
3 10 17 22 24 25 59 60 67 70 71 73 
74 83 86 89 94 108 111 131 136 140 145 163 
170 198 
24
3 4 11 12 16 36 40 42 66 74 101 106 
113 120 124 130 132 134 154 167 188 193 194 200 
18
2 7 10 25 41 66 71 87 108 124 150 167 
171 180 190 195 197 200 
22
6 12 17 23 29 31 34 42 58 73 77 78 
89 93 97 114 116 121 133 173 181 199 
23
7 16 19 31 33 55 79 83 88 97 102 113 
116 117 123 128 133 151 154 170 172 189 195 
20
8 14 21 25 51 74 79 99 100 110 116 125 
155 171 174 176 178 180 186 199 
17
12 17 23 24 27 78 88 92 93 109 144 149 
157 172 184 185 199 
14
21 27 46 52 65 79 80 101 121 139 144 148 
164 178 
18
2 3 4 8 18 39 54 74 86 94 132 143 
153 154 171 173 183 195 
17
18 26 32 50 66 67 76 95 98 108 109 115 
116 124 163 169 198 
20
23 27 32 48 71 79 96 98 101 108 117 125 
138 145 151 156 172 183 189 191 
19
2 5 13 27 40 69 71 78 103 107 110 132 
141 144 166 175 183 187 190 
15
1 7 13 16 31 43 101 137 141 153 154 158 
168 171 195 
23
9 15 41 51 53 59 63 73 79 83 88 91 
107 117 123 133 134 144 156 160 165 167 181 
17
14 15 26 38 55 56 65 77 85 90 94 95 
103 127 146 196 200 
20
1 15 17 26 42 49 51 68 77 80 81 90 
91 95 97 100 106 113 175 192 
17
9 17 21 46 56 57 58 62 84 97 110 113 
135 151 163 187 192 
17
10 16 32 46 48 52 70 80 88 94 103 157 
164 171 175 184 191 
20
8 23 30 45 72 79 83 91 97 98 99 124 
136 139 147 158 164 183 193 200 
24
12 13 18 23 48 60 61 65 67 99 102 123 
125 127 129 139 148 150 156 165 177 183 184 187 
19
12 17 26 34 35 41 48 53 57 66 67 71 
129 161 164 173 182 194 197 
22
5 9 10 25 40 67 72 73 74 78 91 99 
121 137 141 143 149 159 171 177 190 191 
17
12 54 57 69 76 77 86 118 130 133 142 143 
145 149 162 171 191 
15
10 14 22 27 36 79 104 108 109 116 154 158 
170 176 191 
15
6 7 24 29 35 56 57 78 90 106 118 161 
182 188 190 
32
3 11 13 15 16 22 23 26 29 32 54 57 
59 68 69 73 78 101 102 107 111 116 123 130 
138 140 141 169 181 185 196 199 
21
3 10 17 38 45 46 55 56 59 66 81 83 
94 96 105 108 122 132 145 156 191 
27
22 23 32 35 39 48 51 54 57 66 75 84 
92 102 105 120 122 129 133 135 138 155 157 181 
182 183 193 
20
35 36 40 48 61 62 72 98 124 128 133 150 
155 156 161 167 185 188 197 198 
19
4 9 17 28 36 38 53 78 91 93 99 100 
118 138 153 154 193 195 199 
25
11 17 29 37 40 42 43 48 56 67 68 91 
97 103 104 119 124 125 135 143 153 158 159 161 
200 
24
1 2 5 12 18 34 39 50 68 71 72 82 
85 93 116 124 150 151 162 167 168 173 182 192 
23
10 23 24 37 42 55 57 58 65 69 76 81 
96 117 126 134 150 157 171 174 177 179 182 
18
8 15 28 30 33 34 53 61 97 99 114 146 
159 160 166 177 178 191 
21
42 49 51 55 56 61 67 68 70 76 101 103 
108 111 116 152 156 159 160 173 196 
26
2 3 10 34 40 60 61 63 64 67 82 96 
99 107 122 123 125 134 141 142 143 148 181 193 
198 200 
16
17 23 49 68 116 126 137 145 151 154 155 158 
167 180 198 200 
20
19 32 39 41 48 56 57 63 82 95 111 112 
114 121 137 172 182 189 194 199 
16
21 28 35 56 79 83 92 119 130 150 158 174 
178 187 191 196 
24
8 13 20 32 39 54 68 76 91 95 104 105 
113 127 143 146 148 150 155 167 173 197 198 199 
17
1 15 21 26 33 37 38 40 73 99 109 118 
139 152 173 178 183 
19
12 28 37 38 43 76 83 84 94 104 114 125 
129 139 146 154 166 167 179 
14
14 16 19 21 24 37 98 106 117 129 134 156 
167 170 
21
14 28 37 45 58 59 83 92 94 96 104 120 
141 150 154 155 160 163 172 177 184 
16
7 22 40 45 80 83 103 105 108 114 135 145 
148 150 197 199 
22
2 11 14 16 18 24 27 36 42 46 57 66 
69 82 89 93 151 161 175 176 189 192 
18
5 43 54 67 83 87 94 96 100 126 129 159 
162 168 174 183 188 200 
18
2 9 21 24 29 52 83 101 102 135 136 141 
143 156 159 165 172 198 
15
7 41 63 67 79 80 133 140 143 158 160 170 
171 179 197 
16
6 28 40 43 60 63 111 112 114 127 148 149 
173 175 198 199 
30
9 12 13 16 18 31 51 55 56 59 90 102 
106 107 110 116 122 123 124 125 140 142 144 162 
168 173 175 180 181 197 
15
45 60 70 71 79 83 89 106 110 112 132 161 
171 176 198 
24
2 5 18 26 45 48 59 69 76 78 86 88 
90 120 121 125 127 145 165 167 169 180 197 200 
20
4 16 18 29 30 40 41 42 54 56 80 97 
119 127 131 156 170 184 188 192 
17
24 45 46 51 55 64 86 110 120 123 126 137 
158 162 171 182 189 
19
14 20 35 42 64 67 86 105 108 114 130 131 
145 158 163 189 194 196 197 
23
12 21 34 45 52 55 58 59 61 65 72 97 
109 113 135 139 150 157 161 167 178 191 193 
21
3 41 44 48 74 75 83 87 90 97 103 105 
106 116 120 127 147 153 169 191 193 
16
9 11 19 20 90 108 120 148 151 163 164 168 
169 176 179 187 
22
3 6 10 16 33 37 44 50 55 60 71 91 
111 112 117 121 122 124 133 159 165 196 
25
9 21 23 27 33 42 43 55 71 73 77 79 
83 95 110 134 135 137 155 156 160 171 172 182 
187 
15
21 35 46 75 80 91 97 100 101 110 140 188 
190 191 199 
16
14 23 39 55 67 75 76 93 143 148 172 177 
178 187 193 197 
20
13 21 25 40 56 66 73 76 100 111 120 126 
130 135 155 163 166 178 182 196 
22
1 15 22 33 37 46 56 63 64 73 74 85 
93 99 112 122 127 153 178 181 185 188 
19
2 23 27 29 43 44 51 60 62 81 97 101 
116 119 127 129 156 165 197 
20
9 18 52 74 81 96 111 128 131 133 140 153 
156 161 164 166 186 187 190 196 
15
7 16 29 33 56 66 71 89 100 102 134 143 
147 167 181 
23
1 19 27 31 53 54 61 62 69 73 75 81 
88 111 120 123 130 132 157 174 176 179 185 
16
9 10 38 40 41 44 47 73 79 116 117 120 
124 154 156 158 
22
21 25 36 43 49 50 54 87 100 103 107 109 
113 117 129 131 138 151 181 187 190 194 
16
19 30 31 40 100 103 114 118 123 129 133 139 
143 182 192 200 
15
1 10 32 73 76 103 111 121 137 141 156 157 
162 166 186 
15
5 16 22 66 81 83 86 92 132 139 163 168 
172 174 193 
20
2 44 67 72 79 92 99 104 139 140 145 154 
158 159 163 165 178 179 189 197 
14
20 46 48 51 61 84 108 118 133 142 145 187 
188 189 
22
5 9 35 44 45 57 77 85 94 101 110 111 
137 141 149 167 172 179 180 183 187 192 
26
22 37 48 58 59 66 86 87 92 99 108 115 
120 130 131 132 135 140 144 151 156 163 179 188 
194 199 
27
7 10 12 13 29 33 37 38 45 46 48 58 
73 87 98 122 126 132 139 146 149 156 162 164 
179 183 197 
17
6 15 17 25 65 79 95 98 116 120 148 157 
168 190 191 195 197 
21
15 23 26 28 36 42 94 99 108 114 115 131 
135 137 153 156 166 169 177 178 183 
21
22 32 42 47 51 52 60 89 104 106 109 120 
134 169 175 178 182 189 191 193 194 
19
23 47 50 58 59 60 68 74 116 119 129 133 
143 170 174 178 180 188 189 
23
11 21 41 58 61 69 70 74 75 80 89 116 
117 133 142 153 159 161 166 172 185 193 196 
19
10 30 36 44 50 54 65 73 79 103 117 130 
131 146 166 171 186 187 196 
20
15 22 23 38 50 54 67 86 93 99 108 122 
140 141 156 164 170 189 192 199 
18
1 5 18 35 42 78 85 102 106 112 119 129 
134 142 143 154 160 180 
18
8 28 33 35 44 52 63 66 69 78 81 90 
95 96 97 113 126 128 
10
23 25 55 102 111 113 126 146 161 167 
21
1 12 14 18 29 38 45 57 61 73 99 124 
142 146 147 154 158 163 176 188 197 
19
6 21 27 30 35 43 46 72 77 107 128 137 
149 151 156 158 160 192 194 
28
15 28 32 43 46 59 61 69 70 75 76 80 
81 86 101 108 116 124 134 139 145 149 158 159 
161 182 183 198 
21
26 27 31 43 44 88 90 93 95 100 115 118 
145 149 156 158 172 176 187 193 199 
12
10 18 36 38 45 59 88 94 103 118 143 148 
13
9 17 33 75 82 93 109 124 127 143 145 163 
176 
15
25 43 49 53 83 91 94 100 115 120 142 155 
158 178 185 
19
4 18 20 29 32 34 44 48 92 102 113 117 
118 145 159 168 170 192 195 
20
8 11 15 36 37 46 62 76 81 95 98 102 
105 122 125 134 140 154 157 188 
17
4 17 25 49 56 72 80 97 118 138 143 154 
169 172 178 195 198 
13
23 26 39 41 53 94 102 111 118 126 162 165 
194 
22
2 3 4 7 13 32 55 68 74 75 80 118 
135 139 142 143 150 168 172 188 191 196 
16
16 33 42 57 60 62 77 79 83 107 109 115 
121 126 152 179 
22
18 22 32 40 42 45 56 67 76 83 99 102 
127 133 140 147 164 165 168 178 182 197 
20
13 14 19 34 40 44 66 71 73 85 109 113 
137 138 155 173 177 188 190 193 
11
4 21 23 26 41 53 65 91 144 163 168 
22
2 15 18 28 30 36 49 62 71 76 106 117 
134 148 153 160 162 165 170 171 181 186 
23
7 11 17 25 42 58 62 69 73 86 112 127 
128 130 133 136 137 138 143 144 160 164 193 
19
6 17 21 44 51 61 62 89 94 113 128 143 
149 161 165 166 189 195 198 
16
3 19 37 40 53 70 83 95 98 106 111 140 
159 166 188 197 
12
22 43 62 71 74 92 116 127 149 152 184 196 
26
1 3 7 18 24 27 47 51 52 53 55 115 
121 132 140 141 147 158 159 172 176 178 181 188 
190 196 
22
7 19 32 34 59 70 71 78 80 86 99 103 
112 130 143 146 157 161 167 170 191 197 
28
11 17 23 29 30 36 44 45 49 50 69 71 
77 80 93 97 102 113 120 124 125 126 131 143 
158 168 180 190 
20
8 11 14 15 16 19 41 42 48 71 90 97 
98 115 125 141 152 166 168 177 
22
11 23 27 66 69 78 82 84 107 120 121 122 
129 130 134 136 148 151 176 189 192 199 
18
5 32 39 52 62 68 87 131 135 136 144 145 
151 158 162 186 192 196 
18
18 40 41 48 55 69 73 76 80 96 125 127 
153 162 165 176 196 199 
18
1 20 37 49 67 71 85 92 95 99 104 131 
139 149 196 197 198 199 
