200 200
1 1 1 1 1 1 1 1 1 1 1 1 
1 1 1 1 1 1 1 1 1 1 1 1 
1 1 1 1 1 1 1 1 1 1 1 1 
1 1 1 1 1 1 1 1 1 1 1 1 
1 1 1 1 1 1 1 1 1 1 1 1 
1 1 1 1 1 1 1 1 1 1 1 1 
1 1 1 1 1 1 1 1 1 1 1 1 
1 1 1 1 1 1 1 1 1 1 1 1 
1 1 1 1 1 1 1 1 1 1 1 1 
1 1 1 1 1 1 1 1 1 1 1 1 
1 1 1 1 1 1 1 1 1 1 1 1 
1 1 1 1 1 1 1 1 1 1 1 1 
1 1 1 1 1 1 1 1 1 1 1 1 
1 1 1 1 1 1 1 1 1 1 1 1 
1 1 1 1 1 1 1 1 1 1 1 1 
1 1 1 1 1 1 1 1 1 1 1 1 
1 1 1 1 1 1 1 1 
23
4 12 18 33 42 43 53 63 65 77 82 89 
113 121 125 130 134 142 169 181 184 197 200 
24
5 13 20 21 30 41 44 65 74 75 79 96 
104 107 112 121 133 141 167 176 183 189 196 198 
12
18 22 23 24 83 87 108 114 126 127 140 165 
20
3 48 62 68 71 83 95 99 101 110 111 126 
129 131 141 162 183 187 189 197 
20
32 34 40 55 64 70 79 87 109 112 115 120 
129 141 157 162 165 190 197 200 
18
14 41 47 52 74 104 113 123 125 132 144 149 
162 176 182 187 191 197 
18
1 18 21 23 45 47 62 82 83 84 100 111 
142 143 145 173 179 184 
22
11 16 20 24 36 37 59 73 80 84 87 94 
97 98 120 123 145 148 165 167 171 175 
19
6 10 14 15 16 28 32 44 58 70 71 73 
105 111 155 161 170 173 200 
18
1 12 18 19 21 32 70 73 83 97 109 149 
156 168 179 180 183 189 
20
4 25 28 32 38 43 53 55 69 76 79 83 
95 133 137 169 175 180 193 198 
19
10 29 32 42 44 58 67 96 108 113 114 126 
161 162 168 169 175 190 196 
29
23 36 38 39 47 50 54 60 64 85 92 93 
104 119 125 126 128 130 144 151 155 162 170 174 
179 182 183 194 197 
25
16 32 51 56 58 67 71 89 90 98 99 104 
112 119 120 134 144 151 153 158 159 160 168 182 
198 
21
8 16 24 36 39 58 59 60 67 89 96 133 
136 139 154 160 164 178 182 185 196 
21
4 18 32 39 40 45 56 76 78 86 94 108 
116 143 147 148 150 154 181 182 186 
21
16 33 40 50 54 56 60 66 79 81 86 109 
113 118 124 136 148 149 156 174 200 
22
2 9 20 22 25 26 32 54 75 88 95 109 
128 131 135 136 150 187 188 194 196 198 
23
17 46 55 63 68 74 78 90 102 106 108 134 
143 160 161 162 171 175 177 178 189 192 195 
18
17 18 21 37 46 53 74 76 83 92 107 112 
126 128 135 145 181 198 
20
3 7 12 26 37 63 91 95 110 122 128 134 
145 151 153 164 167 168 170 175 
20
4 13 24 30 37 38 39 58 65 67 71 75 
85 123 128 139 143 150 194 195 
16
3 10 19 20 23 38 40 58 100 106 114 158 
160 163 181 192 
17
3 11 41 49 50 64 72 82 87 97 113 115 
124 135 136 179 199 
19
5 11 52 59 86 87 90 110 111 129 134 143 
145 160 163 180 196 197 198 
21
5 13 29 30 40 49 57 89 118 119 126 137 
142 157 167 173 181 186 190 196 200 
16
10 15 33 34 45 55 74 80 81 89 106 132 
139 153 162 191 
20
11 14 17 19 32 53 58 73 83 88 91 102 
106 109 133 149 150 161 163 187 
22
6 16 41 51 53 71 72 78 83 86 93 97 
110 117 118 128 161 164 168 172 174 179 
20
5 32 36 73 76 79 80 81 85 91 93 102 
103 104 105 109 128 135 165 183 
15
13 43 44 55 71 73 90 112 115 134 140 148 
174 184 187 
23
6 8 17 19 29 54 61 88 89 90 91 105 
128 138 140 143 152 159 167 192 196 199 200 
19
22 35 49 58 73 107 108 112 123 139 149 156 
157 169 180 184 188 190 196 
22
15 34 49 76 78 80 91 106 111 112 119 125 
132 154 158 160 161 164 178 179 188 200 
17
2 9 20 40 49 62 64 74 83 89 97 102 
122 181 188 197 198 
15
4 6 53 58 89 93 110 121 124 128 129 148 
160 174 183 
16
11 16 26 31 67 81 127 139 141 143 147 153 
156 157 158 183 
25
13 17 23 31 36 45 50 51 67 68 70 74 
89 93 103 109 126 131 132 134 138 140 153 162 
198 
22
9 24 26 33 42 44 45 60 69 71 83 96 
114 123 134 140 161 162 171 188 196 200 
26
6 20 24 40 41 43 61 67 78 79 84 88 
94 95 99 109 111 120 122 134 139 152 165 168 
177 187 
25
7 11 32 37 43 46 62 65 70 91 96 100 
101 103 104 107 108 126 140 152 170 187 194 196 
198 
25
2 12 13 21 44 56 58 62 65 69 70 73 
87 88 105 110 117 122 132 135 137 154 162 182 
199 
13
6 33 42 49 64 83 93 99 101 148 150 158 
159 
19
17 20 27 32 49 54 66 70 71 77 86 96 
97 111 120 153 160 164 189 
19
6 15 28 43 62 67 73 87 97 105 116 143 
161 167 168 173 174 179 195 
22
2 13 18 29 30 42 48 64 73 78 88 90 
93 97 110 123 128 170 174 183 196 197 
17
10 13 14 22 46 57 61 64 86 103 109 116 
117 156 157 162 175 
16
17 27 59 61 77 87 118 122 135 137 142 146 
149 178 182 196 
23
2 4 8 11 17 19 27 34 43 65 74 123 
125 139 143 146 147 159 164 172 180 188 192 
22
13 16 18 20 28 29 49 59 67 104 122 123 
129 133 145 152 161 172 176 184 185 193 
17
7 8 25 27 45 64 83 95 102 106 113 122 
125 130 136 158 160 
19
35 46 52 63 69 71 99 132 141 142 145 159 
173 179 181 182 194 197 199 
23
3 14 15 16 20 38 44 49 68 74 82 83 
84 88 95 97 110 117 119 177 180 185 189 
14
1 45 47 115 121 127 136 139 143 168 169 187 
196 198 
20
9 14 62 71 72 77 81 82 103 109 111 120 
121 132 148 152 171 186 197 198 
20
7 28 48 56 63 70 73 89 95 100 109 129 
147 150 154 157 165 176 195 198 
21
1 5 6 16 21 27 29 37 88 106 123 137 
139 146 148 173 182 185 189 196 199 
27
1 7 9 11 18 21 37 65 70 72 73 87 
90 103 119 132 136 139 154 155 162 172 180 188 
190 195 200 
22
4 5 12 23 34 36 37 45 62 63 68 73 
80 109 118 123 147 172 177 191 192 199 
20
13 21 26 36 53 59 68 74 107 109 122 127 
131 135 138 141 167 168 171 200 
21
9 20 41 47 55 57 81 84 89 98 101 117 
122 129 133 135 143 171 181 186 191 
14
13 16 59 74 82 141 144 153 162 172 176 181 
194 197 
18
9 11 16 26 30 34 38 44 55 76 85 92 
98 107 110 114 165 181 
16
13 23 30 75 84 93 94 96 108 109 110 116 
117 121 131 143 
18
7 20 35 46 51 54 55 64 74 94 104 117 
118 136 139 140 168 195 
17
9 34 47 49 61 66 78 93 113 125 133 136 
139 156 164 184 186 
13
1 3 13 33 39 75 87 90 129 130 157 162 
192 
11
3 30 49 56 103 109 115 139 177 180 187 
16
8 32 33 40 46 53 70 71 74 78 87 114 
154 159 169 174 
21
16 28 35 41 60 74 77 86 87 100 104 109 
112 114 117 119 127 150 194 195 197 
16
1 21 23 29 30 49 56 76 79 81 82 91 
113 135 137 200 
18
39 41 45 48 70 78 91 105 114 129 141 157 
162 171 176 180 188 189 
22
6 24 26 28 32 37 43 70 86 98 99 103 
108 121 135 143 145 158 160 162 188 190 
25
1 3 19 21 34 52 55 67 73 79 80 102 
110 113 121 135 139 146 150 155 158 168 174 177 
185 
20
7 9 10 22 23 24 30 33 42 79 98 103 
117 137 151 165 167 171 180 189 
19
2 11 24 33 34 40 47 50 60 72 79 81 
83 88 95 104 120 129 142 
22
9 15 33 36 37 43 67 82 92 96 97 99 
108 109 160 163 164 174 175 185 187 196 
17
4 20 22 31 38 55 80 90 91 113 120 123 
128 144 149 176 179 
20
18 59 94 98 99 101 103 119 133 136 139 150 
151 157 171 182 183 191 192 195 
13
11 18 19 54 62 68 71 99 124 141 144 146 
182 
16
2 9 16 47 61 76 85 91 94 105 135 149 
153 156 164 167 
16
38 40 69 90 100 110 111 114 120 134 142 158 
164 170 171 180 
16
16 27 45 63 72 86 93 111 116 163 169 174 
185 189 190 193 
18
33 34 35 36 42 45 56 61 82 97 106 117 
121 126 138 165 185 186 
18
1 45 51 81 93 112 119 123 133 134 140 153 
166 174 178 182 195 199 
23
11 14 21 28 30 33 45 70 72 76 89 110 
117 138 146 150 155 157 159 168 176 186 191 
27
14 16 20 32 33 40 66 70 72 73 76 93 
95 124 135 144 146 147 152 157 162 163 175 186 
190 192 196 
24
1 24 30 42 47 52 54 57 61 67 70 91 
108 114 120 133 135 139 143 158 163 178 179 182 
23
3 20 23 29 31 34 36 46 54 58 66 72 
87 89 113 115 118 135 153 156 170 189 195 
25
2 9 17 26 27 29 32 45 63 69 84 88 
98 112 123 132 158 170 181 184 185 188 189 194 
200 
24
11 16 19 29 30 37 38 40 57 89 90 96 
109 120 126 127 129 133 153 159 170 175 196 199 
12
2 18 37 44 58 80 83 142 181 184 186 188 
19
4 11 13 38 53 62 77 92 102 109 115 116 
130 138 144 148 157 196 200 
24
16 25 27 33 44 48 51 81 83 86 91 94 
97 104 109 116 121 133 137 159 167 171 175 187 
14
2 4 21 35 61 77 107 115 140 151 165 180 
189 200 
24
2 14 23 30 34 37 55 71 78 105 109 114 
130 137 145 148 152 162 164 167 170 171 173 197 
20
5 6 23 24 33 41 53 59 65 66 67 69 
72 97 102 147 159 186 187 196 
19
1 24 30 32 37 49 91 100 142 143 145 148 
163 172 177 188 190 192 197 
12
41 48 57 64 65 77 117 132 133 158 175 198 
21
1 10 23 30 36 64 84 88 90 96 109 111 
121 124 143 156 157 165 173 180 186 
12
31 47 53 68 73 85 89 109 110 146 167 177 
16
5 13 24 30 38 58 71 96 116 123 125 133 
139 147 161 169 
19
8 9 14 24 31 41 43 45 61 79 85 88 
92 136 137 145 154 194 195 
22
24 31 56 64 66 94 98 101 106 111 137 142 
146 165 167 169 171 173 181 188 195 198 
25
1 16 20 26 50 55 61 65 72 85 90 95 
99 102 103 110 116 118 126 131 145 150 157 189 
199 
22
18 19 32 41 44 58 60 66 70 91 111 128 
131 135 136 144 146 160 162 182 197 198 
17
7 13 17 27 30 58 62 66 69 71 73 127 
128 140 152 156 189 
14
4 52 67 95 125 129 138 140 149 150 158 165 
188 192 
11
28 39 44 48 96 100 107 153 165 175 199 
18
5 38 58 63 85 87 93 98 124 136 147 150 
159 166 173 175 192 198 
25
1 2 22 28 31 36 38 51 53 65 67 72 
83 88 139 162 165 167 175 181 182 186 190 194 
195 
24
27 31 40 48 56 59 63 72 78 86 88 89 
90 118 130 131 134 141 142 160 170 180 192 200 
16
3 5 12 19 36 79 92 94 96 105 115 148 
175 179 195 199 
18
17 28 32 70 71 75 90 97 109 116 117 138 
139 141 159 179 186 194 
12
15 26 28 58 79 102 129 131 164 167 173 178 
19
1 6 15 24 31 32 44 47 51 88 94 98 
122 136 148 167 182 187 189 
20
18 41 44 74 106 111 114 123 125 127 146 147 
158 160 163 172 176 188 191 195 
22
15 22 24 27 49 69 70 73 109 114 115 121 
130 132 142 162 167 169 174 178 188 198 
22
20 22 26 27 31 37 53 78 86 90 97 106 
118 139 142 155 166 172 176 180 182 191 
18
4 16 17 29 31 46 60 66 85 95 115 123 
129 150 153 168 174 194 
25
1 16 22 24 25 30 51 58 59 62 66 80 
84 90 97 113 141 149 166 173 178 179 186 188 
192 
15
6 32 73 80 93 109 125 137 150 151 175 180 
186 192 194 
23
18 33 40 43 56 59 61 70 72 88 91 96 
108 122 123 130 144 152 166 168 181 183 189 
18
9 10 44 51 62 63 72 78 86 91 95 101 
127 170 176 180 188 190 
20
3 4 10 13 28 35 40 45 50 55 80 83 
92 98 105 106 118 120 186 198 
19
4 17 61 67 71 94 97 105 121 124 125 126 
136 143 144 178 183 193 195 
19
7 32 68 76 78 85 90 96 97 101 107 110 
115 121 123 128 135 145 152 
19
17 23 45 80 82 86 88 91 107 138 143 146 
172 175 187 189 196 198 199 
20
8 9 10 26 27 41 67 76 83 103 112 124 
136 140 149 154 179 180 181 189 
19
10 13 44 49 76 80 82 88 91 103 117 119 
160 161 166 168 169 174 193 
17
7 13 15 23 32 35 75 78 92 94 123 144 
178 192 193 196 199 
22
3 31 45 53 54 56 78 90 94 115 131 135 
140 145 156 158 159 170 172 174 181 186 
21
1 3 26 32 33 43 50 55 63 81 83 92 
95 123 146 161 167 171 175 180 182 
18
3 16 27 35 38 58 72 96 134 139 140 147 
158 163 176 180 181 184 
18
15 18 29 36 44 49 55 75 91 95 110 130 
146 164 171 175 181 185 
22
26 57 60 67 74 89 100 105 106 108 119 130 
131 141 144 146 155 164 165 178 194 198 
22
17 35 54 55 59 64 65 69 82 87 107 120 
125 130 132 144 149 151 160 166 181 192 
19
11 22 23 32 42 47 77 82 107 114 120 133 
136 142 149 154 183 192 200 
19
3 5 11 12 17 21 35 36 55 61 75 94 
117 144 157 169 182 189 191 
13
4 5 41 103 126 128 140 147 152 158 163 164 
187 
19
6 9 13 28 40 43 54 59 66 86 97 101 
116 127 137 144 153 163 164 
19
7 8 13 16 30 54 59 62 85 86 93 101 
102 112 159 166 181 191 195 
21
2 20 23 32 35 64 76 79 86 96 97 100 
106 110 123 126 145 157 181 184 191 
21
6 7 20 21 22 30 37 41 58 66 94 107 
116 120 126 127 132 134 144 152 180 
19
14 34 39 42 56 61 71 72 80 82 84 98 
138 150 165 171 191 197 198 
19
1 34 44 86 98 100 106 108 118 120 127 131 
134 154 155 156 164 177 200 
25
16 21 42 59 69 71 82 84 109 112 113 118 
120 128 135 139 160 165 167 179 184 187 194 196 
199 
22
22 33 35 36 38 44 64 67 91 100 113 114 
119 132 135 137 166 168 183 191 192 193 
18
12 28 37 41 56 57 79 116 123 125 129 139 
145 157 168 183 194 199 
18
5 11 36 42 49 50 51 52 82 98 99 100 
125 127 140 158 177 183 
23
3 4 6 8 17 23 28 32 33 40 46 78 
80 87 93 102 106 129 132 145 166 187 188 
18
1 8 9 16 21 22 34 35 42 56 58 60 
82 110 140 155 170 193 
22
26 42 48 67 69 72 75 109 112 114 130 132 
136 137 138 145 157 163 168 174 185 194 
23
4 13 29 42 49 77 80 101 103 111 130 131 
138 148 153 154 170 175 177 180 187 192 197 
13
9 25 38 42 63 76 80 84 124 130 143 177 
178 
26
8 10 19 21 30 42 44 52 53 75 87 89 
90 101 102 116 122 127 134 140 143 147 160 164 
173 189 
23
5 11 13 20 29 32 49 64 89 90 91 107 
108 113 140 145 151 170 172 176 179 190 196 
17
10 16 19 33 46 91 96 98 110 113 123 130 
131 143 170 192 193 
12
7 8 11 15 21 54 94 114 128 160 191 192 
25
3 13 14 20 26 35 48 63 65 71 79 88 
89 90 120 123 124 125 151 159 163 165 170 182 
198 
14
19 20 22 47 50 59 83 90 98 128 158 181 
191 193 
19
10 25 33 43 44 48 50 54 57 63 88 92 
103 114 130 147 163 181 189 
19
6 8 11 18 21 35 39 63 78 88 92 121 
135 141 166 168 173 186 191 
22
13 15 31 58 59 60 65 69 77 84 85 95 
106 107 110 118 144 146 160 175 187 189 
22
10 22 24 26 31 48 58 75 79 86 87 97 
105 134 152 154 168 171 178 198 199 200 
22
3 9 41 47 58 69 88 89 94 100 111 128 
147 150 151 153 160 161 165 166 179 193 
13
19 34 65 82 111 126 139 141 147 178 182 188 
194 
19
8 13 14 28 32 38 48 78 79 83 88 99 
120 130 167 175 181 191 192 
19
3 15 18 26 35 36 54 62 63 71 83 87 
92 96 118 149 159 186 198 
20
8 43 47 55 60 70 80 93 113 132 137 148 
156 158 159 166 168 185 194 198 
19
6 9 21 27 39 59 65 71 72 74 92 102 
119 120 131 163 179 182 192 
17
16 19 25 34 67 72 86 101 102 108 118 119 
134 139 150 184 196 
23
5 7 17 20 38 39 47 48 66 77 80 81 
125 131 133 137 153 155 161 169 180 185 198 
21
9 20 24 28 32 43 44 49 62 77 96 99 
130 138 141 144 154 155 180 185 195 
19
20 23 26 27 29 37 70 76 84 89 90 93 
105 109 121 124 131 159 171 
17
1 6 21 62 73 74 92 98 132 134 136 141 
148 149 159 165 183 
24
1 10 17 39 53 58 59 61 65 69 71 77 
86 89 92 98 106 124 126 127 129 184 191 194 
16
32 43 60 65 71 74 85 101 114 119 129 130 
139 140 144 199 
23
1 4 18 26 35 36 38 43 53 72 75 84 
94 98 101 107 128 137 141 161 164 174 194 
18
7 35 46 50 58 83 97 98 112 115 151 153 
170 171 178 189 192 193 
23
22 34 39 42 59 65 82 98 101 103 107 123 
127 128 131 142 149 153 160 174 184 197 199 
22
22 25 46 55 85 97 103 114 115 125 126 130 
136 140 141 142 167 175 176 184 189 193 
23
7 15 24 28 32 33 46 50 58 64 91 95 
98 109 114 127 128 131 138 139 185 190 198 
10
10 20 51 59 109 134 139 141 151 157 
22
13 24 29 37 53 66 69 97 113 137 140 152 
158 159 170 171 172 176 188 192 195 199 
27
22 38 46 58 62 66 75 81 90 91 97 103 
105 110 113 115 119 120 140 148 151 152 162 167 
177 186 193 
21
3 11 34 35 36 38 54 64 65 67 73 75 
97 102 114 132 143 155 171 184 191 
17
1 12 16 27 29 31 32 34 43 75 106 141 
143 161 176 191 196 
18
16 36 39 52 79 94 107 109 115 119 120 133 
137 158 168 172 173 187 
18
2 16 49 54 70 71 79 81 97 100 106 109 
121 132 150 164 180 190 
17
13 19 57 69 93 103 108 118 121 129 135 136 
150 160 171 176 182 
20
11 23 25 40 41 60 61 70 85 86 93 98 
135 142 150 167 172 177 178 185 
30
1 19 44 54 63 67 68 69 72 77 80 83 
92 101 111 115 121 130 141 144 145 148 154 159 
168 169 173 181 195 198 
17
19 21 24 60 80 98 102 108 124 139 152 162 
164 166 169 179 194 
24
6 7 34 43 60 61 72 81 85 88 100 109 
119 134 136 152 156 157 159 169 175 179 185 186 
12
3 7 29 30 35 38 42 63 65 95 119 131 
17
25 39 51 58 71 78 80 93 98 103 115 120 
123 149 172 188 195 
22
4 5 10 12 20 24 48 53 54 63 80 83 
88 102 107 117 128 138 139 158 185 198 
20
44 48 67 70 72 77 84 94 103 112 114 120 
143 149 150 151 154 163 170 199 
16
3 8 18 37 59 62 66 79 89 116 126 148 
161 171 184 194 
