75 50
1 1 1 1 1 1 1 1 1 1 1 1 
1 1 1 1 1 1 1 1 1 1 1 1 
1 1 1 1 1 1 1 1 1 1 1 1 
1 1 1 1 1 1 1 1 1 1 1 1 
1 1 
23
3 5 7 8 12 13 15 18 19 21 22 25 
26 28 29 30 33 34 39 40 47 48 50 
17
1 4 7 15 18 19 24 27 29 30 34 35 
38 41 43 46 48 
29
1 2 3 4 7 8 10 11 14 18 20 22 
23 24 25 26 30 33 34 35 37 38 40 41 
43 45 48 49 50 
26
2 4 5 10 11 13 18 19 20 21 23 25 
26 27 29 30 32 33 39 40 41 42 45 47 
48 50 
26
2 3 6 8 12 15 16 18 20 22 25 26 
27 28 30 32 34 35 36 38 39 44 45 47 
49 50 
24
2 3 4 10 17 21 22 26 27 31 32 34 
35 36 37 38 39 40 41 42 44 47 48 50 
26
3 6 8 10 11 12 17 20 21 22 23 24 
25 26 27 28 31 34 35 36 37 41 42 45 
46 50 
24
1 4 5 6 7 8 9 12 13 15 19 22 
24 28 29 30 31 35 36 37 40 43 45 50 
26
1 3 4 5 6 8 9 10 15 17 18 21 
22 24 26 28 30 31 32 34 36 39 41 43 
46 48 
20
2 5 6 9 10 14 19 24 26 27 30 35 
36 39 40 41 43 45 46 48 
24
1 2 7 8 10 13 16 19 22 23 24 26 
29 31 32 33 35 37 39 40 41 42 44 47 
23
1 6 8 10 13 15 19 24 25 26 27 28 
29 33 35 37 39 40 41 42 44 45 50 
18
3 6 8 14 15 17 20 24 28 32 37 39 
40 42 45 46 47 49 
29
1 2 4 10 12 13 15 16 17 18 19 22 
25 26 27 28 31 33 34 37 38 40 41 42 
44 45 47 48 49 
22
1 6 8 12 13 14 19 20 22 26 27 28 
29 30 31 32 34 38 39 42 43 47 
27
1 2 4 6 7 8 11 13 14 15 17 20 
25 26 28 29 30 32 33 34 35 39 40 43 
44 45 48 
19
1 3 4 7 9 11 16 18 22 23 26 29 
32 38 41 45 46 49 50 
23
3 6 7 12 14 15 18 24 25 27 28 29 
30 33 34 36 37 39 42 44 45 48 49 
23
3 6 15 16 17 20 21 22 24 26 28 29 
30 34 35 36 39 41 42 43 45 47 50 
32
1 2 3 8 11 12 13 14 15 16 17 18 
21 22 23 25 26 27 29 30 33 35 36 37 
38 40 42 43 45 46 47 49 
25
2 3 4 7 9 10 13 16 17 19 21 22 
23 24 25 27 29 35 38 39 41 46 48 49 
50 
24
2 5 7 8 9 10 11 13 14 16 20 22 
28 29 30 31 32 37 38 39 41 42 43 44 
25
1 2 9 16 18 19 21 22 23 25 27 29 
31 32 34 38 40 41 42 44 45 46 47 48 
50 
29
1 2 3 4 5 6 8 9 10 11 14 15 
16 17 19 21 28 32 33 34 35 38 40 41 
43 44 45 47 49 
24
2 3 4 5 8 10 11 14 18 26 28 29 
35 36 37 38 39 41 43 44 45 48 49 50 
26
1 6 8 9 14 15 16 19 22 23 25 26 
27 30 31 33 35 36 37 39 41 43 44 48 
49 50 
19
1 4 5 11 14 16 17 18 20 22 24 25 
27 28 36 37 41 48 49 
29
1 4 5 6 9 11 12 14 15 17 19 20 
24 25 26 28 29 30 31 32 33 34 35 36 
38 42 43 47 48 
26
1 4 5 12 14 15 16 19 21 22 23 25 
26 33 34 35 37 38 42 43 44 45 46 47 
48 50 
20
5 7 8 10 19 20 23 24 26 27 32 34 
36 39 40 41 46 47 49 50 
26
1 2 3 5 6 8 13 14 15 16 18 20 
21 22 26 29 32 33 35 36 37 39 41 45 
47 48 
22
2 4 6 9 11 13 14 19 20 21 24 27 
30 31 32 33 35 36 40 41 49 50 
26
1 4 6 9 11 12 13 14 15 17 18 20 
21 23 24 30 31 35 37 38 43 44 45 48 
49 50 
21
2 7 10 11 12 15 16 18 20 25 26 27 
29 34 39 40 41 45 46 49 50 
20
2 5 8 10 11 16 20 21 22 26 29 37 
38 39 40 41 42 45 46 50 
26
2 4 6 7 8 11 13 17 18 20 21 22 
23 26 28 32 34 35 36 39 40 42 44 46 
47 50 
28
1 2 3 4 5 8 9 13 14 15 18 19 
20 21 24 25 26 27 30 31 32 33 35 40 
44 47 48 50 
26
6 9 10 13 16 17 18 20 24 27 28 34 
35 36 37 38 39 40 41 42 43 45 46 47 
48 50 
24
3 5 6 7 11 13 14 15 16 22 24 25 
27 31 33 35 36 38 41 42 46 48 49 50 
26
2 6 7 9 10 12 15 16 17 18 20 21 
22 26 29 31 32 33 34 35 37 38 39 41 
49 50 
28
2 3 4 6 8 13 14 15 17 19 21 23 
24 26 29 30 31 33 34 35 36 37 39 41 
45 47 48 50 
21
1 2 3 7 9 10 13 15 17 20 21 24 
25 26 29 32 33 36 38 40 50 
26
1 2 3 4 7 10 12 14 15 17 19 23 
24 25 26 30 31 32 37 39 40 41 42 43 
45 49 
25
1 2 3 7 8 9 11 12 13 14 20 22 
23 29 30 31 34 35 36 37 43 44 45 46 
50 
21
2 4 8 11 12 17 18 20 25 26 28 29 
30 31 33 37 38 40 41 44 47 
27
2 3 4 5 7 8 10 11 13 14 15 17 
18 21 22 26 27 30 31 32 33 36 37 39 
44 47 49 
23
2 6 8 15 16 17 20 23 25 26 28 29 
31 33 34 39 43 44 45 46 48 49 50 
20
1 4 7 8 9 10 12 14 17 20 21 24 
29 32 36 38 40 42 46 47 
24
4 5 6 7 8 10 11 13 16 19 20 22 
23 24 25 30 31 32 34 35 36 38 39 43 
31
1 3 5 7 9 13 14 15 16 18 19 20 
21 23 27 31 32 33 34 36 37 38 40 41 
42 45 46 47 48 49 50 
29
1 6 7 10 11 13 14 15 16 20 22 24 
26 27 28 29 30 33 34 38 39 40 42 43 
44 47 48 49 50 
25
2 5 6 7 10 11 13 14 15 16 19 22 
23 24 26 28 29 31 32 35 36 37 38 43 
47 
24
3 4 7 8 10 14 17 18 24 26 27 30 
36 38 39 40 41 43 44 45 46 47 48 49 
23
1 5 7 8 12 14 19 20 21 22 23 24 
28 30 31 37 39 42 43 45 47 49 50 
22
1 2 3 7 10 12 15 16 17 23 24 27 
28 29 32 34 36 37 41 47 48 49 
27
1 3 5 7 8 10 11 14 17 18 19 20 
24 26 27 28 32 35 36 37 39 41 44 46 
47 49 50 
21
2 7 8 9 10 12 13 16 23 26 28 31 
33 34 35 41 42 43 44 49 50 
25
4 5 11 12 13 14 15 17 19 21 23 24 
26 30 32 35 36 37 38 39 40 42 45 46 
50 
25
1 4 7 8 11 13 15 16 18 22 23 26 
28 29 30 33 35 37 38 41 43 44 45 46 
48 
23
3 7 12 13 15 17 18 20 21 22 23 26 
27 29 31 33 34 37 38 39 44 49 50 
23
4 5 8 10 11 15 16 17 22 23 25 27 
29 30 31 32 33 36 38 47 48 49 50 
33
1 3 5 6 7 9 10 11 12 16 19 20 
22 24 27 28 29 30 32 33 34 36 37 38 
39 40 41 42 44 45 46 47 50 
26
1 2 4 6 7 8 10 11 14 17 22 23 
27 29 33 34 36 37 38 39 43 44 45 46 
49 50 
25
2 4 6 8 9 10 11 12 13 17 19 20 
21 22 23 27 30 31 33 35 36 41 43 46 
47 
26
3 7 11 12 13 14 16 17 19 21 23 26 
27 29 30 31 32 33 35 38 39 43 47 48 
49 50 
26
1 2 3 4 5 6 8 10 11 14 15 22 
24 25 26 29 30 31 32 38 43 45 46 48 
49 50 
26
1 3 4 5 7 11 13 16 18 19 21 22 
23 24 26 27 29 30 34 35 39 40 42 44 
46 47 
25
2 6 9 11 14 16 17 20 21 22 23 24 
26 27 28 33 35 37 38 39 40 42 45 46 
50 
28
1 2 4 5 6 7 9 11 17 20 21 24 
25 26 29 31 32 36 37 38 40 41 43 44 
45 46 47 49 
21
3 5 6 7 12 14 15 17 21 22 26 27 
29 30 31 36 37 42 44 45 48 
23
1 3 5 9 12 13 15 16 17 18 20 25 
26 28 30 31 32 33 34 38 42 44 46 
23
3 6 7 9 12 13 14 15 16 17 20 21 
24 30 32 33 34 35 36 45 46 47 48 
22
2 4 7 8 9 10 11 14 16 19 21 22 
23 24 29 32 37 38 41 44 46 47 
26
1 2 5 6 10 12 13 16 17 18 20 21 
22 24 25 27 28 31 35 39 41 43 44 45 
47 48 
27
2 3 6 8 9 11 13 18 19 21 22 23 
24 26 29 31 32 35 36 37 39 41 42 44 
46 49 50 
