75 25
1 1 1 1 1 1 1 1 1 1 1 1 
1 1 1 1 1 1 1 1 1 1 1 1 
1 
7
2 5 12 14 17 20 25 
8
4 5 6 11 14 18 19 22 
8
1 8 9 15 16 20 21 25 
10
3 4 5 7 10 16 18 19 20 21 
5
7 13 16 18 19 
12
2 3 6 7 8 9 10 11 12 15 20 22 
8
1 6 7 9 11 14 16 24 
7
1 8 14 18 22 24 25 
5
7 8 11 16 25 
8
2 4 8 11 16 18 21 23 
9
2 5 11 13 16 17 18 21 24 
7
1 2 6 12 15 21 23 
6
5 6 10 15 19 23 
8
6 7 9 10 12 14 18 19 
8
1 2 5 6 7 10 14 19 
12
1 2 3 4 8 12 14 15 16 19 20 22 
8
5 6 8 9 11 13 15 23 
7
2 3 5 11 15 20 24 
8
2 4 8 11 12 22 23 25 
11
2 4 9 12 18 19 20 21 23 24 25 
4
5 15 21 23 
9
6 11 13 15 17 18 21 22 23 
13
1 4 5 7 8 11 13 17 18 19 22 23 
24 
7
9 10 12 13 16 23 24 
5
5 11 13 16 22 
8
1 5 9 12 13 17 18 19 
8
1 6 10 11 13 19 20 23 
7
3 7 11 18 20 23 25 
7
1 5 9 10 14 16 25 
6
1 9 11 16 19 25 
8
1 5 6 7 11 13 17 22 
12
2 3 4 7 11 12 15 16 17 19 22 25 
5
3 6 7 20 21 
10
1 4 5 9 13 15 18 22 23 25 
7
2 6 8 11 16 17 22 
10
1 6 9 10 12 13 16 19 20 23 
7
5 6 9 18 19 21 23 
4
2 7 10 17 
8
2 5 6 9 10 14 20 24 
7
9 14 15 17 22 23 25 
10
1 4 5 8 12 13 15 18 19 25 
13
3 5 6 7 8 9 14 15 16 17 18 24 
25 
6
2 9 15 19 21 22 
8
1 3 6 7 11 15 17 21 
5
3 12 13 18 25 
4
2 5 8 15 
5
1 2 10 11 14 
6
4 7 13 16 23 24 
4
3 8 12 16 
7
2 5 13 15 22 23 25 
7
2 4 9 12 18 20 22 
5
9 13 14 20 22 
12
2 4 5 6 7 8 9 17 19 21 23 25 
9
3 4 5 11 12 13 17 18 21 
8
1 5 7 11 14 18 22 24 
7
4 6 13 14 15 18 23 
9
5 7 8 12 19 20 22 24 25 
10
3 4 9 10 12 14 15 19 21 22 
7
1 3 5 11 17 23 24 
10
5 6 7 8 13 14 17 19 21 24 
8
4 6 8 13 15 20 21 25 
5
5 7 12 15 22 
10
1 6 7 9 10 16 17 19 20 22 
8
1 6 10 13 21 22 23 25 
7
6 7 10 13 14 19 23 
4
1 14 22 25 
7
3 6 7 17 19 22 24 
7
4 8 9 10 15 16 19 
7
3 6 8 15 18 20 25 
6
1 8 9 14 21 25 
8
3 5 6 7 9 12 22 23 
8
3 11 15 16 17 20 21 24 
6
4 15 17 18 21 25 
8
3 6 8 9 10 11 19 25 
5
5 7 15 16 22 
