75 25
1 1 1 1 1 1 1 1 1 1 1 1 
1 1 1 1 1 1 1 1 1 1 1 1 
1 
8
3 4 7 10 18 19 24 25 
9
4 8 9 11 12 18 20 24 25 
10
2 4 7 11 12 16 18 20 22 23 
6
4 5 9 13 18 23 
5
4 5 10 20 25 
7
1 5 6 13 14 17 23 
10
1 3 5 7 8 13 14 15 17 24 
9
1 5 7 11 17 20 21 22 23 
7
1 2 4 5 11 21 24 
9
2 5 8 9 13 15 16 18 23 
5
3 6 16 20 23 
11
2 3 5 10 12 15 16 18 22 23 25 
5
18 22 23 24 25 
4
3 13 15 20 
6
3 12 14 16 24 25 
12
1 4 6 7 8 10 12 13 15 19 22 25 
5
2 10 16 19 20 
6
1 8 16 18 19 21 
10
5 6 8 9 10 12 14 22 24 25 
6
3 5 6 12 13 17 
13
2 5 6 8 9 10 12 15 17 19 20 23 
24 
6
1 4 13 20 23 25 
9
1 5 6 10 11 13 18 19 23 
8
1 2 5 10 17 20 22 25 
9
1 4 7 13 18 19 21 22 23 
11
2 7 11 12 13 15 16 17 19 23 24 
11
1 3 4 8 11 12 14 16 19 21 22 
5
1 7 20 22 23 
7
6 8 11 13 14 22 23 
3
3 7 9 
8
4 6 10 11 12 13 19 24 
12
2 5 6 7 9 11 14 15 16 20 23 25 
6
1 3 9 12 18 21 
6
4 8 12 14 15 20 
5
5 11 12 21 23 
10
2 8 10 12 14 16 17 19 22 24 
9
1 2 8 10 15 17 19 23 24 
8
5 10 12 13 16 19 20 23 
7
3 11 13 15 20 23 25 
14
1 2 3 4 6 7 8 11 14 21 22 23 
24 25 
6
1 4 5 10 12 22 
4
6 9 21 23 
10
4 7 11 14 17 18 19 23 24 25 
3
12 13 17 
6
3 7 10 13 17 23 
4
1 15 19 21 
8
3 4 5 12 15 16 20 22 
8
1 2 4 17 19 20 21 25 
9
1 2 7 10 11 16 21 22 23 
6
9 12 14 15 17 18 
11
1 3 4 8 11 14 20 21 23 24 25 
2
6 21 
9
1 5 10 11 14 16 17 20 24 
5
4 15 18 21 23 
4
5 9 11 14 
6
7 8 10 13 16 21 
7
2 7 12 13 19 20 23 
7
1 5 10 11 12 18 25 
8
2 7 9 12 15 18 23 24 
12
1 2 3 4 5 6 10 12 15 19 22 25 
6
2 6 13 18 23 25 
7
4 5 8 12 13 14 15 
6
6 7 9 10 11 23 
7
4 5 9 12 13 17 23 
11
1 2 4 6 8 11 14 17 19 22 24 
4
4 8 23 25 
9
2 6 7 11 12 13 16 18 24 
5
2 9 12 17 25 
5
4 9 12 15 18 
8
2 5 12 13 16 20 22 23 
7
4 7 10 19 22 23 24 
12
1 2 3 5 7 9 10 13 19 20 23 25 
6
4 8 10 15 18 23 
11
2 3 4 7 14 15 17 18 21 24 25 
7
6 9 10 13 15 18 20 
