75 25
1 1 1 1 1 1 1 1 1 1 1 1 
1 1 1 1 1 1 1 1 1 1 1 1 
1 
7
2 7 9 11 16 19 20 
7
2 4 5 13 14 15 20 
8
8 9 10 17 18 19 20 21 
6
6 11 15 16 24 25 
8
1 3 11 13 14 20 21 22 
6
13 17 19 21 24 25 
5
8 19 20 22 24 
13
1 2 3 5 9 10 13 16 19 20 22 23 
25 
8
1 4 10 18 20 22 23 25 
11
1 4 6 7 8 10 13 14 17 23 24 
8
2 3 6 9 14 15 19 25 
12
1 6 7 8 10 11 13 14 15 19 20 25 
6
1 6 9 12 15 17 
9
2 3 4 7 10 12 13 24 25 
4
8 15 20 24 
8
1 3 5 8 14 17 20 22 
3
11 14 21 
9
9 11 14 15 16 18 19 20 23 
6
3 8 10 12 14 17 
8
7 9 10 12 13 14 18 20 
7
1 5 10 11 18 20 25 
8
2 6 7 8 14 16 23 24 
8
2 3 4 8 9 12 18 25 
10
2 3 5 7 9 10 12 15 19 23 
5
1 12 15 18 23 
7
8 10 13 16 18 19 24 
4
5 9 13 21 
9
2 4 6 8 10 11 20 21 25 
4
2 7 21 23 
4
7 8 21 23 
10
2 4 10 13 15 16 19 20 23 25 
10
1 8 10 11 12 19 20 21 24 25 
9
1 4 6 7 9 11 12 22 23 
6
6 8 13 16 22 24 
2
9 20 
4
1 15 16 18 
8
1 2 5 11 12 19 22 24 
9
1 3 5 10 11 13 17 18 21 
12
1 6 7 8 10 14 16 17 18 19 20 23 
6
5 7 9 11 13 19 
8
4 6 8 10 12 15 17 19 
6
1 4 6 14 17 25 
10
2 5 6 7 12 15 17 19 22 23 
10
2 4 5 6 8 14 20 21 22 23 
8
2 3 13 15 16 20 22 25 
11
2 3 4 7 14 16 17 18 20 23 25 
5
7 10 13 19 25 
7
10 13 16 20 22 23 25 
11
1 2 4 5 8 12 14 19 20 23 24 
7
1 6 10 12 14 16 18 
8
5 10 11 17 21 22 24 25 
6
9 13 14 15 17 23 
3
4 14 23 
4
1 2 22 23 
11
2 3 5 10 11 16 18 20 21 23 24 
7
3 5 7 12 13 20 25 
10
1 3 4 8 10 11 15 16 17 22 
4
4 13 15 25 
7
1 3 7 14 16 22 23 
6
1 7 8 9 10 21 
9
1 2 4 5 7 8 9 11 23 
11
1 3 4 5 10 11 12 14 18 19 20 
10
1 4 5 6 13 14 15 20 21 25 
9
3 10 11 14 16 20 21 22 24 
10
1 2 3 4 6 14 17 18 20 21 
7
1 8 9 13 20 21 22 
6
1 2 6 13 22 25 
11
3 4 6 7 9 11 14 16 19 21 24 
7
2 6 9 13 18 20 21 
7
5 7 9 10 11 18 24 
8
1 3 8 15 16 18 21 24 
7
2 3 4 5 7 13 22 
6
1 2 14 15 24 25 
5
3 5 6 18 21 
4
3 7 15 19 
