75 25
1 1 1 1 1 1 1 1 1 1 1 1 
1 1 1 1 1 1 1 1 1 1 1 1 
1 
10
3 6 7 10 11 14 16 19 21 23 
8
4 12 14 15 16 18 22 23 
10
3 7 8 11 12 14 19 21 23 25 
4
2 4 19 22 
9
2 4 5 7 10 14 20 22 23 
11
2 6 7 9 10 11 12 13 17 24 25 
6
2 7 12 16 22 23 
6
2 15 16 19 20 24 
7
1 5 8 11 19 21 22 
6
9 10 13 15 18 21 
10
5 7 9 12 14 15 18 19 20 21 
5
1 4 13 17 23 
6
1 4 8 9 16 21 
4
4 10 14 17 
3
3 6 19 
7
2 3 4 6 12 23 24 
4
2 16 19 21 
3
9 18 19 
6
5 8 14 23 24 25 
5
9 12 13 14 20 
7
2 9 10 18 20 21 22 
8
2 4 6 8 12 13 17 23 
4
2 5 14 19 
8
3 4 8 9 10 16 19 25 
11
5 6 7 9 11 12 16 21 22 23 24 
8
1 2 4 12 19 22 23 25 
10
1 5 8 9 14 15 16 23 24 25 
4
3 11 14 25 
9
1 3 5 7 10 12 14 22 25 
9
2 5 7 11 14 15 19 21 25 
11
3 4 5 6 7 15 16 18 20 22 23 
4
11 17 18 20 
8
2 7 9 11 12 15 16 25 
8
6 13 15 17 18 19 20 21 
5
1 2 10 12 25 
6
5 9 13 14 18 21 
8
6 9 11 12 14 16 22 25 
6
1 3 14 16 20 21 
12
2 8 10 11 12 14 16 18 19 21 23 24 
9
1 5 9 12 15 16 18 20 24 
7
4 6 7 9 13 17 18 
6
13 15 18 19 20 23 
5
2 3 6 13 19 
5
5 11 17 22 23 
6
8 9 12 16 17 25 
7
1 2 6 9 12 13 16 
5
1 6 17 22 25 
7
3 6 9 10 12 18 25 
8
3 4 7 14 19 20 21 22 
7
5 6 9 17 18 24 25 
5
1 2 12 18 23 
9
2 4 5 8 9 10 12 19 25 
7
7 11 15 18 21 22 25 
10
3 4 5 6 7 9 12 14 17 20 
9
2 8 12 13 16 17 18 22 25 
8
2 5 7 10 13 16 21 22 
5
4 9 18 21 22 
7
1 2 3 9 14 16 25 
11
1 2 3 6 9 10 11 16 20 21 22 
11
1 4 6 8 10 11 17 18 19 22 24 
9
1 7 8 12 16 18 21 22 23 
9
8 9 10 11 12 15 17 23 24 
3
1 2 23 
8
1 2 8 10 15 17 23 25 
6
7 8 10 17 20 24 
6
1 3 9 16 17 18 
9
4 8 11 13 14 15 16 23 25 
9
4 6 7 8 13 14 16 19 23 
8
4 8 14 16 17 18 23 24 
6
8 12 17 20 23 25 
7
5 9 10 13 14 15 19 
13
2 4 10 11 13 14 16 17 19 21 22 24 
25 
5
3 6 8 11 17 
6
3 5 13 19 22 23 
6
2 4 11 13 18 25 
