75 75
1 1 1 1 1 1 1 1 1 1 1 1 
1 1 1 1 1 1 1 1 1 1 1 1 
1 1 1 1 1 1 1 1 1 1 1 1 
1 1 1 1 1 1 1 1 1 1 1 1 
1 1 1 1 1 1 1 1 1 1 1 1 
1 1 1 1 1 1 1 1 1 1 1 1 
1 1 1 
8
40 44 46 47 53 56 63 72 
8
11 30 33 40 44 50 56 62 
11
9 16 19 26 30 47 58 60 65 67 72 
5
6 21 36 72 74 
9
4 11 12 19 49 58 70 72 74 
5
6 22 23 41 55 
9
19 24 26 28 32 54 58 59 65 
5
16 27 50 51 62 
9
5 16 19 21 38 48 51 66 75 
8
1 2 8 10 24 45 48 66 
8
9 14 16 20 26 28 56 61 
7
5 16 23 32 33 35 55 
9
23 24 30 32 51 58 62 63 74 
5
19 36 49 52 59 
8
23 24 27 28 39 47 57 75 
3
3 32 59 
6
15 16 21 37 47 50 
11
13 16 17 37 41 47 53 55 71 74 75 
8
1 13 16 17 48 49 59 74 
8
11 16 27 63 64 66 70 75 
8
8 17 34 36 38 52 64 65 
11
9 12 13 19 21 22 60 67 69 73 74 
10
5 13 22 23 32 44 46 55 60 68 
8
8 11 17 47 51 62 73 75 
9
14 16 35 37 38 40 41 71 75 
8
5 6 17 24 29 38 41 53 
5
15 44 49 57 72 
9
11 22 24 32 37 39 45 51 61 
8
1 9 32 37 51 58 60 66 
12
6 9 27 30 37 38 39 40 45 46 53 56 
6
22 33 40 42 48 54 
9
7 40 45 47 54 57 62 63 65 
11
5 10 17 26 32 37 57 59 60 61 68 
5
4 13 43 68 73 
8
17 26 34 38 51 56 63 66 
6
1 6 11 29 33 73 
11
19 22 26 28 32 41 44 48 50 51 67 
6
4 21 37 47 63 67 
4
1 12 46 72 
8
21 24 32 35 39 60 62 63 
9
1 3 10 33 36 42 44 57 73 
5
14 18 35 46 62 
4
18 44 54 65 
7
13 19 23 29 30 48 56 
9
2 23 27 32 38 41 49 58 66 
6
8 23 41 49 68 71 
4
16 30 34 48 
12
12 18 39 59 60 61 63 64 69 70 72 73 
5
6 19 48 50 71 
11
1 5 6 10 16 49 56 62 71 73 74 
8
3 8 23 25 28 52 64 73 
7
17 47 48 49 56 68 72 
10
9 16 19 33 49 54 58 63 71 75 
6
21 28 30 35 36 61 
9
1 4 11 22 36 38 45 46 63 
8
6 10 21 37 39 56 64 70 
11
2 11 17 18 23 33 36 58 65 67 69 
8
19 34 36 40 55 61 65 75 
6
10 11 15 16 24 50 
10
1 26 29 35 38 51 56 59 67 68 
5
10 27 32 34 37 
3
4 17 71 
5
22 30 40 55 60 
6
35 44 56 59 65 75 
8
1 33 35 37 50 51 52 58 
6
6 7 11 38 51 64 
8
21 24 26 42 50 53 62 73 
5
9 28 36 47 52 
5
8 23 28 72 74 
9
12 21 22 29 36 44 52 64 68 
7
1 9 16 19 44 46 62 
6
2 14 16 19 31 43 
7
21 26 42 54 55 68 70 
9
2 23 32 43 48 57 59 65 69 
7
2 8 18 19 20 35 74 
