75 75
1 1 1 1 1 1 1 1 1 1 1 1 
1 1 1 1 1 1 1 1 1 1 1 1 
1 1 1 1 1 1 1 1 1 1 1 1 
1 1 1 1 1 1 1 1 1 1 1 1 
1 1 1 1 1 1 1 1 1 1 1 1 
1 1 1 1 1 1 1 1 1 1 1 1 
1 1 1 
11
2 5 17 19 33 37 39 42 49 63 65 
4
22 33 52 59 
6
8 10 32 33 37 62 
3
23 55 60 
8
5 7 24 46 47 49 55 61 
4
15 31 70 72 
4
1 3 16 18 
9
3 5 18 28 34 53 54 65 72 
9
1 7 9 11 24 28 57 67 73 
4
2 26 32 70 
11
15 16 17 21 24 26 57 64 71 73 75 
13
4 7 20 21 22 23 26 35 47 58 61 62 
69 
7
6 12 20 22 34 49 53 
6
13 38 42 46 58 68 
3
4 12 44 
4
15 38 39 55 
6
5 16 30 44 46 75 
8
3 6 17 31 37 54 67 73 
14
5 6 7 14 37 38 50 56 57 58 62 69 
71 73 
10
4 9 16 29 34 38 44 46 56 58 
10
3 10 21 26 44 51 58 65 72 73 
8
1 4 15 21 22 27 32 74 
5
18 40 56 61 73 
5
2 27 41 64 65 
5
27 33 49 57 72 
11
2 10 14 15 16 18 31 51 52 70 74 
4
2 54 64 74 
11
2 28 35 40 42 46 49 52 57 61 69 
5
9 11 13 35 53 
9
30 31 44 47 53 59 60 61 68 
10
1 6 11 16 29 31 42 54 56 61 
7
19 25 33 64 65 71 74 
11
3 6 7 15 37 40 43 54 57 62 70 
9
16 25 28 37 47 55 59 64 75 
9
12 15 20 35 36 37 47 50 57 
6
2 48 49 57 70 73 
11
2 9 12 21 25 42 48 50 51 60 73 
8
5 27 32 36 40 41 51 63 
11
16 18 23 27 41 48 50 56 60 67 68 
11
5 23 26 30 32 39 40 42 61 65 66 
11
6 9 13 24 27 28 33 50 67 68 75 
9
11 17 43 47 50 56 57 66 67 
8
12 25 26 45 57 65 71 74 
6
2 12 40 53 57 67 
7
5 14 26 27 56 68 75 
8
2 10 14 26 38 47 55 60 
9
2 10 12 18 22 27 52 62 74 
6
5 13 20 67 69 70 
5
7 18 24 36 53 
7
15 46 58 65 69 72 73 
6
13 23 39 44 61 63 
14
1 8 12 18 21 25 29 38 39 43 47 60 
61 65 
9
4 10 13 26 34 36 45 52 69 
9
16 23 31 33 38 43 50 68 69 
3
4 32 55 
6
2 6 53 59 60 74 
6
16 23 31 44 45 54 
4
18 29 36 40 
8
10 20 38 57 61 67 73 75 
9
5 34 39 47 51 57 60 61 69 
10
3 6 20 21 38 40 62 64 66 73 
10
9 10 23 24 26 46 47 54 69 75 
7
6 10 22 48 53 54 61 
7
4 11 33 41 47 55 57 
8
5 19 24 28 29 38 53 73 
12
6 12 21 22 31 33 39 48 51 55 57 74 
7
23 24 34 42 62 67 68 
2
27 50 
8
1 4 20 29 35 37 63 64 
6
20 30 31 32 43 68 
9
5 13 25 26 38 43 47 49 73 
3
16 37 44 
1
30 
11
2 16 20 29 33 41 43 51 53 61 75 
8
3 6 15 32 57 61 62 74 
