75 75
1 1 1 1 1 1 1 1 1 1 1 1 
1 1 1 1 1 1 1 1 1 1 1 1 
1 1 1 1 1 1 1 1 1 1 1 1 
1 1 1 1 1 1 1 1 1 1 1 1 
1 1 1 1 1 1 1 1 1 1 1 1 
1 1 1 1 1 1 1 1 1 1 1 1 
1 1 1 
9
1 4 8 27 44 48 55 67 71 
10
14 26 51 54 57 60 64 65 68 73 
6
5 13 20 28 67 69 
8
8 12 16 33 58 62 72 73 
8
3 9 21 31 51 57 60 63 
7
1 10 16 29 47 67 72 
5
1 11 34 45 74 
10
3 4 17 24 35 49 50 62 69 72 
8
4 19 24 29 46 63 71 72 
5
9 14 29 39 75 
13
13 15 20 21 22 35 37 40 41 51 56 65 
68 
10
3 12 14 21 45 51 52 61 62 68 
6
5 25 49 51 62 73 
10
4 15 32 46 47 57 59 65 66 75 
9
8 13 50 52 56 62 63 64 65 
6
9 18 33 36 40 47 
5
14 31 34 45 60 
15
5 6 12 18 21 23 28 29 33 34 43 47 
54 62 73 
7
9 11 23 25 30 51 73 
5
11 26 45 56 57 
7
3 15 21 29 48 62 71 
12
3 5 6 7 11 13 23 36 37 43 45 53 
9
2 3 7 11 14 18 27 35 41 
3
25 69 73 
11
5 9 10 25 34 47 58 60 61 65 73 
5
8 14 37 48 53 
8
17 18 19 53 55 56 64 68 
4
4 20 58 61 
8
8 19 22 24 30 45 47 58 
9
8 10 16 17 27 31 44 50 63 
8
1 7 13 18 29 35 52 64 
8
3 26 35 47 49 58 68 70 
2
3 72 
9
2 13 31 33 45 50 68 71 73 
8
2 20 22 31 50 52 57 59 
7
2 9 30 36 39 47 59 
5
28 49 53 66 72 
8
6 13 32 46 50 61 63 74 
4
11 18 29 63 
13
6 8 16 20 21 28 31 46 48 55 70 73 
75 
10
12 19 24 42 48 54 55 56 58 72 
4
48 50 63 75 
7
3 17 30 35 46 49 74 
7
19 25 28 30 32 60 70 
7
14 34 39 47 61 63 71 
9
5 18 24 28 37 57 60 68 75 
6
6 17 18 39 56 65 
9
14 17 18 21 40 53 59 61 72 
7
1 32 33 36 59 63 69 
8
6 9 23 26 45 52 62 70 
7
6 13 16 32 40 45 51 
7
1 22 37 45 46 57 73 
9
5 6 18 29 45 48 53 66 75 
5
11 15 18 37 59 
8
4 13 16 27 30 40 53 68 
7
6 20 24 26 37 66 70 
11
6 13 15 20 26 41 42 62 64 67 69 
8
1 6 8 13 22 37 41 75 
7
6 9 16 35 37 43 51 
7
6 10 22 30 31 52 60 
12
2 16 22 25 27 39 46 51 52 68 70 74 
5
7 39 44 45 65 
8
8 9 18 29 43 54 56 68 
9
5 7 10 24 49 51 59 66 75 
12
7 9 13 16 17 30 49 52 57 64 70 72 
5
12 24 33 46 55 
4
3 36 57 66 
4
13 29 47 48 
5
35 45 52 56 74 
6
26 28 35 39 48 54 
4
5 19 24 68 
7
15 17 43 47 54 59 64 
6
2 10 40 62 65 75 
12
3 10 30 32 41 44 49 51 62 69 70 75 
9
3 8 18 42 43 45 51 57 73 
