75 75
1 1 1 1 1 1 1 1 1 1 1 1 
1 1 1 1 1 1 1 1 1 1 1 1 
1 1 1 1 1 1 1 1 1 1 1 1 
1 1 1 1 1 1 1 1 1 1 1 1 
1 1 1 1 1 1 1 1 1 1 1 1 
1 1 1 1 1 1 1 1 1 1 1 1 
1 1 1 
5
9 11 12 71 75 
6
3 13 33 43 46 59 
10
7 10 21 28 36 37 39 44 57 58 
5
11 24 35 70 72 
6
12 23 50 53 67 69 
4
27 40 42 51 
9
1 8 15 20 35 44 45 55 71 
9
8 23 27 41 42 43 47 51 55 
8
8 19 25 31 41 54 72 73 
10
1 2 4 13 35 40 48 49 52 55 
8
5 9 23 51 59 65 73 74 
7
25 27 28 30 42 67 68 
5
2 13 23 44 60 
7
8 32 35 41 45 56 68 
6
6 27 41 52 59 69 
7
9 16 23 24 28 42 50 
6
4 7 30 41 51 62 
7
7 10 34 35 57 65 75 
8
16 42 44 52 53 56 66 69 
2
10 45 
3
4 17 55 
7
9 33 36 43 51 56 67 
9
2 14 15 19 25 44 49 54 63 
8
4 7 20 28 32 44 55 75 
6
2 22 23 26 52 63 
9
3 8 16 20 30 33 45 46 63 
9
3 23 24 25 27 34 39 54 56 
7
36 45 46 49 52 61 62 
7
3 6 11 21 41 47 69 
6
2 19 24 36 42 47 
6
23 33 50 56 59 61 
8
12 18 34 46 49 54 59 67 
8
10 19 28 57 62 69 71 75 
8
12 14 27 38 40 56 60 74 
6
8 30 35 46 54 68 
8
2 9 52 55 58 59 69 74 
2
41 45 
12
3 16 28 29 33 43 48 50 56 61 63 68 
8
7 13 29 40 43 45 60 74 
8
13 23 43 52 62 64 71 74 
7
2 8 17 24 35 46 51 
4
21 33 47 67 
7
3 5 22 51 53 58 61 
8
8 20 40 48 51 53 58 71 
8
10 19 37 42 46 54 55 73 
13
2 6 16 19 24 30 33 42 56 58 60 66 
72 
7
15 25 33 57 62 63 67 
5
6 11 27 63 68 
6
6 9 24 26 49 64 
11
10 13 26 29 33 34 41 60 72 73 74 
10
4 10 16 17 21 28 45 56 61 65 
6
11 18 21 38 51 63 
6
23 41 52 59 63 69 
5
1 14 26 48 63 
3
26 28 34 
8
4 17 18 21 34 35 47 73 
8
1 13 14 29 41 53 59 71 
7
1 2 17 27 40 51 64 
6
9 21 29 35 38 42 
6
22 33 37 53 64 69 
4
14 28 36 53 
7
8 33 36 41 52 71 75 
9
7 21 29 31 32 41 58 59 72 
5
22 33 52 60 62 
10
4 10 14 17 19 39 44 62 68 69 
6
15 28 34 39 63 74 
9
1 4 18 30 33 34 42 47 54 
10
3 14 21 28 37 39 51 63 67 71 
8
18 43 56 58 64 69 70 71 
8
4 14 16 21 38 41 43 73 
9
1 2 4 8 36 46 60 63 67 
4
12 15 42 60 
11
13 32 45 47 51 53 58 59 64 70 73 
7
1 23 27 49 53 70 74 
13
7 8 11 17 25 27 46 48 53 57 60 61 
69 
