75 75
1 1 1 1 1 1 1 1 1 1 1 1 
1 1 1 1 1 1 1 1 1 1 1 1 
1 1 1 1 1 1 1 1 1 1 1 1 
1 1 1 1 1 1 1 1 1 1 1 1 
1 1 1 1 1 1 1 1 1 1 1 1 
1 1 1 1 1 1 1 1 1 1 1 1 
1 1 1 
11
5 9 20 30 31 39 41 51 61 64 68 
8
9 36 40 56 62 64 70 72 
5
28 37 64 67 68 
12
8 18 21 24 39 42 50 54 59 64 67 69 
6
7 16 20 30 58 69 
11
2 5 10 11 27 33 56 59 67 70 72 
11
9 10 22 24 31 32 33 48 49 52 66 
6
10 34 40 44 51 52 
5
3 29 66 72 74 
9
7 11 12 22 39 40 54 55 72 
8
7 13 19 29 35 37 47 75 
10
3 5 14 23 40 44 48 58 59 74 
8
1 14 21 39 40 64 68 70 
4
6 30 59 66 
7
41 44 48 50 52 65 72 
7
4 16 43 48 64 65 71 
8
13 23 38 43 46 49 53 71 
9
8 14 15 17 29 42 45 60 69 
7
18 34 52 54 57 62 63 
4
45 48 66 67 
7
9 32 35 37 43 54 71 
7
5 12 30 39 62 68 74 
12
2 15 17 24 33 44 45 48 50 54 56 75 
9
10 11 13 20 31 34 38 48 73 
8
8 22 37 46 47 54 70 75 
5
7 14 25 41 46 
5
13 33 46 47 53 
13
1 10 19 21 23 28 38 43 48 51 55 57 
65 
4
7 23 38 70 
9
16 19 27 42 49 50 52 61 71 
9
1 5 10 11 14 34 41 43 71 
8
19 20 30 40 44 45 56 75 
4
6 8 16 56 
8
3 6 10 35 41 54 62 68 
7
28 32 33 57 60 63 69 
9
2 13 16 19 27 31 46 56 73 
5
8 15 25 38 62 
5
19 36 56 63 69 
9
2 15 42 44 46 51 53 55 67 
11
16 21 25 26 32 38 50 55 61 66 74 
9
8 12 15 33 49 53 58 63 65 
3
8 35 75 
4
1 63 74 75 
6
22 25 41 49 56 67 
7
16 20 29 34 55 56 67 
4
2 10 38 60 
5
2 27 52 62 73 
7
10 13 22 27 43 44 69 
7
8 10 14 34 36 38 50 
7
15 33 36 40 50 69 70 
6
1 15 34 36 51 57 
7
10 26 30 35 54 58 59 
9
11 13 14 17 39 47 53 55 65 
9
2 10 13 14 23 36 38 40 60 
11
4 5 18 27 28 40 44 50 53 56 61 
9
33 36 37 42 46 48 55 57 72 
10
6 13 29 31 40 44 53 62 67 71 
8
1 4 11 19 20 21 24 41 
5
1 4 51 56 74 
9
3 10 12 14 49 62 71 74 75 
8
2 27 33 34 39 42 66 67 
8
3 8 12 26 30 31 32 73 
6
3 42 50 60 61 64 
6
4 11 36 39 70 75 
4
24 43 64 69 
10
7 10 16 30 31 32 35 37 57 70 
3
4 13 60 
10
5 9 12 16 18 33 59 63 66 72 
5
15 35 38 55 68 
6
31 48 60 62 66 69 
8
10 28 53 54 57 60 65 74 
8
8 26 28 32 41 63 65 71 
13
3 5 10 16 20 30 38 39 41 50 53 59 
62 
6
4 15 19 27 51 71 
6
27 29 38 60 64 66 
