200 800
1 1 1 1 1 1 1 1 1 1 1 1 
1 1 1 1 1 1 1 1 1 1 1 1 
1 1 1 1 1 1 1 1 1 1 1 1 
1 1 1 1 1 1 1 1 1 1 1 1 
1 1 1 1 1 1 1 1 1 1 1 1 
1 1 1 1 1 1 1 1 1 1 1 1 
1 1 1 1 1 1 1 1 1 1 1 1 
1 1 1 1 1 1 1 1 1 1 1 1 
1 1 1 1 1 1 1 1 1 1 1 1 
1 1 1 1 1 1 1 1 1 1 1 1 
1 1 1 1 1 1 1 1 1 1 1 1 
1 1 1 1 1 1 1 1 1 1 1 1 
1 1 1 1 1 1 1 1 1 1 1 1 
1 1 1 1 1 1 1 1 1 1 1 1 
1 1 1 1 1 1 1 1 1 1 1 1 
1 1 1 1 1 1 1 1 1 1 1 1 
1 1 1 1 1 1 1 1 1 1 1 1 
1 1 1 1 1 1 1 1 1 1 1 1 
1 1 1 1 1 1 1 1 1 1 1 1 
1 1 1 1 1 1 1 1 1 1 1 1 
1 1 1 1 1 1 1 1 1 1 1 1 
1 1 1 1 1 1 1 1 1 1 1 1 
1 1 1 1 1 1 1 1 1 1 1 1 
1 1 1 1 1 1 1 1 1 1 1 1 
1 1 1 1 1 1 1 1 1 1 1 1 
1 1 1 1 1 1 1 1 1 1 1 1 
1 1 1 1 1 1 1 1 1 1 1 1 
1 1 1 1 1 1 1 1 1 1 1 1 
1 1 1 1 1 1 1 1 1 1 1 1 
1 1 1 1 1 1 1 1 1 1 1 1 
1 1 1 1 1 1 1 1 1 1 1 1 
1 1 1 1 1 1 1 1 1 1 1 1 
1 1 1 1 1 1 1 1 1 1 1 1 
1 1 1 1 1 1 1 1 1 1 1 1 
1 1 1 1 1 1 1 1 1 1 1 1 
1 1 1 1 1 1 1 1 1 1 1 1 
1 1 1 1 1 1 1 1 1 1 1 1 
1 1 1 1 1 1 1 1 1 1 1 1 
1 1 1 1 1 1 1 1 1 1 1 1 
1 1 1 1 1 1 1 1 1 1 1 1 
1 1 1 1 1 1 1 1 1 1 1 1 
1 1 1 1 1 1 1 1 1 1 1 1 
1 1 1 1 1 1 1 1 1 1 1 1 
1 1 1 1 1 1 1 1 1 1 1 1 
1 1 1 1 1 1 1 1 1 1 1 1 
1 1 1 1 1 1 1 1 1 1 1 1 
1 1 1 1 1 1 1 1 1 1 1 1 
1 1 1 1 1 1 1 1 1 1 1 1 
1 1 1 1 1 1 1 1 1 1 1 1 
1 1 1 1 1 1 1 1 1 1 1 1 
1 1 1 1 1 1 1 1 1 1 1 1 
1 1 1 1 1 1 1 1 1 1 1 1 
1 1 1 1 1 1 1 1 1 1 1 1 
1 1 1 1 1 1 1 1 1 1 1 1 
1 1 1 1 1 1 1 1 1 1 1 1 
1 1 1 1 1 1 1 1 1 1 1 1 
1 1 1 1 1 1 1 1 1 1 1 1 
1 1 1 1 1 1 1 1 1 1 1 1 
1 1 1 1 1 1 1 1 1 1 1 1 
1 1 1 1 1 1 1 1 1 1 1 1 
1 1 1 1 1 1 1 1 1 1 1 1 
1 1 1 1 1 1 1 1 1 1 1 1 
1 1 1 1 1 1 1 1 1 1 1 1 
1 1 1 1 1 1 1 1 1 1 1 1 
1 1 1 1 1 1 1 1 1 1 1 1 
1 1 1 1 1 1 1 1 1 1 1 1 
1 1 1 1 1 1 1 1 
68
1 5 21 37 38 58 65 83 98 109 130 133 
137 155 160 162 183 190 218 225 232 234 241 248 
263 270 279 293 302 306 340 354 382 387 391 392 
396 404 406 412 422 427 434 466 490 500 512 513 
544 563 573 581 596 601 629 642 648 656 661 669 
707 709 737 748 756 763 775 785 
69
9 15 25 35 39 47 55 78 101 122 142 145 
152 165 176 187 219 222 224 232 267 290 297 324 
325 326 331 341 358 381 385 392 396 399 402 403 
405 420 436 445 467 478 488 518 525 530 532 551 
596 599 635 653 662 675 677 678 694 702 703 707 
717 748 751 754 757 758 765 787 798 
68
19 27 34 35 51 57 63 73 110 116 124 125 
147 165 169 182 186 193 196 207 236 247 252 265 
275 308 312 313 324 327 358 366 394 405 416 419 
434 442 446 450 454 460 469 474 514 530 547 554 
555 566 575 611 620 625 647 654 660 662 679 695 
716 718 746 750 758 762 767 795 
68
17 26 31 39 43 50 53 63 90 98 102 113 
140 162 169 201 204 217 242 272 275 279 293 295 
297 335 337 361 368 377 384 388 396 397 420 437 
438 449 480 491 492 502 503 509 527 551 557 573 
583 587 596 606 609 614 626 640 662 668 673 674 
675 694 701 724 735 758 765 794 
81
6 22 23 28 30 37 39 51 63 79 80 86 
94 96 98 99 109 114 126 135 140 151 177 193 
213 221 226 238 245 264 291 303 308 312 314 332 
342 346 348 350 382 383 385 414 416 419 422 424 
427 442 451 462 483 489 496 510 522 524 528 533 
550 571 584 597 634 639 647 654 666 679 713 726 
729 737 743 748 763 766 780 784 790 
77
14 17 20 30 33 45 86 88 90 98 113 121 
124 135 160 168 169 171 206 211 212 225 239 240 
287 301 313 318 324 336 345 346 369 375 393 394 
398 404 430 433 434 454 463 470 472 495 496 501 
503 521 525 539 541 543 580 586 599 621 622 657 
659 666 671 672 678 689 694 696 702 728 735 737 
745 756 782 784 787 
104
4 19 36 39 53 56 60 65 80 84 99 106 
110 115 118 120 127 132 134 136 140 151 180 193 
196 199 202 205 208 217 218 220 224 233 234 245 
246 249 266 268 271 279 290 306 320 321 325 330 
331 339 344 359 363 369 371 373 379 391 397 411 
414 432 441 449 459 461 465 469 470 478 486 505 
510 511 520 521 522 525 534 558 564 572 574 575 
578 583 636 655 656 661 673 677 690 699 722 729 
740 752 771 772 777 788 797 799 
70
6 9 32 40 55 61 95 111 128 134 141 160 
174 187 188 194 199 222 230 247 266 270 280 287 
296 312 319 322 323 336 341 356 386 397 399 402 
423 425 433 437 441 447 458 481 487 500 521 522 
531 554 565 605 620 642 682 687 689 701 732 742 
758 761 778 780 782 784 789 792 796 800 
81
4 13 14 20 21 43 63 70 78 112 119 135 
151 157 167 197 198 214 215 230 231 238 239 247 
261 267 272 297 305 325 366 367 368 380 390 392 
400 401 402 403 408 434 438 458 469 471 474 484 
489 495 501 510 518 520 530 540 557 562 565 572 
573 619 622 655 664 687 693 708 716 729 730 741 
754 755 756 766 777 780 784 790 792 
68
2 32 45 55 96 99 105 122 124 132 136 138 
139 164 181 203 207 210 223 230 243 251 267 271 
277 294 298 308 333 340 349 375 424 436 442 449 
451 473 482 486 496 501 515 521 537 549 576 579 
580 586 589 590 610 654 665 677 690 697 698 699 
702 719 721 738 742 770 781 797 
93
1 10 27 38 47 67 81 103 114 133 134 135 
146 165 181 190 204 215 253 261 263 265 273 274 
278 280 287 320 325 328 333 334 336 350 351 352 
353 365 368 375 384 387 395 406 420 421 443 449 
450 452 458 465 473 482 490 492 494 510 514 527 
528 537 545 546 547 553 564 567 568 570 571 576 
578 583 587 598 601 607 626 641 643 646 684 689 
712 724 729 753 761 764 765 779 780 
75
6 7 80 86 87 108 126 141 153 164 171 174 
198 204 223 237 253 268 279 293 333 335 354 360 
361 368 374 399 403 408 412 415 425 442 443 446 
447 451 456 461 465 489 495 497 503 522 552 560 
565 575 609 618 630 639 644 661 684 692 698 705 
723 732 742 743 745 753 758 770 772 775 780 786 
791 794 799 
77
12 14 23 32 35 57 58 61 65 82 85 88 
90 119 132 140 141 146 148 159 160 183 193 198 
224 266 277 289 291 296 298 303 306 309 316 359 
380 397 400 408 412 420 421 424 449 458 462 477 
479 493 500 522 531 549 559 574 581 582 600 624 
641 645 662 684 697 699 706 737 741 752 758 764 
767 773 797 798 799 
106
4 7 8 15 26 29 31 52 72 75 81 84 
86 105 113 118 124 128 131 135 137 146 156 169 
171 182 183 195 197 213 218 219 229 236 240 245 
246 248 272 276 288 291 298 306 310 315 318 330 
343 349 361 371 372 373 395 404 405 406 415 418 
421 440 444 447 468 470 480 483 515 521 522 527 
528 546 549 559 566 575 578 579 580 583 592 599 
600 604 631 669 677 694 696 704 713 727 729 739 
743 744 747 749 760 763 770 773 783 790 
105
17 18 23 26 29 33 36 48 55 57 58 61 
79 83 87 90 99 100 101 125 129 132 133 141 
143 145 146 151 160 167 173 178 187 206 209 218 
223 235 248 252 259 265 274 288 296 298 304 329 
332 342 347 350 354 355 361 370 391 392 394 399 
414 427 438 446 451 453 470 474 479 496 503 523 
531 533 543 558 566 578 583 590 597 604 629 646 
656 665 668 671 672 673 675 679 685 699 712 714 
719 723 732 736 740 743 745 758 788 
95
1 9 34 38 46 51 53 63 97 98 103 109 
111 114 121 129 133 141 155 163 176 182 196 208 
219 223 224 239 244 248 251 252 253 270 277 284 
287 292 296 308 313 317 319 322 328 334 338 345 
356 387 398 406 409 426 428 434 439 453 455 457 
500 503 512 517 523 529 531 540 551 555 561 580 
604 605 613 614 619 620 630 633 638 647 655 658 
660 674 680 702 716 745 766 778 784 786 793 
81
24 25 35 47 49 59 63 69 72 78 99 119 
123 130 132 140 146 149 157 162 166 183 186 187 
196 210 212 216 227 241 246 279 304 305 308 310 
315 330 334 361 364 395 398 403 406 409 415 452 
457 495 497 500 547 549 554 555 558 565 567 580 
585 592 598 600 612 615 618 636 637 653 678 692 
707 717 725 741 742 765 794 796 799 
92
1 9 41 45 50 58 70 83 88 95 102 121 
130 135 137 153 157 159 162 171 173 178 182 187 
191 200 204 217 238 260 263 265 270 271 305 315 
317 325 330 340 347 355 362 363 377 384 387 406 
408 423 442 443 445 450 470 482 486 497 501 509 
512 535 537 541 551 557 568 569 576 592 600 602 
610 616 628 661 665 668 675 678 688 691 702 704 
709 740 753 763 766 775 784 790 
81
5 13 20 21 48 52 55 68 78 81 94 100 
101 104 105 108 129 133 146 151 156 163 166 172 
181 189 210 240 252 257 258 261 276 283 294 297 
305 312 313 319 328 338 343 346 376 384 393 397 
403 429 444 449 465 470 471 481 484 494 505 539 
555 580 598 601 637 639 669 676 678 680 681 691 
695 698 704 727 736 753 757 777 779 
88
30 32 37 58 76 84 97 98 113 117 122 132 
159 160 164 180 190 193 212 215 240 251 253 270 
294 298 301 302 314 316 317 330 338 340 343 351 
356 359 366 367 372 379 386 401 406 410 429 435 
443 472 474 486 493 497 500 516 533 542 548 580 
585 587 597 598 599 629 637 638 645 650 656 664 
666 672 682 690 693 710 719 725 734 743 744 769 
778 791 793 798 
91
7 29 32 38 39 52 57 64 68 74 80 85 
130 140 148 152 187 203 214 221 227 229 237 247 
258 263 264 276 294 295 297 331 333 339 343 350 
357 367 374 376 406 407 414 417 427 429 431 432 
434 438 443 458 463 467 469 470 472 479 486 492 
501 546 549 571 575 586 587 590 595 604 614 631 
632 634 635 656 659 669 673 674 698 714 716 722 
732 742 751 754 758 768 769 
72
20 24 26 42 43 46 58 68 75 89 106 107 
159 160 192 208 209 210 214 215 218 238 241 245 
288 308 317 318 336 337 341 343 358 390 401 406 
408 413 417 440 442 444 453 469 485 498 517 527 
551 553 558 571 592 593 596 599 634 639 645 649 
669 678 682 693 698 704 708 719 722 763 780 787 
88
11 13 18 21 26 27 35 44 54 60 69 91 
98 103 125 140 143 159 182 186 229 232 266 269 
285 287 296 302 309 314 316 320 323 335 345 348 
350 360 362 367 368 369 370 383 389 394 423 433 
439 440 443 449 457 466 470 471 485 490 492 496 
511 548 556 567 573 576 584 585 589 605 611 615 
616 644 653 656 677 682 695 707 718 723 725 736 
761 767 776 780 
80
3 16 22 29 40 58 73 75 78 95 101 104 
107 117 125 127 134 138 152 170 173 175 176 189 
193 221 240 249 253 266 269 283 290 295 297 322 
323 324 339 347 354 388 396 407 408 410 415 421 
449 462 475 523 527 544 550 567 570 582 590 600 
610 614 639 674 684 686 691 701 705 712 720 721 
734 744 754 759 768 769 779 788 
78
8 12 13 14 22 40 56 60 72 75 107 111 
114 123 137 144 146 157 170 173 205 209 238 239 
264 269 286 308 309 329 331 340 345 358 365 379 
402 432 446 449 468 477 492 507 516 537 538 548 
552 553 569 583 616 622 623 628 639 642 651 668 
671 672 679 681 691 694 697 707 709 720 731 732 
752 767 769 773 795 797 
99
1 7 8 17 26 27 31 35 50 53 60 62 
63 67 68 85 90 93 98 102 105 109 119 121 
129 132 133 140 145 146 151 157 168 169 175 183 
193 200 206 217 235 259 263 268 295 322 326 328 
330 337 348 362 364 365 366 370 378 379 389 397 
401 403 411 412 417 481 489 491 494 500 503 508 
512 514 517 518 573 574 586 596 598 599 604 609 
627 638 645 670 680 683 685 693 707 721 725 757 
762 777 800 
84
8 9 16 34 38 44 57 65 69 73 83 93 
95 128 135 141 144 149 185 197 198 205 206 213 
224 231 234 235 242 252 266 282 288 296 297 303 
314 315 316 336 341 352 359 371 375 385 388 415 
429 430 438 440 444 455 458 476 482 506 510 513 
516 518 525 546 554 565 572 580 585 588 599 600 
625 636 652 666 686 687 722 737 738 753 781 785 
85
1 4 5 12 13 16 22 23 32 53 54 58 
60 85 118 124 149 150 165 172 183 191 220 223 
236 249 253 259 270 275 280 289 296 298 324 339 
355 377 387 396 398 413 430 432 440 452 462 465 
476 482 483 494 510 535 537 539 540 552 564 580 
583 595 596 618 633 637 655 662 671 673 681 684 
685 699 704 706 713 721 726 728 734 746 779 790 
797 
77
40 44 47 53 58 66 89 92 97 110 127 134 
143 148 154 155 165 166 205 207 218 222 244 268 
270 278 283 286 297 315 327 345 363 366 404 406 
407 415 419 421 430 437 438 460 466 468 469 494 
496 522 544 557 581 582 583 600 607 608 617 643 
647 649 651 652 669 674 690 691 693 731 734 764 
766 771 787 788 798 
73
4 16 18 40 41 58 65 76 79 87 94 96 
117 127 142 160 164 170 197 233 252 257 261 273 
286 295 360 387 390 394 411 418 434 438 457 458 
461 464 465 476 478 487 502 530 534 539 548 551 
559 571 579 584 587 591 602 609 613 618 625 631 
638 649 655 659 663 666 674 678 705 713 726 795 
797 
49
1 19 44 66 70 81 92 93 128 151 164 170 
187 211 225 228 245 266 304 311 316 360 372 404 
409 413 421 426 427 449 473 495 500 549 552 554 
558 587 590 601 610 620 625 665 670 675 708 762 
800 
100
9 10 11 17 21 22 27 32 56 60 63 69 
83 88 89 100 112 115 121 127 149 158 160 161 
164 169 170 182 189 196 207 258 280 295 299 301 
309 328 329 346 348 350 351 354 356 369 390 422 
425 426 427 445 456 459 461 466 473 479 484 487 
508 528 532 546 557 558 563 567 569 577 579 600 
613 614 619 625 629 648 652 653 659 666 675 677 
679 683 686 693 700 706 719 722 736 748 749 777 
782 786 794 798 
77
8 12 34 60 86 88 95 99 105 106 165 166 
184 197 198 208 214 240 264 274 278 281 282 284 
290 293 297 312 335 352 356 363 364 387 390 391 
392 410 414 420 459 463 476 481 503 505 507 512 
516 519 521 523 527 528 547 556 561 584 593 595 
596 611 614 622 648 664 669 675 677 698 708 716 
718 723 737 752 791 
66
18 31 46 52 54 104 113 129 130 131 151 161 
174 180 186 192 220 237 240 249 254 259 271 295 
296 303 309 343 344 357 360 375 393 427 428 431 
435 445 453 471 474 479 495 497 505 515 520 540 
542 547 562 649 666 682 687 697 699 705 718 724 
733 745 748 750 779 790 
93
19 28 34 40 44 47 65 67 76 79 81 101 
116 152 156 160 161 179 197 204 212 215 219 225 
228 240 242 253 260 285 296 306 322 326 332 333 
337 339 367 368 371 381 390 397 399 405 411 422 
429 433 448 452 455 456 462 463 468 472 473 490 
494 508 515 539 541 543 563 580 583 586 589 594 
606 618 619 643 654 669 670 672 682 684 707 709 
732 738 744 768 774 786 794 795 799 
70
6 12 22 67 77 82 87 102 104 105 107 129 
131 144 156 170 177 203 213 238 239 244 252 258 
297 309 313 328 351 354 365 386 410 417 423 426 
438 448 459 462 467 495 507 508 509 528 542 559 
572 574 580 596 602 613 619 637 660 661 662 685 
694 696 708 717 719 729 753 774 776 782 
68
1 15 22 33 45 47 84 88 110 111 135 144 
150 169 175 197 198 200 201 209 211 219 243 269 
295 298 300 301 303 316 335 336 341 347 367 455 
463 464 468 493 508 531 532 538 539 551 558 582 
594 596 614 641 643 652 661 670 683 686 707 714 
723 729 741 768 770 780 783 791 
79
1 35 37 54 77 100 111 113 114 128 131 154 
162 165 169 180 188 196 209 211 223 227 240 243 
245 258 273 312 327 341 359 373 374 376 393 409 
456 457 473 474 484 514 528 529 540 545 547 551 
552 556 576 586 587 597 598 606 628 630 633 637 
638 658 670 676 678 681 683 687 697 728 743 747 
749 757 767 777 788 789 798 
69
26 40 42 43 47 51 54 56 76 96 122 139 
141 152 167 189 194 199 232 246 253 275 276 280 
290 294 312 325 344 345 351 359 391 394 413 416 
423 433 439 457 459 473 487 495 506 514 555 558 
571 578 584 599 613 620 629 632 634 677 681 694 
706 711 725 750 762 766 788 793 798 
75
5 12 13 16 69 75 91 97 105 108 115 138 
152 162 176 177 183 219 220 221 222 225 227 233 
234 248 257 274 279 304 312 317 322 327 344 348 
363 387 397 398 406 414 416 430 432 433 434 446 
464 475 488 500 526 542 586 596 628 635 636 643 
648 659 692 697 699 701 705 730 760 765 770 773 
775 776 799 
77
37 55 56 68 72 76 87 95 118 121 124 127 
132 139 152 164 174 186 192 193 214 231 296 303 
306 334 338 359 368 376 377 378 379 382 388 389 
426 439 443 455 479 510 516 517 519 521 524 535 
536 539 540 541 543 547 552 559 562 576 591 641 
646 652 664 667 668 677 704 712 723 735 743 754 
772 773 780 784 791 
93
7 17 21 26 36 49 52 71 73 98 102 106 
115 118 128 131 135 154 161 163 166 173 178 179 
188 194 200 227 238 251 263 266 276 295 297 308 
315 316 320 324 327 330 336 347 356 360 364 366 
369 375 385 390 392 398 410 416 419 424 436 477 
480 484 520 527 545 561 574 605 606 650 668 669 
689 690 700 705 706 715 716 719 732 735 738 744 
757 760 765 767 768 773 779 783 798 
81
21 35 45 51 64 69 101 103 111 141 142 149 
157 173 182 183 190 213 214 240 247 253 260 272 
285 296 304 316 336 339 347 355 363 383 393 405 
412 417 443 449 455 464 477 490 499 502 503 505 
513 515 526 527 542 551 555 574 590 598 609 610 
613 614 619 629 632 640 642 658 669 688 692 712 
717 728 730 734 742 755 757 793 794 
84
13 26 30 35 38 50 54 60 69 70 86 98 
106 108 132 134 136 145 154 174 191 194 197 221 
236 237 243 249 270 271 288 293 324 328 330 333 
340 350 364 371 385 393 402 407 446 450 468 480 
490 493 502 503 504 505 525 560 575 600 601 606 
610 623 646 654 688 705 715 716 717 719 735 746 
749 752 753 760 761 764 774 782 783 792 798 799 
70
10 23 31 38 44 59 60 68 73 91 116 133 
135 137 138 146 150 208 213 214 253 255 258 265 
282 289 298 311 315 320 337 352 361 372 379 381 
395 399 400 411 420 424 463 487 501 548 557 560 
570 574 596 608 619 635 646 652 655 678 681 687 
688 690 693 703 715 734 761 780 788 791 
86
53 54 56 70 77 82 85 89 97 103 119 120 
127 129 142 146 168 175 180 182 184 211 230 232 
238 249 250 256 266 269 270 279 284 293 300 336 
363 370 375 379 385 389 390 392 400 408 410 423 
447 450 452 478 491 493 495 497 510 513 516 519 
520 524 526 527 541 582 591 594 597 601 617 636 
640 667 668 678 682 704 722 748 757 762 765 769 
787 794 
81
3 9 17 25 30 40 41 44 58 59 60 64 
65 70 71 75 88 91 94 95 96 133 142 165 
166 185 198 206 220 231 236 245 249 252 255 260 
276 280 283 287 288 295 307 316 320 419 435 448 
454 455 482 493 506 515 542 543 556 570 572 589 
598 616 627 647 652 660 684 685 686 691 694 703 
725 731 756 759 784 787 788 796 800 
91
8 15 18 27 35 51 57 61 63 70 71 81 
82 94 123 125 137 139 147 158 159 160 168 188 
190 193 201 216 243 247 249 268 274 276 282 283 
306 309 315 316 323 324 358 364 387 394 395 397 
402 407 409 411 421 428 429 431 434 435 453 456 
466 490 503 511 513 524 530 532 547 552 557 563 
577 587 597 598 632 648 650 653 672 686 709 714 
736 756 758 760 781 787 795 
67
7 23 30 37 50 52 57 69 71 97 106 117 
118 142 143 150 152 162 215 227 252 254 257 259 
264 271 307 322 327 340 341 371 376 386 389 406 
407 415 444 459 461 468 519 568 572 577 582 593 
599 615 626 653 669 682 685 709 721 735 740 747 
749 764 784 792 793 794 795 
77
7 8 69 73 84 88 111 113 137 152 155 158 
165 169 171 186 200 210 223 259 264 266 281 297 
317 330 333 344 354 370 376 379 389 391 397 415 
429 440 444 461 462 482 485 500 552 562 565 566 
577 590 593 605 608 609 616 619 652 667 678 680 
681 687 689 693 703 704 708 721 731 736 743 745 
746 757 759 761 792 
85
4 14 16 17 19 28 35 36 58 63 90 97 
99 106 108 115 125 126 136 138 173 198 205 208 
213 217 230 246 251 277 281 290 317 328 331 333 
344 363 370 384 392 397 430 432 441 444 467 469 
471 472 497 514 518 532 537 538 563 576 580 596 
599 604 610 620 622 628 638 640 641 646 651 678 
683 699 700 713 715 720 732 744 750 753 769 770 
784 
74
3 24 25 30 44 46 50 76 78 85 126 142 
143 144 164 171 183 184 194 198 210 220 227 229 
237 242 252 256 261 281 307 337 340 341 347 348 
373 377 383 384 385 413 419 427 431 463 485 504 
508 518 519 539 540 569 574 576 584 589 615 632 
638 640 677 692 700 711 714 717 722 747 748 752 
753 779 
80
4 10 11 27 46 63 101 114 118 131 153 185 
192 196 218 221 227 242 244 254 255 265 279 285 
297 298 302 305 317 324 327 332 347 366 375 383 
384 389 397 403 407 424 425 426 438 459 460 461 
473 508 511 519 526 562 565 566 571 574 575 591 
605 631 635 643 646 659 663 676 681 685 695 714 
744 747 749 753 762 774 786 790 
81
13 19 24 25 31 40 41 61 65 66 84 99 
100 110 119 123 130 139 140 145 163 168 169 187 
193 202 205 220 233 246 274 279 308 321 323 337 
345 346 350 358 387 391 400 402 407 423 435 436 
440 456 477 512 518 521 522 544 555 561 563 584 
588 600 603 604 605 620 642 658 699 706 717 727 
730 732 754 760 767 774 775 782 786 
88
3 15 26 43 49 51 53 66 78 89 100 102 
109 113 117 119 122 146 147 152 185 186 188 214 
225 229 247 300 301 315 332 344 364 366 369 375 
384 395 409 412 415 428 455 457 458 460 476 492 
494 496 505 506 511 513 524 550 551 570 572 583 
589 595 597 602 603 605 607 648 649 650 656 658 
686 690 702 706 730 733 734 735 737 740 745 751 
762 763 767 798 
85
5 14 18 20 23 26 32 36 38 43 45 52 
61 63 66 80 81 108 111 143 149 164 167 170 
173 177 184 197 205 209 212 216 226 229 261 284 
300 301 309 314 315 327 335 347 350 359 362 377 
380 384 391 431 433 436 440 450 482 486 493 499 
502 505 509 522 533 554 556 563 568 595 598 602 
627 647 662 708 726 730 735 756 758 763 765 788 
799 
75
4 14 20 25 42 61 72 85 86 89 104 111 
146 147 152 153 174 189 199 205 228 236 247 254 
259 266 268 277 292 299 302 305 310 370 377 382 
391 426 434 437 448 473 479 498 503 516 524 529 
530 537 538 539 541 542 553 564 569 576 580 599 
617 657 662 693 696 698 710 724 725 743 746 752 
782 785 797 
57
19 21 27 28 32 35 50 97 116 121 131 136 
160 163 187 204 225 236 256 258 275 280 293 297 
305 308 318 411 414 446 476 497 502 511 514 525 
541 546 557 576 596 623 666 687 695 696 699 700 
702 706 707 723 729 744 750 755 769 
89
29 31 43 48 75 79 81 90 94 96 114 118 
129 147 154 155 171 179 185 187 209 211 212 222 
224 236 247 250 255 257 261 270 277 290 309 312 
316 319 323 327 328 329 332 344 351 352 354 359 
360 368 388 391 394 399 433 435 443 454 471 494 
505 520 523 527 528 541 545 558 561 573 613 618 
621 641 677 681 689 698 709 712 725 739 751 760 
761 771 784 791 796 
86
12 27 31 38 40 53 58 61 66 68 72 83 
91 92 176 178 206 211 224 231 253 255 263 269 
271 290 292 294 298 319 331 365 366 392 402 404 
416 434 459 460 467 468 470 473 475 484 492 495 
499 505 513 523 526 544 546 547 550 557 560 575 
576 579 597 607 608 609 612 617 619 628 630 637 
638 646 686 687 692 696 700 709 716 758 778 780 
784 798 
80
25 32 46 66 69 78 87 96 114 143 146 157 
164 169 190 200 213 222 234 258 260 302 324 331 
360 368 369 374 375 386 391 398 400 408 420 434 
437 442 458 463 464 489 505 510 529 534 546 554 
568 573 576 581 583 588 624 633 635 637 647 664 
673 676 687 690 695 696 702 714 718 725 727 735 
746 754 756 769 772 785 789 797 
82
1 5 14 18 21 65 77 84 93 100 106 108 
110 112 124 170 176 188 190 206 221 226 237 255 
273 279 286 297 299 305 323 332 342 350 362 392 
396 404 422 423 436 437 438 447 451 457 459 460 
468 471 475 482 491 500 538 548 550 561 566 599 
621 648 650 655 657 694 709 712 716 728 729 736 
738 748 752 765 768 775 777 790 796 800 
87
3 5 18 21 54 73 85 97 98 102 103 110 
121 130 131 151 155 167 175 184 201 202 205 217 
239 241 257 259 274 275 278 283 286 294 295 302 
310 332 333 342 348 350 355 361 373 374 404 407 
421 443 446 450 460 465 471 484 490 497 500 519 
522 533 543 544 579 583 625 628 638 645 654 689 
694 702 708 718 722 725 742 751 767 769 774 789 
794 798 800 
77
2 25 37 64 74 97 98 117 125 129 130 133 
159 169 174 179 197 211 218 225 231 236 249 252 
266 268 274 278 287 290 303 307 314 315 319 377 
385 402 432 434 436 454 456 458 460 462 471 504 
523 524 525 533 536 551 556 569 590 592 595 597 
608 611 646 650 669 673 689 692 693 720 731 746 
750 763 767 773 785 
79
2 11 13 23 29 34 41 62 70 78 89 92 
96 104 108 116 118 122 125 126 128 137 145 148 
158 162 177 180 202 235 244 260 271 299 312 319 
324 348 352 354 355 361 375 376 380 382 403 413 
418 439 465 470 475 482 484 536 547 548 563 564 
565 582 584 589 595 597 622 634 662 664 711 730 
758 760 764 767 770 793 799 
62
1 5 28 50 52 53 54 55 63 72 112 121 
123 149 167 173 181 194 196 216 222 275 291 298 
307 308 311 312 314 328 330 335 388 408 422 430 
451 457 470 493 503 517 545 576 587 598 606 616 
617 640 651 654 660 661 684 691 732 735 742 768 
785 797 
71
4 20 31 40 49 65 78 83 84 100 102 116 
117 123 124 131 149 170 175 178 184 195 312 313 
330 355 357 361 362 371 389 419 435 437 452 463 
478 484 488 489 495 513 522 523 532 539 546 570 
574 577 580 583 590 592 608 618 632 641 643 666 
669 674 686 722 725 740 760 762 767 772 784 
68
24 32 56 69 77 80 84 93 94 110 113 155 
233 241 247 251 280 289 292 293 298 309 316 335 
340 359 366 367 373 378 382 390 419 420 436 450 
456 473 477 485 494 503 508 512 523 532 546 563 
586 604 613 619 627 633 652 654 664 665 685 695 
703 706 712 719 725 731 766 780 
76
14 19 20 36 38 54 56 68 70 83 100 107 
138 159 166 183 196 217 220 232 246 249 267 272 
287 297 302 309 310 348 350 351 356 370 411 412 
415 423 424 432 447 453 459 467 488 496 499 511 
512 513 514 522 536 543 549 558 568 598 601 608 
642 646 647 666 669 674 700 702 712 714 724 738 
749 777 778 792 
78
3 11 16 19 24 32 34 44 50 52 53 57 
90 92 98 111 112 114 116 119 134 141 165 167 
171 172 186 193 203 223 255 285 300 302 312 318 
320 325 362 370 384 392 396 400 403 408 419 440 
442 475 501 507 516 526 545 553 572 580 603 604 
611 621 632 634 638 639 664 684 702 713 738 739 
749 752 770 785 789 790 
89
10 16 26 34 35 42 47 49 65 68 71 77 
79 82 105 108 115 118 120 123 146 158 167 168 
170 186 189 206 212 214 223 239 245 268 269 275 
277 284 288 291 298 301 305 312 316 321 331 342 
348 386 424 428 433 435 438 449 474 494 499 508 
511 519 555 556 560 587 621 633 642 643 650 660 
663 667 673 689 696 717 719 724 728 739 743 751 
752 755 769 786 796 
78
22 25 36 53 54 55 58 64 68 76 82 84 
99 109 113 169 188 193 198 208 223 228 242 253 
260 262 285 287 289 293 299 312 316 343 348 355 
374 376 390 396 413 419 432 440 445 449 477 478 
488 492 504 511 531 532 544 549 561 564 578 581 
590 601 622 623 626 632 644 652 656 700 712 713 
723 725 777 790 792 794 
85
6 26 33 35 75 81 90 106 108 109 111 123 
138 141 145 153 181 206 234 244 254 255 268 282 
285 302 307 309 324 327 330 342 359 364 367 376 
407 417 418 420 426 427 433 468 483 494 507 525 
538 540 542 561 564 579 589 594 599 602 603 606 
624 629 632 641 644 647 661 665 681 682 700 703 
707 716 731 732 733 738 754 761 775 776 781 785 
788 
71
15 33 47 51 52 58 62 75 78 88 89 166 
179 186 193 198 218 220 222 235 236 237 245 248 
251 263 264 284 289 307 311 323 332 348 366 371 
379 389 402 415 434 437 440 443 445 472 503 521 
522 523 524 532 558 639 644 649 657 672 674 682 
687 699 707 711 722 737 739 747 751 754 764 
73
9 15 16 21 25 27 30 55 61 81 113 122 
130 142 150 168 172 179 187 224 225 234 250 259 
283 300 301 326 344 346 358 365 366 389 392 399 
408 417 439 441 442 454 476 483 486 488 491 503 
516 519 525 557 565 589 606 611 623 635 639 643 
649 664 665 668 678 705 709 734 738 760 766 769 
778 
79
49 69 71 81 87 95 103 110 120 133 143 149 
156 159 161 171 174 176 203 205 213 214 260 262 
271 275 278 291 297 299 300 301 303 321 334 349 
350 361 368 387 396 407 423 437 444 469 484 487 
489 511 519 521 525 540 557 564 569 576 578 583 
585 586 596 616 618 657 661 674 675 681 686 700 
710 716 718 727 734 757 778 
86
3 8 40 45 59 66 85 87 94 97 104 114 
125 126 131 133 136 147 156 158 168 171 197 203 
212 218 221 228 229 233 236 240 257 277 280 286 
287 295 314 320 321 338 346 347 373 407 424 433 
436 440 463 468 471 475 478 481 483 494 496 504 
505 515 521 529 549 554 564 589 603 610 617 620 
633 640 648 666 671 674 679 683 685 697 715 728 
744 799 
79
6 14 16 19 35 51 59 78 90 104 115 122 
125 129 132 179 182 188 212 213 224 237 242 247 
255 260 267 270 272 273 277 278 287 288 291 348 
357 375 376 406 411 413 414 419 428 438 439 442 
445 455 472 476 492 501 518 527 572 588 590 592 
617 633 638 643 659 666 671 676 691 703 712 715 
725 733 744 751 758 772 780 
74
1 57 68 79 81 98 99 101 111 127 129 140 
161 173 194 197 209 212 214 238 241 275 284 303 
308 324 351 374 382 392 399 407 408 437 438 447 
456 467 475 476 481 485 490 501 513 516 517 521 
523 550 551 552 553 578 586 596 604 632 639 640 
655 672 678 679 710 714 724 732 744 754 771 784 
789 799 
71
2 11 32 37 50 55 60 62 68 70 76 101 
102 108 117 131 159 169 177 190 204 209 210 222 
227 229 232 236 240 256 267 277 286 292 294 299 
301 332 341 345 356 371 383 384 386 393 394 414 
453 466 530 535 537 540 567 597 636 639 675 680 
698 706 719 722 727 734 737 750 752 760 794 
84
31 32 35 50 51 59 72 76 88 89 94 120 
125 129 141 144 150 151 168 174 198 200 208 210 
214 215 227 241 252 261 262 278 291 298 307 312 
316 319 320 329 355 362 363 365 390 412 415 416 
417 420 428 452 456 478 480 483 488 492 498 500 
512 516 517 519 544 569 577 592 610 616 685 691 
702 704 710 716 719 735 736 756 757 764 788 796 
79
13 14 15 21 26 27 29 31 32 37 50 55 
60 62 81 86 111 115 123 139 142 149 151 188 
189 192 194 211 220 230 282 301 306 307 314 328 
334 362 390 392 394 397 407 408 440 445 465 485 
488 497 517 529 532 555 601 615 626 636 644 649 
665 672 701 704 705 714 725 727 730 738 750 751 
752 756 762 788 795 796 798 
87
20 21 27 37 43 51 62 70 74 87 92 115 
119 146 151 160 166 184 187 188 189 192 195 212 
265 267 270 276 314 323 329 330 331 347 359 364 
371 405 421 423 429 435 444 454 456 459 468 504 
508 511 520 527 532 538 544 548 550 588 596 613 
623 628 637 638 641 642 643 645 646 647 655 660 
670 673 675 687 710 719 720 734 735 741 760 769 
770 779 794 
77
10 19 24 30 32 33 46 51 70 86 101 107 
112 124 147 171 174 233 235 242 252 259 265 269 
277 283 287 297 327 347 355 364 385 407 413 416 
417 418 419 441 448 465 476 483 526 535 541 548 
557 559 582 593 604 610 616 621 622 633 639 667 
681 685 689 695 706 716 717 719 722 724 728 733 
761 762 774 778 794 
70
3 27 36 49 65 70 77 112 155 182 186 188 
195 217 225 229 230 254 260 284 290 291 318 320 
343 344 357 359 366 374 375 417 418 426 427 429 
433 442 463 473 474 504 514 525 533 548 549 551 
592 595 610 643 644 655 664 703 708 713 720 723 
725 729 732 737 742 756 757 778 785 797 
73
3 7 16 25 55 58 61 105 130 136 137 156 
166 200 222 231 237 251 270 276 295 305 306 318 
322 326 343 370 412 420 431 439 456 463 481 502 
506 508 511 526 530 537 544 549 550 555 556 568 
574 593 595 596 611 616 619 624 667 670 675 688 
702 719 729 736 770 773 777 780 785 789 790 791 
795 
92
4 20 23 25 31 32 71 76 92 93 103 120 
151 152 161 172 180 185 186 220 240 242 250 264 
273 275 290 293 308 319 322 323 333 342 380 391 
392 409 422 423 425 431 434 439 441 443 448 451 
452 461 464 478 486 487 509 518 525 528 535 540 
553 561 562 572 576 587 592 609 613 616 617 623 
631 655 660 667 676 694 695 696 708 718 733 749 
754 768 777 780 787 791 793 796 
75
27 30 34 35 48 52 58 66 73 74 101 126 
159 189 202 204 208 226 228 234 243 250 257 274 
286 303 308 327 330 345 351 363 381 392 402 404 
409 412 433 446 453 455 460 461 466 469 485 498 
506 508 512 525 528 530 570 575 577 598 613 625 
641 642 663 678 684 686 697 728 731 750 758 771 
782 793 797 
76
11 13 31 39 46 53 55 56 68 103 106 111 
122 127 148 150 156 159 164 176 186 194 202 208 
209 210 240 242 258 260 271 272 291 299 301 305 
311 316 319 322 347 355 360 412 419 423 427 432 
446 456 461 463 470 496 507 509 518 534 554 570 
586 587 590 598 607 620 680 681 689 694 696 722 
737 753 761 779 
82
14 18 29 38 39 44 46 50 65 75 85 96 
110 117 123 141 146 162 170 183 184 195 210 215 
240 247 255 272 275 282 290 291 297 300 305 319 
338 342 351 354 406 412 413 424 427 428 446 454 
456 467 479 481 508 516 520 526 550 554 559 594 
604 619 625 630 641 650 658 670 688 691 699 706 
708 711 715 727 733 739 748 764 787 794 
78
4 10 11 17 23 43 48 57 60 63 64 105 
106 112 120 127 129 130 156 161 171 172 173 177 
184 186 212 213 224 225 236 238 240 242 248 259 
296 304 312 315 334 341 344 353 396 400 402 417 
423 438 441 475 493 517 535 551 558 565 579 596 
627 631 648 650 660 665 672 680 681 694 695 719 
720 742 750 764 783 800 
91
4 15 22 48 51 62 69 77 79 91 99 104 
129 130 136 144 152 168 175 183 186 187 205 214 
216 224 226 230 231 240 252 256 257 262 267 304 
326 339 381 386 389 391 394 399 409 413 438 444 
449 451 463 470 487 508 509 511 526 541 542 544 
547 556 561 562 564 573 581 600 604 611 612 616 
624 633 640 646 652 661 665 671 680 683 684 696 
697 725 732 759 773 782 787 
92
4 12 18 23 25 37 59 90 102 121 130 132 
148 155 158 164 166 190 206 217 222 225 246 260 
270 272 289 300 307 309 312 326 328 339 355 365 
376 377 380 383 385 391 414 429 432 439 441 445 
450 457 468 470 472 495 496 525 527 529 532 538 
564 569 577 582 606 608 623 636 640 646 653 656 
662 664 689 696 703 707 709 711 722 736 737 739 
749 750 754 765 772 784 792 796 
80
9 12 20 21 30 49 56 75 77 88 117 124 
129 136 139 146 151 165 167 171 193 227 249 254 
263 265 272 274 299 308 341 346 348 373 374 387 
394 397 402 448 451 456 464 472 473 495 498 503 
509 521 528 532 533 536 537 541 545 546 547 573 
586 592 595 599 614 620 629 635 656 664 673 680 
698 722 738 740 753 759 764 766 
82
3 4 32 45 50 54 55 63 70 73 85 86 
90 100 111 114 118 122 131 139 157 172 189 193 
206 210 226 232 256 268 270 280 289 291 296 302 
314 322 331 333 335 355 404 405 412 415 418 419 
440 443 444 462 479 482 489 490 495 511 540 547 
552 557 560 574 594 608 619 627 641 644 652 654 
684 711 713 718 725 730 738 750 761 772 
76
2 9 12 27 29 30 36 65 67 69 83 85 
97 100 115 126 130 137 148 157 192 243 271 273 
301 306 307 318 326 342 353 376 379 388 402 403 
415 427 445 449 463 466 470 476 485 498 515 516 
531 551 563 564 608 618 629 631 660 668 670 678 
683 694 698 699 702 706 721 722 735 741 750 754 
769 771 772 775 
84
20 43 45 57 65 77 84 95 105 107 116 137 
142 146 155 170 172 173 182 185 186 197 228 231 
233 236 239 240 244 248 252 257 261 265 268 275 
279 315 323 345 368 372 373 379 395 400 409 423 
430 445 453 473 474 498 512 523 524 529 540 541 
550 569 586 594 614 623 625 641 644 647 652 660 
662 667 671 714 720 725 741 746 750 759 787 791 
85
6 12 16 32 34 35 43 46 51 59 63 71 
84 93 108 146 147 148 154 163 165 166 187 199 
209 217 227 245 248 249 251 255 264 281 289 291 
296 300 311 314 316 320 332 354 359 369 375 402 
409 417 423 426 436 437 453 454 468 471 500 507 
511 515 546 554 582 587 591 618 623 633 637 638 
648 653 657 684 731 737 742 744 746 754 765 778 
795 
84
20 24 31 32 36 38 40 50 53 70 78 81 
107 112 114 118 132 153 161 164 167 169 171 183 
190 225 251 265 275 287 294 305 307 308 311 318 
326 337 340 363 368 381 385 402 403 425 434 448 
454 458 460 469 477 485 498 508 511 513 520 530 
580 619 624 636 647 650 666 668 669 679 705 708 
712 719 743 744 752 757 761 764 772 773 774 796 
93
3 15 23 32 35 44 48 56 63 65 70 88 
113 117 119 123 130 139 159 166 168 171 182 191 
192 197 199 201 211 215 217 219 245 261 264 275 
278 292 294 302 315 338 348 349 358 368 371 374 
379 396 404 415 435 449 461 479 483 493 508 531 
535 536 537 543 547 560 561 564 577 582 589 605 
617 638 642 653 658 663 675 679 682 686 701 704 
725 772 776 786 789 792 794 797 798 
86
1 12 39 40 44 62 63 65 79 103 109 113 
129 138 145 147 152 164 172 178 180 182 185 198 
200 212 214 217 219 221 245 263 264 283 284 285 
289 314 331 336 347 374 383 385 386 387 388 393 
410 418 437 443 444 447 456 462 464 499 500 509 
513 517 526 529 543 555 556 572 597 601 611 617 
618 619 645 648 660 682 712 717 720 762 781 791 
794 796 
74
2 3 14 23 90 92 93 99 104 107 108 125 
127 147 148 151 178 187 201 204 212 215 222 223 
225 230 234 240 250 251 266 275 289 302 317 328 
333 343 347 350 353 357 372 374 392 402 410 414 
431 452 456 462 464 465 470 516 550 572 579 586 
603 616 618 682 684 712 713 732 736 755 758 768 
794 796 
75
10 16 23 25 30 47 73 80 81 97 100 125 
128 137 169 178 193 205 208 211 248 265 266 273 
289 294 308 309 330 334 336 343 344 345 346 347 
350 351 363 406 411 412 419 421 435 436 440 445 
478 503 515 520 541 545 558 559 583 592 593 595 
625 632 633 667 670 675 684 698 706 711 713 723 
756 781 798 
65
45 70 85 110 125 134 149 188 194 196 223 237 
253 271 273 299 304 314 328 343 360 365 385 396 
398 410 413 446 447 451 456 457 463 470 487 507 
511 513 535 547 557 582 604 613 614 628 647 653 
655 658 661 664 672 675 677 699 702 724 742 746 
747 760 769 794 800 
87
6 21 23 45 63 66 95 96 105 107 112 133 
136 137 162 163 192 195 196 197 205 209 213 216 
219 225 227 242 269 277 278 282 284 291 292 315 
318 330 336 354 364 374 377 401 416 424 447 459 
464 482 484 504 506 512 513 517 520 525 545 566 
576 597 600 624 632 635 655 660 663 673 686 697 
703 706 707 717 726 729 744 765 772 774 775 788 
789 794 797 
75
11 18 37 53 71 80 95 108 111 124 130 133 
134 167 169 222 242 244 249 269 279 284 302 308 
314 340 343 349 361 362 369 388 392 400 403 404 
409 415 433 459 480 485 494 503 508 527 528 544 
547 557 582 583 585 595 603 606 616 636 639 646 
656 661 668 688 712 713 717 755 758 761 772 774 
785 798 799 
78
1 3 13 14 22 25 39 42 76 82 107 120 
133 137 139 141 156 171 176 198 201 238 244 247 
270 275 278 292 293 307 331 336 348 358 369 383 
394 409 410 416 427 435 436 447 483 485 486 493 
494 506 513 515 530 535 548 560 570 572 592 646 
650 678 693 698 706 717 740 743 750 755 759 760 
767 768 778 784 793 796 
91
15 19 24 28 34 38 44 45 65 78 91 97 
110 132 140 179 193 194 198 200 201 203 209 218 
224 231 243 260 264 268 269 271 284 307 309 331 
332 344 349 350 353 365 388 398 406 407 410 418 
419 422 432 435 442 443 445 450 452 464 484 486 
487 490 499 509 541 548 554 569 578 601 602 609 
616 617 626 652 656 661 663 672 690 692 702 708 
716 719 758 783 785 794 800 
78
8 17 39 42 57 64 84 90 91 109 116 124 
133 149 159 162 181 185 228 233 247 251 253 288 
303 305 308 331 366 375 389 414 432 438 460 461 
464 474 482 489 490 510 515 521 524 536 558 572 
584 587 591 592 609 611 616 622 626 631 633 637 
651 660 665 669 675 677 687 689 699 734 737 740 
749 758 763 770 772 778 
82
22 31 40 41 43 60 69 77 91 105 113 123 
129 138 147 149 168 171 173 180 193 208 217 238 
244 251 253 258 270 271 289 301 303 304 306 334 
337 346 355 356 364 366 380 402 406 416 438 446 
450 465 471 480 497 501 510 528 530 547 552 573 
585 610 616 635 648 654 659 666 684 696 719 720 
731 738 749 755 768 775 777 782 784 797 
84
9 13 14 18 22 34 44 46 72 89 110 116 
117 130 153 155 182 187 190 196 207 219 225 233 
243 245 262 267 285 288 291 292 299 335 338 358 
369 371 382 393 395 397 401 406 411 436 437 448 
456 463 467 470 484 494 497 499 506 511 520 523 
532 542 548 560 590 598 607 619 632 645 682 692 
695 698 720 753 754 759 771 776 778 779 794 797 
86
1 3 23 27 30 34 38 44 57 60 61 64 
70 72 75 92 98 119 129 133 135 165 178 181 
185 186 216 223 234 238 242 250 255 262 291 295 
298 302 303 315 325 344 346 348 356 365 373 390 
405 408 415 421 433 444 455 459 474 486 509 514 
545 550 552 557 569 576 579 587 608 629 638 646 
651 656 660 661 686 691 701 734 747 756 767 780 
786 796 
79
9 19 29 33 38 46 56 60 112 133 134 138 
139 146 154 156 175 190 197 205 221 239 240 244 
249 254 262 273 286 298 299 334 338 345 349 368 
370 372 406 409 411 415 419 424 439 460 462 485 
488 489 493 506 518 528 535 539 542 551 552 573 
585 587 612 618 624 631 643 652 668 675 677 693 
694 702 713 738 747 750 788 
95
10 40 45 52 59 77 79 81 88 104 106 111 
127 129 137 139 171 172 176 191 195 196 202 207 
217 223 233 262 268 271 277 290 291 295 309 311 
331 333 336 338 345 347 359 362 374 381 382 387 
396 404 417 422 427 431 438 439 441 463 465 486 
495 499 508 512 520 543 551 570 574 586 590 598 
604 622 624 635 640 653 657 658 662 686 691 709 
710 717 725 736 738 747 768 775 778 783 793 
78
12 14 22 36 38 40 58 62 63 73 78 82 
94 95 100 101 123 125 136 140 153 161 184 197 
218 220 223 224 246 276 282 284 294 299 320 329 
337 343 356 372 373 375 409 413 447 460 484 496 
505 513 514 533 541 552 566 567 575 591 592 594 
600 618 638 641 665 667 698 723 728 731 735 744 
759 773 778 779 783 798 
84
22 37 42 55 63 76 93 110 129 136 144 157 
172 189 199 205 231 233 253 259 270 280 283 308 
313 316 324 331 344 345 353 356 367 370 373 379 
384 400 401 403 404 406 413 414 433 438 443 447 
479 486 490 498 518 519 525 531 551 561 564 569 
575 586 603 615 635 639 641 654 655 659 664 670 
689 706 708 711 738 739 744 748 753 771 789 797 
68
4 17 27 29 30 46 51 83 94 107 122 125 
129 153 164 166 186 191 224 246 250 261 283 287 
289 290 298 326 350 358 368 371 378 393 413 423 
433 445 454 517 525 544 556 558 559 572 573 606 
610 632 633 645 659 660 673 676 689 702 727 732 
736 762 775 777 781 791 794 796 
81
28 32 65 73 116 117 119 149 151 159 170 179 
193 200 202 203 211 216 228 229 235 237 238 253 
267 279 282 303 305 323 326 338 359 360 361 363 
367 368 387 393 399 400 404 414 424 425 442 456 
476 477 481 520 522 543 545 562 568 573 591 603 
625 636 639 644 645 660 674 684 692 696 697 701 
705 714 720 729 731 761 769 786 794 
82
2 3 8 19 29 36 45 49 56 61 68 71 
72 76 89 99 100 109 111 128 140 146 149 152 
171 172 177 181 184 191 192 205 217 223 268 300 
304 323 343 347 363 382 401 410 424 434 445 475 
479 483 495 518 522 530 537 552 573 587 590 593 
601 607 614 616 628 636 650 656 658 675 689 692 
697 701 709 727 740 758 776 788 790 798 
92
11 12 17 20 26 28 37 47 90 108 110 146 
160 174 181 189 190 191 199 204 212 221 238 250 
266 267 275 286 305 308 314 319 321 324 327 333 
334 335 350 354 356 360 373 391 399 416 428 437 
444 448 452 459 460 461 472 484 505 525 533 542 
543 545 564 568 572 584 585 612 616 622 627 628 
641 644 647 678 685 697 722 723 728 732 744 750 
763 767 774 778 794 797 798 800 
75
2 18 33 39 42 62 83 85 86 92 97 102 
104 106 107 115 131 133 141 152 179 228 229 233 
234 248 252 254 258 272 277 297 336 350 351 357 
361 366 373 385 387 388 390 400 434 435 444 447 
471 481 487 490 493 516 537 538 577 579 601 607 
610 620 637 662 663 681 689 693 711 728 740 765 
766 788 791 
76
12 15 20 21 37 45 66 75 79 93 115 124 
136 138 139 143 145 164 168 180 184 205 208 215 
216 221 249 259 264 266 294 296 335 345 347 360 
363 366 367 376 385 409 416 444 452 461 466 487 
524 530 566 569 574 578 580 582 591 603 637 643 
644 657 674 683 694 711 713 740 745 752 773 777 
778 788 794 799 
69
3 13 18 20 61 76 77 78 91 99 101 102 
103 110 115 121 124 142 147 159 208 211 224 230 
249 252 272 302 306 359 366 396 404 408 424 442 
446 470 476 491 494 515 520 524 529 537 557 571 
585 587 596 611 620 622 637 638 675 686 693 701 
716 720 735 752 759 766 788 796 799 
92
2 5 6 7 9 13 22 29 51 57 70 73 
88 94 105 109 115 124 133 137 143 152 153 155 
163 166 168 171 174 190 193 195 200 203 206 216 
234 236 251 262 266 268 279 297 309 316 320 321 
322 325 334 339 340 342 344 360 383 390 393 397 
416 432 433 434 455 466 493 494 500 501 511 519 
532 564 565 574 575 598 611 634 641 653 677 686 
696 702 705 715 730 734 765 781 
90
24 34 43 45 51 60 61 62 84 92 101 102 
103 106 107 114 120 141 171 176 180 183 190 208 
211 224 245 249 263 268 272 274 279 283 288 289 
296 300 307 317 326 327 337 346 357 360 363 384 
388 392 397 420 423 431 432 438 479 481 484 527 
532 538 545 554 557 559 560 576 580 581 596 610 
627 629 637 651 661 681 685 690 699 700 701 727 
740 761 766 783 787 791 
81
6 7 13 28 29 45 46 70 72 81 111 121 
124 159 161 163 170 182 185 188 191 238 263 268 
278 289 294 295 297 302 312 324 326 346 351 364 
373 374 393 402 420 423 437 447 453 455 463 478 
481 483 492 501 507 529 554 572 574 580 593 595 
597 604 610 629 644 658 661 662 668 683 685 688 
690 706 722 744 754 759 771 778 779 
75
13 16 17 22 31 39 41 58 76 79 81 100 
102 111 114 135 136 139 159 163 179 183 189 192 
195 214 251 273 279 293 294 299 307 310 329 347 
368 370 384 389 391 416 418 450 451 475 494 521 
525 527 531 536 548 566 583 587 594 607 620 626 
629 642 647 650 656 669 671 673 685 696 725 731 
734 785 796 
74
11 22 28 32 37 43 44 48 52 60 83 85 
87 92 97 110 112 115 116 117 128 199 203 210 
213 214 216 218 230 232 246 266 278 308 314 316 
317 320 329 336 345 350 387 399 420 431 433 488 
491 513 526 538 541 580 586 591 606 607 611 612 
621 682 686 704 715 742 744 760 768 772 778 788 
789 797 
81
2 5 26 31 35 41 56 63 77 90 97 99 
108 114 115 119 124 136 138 172 179 204 209 210 
237 253 258 319 333 350 351 355 370 381 400 410 
424 431 435 437 444 445 446 452 482 484 499 516 
548 552 559 563 574 578 582 592 598 603 605 606 
614 616 621 634 642 654 660 671 690 692 693 695 
711 737 775 778 784 785 791 794 799 
79
1 2 10 17 32 55 68 82 93 94 98 115 
121 122 123 130 133 141 147 161 169 173 185 186 
194 196 218 233 241 248 258 263 267 300 318 325 
328 330 333 339 347 358 390 396 407 409 417 428 
432 461 475 484 509 531 537 551 579 580 590 605 
626 636 642 644 663 675 702 710 714 720 736 750 
752 761 766 774 784 788 790 
73
20 21 55 67 76 105 114 149 173 176 183 185 
192 196 211 217 220 221 223 235 246 247 262 291 
295 297 324 336 340 353 362 421 436 471 485 493 
504 513 519 521 524 547 548 551 564 576 579 584 
589 595 599 625 630 641 643 662 686 695 700 718 
723 736 738 739 745 760 762 770 777 785 787 793 
799 
79
4 21 26 29 36 56 84 90 94 128 131 137 
154 170 179 190 197 200 205 208 212 240 243 256 
259 265 268 290 295 296 310 316 344 360 370 377 
407 414 417 425 426 431 449 453 454 465 474 479 
494 503 514 534 544 548 581 583 613 618 620 668 
677 680 698 703 726 731 734 737 748 751 769 773 
786 787 788 791 792 796 800 
83
3 5 12 20 26 29 30 55 64 74 97 114 
118 134 164 173 190 194 195 197 209 220 225 226 
230 236 252 266 269 275 277 290 308 321 331 336 
337 345 355 357 359 368 370 377 381 383 384 394 
404 408 444 468 470 495 519 528 554 555 602 613 
615 628 630 635 639 641 648 649 651 661 671 676 
691 698 699 723 731 738 740 753 758 773 782 
85
2 10 31 50 56 66 69 71 87 144 161 164 
176 182 222 244 256 271 273 275 277 285 286 295 
297 298 302 312 325 331 336 350 364 365 366 370 
391 394 404 410 417 418 425 428 431 438 453 455 
456 464 466 469 483 494 497 498 505 516 518 520 
531 557 574 579 581 589 605 611 624 640 646 648 
650 653 663 670 698 704 724 730 739 757 786 790 
792 
83
12 31 41 42 64 84 87 95 115 134 140 145 
152 159 160 166 173 193 200 208 216 219 238 246 
258 271 274 284 309 310 317 318 334 341 345 346 
351 389 397 407 413 423 436 445 458 459 467 472 
475 485 488 498 500 505 507 531 545 565 566 572 
596 605 616 619 627 632 645 661 662 664 665 669 
689 695 706 712 713 758 772 773 774 777 780 
64
28 60 67 80 94 97 115 124 132 151 171 197 
211 216 220 221 238 250 264 265 277 279 284 291 
298 304 358 371 390 406 418 426 438 442 445 447 
461 475 478 520 526 541 543 546 561 573 612 616 
637 639 640 662 663 672 712 717 740 746 755 758 
759 782 793 796 
74
5 11 13 24 40 45 55 56 76 81 82 110 
134 138 141 142 143 145 149 152 166 177 180 196 
199 200 206 207 208 214 215 230 231 286 291 296 
298 303 306 313 319 332 339 340 361 384 394 407 
432 441 452 479 483 488 495 496 526 542 613 626 
629 634 642 652 689 691 716 736 737 752 757 758 
768 789 
91
1 3 6 9 27 34 51 58 64 84 96 99 
111 116 118 124 143 152 155 158 161 167 169 194 
198 206 215 221 227 239 242 266 269 272 274 277 
296 298 302 312 328 343 356 357 366 375 383 396 
409 410 411 415 425 439 447 451 455 457 466 480 
482 487 490 511 523 530 538 547 563 566 574 579 
580 586 594 627 632 636 642 644 647 680 681 682 
694 705 708 722 742 773 786 
102
13 27 31 32 34 48 60 61 62 64 74 80 
81 93 104 106 109 133 140 141 142 149 156 159 
166 176 178 192 199 204 217 221 224 225 226 233 
238 242 245 250 254 260 267 271 277 280 285 286 
289 303 333 341 356 357 358 363 378 396 403 407 
411 415 424 432 438 442 449 455 460 462 468 470 
474 490 491 494 515 523 527 533 557 583 584 614 
617 647 652 675 678 692 698 704 716 723 724 729 
730 765 768 770 791 797 
64
27 42 48 59 61 73 85 95 96 161 198 210 
227 260 263 287 319 357 374 375 384 387 419 423 
430 465 472 478 486 488 490 494 512 524 527 537 
543 547 553 562 565 573 577 599 608 615 627 632 
638 644 655 670 677 702 703 714 715 719 737 739 
746 758 761 779 
84
20 39 47 77 79 80 84 87 90 97 107 114 
142 175 191 226 227 228 232 245 269 273 277 281 
283 284 293 321 334 337 338 366 381 393 407 413 
419 434 444 453 483 499 510 513 526 537 546 562 
563 577 584 586 587 590 594 596 598 633 637 642 
644 651 655 656 658 667 674 685 694 709 719 721 
725 728 738 749 760 762 775 778 787 789 792 794 
78
1 8 14 42 45 49 61 68 69 72 83 91 
92 120 129 147 151 158 174 175 189 197 207 217 
218 225 247 250 268 274 300 302 315 333 356 361 
374 381 388 424 434 437 441 450 452 463 467 476 
479 505 522 543 563 564 571 575 588 597 608 616 
629 630 661 663 672 684 690 727 733 746 747 749 
750 754 766 768 778 794 
87
4 8 16 23 26 46 51 73 94 96 111 112 
114 124 133 141 142 153 179 187 190 224 232 233 
242 253 274 288 289 304 317 322 340 346 349 355 
359 367 370 372 376 390 395 403 409 417 421 432 
433 464 470 474 497 507 510 519 523 530 541 542 
544 565 568 583 609 613 615 624 632 635 637 652 
653 689 703 708 712 714 727 738 742 754 771 782 
787 789 797 
79
25 26 33 54 60 81 84 87 91 95 100 106 
111 117 119 120 125 136 149 154 157 176 178 200 
207 228 233 245 249 251 266 295 310 323 332 340 
357 361 375 386 413 415 418 421 453 462 472 479 
488 511 513 531 535 552 562 574 577 583 586 590 
591 596 600 621 631 637 660 672 717 718 724 730 
734 743 748 762 771 772 776 
76
11 27 32 38 43 45 51 53 65 82 85 86 
87 92 107 112 135 146 155 186 194 201 207 210 
218 231 239 244 258 264 297 300 302 307 319 336 
341 346 367 370 377 389 403 412 423 430 450 454 
459 480 484 485 488 516 541 551 566 628 630 639 
658 659 669 688 720 726 728 729 731 739 759 761 
765 766 779 795 
85
29 30 44 48 57 68 74 105 115 123 154 157 
161 170 174 188 191 200 203 205 212 217 221 228 
230 236 249 259 269 273 274 276 285 321 325 328 
330 344 362 378 393 417 421 429 436 448 454 457 
459 469 470 485 508 521 527 540 548 553 559 560 
567 568 585 591 595 609 612 613 620 648 661 670 
673 675 687 694 700 715 735 741 745 747 775 776 
798 
65
1 17 24 31 34 44 65 71 72 81 84 114 
126 128 163 165 185 197 200 204 217 234 255 286 
298 301 303 310 311 369 373 375 389 393 404 414 
423 432 439 476 481 495 500 511 537 580 591 593 
624 630 639 667 672 673 675 677 680 681 691 714 
717 735 786 787 792 
87
3 8 10 11 16 21 34 35 41 50 58 61 
69 75 80 89 96 101 114 134 155 162 163 192 
208 221 224 225 226 236 240 246 259 263 265 281 
286 292 301 313 320 327 330 348 354 385 397 422 
438 442 443 444 449 487 523 533 547 554 558 559 
560 565 574 576 585 590 606 617 627 640 646 649 
666 667 677 692 693 710 725 732 738 746 753 754 
755 788 789 
85
9 16 19 22 23 41 54 78 80 83 86 93 
94 98 101 114 116 137 145 152 157 161 163 171 
200 206 216 222 226 251 259 265 272 283 288 300 
305 306 308 336 346 365 372 378 379 382 408 411 
423 431 473 477 485 486 495 504 511 522 533 536 
538 559 570 573 579 581 601 603 610 624 638 640 
658 678 685 692 706 711 727 730 737 738 740 765 
799 
87
13 28 33 40 48 55 56 61 68 73 83 85 
89 99 109 114 124 127 143 154 180 185 187 189 
211 220 232 236 257 260 263 268 269 271 283 286 
290 293 300 311 318 344 345 350 353 362 379 381 
414 416 424 426 474 475 477 480 483 501 513 530 
555 566 568 569 580 588 594 600 608 610 646 650 
653 661 679 680 696 740 742 750 754 756 757 766 
774 785 790 
90
14 20 35 43 44 47 58 72 82 96 99 129 
136 140 145 148 152 172 174 193 196 221 224 234 
253 258 269 278 280 287 296 311 318 320 327 331 
333 346 350 359 373 374 419 441 444 445 468 479 
495 498 522 525 528 554 565 569 572 577 604 616 
617 622 626 629 632 639 643 647 650 652 667 670 
673 676 679 687 688 692 715 723 730 735 740 754 
757 766 771 775 785 792 
95
8 15 19 28 29 36 43 49 50 52 62 65 
68 77 84 89 95 111 113 116 118 134 136 147 
157 158 190 215 220 232 236 238 244 245 246 255 
266 270 275 292 294 315 343 363 370 376 377 387 
391 392 393 415 423 430 433 434 449 457 461 473 
482 493 502 504 510 512 514 537 549 566 568 570 
584 604 621 631 639 641 659 665 667 678 689 691 
706 707 722 733 736 741 759 765 766 771 783 
70
3 14 49 58 59 67 70 84 86 130 136 151 
159 160 162 165 191 204 226 237 259 271 276 297 
302 344 358 364 372 377 412 423 424 430 434 445 
453 456 457 459 478 508 515 517 554 558 559 560 
604 612 614 634 641 675 686 700 702 707 727 741 
749 759 763 767 770 771 780 782 784 795 
84
4 11 14 31 42 54 55 101 122 124 127 134 
140 142 148 159 163 166 201 203 233 238 249 250 
251 255 258 268 281 282 286 287 306 317 318 324 
351 355 375 377 388 399 406 415 417 422 429 446 
448 450 454 459 460 463 468 471 489 491 507 526 
556 560 565 566 583 591 594 601 602 607 619 626 
630 632 636 647 672 698 707 723 725 729 733 745 
75
2 5 20 26 31 40 48 55 65 68 76 97 
103 105 125 130 150 155 159 164 172 178 200 202 
208 213 216 219 238 262 263 282 309 325 326 356 
365 366 376 379 403 421 422 426 463 464 478 485 
489 492 500 515 524 536 556 583 593 606 608 610 
614 619 623 633 640 643 646 668 690 701 708 781 
783 788 792 
88
2 10 21 28 31 44 47 72 96 119 126 148 
163 181 183 184 192 197 206 208 216 225 232 233 
237 248 258 297 307 336 344 351 352 354 356 359 
366 373 374 378 389 393 402 418 426 434 435 453 
465 476 489 494 498 501 515 534 545 546 553 557 
567 583 594 610 613 623 628 632 638 649 659 662 
669 689 699 716 717 721 740 742 745 754 755 760 
781 786 789 796 
71
8 19 67 68 74 110 127 132 133 138 143 151 
175 176 180 181 194 204 212 233 247 249 274 284 
287 291 298 299 300 337 340 341 342 349 357 378 
381 384 393 409 420 421 443 451 468 486 489 492 
496 497 506 519 520 538 540 553 560 603 614 634 
648 663 682 708 717 722 730 731 737 757 783 
84
8 13 15 35 37 58 69 74 81 86 90 102 
105 109 142 149 151 161 170 182 191 197 212 214 
224 258 259 261 273 276 293 310 317 375 377 378 
396 415 421 455 456 482 484 490 498 506 507 511 
521 524 525 531 557 571 578 583 596 611 614 616 
622 644 655 659 663 670 677 678 703 716 719 721 
722 725 727 730 735 736 759 773 776 785 790 797 
69
11 17 30 34 47 82 107 109 132 139 172 179 
182 187 205 210 212 242 263 269 299 311 321 322 
331 341 405 406 416 419 437 440 441 445 472 485 
494 504 519 536 544 553 566 567 568 600 606 617 
622 638 643 650 659 673 679 686 700 701 703 711 
730 735 744 756 764 768 784 788 790 
89
4 15 45 50 53 56 64 66 68 80 81 87 
89 93 95 101 107 116 118 151 156 158 175 178 
194 197 204 219 222 242 244 257 265 297 298 309 
337 357 358 371 387 395 422 431 435 441 442 465 
471 486 487 488 496 509 511 516 519 528 534 562 
578 583 587 605 609 612 618 624 630 633 664 669 
678 679 684 691 700 707 716 718 738 740 743 748 
757 761 767 771 776 
88
17 43 61 62 65 73 99 101 102 105 117 124 
127 142 147 152 164 165 182 190 193 197 201 207 
210 212 217 221 232 236 239 244 279 291 300 308 
311 313 315 317 325 338 341 342 344 379 389 391 
398 428 431 445 492 504 508 512 518 537 539 541 
558 566 571 585 590 591 594 602 606 620 627 631 
636 638 642 650 653 665 677 680 689 691 695 720 
752 772 778 791 
66
9 32 36 39 45 47 52 69 71 73 117 129 
141 147 170 176 195 196 222 224 234 272 275 281 
307 311 333 340 349 350 371 377 411 422 429 436 
441 468 476 480 482 484 485 492 501 512 529 534 
545 558 576 582 594 632 642 662 666 678 691 711 
724 749 777 778 779 784 
85
4 8 12 14 16 28 29 32 37 42 44 53 
68 71 72 76 95 98 112 118 123 128 153 162 
169 171 172 185 188 209 235 257 279 285 286 287 
311 346 358 364 368 376 381 405 413 427 433 464 
466 467 498 520 526 532 536 540 546 550 552 560 
564 566 579 585 593 604 605 607 621 626 633 638 
647 652 653 658 667 692 695 702 716 740 774 781 
788 
93
4 6 7 15 24 36 61 74 76 78 85 88 
92 97 100 109 111 112 113 135 138 141 143 149 
160 161 175 178 188 198 217 219 231 250 254 260 
266 275 289 296 298 301 309 319 325 328 340 341 
346 358 362 365 379 394 401 406 407 424 436 438 
446 453 455 461 481 482 493 505 520 522 529 530 
535 539 571 587 590 591 603 609 619 629 637 644 
646 650 662 689 699 744 755 765 776 
79
8 9 19 24 25 33 34 44 67 68 74 78 
89 92 114 117 121 133 140 158 163 171 205 221 
223 227 234 238 242 252 259 261 282 283 288 296 
304 325 414 437 445 452 453 461 467 468 472 481 
486 487 528 530 541 549 561 576 584 585 592 601 
608 611 620 631 632 666 670 672 673 680 689 697 
716 718 737 741 753 756 779 
70
5 10 16 33 38 77 87 97 101 103 131 139 
140 150 167 185 214 217 237 247 273 275 276 298 
308 334 349 364 375 394 407 419 441 449 503 515 
520 526 544 558 562 580 589 596 598 602 623 629 
637 649 654 661 663 666 669 679 687 690 695 721 
747 751 752 753 762 772 780 782 796 800 
81
10 15 34 43 60 72 77 78 80 94 96 101 
125 131 135 137 138 143 146 150 170 174 177 179 
193 206 209 212 218 224 227 228 232 239 240 251 
257 268 299 309 310 327 329 355 388 397 398 401 
415 428 441 458 477 488 521 551 574 581 584 609 
612 624 630 642 654 656 665 672 677 698 699 715 
716 723 748 758 764 766 784 788 793 
83
16 25 28 29 31 32 45 60 69 78 123 137 
138 141 148 170 184 194 197 209 219 222 232 233 
237 247 254 261 283 293 327 330 339 352 372 383 
392 394 399 420 422 430 432 434 441 450 453 462 
471 479 494 502 512 516 524 542 554 555 568 572 
580 590 602 610 629 653 657 668 670 683 690 699 
703 711 713 717 730 742 754 757 767 770 798 
63
2 23 55 76 89 92 147 159 160 165 175 183 
186 188 192 220 221 225 235 237 253 259 260 264 
272 293 302 387 399 401 421 433 441 448 450 463 
472 475 482 507 533 536 540 541 543 553 561 586 
613 614 644 647 651 658 659 682 687 688 716 718 
724 785 797 
81
22 25 35 37 45 66 77 94 106 117 119 144 
157 158 166 181 191 202 224 231 234 249 255 272 
281 287 288 298 304 305 308 319 322 328 335 349 
392 395 402 407 410 411 413 414 418 436 447 454 
458 478 482 486 488 494 520 536 537 555 580 585 
606 630 631 637 654 680 684 704 705 709 719 727 
741 743 745 758 764 767 785 787 797 
82
8 18 35 49 62 70 81 98 100 109 113 124 
126 133 138 143 153 156 166 185 191 200 221 232 
233 239 251 253 281 293 296 306 308 314 321 327 
331 349 352 361 375 381 390 399 400 422 424 433 
434 436 439 460 478 480 485 510 516 543 548 574 
578 593 596 643 652 658 664 668 671 681 682 688 
697 732 733 736 738 743 745 747 767 770 
79
2 6 8 15 18 20 27 32 38 57 58 71 
78 80 103 139 141 148 173 184 189 212 219 227 
234 263 273 305 323 324 341 347 357 358 366 369 
377 402 406 418 438 446 450 451 462 487 490 508 
513 515 523 544 547 550 556 568 583 589 596 597 
628 639 657 659 676 678 683 696 713 720 741 756 
758 763 766 773 774 776 789 
74
12 31 33 38 51 55 60 77 84 90 95 104 
114 123 141 165 196 201 210 221 244 259 265 273 
308 312 316 317 322 339 344 350 354 363 379 404 
405 410 411 416 428 430 431 435 438 443 452 459 
465 512 519 520 539 544 557 559 574 592 599 612 
626 635 650 666 677 690 691 695 699 718 736 744 
787 796 
77
4 12 17 22 23 28 29 31 39 63 65 68 
80 82 86 169 176 178 191 222 233 234 236 255 
262 265 274 284 299 300 307 322 331 341 349 351 
355 377 379 390 405 406 413 424 438 454 462 463 
464 479 481 526 538 545 547 556 564 566 604 617 
618 619 638 640 646 659 662 663 674 701 709 714 
731 745 753 761 766 
68
17 28 31 41 45 53 76 78 88 98 106 127 
135 139 151 156 170 187 192 211 213 216 255 258 
260 263 276 292 339 350 351 370 376 387 396 403 
420 423 424 451 461 463 476 479 492 501 504 529 
563 564 565 577 581 582 591 659 660 677 684 708 
716 735 738 743 756 764 786 798 
72
7 13 15 47 61 64 69 79 99 102 153 166 
177 187 197 205 217 235 244 246 267 295 300 318 
320 324 332 339 350 370 371 382 399 403 405 406 
415 436 448 451 458 472 477 498 511 517 521 532 
535 539 562 563 572 578 581 610 613 625 628 629 
636 663 675 678 689 697 699 715 721 733 761 782 
81
2 18 20 40 47 61 77 86 130 134 157 159 
167 171 175 181 201 205 213 228 233 238 244 273 
276 285 295 303 309 314 324 333 341 343 348 352 
375 380 406 416 420 422 434 439 444 496 516 519 
531 551 561 568 572 586 597 615 622 625 627 639 
642 656 667 669 670 676 682 701 703 710 711 733 
738 744 750 753 760 782 784 793 799 
81
17 24 29 32 55 68 87 89 92 97 98 100 
119 120 127 140 148 183 196 203 219 233 243 245 
247 258 280 299 308 342 344 350 354 355 356 358 
376 393 396 400 405 414 415 425 427 437 452 459 
462 465 471 493 504 505 509 511 528 532 565 579 
595 599 613 623 634 635 642 652 661 699 700 730 
731 734 746 751 754 762 786 790 799 
74
22 24 28 48 64 65 72 82 87 89 92 103 
129 155 156 163 164 181 204 213 227 235 238 239 
244 251 263 269 283 289 293 302 317 321 322 326 
327 338 339 352 367 397 400 403 407 429 457 458 
459 462 484 485 492 509 515 516 530 534 552 553 
557 574 583 591 597 606 611 637 673 711 715 782 
794 798 
77
23 26 29 33 36 57 59 60 65 94 114 131 
138 139 153 196 214 221 227 239 244 249 262 279 
281 297 303 309 318 322 328 367 380 406 407 411 
415 423 425 433 445 468 503 521 524 531 543 553 
556 557 564 566 575 577 581 601 607 617 622 624 
630 660 690 696 699 709 724 726 729 737 741 744 
746 750 756 773 774 
94
1 6 15 21 36 58 78 123 132 140 155 159 
165 175 176 189 197 198 205 212 234 235 238 241 
245 250 252 254 264 286 297 309 312 322 324 332 
337 342 354 366 380 382 389 394 405 430 440 447 
450 462 463 469 473 477 479 482 488 499 502 507 
512 515 516 527 547 563 569 577 590 610 620 643 
646 649 650 655 665 673 677 679 682 697 706 734 
737 741 746 755 759 765 774 784 791 798 
73
3 14 22 30 35 37 43 52 68 71 95 101 
109 110 112 113 118 123 128 132 133 138 146 153 
157 161 167 189 201 219 222 225 231 245 256 264 
278 280 296 307 318 325 353 363 382 396 398 407 
411 421 424 436 447 473 486 524 529 545 548 550 
552 566 588 604 616 618 622 623 657 715 730 762 
797 
94
5 11 16 22 25 35 47 51 57 69 80 86 
87 93 113 114 136 139 149 163 165 179 180 192 
194 197 201 203 226 228 230 257 266 278 289 291 
300 310 331 332 336 373 383 386 399 407 411 422 
426 427 441 443 464 466 471 479 480 488 491 495 
501 515 537 541 542 550 568 585 594 638 639 643 
645 648 651 656 660 672 673 688 691 693 701 730 
731 736 742 746 750 766 773 776 784 790 
83
1 6 7 10 12 51 62 64 66 68 69 85 
86 92 100 104 109 116 133 137 142 150 170 182 
186 187 193 201 213 245 246 261 278 283 288 301 
302 312 322 326 354 356 362 398 418 422 430 431 
434 449 465 486 491 503 508 510 532 545 549 553 
583 599 602 605 608 611 624 634 635 655 656 668 
672 683 699 722 727 735 750 759 768 786 792 
85
8 13 18 24 27 37 41 53 68 75 81 86 
100 118 123 124 146 147 160 195 198 205 214 216 
223 228 238 244 248 249 251 273 280 281 284 301 
318 320 331 340 349 361 363 376 377 384 397 399 
402 430 432 435 476 481 491 508 511 524 525 554 
558 565 582 587 591 598 599 609 610 617 624 655 
658 666 677 699 708 720 721 728 758 768 770 771 
777 
82
1 2 11 20 27 31 39 41 42 45 55 91 
97 108 111 113 146 163 169 170 173 209 211 244 
246 262 270 280 283 302 303 308 311 320 326 335 
336 339 355 366 386 390 397 414 444 451 452 460 
485 489 492 505 517 522 523 525 532 537 558 595 
612 615 618 624 627 647 651 665 667 694 697 707 
722 729 741 743 748 749 756 769 780 786 
94
7 8 15 27 40 48 52 53 57 64 82 89 
95 107 108 150 158 173 174 177 188 194 214 219 
268 283 289 299 310 317 339 357 358 360 365 372 
373 374 376 391 392 401 405 412 417 430 437 444 
465 477 485 497 498 503 517 520 537 552 557 560 
564 595 598 599 601 602 608 620 626 627 628 639 
642 655 661 668 671 683 686 687 692 713 724 742 
748 750 753 754 766 773 779 781 792 800 
80
5 8 15 23 25 27 29 37 41 49 98 99 
102 121 130 152 168 172 186 190 191 198 220 221 
232 236 241 248 254 264 282 283 286 293 294 298 
312 318 348 360 365 389 392 395 404 409 412 434 
459 461 466 476 483 500 516 529 530 562 564 582 
593 600 601 602 621 626 631 657 692 698 699 725 
733 745 758 759 763 772 786 796 
87
7 12 30 41 47 67 72 75 81 89 90 91 
92 116 117 129 156 169 175 178 181 183 191 205 
206 210 221 252 276 293 303 315 318 327 333 334 
337 349 361 374 377 380 382 387 388 390 395 401 
407 416 419 435 451 453 455 478 492 493 511 565 
568 570 572 575 580 584 612 618 623 624 630 634 
648 662 663 669 672 687 689 703 716 751 752 760 
790 791 792 
73
5 10 14 18 24 31 43 44 67 72 84 138 
158 171 186 187 192 212 240 242 243 272 284 285 
303 313 330 338 347 381 384 386 404 411 425 431 
436 442 443 445 479 481 482 491 496 505 521 541 
542 551 567 575 596 604 613 620 634 635 645 657 
684 687 694 701 729 736 739 746 758 763 765 768 
772 
103
6 7 24 30 34 36 45 54 67 71 72 78 
80 91 101 102 107 109 124 143 169 173 178 183 
190 218 224 225 227 229 236 238 247 250 251 257 
267 274 279 282 285 290 304 316 325 328 334 352 
353 369 375 382 394 402 411 422 431 436 445 454 
466 469 476 481 490 513 521 526 562 572 573 576 
596 599 603 607 618 628 656 670 674 677 680 682 
683 686 688 695 696 702 704 705 706 707 718 735 
736 742 757 768 770 783 790 
89
18 26 30 31 63 76 77 81 93 97 100 101 
110 117 118 122 123 127 129 133 135 141 154 156 
175 182 186 187 228 231 244 268 269 270 283 284 
290 300 308 314 319 324 339 353 378 384 393 396 
411 441 447 481 542 543 547 559 588 589 605 615 
617 625 631 635 656 668 688 692 694 697 700 706 
708 740 742 743 749 756 767 769 774 779 780 784 
785 786 794 796 799 
76
2 3 32 51 53 63 73 84 104 123 157 168 
179 196 204 221 222 224 241 242 264 278 309 316 
324 331 339 341 352 365 373 381 407 411 415 420 
443 460 465 467 491 500 522 536 537 550 551 552 
594 597 608 613 645 653 655 662 663 664 676 687 
692 706 710 712 721 723 727 729 730 743 752 764 
775 779 782 800 
87
12 24 31 35 58 66 72 76 78 89 92 115 
129 133 140 141 143 196 218 224 237 240 259 275 
276 279 280 289 295 297 298 311 323 330 333 344 
346 347 353 358 359 366 376 455 460 477 483 494 
496 501 524 529 530 544 552 561 578 581 583 588 
594 598 599 605 617 620 629 633 652 654 667 678 
683 684 691 707 715 723 740 743 753 754 756 771 
777 782 786 
94
3 22 29 31 33 35 47 48 62 69 79 80 
96 99 105 109 121 123 125 132 149 152 171 174 
189 199 202 216 219 221 226 235 236 239 244 252 
253 259 264 267 269 272 273 277 278 283 295 296 
306 309 314 317 319 322 331 346 354 372 380 405 
420 432 441 451 452 467 480 493 513 538 559 597 
602 620 622 641 643 646 651 655 663 665 702 704 
709 723 747 752 756 769 771 787 791 796 
80
13 18 21 31 32 43 52 61 74 79 86 93 
103 110 120 129 132 142 162 184 187 199 202 208 
230 232 236 247 264 271 284 299 300 323 325 337 
342 359 362 393 395 417 424 436 461 464 466 471 
477 492 503 504 507 527 534 538 545 551 583 585 
596 599 602 660 662 666 688 704 705 715 718 724 
731 744 748 751 754 762 771 793 
68
22 31 42 43 62 77 84 118 128 137 141 143 
154 160 176 181 211 218 220 221 259 281 287 361 
370 376 380 387 390 392 403 416 417 440 445 463 
465 468 481 483 487 488 493 502 509 531 547 548 
549 558 560 580 600 616 633 642 647 651 653 661 
682 691 692 731 746 752 785 798 
68
5 7 8 9 17 24 29 41 47 49 78 94 
96 111 112 141 145 148 163 178 186 205 225 235 
246 252 262 265 267 287 310 317 318 341 343 344 
345 360 366 392 416 448 505 516 529 535 536 546 
567 583 600 617 619 624 634 636 654 676 690 698 
702 703 704 717 733 741 768 770 
77
17 27 52 54 74 76 80 123 139 146 158 160 
161 169 185 189 191 195 229 249 251 275 308 320 
333 337 346 375 397 400 401 402 403 405 406 411 
414 434 436 447 460 477 486 494 499 508 513 516 
522 530 532 533 549 563 566 589 592 611 621 622 
650 685 697 711 722 741 747 748 750 767 768 778 
784 787 793 798 799 
93
2 6 19 34 40 42 49 58 65 75 92 109 
110 123 138 139 143 148 160 165 168 190 192 206 
209 217 224 226 230 231 248 278 280 284 308 320 
325 340 345 346 347 392 396 408 416 432 444 453 
463 465 468 486 503 505 510 511 518 529 537 541 
544 564 572 582 591 605 621 622 627 629 635 638 
639 646 659 669 673 682 687 696 701 707 710 731 
739 743 744 752 755 776 785 787 790 
