200 800
1 1 1 1 1 1 1 1 1 1 1 1 
1 1 1 1 1 1 1 1 1 1 1 1 
1 1 1 1 1 1 1 1 1 1 1 1 
1 1 1 1 1 1 1 1 1 1 1 1 
1 1 1 1 1 1 1 1 1 1 1 1 
1 1 1 1 1 1 1 1 1 1 1 1 
1 1 1 1 1 1 1 1 1 1 1 1 
1 1 1 1 1 1 1 1 1 1 1 1 
1 1 1 1 1 1 1 1 1 1 1 1 
1 1 1 1 1 1 1 1 1 1 1 1 
1 1 1 1 1 1 1 1 1 1 1 1 
1 1 1 1 1 1 1 1 1 1 1 1 
1 1 1 1 1 1 1 1 1 1 1 1 
1 1 1 1 1 1 1 1 1 1 1 1 
1 1 1 1 1 1 1 1 1 1 1 1 
1 1 1 1 1 1 1 1 1 1 1 1 
1 1 1 1 1 1 1 1 1 1 1 1 
1 1 1 1 1 1 1 1 1 1 1 1 
1 1 1 1 1 1 1 1 1 1 1 1 
1 1 1 1 1 1 1 1 1 1 1 1 
1 1 1 1 1 1 1 1 1 1 1 1 
1 1 1 1 1 1 1 1 1 1 1 1 
1 1 1 1 1 1 1 1 1 1 1 1 
1 1 1 1 1 1 1 1 1 1 1 1 
1 1 1 1 1 1 1 1 1 1 1 1 
1 1 1 1 1 1 1 1 1 1 1 1 
1 1 1 1 1 1 1 1 1 1 1 1 
1 1 1 1 1 1 1 1 1 1 1 1 
1 1 1 1 1 1 1 1 1 1 1 1 
1 1 1 1 1 1 1 1 1 1 1 1 
1 1 1 1 1 1 1 1 1 1 1 1 
1 1 1 1 1 1 1 1 1 1 1 1 
1 1 1 1 1 1 1 1 1 1 1 1 
1 1 1 1 1 1 1 1 1 1 1 1 
1 1 1 1 1 1 1 1 1 1 1 1 
1 1 1 1 1 1 1 1 1 1 1 1 
1 1 1 1 1 1 1 1 1 1 1 1 
1 1 1 1 1 1 1 1 1 1 1 1 
1 1 1 1 1 1 1 1 1 1 1 1 
1 1 1 1 1 1 1 1 1 1 1 1 
1 1 1 1 1 1 1 1 1 1 1 1 
1 1 1 1 1 1 1 1 1 1 1 1 
1 1 1 1 1 1 1 1 1 1 1 1 
1 1 1 1 1 1 1 1 1 1 1 1 
1 1 1 1 1 1 1 1 1 1 1 1 
1 1 1 1 1 1 1 1 1 1 1 1 
1 1 1 1 1 1 1 1 1 1 1 1 
1 1 1 1 1 1 1 1 1 1 1 1 
1 1 1 1 1 1 1 1 1 1 1 1 
1 1 1 1 1 1 1 1 1 1 1 1 
1 1 1 1 1 1 1 1 1 1 1 1 
1 1 1 1 1 1 1 1 1 1 1 1 
1 1 1 1 1 1 1 1 1 1 1 1 
1 1 1 1 1 1 1 1 1 1 1 1 
1 1 1 1 1 1 1 1 1 1 1 1 
1 1 1 1 1 1 1 1 1 1 1 1 
1 1 1 1 1 1 1 1 1 1 1 1 
1 1 1 1 1 1 1 1 1 1 1 1 
1 1 1 1 1 1 1 1 1 1 1 1 
1 1 1 1 1 1 1 1 1 1 1 1 
1 1 1 1 1 1 1 1 1 1 1 1 
1 1 1 1 1 1 1 1 1 1 1 1 
1 1 1 1 1 1 1 1 1 1 1 1 
1 1 1 1 1 1 1 1 1 1 1 1 
1 1 1 1 1 1 1 1 1 1 1 1 
1 1 1 1 1 1 1 1 1 1 1 1 
1 1 1 1 1 1 1 1 
76
1 3 16 21 23 25 35 36 39 51 57 63 
68 74 87 101 110 111 146 153 166 188 199 201 
207 226 240 242 253 257 264 266 277 303 324 342 
344 352 357 367 377 388 393 399 408 423 445 446 
447 459 473 475 476 491 507 511 514 526 537 546 
551 590 591 601 602 609 620 643 663 676 695 705 
709 731 772 784 
81
3 5 58 87 106 109 110 116 126 130 144 153 
169 176 188 189 218 221 225 232 252 253 267 272 
275 288 307 319 321 330 334 349 368 369 371 373 
375 377 386 387 400 409 423 432 434 439 441 464 
466 473 474 481 530 531 553 568 572 603 622 623 
626 635 643 650 654 670 701 714 727 738 743 748 
758 762 765 771 774 783 784 787 797 
77
12 23 40 44 60 72 100 115 118 136 138 140 
141 150 155 171 175 177 182 202 211 228 245 247 
282 303 305 315 348 350 358 360 366 370 373 397 
398 410 421 424 438 443 487 490 500 504 507 510 
514 518 519 524 530 579 584 588 595 603 649 654 
661 668 675 684 687 692 701 705 722 736 743 753 
755 758 766 772 787 
88
1 2 9 10 17 27 35 51 57 61 68 75 
77 80 86 90 100 112 128 140 156 164 182 192 
207 210 221 226 228 233 236 250 251 256 282 283 
297 300 307 336 342 362 366 369 379 400 401 432 
434 449 466 474 480 482 495 501 503 504 513 514 
517 523 545 554 557 586 599 617 623 629 664 669 
673 689 695 702 709 718 720 738 739 750 758 763 
770 774 777 799 
92
4 8 11 25 27 32 43 48 49 69 78 79 
83 100 103 109 116 117 123 149 165 166 189 193 
213 232 236 241 272 295 301 314 317 321 335 337 
339 343 348 349 351 387 413 423 424 436 445 448 
470 477 478 485 486 489 500 503 515 516 517 519 
522 527 540 550 554 555 564 573 574 575 582 592 
597 603 616 619 620 631 632 635 652 658 661 678 
679 680 719 744 757 760 795 796 
93
5 7 21 28 29 31 35 49 54 63 66 91 
98 102 103 118 124 157 159 164 168 203 205 207 
217 230 233 237 277 296 301 308 309 350 370 371 
380 383 388 391 400 403 415 416 418 421 441 443 
445 472 500 506 520 530 535 536 538 540 549 559 
575 580 583 587 595 598 601 610 627 641 643 654 
657 661 668 673 677 679 697 712 719 722 723 726 
728 756 763 764 775 782 784 788 791 
79
1 40 42 56 62 64 124 126 129 135 141 143 
144 151 154 162 177 185 197 203 231 238 245 264 
267 268 270 272 274 282 302 304 344 358 359 380 
386 398 399 410 411 434 443 453 459 461 467 469 
484 511 550 555 567 573 595 604 620 623 631 646 
652 659 679 691 698 705 709 716 723 724 727 732 
746 755 761 767 777 782 792 
71
6 24 26 32 54 59 67 84 88 100 102 108 
136 137 141 150 151 158 167 205 206 214 240 241 
252 253 269 295 302 312 320 341 368 374 398 407 
439 445 480 482 483 484 487 518 535 552 560 577 
582 608 611 621 633 641 646 654 663 674 686 689 
690 693 695 712 720 726 734 751 757 786 795 
73
2 13 70 71 81 85 106 116 117 126 129 134 
137 163 171 174 176 183 190 195 204 205 208 213 
249 250 261 274 276 281 304 328 364 367 370 383 
384 386 397 401 402 445 446 466 467 481 490 524 
545 556 586 588 595 603 606 610 636 662 663 668 
679 680 684 696 698 709 720 738 740 741 744 770 
772 
83
10 14 35 38 40 43 44 63 74 91 109 116 
131 152 160 163 167 196 201 202 205 239 284 285 
298 308 324 325 336 348 350 360 365 370 378 386 
397 401 402 407 411 448 454 456 457 463 492 494 
496 498 501 505 509 529 533 535 539 546 549 553 
559 566 584 589 602 606 619 620 637 646 650 653 
670 676 678 682 729 748 752 765 767 772 780 
66
3 10 72 73 82 92 96 99 103 115 126 139 
142 145 160 184 187 251 268 283 286 291 302 305 
316 323 331 333 344 354 381 388 400 405 472 473 
477 490 517 518 524 528 534 539 542 565 570 604 
623 624 638 643 671 678 681 683 688 696 713 720 
732 751 752 759 769 773 
86
24 25 29 43 48 52 64 76 88 137 143 144 
158 172 203 215 219 233 239 249 254 304 307 310 
311 315 321 332 340 355 358 362 365 367 380 382 
387 388 395 400 404 405 411 414 418 423 441 445 
453 457 469 503 506 523 529 535 538 540 560 588 
609 619 629 642 653 666 668 675 677 681 685 687 
699 702 704 721 723 725 733 742 751 752 763 764 
786 791 
92
1 18 52 58 61 86 92 106 158 159 194 196 
211 237 240 243 247 248 269 290 292 321 337 342 
346 347 352 368 373 375 386 410 411 415 429 440 
446 459 463 466 468 476 497 510 515 520 527 530 
535 536 539 549 554 565 572 591 593 595 597 600 
611 615 617 619 627 632 645 664 665 668 671 672 
681 682 686 689 693 697 700 707 711 714 725 737 
748 761 763 765 775 787 788 791 
70
15 20 41 91 97 110 140 151 155 171 176 198 
228 236 262 295 329 331 332 333 346 355 373 383 
387 394 423 424 428 440 442 445 446 466 468 470 
482 493 503 508 512 515 518 527 529 544 554 555 
581 598 599 603 610 613 622 624 630 632 638 662 
666 683 698 702 717 728 748 757 778 785 
80
10 20 21 23 37 38 77 79 81 84 94 99 
121 129 136 146 151 165 167 177 187 194 201 216 
220 244 252 266 275 293 304 308 326 329 364 369 
372 374 380 386 391 405 406 408 436 456 466 472 
473 485 492 500 512 515 519 521 545 560 565 572 
578 596 610 612 630 649 652 675 681 685 687 694 
695 709 711 746 771 772 781 796 
74
5 12 19 27 55 59 61 73 75 90 125 128 
139 150 164 184 227 235 243 244 260 266 272 274 
276 284 287 293 300 302 313 322 323 325 350 364 
391 406 410 411 412 427 438 441 457 482 488 494 
508 532 541 542 559 563 575 604 611 626 642 644 
645 650 656 672 680 684 689 701 708 710 716 721 
724 749 
83
5 10 15 28 32 58 64 65 78 79 98 107 
110 114 129 153 188 195 199 206 231 240 243 253 
255 260 276 295 300 313 314 320 328 364 376 385 
406 407 416 421 422 424 447 448 450 451 457 458 
463 464 470 477 487 508 510 516 523 537 538 542 
543 555 558 589 593 597 604 628 629 637 638 668 
681 698 711 724 725 733 743 746 748 756 758 
69
7 12 13 15 17 20 26 36 53 110 153 171 
184 188 191 196 199 210 214 250 258 265 267 268 
278 287 297 301 310 314 320 336 353 382 391 405 
411 441 445 462 493 505 507 510 511 519 526 575 
593 597 601 602 604 610 619 624 647 651 656 661 
662 680 681 697 706 719 761 764 800 
69
9 19 57 73 74 100 105 117 146 152 158 173 
182 220 222 228 238 244 255 268 290 292 317 338 
343 378 392 396 397 401 436 461 466 467 477 493 
515 528 538 539 549 556 566 587 590 594 596 605 
609 618 642 650 653 657 663 669 684 689 691 702 
709 731 745 752 754 760 771 774 786 
85
2 4 7 20 46 51 52 66 80 84 104 110 
118 126 138 139 150 153 169 177 182 202 203 231 
233 240 244 247 253 277 281 284 290 294 300 311 
321 328 336 347 363 384 394 400 428 433 436 444 
463 469 491 494 497 500 509 511 513 520 546 554 
572 581 584 589 590 593 619 621 623 645 677 679 
694 700 705 718 720 774 778 782 784 791 793 795 
797 
67
2 4 5 11 63 77 102 116 142 144 148 203 
217 228 231 238 248 274 302 309 311 337 340 362 
381 386 395 398 404 416 438 439 443 453 458 469 
474 483 499 504 508 509 512 541 580 586 588 589 
596 614 618 649 671 680 692 703 709 732 735 737 
754 757 769 772 778 782 793 
76
4 6 15 16 34 39 63 67 81 95 100 104 
106 111 119 130 133 148 158 176 179 210 247 271 
278 279 280 304 307 309 319 321 322 324 354 368 
374 391 413 421 422 439 452 453 470 493 509 515 
533 538 539 559 565 574 576 583 587 596 602 605 
613 633 657 658 665 687 697 711 718 752 758 766 
769 779 787 789 
69
3 11 38 45 74 88 113 129 149 150 162 192 
193 195 197 205 209 227 233 237 248 270 277 314 
324 327 340 347 348 353 355 360 362 365 387 404 
425 441 442 471 480 487 491 492 494 521 534 540 
542 543 561 571 592 601 602 618 633 651 662 664 
677 680 683 691 700 724 735 747 796 
66
8 12 13 14 16 18 33 41 44 45 62 85 
89 161 180 185 209 221 229 238 260 266 268 276 
305 312 324 325 346 351 362 381 392 434 448 449 
459 465 488 523 535 554 563 566 569 585 593 598 
600 631 642 679 704 707 708 724 731 734 744 748 
749 755 763 768 779 783 
59
17 27 34 46 52 89 93 122 185 199 223 224 
231 235 274 307 321 344 352 360 363 366 378 392 
393 398 415 462 483 486 516 519 522 533 535 540 
543 549 559 560 577 585 586 598 606 621 627 630 
672 683 687 723 725 731 739 763 766 779 790 
76
3 14 30 31 62 116 126 129 135 140 144 146 
154 161 162 175 191 201 211 214 227 237 273 275 
291 294 298 303 324 332 340 342 366 367 376 380 
385 404 429 436 462 475 492 500 503 510 512 518 
524 539 541 576 582 594 599 611 631 648 659 664 
678 679 685 687 707 716 717 719 723 726 742 746 
772 776 793 799 
90
34 35 71 73 83 91 100 104 114 117 143 155 
174 197 199 213 218 220 226 231 234 254 255 259 
271 284 289 294 298 307 321 328 340 343 351 364 
379 381 383 384 394 398 404 411 414 415 420 425 
437 449 461 467 473 474 484 500 506 511 517 523 
532 539 549 560 583 584 598 619 621 632 634 643 
648 649 657 682 686 688 713 747 757 764 770 777 
779 780 783 788 789 797 
70
1 9 15 16 26 29 48 53 83 89 109 171 
189 227 249 251 260 282 293 323 335 339 343 346 
350 355 367 369 373 377 378 405 424 428 432 435 
440 446 463 472 480 486 505 526 532 541 546 561 
563 567 577 619 636 637 663 676 707 716 734 752 
755 756 764 765 771 780 791 793 794 800 
89
5 10 12 25 26 41 52 59 66 76 80 91 
94 120 128 153 158 169 171 182 194 206 211 218 
245 249 254 274 275 276 279 282 283 318 321 330 
333 334 341 367 382 390 405 411 435 440 442 448 
454 465 467 470 489 493 498 505 528 531 532 551 
553 555 564 571 575 576 579 605 634 636 651 654 
666 720 721 728 729 736 739 743 746 751 755 761 
763 764 771 773 792 
87
2 6 7 29 37 38 47 60 71 78 81 91 
98 106 107 111 115 121 122 123 131 132 138 180 
200 222 225 229 243 245 251 252 256 261 264 276 
293 304 317 322 325 339 342 360 361 404 405 416 
442 461 467 470 478 493 496 518 525 526 527 534 
570 572 586 605 609 612 614 616 618 623 639 642 
646 649 653 659 667 687 699 700 703 715 738 756 
780 789 792 
84
3 22 57 63 64 75 76 87 101 111 113 121 
125 130 133 137 156 170 186 195 204 206 210 233 
251 292 300 315 339 341 351 355 356 364 365 381 
405 438 446 463 468 472 475 496 497 504 516 517 
528 532 537 553 559 562 598 600 602 608 622 631 
636 642 648 651 654 658 672 689 693 696 697 700 
708 710 711 738 745 746 748 755 764 766 790 793 
79
3 35 73 74 100 105 114 117 135 137 173 183 
191 202 213 216 230 254 265 266 270 282 302 303 
304 313 315 334 372 373 374 387 391 410 418 420 
432 436 440 450 461 468 489 494 495 496 501 503 
509 510 516 518 519 544 568 589 591 618 620 632 
636 637 643 647 685 689 699 705 716 720 738 740 
745 758 759 761 770 797 799 
84
18 21 23 33 34 44 49 53 70 94 100 110 
124 154 177 184 192 195 198 214 237 247 251 257 
290 301 304 307 315 316 317 323 326 340 361 362 
383 395 410 419 433 437 460 465 469 498 505 509 
514 515 543 548 549 573 575 579 589 605 617 618 
619 640 643 650 659 660 667 673 676 678 679 693 
699 704 707 709 713 718 720 734 737 754 794 799 
71
6 7 9 28 42 46 47 54 57 66 74 86 
88 106 114 136 139 146 162 190 206 208 217 224 
225 230 232 238 251 262 280 300 307 311 317 323 
324 336 361 364 365 382 397 400 403 412 435 474 
494 506 517 537 546 551 553 554 578 594 604 613 
614 630 660 662 666 681 752 762 783 784 788 
82
4 30 43 49 52 53 84 88 115 119 122 129 
135 137 139 149 156 163 192 212 214 222 236 254 
276 278 285 287 298 302 305 306 310 317 321 329 
337 344 351 355 361 376 384 389 398 428 432 434 
437 442 443 452 464 483 490 492 507 511 514 523 
582 601 613 639 641 650 655 661 680 693 695 699 
701 722 730 733 761 780 787 788 793 795 
67
1 50 56 71 92 98 108 114 156 159 164 165 
168 185 189 198 217 230 232 235 240 241 243 252 
283 286 299 305 348 353 356 403 404 415 418 436 
443 454 460 464 476 478 504 512 522 527 530 570 
571 585 587 593 604 653 656 673 684 694 698 722 
723 749 756 758 761 795 796 
84
18 20 28 35 41 63 72 75 89 92 114 133 
135 151 173 179 185 188 202 203 225 234 247 255 
260 263 265 284 308 335 338 357 374 396 399 412 
419 422 434 449 452 466 475 492 493 507 509 510 
515 523 527 541 550 563 571 579 590 603 604 611 
645 653 670 678 681 686 689 691 693 704 705 710 
714 718 732 747 754 755 756 758 774 779 782 785 
81
8 9 25 41 43 50 53 67 70 84 102 108 
128 141 163 167 170 189 210 214 235 238 256 259 
294 316 331 334 348 353 355 358 361 373 398 416 
430 431 452 463 477 480 495 497 498 522 526 544 
546 549 569 570 586 587 605 606 608 614 634 636 
642 643 652 663 671 674 687 688 690 693 712 713 
722 723 725 726 745 759 769 775 782 
75
1 6 36 44 56 83 84 136 142 143 144 160 
170 171 174 184 189 206 219 221 238 249 255 264 
274 284 313 316 319 325 327 335 342 345 348 358 
362 369 380 384 392 398 409 430 440 447 456 479 
485 519 535 537 538 541 581 604 612 625 636 638 
667 670 676 689 695 699 712 720 725 741 747 761 
771 783 785 
79
20 24 47 60 61 81 86 101 103 109 120 124 
128 134 144 182 185 192 195 204 215 219 231 244 
246 253 260 270 302 312 318 323 325 341 346 357 
367 381 393 398 414 437 451 462 479 496 497 509 
514 521 522 540 546 553 572 573 588 590 591 595 
598 614 633 635 639 647 657 658 677 699 704 717 
719 762 763 768 780 781 799 
89
3 13 21 37 42 47 69 71 83 88 111 112 
113 132 135 150 154 170 186 192 197 199 203 207 
216 218 237 244 255 266 280 291 320 326 347 348 
352 379 382 383 389 400 405 412 465 474 476 484 
490 497 507 509 510 532 541 542 549 559 574 594 
603 617 621 622 623 637 641 655 658 662 665 668 
671 675 680 685 691 700 702 723 725 728 733 741 
748 769 777 790 793 
69
5 11 24 32 38 74 76 78 79 84 107 143 
159 176 191 210 216 220 235 238 251 253 287 288 
295 316 321 333 358 402 429 430 447 455 456 468 
475 495 498 531 546 566 580 588 590 595 619 634 
650 662 666 670 674 696 701 702 712 721 725 726 
731 736 753 766 773 783 787 799 800 
73
7 27 31 38 57 69 91 95 106 109 139 144 
150 172 178 182 203 206 210 214 221 230 234 246 
252 263 265 267 302 306 316 319 327 335 351 368 
389 397 398 401 414 429 443 447 448 464 465 469 
476 487 491 495 502 513 518 566 594 600 605 625 
636 643 651 654 659 695 716 728 738 775 784 796 
800 
71
10 20 65 67 91 92 99 115 117 119 123 129 
147 168 172 174 184 189 191 198 211 217 249 268 
278 282 290 345 347 352 356 360 366 373 381 398 
411 464 471 474 505 511 524 550 552 562 565 567 
574 575 581 586 599 610 614 633 646 682 689 696 
698 700 709 720 722 735 744 758 761 767 792 
75
10 12 18 20 26 28 39 47 51 60 63 65 
69 76 87 101 120 129 136 139 157 164 172 173 
182 195 225 233 242 285 290 291 302 331 352 415 
417 422 428 433 481 482 487 488 500 507 509 525 
535 544 566 583 608 609 622 641 643 658 660 666 
676 694 697 707 718 726 730 738 755 760 768 771 
777 792 799 
87
1 7 39 49 82 92 94 96 114 118 120 129 
141 144 145 149 169 188 194 195 203 214 218 219 
221 224 225 233 247 252 263 268 269 277 279 283 
315 321 322 331 352 353 369 371 372 374 377 387 
417 418 419 450 459 464 465 497 512 517 525 531 
534 544 546 557 563 566 567 574 575 579 603 607 
608 619 636 657 671 683 692 700 711 723 751 752 
757 762 777 
69
1 19 28 48 50 57 65 73 81 98 104 110 
121 126 131 154 162 164 173 174 189 193 196 203 
209 223 254 255 266 272 280 288 305 336 346 359 
379 402 428 434 438 454 460 471 485 489 519 526 
527 533 556 562 575 585 587 647 660 663 680 682 
689 700 701 711 748 761 778 785 790 
81
26 36 43 45 48 54 60 62 67 74 83 85 
87 92 94 111 121 123 131 140 146 166 177 184 
186 193 204 206 212 231 233 239 245 283 293 321 
329 364 371 384 401 409 411 412 419 423 432 436 
453 471 475 487 492 515 540 569 570 576 577 580 
581 638 663 676 677 681 686 692 694 706 714 731 
732 738 739 759 765 772 780 787 794 
73
5 12 17 37 46 61 75 98 104 105 106 136 
140 152 166 205 209 223 235 238 252 256 286 300 
316 328 330 345 374 381 384 386 408 410 421 424 
434 439 452 459 468 477 510 539 563 573 575 577 
579 580 584 596 600 606 622 626 627 630 633 639 
650 665 667 675 681 688 690 739 743 746 747 774 
800 
77
2 3 5 11 20 41 46 58 64 74 75 85 
106 107 113 125 133 157 168 173 178 182 183 197 
207 208 214 228 233 235 244 267 270 289 297 317 
320 349 351 386 387 392 401 424 433 436 440 447 
465 471 489 492 522 526 543 544 555 571 581 597 
610 629 631 657 672 673 679 688 691 695 712 747 
750 762 767 771 791 
95
10 12 14 15 25 29 47 66 67 78 79 80 
81 82 88 96 105 111 116 120 121 137 140 141 
154 159 160 164 184 192 201 205 209 218 230 239 
243 247 264 265 298 302 314 315 320 334 346 349 
352 374 390 402 411 415 423 445 469 480 484 486 
496 498 512 517 527 530 531 535 545 569 580 587 
590 591 593 595 599 604 617 621 631 662 669 670 
692 707 713 726 728 760 762 767 778 782 798 
86
6 10 15 16 20 21 45 47 59 63 64 72 
77 79 111 119 133 141 149 150 164 168 172 174 
182 205 207 210 212 215 222 231 233 262 275 293 
311 320 325 354 358 369 374 381 385 387 391 409 
421 445 447 462 476 480 485 491 494 508 517 540 
554 575 577 587 588 600 601 602 608 637 639 640 
646 654 666 691 699 702 703 706 759 783 784 791 
792 793 
79
13 36 59 72 80 81 110 112 117 125 134 153 
159 171 177 179 192 204 220 233 249 258 259 274 
295 299 303 305 309 332 335 360 362 370 376 381 
404 412 413 418 437 438 444 450 454 489 490 493 
495 503 548 556 561 570 589 597 603 620 628 629 
631 652 655 658 660 674 684 693 709 711 713 714 
716 736 762 766 782 785 798 
96
2 4 17 28 31 36 56 68 72 74 75 78 
80 85 93 96 100 118 123 127 140 158 161 164 
172 184 192 193 205 211 218 223 228 231 232 237 
244 256 267 269 271 285 286 287 302 304 318 331 
336 342 345 347 351 359 361 365 381 389 401 403 
411 415 426 430 450 457 485 488 533 554 555 562 
595 596 608 612 622 627 634 654 662 669 682 686 
710 712 715 721 730 731 738 749 767 794 797 800 
63
46 58 62 65 69 115 119 133 147 164 187 211 
221 228 230 238 244 260 272 306 308 325 340 360 
363 409 413 423 424 444 451 477 499 508 509 524 
537 545 564 570 574 575 580 589 602 611 613 651 
657 662 667 670 674 683 689 692 699 701 703 713 
719 728 732 
82
5 10 31 52 53 55 83 88 89 92 108 115 
120 131 142 144 151 152 177 193 206 210 227 241 
243 260 261 266 276 312 314 330 342 344 351 353 
379 380 400 402 408 446 452 454 471 481 489 497 
509 513 515 519 528 530 533 538 549 564 575 594 
600 607 608 610 614 617 654 657 678 684 686 693 
696 709 720 725 741 758 763 766 775 787 
81
1 14 18 28 34 49 60 67 80 91 111 131 
132 138 140 141 144 145 153 185 199 203 230 240 
243 252 262 263 267 275 282 295 316 323 327 360 
367 370 373 405 423 429 437 443 444 446 451 452 
453 465 471 478 528 531 536 542 559 561 598 603 
604 608 616 624 626 637 640 645 648 668 675 686 
698 728 730 748 749 752 777 795 800 
66
8 27 40 44 50 57 91 113 119 125 127 133 
134 146 154 191 192 193 198 220 232 235 261 277 
283 291 305 308 309 311 314 315 317 346 381 436 
490 499 500 522 525 531 535 557 561 584 585 586 
588 597 625 626 628 633 634 645 650 662 666 684 
689 710 714 733 759 793 
77
2 9 13 14 31 47 49 54 61 69 73 74 
80 85 88 92 94 98 101 105 107 159 160 172 
175 176 196 208 239 255 260 270 281 287 295 316 
323 342 355 376 377 383 384 387 394 416 427 445 
474 477 478 481 490 491 502 507 516 521 530 540 
558 568 591 605 615 622 654 663 666 679 681 685 
700 701 731 761 768 
80
8 12 32 34 44 57 62 81 87 109 110 118 
135 142 146 147 149 153 163 189 192 197 199 207 
246 248 253 260 261 268 276 307 309 313 320 347 
359 387 391 407 422 423 428 439 447 460 482 491 
498 509 518 520 532 539 542 544 559 573 578 590 
600 603 609 622 654 671 673 682 712 732 733 746 
753 762 769 772 774 777 786 796 
85
1 4 13 19 88 103 105 107 115 130 142 143 
145 175 183 192 196 202 223 230 249 254 271 282 
309 331 336 351 357 366 374 376 382 383 393 394 
405 413 415 420 421 422 426 445 448 450 464 467 
470 485 486 492 497 502 529 540 543 545 561 588 
593 615 616 619 621 625 629 642 658 668 678 698 
703 708 710 713 727 734 744 748 763 765 766 770 
798 
60
7 17 57 64 68 73 90 101 107 111 116 121 
124 127 135 147 152 153 173 185 189 201 221 257 
278 292 326 335 340 355 391 417 426 438 439 457 
462 474 496 499 503 532 547 560 579 592 603 616 
622 628 632 676 699 738 743 770 777 787 796 800 
83
34 52 53 55 58 59 61 98 99 114 118 130 
141 148 154 156 192 193 205 209 220 224 230 231 
233 239 257 264 266 282 284 302 308 328 334 351 
353 364 365 375 386 396 402 409 415 417 426 428 
444 457 469 475 483 484 524 533 534 549 552 555 
560 584 589 598 605 647 651 652 690 696 700 705 
710 714 730 731 737 742 745 764 786 789 800 
76
4 23 34 67 78 82 87 112 122 128 161 167 
168 169 177 178 193 195 198 206 216 220 256 270 
285 299 320 323 335 347 358 370 429 431 434 436 
441 461 463 469 475 486 514 521 530 532 535 537 
551 559 560 577 605 612 616 624 626 628 630 633 
638 641 673 682 688 700 701 723 734 738 739 746 
748 755 785 800 
83
3 23 25 41 43 51 58 60 71 92 93 128 
132 145 180 182 205 214 236 239 269 285 306 307 
308 320 337 339 344 358 366 372 373 386 400 401 
417 425 430 431 442 443 449 450 466 469 471 475 
486 492 499 525 531 533 537 543 551 553 564 566 
574 605 614 620 635 666 668 671 676 699 706 712 
715 726 731 738 743 750 755 763 775 780 791 
76
4 5 13 16 28 32 33 39 56 59 68 78 
88 91 95 127 151 153 167 170 177 180 201 214 
228 244 262 294 295 306 339 340 355 358 364 365 
399 409 425 435 457 464 492 500 508 526 547 549 
561 588 592 593 599 602 616 630 632 633 642 672 
673 676 684 707 715 716 718 721 742 753 759 770 
790 792 794 796 
81
16 32 39 42 44 47 52 53 63 64 77 90 
96 123 143 144 155 168 174 180 183 192 227 263 
264 299 311 319 323 342 344 351 356 381 383 393 
398 408 411 420 432 441 444 456 464 472 476 503 
507 512 516 519 532 538 548 551 567 581 587 598 
605 615 625 633 665 676 678 688 692 698 700 702 
705 707 718 757 767 770 786 791 796 
72
17 20 34 42 43 60 71 90 98 103 108 127 
131 138 152 165 170 177 178 183 190 195 220 225 
246 249 256 265 301 302 319 321 323 327 330 356 
360 385 389 401 403 404 412 454 468 470 492 512 
520 531 532 542 556 573 576 582 610 631 632 642 
645 651 671 692 703 714 727 735 745 765 775 800 
73
1 8 16 18 39 61 67 79 80 83 92 126 
130 135 148 164 171 176 180 191 193 207 221 222 
226 242 249 257 264 267 272 273 322 339 375 388 
409 420 458 463 479 482 493 496 498 500 508 510 
516 524 533 540 557 587 595 597 598 615 618 671 
690 692 705 712 716 718 733 741 748 750 759 772 
786 
79
12 13 78 82 86 92 96 97 98 102 107 118 
123 127 131 134 145 150 156 168 176 178 184 192 
205 208 227 251 265 268 271 280 334 340 351 353 
360 363 364 370 372 374 398 399 402 443 451 459 
475 483 484 486 497 513 520 557 564 588 604 605 
620 654 656 658 662 664 691 698 704 713 719 727 
736 741 745 747 750 775 779 
81
11 37 44 52 58 73 75 78 85 92 94 109 
112 113 114 135 136 138 140 157 181 182 186 245 
247 254 269 280 282 296 299 301 303 309 317 322 
335 336 338 367 380 432 447 457 458 472 475 487 
490 493 499 502 503 540 543 553 564 590 620 626 
627 638 641 646 652 662 667 669 696 705 718 721 
722 723 731 744 747 772 788 789 796 
92
18 26 28 30 34 53 54 59 87 89 169 171 
172 182 188 197 201 218 221 248 257 262 265 307 
308 331 335 337 343 345 349 351 357 368 371 373 
376 389 415 425 428 437 446 453 457 476 477 479 
485 491 493 498 504 520 522 528 547 557 561 569 
570 593 597 603 613 616 634 656 657 659 664 679 
688 694 697 698 733 734 744 751 756 758 770 772 
774 775 778 782 783 784 788 790 
72
9 10 17 26 27 68 72 83 99 104 146 154 
189 199 212 226 229 272 284 289 298 311 359 375 
418 423 432 434 455 457 461 464 475 476 489 497 
503 504 506 512 529 548 551 555 556 557 570 572 
573 585 618 635 638 644 657 667 698 701 712 725 
727 732 755 756 775 786 787 791 795 797 798 800 
73
5 9 17 43 47 50 57 76 80 100 115 127 
148 152 162 188 191 222 227 230 241 265 282 312 
315 322 327 329 341 357 363 371 376 383 385 388 
404 405 409 425 460 470 498 514 524 531 543 556 
559 566 576 583 626 632 633 639 640 645 661 668 
684 700 716 718 721 728 744 749 754 758 781 782 
794 
85
2 4 27 45 48 58 73 83 91 99 100 102 
105 108 114 127 132 146 147 170 205 207 225 233 
242 244 254 264 265 271 274 276 277 279 281 285 
314 317 322 335 343 356 363 370 378 405 422 423 
425 430 436 438 442 451 456 484 526 528 537 544 
548 556 558 581 583 600 603 612 618 621 634 639 
651 654 657 663 669 677 689 691 708 709 763 768 
776 
77
3 30 34 44 48 74 77 87 93 97 99 100 
107 109 118 123 124 162 168 184 216 220 224 250 
255 266 280 285 286 305 308 318 343 358 360 362 
364 371 384 396 400 410 416 417 420 424 431 432 
434 442 444 445 474 512 524 545 568 581 594 595 
597 617 621 658 661 663 678 689 708 724 731 735 
773 787 788 790 792 
85
1 13 24 25 29 38 43 50 53 68 80 81 
82 85 93 95 104 105 106 109 125 126 129 146 
147 150 160 178 187 192 207 213 216 221 222 265 
288 291 296 297 298 299 321 372 373 386 401 411 
419 420 431 435 447 458 461 469 479 490 513 524 
534 543 547 551 561 581 591 595 604 619 648 653 
654 657 675 679 704 705 714 720 740 744 749 750 
786 
77
11 14 43 65 71 73 92 94 110 120 126 141 
150 151 157 159 171 174 211 214 272 277 288 289 
290 304 323 330 350 354 369 373 378 382 386 399 
401 407 408 434 435 439 448 453 478 482 485 486 
489 502 508 517 522 524 538 542 550 558 569 588 
590 594 660 664 678 681 684 703 704 706 711 732 
737 743 775 790 793 
83
6 25 27 36 48 57 61 66 67 92 106 136 
139 144 154 173 175 178 186 200 210 215 220 222 
231 232 233 240 260 265 271 292 306 323 324 325 
326 328 329 349 357 365 372 381 385 390 394 395 
424 438 461 472 486 490 495 506 509 517 521 531 
532 537 584 589 594 597 641 652 676 680 682 685 
688 690 713 728 742 745 752 763 769 776 798 
81
5 14 17 27 28 45 53 59 78 85 91 97 
104 105 116 117 120 129 145 156 175 189 190 204 
217 261 264 280 297 306 316 327 335 339 369 374 
375 379 389 397 402 410 424 438 440 459 464 477 
481 499 513 519 544 561 562 567 570 571 580 582 
586 591 601 618 634 652 653 663 666 670 689 705 
709 713 731 737 742 763 768 776 800 
91
16 29 33 36 56 58 59 61 67 74 94 122 
128 133 135 137 158 161 164 185 192 194 209 215 
220 244 246 251 259 270 274 285 296 297 299 305 
324 326 328 335 344 346 356 361 382 394 411 418 
440 456 457 472 473 481 491 506 514 517 522 536 
548 566 579 589 596 612 615 618 619 622 628 650 
652 653 657 659 683 689 690 703 707 712 723 735 
737 741 751 758 777 794 800 
76
1 43 51 58 61 70 72 74 87 90 92 102 
126 143 156 159 170 173 174 177 209 210 218 231 
244 255 263 296 301 324 327 338 346 367 380 381 
382 402 404 429 437 445 463 487 510 512 516 518 
536 562 568 577 579 588 593 623 627 640 644 683 
687 689 696 698 722 738 739 743 748 751 754 758 
769 772 791 796 
86
11 22 23 30 40 44 49 50 51 66 69 76 
84 88 93 114 123 140 151 160 166 187 214 220 
222 234 240 249 255 281 293 294 303 304 313 327 
345 348 354 376 378 386 406 408 409 433 435 453 
470 495 497 503 511 512 523 529 537 544 551 562 
571 584 585 601 611 613 629 644 651 652 678 679 
680 683 685 687 705 723 740 743 751 757 775 778 
790 796 
99
21 24 27 28 33 36 70 76 81 90 93 94 
99 113 116 119 122 134 143 144 154 157 160 165 
173 176 187 198 218 221 227 239 251 263 279 287 
289 290 294 299 302 310 317 326 334 343 352 363 
366 386 394 404 411 412 415 443 447 451 463 464 
474 478 499 527 542 546 547 549 555 565 568 576 
579 580 591 597 603 605 606 611 615 620 621 629 
653 661 669 683 700 721 753 759 760 762 763 769 
774 784 797 
69
11 22 60 85 90 93 120 134 139 152 182 187 
226 230 235 251 257 259 277 293 298 301 325 331 
341 366 379 394 398 400 405 421 445 450 451 461 
471 477 480 489 503 546 548 553 583 589 592 613 
618 635 642 647 650 653 659 668 690 704 706 725 
730 733 740 746 775 776 779 789 798 
72
3 9 11 17 19 23 45 47 62 68 74 83 
84 91 106 109 123 135 140 158 164 166 180 203 
206 216 218 222 225 229 255 289 336 350 384 397 
404 428 430 447 448 459 475 481 482 483 486 514 
534 541 547 559 587 600 630 634 639 647 665 673 
675 677 685 692 696 698 703 724 758 765 784 799 
66
5 7 69 82 104 118 119 158 193 201 206 209 
210 217 258 265 271 280 303 305 306 335 340 343 
379 392 407 414 432 435 450 451 455 459 482 487 
510 512 526 544 563 566 584 600 608 628 629 665 
675 679 681 700 702 705 713 716 720 723 732 737 
738 744 747 774 798 799 
74
4 10 41 69 80 95 105 113 120 124 165 170 
185 188 190 201 202 204 205 228 262 270 279 286 
287 333 344 358 383 395 412 423 425 430 452 474 
476 493 501 518 538 541 547 563 566 577 578 587 
596 598 601 628 650 651 652 660 667 678 686 689 
692 697 698 700 711 731 743 747 753 761 764 771 
778 795 
78
1 21 25 30 38 45 49 53 55 59 68 84 
102 103 120 127 132 140 149 153 157 159 166 190 
197 198 232 234 238 243 260 293 295 309 348 356 
413 423 439 442 467 475 503 507 509 521 533 540 
549 562 567 569 570 588 595 606 620 630 638 640 
648 649 653 656 673 678 693 706 721 733 735 738 
740 755 767 769 773 778 
89
7 33 66 79 89 95 100 107 109 119 121 125 
140 141 143 165 171 172 178 183 194 200 216 223 
248 250 252 255 263 280 293 314 318 320 323 337 
344 358 359 368 375 393 396 427 429 431 443 445 
461 473 491 492 494 499 507 508 512 514 519 527 
530 533 536 541 546 554 563 565 569 577 580 581 
583 587 593 599 606 618 626 629 660 663 688 700 
706 717 760 766 787 
64
9 17 27 28 60 75 79 88 93 114 116 129 
138 147 162 164 180 193 194 201 228 233 235 244 
258 263 273 277 279 284 307 346 358 404 410 432 
433 459 468 472 482 486 499 503 505 506 545 556 
558 581 587 620 630 632 649 658 668 670 684 690 
732 758 783 798 
88
2 3 7 50 52 64 68 71 81 90 111 114 
115 116 128 132 156 158 180 194 213 217 218 231 
240 244 255 264 272 286 291 318 322 324 349 352 
355 356 359 372 374 395 400 446 459 465 474 479 
484 486 497 509 512 514 518 551 553 555 567 568 
583 591 597 606 618 628 629 636 648 669 675 680 
685 693 703 717 720 724 735 736 738 741 743 756 
769 779 784 790 
74
4 7 22 33 38 39 49 50 53 62 67 93 
94 95 116 124 126 127 143 146 152 153 155 223 
245 255 260 262 285 297 300 305 310 316 317 321 
362 363 375 391 396 441 448 463 471 485 496 497 
521 534 554 558 560 575 576 599 624 631 643 656 
667 687 691 698 700 701 707 711 730 739 744 779 
789 800 
80
30 31 39 50 82 98 113 166 167 180 183 189 
193 208 233 242 256 267 271 275 282 337 338 361 
363 366 372 388 389 401 406 419 425 430 443 455 
462 472 479 486 493 503 505 511 512 517 523 527 
529 539 558 575 583 591 599 612 615 617 622 629 
646 661 663 670 671 672 683 703 722 727 737 743 
752 767 770 779 781 786 787 788 
84
18 25 33 39 41 46 53 56 74 79 98 108 
112 113 115 119 121 138 146 148 163 164 170 182 
197 202 222 228 242 253 268 274 275 285 295 305 
306 307 344 346 354 362 390 391 410 419 421 439 
443 457 462 514 532 545 553 557 568 574 576 586 
598 604 625 627 630 635 644 650 653 659 665 667 
673 674 685 690 691 702 719 731 746 770 781 790 
70
3 76 92 95 105 118 119 121 124 131 160 170 
180 201 208 229 248 262 272 275 277 318 323 327 
348 350 357 371 382 409 416 418 421 426 450 461 
463 473 486 509 541 580 595 596 607 630 631 633 
639 645 651 652 657 675 706 707 713 714 720 733 
734 738 757 760 765 767 787 790 794 796 
95
6 7 10 13 14 20 30 39 71 75 78 84 
86 104 111 114 121 135 139 155 161 166 172 177 
183 189 197 202 228 232 243 248 254 260 261 276 
286 291 297 298 307 316 318 336 348 349 355 361 
363 368 382 411 423 434 435 438 446 447 467 483 
497 501 510 516 525 548 553 565 593 597 598 607 
640 643 650 656 658 671 676 678 685 687 693 699 
705 707 709 721 722 730 742 762 780 784 786 
72
22 24 33 51 69 76 77 84 97 117 128 150 
158 159 160 166 171 172 173 181 182 237 238 245 
255 257 259 261 268 271 278 344 345 351 355 363 
409 416 421 431 451 470 472 474 491 500 525 526 
551 558 566 580 588 592 596 610 624 631 637 663 
684 699 726 740 747 772 773 774 777 782 786 793 
78
6 8 21 22 27 43 52 55 71 88 92 95 
98 103 156 181 205 207 209 215 220 237 248 252 
265 271 274 276 285 286 290 292 295 312 317 331 
334 337 339 354 373 375 394 402 404 459 461 479 
494 502 504 529 530 546 568 576 580 595 596 605 
606 616 628 630 645 651 652 659 667 681 718 719 
722 737 742 778 793 796 
63
16 30 31 35 44 46 54 58 70 73 74 79 
80 92 236 241 244 248 282 283 289 302 322 334 
358 362 392 398 402 424 425 430 443 445 458 462 
510 533 538 556 570 573 600 601 611 617 622 641 
670 676 692 705 713 721 723 727 729 746 751 754 
764 785 791 
92
23 30 42 46 52 55 65 80 84 88 99 113 
117 120 121 127 129 160 169 178 197 205 207 220 
227 229 238 257 260 270 283 295 299 313 322 326 
328 329 333 337 357 364 376 379 389 393 394 399 
414 415 417 429 434 441 446 451 536 547 551 557 
562 563 597 601 604 608 609 612 619 620 627 629 
630 673 677 678 689 697 698 700 701 704 712 725 
729 741 744 754 769 776 797 798 
71
10 21 56 106 135 150 151 165 192 202 224 233 
234 251 254 259 263 273 287 296 306 312 317 339 
341 345 356 368 378 382 385 389 400 410 415 429 
453 455 459 467 468 473 490 497 498 499 502 511 
526 568 578 582 590 594 636 648 653 656 671 687 
692 693 696 704 719 742 765 767 770 774 786 
68
16 25 53 59 61 80 90 100 120 151 157 165 
188 204 209 212 219 220 223 238 241 243 254 263 
265 294 301 303 328 344 359 362 368 388 405 410 
414 431 435 481 486 488 501 518 522 534 538 566 
574 601 628 632 645 679 696 698 711 721 734 741 
742 746 748 749 763 771 778 794 
78
1 30 39 50 72 101 102 104 116 118 123 124 
128 144 157 159 175 181 196 201 205 215 219 240 
269 285 304 305 308 317 318 324 340 341 350 357 
395 399 401 421 423 437 451 467 474 483 504 508 
515 518 534 541 547 549 551 564 584 596 612 621 
630 638 646 648 688 695 702 724 736 737 746 754 
755 766 768 783 789 793 
81
2 5 14 34 57 91 115 133 141 161 163 173 
190 201 216 222 224 226 250 261 269 272 292 321 
327 338 343 344 352 378 384 394 410 411 415 423 
430 431 440 449 466 467 468 484 491 504 506 516 
532 536 540 541 552 557 564 580 583 591 597 613 
617 621 632 650 651 664 668 683 698 705 723 726 
731 743 748 749 778 779 783 786 795 
80
7 9 16 17 21 28 38 49 51 58 65 71 
97 99 111 114 117 134 152 166 185 218 248 257 
275 282 289 295 308 321 336 337 341 345 365 367 
371 382 402 416 418 427 431 432 449 480 503 506 
533 554 556 558 577 586 605 613 632 634 635 640 
643 646 658 669 690 692 706 713 724 725 729 734 
736 737 750 763 771 774 788 796 
84
4 5 21 25 27 41 50 53 54 68 70 85 
102 116 119 123 134 143 147 148 157 164 174 192 
193 201 206 208 217 218 220 224 225 226 229 233 
245 251 290 319 345 349 371 378 411 417 440 446 
452 455 460 465 471 477 490 494 496 502 510 511 
520 526 532 540 552 553 557 586 616 644 647 665 
674 697 726 730 732 737 742 763 773 789 797 799 
86
6 7 25 28 62 68 74 84 91 95 105 106 
120 129 163 170 181 185 200 210 235 242 248 259 
262 266 273 286 331 365 377 383 393 397 400 405 
407 412 414 424 445 462 467 472 490 492 515 518 
527 542 548 561 566 572 582 584 587 591 600 614 
618 625 636 644 647 654 657 666 669 676 702 703 
713 720 739 742 755 756 757 765 776 781 792 793 
798 800 
84
2 18 19 20 21 38 48 53 56 63 89 97 
100 114 117 121 133 145 146 160 162 168 171 182 
184 189 205 215 223 236 254 270 272 300 301 318 
322 340 345 357 366 387 398 419 429 449 451 469 
472 476 483 490 498 544 547 562 564 574 592 617 
620 621 629 647 650 653 670 673 682 692 698 701 
703 713 717 727 729 752 754 759 764 783 786 787 
83
11 18 26 32 35 42 65 87 93 94 105 106 
107 110 111 113 124 138 152 155 156 176 186 207 
211 221 240 249 264 265 281 288 301 304 311 336 
339 355 357 365 379 380 400 416 424 435 450 451 
470 476 489 509 523 525 535 554 566 572 574 593 
598 623 626 630 643 672 676 686 688 715 727 728 
752 758 763 769 773 778 783 784 790 795 800 
76
15 16 28 35 72 87 119 121 123 142 143 162 
175 177 178 235 239 258 267 276 278 282 307 319 
324 334 339 345 352 371 377 381 386 395 396 408 
409 413 414 430 442 478 512 514 554 555 558 561 
569 576 586 595 598 610 613 618 621 635 641 652 
659 670 702 704 715 720 724 731 734 738 740 746 
765 769 790 792 
69
8 29 44 53 62 64 88 91 92 110 120 123 
146 155 168 169 184 198 217 250 271 272 273 277 
280 283 284 285 297 298 328 332 333 350 377 380 
384 392 402 417 465 470 479 501 528 533 536 538 
540 557 569 579 601 630 649 655 660 669 672 674 
699 719 725 736 750 751 752 772 781 
91
4 8 21 25 34 35 36 39 59 71 79 81 
96 104 122 136 140 164 181 190 212 214 215 216 
230 237 239 249 257 259 283 300 315 327 353 354 
364 367 377 391 398 404 406 407 413 418 422 427 
432 440 452 454 457 465 471 485 500 520 526 532 
536 549 570 579 584 595 597 604 616 626 649 650 
653 656 671 687 698 703 704 710 714 715 730 733 
738 752 763 772 775 789 792 
85
23 40 48 59 60 65 69 81 96 103 124 126 
143 152 155 157 163 167 176 178 187 190 201 217 
227 250 263 298 313 314 315 319 320 323 337 340 
342 357 365 369 376 393 395 401 424 425 430 440 
444 462 471 478 485 487 490 506 515 518 519 537 
538 553 579 603 604 609 625 626 637 661 667 676 
680 691 717 725 729 735 743 744 757 768 769 775 
794 
87
28 38 39 56 57 62 67 85 102 109 111 113 
168 174 176 182 195 201 204 216 224 229 248 252 
254 262 308 320 346 358 361 362 364 369 376 380 
388 389 407 434 442 444 462 477 481 483 485 493 
498 505 509 510 515 520 527 532 534 536 568 570 
584 594 608 611 619 638 658 684 686 720 722 723 
734 737 740 741 758 770 771 772 774 777 784 787 
791 797 800 
82
4 5 8 9 10 15 18 19 21 26 30 33 
35 43 89 135 138 146 156 158 168 169 180 182 
184 191 196 197 235 298 300 309 313 317 321 325 
326 329 341 369 372 378 379 382 402 407 417 419 
444 463 465 508 510 514 538 540 543 563 565 569 
575 577 578 581 583 584 586 592 623 626 653 656 
661 670 687 691 706 724 727 744 764 765 
78
1 5 11 31 32 68 71 73 78 82 92 97 
113 117 119 135 138 143 146 147 151 156 166 180 
184 185 193 218 228 229 233 236 258 259 278 304 
314 352 362 364 383 391 394 404 429 441 460 467 
471 490 499 504 524 534 549 556 557 570 589 596 
601 617 636 637 659 670 685 693 705 716 720 755 
774 782 783 785 792 799 
89
3 13 29 33 42 46 56 61 62 74 100 105 
109 122 123 127 130 138 142 158 159 161 162 168 
173 180 184 187 208 215 235 241 252 267 272 279 
280 301 303 310 311 330 357 361 363 365 375 377 
439 467 471 476 478 481 482 494 521 525 527 536 
549 562 573 579 595 600 624 638 654 660 675 680 
681 697 698 700 710 712 719 732 736 741 745 758 
770 773 783 795 798 
70
5 35 46 50 62 101 112 144 149 158 160 167 
173 186 188 197 205 214 221 231 240 244 254 258 
277 323 362 366 378 386 387 402 404 405 434 447 
457 484 492 493 500 504 517 518 534 539 546 580 
587 593 597 605 632 642 645 648 649 672 680 682 
723 724 727 728 738 748 759 781 788 794 
84
8 16 32 82 88 92 93 97 102 115 123 124 
134 135 140 143 146 150 160 168 177 178 182 186 
196 200 208 221 250 257 258 264 276 280 300 305 
314 320 332 339 346 359 361 365 377 422 435 444 
446 455 468 487 490 497 502 506 512 550 571 577 
582 605 606 625 639 656 671 678 679 683 684 688 
693 697 720 725 727 731 733 742 749 757 758 768 
76
8 10 11 34 55 101 106 117 123 131 138 161 
172 176 188 195 210 212 215 244 248 260 263 279 
284 294 303 312 318 337 339 342 354 359 371 377 
384 387 392 402 412 424 431 440 442 474 477 483 
488 504 507 516 520 521 524 525 530 533 536 566 
603 630 637 676 689 695 698 708 722 733 741 755 
757 761 775 788 
93
3 22 24 33 53 58 77 80 81 100 133 149 
158 170 175 178 205 211 226 230 233 234 257 258 
280 283 284 287 289 293 301 318 319 326 328 342 
361 367 369 376 384 391 405 417 418 428 442 449 
451 483 497 506 507 515 540 542 579 582 590 593 
604 605 613 614 615 620 625 633 634 635 636 641 
659 660 662 667 671 694 695 714 718 723 728 736 
737 741 758 781 782 785 787 790 794 
84
14 30 43 51 68 77 93 105 121 123 130 155 
156 157 159 171 175 176 186 188 193 213 220 227 
231 238 246 247 261 267 300 311 323 326 330 343 
364 366 370 376 383 395 452 454 458 462 476 480 
524 528 542 554 555 569 577 589 610 616 617 618 
623 624 631 635 653 663 673 685 697 703 709 716 
724 725 735 742 744 753 756 778 784 792 797 798 
89
19 22 31 41 42 64 78 79 83 84 90 92 
97 120 134 142 158 169 172 185 215 217 223 229 
254 258 264 277 294 297 303 306 313 325 326 329 
342 347 350 356 364 376 394 405 409 411 422 426 
434 436 444 449 459 475 494 497 500 513 516 533 
534 553 556 566 568 573 577 604 613 617 620 629 
635 661 662 668 673 689 692 705 710 723 726 742 
743 763 782 788 791 
74
16 60 65 74 76 89 94 98 103 105 140 144 
155 168 196 212 225 227 228 234 238 270 272 278 
288 292 294 301 318 323 328 342 350 353 357 374 
400 403 410 417 434 441 443 458 473 480 482 521 
528 544 546 557 574 584 586 590 617 640 643 649 
657 670 678 700 712 714 722 730 746 752 756 769 
770 794 
76
10 21 25 26 28 31 34 35 78 100 124 125 
138 142 154 160 166 172 174 233 234 262 267 271 
293 301 304 310 321 323 338 341 349 356 391 410 
422 425 435 436 443 451 457 471 484 490 508 511 
513 528 550 551 556 558 572 575 576 598 605 608 
633 658 667 678 681 690 691 692 701 702 706 718 
766 774 775 797 
87
33 58 62 128 140 141 150 156 161 162 165 170 
177 203 209 218 224 232 237 251 253 261 265 266 
275 276 294 303 311 326 340 342 356 359 363 370 
374 400 406 428 436 439 445 472 476 480 494 495 
498 509 511 513 527 533 536 539 544 545 547 570 
571 578 608 614 625 627 628 632 635 636 640 664 
666 682 683 685 698 707 725 727 735 737 741 749 
755 775 786 
77
1 5 13 26 29 44 89 96 97 101 108 111 
141 147 150 175 180 183 192 198 202 242 247 250 
257 260 276 322 329 333 351 363 365 381 396 418 
438 452 465 467 483 491 492 507 536 537 538 542 
566 568 572 603 609 612 613 622 626 630 631 636 
637 642 654 664 672 702 713 720 727 730 736 738 
742 749 757 764 765 
99
4 7 8 21 23 28 34 49 53 56 70 71 
105 111 112 120 123 124 127 136 141 144 151 152 
154 157 158 167 171 178 184 192 210 211 229 241 
243 252 254 267 276 281 283 289 292 298 301 311 
342 348 384 388 390 392 395 405 411 446 447 453 
455 457 476 481 505 506 511 518 527 534 538 548 
552 563 569 587 599 631 649 655 673 687 696 697 
698 704 710 715 721 724 730 742 752 757 761 771 
777 781 791 
75
14 19 20 30 31 51 66 90 95 103 108 114 
115 121 122 182 185 188 195 220 223 228 230 248 
251 253 255 268 279 280 281 332 336 341 342 347 
362 366 383 386 400 404 437 438 464 468 474 475 
489 498 507 533 534 542 586 619 620 632 636 646 
652 653 655 669 671 675 676 687 703 712 728 731 
734 773 794 
87
24 27 30 39 42 47 50 52 53 54 71 75 
86 105 106 108 115 125 132 135 136 140 171 175 
180 188 189 195 199 207 217 223 231 239 240 260 
261 264 267 269 292 299 300 304 310 330 337 339 
355 360 362 365 386 401 407 409 433 442 446 450 
453 460 470 501 517 559 567 570 586 592 605 628 
638 644 648 669 670 686 695 710 711 723 738 747 
760 769 777 
73
20 26 33 36 49 52 53 98 115 117 119 122 
128 134 141 165 188 204 216 228 232 233 236 245 
275 281 350 351 355 356 357 361 385 387 393 398 
408 410 419 420 426 433 438 479 504 513 519 528 
557 560 562 573 602 603 612 625 645 669 670 674 
681 684 687 699 730 741 746 752 787 791 794 797 
799 
90
11 16 23 27 49 60 70 90 107 112 116 128 
132 145 148 153 154 160 167 172 175 180 191 194 
235 248 280 284 288 290 291 292 299 329 334 339 
346 353 355 387 401 407 416 419 423 443 450 466 
471 474 482 483 493 506 508 512 518 531 533 535 
536 552 554 559 563 577 595 597 598 600 635 648 
653 661 662 665 667 674 705 711 731 732 733 747 
752 763 772 777 793 795 
82
21 49 54 60 66 70 71 77 78 81 88 94 
97 125 127 143 149 161 170 173 176 183 189 193 
195 210 218 222 254 260 269 274 280 299 301 306 
325 329 347 354 357 368 381 391 396 403 406 410 
413 427 430 448 452 461 465 485 514 523 531 536 
538 539 543 549 554 567 586 587 615 629 648 655 
661 668 670 677 689 705 728 729 740 794 
79
4 12 13 31 53 58 60 69 80 93 95 97 
117 120 122 144 149 151 164 168 172 184 196 199 
201 203 213 222 232 246 255 267 268 276 278 282 
299 312 313 316 317 318 329 331 332 336 344 367 
369 376 384 405 428 448 453 456 466 475 479 530 
550 555 563 597 602 603 605 615 661 673 676 692 
705 706 729 732 733 738 784 
64
9 10 21 29 30 46 49 59 103 106 125 126 
134 135 153 164 167 173 199 201 203 227 232 271 
286 311 313 316 324 330 342 370 395 402 410 416 
423 431 436 441 462 464 478 491 514 533 540 541 
551 557 573 599 603 630 637 645 649 655 667 671 
692 721 772 794 
90
13 17 18 29 39 51 62 85 87 92 99 103 
105 108 118 122 131 132 147 152 160 163 176 181 
182 185 186 191 214 229 234 249 261 270 288 313 
316 317 325 337 372 381 407 418 422 431 438 442 
467 478 480 495 500 501 516 525 530 532 536 549 
552 563 572 595 596 598 606 618 619 630 657 662 
675 677 698 707 720 723 729 732 735 741 752 764 
780 787 789 796 797 798 
92
4 37 38 49 55 56 58 75 89 98 127 129 
150 162 169 174 177 182 188 197 199 204 205 221 
222 228 235 269 277 303 304 315 316 318 327 330 
342 351 356 360 368 371 373 387 409 416 418 419 
426 432 436 449 451 469 476 480 487 488 499 503 
525 541 543 545 576 587 588 603 606 625 630 637 
640 644 653 658 660 677 679 682 683 700 704 715 
718 722 725 730 731 763 776 792 
84
10 14 20 21 22 26 38 61 64 66 69 101 
110 130 134 138 144 149 161 166 181 185 193 196 
209 223 224 261 266 279 280 283 298 313 318 327 
331 337 339 348 364 366 403 413 417 427 441 445 
459 464 476 482 485 488 493 494 501 503 505 521 
545 565 580 604 617 619 651 667 681 683 706 708 
719 737 750 751 754 756 764 769 782 783 788 790 
80
23 30 55 82 83 98 105 107 119 122 123 125 
131 132 147 153 159 176 189 205 215 220 224 233 
235 243 248 252 258 268 285 316 328 343 348 351 
354 378 381 390 396 413 431 434 435 445 450 454 
503 531 539 546 573 589 594 600 602 610 613 628 
634 641 642 647 658 666 695 701 708 711 716 717 
718 741 743 763 777 778 781 791 
83
12 32 37 38 73 74 79 96 99 120 138 175 
182 199 202 217 226 230 233 238 240 246 255 260 
261 273 275 283 290 296 315 318 328 338 339 361 
364 373 374 376 388 392 394 395 406 429 433 466 
467 473 476 494 513 514 557 566 571 573 589 592 
606 611 619 621 627 629 632 645 676 689 694 696 
710 711 719 725 734 756 759 764 787 797 798 
91
14 45 52 53 64 71 79 83 85 86 89 93 
103 105 107 114 118 123 124 139 156 169 176 186 
188 189 206 208 222 225 247 276 289 291 292 300 
311 316 317 321 330 349 358 366 390 403 406 407 
420 441 443 456 465 479 482 484 500 521 525 528 
540 543 549 551 555 560 596 613 616 624 656 664 
668 672 678 679 683 691 714 718 722 731 733 737 
745 751 755 761 781 784 790 
80
16 25 32 47 68 81 86 93 101 111 115 121 
130 133 164 180 205 208 219 220 225 232 246 258 
259 267 284 321 328 333 368 374 383 395 407 409 
418 425 432 441 449 459 461 476 503 506 510 532 
553 559 565 571 582 592 600 605 610 613 619 621 
623 630 643 644 663 671 676 678 679 688 696 699 
711 719 765 770 774 778 779 793 
79
2 11 22 30 37 44 47 61 64 66 73 82 
92 105 127 144 164 177 201 213 222 223 242 277 
293 324 332 347 357 362 367 369 371 374 392 406 
414 417 439 445 446 458 478 483 484 489 514 520 
534 550 553 554 558 561 562 563 566 567 568 585 
596 604 606 623 628 629 653 654 658 666 694 727 
728 747 756 760 761 762 789 
87
21 40 55 58 63 77 82 106 110 117 147 151 
174 184 191 192 216 228 236 237 240 249 254 259 
260 261 264 266 267 276 282 283 284 288 289 299 
302 313 314 329 336 366 374 377 430 431 432 439 
441 443 450 454 465 495 502 513 517 519 527 535 
542 550 555 562 565 578 581 587 589 595 600 603 
612 617 622 630 648 654 677 683 705 707 710 713 
738 742 757 
80
4 8 9 11 20 28 51 56 58 59 61 74 
80 81 82 84 86 105 113 115 119 122 127 146 
147 156 159 170 174 177 207 220 225 232 250 262 
275 277 281 288 302 341 363 377 382 388 392 399 
454 462 465 473 505 507 508 521 534 550 554 559 
580 585 629 647 662 678 679 680 690 696 704 718 
724 727 741 760 762 768 779 791 
79
8 16 33 74 97 103 106 115 121 122 125 139 
143 152 154 159 162 164 176 182 189 202 211 219 
228 235 238 263 269 270 273 281 297 306 360 390 
391 401 403 404 415 421 425 431 452 454 463 473 
497 511 512 538 544 561 574 580 633 657 663 686 
689 692 693 694 696 710 711 719 729 735 741 744 
754 777 779 783 789 792 794 
80
25 28 36 39 40 41 53 61 88 97 105 112 
116 149 166 168 180 188 193 215 225 239 243 244 
260 283 295 308 328 360 376 379 391 392 398 412 
428 438 442 476 479 487 499 505 509 516 525 543 
546 550 555 575 591 593 609 610 613 619 625 633 
656 660 663 666 667 668 679 680 692 723 726 735 
753 755 758 763 765 770 773 776 
78
17 20 22 33 45 46 47 50 59 67 68 69 
76 77 81 85 87 95 96 110 114 116 119 152 
153 175 208 209 211 220 221 233 240 247 253 264 
284 319 357 379 380 398 408 412 415 425 432 434 
438 441 450 451 459 471 484 509 515 521 523 524 
525 530 567 626 627 677 692 700 704 718 727 728 
732 751 752 775 777 780 
90
6 8 51 65 116 122 133 135 136 149 155 164 
168 169 170 173 178 190 192 193 209 214 222 224 
225 243 260 266 282 310 340 352 355 358 379 389 
390 392 393 397 398 403 415 424 427 428 438 459 
482 492 513 516 518 519 523 526 527 546 549 553 
571 578 592 594 597 618 621 623 638 647 652 665 
670 695 697 701 704 716 717 734 738 753 757 762 
767 769 771 787 795 796 
75
5 12 18 31 36 63 68 69 70 79 85 110 
116 134 136 190 193 221 231 234 237 280 291 299 
333 336 338 352 355 356 369 402 418 421 432 444 
446 456 460 464 478 493 495 496 523 530 538 540 
546 549 563 578 587 631 641 648 663 675 680 689 
690 693 709 713 716 723 729 744 749 766 777 783 
789 793 796 
86
8 24 43 51 56 84 88 100 106 119 130 131 
134 138 160 163 164 171 180 181 189 194 220 221 
224 244 250 267 277 288 297 306 312 318 332 334 
338 344 368 369 375 385 404 411 425 426 432 468 
476 480 498 514 528 537 570 585 588 595 596 600 
601 602 608 622 627 628 631 647 652 665 670 675 
678 688 701 731 739 742 756 761 765 775 789 790 
795 800 
80
14 21 29 34 48 69 72 87 92 93 128 129 
162 167 173 190 193 219 235 256 260 270 280 284 
303 324 331 339 348 360 372 376 377 380 397 410 
413 433 441 468 473 475 482 497 498 500 508 526 
541 547 548 550 552 562 569 591 603 610 630 636 
644 646 649 654 661 667 684 686 700 713 717 736 
737 742 743 760 761 773 776 787 
67
11 14 18 20 27 53 67 79 98 112 127 139 
144 188 228 236 244 283 293 333 339 353 418 422 
423 435 448 463 469 472 483 491 510 513 517 519 
522 523 560 563 566 588 598 605 608 612 618 620 
647 652 676 686 690 691 697 705 721 733 734 746 
749 754 758 777 785 791 797 
84
9 10 21 31 38 62 64 85 89 93 96 116 
117 120 138 139 156 162 169 171 173 174 179 180 
182 213 219 228 229 241 265 274 276 280 290 307 
313 319 332 347 349 372 376 395 414 416 417 428 
432 434 436 437 470 494 496 500 505 516 527 532 
539 543 549 551 552 558 564 570 574 605 631 635 
646 682 694 695 697 732 733 745 748 791 794 800 
71
13 15 21 49 67 72 108 129 140 163 171 237 
280 339 352 374 387 390 396 401 403 405 410 429 
431 444 445 447 449 454 466 467 478 479 484 495 
498 505 513 545 548 552 555 559 562 565 567 580 
583 606 612 614 615 624 625 633 635 655 660 670 
674 682 705 708 712 731 732 737 742 744 756 
83
28 45 51 56 63 75 76 107 119 160 167 188 
195 196 203 210 217 218 225 247 250 272 276 292 
297 322 331 340 344 346 347 351 357 363 365 370 
373 378 381 383 385 390 413 415 423 482 495 515 
520 536 545 558 559 579 580 605 626 633 640 641 
648 653 657 670 680 687 692 693 698 710 720 733 
736 739 740 744 768 776 779 780 783 786 788 
86
1 4 8 9 13 21 33 37 42 43 46 48 
57 62 69 78 87 89 93 94 99 122 125 136 
151 152 156 164 170 171 176 187 188 192 193 200 
215 229 232 247 251 254 257 278 313 317 322 336 
346 351 355 362 363 367 368 416 425 445 459 466 
473 474 495 498 513 517 520 570 587 605 611 628 
644 650 659 665 685 687 695 696 722 729 734 750 
770 789 
96
2 5 10 11 24 38 44 64 67 86 100 106 
122 133 138 148 159 161 189 190 194 198 208 227 
233 237 249 250 261 266 290 294 304 317 329 331 
332 334 337 346 353 374 381 385 394 397 418 424 
446 452 478 486 502 505 507 531 532 535 538 555 
561 563 566 570 575 598 608 612 625 630 636 639 
640 653 655 656 663 668 675 682 686 689 707 708 
723 727 741 754 765 766 768 774 785 789 794 800 
95
8 11 23 28 30 34 41 65 70 71 81 82 
122 127 128 146 147 152 162 164 169 189 191 197 
200 204 247 269 273 278 294 318 320 330 331 340 
357 359 361 385 397 414 422 432 450 460 464 471 
481 482 484 498 505 506 521 522 524 533 536 548 
550 569 570 573 575 594 595 596 598 600 623 636 
656 660 661 663 683 689 690 694 702 721 725 726 
727 729 732 747 761 763 765 780 782 793 800 
81
6 16 21 23 46 60 62 65 71 76 95 123 
137 176 185 202 221 232 243 254 293 296 298 306 
313 315 316 324 333 335 338 363 367 373 378 381 
386 406 407 415 423 426 428 434 435 477 485 496 
502 503 510 519 543 586 590 591 598 601 610 613 
617 619 626 627 629 631 654 672 688 692 709 717 
721 728 733 735 751 767 773 790 794 
80
1 4 11 16 22 50 52 58 60 64 76 88 
93 97 98 100 110 162 163 176 178 190 205 207 
208 209 211 219 228 231 247 256 274 281 290 304 
305 327 333 357 377 387 396 420 423 425 431 434 
465 468 472 473 484 540 547 552 555 570 572 576 
577 580 583 614 619 627 629 641 643 651 656 701 
709 724 743 772 779 783 793 797 
70
5 9 45 58 71 77 80 91 101 110 119 137 
152 158 168 173 179 195 208 216 246 263 270 279 
285 286 287 290 297 304 309 314 340 349 385 389 
397 399 406 419 443 458 461 467 486 496 497 517 
556 558 565 566 596 601 619 629 643 645 671 672 
687 704 720 726 732 735 741 754 762 769 
79
1 13 22 29 30 40 58 60 66 69 85 94 
105 117 134 140 162 173 184 189 197 205 207 216 
232 239 246 249 271 273 283 317 318 330 337 347 
369 374 377 387 391 404 412 414 418 429 450 482 
494 497 508 541 554 556 558 565 573 636 643 655 
656 657 667 678 685 686 687 692 699 709 750 756 
766 776 777 785 789 790 796 
76
26 33 34 35 37 40 48 50 77 111 131 155 
173 176 182 191 199 204 207 210 236 237 239 252 
253 256 262 264 274 287 290 308 315 316 317 318 
339 346 351 357 362 412 420 427 443 453 455 460 
468 492 502 503 509 521 527 546 559 571 576 585 
586 609 613 615 616 618 628 657 683 696 702 755 
757 759 770 781 
66
8 9 11 13 14 26 28 35 41 42 59 88 
100 105 123 135 147 149 189 192 200 234 240 241 
270 276 278 292 306 316 318 326 334 340 348 358 
368 397 398 400 451 465 466 486 508 532 555 597 
598 606 624 629 630 638 663 673 682 697 704 709 
711 733 782 788 793 795 
76
11 12 20 32 34 36 53 55 67 74 99 102 
117 133 138 141 149 153 162 166 176 183 191 193 
198 222 244 268 269 272 304 319 335 341 348 359 
360 363 368 391 398 425 429 446 449 471 475 510 
513 530 535 537 543 552 567 577 580 588 618 632 
633 646 652 657 658 659 666 673 710 712 714 720 
736 751 797 800 
78
46 48 65 96 99 122 129 131 132 138 140 146 
167 186 192 195 219 221 222 224 231 241 243 246 
256 262 272 275 276 305 310 312 387 388 396 402 
408 450 461 469 471 493 502 507 528 534 545 546 
553 574 578 580 583 588 589 592 594 602 621 624 
625 626 642 656 660 665 685 690 691 692 724 733 
746 753 765 770 773 791 
83
1 3 7 20 41 47 69 81 84 88 98 101 
106 121 124 154 155 164 179 184 194 195 198 201 
210 219 226 232 233 234 237 241 247 262 290 312 
325 331 340 364 374 392 397 399 413 445 456 472 
482 504 510 513 517 520 521 524 540 546 547 556 
563 569 592 602 612 627 632 633 637 645 648 649 
674 696 700 701 705 731 752 763 769 772 781 
79
20 22 40 58 65 68 72 86 89 104 110 118 
122 136 137 157 168 174 184 205 209 240 246 248 
256 261 270 280 290 292 300 301 308 318 328 329 
331 332 345 346 355 362 366 370 382 393 394 419 
431 437 458 470 487 488 489 508 542 544 548 552 
555 562 563 584 603 615 622 671 675 693 701 706 
732 753 755 769 770 778 787 
73
5 16 24 41 48 65 82 88 89 98 108 109 
113 126 128 136 158 165 171 175 182 191 196 204 
210 211 214 221 228 245 252 258 269 289 312 330 
348 355 356 376 387 390 393 443 451 454 459 481 
488 490 496 501 503 520 526 527 546 562 567 569 
596 629 631 644 649 666 685 689 706 740 747 774 
800 
69
10 11 27 38 41 70 76 106 132 147 149 161 
175 181 195 207 215 227 234 252 287 291 295 296 
304 305 309 310 331 337 341 347 348 352 362 381 
383 414 464 486 491 496 498 520 531 535 536 539 
540 543 550 564 568 581 590 600 602 641 672 686 
697 700 715 717 720 728 755 762 783 
86
1 4 17 26 48 65 67 88 98 100 106 132 
134 139 141 144 145 155 171 178 181 182 193 200 
218 230 232 276 279 293 299 301 307 313 314 324 
343 368 374 380 389 398 401 415 416 427 438 439 
471 478 485 491 492 506 521 528 543 550 551 559 
582 583 584 592 597 610 624 627 629 632 635 654 
667 675 680 681 685 695 704 716 719 742 744 766 
792 797 
67
3 19 49 56 60 73 82 139 149 165 169 178 
207 213 224 254 255 260 275 282 288 323 344 348 
352 367 373 375 383 400 404 405 424 433 461 469 
470 471 479 486 502 516 525 534 537 540 547 556 
562 566 579 581 590 607 617 618 630 674 688 718 
725 729 739 782 785 791 792 
75
4 29 55 74 80 81 105 117 120 128 136 146 
153 173 202 216 217 218 229 236 240 252 255 263 
270 271 275 279 308 336 344 347 352 360 381 388 
397 400 403 405 418 425 429 432 436 439 459 488 
489 512 525 527 533 534 574 583 588 590 591 593 
611 618 621 626 632 650 667 671 674 695 703 714 
730 734 753 
72
4 16 51 60 80 85 86 92 95 110 113 170 
177 183 187 199 210 211 219 255 302 308 312 323 
324 327 340 348 357 377 381 406 412 447 453 458 
482 501 514 528 543 553 573 582 599 603 622 626 
632 639 641 642 653 659 664 665 669 674 679 691 
693 695 709 710 716 737 749 750 766 778 783 799 
78
28 39 41 44 45 56 95 105 110 120 128 137 
140 141 145 152 154 157 165 166 217 223 235 254 
258 265 273 274 300 302 305 345 351 366 372 377 
398 399 423 433 445 459 466 470 477 491 501 513 
514 538 544 545 547 567 571 579 583 588 599 615 
618 632 633 656 658 666 672 694 704 720 721 722 
728 729 734 744 770 794 
74
5 13 45 49 70 97 103 109 111 131 141 148 
153 165 166 168 186 224 232 255 279 282 294 298 
306 308 309 328 335 364 373 384 385 391 406 416 
418 436 439 488 492 501 502 517 521 524 545 567 
582 589 591 603 610 611 619 630 641 647 663 666 
668 681 682 689 696 706 723 731 743 744 762 770 
793 797 
70
11 27 30 36 42 45 47 55 56 62 64 74 
77 91 105 112 115 121 133 138 154 171 242 243 
248 275 289 305 310 319 352 354 363 377 390 402 
404 422 432 434 459 468 474 493 502 509 513 515 
531 559 568 581 585 601 603 605 607 610 617 624 
629 649 655 669 675 690 743 744 762 774 
67
3 13 20 34 42 56 63 88 96 116 117 178 
180 181 182 185 187 200 202 216 218 219 233 238 
248 259 275 277 332 333 339 361 370 386 388 395 
399 413 416 427 431 441 466 471 472 482 535 546 
559 561 569 594 602 609 623 646 668 678 683 688 
694 695 721 724 743 746 758 
83
21 22 28 35 43 56 70 71 77 83 105 118 
146 151 154 155 198 216 222 238 243 247 252 256 
257 275 282 308 325 336 339 346 349 358 365 378 
389 395 436 456 467 468 490 497 509 512 521 524 
528 531 550 553 557 561 570 581 588 595 600 611 
620 623 625 633 647 648 653 654 666 678 703 716 
728 738 748 749 752 764 781 785 789 796 797 
61
5 6 19 24 41 57 74 78 114 118 127 150 
155 156 168 185 230 242 273 279 281 309 325 343 
352 380 398 408 412 426 460 461 481 495 496 497 
509 510 530 544 551 557 563 578 579 599 600 603 
608 633 667 671 691 702 707 717 729 750 777 782 
783 
69
19 29 39 44 50 74 76 110 122 129 130 131 
136 169 181 187 221 231 243 249 257 265 268 278 
285 291 296 298 344 345 365 368 386 389 391 393 
422 447 450 454 468 470 486 507 519 528 531 576 
609 610 624 625 639 668 672 680 700 702 706 716 
734 736 745 746 749 770 789 794 797 
85
20 33 36 41 42 63 73 74 75 76 86 92 
107 119 121 161 164 182 190 191 195 196 198 199 
206 208 215 219 220 229 254 264 277 279 294 295 
311 313 321 325 339 343 348 350 362 379 396 419 
423 439 450 464 499 504 509 514 528 530 535 538 
545 555 579 581 590 611 616 634 635 639 658 668 
676 677 679 683 702 708 722 744 765 784 791 792 
797 
79
20 30 51 67 79 80 91 96 97 104 111 117 
135 136 139 146 148 150 176 179 183 201 208 211 
249 270 273 279 284 286 293 300 303 309 310 343 
353 359 371 385 433 435 454 457 507 511 512 522 
534 551 554 563 599 607 618 621 623 627 642 646 
661 676 678 679 680 682 685 688 705 708 713 724 
738 755 756 764 769 772 781 
73
38 60 68 85 93 96 100 116 136 137 151 157 
174 177 190 191 204 230 234 240 242 253 270 272 
273 276 299 305 327 329 334 346 350 358 369 395 
399 414 425 437 461 466 474 491 493 522 523 529 
533 539 540 554 559 563 582 589 622 640 649 650 
655 660 673 689 695 702 712 718 741 754 784 787 
791 
76
13 28 42 50 56 60 65 73 75 85 93 97 
118 138 147 158 160 174 186 201 213 214 245 250 
264 274 285 289 291 294 297 306 308 320 332 337 
339 358 372 375 379 429 430 434 438 449 450 457 
491 493 494 515 516 520 522 541 545 551 554 576 
617 637 642 655 678 684 690 707 716 722 730 736 
738 740 745 785 
79
8 18 22 34 36 40 53 59 60 100 104 121 
123 136 142 144 146 150 153 167 168 177 183 189 
206 214 224 261 272 274 275 278 279 292 314 336 
355 358 368 374 397 405 419 434 446 456 460 474 
493 512 513 519 528 542 553 558 575 582 605 615 
632 646 660 669 670 704 705 707 721 724 735 746 
753 775 781 783 795 796 798 
82
4 8 16 23 32 46 60 66 68 78 84 85 
100 102 112 129 141 152 155 172 200 214 224 243 
246 254 260 279 296 303 312 317 342 359 370 386 
401 408 421 422 431 433 463 467 468 476 482 489 
512 513 536 540 547 575 579 581 610 621 631 632 
635 651 656 662 674 685 698 717 722 732 738 752 
754 759 760 761 767 784 787 793 799 800 
75
2 9 15 19 35 56 65 84 91 103 123 150 
162 165 177 193 199 204 207 211 213 219 226 250 
269 282 292 293 302 306 314 317 329 330 339 344 
368 371 377 398 401 406 416 440 467 475 478 480 
486 496 502 515 536 581 607 609 611 614 620 648 
658 662 671 673 676 685 725 755 757 761 776 777 
778 781 789 
86
2 5 12 21 29 39 40 46 62 73 77 80 
100 115 119 125 134 145 146 149 156 160 166 168 
172 174 189 192 196 222 240 251 259 264 274 277 
279 293 314 317 326 333 338 348 360 362 367 382 
387 391 398 420 424 431 483 492 508 515 517 520 
538 558 563 590 596 597 598 612 616 620 625 645 
655 686 701 704 716 719 732 733 744 751 761 768 
787 794 
88
1 4 32 43 49 55 58 61 70 72 81 88 
91 97 121 122 124 125 144 155 169 208 210 211 
214 216 227 232 234 235 241 247 257 279 298 333 
334 337 345 351 373 374 378 392 393 395 420 424 
427 430 432 436 442 482 489 497 504 517 530 542 
551 555 582 590 594 596 599 609 635 650 654 660 
666 668 670 695 708 709 712 718 731 747 766 769 
784 785 791 797 
80
7 8 24 36 48 52 73 84 104 116 124 129 
145 146 161 165 169 198 217 218 219 227 241 245 
256 261 279 283 287 294 295 311 340 341 354 379 
396 416 424 428 434 449 450 463 492 493 500 508 
516 518 543 548 552 557 565 569 572 582 593 597 
607 648 663 672 674 683 695 701 702 707 725 728 
732 740 747 760 762 768 794 799 
62
11 14 49 51 52 56 57 72 83 88 95 96 
100 111 118 123 126 140 149 160 163 164 176 179 
183 214 216 235 248 249 252 273 277 315 343 354 
366 381 407 417 452 459 474 478 498 507 546 559 
582 594 605 607 613 645 654 681 682 688 725 771 
787 790 
75
2 8 20 30 46 50 55 67 74 77 113 150 
168 169 170 175 224 225 236 252 278 288 297 301 
309 311 315 326 338 352 406 414 426 427 445 448 
458 459 462 468 475 491 492 494 498 509 522 529 
551 558 560 569 570 588 603 617 623 639 653 661 
668 677 684 689 696 735 737 743 749 760 763 776 
781 788 793 
80
3 7 25 26 37 42 57 125 140 141 153 189 
192 193 198 207 212 221 246 247 253 277 279 292 
308 316 318 330 336 337 341 357 360 367 370 381 
386 388 398 421 429 431 442 457 478 483 514 527 
533 536 541 551 556 563 575 580 582 592 597 608 
616 620 631 632 636 637 645 651 662 668 673 675 
684 702 732 739 744 748 750 792 
79
7 9 16 21 30 52 55 58 64 74 75 82 
91 98 118 122 181 194 203 220 235 242 266 273 
277 284 285 292 312 316 325 327 331 348 372 377 
392 400 405 406 417 419 437 450 461 473 475 485 
495 503 519 526 570 585 598 601 608 620 622 626 
630 631 638 641 642 651 655 658 662 682 700 718 
732 735 751 764 775 780 798 
62
16 20 22 71 74 98 100 113 143 144 148 158 
164 179 189 201 215 224 234 245 264 290 304 327 
336 371 377 386 388 409 410 430 447 453 456 480 
495 499 521 532 560 561 564 576 578 602 604 607 
630 653 668 686 691 713 714 729 754 762 775 779 
785 798 
96
12 41 42 43 50 73 83 84 86 94 101 113 
115 135 142 144 151 165 172 175 177 184 190 198 
212 214 215 243 252 258 263 272 277 283 284 296 
318 320 326 343 344 357 385 390 398 409 416 417 
422 425 441 442 448 461 466 474 477 483 497 516 
518 519 523 537 544 549 551 565 575 581 582 588 
596 606 640 658 660 661 669 670 676 678 688 695 
699 705 726 738 741 750 765 767 771 772 780 783 
87
18 30 37 57 69 70 73 86 92 108 122 124 
130 135 136 140 156 160 162 164 174 176 192 195 
210 231 234 274 276 280 292 304 313 319 321 324 
325 332 335 342 343 346 350 355 364 386 399 402 
409 426 437 446 451 461 464 491 528 548 550 556 
562 576 584 592 616 624 634 647 653 655 666 680 
687 708 710 719 721 730 739 740 747 752 771 780 
782 788 795 
