200 800
1 1 1 1 1 1 1 1 1 1 1 1 
1 1 1 1 1 1 1 1 1 1 1 1 
1 1 1 1 1 1 1 1 1 1 1 1 
1 1 1 1 1 1 1 1 1 1 1 1 
1 1 1 1 1 1 1 1 1 1 1 1 
1 1 1 1 1 1 1 1 1 1 1 1 
1 1 1 1 1 1 1 1 1 1 1 1 
1 1 1 1 1 1 1 1 1 1 1 1 
1 1 1 1 1 1 1 1 1 1 1 1 
1 1 1 1 1 1 1 1 1 1 1 1 
1 1 1 1 1 1 1 1 1 1 1 1 
1 1 1 1 1 1 1 1 1 1 1 1 
1 1 1 1 1 1 1 1 1 1 1 1 
1 1 1 1 1 1 1 1 1 1 1 1 
1 1 1 1 1 1 1 1 1 1 1 1 
1 1 1 1 1 1 1 1 1 1 1 1 
1 1 1 1 1 1 1 1 1 1 1 1 
1 1 1 1 1 1 1 1 1 1 1 1 
1 1 1 1 1 1 1 1 1 1 1 1 
1 1 1 1 1 1 1 1 1 1 1 1 
1 1 1 1 1 1 1 1 1 1 1 1 
1 1 1 1 1 1 1 1 1 1 1 1 
1 1 1 1 1 1 1 1 1 1 1 1 
1 1 1 1 1 1 1 1 1 1 1 1 
1 1 1 1 1 1 1 1 1 1 1 1 
1 1 1 1 1 1 1 1 1 1 1 1 
1 1 1 1 1 1 1 1 1 1 1 1 
1 1 1 1 1 1 1 1 1 1 1 1 
1 1 1 1 1 1 1 1 1 1 1 1 
1 1 1 1 1 1 1 1 1 1 1 1 
1 1 1 1 1 1 1 1 1 1 1 1 
1 1 1 1 1 1 1 1 1 1 1 1 
1 1 1 1 1 1 1 1 1 1 1 1 
1 1 1 1 1 1 1 1 1 1 1 1 
1 1 1 1 1 1 1 1 1 1 1 1 
1 1 1 1 1 1 1 1 1 1 1 1 
1 1 1 1 1 1 1 1 1 1 1 1 
1 1 1 1 1 1 1 1 1 1 1 1 
1 1 1 1 1 1 1 1 1 1 1 1 
1 1 1 1 1 1 1 1 1 1 1 1 
1 1 1 1 1 1 1 1 1 1 1 1 
1 1 1 1 1 1 1 1 1 1 1 1 
1 1 1 1 1 1 1 1 1 1 1 1 
1 1 1 1 1 1 1 1 1 1 1 1 
1 1 1 1 1 1 1 1 1 1 1 1 
1 1 1 1 1 1 1 1 1 1 1 1 
1 1 1 1 1 1 1 1 1 1 1 1 
1 1 1 1 1 1 1 1 1 1 1 1 
1 1 1 1 1 1 1 1 1 1 1 1 
1 1 1 1 1 1 1 1 1 1 1 1 
1 1 1 1 1 1 1 1 1 1 1 1 
1 1 1 1 1 1 1 1 1 1 1 1 
1 1 1 1 1 1 1 1 1 1 1 1 
1 1 1 1 1 1 1 1 1 1 1 1 
1 1 1 1 1 1 1 1 1 1 1 1 
1 1 1 1 1 1 1 1 1 1 1 1 
1 1 1 1 1 1 1 1 1 1 1 1 
1 1 1 1 1 1 1 1 1 1 1 1 
1 1 1 1 1 1 1 1 1 1 1 1 
1 1 1 1 1 1 1 1 1 1 1 1 
1 1 1 1 1 1 1 1 1 1 1 1 
1 1 1 1 1 1 1 1 1 1 1 1 
1 1 1 1 1 1 1 1 1 1 1 1 
1 1 1 1 1 1 1 1 1 1 1 1 
1 1 1 1 1 1 1 1 1 1 1 1 
1 1 1 1 1 1 1 1 1 1 1 1 
1 1 1 1 1 1 1 1 
81
9 13 23 26 31 41 43 48 56 58 88 90 
95 97 115 117 124 136 171 182 183 191 195 206 
224 230 247 252 256 290 318 319 328 340 343 358 
364 370 374 393 397 402 409 412 431 435 451 452 
465 482 497 512 516 525 534 539 570 574 575 614 
617 631 634 647 657 663 669 673 680 702 708 716 
728 734 736 750 776 784 786 799 800 
86
7 8 14 18 38 39 47 48 57 65 71 85 
90 115 127 139 154 169 170 176 180 199 201 207 
217 219 226 228 257 271 273 276 283 288 297 314 
336 337 338 342 354 368 387 392 395 407 430 431 
453 457 460 473 474 480 487 497 501 503 537 549 
550 552 570 586 598 602 605 607 612 613 614 627 
628 653 661 691 726 731 734 742 744 753 765 780 
794 799 
66
7 11 13 35 49 51 54 57 66 75 76 82 
98 106 122 134 152 171 173 185 195 209 214 231 
232 238 239 271 277 281 289 295 313 319 352 396 
397 400 406 418 428 468 483 537 600 608 619 629 
634 643 695 697 718 719 745 747 748 750 752 757 
758 760 762 765 787 791 
73
11 15 25 46 48 60 75 87 92 120 126 127 
128 129 135 136 140 141 154 175 201 203 209 212 
246 259 282 288 300 301 313 327 330 348 353 363 
384 385 405 423 440 446 480 492 495 515 519 534 
538 539 543 568 576 598 613 619 640 647 654 656 
668 690 700 711 727 730 740 764 766 781 782 788 
792 
100
8 9 13 15 19 30 58 70 77 84 86 87 
89 104 107 123 165 185 189 201 211 220 226 251 
260 266 268 271 297 298 310 321 331 335 340 352 
361 362 375 376 380 381 390 393 398 401 408 425 
443 451 452 454 459 466 499 506 508 509 518 526 
529 549 553 554 566 569 571 573 583 597 614 619 
625 634 635 644 647 654 658 669 671 674 677 680 
693 697 700 702 704 719 724 726 733 734 758 763 
782 789 795 797 
70
1 6 14 36 37 45 51 56 74 109 110 111 
136 163 173 178 181 182 183 186 203 208 211 218 
219 246 266 271 278 282 287 289 301 322 361 370 
371 379 386 387 403 407 436 457 469 475 490 518 
523 528 541 572 611 614 626 627 667 670 678 688 
691 707 717 718 722 725 734 735 736 791 
88
16 17 33 36 39 46 54 58 62 66 68 70 
90 95 98 103 108 123 127 140 142 157 186 193 
198 202 207 214 220 224 233 246 250 255 256 273 
294 299 324 341 347 353 355 363 377 388 391 398 
408 422 430 432 434 435 448 454 495 515 518 533 
550 555 579 592 600 609 629 636 646 657 660 661 
670 679 697 713 714 716 718 720 722 746 758 772 
778 779 785 786 
91
5 9 20 22 31 32 33 59 60 66 83 88 
92 100 102 103 105 107 126 137 140 141 146 153 
163 194 203 214 216 219 227 266 270 280 286 288 
290 313 314 315 317 319 328 330 333 341 346 353 
360 364 384 400 401 416 422 423 430 433 436 450 
476 479 492 503 510 513 514 522 538 539 541 546 
554 563 574 589 600 637 645 651 681 709 712 743 
746 766 767 774 786 792 798 
80
2 6 7 22 31 61 90 91 98 112 118 128 
140 143 149 171 193 199 202 251 265 271 279 281 
288 289 295 297 304 326 336 352 357 359 365 367 
406 407 412 430 433 438 441 448 451 472 473 475 
481 484 487 499 504 512 517 522 537 547 550 552 
557 577 580 583 587 601 603 606 622 632 653 664 
669 685 723 725 726 747 766 797 
76
36 45 59 73 85 91 104 114 129 163 172 186 
201 203 205 206 213 214 220 224 231 235 239 240 
251 253 304 305 312 316 317 319 330 339 368 385 
393 394 409 410 429 447 477 486 489 493 499 507 
531 572 581 586 592 607 612 616 634 641 646 651 
660 674 679 686 691 698 704 709 728 734 735 748 
788 790 791 796 
82
20 22 30 45 59 79 85 86 99 103 110 125 
133 135 142 152 157 160 170 178 182 183 187 197 
200 217 219 221 235 256 262 276 295 315 319 327 
332 337 374 376 377 389 395 405 407 410 413 428 
430 440 441 442 454 456 474 480 514 524 525 561 
569 588 597 600 630 643 648 651 655 674 711 721 
724 732 750 763 771 773 774 779 780 781 
78
12 14 17 30 49 78 130 135 150 171 173 181 
184 187 190 192 193 195 218 221 233 237 251 254 
265 274 280 281 282 303 321 333 343 351 367 380 
383 386 407 424 425 441 459 466 478 481 488 508 
526 536 544 556 562 569 578 582 602 614 619 639 
668 672 676 679 687 700 710 724 730 739 744 751 
755 766 784 792 795 798 
75
3 12 15 18 28 47 64 67 68 75 85 104 
117 119 134 139 151 157 158 167 176 177 179 197 
204 219 225 231 240 243 254 262 263 266 271 277 
302 312 328 332 340 352 368 369 386 396 403 406 
409 426 430 433 454 465 484 485 487 525 553 558 
559 568 585 587 603 612 629 630 646 650 683 700 
702 762 777 
75
7 26 34 42 45 63 68 98 101 109 112 115 
137 146 159 173 176 182 184 212 216 236 242 264 
267 269 280 284 298 316 318 323 336 359 361 373 
381 384 390 398 399 401 409 415 429 434 449 463 
483 484 493 498 516 547 565 566 569 582 589 613 
620 621 622 642 687 701 706 713 721 732 739 760 
770 798 799 
71
2 5 15 17 30 72 81 82 84 127 130 131 
135 162 166 170 205 223 250 257 261 265 291 298 
301 321 330 332 339 357 359 407 413 414 419 422 
426 450 491 508 513 536 544 549 562 600 608 610 
618 625 632 666 677 679 682 684 686 687 689 706 
718 726 729 731 738 744 753 757 760 768 778 
72
9 61 64 66 81 85 91 93 104 109 121 137 
151 157 170 180 181 183 195 234 238 240 248 259 
288 301 302 310 315 346 361 369 376 381 435 441 
458 459 484 497 532 533 536 542 551 555 562 567 
580 582 585 589 593 595 619 629 634 638 647 657 
672 684 694 698 730 739 742 758 763 782 785 790 
88
1 36 45 52 59 60 62 67 69 81 91 92 
123 124 174 178 192 211 212 255 260 272 274 286 
296 297 298 301 302 323 329 335 353 356 379 385 
394 399 409 414 421 429 430 435 442 445 447 450 
463 464 471 519 524 533 534 542 550 566 571 580 
586 599 603 616 618 619 624 631 633 635 636 652 
667 686 687 705 713 726 727 744 749 761 768 774 
776 788 790 796 
76
24 33 51 68 75 76 89 131 135 142 144 184 
187 192 195 214 225 230 253 254 267 270 305 309 
313 322 325 327 335 338 367 369 375 378 381 397 
413 420 442 456 462 466 474 477 480 492 497 505 
515 517 524 530 531 539 541 561 564 566 589 619 
629 642 645 657 665 678 688 691 703 719 720 735 
742 781 794 796 
59
20 21 69 80 105 111 119 123 153 157 198 235 
241 255 268 274 275 291 320 325 337 350 364 373 
398 403 404 420 424 436 442 465 472 499 506 512 
514 523 533 550 559 567 595 613 641 648 652 659 
662 667 668 694 699 711 719 723 724 727 766 
62
17 18 37 47 54 83 92 114 115 135 139 144 
147 154 163 168 171 172 199 205 225 277 279 299 
310 332 350 351 362 363 369 403 421 422 430 450 
469 475 480 497 505 512 536 544 547 550 572 590 
605 617 623 628 642 677 687 698 710 737 745 778 
783 785 
82
15 39 54 68 72 102 120 121 123 151 167 169 
173 180 185 187 190 204 207 208 231 234 238 244 
245 248 251 290 292 305 310 316 317 319 346 349 
351 363 373 382 388 400 407 420 433 439 444 456 
461 462 479 483 488 495 499 502 517 523 529 537 
539 554 555 559 565 571 577 580 602 609 612 619 
634 644 646 664 678 703 706 728 731 760 
86
10 12 14 24 26 40 47 56 60 61 65 82 
88 97 110 117 126 134 144 146 147 158 167 176 
182 183 222 230 251 266 286 291 302 306 315 334 
347 350 355 361 362 372 373 375 377 384 398 408 
423 425 449 474 493 501 507 509 513 523 525 536 
538 567 571 583 593 603 608 621 633 644 645 651 
663 682 692 695 702 704 710 729 754 764 765 770 
778 789 
79
9 24 26 27 40 43 68 70 73 87 116 121 
124 126 151 156 165 174 186 197 205 223 251 256 
259 263 264 288 297 320 325 327 336 337 345 367 
372 383 390 399 400 404 422 428 448 460 476 482 
500 509 510 526 527 543 553 555 583 590 596 606 
608 609 615 617 640 662 664 675 691 714 730 731 
738 739 740 743 745 780 791 
81
29 34 44 45 53 77 78 105 121 128 132 155 
162 170 176 178 190 194 201 202 208 218 219 226 
231 257 263 266 284 297 306 309 315 319 322 323 
358 360 370 377 382 384 392 402 405 436 482 484 
488 494 496 534 543 550 558 560 574 576 578 582 
583 610 639 646 661 666 667 674 704 707 710 713 
717 731 739 752 755 775 777 787 797 
88
1 9 11 13 21 28 47 64 78 79 80 106 
120 123 133 140 144 149 166 168 177 189 195 208 
209 220 222 232 233 241 242 267 282 290 292 311 
312 322 359 366 371 391 392 400 405 408 425 431 
433 437 446 455 460 467 472 473 476 481 499 521 
522 536 549 568 590 594 598 616 617 618 621 622 
624 636 638 646 653 656 660 668 670 689 693 727 
733 739 762 771 
65
25 29 32 44 47 57 62 70 72 74 77 109 
112 113 117 123 125 153 161 172 184 205 206 237 
245 257 286 288 290 298 302 322 360 365 383 401 
431 432 433 435 476 510 513 516 564 574 601 610 
616 630 633 637 640 652 657 666 706 707 710 739 
762 776 787 798 800 
65
3 14 19 30 43 91 101 108 112 116 135 147 
150 154 155 181 209 225 226 251 253 278 286 291 
298 329 358 364 384 398 406 418 435 482 492 494 
501 535 543 560 566 570 601 603 605 611 612 636 
658 659 686 693 695 697 703 707 710 715 720 730 
747 754 769 796 798 
77
17 21 30 31 33 35 37 45 70 79 83 92 
112 154 156 160 166 170 201 215 226 260 272 286 
306 314 320 331 366 376 406 409 424 429 430 434 
452 457 465 476 483 491 495 498 501 503 512 528 
538 540 545 556 586 593 610 611 616 619 629 636 
650 662 673 695 698 700 701 709 713 716 720 729 
732 745 762 793 800 
92
38 40 52 55 66 68 91 101 114 127 134 136 
138 143 168 181 228 252 253 256 262 263 279 283 
294 298 299 302 306 310 321 340 342 353 368 371 
375 377 378 395 405 406 411 436 454 456 469 472 
494 501 509 536 544 548 550 552 555 569 573 580 
581 587 588 590 607 609 615 619 627 634 636 650 
653 655 667 668 670 678 695 698 704 712 719 720 
737 747 758 761 766 778 792 796 
73
2 27 31 46 47 52 53 58 60 74 95 98 
99 105 107 118 123 156 165 169 177 202 205 217 
229 233 248 249 252 265 315 322 338 343 347 355 
383 406 428 445 455 457 463 468 482 483 500 525 
534 541 545 546 547 563 569 570 573 575 597 607 
613 614 624 635 654 662 699 701 716 720 730 745 
787 
75
4 5 8 17 24 31 70 73 100 111 114 119 
156 173 176 178 182 186 192 199 200 201 219 242 
248 264 272 274 284 293 299 306 356 357 368 371 
386 388 393 407 431 435 436 452 464 475 489 493 
500 504 505 512 529 538 550 561 580 591 600 605 
634 651 658 660 664 673 674 697 703 706 716 718 
765 787 798 
94
4 7 18 21 22 26 36 42 68 79 82 84 
86 139 160 161 162 181 192 200 203 207 212 239 
243 246 252 256 265 266 268 275 276 285 287 312 
320 329 330 332 344 351 367 371 379 380 405 407 
421 427 430 456 463 473 483 491 502 510 527 550 
552 566 576 593 596 598 601 605 610 617 618 630 
633 644 653 657 665 667 669 677 694 704 722 724 
730 740 757 769 778 782 785 786 791 799 
84
7 59 60 79 107 114 121 132 150 152 157 158 
166 169 171 177 195 222 230 231 259 267 270 275 
282 287 305 311 335 369 373 374 383 385 388 406 
409 411 415 426 429 430 431 437 441 461 464 465 
467 474 476 479 489 509 542 552 561 569 570 571 
574 587 590 615 621 627 633 646 656 666 684 699 
708 721 723 732 742 760 766 772 777 787 788 799 
76
2 7 13 22 42 49 51 77 81 90 97 101 
113 144 146 153 159 176 220 233 261 272 280 285 
310 316 322 325 327 328 333 346 361 365 373 374 
382 403 418 427 430 434 438 449 473 475 534 554 
560 569 575 591 593 607 608 611 622 628 648 654 
656 666 679 681 686 691 693 702 710 718 722 732 
742 766 769 792 
88
4 5 11 24 37 45 52 74 76 92 99 107 
117 125 141 142 147 150 156 157 167 168 171 175 
204 207 212 226 238 241 242 256 262 265 291 293 
294 296 316 338 347 349 357 362 380 385 393 401 
406 414 417 421 425 432 436 456 459 461 480 516 
519 520 525 543 550 556 572 575 587 608 613 618 
635 655 663 665 684 722 730 742 744 758 767 770 
779 791 799 800 
73
2 4 18 32 40 42 56 68 71 77 81 98 
103 107 122 129 149 151 181 182 187 191 192 222 
231 250 274 277 280 292 294 307 317 319 326 336 
347 373 375 376 377 378 415 451 460 481 521 525 
556 557 558 580 585 634 650 654 656 657 664 666 
672 682 694 696 699 714 734 766 767 778 790 794 
797 
81
9 32 36 46 59 61 65 83 89 98 105 124 
129 130 134 138 142 151 168 170 185 191 215 217 
235 240 252 287 313 314 329 335 348 354 359 386 
402 407 416 439 445 453 458 463 466 471 504 505 
521 533 558 561 566 578 593 598 608 610 624 627 
628 632 638 645 659 666 668 675 682 708 711 714 
731 746 750 757 771 772 774 789 796 
86
26 32 41 67 73 96 100 104 113 116 126 148 
151 198 201 204 211 220 223 226 247 273 283 289 
295 313 328 337 343 348 352 360 364 369 381 388 
391 403 407 411 414 417 418 422 433 438 449 452 
456 463 475 478 479 492 508 533 541 550 557 562 
570 572 580 598 606 621 624 660 661 662 663 668 
669 670 692 694 702 717 756 765 770 772 775 778 
787 789 
69
6 28 40 80 83 89 94 101 128 148 149 154 
172 173 184 199 209 212 221 229 235 244 247 255 
264 267 283 308 316 322 334 347 379 407 441 446 
455 456 482 490 504 514 515 532 548 563 566 570 
574 599 611 612 613 623 625 630 653 664 669 671 
700 708 736 754 761 780 788 796 800 
83
22 25 26 31 47 54 57 85 91 98 101 108 
136 137 165 170 191 198 217 226 228 229 235 239 
248 250 254 260 275 310 311 353 357 361 368 374 
377 380 386 413 421 442 454 456 459 461 466 467 
476 480 487 488 493 498 502 506 510 513 514 515 
521 527 543 544 561 562 569 580 583 603 622 651 
678 694 698 706 707 729 735 736 755 761 791 
89
19 21 44 45 57 58 88 92 94 109 110 118 
119 127 144 162 177 181 203 211 232 235 239 258 
266 269 290 295 297 306 310 317 333 342 351 361 
379 400 413 417 431 436 437 449 451 453 455 459 
466 471 490 492 495 502 516 534 556 567 575 590 
593 599 610 615 617 628 631 634 635 641 650 656 
660 663 670 685 690 694 697 699 729 740 741 744 
749 756 780 789 793 
83
5 20 23 42 47 60 61 64 67 85 87 88 
99 102 114 132 133 152 194 210 217 233 235 243 
244 249 255 264 271 288 301 305 306 311 329 330 
339 342 344 353 364 376 385 401 408 415 416 453 
454 455 458 460 469 471 479 485 486 488 510 511 
535 542 543 578 587 603 612 631 644 682 687 693 
723 727 732 746 763 773 780 783 794 795 798 
89
2 5 7 15 18 31 34 44 47 52 60 61 
69 74 86 92 93 95 102 115 154 161 183 184 
188 189 203 215 226 228 242 252 253 261 262 266 
275 292 294 304 323 326 327 337 380 389 397 417 
427 458 461 474 480 494 512 516 525 527 538 542 
543 544 555 566 569 589 595 613 618 621 624 629 
637 650 680 705 713 715 720 740 750 753 758 760 
762 781 788 793 797 
80
1 10 11 12 14 56 81 84 99 102 126 134 
138 141 167 195 216 219 226 232 240 275 279 286 
300 305 314 315 329 339 342 349 351 357 360 362 
403 404 416 429 443 483 485 486 489 508 523 528 
543 560 564 580 584 586 596 614 617 618 631 634 
651 666 669 672 676 681 685 723 727 735 746 751 
765 767 776 777 779 781 794 796 
87
1 5 8 14 18 32 44 60 65 70 72 75 
85 88 103 152 154 155 160 167 170 177 186 205 
222 231 232 246 249 262 264 272 275 283 304 305 
311 332 336 338 358 359 362 366 367 370 380 382 
386 397 406 416 419 427 441 446 499 503 505 506 
513 515 540 541 542 549 555 564 574 597 606 618 
634 646 674 677 680 682 704 705 708 727 742 757 
772 791 793 
66
5 9 24 33 49 70 79 84 88 106 112 115 
126 132 166 192 211 219 226 296 314 326 327 333 
351 377 398 416 429 434 436 465 475 481 486 488 
489 492 498 514 524 533 549 557 561 563 571 581 
583 590 623 639 640 647 649 662 702 721 731 764 
776 777 778 782 784 785 
84
2 12 22 27 50 59 61 67 82 86 90 100 
113 123 139 156 158 177 195 212 216 217 221 231 
233 247 261 276 298 300 309 311 324 332 338 342 
353 361 369 377 384 385 387 390 402 416 436 447 
449 461 471 472 473 494 500 508 520 528 533 559 
560 575 579 591 608 612 616 622 625 630 641 644 
662 671 684 687 697 698 709 752 755 757 769 789 
90
2 9 16 20 27 34 39 60 83 102 110 119 
121 122 134 138 150 155 161 179 184 206 212 219 
227 235 238 248 252 272 281 282 288 299 328 349 
358 387 390 403 408 416 419 421 422 440 446 456 
462 470 471 473 474 478 484 491 504 521 524 542 
546 553 565 566 568 595 610 615 618 622 625 631 
649 662 675 676 683 701 702 710 719 726 727 733 
745 746 749 755 763 765 
92
2 9 20 26 29 37 53 70 75 77 81 86 
108 155 162 173 209 214 224 230 233 235 249 257 
258 261 268 277 280 289 290 298 299 316 319 324 
330 359 362 369 374 375 387 390 391 397 398 401 
411 413 419 420 425 428 430 440 465 483 506 513 
524 527 530 562 565 566 572 581 590 600 603 604 
606 610 618 632 651 652 664 667 670 686 693 708 
713 715 759 765 768 775 776 793 
84
11 16 26 44 56 67 68 70 72 81 87 111 
112 125 129 135 174 179 193 200 227 230 256 266 
270 279 286 292 298 300 318 322 336 341 359 360 
363 408 416 424 426 428 433 437 442 449 459 464 
470 472 485 486 495 496 531 559 569 578 582 597 
603 623 638 644 661 662 670 672 674 684 689 714 
716 723 726 728 731 733 744 746 762 764 768 794 
79
9 19 20 28 37 56 59 62 70 91 94 102 
114 131 145 151 164 166 167 196 204 207 222 236 
249 251 255 260 291 297 298 300 304 305 314 326 
330 338 343 347 360 364 377 378 386 388 390 397 
411 422 429 434 443 462 469 485 494 502 508 516 
525 527 547 553 582 591 607 625 635 652 664 679 
697 699 704 728 760 770 776 
82
9 15 26 38 40 54 55 70 74 84 95 110 
122 130 141 142 145 148 153 159 167 186 197 209 
211 212 214 243 245 258 289 291 296 301 305 307 
314 326 327 329 338 339 341 349 351 356 368 374 
390 419 424 436 442 463 475 491 499 503 522 523 
586 607 611 612 613 619 622 635 636 664 672 691 
701 708 730 748 751 770 772 774 786 793 
84
9 12 13 16 32 45 61 70 79 90 102 122 
125 148 157 158 160 165 181 188 191 195 210 215 
216 228 230 241 255 285 307 318 326 335 369 377 
386 390 400 419 422 424 430 451 456 463 464 478 
499 508 510 530 535 542 555 556 571 574 591 599 
604 606 623 627 628 636 660 674 676 681 683 691 
697 700 705 708 712 722 725 730 744 756 776 793 
105
9 12 34 54 84 85 103 105 106 130 133 144 
151 158 159 173 197 200 224 226 227 238 246 257 
267 275 276 286 287 297 302 309 314 315 323 330 
332 335 336 340 354 355 373 397 402 452 455 461 
462 463 472 478 479 484 486 490 496 499 506 508 
509 510 511 529 531 536 540 541 542 548 554 583 
590 592 612 614 616 624 625 628 635 636 643 652 
654 658 664 668 672 675 687 703 708 713 715 718 
721 727 736 755 770 788 791 792 793 
77
1 5 21 26 28 36 43 46 55 86 89 113 
118 139 141 156 161 162 168 173 176 193 198 210 
214 227 271 298 309 316 325 336 341 342 362 364 
371 376 413 422 427 436 462 508 509 516 526 565 
572 587 589 590 591 599 614 620 625 626 637 650 
671 673 685 697 699 724 725 739 761 769 770 773 
777 789 790 796 800 
81
3 8 10 17 30 32 35 36 38 40 56 88 
132 138 142 153 167 171 177 178 197 216 224 230 
232 237 238 244 250 251 252 276 287 296 310 319 
326 334 363 427 437 475 476 479 494 509 512 534 
542 550 569 570 575 576 580 581 583 601 603 621 
631 640 648 651 680 681 687 691 702 709 716 726 
737 749 759 761 764 765 774 779 784 
87
3 16 33 38 50 58 63 74 81 96 98 107 
109 114 124 129 130 137 139 150 159 166 176 200 
203 208 212 219 220 225 230 239 248 249 250 252 
257 258 263 275 289 300 302 308 311 339 340 353 
358 370 379 405 424 429 435 461 479 486 508 521 
525 529 571 573 581 582 590 602 604 606 608 627 
632 653 659 661 674 703 709 729 739 754 765 769 
770 782 790 
90
1 5 15 29 35 42 64 66 75 80 85 87 
91 92 93 100 116 119 126 128 135 146 160 177 
196 198 203 210 215 227 233 258 270 325 343 361 
364 372 373 381 440 469 470 480 495 503 511 518 
526 535 541 550 555 557 565 568 589 591 594 612 
613 619 621 623 627 640 650 655 659 660 662 674 
682 689 695 702 714 722 734 753 754 756 760 766 
768 779 785 796 798 800 
82
22 26 29 32 33 45 48 69 81 98 103 104 
108 110 119 136 140 146 152 159 179 181 196 202 
212 230 267 284 285 292 304 322 342 366 386 393 
394 408 432 434 439 461 464 465 467 472 477 493 
494 495 508 532 543 546 547 555 563 564 579 582 
589 607 612 641 656 659 676 683 688 690 693 695 
708 724 725 728 732 734 744 751 790 800 
101
17 26 38 49 65 70 72 79 83 92 97 112 
116 118 132 135 144 148 164 174 175 188 190 198 
199 205 209 214 219 222 255 261 264 265 281 284 
285 292 299 306 310 313 328 330 339 353 354 356 
358 360 378 382 392 395 408 427 432 442 445 455 
469 470 475 499 501 522 530 532 533 544 550 567 
571 574 578 596 597 600 616 632 633 638 645 654 
655 656 665 667 679 680 682 702 723 727 743 744 
750 767 768 775 791 
89
17 26 31 34 44 51 52 60 63 65 70 71 
88 92 107 121 133 141 149 152 161 164 168 174 
180 185 188 219 230 239 241 245 247 253 257 288 
290 292 296 325 327 329 330 335 342 345 355 359 
368 388 393 421 432 447 482 483 485 486 496 500 
505 506 508 513 533 572 574 580 601 602 612 613 
619 621 652 668 672 673 698 707 711 718 735 743 
747 751 759 763 775 
78
10 12 19 34 52 54 65 67 68 70 72 76 
97 99 120 125 160 166 167 172 177 180 186 208 
233 287 295 297 309 322 329 350 356 366 376 381 
399 412 422 441 443 449 455 460 468 475 481 488 
489 519 529 543 545 549 557 562 563 564 585 596 
605 616 658 679 686 695 699 702 703 722 725 728 
739 745 762 781 788 799 
84
7 30 39 40 55 65 70 90 101 116 132 134 
155 156 158 176 195 199 211 237 241 243 265 287 
296 299 303 330 332 335 372 376 378 417 433 437 
438 451 483 484 487 491 503 506 509 516 522 524 
529 537 538 541 544 546 556 565 568 570 571 577 
589 602 603 620 629 660 673 680 683 689 706 710 
713 731 740 743 750 757 762 767 772 795 797 800 
72
5 12 16 18 29 53 68 81 97 110 150 155 
165 169 180 194 218 233 234 240 261 270 294 296 
309 311 329 349 355 362 385 404 427 429 433 457 
461 488 499 502 504 508 521 547 571 575 577 578 
596 598 599 605 610 617 628 644 653 656 657 670 
685 710 711 719 730 759 773 775 778 784 792 793 
78
3 4 10 19 27 47 49 63 82 87 101 116 
131 141 143 148 156 168 173 182 193 197 211 212 
214 229 231 232 238 243 277 297 299 302 310 328 
342 349 363 426 436 441 458 483 485 493 507 514 
517 522 524 533 540 558 559 571 591 606 625 627 
636 641 645 653 654 665 683 689 716 718 728 735 
738 752 769 770 796 797 
101
4 11 20 26 29 31 37 39 44 52 64 67 
68 93 99 108 114 120 125 128 130 134 141 154 
175 182 195 209 217 222 224 227 229 231 233 235 
245 254 258 259 273 275 282 301 305 319 325 328 
351 358 361 364 380 386 390 397 399 403 406 417 
424 429 435 439 450 455 463 464 472 486 491 502 
506 510 516 523 534 562 567 568 571 577 586 594 
613 629 634 656 662 671 695 707 722 724 737 761 
764 780 782 784 796 
71
8 11 19 40 60 68 102 114 125 126 145 159 
170 180 181 209 222 224 228 241 253 257 259 265 
268 297 306 309 328 337 355 362 364 372 374 376 
379 400 412 419 428 439 459 464 471 475 490 501 
506 516 518 521 540 570 601 604 621 625 636 660 
674 675 681 683 695 700 710 712 730 748 783 
80
18 37 52 64 81 94 97 109 125 151 153 166 
169 171 200 226 236 238 248 286 291 296 297 326 
328 341 363 367 396 403 409 418 420 435 443 467 
480 482 484 496 504 508 511 526 542 553 554 555 
568 572 576 582 587 619 626 628 633 634 638 645 
647 656 674 677 683 691 699 701 708 711 728 743 
745 753 764 766 773 790 795 799 
83
10 13 16 19 20 28 36 41 48 49 55 61 
65 82 89 115 122 124 134 155 157 161 165 172 
173 183 217 218 225 253 255 262 285 296 298 308 
311 316 320 332 333 359 375 383 401 410 412 417 
428 434 435 466 468 485 508 518 519 533 535 566 
586 600 602 605 633 639 652 654 656 662 665 666 
675 724 725 759 760 767 768 771 780 790 794 
79
5 12 23 25 29 34 55 64 82 83 86 93 
110 117 124 136 137 141 155 175 185 188 205 207 
218 227 236 241 250 256 258 266 279 282 284 288 
303 310 317 330 333 346 363 380 388 399 421 422 
428 439 447 458 459 555 560 584 602 609 633 643 
650 651 652 664 671 680 684 685 691 692 700 721 
743 749 750 753 776 777 799 
87
10 32 35 56 62 71 73 81 84 91 100 122 
138 146 147 150 152 159 160 175 178 208 220 234 
241 259 276 278 279 298 310 326 337 351 357 363 
369 372 385 386 393 399 409 424 429 432 437 439 
453 458 460 474 488 511 516 517 520 527 528 529 
541 555 577 590 593 597 601 611 616 624 626 630 
634 638 647 650 669 674 732 734 746 755 760 763 
770 782 798 
94
10 15 23 24 47 68 75 77 79 85 87 94 
99 101 102 103 125 151 155 162 178 204 215 217 
219 229 231 240 256 264 278 290 293 298 301 307 
308 325 329 331 342 343 347 354 356 357 400 410 
430 441 442 447 449 466 468 477 488 494 508 515 
517 525 527 544 546 548 551 553 559 563 565 571 
575 584 587 596 597 620 625 674 678 681 686 691 
717 727 731 749 753 754 761 766 773 776 
80
10 12 78 84 99 100 110 128 141 142 162 171 
181 184 213 226 227 229 234 236 238 239 251 271 
286 289 292 326 355 357 363 379 388 398 399 400 
419 424 427 431 438 447 455 460 464 469 471 478 
479 497 535 539 542 544 546 561 567 597 603 609 
615 620 631 636 638 673 690 692 697 701 703 734 
741 754 758 759 763 775 780 797 
85
2 4 23 26 42 67 74 91 92 101 108 113 
124 153 161 166 167 173 179 183 201 204 205 218 
239 271 282 295 317 324 325 335 343 346 348 349 
352 360 370 381 396 400 405 406 409 410 440 441 
447 460 489 496 501 503 519 520 530 539 547 548 
559 561 577 585 593 598 622 623 637 642 657 670 
678 697 710 713 729 731 746 750 752 762 765 788 
798 
69
17 26 33 35 69 80 85 86 90 98 106 133 
147 158 166 168 179 184 195 198 215 217 231 240 
245 259 277 278 304 330 332 335 347 374 376 378 
380 404 406 407 432 451 459 466 467 487 497 527 
562 564 572 578 593 597 600 603 604 638 651 654 
656 709 713 720 747 762 771 777 792 
89
1 16 17 28 46 53 85 91 98 108 138 139 
148 151 161 166 167 180 196 198 210 215 218 221 
228 236 248 254 256 266 276 297 306 314 324 325 
365 367 388 390 396 401 415 416 435 447 450 464 
467 471 472 474 479 483 493 496 503 519 521 524 
539 545 546 547 557 571 587 595 611 617 619 625 
631 638 649 661 663 664 670 690 704 706 710 734 
739 762 768 790 798 
98
1 6 10 14 19 23 32 40 48 71 72 87 
89 93 118 146 147 153 155 167 168 170 174 181 
189 192 208 211 221 233 238 242 243 264 300 304 
321 339 353 354 360 362 367 369 383 386 401 406 
426 452 457 465 477 478 479 486 512 527 568 572 
581 586 587 589 594 598 600 602 608 616 617 618 
621 628 635 641 645 647 650 655 657 668 669 675 
685 688 689 695 719 729 730 760 767 769 774 786 
787 795 
82
19 57 62 63 64 69 72 76 80 86 93 113 
114 129 145 146 163 164 171 178 181 182 189 197 
207 213 240 250 258 266 277 288 297 298 303 304 
314 336 353 367 420 429 432 467 473 476 486 494 
497 527 540 548 562 585 600 601 613 617 620 626 
628 629 631 637 643 654 655 658 660 667 675 677 
688 697 739 741 752 759 783 784 793 798 
75
9 13 41 42 45 67 71 72 82 88 98 109 
123 126 151 164 167 191 204 205 238 240 252 261 
267 269 281 298 302 304 307 308 341 343 360 365 
367 368 369 421 427 430 434 443 450 457 477 486 
499 505 509 577 583 584 592 605 610 617 651 654 
672 675 679 695 696 698 699 709 711 732 734 739 
741 759 785 
76
2 4 22 23 27 50 54 67 76 79 86 99 
112 116 126 132 148 150 154 162 188 196 201 216 
223 228 244 253 278 279 289 308 310 351 366 368 
380 381 385 400 407 420 422 424 427 480 484 489 
492 504 525 529 531 535 562 586 590 593 604 609 
626 655 664 673 686 691 698 700 705 734 735 745 
755 758 791 795 
83
9 12 15 16 36 39 52 64 68 70 76 78 
98 115 119 128 132 135 136 138 155 159 186 188 
191 200 204 252 254 265 272 273 314 333 353 379 
394 399 400 406 407 451 460 467 488 490 492 501 
517 519 525 533 540 542 561 566 571 575 580 586 
609 628 641 675 679 681 687 695 699 702 712 717 
718 720 737 759 771 776 779 784 792 794 796 
88
6 16 23 26 59 64 93 98 100 135 140 147 
163 189 195 196 205 226 227 234 251 262 267 278 
281 285 295 302 314 324 326 327 335 343 355 367 
376 386 399 402 409 413 414 433 434 438 445 450 
454 466 468 477 483 495 501 532 538 542 549 551 
561 575 590 595 596 599 600 602 610 622 624 631 
632 641 642 663 680 692 694 707 727 732 745 749 
750 767 770 772 
81
25 28 30 36 57 60 64 65 71 72 75 79 
104 119 123 129 134 144 148 166 170 181 207 215 
227 235 247 266 267 269 301 311 317 335 338 339 
346 351 369 383 387 397 402 408 418 435 438 439 
441 479 536 550 556 566 568 570 581 595 608 609 
617 622 631 635 638 641 663 665 686 690 695 701 
721 727 733 741 746 761 773 780 789 
76
20 32 38 53 65 81 83 88 111 129 133 138 
142 143 151 182 184 187 193 205 228 251 267 268 
269 273 278 282 293 306 308 319 344 352 378 382 
402 408 411 419 432 449 454 455 464 469 470 474 
478 488 494 497 508 512 515 535 536 545 547 549 
586 594 598 608 609 623 649 650 664 712 714 718 
729 747 764 773 
75
5 15 34 39 41 49 51 68 75 100 105 131 
137 138 151 163 174 191 208 223 227 233 245 259 
266 274 291 297 301 302 309 316 320 322 330 367 
372 375 377 419 423 434 436 470 485 499 503 507 
513 535 537 547 553 563 576 577 581 592 598 603 
648 662 663 687 710 711 731 735 737 741 748 755 
760 774 788 
69
4 14 15 17 36 43 44 47 51 69 76 89 
90 110 127 156 157 163 166 209 211 213 225 227 
246 251 272 273 284 293 298 323 332 347 361 384 
394 400 418 419 420 440 450 459 509 518 534 536 
575 583 601 613 627 664 678 680 682 684 711 713 
718 729 730 733 740 759 782 786 796 
78
4 6 11 14 18 19 46 68 69 73 74 81 
91 99 110 111 114 144 148 150 167 169 171 176 
177 179 191 205 207 211 215 220 226 228 232 235 
243 279 289 290 322 328 332 337 362 364 370 381 
401 436 468 478 510 519 525 570 573 577 590 601 
645 647 649 655 668 671 701 711 720 731 734 739 
743 764 766 781 786 798 
71
5 22 25 28 36 56 65 70 97 99 105 114 
128 130 140 153 154 155 168 173 183 189 203 204 
217 224 274 281 283 303 347 361 368 387 396 414 
437 450 454 455 467 469 470 484 496 500 525 544 
559 563 579 589 599 602 635 642 649 660 662 665 
685 698 710 722 727 731 736 779 780 792 798 
75
1 4 10 14 24 29 33 83 97 100 114 116 
120 124 141 171 172 174 182 183 194 218 221 224 
226 241 257 271 276 284 293 314 317 324 329 340 
347 351 386 396 420 421 422 424 425 449 458 472 
476 477 480 485 499 503 528 536 566 567 601 613 
618 619 635 638 648 675 676 703 711 713 714 724 
748 787 790 
96
13 14 16 22 23 28 49 51 64 74 80 88 
91 92 93 100 101 107 111 116 123 133 137 149 
162 166 170 181 204 209 219 220 221 223 239 262 
267 269 291 292 302 307 312 321 328 335 342 362 
364 366 368 372 400 407 411 429 435 470 474 490 
491 502 507 508 511 526 532 533 538 539 553 595 
614 621 636 646 649 650 658 662 668 669 672 686 
706 725 732 736 743 748 754 758 761 781 784 800 
79
11 43 55 63 65 74 89 92 102 112 130 135 
145 147 149 152 163 198 220 235 264 267 268 282 
293 295 305 317 326 327 329 343 345 347 371 377 
399 400 401 439 445 456 463 465 479 482 483 493 
494 496 497 505 508 515 519 523 552 559 579 591 
606 614 627 631 632 651 675 688 693 707 708 740 
762 764 767 777 783 791 794 
90
13 15 16 19 23 24 25 42 52 58 61 77 
80 89 95 99 130 139 149 180 182 186 196 198 
209 223 225 226 244 252 258 259 263 265 271 273 
276 281 296 299 313 314 317 322 326 338 354 358 
373 380 391 430 438 454 464 469 473 479 481 487 
498 539 541 546 568 574 575 576 590 599 602 603 
618 619 626 640 668 694 707 714 729 732 733 764 
765 770 773 787 792 796 
76
12 14 24 29 55 119 121 127 128 155 157 170 
175 182 184 192 219 222 226 237 238 249 255 289 
295 298 308 312 332 335 338 359 382 387 392 400 
406 407 423 456 471 478 497 499 503 524 537 543 
546 564 572 575 577 591 603 610 617 626 627 629 
631 644 649 680 681 692 709 729 733 772 774 786 
791 795 797 798 
75
9 17 43 44 51 75 80 87 96 103 115 125 
134 140 145 161 193 200 202 228 240 242 247 265 
278 286 306 314 316 318 328 336 351 352 371 374 
381 382 386 388 413 433 442 453 484 485 498 501 
503 520 522 531 536 545 556 559 575 579 588 607 
608 624 632 681 689 701 704 735 744 750 764 766 
770 771 780 
85
5 12 16 21 24 26 31 38 44 63 72 75 
81 84 93 95 105 106 108 112 116 119 131 135 
139 172 191 197 208 210 221 260 265 290 291 302 
310 312 326 333 338 340 353 355 373 391 395 407 
412 415 420 426 436 447 458 466 468 483 488 506 
512 530 542 549 555 569 580 586 588 589 626 632 
640 655 663 664 673 697 714 743 758 761 765 774 
792 
79
7 10 14 22 42 52 53 65 101 114 119 121 
123 148 152 164 168 186 190 193 195 196 202 214 
224 231 251 261 271 272 287 317 320 323 328 332 
339 346 347 357 372 384 395 443 454 463 469 475 
493 503 507 517 519 520 536 540 564 574 576 608 
616 630 633 668 681 683 684 687 689 696 697 722 
731 741 771 778 779 784 795 
76
27 29 36 38 49 73 77 83 89 93 114 123 
166 168 171 178 183 184 188 195 202 204 216 223 
236 276 281 320 322 323 325 343 348 355 383 401 
403 405 419 422 425 434 456 457 466 475 497 517 
531 537 541 551 556 569 581 582 584 591 609 613 
616 630 639 654 674 708 714 730 738 752 759 761 
765 774 776 786 
78
13 14 34 35 37 48 51 54 66 76 90 98 
111 114 116 130 135 138 145 155 157 162 179 199 
204 211 217 220 226 244 254 261 295 296 302 322 
345 357 358 363 366 373 386 392 421 457 462 472 
484 492 499 502 515 519 525 534 552 554 555 560 
578 592 614 621 640 643 646 649 653 660 666 677 
705 711 731 746 766 771 
81
2 8 12 18 20 49 77 80 84 86 92 118 
130 161 163 170 178 183 199 204 228 239 242 255 
268 270 275 292 294 297 312 322 325 333 334 355 
356 361 370 374 380 383 385 402 403 409 416 420 
432 437 442 452 472 484 515 517 533 554 567 568 
584 587 590 591 602 616 630 646 656 696 715 731 
732 748 749 750 762 767 768 771 800 
72
11 20 39 73 87 108 117 119 149 167 168 175 
186 187 190 197 209 210 220 229 243 255 256 257 
267 270 273 276 286 294 296 297 305 308 316 322 
338 359 365 368 371 390 417 421 423 424 429 430 
440 449 450 459 472 474 491 501 510 518 525 572 
581 605 722 736 744 748 753 755 763 770 774 785 
79
20 31 90 118 120 121 124 126 136 137 176 180 
184 187 195 208 225 233 239 241 254 258 265 279 
293 297 305 325 328 332 336 343 346 349 361 377 
378 385 421 422 423 438 440 441 442 446 449 457 
464 472 485 492 500 508 545 546 561 562 569 585 
596 624 629 633 636 652 655 666 682 687 688 698 
731 740 758 769 775 788 793 
76
4 17 22 37 41 49 58 77 96 111 123 151 
161 190 194 203 224 235 236 246 253 264 270 281 
308 310 323 332 336 342 350 360 361 365 405 406 
412 415 429 431 435 439 452 459 512 513 562 599 
603 614 618 620 621 630 648 656 660 665 669 673 
674 692 699 706 729 730 734 741 743 746 761 779 
782 784 789 796 
81
13 19 21 31 41 52 57 72 77 79 105 117 
154 173 176 178 181 187 193 196 200 202 244 245 
256 261 277 278 286 301 306 317 325 326 341 347 
348 351 354 357 359 364 370 383 391 393 399 412 
433 436 448 470 476 491 518 548 556 558 570 585 
595 630 632 634 638 640 647 687 708 712 719 722 
729 737 739 769 773 775 777 793 795 
79
2 5 13 42 54 55 70 80 97 113 114 120 
122 148 173 185 190 194 202 204 208 212 214 219 
224 241 250 259 280 325 328 336 337 343 356 370 
371 373 375 408 417 423 424 425 429 435 460 469 
480 500 509 525 528 532 547 573 574 583 587 608 
609 618 626 630 649 654 655 711 714 715 721 732 
739 752 754 770 777 783 789 
72
15 20 23 25 42 44 53 86 95 125 128 131 
154 189 193 206 214 234 240 253 268 271 275 284 
288 305 306 325 331 349 354 357 385 400 403 409 
424 427 453 459 462 467 473 476 514 522 526 539 
562 573 576 580 601 604 607 611 622 631 660 668 
683 717 718 721 722 728 734 762 765 788 794 795 
81
7 15 28 35 38 44 51 53 62 80 92 93 
106 109 115 139 144 147 151 160 174 188 220 234 
258 262 274 296 309 315 316 323 328 334 341 342 
343 346 355 357 373 374 381 382 385 402 403 416 
451 452 457 458 473 484 488 500 511 544 552 557 
581 587 609 633 645 647 648 658 666 684 695 706 
720 732 733 734 738 758 762 776 794 
84
28 30 38 41 51 54 63 66 72 81 89 122 
129 135 143 154 166 186 194 200 220 238 245 246 
273 275 289 291 301 316 318 320 324 334 338 357 
367 379 380 385 386 394 407 410 412 417 419 426 
430 435 444 460 480 482 489 525 541 546 551 555 
556 563 587 594 595 605 606 618 628 640 641 654 
656 673 690 702 707 723 746 755 774 779 782 798 
75
3 11 21 36 44 59 77 98 108 114 130 131 
157 159 162 167 192 196 228 230 234 266 281 288 
294 301 309 317 332 340 341 343 357 359 371 375 
376 379 383 385 386 403 404 406 407 418 419 432 
438 452 457 464 465 466 470 489 494 495 506 536 
567 576 593 615 640 654 709 710 726 743 744 764 
767 768 786 
71
31 42 45 63 64 68 76 93 100 102 110 113 
156 171 173 184 190 193 196 208 215 226 241 247 
287 317 341 343 349 364 392 403 406 457 460 466 
469 485 491 497 513 531 552 556 559 562 568 586 
609 612 623 633 639 658 676 683 689 692 704 706 
712 719 725 744 747 761 778 781 785 793 800 
88
9 18 25 35 55 58 60 62 81 85 89 112 
114 130 157 165 179 181 184 187 189 201 206 212 
213 232 242 246 247 258 263 273 284 289 292 307 
320 332 347 349 358 366 382 399 403 406 407 416 
431 435 440 445 446 473 481 482 495 507 539 543 
550 555 557 563 576 589 605 617 635 646 664 670 
675 683 687 690 703 708 710 713 718 725 726 731 
733 736 775 790 
78
2 15 33 37 38 48 54 57 62 84 85 88 
136 156 158 185 197 204 212 218 227 241 243 260 
261 276 281 287 297 310 330 333 335 341 349 352 
353 357 365 376 415 429 433 436 458 472 495 497 
516 555 567 572 573 579 606 613 627 629 630 640 
668 679 680 694 695 700 723 747 748 758 774 775 
776 784 786 796 799 800 
71
38 64 79 81 128 135 136 153 175 185 197 198 
227 231 236 265 305 309 322 349 355 359 364 380 
387 393 397 409 414 415 421 423 455 466 498 500 
503 505 532 537 550 554 555 558 567 571 573 583 
596 599 621 624 638 649 656 665 666 675 677 688 
690 691 710 723 760 763 766 775 783 790 799 
67
2 10 12 26 27 37 48 50 54 56 63 89 
90 111 112 118 122 124 132 169 184 188 198 204 
223 248 255 268 270 283 289 298 308 317 330 342 
398 403 441 459 460 466 469 505 508 516 520 564 
565 566 570 578 581 583 595 600 620 628 631 633 
634 638 640 663 738 746 775 
72
41 72 79 84 94 98 99 103 120 133 149 162 
180 187 208 210 216 222 226 232 241 243 246 249 
256 268 285 293 297 299 301 313 314 318 332 342 
346 347 368 376 388 394 397 403 407 442 450 454 
476 493 521 524 525 546 550 552 555 600 611 628 
661 664 680 699 707 719 721 732 764 770 778 790 
77
5 9 10 11 20 34 53 63 69 81 85 89 
94 108 117 134 138 142 143 147 152 164 187 196 
210 220 223 236 239 261 268 277 290 298 302 305 
325 336 341 343 370 372 400 405 411 467 472 475 
478 480 485 514 544 548 553 557 573 574 591 628 
629 641 647 656 665 678 682 699 740 757 767 777 
782 785 792 794 797 
80
3 5 17 35 50 63 74 88 91 108 120 125 
143 144 153 156 162 165 193 197 198 241 251 259 
260 275 276 282 295 303 313 317 322 335 345 352 
353 361 374 392 397 399 402 412 413 433 468 474 
477 479 480 491 531 540 544 550 559 592 598 607 
619 628 630 638 641 642 664 667 669 678 682 694 
704 725 732 733 738 742 749 780 
75
2 4 19 52 56 72 83 85 86 107 109 120 
166 182 186 190 192 214 217 220 228 230 250 255 
258 289 303 305 311 313 346 355 360 389 391 403 
431 433 437 442 457 466 469 476 491 494 499 513 
583 587 627 634 640 653 659 660 672 682 686 703 
725 732 734 735 741 746 750 754 764 770 777 778 
788 797 799 
82
2 3 46 56 75 77 80 87 88 90 94 95 
123 159 160 165 169 171 179 223 254 262 277 287 
297 299 314 315 353 354 369 398 402 412 413 416 
430 438 441 445 446 448 459 462 467 477 479 507 
508 519 527 528 542 547 550 556 563 565 571 593 
595 602 611 613 628 643 645 647 660 661 672 706 
711 738 745 754 755 762 767 769 784 792 
81
15 16 23 33 39 42 46 54 60 70 74 80 
82 87 97 100 126 143 157 171 174 192 205 210 
216 225 234 235 270 277 293 302 304 305 326 348 
365 391 392 425 432 459 460 462 469 477 479 490 
493 495 505 514 529 544 545 546 549 553 555 560 
570 604 612 639 641 645 648 662 663 691 708 712 
715 729 740 753 761 769 772 793 798 
72
40 54 64 66 85 102 110 113 120 142 163 167 
185 219 223 238 248 257 261 291 295 296 299 304 
306 312 319 322 329 363 368 369 384 388 401 405 
419 436 454 471 488 499 506 507 513 515 517 525 
527 539 550 560 565 597 610 628 631 649 655 665 
676 684 718 731 741 754 763 766 769 779 781 799 
82
2 3 7 15 16 52 64 67 71 76 78 89 
97 100 120 121 132 134 148 164 186 209 212 218 
220 221 224 248 253 266 269 287 302 304 311 322 
324 326 332 333 334 340 343 347 355 361 375 402 
403 434 447 450 451 452 531 542 544 556 558 568 
574 584 591 599 616 636 647 658 667 680 683 688 
704 709 711 752 758 765 766 773 788 793 
82
8 29 50 52 56 57 77 79 92 94 96 100 
104 105 111 114 126 127 134 148 163 173 174 186 
206 216 224 237 241 246 252 256 278 294 295 313 
319 321 322 325 328 337 352 366 388 391 426 428 
439 448 463 464 476 477 501 514 517 528 549 557 
575 577 578 579 596 619 627 628 648 668 677 685 
696 700 702 711 732 743 745 751 769 788 
96
11 23 29 32 41 50 56 57 73 80 81 92 
99 105 107 111 145 146 187 194 200 202 209 211 
219 222 224 225 226 229 246 252 264 267 269 273 
274 286 331 338 341 346 350 354 358 363 367 369 
370 375 391 393 395 399 416 427 442 471 474 488 
491 508 511 514 522 537 550 551 556 569 582 596 
602 615 616 624 646 650 653 655 687 689 691 692 
695 701 704 725 727 735 753 756 763 766 781 787 
84
7 27 32 42 48 90 103 107 110 127 146 151 
155 167 193 198 204 221 222 228 239 244 245 257 
264 271 275 277 279 284 296 308 309 312 316 318 
326 336 356 357 364 365 377 381 395 432 465 481 
490 494 495 502 522 535 580 582 589 593 598 599 
611 620 628 631 632 637 680 684 700 711 730 746 
750 754 761 765 768 772 773 779 787 795 796 800 
60
26 48 62 67 71 121 129 151 163 179 189 204 
205 226 244 280 287 288 293 307 310 317 327 332 
376 381 382 384 434 445 459 461 464 469 512 526 
534 539 542 544 576 590 611 615 623 639 646 648 
655 665 676 715 716 735 741 746 751 760 782 787 
77
39 44 69 79 84 91 115 117 121 122 182 186 
196 199 208 211 223 224 255 263 267 275 278 281 
306 321 328 332 343 349 350 364 379 400 407 414 
419 427 456 475 483 487 491 495 511 537 538 539 
547 557 562 578 581 582 583 585 597 606 621 623 
635 637 649 651 667 679 693 717 718 720 744 747 
751 752 767 786 796 
59
20 90 99 115 132 136 140 153 174 205 206 241 
251 262 274 280 284 299 303 336 339 355 356 363 
373 381 399 442 450 455 475 480 486 498 500 503 
513 515 533 567 576 589 600 620 627 648 690 701 
711 727 740 742 744 747 753 754 758 772 796 
82
10 14 25 36 46 47 59 64 79 80 85 104 
125 128 151 161 169 170 180 184 185 188 200 221 
227 231 261 262 266 269 288 295 305 335 366 374 
375 387 396 399 403 411 413 419 439 445 450 451 
467 469 480 482 484 490 491 495 514 519 544 550 
561 568 572 577 594 608 610 623 637 644 650 662 
669 705 715 740 745 749 757 775 777 791 
81
35 36 54 56 61 62 76 111 121 148 149 152 
157 182 187 204 222 230 240 242 244 259 263 264 
281 290 293 308 315 327 348 352 360 361 364 366 
380 404 409 418 437 445 451 453 466 471 472 473 
480 487 504 505 507 508 511 513 518 545 553 563 
588 598 615 616 624 625 632 648 653 664 673 678 
685 689 695 722 729 761 763 772 776 
75
7 9 16 17 25 26 83 108 118 133 135 136 
141 148 152 162 184 201 205 206 208 250 253 261 
262 268 271 275 276 286 304 306 313 327 354 355 
363 374 376 377 378 382 383 388 394 397 413 416 
427 472 483 495 502 534 540 541 555 565 567 590 
615 656 664 666 673 694 701 715 724 771 774 776 
777 783 795 
80
26 30 34 48 69 72 80 81 89 101 106 116 
118 124 134 140 141 142 149 186 211 212 213 227 
238 240 246 253 262 275 292 293 295 309 323 330 
339 350 354 363 365 369 377 379 388 413 421 423 
430 436 441 444 455 458 466 471 486 490 491 493 
494 495 518 524 537 576 580 596 605 615 625 633 
643 657 683 701 730 749 755 775 
80
1 9 21 55 57 69 71 76 90 101 109 113 
115 124 131 134 152 164 183 207 217 227 242 250 
257 264 266 289 298 299 301 308 320 329 346 365 
401 414 432 450 470 475 477 481 486 490 491 496 
506 517 528 533 562 573 577 581 589 591 593 598 
600 602 607 612 615 617 627 640 647 666 672 692 
695 701 726 750 753 766 787 793 
85
37 45 58 60 61 66 71 73 75 87 91 99 
115 121 136 148 153 170 194 211 220 221 222 233 
234 250 257 271 272 285 288 301 303 304 311 317 
325 335 353 355 368 372 378 387 389 397 399 409 
414 418 421 429 437 459 463 467 478 493 506 530 
531 543 554 556 560 589 610 619 624 641 650 655 
657 659 686 689 705 738 742 750 753 766 782 792 
798 
81
8 22 23 42 59 79 119 127 131 141 205 208 
214 215 218 221 240 258 260 263 265 266 269 277 
278 280 284 297 300 303 305 329 330 336 346 351 
361 370 371 381 388 396 399 406 408 413 419 421 
422 427 436 454 455 456 457 478 482 490 513 536 
568 577 581 594 596 656 669 671 690 699 703 704 
726 729 730 732 745 750 753 784 793 
80
23 28 30 33 34 37 54 90 96 110 121 125 
135 136 138 142 147 158 178 184 190 194 202 203 
211 257 261 293 302 308 316 323 325 333 336 337 
352 364 374 391 393 406 429 451 455 463 475 479 
511 515 518 529 533 534 537 550 554 575 581 595 
601 620 621 624 641 669 673 682 684 698 715 724 
746 754 759 762 764 770 775 789 
86
25 33 38 40 42 43 66 67 73 82 101 107 
122 129 134 143 147 153 160 173 178 183 184 186 
191 198 203 212 224 227 231 240 243 246 258 265 
269 281 285 289 295 297 308 310 317 324 330 333 
336 352 377 401 410 413 429 441 443 450 479 485 
494 506 509 528 529 551 560 571 596 604 611 613 
629 645 658 670 675 700 716 717 721 760 762 780 
796 800 
94
26 30 38 42 43 61 66 82 84 112 114 121 
122 127 140 146 147 157 164 179 182 185 207 212 
223 227 228 229 234 241 252 259 261 263 268 270 
277 278 284 295 302 311 314 315 318 319 329 331 
333 340 344 352 397 420 427 435 437 450 457 464 
468 472 511 519 527 528 529 538 539 550 559 560 
562 571 592 595 607 618 620 623 624 626 629 652 
684 692 694 702 706 726 739 746 781 783 
81
1 5 19 29 34 55 59 75 83 93 100 108 
109 111 120 157 163 181 188 195 212 213 228 242 
248 249 264 274 280 290 292 294 313 315 324 350 
361 368 381 383 387 392 400 403 439 445 446 453 
473 476 510 511 517 522 534 537 573 576 585 588 
591 592 598 612 613 614 643 648 651 656 665 682 
685 707 722 749 770 774 789 790 795 
82
25 27 37 38 43 46 56 65 74 76 84 93 
94 99 137 144 153 157 160 191 198 225 226 237 
244 265 268 271 279 282 288 297 316 317 320 331 
335 342 343 354 362 370 412 428 438 443 445 449 
460 463 473 492 501 515 527 534 538 547 574 580 
581 582 594 600 617 624 625 636 645 659 662 667 
677 710 730 731 732 753 778 793 796 799 
85
19 40 53 55 56 58 63 64 70 97 104 117 
120 162 169 172 179 186 187 193 200 202 204 224 
225 227 228 232 240 263 275 298 328 332 338 340 
341 351 372 385 386 390 391 412 414 417 418 423 
463 467 482 487 512 527 530 531 536 545 555 590 
592 603 605 620 624 636 639 679 682 685 687 694 
699 701 708 713 715 733 734 742 778 787 791 797 
799 
87
2 23 27 31 39 56 66 72 80 110 126 138 
145 156 160 165 175 181 217 220 237 242 243 246 
249 252 254 262 263 290 294 295 310 322 325 328 
339 343 359 370 375 376 382 393 405 415 421 424 
426 452 476 477 478 479 482 487 490 499 524 533 
559 572 579 581 582 585 586 591 601 602 606 637 
640 650 658 659 665 689 700 701 718 722 733 742 
753 770 772 
78
4 6 12 30 54 56 86 117 130 143 147 152 
158 162 164 179 186 211 236 237 255 258 264 278 
282 284 286 294 312 314 341 359 363 370 377 378 
391 407 425 429 442 451 456 481 491 505 515 519 
529 531 561 573 574 591 601 613 614 622 633 648 
649 650 651 671 681 684 693 711 717 732 739 740 
744 748 765 780 791 796 
84
1 6 7 18 35 43 69 72 83 96 98 118 
127 129 136 142 158 159 174 176 183 187 194 215 
221 241 254 280 283 286 313 350 362 371 375 385 
386 393 396 411 422 424 438 446 447 475 485 489 
495 497 527 529 533 536 540 548 549 586 591 592 
621 624 625 626 645 652 653 658 660 663 664 672 
673 681 699 701 705 736 737 742 761 766 779 792 
87
8 9 37 40 46 62 63 70 73 85 89 99 
135 143 144 159 188 189 192 217 220 227 230 231 
234 239 245 252 257 261 266 294 311 317 325 326 
334 335 343 350 353 360 374 377 378 397 414 433 
436 439 453 467 473 477 484 485 489 491 493 494 
499 518 529 534 542 557 558 564 565 571 597 600 
603 612 613 662 683 684 691 696 706 728 729 732 
753 779 791 
72
10 14 22 24 44 62 72 83 87 112 116 118 
124 137 144 182 187 194 204 214 218 262 268 277 
301 302 304 316 317 392 395 430 437 450 459 463 
469 481 488 524 552 558 559 566 581 592 594 606 
612 613 614 624 638 639 653 654 670 686 687 712 
726 732 734 739 741 745 755 765 792 793 797 799 
78
25 36 42 52 66 72 73 89 93 96 98 101 
122 135 139 141 152 157 161 162 167 178 186 209 
224 227 250 274 292 297 317 325 326 335 344 361 
372 379 383 407 413 417 421 440 442 446 463 470 
472 474 480 510 521 534 537 561 565 572 574 579 
587 608 624 635 640 653 661 684 690 711 712 715 
735 751 754 760 770 783 
58
7 28 30 35 52 87 109 112 114 133 137 145 
151 153 159 173 174 184 186 273 285 286 293 294 
297 337 355 356 386 392 404 414 440 467 491 509 
522 531 536 540 556 568 605 613 635 644 650 674 
685 688 696 711 715 747 773 788 790 796 
90
19 21 57 60 75 78 86 97 100 109 117 145 
147 148 156 160 162 173 175 189 203 209 210 215 
219 221 238 248 251 260 268 280 284 299 323 327 
334 336 353 354 371 372 383 385 394 404 411 427 
428 433 445 451 457 460 467 485 494 502 511 517 
522 525 531 535 542 555 564 571 576 586 588 596 
623 624 628 647 657 680 697 702 705 709 716 743 
745 760 762 764 771 796 
86
22 27 39 61 63 79 95 111 123 129 133 137 
157 160 172 187 188 193 195 205 216 237 246 267 
269 271 285 289 302 303 307 323 342 344 346 347 
351 360 368 371 383 411 414 415 417 424 456 457 
458 459 476 493 494 500 512 522 523 524 541 548 
552 559 576 603 628 632 636 638 647 653 658 661 
666 675 681 691 695 696 721 741 747 749 781 786 
791 800 
77
1 40 42 52 56 73 87 88 89 105 126 127 
130 144 147 155 186 191 195 202 205 207 210 220 
224 231 240 279 281 297 302 304 308 313 328 333 
338 339 354 360 361 362 406 413 420 431 435 463 
476 482 509 511 517 520 534 547 550 590 613 620 
646 664 667 669 680 695 708 709 725 751 764 769 
777 780 784 799 800 
84
13 28 35 36 59 73 77 81 97 103 107 118 
124 148 168 183 187 201 202 211 226 231 244 256 
266 269 294 296 299 320 349 358 363 364 367 369 
371 374 380 384 388 389 398 417 421 435 462 471 
479 491 506 519 532 538 551 558 561 575 582 585 
589 594 601 602 606 608 610 624 628 650 659 697 
726 737 741 746 757 765 770 775 783 786 793 800 
80
4 9 10 23 26 35 52 63 67 86 107 111 
129 138 170 173 184 207 219 222 239 240 249 253 
256 274 283 304 306 320 336 338 347 362 364 370 
386 392 433 439 452 477 484 485 492 501 503 508 
513 516 517 520 527 549 559 582 585 587 590 605 
646 649 650 678 680 697 705 706 715 716 725 732 
736 738 740 747 762 770 788 792 
77
8 16 21 25 33 40 46 50 71 91 101 108 
111 116 124 134 146 150 173 175 179 180 215 220 
238 252 265 270 274 281 290 293 303 308 310 319 
333 341 347 349 357 373 376 378 389 420 441 442 
450 451 455 464 478 485 499 501 515 516 523 555 
563 570 582 586 616 622 623 628 637 645 656 662 
668 679 741 792 798 
61
18 60 63 67 79 85 94 117 119 125 142 152 
176 179 189 194 240 243 249 277 278 316 334 339 
346 347 386 391 417 428 437 456 472 474 480 481 
515 519 523 536 571 587 588 598 616 625 627 637 
638 647 655 673 676 682 710 728 732 751 761 770 
790 
78
39 45 52 54 142 157 165 169 178 185 191 202 
205 224 237 242 244 253 254 264 268 277 278 295 
307 309 334 348 360 364 372 377 390 407 427 430 
432 436 447 453 455 473 474 476 479 515 522 527 
530 534 537 538 541 542 543 544 549 560 570 590 
604 605 614 617 618 632 643 651 667 678 685 691 
696 713 747 767 775 779 
78
5 17 26 28 32 36 47 50 54 60 67 84 
93 96 108 112 148 170 183 193 194 218 240 251 
260 269 298 312 328 339 359 360 363 378 382 399 
417 419 422 423 431 448 450 453 457 459 464 481 
482 488 497 509 522 539 554 559 563 565 638 666 
682 695 703 718 719 724 735 738 749 750 764 767 
771 774 775 777 787 795 
71
4 36 37 49 51 61 71 89 94 107 118 123 
136 150 165 166 169 174 194 195 205 215 218 219 
232 263 289 293 302 313 326 344 351 391 401 425 
435 441 444 455 472 476 491 493 500 504 525 554 
584 589 592 593 595 596 621 672 680 690 700 703 
704 711 719 723 733 736 739 753 755 756 793 
75
15 17 20 29 45 61 63 78 93 96 137 139 
150 152 155 156 159 164 169 170 198 207 213 217 
229 240 268 269 271 285 286 302 313 327 328 334 
339 340 350 378 379 410 412 420 433 445 457 459 
463 470 499 528 556 570 590 596 600 611 638 647 
650 665 676 681 682 689 696 715 726 738 744 749 
751 772 789 
75
46 48 49 52 55 68 81 91 94 110 114 141 
148 178 188 202 213 230 241 255 259 266 268 290 
296 335 336 337 345 346 355 358 364 373 383 388 
392 396 402 415 429 434 439 446 505 523 524 527 
548 562 575 580 583 588 589 593 599 611 624 632 
655 662 670 696 699 709 713 718 763 766 776 779 
781 786 789 
70
9 17 18 28 32 56 59 86 108 124 126 130 
141 151 161 171 173 205 222 223 224 236 238 316 
322 331 338 345 346 374 385 394 395 398 401 415 
422 434 463 465 474 490 495 498 529 594 601 608 
612 625 626 644 646 659 663 665 713 720 723 725 
729 749 755 757 763 768 780 788 793 794 
70
18 24 28 30 60 64 78 99 126 130 143 194 
196 214 232 246 266 267 268 284 286 315 316 332 
336 374 379 389 406 434 444 455 457 465 493 495 
509 513 517 518 519 525 534 546 557 567 568 585 
589 598 614 616 624 633 639 645 666 675 685 687 
712 725 742 743 744 745 749 761 769 779 
73
12 37 38 42 44 53 62 63 86 93 112 114 
143 167 175 187 188 201 216 218 233 244 255 271 
284 293 309 320 326 335 338 341 367 382 402 424 
426 429 446 466 476 486 487 489 490 496 525 564 
565 566 577 582 590 591 593 618 628 643 659 665 
669 671 682 696 706 707 710 714 726 729 730 749 
786 
84
4 13 30 34 44 46 48 54 82 104 107 114 
119 126 135 157 160 161 163 166 171 186 188 195 
232 236 248 252 260 276 283 286 291 296 305 311 
317 342 352 360 368 379 383 400 404 415 432 435 
442 448 459 462 470 473 477 496 497 527 560 567 
588 589 591 593 594 597 607 610 612 623 655 671 
678 683 738 749 751 752 754 757 758 778 798 800 
88
16 19 27 29 37 42 47 55 56 76 81 92 
114 123 132 138 140 163 178 186 195 215 223 233 
234 245 249 250 253 261 269 276 298 316 320 340 
347 356 360 368 373 381 395 397 401 403 411 413 
421 429 434 438 453 455 457 469 472 473 492 493 
494 498 518 520 562 571 587 607 612 652 661 672 
675 690 693 703 704 705 712 714 725 746 752 771 
785 786 787 794 
90
26 27 47 48 60 61 71 76 77 78 84 87 
98 105 120 129 133 136 140 144 151 160 163 175 
180 191 193 197 211 214 218 235 240 241 242 258 
282 294 329 341 351 359 369 370 385 416 420 455 
470 488 489 490 494 504 519 523 527 542 568 569 
592 594 596 605 610 611 620 641 643 656 665 670 
681 683 687 691 693 699 707 716 726 738 747 751 
754 757 770 773 779 800 
80
3 14 22 23 27 34 39 42 45 55 66 71 
79 88 91 97 98 107 121 147 162 163 170 173 
190 197 221 234 237 249 263 271 273 275 276 294 
309 310 325 357 368 374 383 384 401 426 431 440 
445 450 455 459 471 478 480 482 496 507 515 523 
546 563 573 611 616 639 651 657 665 687 691 696 
704 722 727 728 729 785 795 796 
78
36 62 68 71 76 92 99 100 102 122 142 148 
166 180 185 193 197 209 210 219 220 223 234 238 
252 259 266 281 289 305 312 323 349 352 354 373 
430 432 451 453 458 460 464 467 478 487 488 492 
498 521 532 534 547 555 557 562 565 566 589 614 
630 642 645 649 686 687 713 727 730 733 734 737 
746 748 759 761 788 795 
80
2 20 25 40 47 50 57 59 62 77 86 113 
126 142 160 162 168 172 179 180 188 208 226 238 
246 254 261 263 269 271 274 280 291 294 297 320 
340 364 390 407 412 413 447 463 466 478 490 499 
501 502 510 526 529 536 543 554 561 563 573 577 
578 580 589 609 617 622 633 644 652 654 656 681 
682 704 719 731 772 785 786 794 
75
11 18 22 29 30 37 53 60 61 79 81 83 
132 139 149 161 170 201 204 209 234 266 267 274 
278 289 296 300 305 331 345 349 361 362 366 375 
410 414 421 423 427 431 432 433 435 437 460 478 
487 519 533 541 554 579 587 590 602 617 620 623 
632 633 639 648 670 672 683 700 701 737 749 761 
770 798 800 
90
3 4 46 56 65 67 71 75 76 86 101 109 
117 137 150 156 158 174 187 188 195 200 204 206 
207 210 215 221 243 253 259 272 273 281 286 293 
301 309 342 344 345 372 380 392 410 413 419 428 
441 456 464 465 492 502 511 521 524 531 533 535 
539 547 556 604 606 639 655 657 659 663 678 679 
682 690 694 702 705 722 724 731 733 739 748 761 
768 769 770 781 791 800 
82
25 29 33 38 39 46 47 48 52 53 55 88 
104 119 123 124 129 130 143 144 145 150 173 174 
179 180 211 230 232 244 264 267 273 284 285 296 
304 308 321 330 340 357 363 386 388 407 445 469 
477 481 484 487 488 500 510 529 538 552 553 556 
563 585 594 610 623 632 634 636 646 694 695 697 
710 714 732 736 746 752 755 774 783 793 
80
2 4 7 14 26 28 38 40 47 50 68 76 
106 130 153 158 172 190 196 204 208 221 227 236 
248 252 261 270 272 279 281 291 314 332 344 353 
354 370 386 392 403 404 413 441 445 447 451 454 
455 471 477 480 487 529 560 606 609 613 622 629 
630 635 641 642 645 665 669 674 677 696 711 731 
757 760 769 775 782 787 791 799 
75
10 28 38 42 51 75 90 94 97 117 121 162 
167 171 174 183 187 196 224 227 230 234 247 270 
271 297 300 301 304 305 306 345 353 356 372 395 
424 431 436 440 443 454 458 495 507 509 516 533 
551 553 561 563 565 578 580 593 611 635 644 654 
664 665 678 680 689 708 716 727 734 735 738 756 
776 784 785 
82
37 54 76 88 89 99 102 127 147 152 162 167 
175 182 191 203 207 211 214 221 241 245 256 260 
261 263 265 269 281 284 288 291 292 299 312 316 
331 336 338 358 363 365 372 375 378 380 411 416 
437 448 461 464 477 488 508 514 515 527 539 556 
562 583 597 618 636 652 662 666 676 696 701 702 
709 711 717 729 744 753 760 780 792 799 
79
8 15 42 53 67 85 92 106 122 124 132 140 
146 149 163 164 179 180 222 232 251 252 254 256 
260 270 288 290 305 310 314 331 336 337 338 339 
348 350 365 368 379 389 396 405 421 423 433 442 
444 446 470 507 515 519 525 544 554 561 562 571 
576 586 596 599 606 638 639 641 651 667 683 686 
728 744 753 781 783 784 793 
81
6 17 20 26 30 48 55 62 74 94 122 123 
141 149 164 166 176 180 185 190 191 195 200 201 
202 219 234 236 239 241 254 255 311 316 323 327 
335 353 361 372 377 389 398 414 423 437 438 455 
469 481 485 489 508 528 539 542 566 571 575 600 
607 611 631 636 640 688 689 699 700 701 702 705 
709 723 738 743 744 747 749 762 800 
71
4 7 8 15 37 59 63 97 117 118 124 133 
163 167 170 171 189 197 201 203 218 227 235 286 
293 295 299 303 305 310 347 357 363 364 367 374 
380 426 438 467 474 499 500 501 507 509 512 513 
523 536 539 547 557 573 598 613 623 625 628 635 
639 652 658 692 706 717 718 742 768 779 797 
86
15 16 23 29 33 50 62 68 70 75 88 91 
99 117 128 133 136 142 144 155 157 158 160 166 
177 179 186 188 195 211 215 216 242 259 265 268 
270 273 281 293 333 375 384 387 395 401 408 409 
414 429 431 447 450 451 462 466 483 487 490 502 
503 509 510 520 529 543 563 596 597 605 619 637 
638 647 649 653 660 675 680 703 710 729 736 739 
742 776 
80
7 15 37 48 67 78 82 83 88 100 114 115 
124 131 134 137 142 154 159 166 193 194 198 210 
220 229 244 251 257 262 266 288 291 302 318 322 
328 353 354 357 372 383 404 406 419 436 437 446 
455 459 471 474 480 481 487 512 519 529 553 559 
567 588 591 595 599 617 641 663 685 699 707 714 
734 745 752 762 770 776 781 799 
81
5 29 42 43 60 71 75 77 81 86 111 112 
116 117 118 144 161 173 186 191 204 210 220 231 
251 257 259 270 283 292 295 299 306 311 318 322 
330 338 347 384 387 448 449 456 468 471 475 484 
488 491 500 501 502 509 513 562 571 583 590 593 
611 619 628 633 669 675 679 682 685 686 694 705 
709 729 734 739 758 762 772 791 797 
76
2 19 27 40 47 57 58 67 98 100 105 126 
128 135 136 157 167 172 185 195 213 216 220 223 
244 264 265 266 267 271 295 306 323 327 367 380 
384 402 415 422 423 435 438 445 480 486 494 505 
508 511 513 529 549 571 581 583 613 617 638 644 
646 672 679 684 688 708 710 724 728 735 751 759 
764 770 795 800 
78
3 38 49 50 56 68 88 100 138 139 157 169 
170 178 184 193 201 216 239 246 267 281 286 290 
291 292 328 350 358 365 378 385 396 409 439 442 
463 470 472 483 498 500 501 508 514 521 538 550 
558 570 577 591 598 604 609 610 628 631 638 641 
645 647 649 694 710 711 723 724 725 730 732 746 
761 770 773 779 788 790 
76
10 12 18 29 31 50 51 72 77 78 81 87 
105 112 115 117 122 148 154 156 181 192 226 235 
242 243 244 247 254 255 257 284 292 309 318 323 
341 345 355 362 367 426 427 429 432 441 457 464 
483 488 494 495 499 513 534 565 568 588 591 615 
627 644 648 664 672 675 688 691 705 713 728 751 
779 785 787 798 
84
5 10 14 19 46 56 63 77 116 120 130 133 
134 135 139 147 155 157 160 161 173 198 200 205 
211 220 228 266 269 270 273 279 289 299 309 311 
329 331 338 347 348 352 355 384 433 440 461 467 
471 476 477 478 482 484 490 497 529 530 550 566 
594 604 607 611 617 645 651 676 678 685 692 707 
713 716 723 725 726 730 731 733 750 787 794 800 
84
7 18 27 28 30 31 55 58 59 61 65 68 
75 77 88 90 102 107 110 132 144 145 159 171 
175 180 182 191 199 209 210 229 276 304 311 313 
317 325 339 351 359 360 366 375 378 381 421 422 
424 430 432 446 449 484 488 503 509 540 542 547 
550 551 558 559 569 570 573 589 594 598 602 603 
607 633 641 650 656 661 672 673 719 729 733 782 
99
8 10 11 20 35 39 50 54 61 71 84 106 
111 112 115 119 120 123 125 126 136 141 143 144 
146 148 157 171 183 206 215 220 223 226 228 233 
238 251 255 257 261 262 273 276 286 288 308 310 
340 346 349 353 362 365 372 381 384 386 389 391 
396 397 405 421 430 433 445 450 453 481 482 487 
493 494 510 511 513 524 570 590 596 597 600 606 
650 657 665 666 677 679 683 687 728 729 738 754 
768 775 777 
71
2 14 31 38 41 71 89 93 94 101 105 120 
121 123 125 127 142 146 155 201 205 207 215 217 
243 246 279 348 381 385 400 401 408 437 439 441 
442 456 463 477 482 507 508 517 568 569 582 620 
621 627 636 652 658 669 672 691 698 701 706 715 
716 721 726 735 744 753 760 764 765 772 796 
82
5 9 13 24 29 34 36 40 49 51 61 75 
91 111 129 143 157 171 187 215 220 224 241 258 
262 268 284 287 304 327 336 338 343 345 347 354 
355 361 371 381 385 392 400 412 418 440 445 458 
472 481 487 498 504 506 517 518 520 527 529 537 
543 559 562 564 565 596 599 600 610 631 634 641 
666 690 719 720 734 736 758 764 772 788 
94
1 11 14 18 24 28 37 45 47 54 72 75 
78 80 82 87 92 98 99 102 111 116 119 126 
129 133 175 177 180 184 193 218 220 240 249 263 
265 266 279 280 290 310 318 331 336 341 348 361 
363 368 392 395 398 408 431 435 442 445 449 466 
479 484 504 505 518 529 533 542 545 547 558 561 
562 565 575 585 586 595 642 652 658 666 684 693 
703 719 731 737 750 767 770 777 790 795 
73
1 55 64 82 87 88 92 95 104 108 121 133 
143 151 153 158 160 170 177 194 197 204 215 216 
231 238 244 276 338 348 359 365 376 378 390 404 
439 447 453 464 514 515 526 545 580 581 588 589 
594 599 602 615 621 625 636 651 663 668 679 680 
682 687 701 706 725 726 740 741 751 766 767 769 
790 
81
5 6 19 24 60 71 80 82 107 111 116 118 
127 137 141 154 156 161 169 175 181 185 191 196 
197 201 207 220 225 239 247 257 271 277 282 283 
307 330 336 342 343 349 351 362 380 381 383 388 
391 396 425 441 452 473 482 483 500 508 527 546 
547 552 592 596 605 626 634 647 659 663 671 709 
715 721 732 736 738 751 770 793 799 
78
34 36 70 83 88 90 110 111 117 128 132 133 
152 164 165 166 188 199 202 206 236 239 260 265 
267 273 276 282 292 302 305 309 315 316 324 330 
339 343 373 375 386 398 424 460 468 491 501 513 
519 524 541 552 554 569 573 574 580 596 600 602 
621 651 655 682 684 688 689 725 735 744 755 762 
770 771 777 779 784 786 
80
7 19 22 34 57 71 83 94 129 131 158 166 
178 180 184 185 187 191 194 199 201 207 227 229 
230 240 249 253 262 267 270 281 336 351 370 376 
379 381 385 390 402 403 412 420 424 426 427 428 
443 457 478 495 504 505 516 517 520 524 534 548 
559 566 588 593 606 608 626 632 637 642 651 695 
698 719 722 731 743 749 764 800 
82
4 5 11 12 32 41 51 61 90 93 96 97 
100 125 127 129 140 158 160 179 180 185 198 223 
225 226 229 234 240 249 253 254 278 286 289 294 
314 320 323 324 325 327 333 346 347 355 371 374 
375 389 411 425 433 436 440 444 455 458 460 486 
506 535 539 542 551 555 556 593 620 622 627 636 
642 689 697 700 702 727 761 784 790 792 
79
6 7 18 28 38 39 50 54 55 95 100 101 
115 119 158 181 185 199 217 229 231 236 240 293 
294 304 324 325 350 354 356 371 373 389 416 418 
419 422 429 430 433 439 451 462 489 492 496 508 
530 534 537 542 544 570 573 574 587 589 593 599 
603 604 610 618 653 657 664 692 694 699 700 719 
728 742 745 750 766 771 794 
74
46 63 68 74 81 93 95 99 101 111 137 141 
164 172 179 189 218 230 231 232 245 247 252 272 
273 276 282 288 292 297 305 314 321 326 334 337 
380 384 389 393 395 423 425 445 448 454 456 462 
463 470 473 493 497 503 525 542 563 582 610 632 
646 654 657 670 680 681 687 707 709 722 737 772 
778 787 
90
11 19 20 42 46 57 65 79 85 98 102 107 
108 122 126 142 150 164 169 186 197 199 200 212 
223 228 238 248 251 258 262 292 310 313 317 318 
334 337 357 367 369 371 378 383 384 387 392 396 
411 429 430 455 456 482 484 498 503 513 516 521 
542 561 563 566 584 590 601 602 609 611 628 630 
632 644 648 666 679 684 692 716 727 728 729 734 
735 739 744 746 757 782 
80
5 28 35 41 46 53 77 87 93 121 122 127 
142 144 161 162 171 193 199 234 271 274 287 294 
308 313 316 325 331 342 349 363 371 377 416 429 
453 454 455 460 469 471 483 488 491 501 503 510 
514 542 548 567 578 592 601 605 606 620 621 626 
634 636 639 658 668 700 706 714 732 740 751 753 
756 760 771 782 783 784 790 791 
80
12 20 31 42 71 90 98 107 115 126 139 148 
157 164 166 175 179 194 219 221 224 229 233 235 
237 244 284 285 292 312 327 328 342 347 357 361 
363 369 381 386 392 403 410 422 443 448 455 459 
471 505 535 558 559 565 580 582 584 586 591 600 
604 609 619 625 632 638 677 693 694 695 697 698 
734 742 755 762 767 769 787 791 
86
1 11 12 16 42 54 71 72 81 82 101 116 
154 157 165 180 181 188 189 195 203 227 248 251 
266 276 291 304 309 315 332 334 340 344 347 363 
380 416 426 428 461 463 481 494 495 502 503 506 
508 517 519 529 541 566 569 578 599 602 605 610 
617 630 635 637 639 648 665 670 675 680 681 686 
688 714 715 717 723 730 734 737 752 755 756 766 
768 797 
