100 75
1 1 1 1 1 1 1 1 1 1 1 1 
1 1 1 1 1 1 1 1 1 1 1 1 
1 1 1 1 1 1 1 1 1 1 1 1 
1 1 1 1 1 1 1 1 1 1 1 1 
1 1 1 1 1 1 1 1 1 1 1 1 
1 1 1 1 1 1 1 1 1 1 1 1 
1 1 1 
8
1 8 12 13 14 17 26 63 
10
5 6 22 25 37 39 51 56 59 70 
6
5 6 48 49 67 71 
13
5 8 9 14 17 22 33 47 49 50 51 69 
73 
9
29 36 37 38 40 48 62 63 69 
5
4 18 40 58 73 
7
2 10 22 31 40 52 59 
6
14 26 29 43 69 70 
8
3 19 21 36 43 46 59 62 
9
1 17 24 30 34 50 52 67 73 
7
8 23 25 32 53 58 72 
5
1 31 48 56 71 
4
34 47 54 66 
9
3 24 28 32 38 51 52 55 61 
7
1 3 4 34 45 47 58 
5
24 31 34 51 57 
11
2 19 22 26 30 41 46 48 50 62 66 
11
22 29 33 35 42 43 48 56 60 66 74 
10
1 2 16 21 23 40 41 42 44 47 
5
20 24 32 47 67 
6
13 16 31 44 64 72 
4
6 17 51 59 
6
21 35 37 39 40 41 
5
14 46 56 59 65 
7
13 14 20 21 30 59 61 
6
1 28 42 59 63 67 
6
27 29 32 52 55 60 
8
14 19 21 27 34 36 39 47 
9
17 25 29 36 38 39 42 52 68 
8
22 34 35 46 47 50 59 68 
8
24 33 40 51 55 59 71 72 
5
6 19 34 42 71 
11
1 2 5 18 22 38 45 58 59 67 74 
8
31 42 43 54 56 61 69 72 
3
39 60 70 
13
2 6 8 17 18 19 26 37 44 47 49 63 
69 
10
1 7 11 16 21 25 38 40 54 61 
5
16 17 20 34 57 
8
2 14 16 18 21 46 70 74 
3
1 62 65 
4
18 36 46 53 
7
16 18 25 26 34 41 51 
9
2 3 14 21 48 53 55 71 73 
5
11 26 40 50 68 
5
29 36 39 67 73 
6
6 18 30 37 51 73 
7
1 12 20 32 33 44 69 
8
12 16 24 29 30 38 64 67 
9
2 24 28 30 31 38 49 53 69 
7
2 9 14 19 24 34 59 
7
4 6 28 31 40 68 73 
7
5 6 12 18 26 31 48 
10
3 13 16 19 20 28 41 52 56 67 
9
18 22 50 53 54 60 64 67 68 
8
14 19 24 27 60 66 69 74 
8
6 21 35 39 40 42 57 74 
9
18 23 29 32 35 46 54 57 66 
6
1 24 29 46 60 63 
4
5 6 24 66 
6
6 13 28 49 54 71 
9
3 6 13 30 31 36 40 53 68 
5
9 18 40 41 72 
2
53 54 
14
2 3 9 23 26 29 38 43 52 59 61 62 
73 75 
7
2 12 16 28 42 60 70 
11
3 7 23 31 43 45 51 56 64 73 75 
5
19 26 27 37 53 
8
3 10 12 23 30 34 37 59 
9
5 8 23 31 32 33 55 60 75 
10
11 26 29 30 32 37 39 40 47 50 
4
12 36 51 73 
8
4 13 21 35 47 63 69 75 
6
8 10 17 45 67 71 
7
6 18 28 47 51 53 54 
12
3 4 13 15 16 18 35 36 47 61 66 71 
5
8 13 20 57 62 
7
8 26 39 43 47 49 53 
10
1 20 23 26 38 39 56 60 61 74 
4
3 7 14 21 
9
4 7 12 16 19 29 32 33 52 
5
24 25 32 43 59 
10
6 11 14 29 40 42 47 48 63 68 
8
10 15 17 25 33 37 43 54 
5
29 35 42 59 74 
14
6 10 11 15 18 26 27 32 33 35 38 43 
62 74 
4
2 5 8 14 
7
21 24 34 38 39 48 63 
10
1 29 35 37 44 48 57 59 60 72 
8
4 19 28 29 56 62 67 75 
8
6 8 43 55 59 64 68 74 
13
3 8 15 17 22 26 27 33 37 47 72 74 
75 
5
20 36 46 67 75 
10
2 4 6 14 29 34 35 52 69 72 
9
1 2 15 24 31 40 50 54 63 
2
13 33 
7
16 23 28 38 40 51 64 
5
12 22 28 42 57 
9
4 6 7 14 24 29 42 43 64 
10
12 29 32 34 36 39 44 66 68 70 
7
4 28 34 36 37 54 75 
