100 75
1 1 1 1 1 1 1 1 1 1 1 1 
1 1 1 1 1 1 1 1 1 1 1 1 
1 1 1 1 1 1 1 1 1 1 1 1 
1 1 1 1 1 1 1 1 1 1 1 1 
1 1 1 1 1 1 1 1 1 1 1 1 
1 1 1 1 1 1 1 1 1 1 1 1 
1 1 1 
10
5 25 26 29 33 35 47 51 54 74 
5
4 6 37 53 65 
9
4 7 14 20 24 27 28 46 67 
8
5 11 23 25 45 54 57 70 
4
41 52 66 71 
5
12 16 24 45 73 
4
7 10 11 66 
6
3 21 22 27 55 65 
4
11 20 67 69 
8
4 9 16 34 48 51 52 64 
7
4 17 29 46 56 57 62 
5
11 43 45 55 59 
2
46 47 
9
15 23 28 39 43 60 70 71 75 
12
3 12 17 18 26 31 32 46 55 61 64 68 
5
9 11 14 36 51 
5
3 33 47 51 63 
7
2 5 14 49 57 67 74 
7
6 40 46 51 54 71 75 
4
14 29 35 56 
4
1 2 53 54 
5
6 9 36 53 69 
7
15 18 29 42 45 61 74 
3
22 45 63 
11
16 32 42 46 53 54 56 61 69 70 71 
9
25 31 35 43 56 57 63 69 70 
2
5 55 
5
6 19 28 37 67 
9
5 13 23 29 40 49 55 56 73 
5
11 31 51 52 72 
7
29 40 41 42 62 69 75 
10
3 8 11 13 38 41 53 61 63 67 
5
18 38 41 63 66 
7
4 14 15 43 52 59 64 
9
12 13 16 21 32 49 55 63 66 
11
3 10 23 24 30 36 43 56 64 66 72 
9
25 37 40 59 66 70 71 72 73 
4
4 35 66 71 
5
1 7 27 45 57 
8
7 21 41 46 58 73 74 75 
8
3 13 21 41 56 57 68 71 
7
2 21 31 32 44 59 68 
8
13 21 23 29 34 35 38 62 
9
10 15 18 21 30 45 47 58 74 
3
12 38 45 
8
5 8 11 18 35 44 55 66 
8
3 8 13 19 22 25 41 69 
7
7 11 13 18 25 33 68 
3
15 17 70 
8
18 28 29 59 62 67 69 71 
8
3 21 23 27 37 52 56 69 
4
17 51 61 74 
10
4 8 27 28 33 39 44 47 66 69 
5
7 19 45 61 71 
10
11 16 21 30 33 34 35 44 65 67 
3
18 57 62 
9
1 8 12 13 30 55 58 63 73 
11
1 8 15 18 29 37 40 44 48 51 55 
9
15 23 34 35 38 39 47 53 59 
6
4 47 48 61 64 65 
11
4 8 13 17 18 19 22 35 39 56 71 
6
3 17 26 30 64 67 
6
31 35 39 50 68 73 
8
11 20 23 52 63 66 67 70 
11
19 20 21 24 27 33 34 37 51 65 68 
8
21 22 28 40 50 58 65 68 
12
13 20 23 30 32 36 40 43 45 46 61 68 
6
4 16 55 58 62 67 
8
22 23 25 31 35 46 58 69 
6
2 25 26 39 54 60 
6
5 13 21 28 33 52 
3
31 44 65 
7
4 5 39 45 49 67 73 
10
7 15 22 32 35 36 51 59 68 70 
12
15 19 22 35 37 44 48 51 55 57 73 75 
7
3 7 13 23 47 60 72 
6
7 27 31 56 68 69 
13
1 6 22 24 25 33 39 53 54 60 63 64 
70 
8
3 16 17 24 29 36 41 51 
10
34 35 39 41 45 49 55 64 71 74 
2
4 8 
7
10 11 16 17 26 56 57 
9
8 10 13 24 45 53 61 72 74 
8
5 15 17 42 43 45 51 72 
8
3 11 15 20 29 37 38 67 
8
32 43 52 53 55 62 64 75 
8
1 2 4 19 29 40 61 70 
4
26 32 61 63 
8
8 11 20 29 35 53 56 72 
14
2 4 6 13 29 31 48 51 52 56 60 63 
66 67 
6
25 29 31 36 40 64 
11
1 2 5 9 21 36 40 47 57 64 70 
9
3 5 30 46 58 59 65 68 75 
7
1 15 17 22 44 56 61 
13
7 8 15 18 20 39 42 50 59 67 70 72 
75 
6
11 31 32 37 54 65 
5
31 33 35 58 71 
4
1 2 23 54 
9
4 17 24 29 36 53 54 56 64 
6
21 32 56 67 68 74 
