100 75
1 1 1 1 1 1 1 1 1 1 1 1 
1 1 1 1 1 1 1 1 1 1 1 1 
1 1 1 1 1 1 1 1 1 1 1 1 
1 1 1 1 1 1 1 1 1 1 1 1 
1 1 1 1 1 1 1 1 1 1 1 1 
1 1 1 1 1 1 1 1 1 1 1 1 
1 1 1 
8
11 26 28 32 35 40 43 58 
6
5 15 41 42 45 53 
7
2 13 28 38 47 54 62 
7
5 7 40 44 50 58 62 
5
1 2 7 13 44 
3
54 57 60 
5
47 48 60 68 73 
7
16 27 31 39 70 72 73 
1
10 
5
32 33 44 50 69 
10
7 14 20 24 49 50 56 57 65 75 
8
9 11 21 34 47 48 54 56 
4
10 24 33 61 
10
2 7 17 19 22 25 28 47 51 68 
10
12 13 23 31 45 48 52 56 62 67 
7
8 10 21 44 51 68 69 
9
1 2 3 6 10 20 33 69 74 
6
3 13 35 50 58 72 
6
1 3 10 21 47 72 
11
1 4 5 7 20 26 33 54 60 68 74 
5
18 35 39 42 65 
15
1 4 8 9 10 11 15 19 27 31 43 63 
68 73 75 
10
6 16 17 22 31 35 49 61 68 70 
5
14 25 58 69 73 
10
7 8 9 12 21 25 35 44 72 75 
7
5 45 48 51 54 60 75 
4
23 31 64 67 
9
12 24 27 31 38 39 49 56 70 
11
6 10 17 25 27 40 43 45 67 74 75 
12
2 9 15 19 31 39 41 42 45 50 67 70 
9
12 13 19 27 30 44 52 57 67 
2
6 51 
7
14 18 28 32 43 47 49 
8
2 25 40 42 48 50 52 53 
6
5 12 20 35 58 70 
7
8 11 14 16 44 50 55 
7
1 3 27 30 52 53 72 
7
4 8 31 47 49 66 75 
5
3 21 23 35 47 
9
1 16 25 30 50 54 59 70 71 
9
9 19 21 22 28 38 50 56 64 
4
39 58 69 74 
5
10 12 14 49 56 
8
1 9 10 24 29 64 65 71 
8
3 14 15 23 33 57 66 70 
6
3 15 23 32 51 53 
4
4 24 52 64 
8
31 54 55 56 59 63 71 74 
5
4 29 31 37 69 
15
8 15 25 27 30 32 35 37 39 43 44 53 
58 68 71 
7
7 8 12 24 37 47 52 
6
14 34 36 43 51 57 
8
5 14 24 29 32 37 49 60 
6
21 29 40 52 60 72 
7
13 33 35 52 54 58 71 
13
2 4 9 15 18 20 29 31 40 45 52 54 
64 
4
8 20 31 37 
8
2 5 15 16 18 52 67 68 
7
12 24 42 43 53 64 67 
6
11 13 26 29 31 72 
4
31 52 54 58 
9
7 16 22 25 26 47 55 65 70 
8
22 27 32 37 47 50 56 65 
6
22 30 44 55 60 72 
6
3 21 31 40 56 60 
8
35 38 54 55 60 64 66 71 
12
1 12 19 24 26 27 32 38 50 56 61 68 
7
3 27 33 41 62 66 69 
8
11 16 42 47 49 66 67 69 
7
6 35 36 53 67 73 75 
9
7 15 21 23 32 39 41 47 68 
9
4 17 26 34 35 42 43 51 68 
4
11 37 43 52 
7
25 38 46 48 50 71 73 
8
10 19 23 24 37 40 45 69 
9
10 36 40 41 44 47 61 67 75 
8
1 3 9 19 20 25 34 57 
6
15 35 48 49 67 68 
13
5 7 11 18 21 27 34 40 44 50 55 59 
66 
5
3 40 54 56 60 
8
2 3 8 11 25 30 42 60 
7
28 35 42 43 45 51 74 
9
2 11 16 33 44 45 46 59 60 
5
12 13 16 18 65 
6
6 20 28 59 60 62 
8
14 37 39 49 56 63 68 71 
12
3 5 12 13 14 21 29 36 44 54 56 64 
6
4 21 34 55 56 75 
11
2 10 12 17 19 26 31 36 40 52 53 
7
31 37 49 51 60 63 65 
3
66 69 72 
6
18 41 47 50 52 64 
8
2 10 18 35 36 41 43 59 
7
5 7 9 14 51 59 61 
10
9 18 22 28 33 36 49 53 68 75 
11
2 9 18 21 22 23 24 26 38 58 69 
12
8 22 41 42 43 44 47 55 58 70 71 72 
8
12 26 33 34 36 63 72 75 
6
9 14 18 24 46 67 
9
9 19 35 38 40 44 45 46 55 
