100 75
1 1 1 1 1 1 1 1 1 1 1 1 
1 1 1 1 1 1 1 1 1 1 1 1 
1 1 1 1 1 1 1 1 1 1 1 1 
1 1 1 1 1 1 1 1 1 1 1 1 
1 1 1 1 1 1 1 1 1 1 1 1 
1 1 1 1 1 1 1 1 1 1 1 1 
1 1 1 
7
9 16 25 37 40 56 67 
6
2 16 27 32 67 71 
8
15 29 30 31 41 54 55 58 
10
6 9 29 34 38 40 42 50 52 67 
4
1 10 20 63 
9
23 26 39 40 44 47 54 64 70 
9
1 11 23 28 43 48 58 65 75 
6
15 22 39 51 61 63 
9
1 15 17 29 43 46 48 52 72 
9
4 11 37 44 47 56 59 63 70 
7
6 15 16 19 54 55 62 
6
7 11 17 18 51 52 
7
9 33 40 49 54 63 68 
10
2 8 17 22 28 34 40 41 62 70 
8
4 9 21 37 41 54 68 70 
5
21 29 52 53 64 
4
21 56 57 73 
7
12 16 31 37 43 44 49 
7
4 34 35 66 67 68 72 
15
2 13 15 19 24 30 31 32 33 41 46 56 
57 66 71 
4
25 37 55 74 
11
7 9 10 12 28 32 36 40 43 47 57 
8
16 18 31 39 40 62 65 68 
12
8 17 29 45 50 54 61 63 69 70 72 73 
8
15 16 24 26 42 52 54 58 
4
12 51 64 66 
8
5 6 9 18 22 32 41 73 
6
10 25 47 65 72 74 
6
2 8 19 22 48 65 
12
1 14 21 23 25 34 53 55 57 60 62 68 
5
20 27 30 36 55 
5
8 20 37 44 59 
10
3 17 20 27 28 31 40 45 46 48 
7
5 6 7 21 23 51 63 
1
40 
10
2 3 7 9 30 59 61 62 67 73 
6
6 11 58 64 70 74 
6
25 28 41 59 64 71 
5
3 6 9 40 55 
8
14 18 22 25 36 38 56 68 
9
14 20 32 34 43 45 47 54 73 
7
3 35 38 48 49 55 68 
5
9 21 43 63 74 
6
1 6 11 13 21 24 
8
11 21 23 28 34 36 49 67 
10
9 11 24 28 36 37 51 62 66 74 
10
5 7 29 34 35 43 45 46 51 68 
15
19 20 21 22 23 25 49 51 53 55 61 62 
66 69 72 
7
10 30 37 46 62 65 67 
9
14 30 36 43 45 47 54 60 67 
6
9 12 13 30 42 49 
5
14 19 29 37 72 
8
5 19 34 36 43 51 59 75 
14
2 3 4 9 10 14 25 35 49 51 55 62 
69 73 
7
3 7 16 18 31 45 65 
4
1 15 40 74 
5
5 11 15 29 69 
6
24 38 39 43 69 73 
4
17 41 61 62 
8
14 16 27 48 54 71 72 73 
7
15 28 40 44 56 62 74 
8
4 10 29 37 38 40 52 63 
8
12 20 23 26 38 54 55 57 
8
8 26 35 49 51 53 55 59 
3
7 29 39 
5
23 37 63 64 70 
6
6 20 33 47 50 57 
6
20 30 32 55 61 68 
8
1 7 22 26 28 40 54 74 
2
54 62 
9
2 3 17 20 22 28 65 66 73 
11
9 11 13 21 34 35 40 43 51 52 73 
7
10 21 28 40 52 61 70 
9
14 20 27 30 31 35 47 66 69 
5
5 9 59 65 66 
8
2 3 27 33 36 43 57 68 
3
5 8 36 
11
3 7 13 32 33 57 64 65 68 70 73 
7
5 24 30 45 60 68 73 
10
7 13 17 26 51 58 59 67 69 75 
10
9 18 29 31 32 34 61 65 67 68 
6
1 10 25 33 39 53 
7
7 8 12 18 30 39 53 
7
10 16 24 28 58 66 70 
10
1 8 9 12 14 19 25 28 30 71 
13
4 10 16 20 22 24 26 38 39 45 52 55 
65 
3
27 28 37 
9
22 29 36 37 48 54 58 70 73 
5
12 18 31 53 75 
5
6 13 33 62 71 
3
31 45 65 
7
4 9 14 22 34 43 62 
10
9 10 14 35 36 47 63 67 70 74 
8
6 12 40 50 52 53 60 72 
9
5 7 16 33 42 56 58 69 70 
6
4 37 48 61 71 74 
14
1 18 23 26 27 46 48 51 52 53 58 64 
68 69 
10
7 10 16 29 34 36 42 47 56 73 
7
10 36 45 50 53 65 66 
4
24 48 56 72 
