100 75
1 1 1 1 1 1 1 1 1 1 1 1 
1 1 1 1 1 1 1 1 1 1 1 1 
1 1 1 1 1 1 1 1 1 1 1 1 
1 1 1 1 1 1 1 1 1 1 1 1 
1 1 1 1 1 1 1 1 1 1 1 1 
1 1 1 1 1 1 1 1 1 1 1 1 
1 1 1 
6
7 17 26 36 55 59 
10
6 11 14 19 35 39 42 68 69 71 
10
3 4 15 18 38 42 47 55 60 75 
7
4 13 16 29 45 53 73 
5
12 15 37 45 63 
4
5 47 63 69 
7
7 25 26 30 31 37 60 
9
10 12 15 24 27 44 62 69 74 
11
7 12 18 24 27 39 53 54 56 58 62 
8
11 28 31 46 47 55 62 70 
5
13 19 32 49 54 
4
17 26 32 67 
9
1 10 14 24 38 41 51 59 60 
11
4 5 28 29 33 36 55 58 64 66 75 
5
2 13 21 25 37 
10
2 22 30 31 45 48 50 62 63 70 
7
10 12 19 29 49 56 58 
10
2 8 12 19 28 34 42 53 58 69 
5
49 58 62 70 71 
9
21 31 34 39 42 56 57 64 70 
5
1 11 17 56 64 
5
22 37 38 49 60 
7
4 12 18 30 40 41 66 
6
6 30 31 56 63 70 
9
4 7 17 21 24 25 41 60 64 
7
1 8 14 20 53 57 75 
5
7 46 56 68 69 
7
11 20 35 44 61 63 64 
8
7 10 25 49 65 66 71 72 
9
6 8 27 28 44 46 47 49 55 
6
1 5 6 11 21 42 
6
9 16 48 50 51 58 
8
5 17 31 35 40 45 61 62 
7
47 52 56 60 64 65 73 
3
21 42 68 
9
6 12 13 42 46 50 51 57 60 
6
1 7 35 47 49 67 
5
32 36 43 46 47 
6
1 41 46 48 53 56 
4
12 45 47 59 
7
17 18 24 31 45 50 63 
7
11 22 28 31 54 59 60 
6
8 16 41 45 48 54 
8
7 16 32 33 39 48 50 69 
6
6 10 63 70 73 74 
2
55 68 
9
3 19 37 40 51 57 59 68 75 
10
1 4 10 12 14 19 32 48 59 75 
9
5 14 23 26 41 42 52 62 68 
7
6 16 18 36 55 69 74 
4
26 28 40 43 
4
6 35 39 67 
10
10 18 24 27 32 34 40 55 59 64 
9
5 43 52 58 59 65 67 68 71 
7
2 4 12 53 55 59 74 
7
12 13 38 40 42 46 75 
6
8 34 63 64 73 75 
3
15 18 45 
8
7 22 23 47 49 64 73 75 
9
1 2 18 19 43 44 53 69 70 
8
8 41 46 49 57 59 61 75 
9
1 13 32 40 52 53 67 69 73 
10
19 26 28 38 44 45 48 53 67 72 
8
7 8 16 31 32 34 44 56 
11
2 3 6 16 17 37 39 42 53 57 60 
10
2 5 8 14 15 21 29 37 64 72 
11
5 7 10 11 22 24 35 39 45 66 72 
12
5 15 16 22 27 36 38 39 40 47 56 70 
10
1 7 10 44 51 55 59 60 61 73 
9
8 29 30 40 45 49 60 62 64 
7
3 8 17 54 64 66 68 
12
1 3 7 9 13 20 21 35 40 55 57 66 
6
10 57 58 68 74 75 
7
1 2 4 11 16 22 29 
8
4 15 37 38 57 60 61 72 
6
20 33 37 43 48 59 
8
17 18 37 43 49 52 63 64 
5
2 17 25 66 73 
4
54 55 56 74 
8
1 2 4 21 22 26 59 66 
2
22 59 
3
32 43 46 
9
22 29 34 36 37 42 50 54 72 
12
1 2 4 9 23 33 44 61 62 66 70 71 
9
1 8 17 39 43 49 59 64 67 
11
1 3 21 24 26 27 30 34 43 46 65 
5
24 42 47 70 73 
10
8 11 12 15 34 45 52 58 74 75 
10
14 36 38 45 49 50 57 58 73 74 
8
2 5 7 8 35 36 47 69 
9
2 17 18 27 54 55 64 70 74 
9
2 3 7 24 31 34 36 50 59 
8
9 31 34 45 50 51 54 60 
7
2 5 13 24 46 49 66 
8
1 5 18 22 25 27 29 31 
2
30 32 
10
1 6 22 25 44 46 49 50 57 67 
7
3 9 14 23 42 54 67 
3
5 23 43 
11
4 6 8 25 38 40 55 58 63 71 72 
