25 75
1 1 1 1 1 1 1 1 1 1 1 1 
1 1 1 1 1 1 1 1 1 1 1 1 
1 1 1 1 1 1 1 1 1 1 1 1 
1 1 1 1 1 1 1 1 1 1 1 1 
1 1 1 1 1 1 1 1 1 1 1 1 
1 1 1 1 1 1 1 1 1 1 1 1 
1 1 1 
5
2 27 31 55 57 
4
5 16 20 31 
8
8 12 23 50 52 58 65 73 
6
6 19 25 43 44 58 
11
1 8 9 15 27 28 35 36 53 57 63 
11
4 5 14 15 19 26 35 41 59 71 74 
7
2 5 27 30 38 55 71 
4
9 41 62 67 
7
15 24 26 30 38 48 51 
8
12 18 30 39 52 59 69 71 
7
5 6 12 31 38 40 61 
9
7 14 16 30 35 41 56 66 75 
4
22 33 37 72 
6
16 20 49 63 70 71 
6
10 26 35 36 49 73 
9
7 9 17 19 28 42 71 73 75 
6
3 18 21 46 48 73 
5
23 27 34 41 71 
5
11 27 35 42 43 
6
8 20 31 48 53 65 
9
4 6 7 8 10 21 38 57 67 
5
4 13 34 47 56 
10
2 5 20 27 30 31 43 49 61 68 
9
2 9 23 32 42 48 56 64 69 
7
3 18 21 24 30 67 69 
