25 75
1 1 1 1 1 1 1 1 1 1 1 1 
1 1 1 1 1 1 1 1 1 1 1 1 
1 1 1 1 1 1 1 1 1 1 1 1 
1 1 1 1 1 1 1 1 1 1 1 1 
1 1 1 1 1 1 1 1 1 1 1 1 
1 1 1 1 1 1 1 1 1 1 1 1 
1 1 1 
10
2 4 11 16 29 30 34 35 43 70 
8
6 14 23 31 39 41 56 62 
10
4 6 13 25 38 44 50 56 58 68 
7
9 27 30 33 46 55 69 
2
15 31 
9
1 13 22 34 46 47 63 66 75 
7
1 13 25 29 40 41 72 
7
12 13 25 27 30 39 66 
7
10 20 38 51 57 58 66 
4
8 29 45 46 
8
4 9 13 26 28 57 59 70 
4
10 25 38 53 
10
2 4 18 32 34 45 58 66 69 71 
8
5 22 29 41 50 52 58 65 
7
11 25 26 28 34 56 57 
10
3 14 17 21 26 31 35 54 66 70 
9
5 6 17 26 38 45 54 59 70 
7
4 24 25 32 34 45 56 
5
3 10 26 47 70 
7
5 10 13 26 34 51 65 
5
36 39 55 61 62 
6
1 20 23 42 44 53 
8
10 17 23 44 48 57 58 69 
4
22 25 47 63 
14
8 19 37 43 44 54 57 59 64 66 70 71 
72 75 
