25 75
1 1 1 1 1 1 1 1 1 1 1 1 
1 1 1 1 1 1 1 1 1 1 1 1 
1 1 1 1 1 1 1 1 1 1 1 1 
1 1 1 1 1 1 1 1 1 1 1 1 
1 1 1 1 1 1 1 1 1 1 1 1 
1 1 1 1 1 1 1 1 1 1 1 1 
1 1 1 
8
10 27 31 32 42 59 62 63 
11
2 12 16 23 25 26 34 41 50 53 69 
7
10 13 20 27 46 51 71 
9
9 23 26 56 57 62 68 71 75 
6
20 21 35 48 64 69 
11
21 25 34 37 50 53 54 60 61 66 74 
7
1 9 17 50 51 55 73 
12
3 4 22 23 24 33 34 38 39 44 57 75 
11
5 13 17 44 47 51 57 64 71 73 75 
7
3 4 21 23 35 45 61 
9
5 7 31 41 42 54 55 67 69 
6
9 15 18 21 30 53 
11
3 14 18 19 24 28 41 42 44 57 71 
11
21 23 27 28 29 34 38 41 49 53 72 
7
15 18 50 53 55 59 67 
8
6 15 24 32 38 60 65 70 
5
1 3 24 34 37 
6
3 14 21 35 36 55 
12
9 18 21 35 38 40 41 59 66 70 71 72 
6
4 27 34 60 69 73 
5
2 10 20 48 54 
10
8 16 20 22 32 40 51 52 62 63 
8
13 14 28 36 39 40 44 55 
5
2 16 39 46 50 
11
4 18 20 21 34 43 48 54 59 63 64 
