50 75
1 1 1 1 1 1 1 1 1 1 1 1 
1 1 1 1 1 1 1 1 1 1 1 1 
1 1 1 1 1 1 1 1 1 1 1 1 
1 1 1 1 1 1 1 1 1 1 1 1 
1 1 1 1 1 1 1 1 1 1 1 1 
1 1 1 1 1 1 1 1 1 1 1 1 
1 1 1 
2
5 27 
9
20 23 29 34 43 60 63 65 74 
9
4 9 29 37 45 50 58 63 66 
5
2 28 48 51 58 
6
11 34 35 36 58 62 
8
10 24 26 31 41 47 52 54 
10
20 24 30 33 51 52 54 56 65 74 
9
8 17 20 23 24 29 61 70 72 
13
10 12 27 28 31 32 44 51 61 62 67 69 
73 
2
30 36 
11
5 10 14 20 24 34 35 54 62 71 72 
5
28 32 53 57 69 
8
1 10 26 30 40 48 51 55 
7
8 30 38 39 46 51 67 
13
1 6 18 21 23 26 32 37 42 44 53 67 
71 
1
4 
5
6 20 27 33 61 
11
7 10 13 14 16 18 28 30 32 34 47 
4
31 62 63 69 
8
8 23 24 30 48 51 63 73 
7
8 25 34 51 56 64 75 
9
3 25 38 46 48 63 66 71 75 
7
18 25 38 60 67 72 74 
7
2 3 9 52 54 65 69 
7
36 44 45 47 48 49 60 
7
36 42 45 65 69 70 75 
5
10 13 28 44 67 
9
1 3 19 22 25 41 47 62 75 
6
31 34 38 51 64 65 
5
22 40 48 57 75 
8
2 28 41 46 67 68 70 71 
11
3 6 14 17 27 35 39 53 64 66 71 
8
3 23 33 35 44 48 49 58 
10
3 6 20 31 39 43 59 61 69 71 
2
20 22 
4
26 64 68 75 
10
3 7 8 12 14 23 33 36 72 73 
2
47 50 
9
1 4 5 8 13 19 22 30 32 
5
11 21 25 52 66 
6
6 8 16 19 42 69 
7
8 11 20 24 50 51 52 
9
2 3 5 6 16 31 34 53 73 
8
28 29 42 46 47 49 60 63 
8
8 25 27 49 50 56 72 75 
8
9 13 22 31 35 65 71 73 
7
22 26 39 45 51 52 64 
9
13 19 26 31 46 59 65 66 74 
9
3 4 16 29 32 39 47 63 74 
7
9 17 33 37 57 62 64 
