50 75
1 1 1 1 1 1 1 1 1 1 1 1 
1 1 1 1 1 1 1 1 1 1 1 1 
1 1 1 1 1 1 1 1 1 1 1 1 
1 1 1 1 1 1 1 1 1 1 1 1 
1 1 1 1 1 1 1 1 1 1 1 1 
1 1 1 1 1 1 1 1 1 1 1 1 
1 1 1 
6
12 29 37 60 64 68 
9
4 16 31 43 44 49 51 55 58 
8
8 14 26 49 59 64 67 71 
6
11 13 28 33 35 42 
8
26 34 43 46 47 48 71 72 
5
4 18 23 38 66 
8
2 4 5 24 29 53 55 73 
6
4 29 50 60 71 72 
4
41 46 69 70 
8
1 14 28 36 43 45 51 75 
9
10 19 25 51 57 63 68 69 71 
5
41 53 60 65 72 
6
8 19 26 40 46 48 
5
15 26 36 67 75 
6
21 25 26 30 39 47 
9
13 27 28 30 44 50 51 63 69 
8
1 24 30 31 57 66 70 75 
5
1 5 40 52 62 
11
4 6 7 14 23 50 54 57 64 67 73 
6
19 29 35 42 71 73 
10
2 9 10 12 34 49 55 57 66 70 
6
35 51 63 68 69 74 
12
6 29 31 43 45 47 48 58 59 64 65 75 
12
4 20 21 34 37 41 44 48 55 67 71 72 
2
37 59 
7
7 13 17 41 56 57 66 
10
6 16 22 25 26 38 42 43 55 74 
7
28 30 42 43 49 59 63 
5
13 16 19 22 50 
9
5 14 18 38 39 43 47 49 63 
5
16 50 56 57 73 
8
6 17 20 32 41 47 59 71 
9
11 21 25 33 39 40 41 43 50 
7
2 38 50 53 57 63 72 
11
12 15 20 22 28 33 39 44 45 48 60 
9
7 10 14 31 41 42 47 51 52 
7
26 27 42 45 53 66 73 
10
21 31 44 47 52 58 60 68 69 71 
7
6 11 19 25 64 68 71 
10
4 5 8 15 41 49 59 62 68 72 
7
9 17 25 35 37 40 56 
4
56 58 65 72 
8
5 11 12 14 40 44 51 57 
13
8 9 12 35 42 47 52 53 63 65 69 70 
73 
9
5 26 29 40 47 63 65 73 74 
6
6 13 37 52 53 69 
11
9 11 21 22 25 26 59 66 67 70 72 
9
1 18 20 25 26 39 55 60 65 
3
5 26 74 
1
30 
