50 200
1 1 1 1 1 1 1 1 1 1 1 1 
1 1 1 1 1 1 1 1 1 1 1 1 
1 1 1 1 1 1 1 1 1 1 1 1 
1 1 1 1 1 1 1 1 1 1 1 1 
1 1 1 1 1 1 1 1 1 1 1 1 
1 1 1 1 1 1 1 1 1 1 1 1 
1 1 1 1 1 1 1 1 1 1 1 1 
1 1 1 1 1 1 1 1 1 1 1 1 
1 1 1 1 1 1 1 1 1 1 1 1 
1 1 1 1 1 1 1 1 1 1 1 1 
1 1 1 1 1 1 1 1 1 1 1 1 
1 1 1 1 1 1 1 1 1 1 1 1 
1 1 1 1 1 1 1 1 1 1 1 1 
1 1 1 1 1 1 1 1 1 1 1 1 
1 1 1 1 1 1 1 1 1 1 1 1 
1 1 1 1 1 1 1 1 1 1 1 1 
1 1 1 1 1 1 1 1 
62
6 7 8 9 10 16 25 26 29 30 31 33 
37 42 44 46 48 49 51 52 57 59 62 65 
67 71 72 73 81 82 89 92 95 101 104 113 
114 115 116 120 125 126 130 133 140 142 146 148 
154 156 157 160 163 171 172 173 174 175 178 181 
182 184 
69
2 4 6 7 8 9 13 20 24 29 30 31 
33 36 37 39 43 46 48 50 52 53 54 55 
63 67 68 79 80 82 83 86 87 89 102 103 
106 108 119 120 122 124 125 126 128 131 134 139 
140 146 147 148 149 152 153 157 159 161 162 164 
170 171 174 181 184 193 196 197 199 
53
7 11 14 15 20 22 24 25 26 30 37 39 
41 43 53 57 66 73 80 82 86 89 91 92 
98 102 103 112 116 127 133 135 137 138 140 142 
143 145 148 149 153 156 160 164 166 168 171 173 
179 188 195 197 200 
72
1 3 6 7 8 14 15 16 25 29 30 31 
34 35 36 37 38 40 41 42 43 47 48 49 
51 66 68 69 77 78 85 86 88 93 94 95 
100 101 102 104 110 114 115 116 125 133 139 141 
148 149 152 153 155 160 162 166 167 168 169 170 
173 174 177 180 181 187 189 191 193 194 196 200 
60
3 5 7 9 13 17 26 27 30 35 39 43 
44 45 47 52 58 62 63 67 72 74 77 85 
87 89 92 96 97 98 100 102 106 111 112 115 
116 118 119 124 126 127 131 132 135 139 143 151 
152 169 175 180 181 182 184 190 192 193 194 196 
64
1 4 5 8 13 16 18 24 26 27 29 33 
38 42 43 47 49 51 56 57 61 68 72 74 
75 76 78 82 85 86 90 98 99 106 107 111 
115 123 126 128 134 136 137 139 141 142 144 149 
150 151 159 160 161 167 174 176 177 181 185 190 
191 196 199 200 
56
2 3 5 10 13 27 30 32 33 42 47 50 
51 62 67 69 70 71 75 80 82 92 95 102 
104 105 108 109 113 120 125 126 128 129 130 132 
137 138 140 141 147 148 151 153 158 160 161 162 
171 173 174 182 184 185 186 192 
61
1 3 6 11 15 17 20 21 24 25 28 32 
33 38 39 43 44 46 48 51 54 56 64 65 
71 75 76 78 80 82 84 89 90 94 101 105 
109 113 118 119 121 123 124 126 134 135 140 143 
151 152 158 159 163 171 172 174 175 177 179 185 
187 
57
3 4 7 11 13 16 17 20 21 22 23 27 
28 29 34 39 42 46 47 51 53 54 57 63 
68 70 71 77 85 87 93 108 109 111 114 123 
129 130 136 137 146 147 149 151 154 159 160 163 
171 174 175 177 179 181 182 197 200 
67
2 3 5 8 9 10 11 16 18 21 28 30 
31 32 33 37 39 41 43 44 46 49 50 51 
56 57 60 66 68 70 74 81 83 84 85 86 
92 93 100 101 106 107 108 112 116 118 119 126 
133 135 138 141 144 147 150 165 168 169 171 174 
186 188 193 194 195 199 200 
54
1 3 5 7 8 11 18 22 23 25 28 32 
37 40 41 45 50 53 59 62 64 74 76 77 
78 79 80 84 90 95 98 99 101 106 107 109 
112 119 121 141 142 150 151 153 156 165 170 172 
177 180 186 188 192 193 
60
3 6 9 10 15 27 29 36 39 41 42 49 
52 53 55 57 58 59 61 64 71 75 77 78 
80 82 92 94 95 97 100 101 104 105 108 120 
122 124 125 127 128 129 131 141 144 145 153 154 
158 160 163 164 169 170 174 176 183 187 189 200 
58
2 5 6 7 11 13 15 17 21 26 30 31 
35 43 48 49 54 60 61 63 66 67 71 73 
74 80 83 84 93 96 99 103 106 110 111 113 
115 117 130 133 137 142 144 147 148 150 155 165 
167 172 174 178 180 181 188 192 194 196 
59
1 3 7 10 22 28 32 38 41 43 44 54 
55 60 62 64 68 69 73 77 78 83 86 89 
90 94 95 96 97 99 102 104 106 116 130 131 
132 134 144 146 149 150 152 153 155 158 160 162 
164 168 169 175 178 179 180 191 193 197 198 
63
2 12 18 27 29 31 32 37 42 44 45 49 
54 56 57 60 61 62 63 65 66 76 79 82 
86 88 93 94 99 100 101 108 114 115 116 117 
119 125 128 131 132 136 138 139 146 147 148 150 
152 155 156 157 160 162 165 168 174 175 178 179 
182 192 198 
68
2 4 9 15 22 24 25 26 30 31 32 33 
34 38 44 45 49 52 53 56 58 60 67 68 
70 73 78 82 87 89 90 91 92 96 99 105 
112 116 120 122 123 124 125 126 127 128 130 131 
133 140 149 150 154 155 160 161 164 170 172 173 
175 177 185 186 187 190 194 199 
61
2 3 6 14 17 20 21 22 23 30 32 36 
38 46 48 49 53 57 59 61 62 63 64 66 
78 82 85 86 91 103 105 106 118 119 125 126 
130 134 136 137 140 141 145 147 148 150 151 154 
156 159 162 164 167 173 178 186 187 192 194 197 
198 
55
12 14 21 30 41 42 45 49 52 53 60 65 
69 70 73 74 75 81 86 90 91 92 103 109 
111 115 117 118 119 121 124 125 127 130 131 134 
140 143 147 152 155 156 158 161 163 167 180 182 
184 186 188 191 194 195 199 
55
5 9 10 13 19 27 41 42 43 45 50 57 
59 61 67 72 75 76 81 91 100 101 106 109 
116 119 125 126 129 131 134 135 136 137 142 145 
148 149 150 154 155 165 167 169 170 178 180 185 
188 191 195 196 197 199 200 
55
1 7 9 12 13 17 20 21 25 28 29 31 
34 38 41 48 51 55 56 59 60 62 63 67 
68 72 74 75 84 85 88 94 97 98 111 117 
119 123 124 125 127 138 139 140 148 151 153 158 
166 171 191 192 193 197 199 
50
12 15 21 22 23 25 30 37 38 41 50 56 
58 66 68 70 75 76 82 88 95 99 100 104 
106 108 111 118 120 122 126 129 131 135 136 147 
150 152 153 154 160 165 173 174 177 181 193 197 
198 199 
57
2 3 7 11 17 24 25 26 34 35 37 39 
42 43 44 45 46 51 59 62 70 73 84 87 
91 95 98 102 108 116 118 121 123 124 129 138 
139 141 143 145 149 153 156 157 158 159 160 167 
168 169 171 173 178 185 192 194 197 
64
2 3 6 9 10 17 22 30 31 32 35 45 
46 50 55 57 58 60 63 66 67 68 69 71 
73 74 80 81 82 90 91 94 95 99 101 102 
104 106 108 111 128 131 139 141 146 148 150 151 
152 155 156 158 160 167 168 173 177 181 183 184 
189 191 194 200 
55
2 3 4 11 12 14 17 21 27 30 41 46 
47 50 52 60 61 64 65 68 71 76 79 81 
84 87 89 92 95 96 99 118 121 123 130 135 
140 146 149 154 155 160 162 163 164 168 171 173 
174 176 178 180 182 192 200 
59
2 3 10 11 13 27 29 30 33 39 41 45 
47 50 51 54 57 61 69 70 71 72 77 84 
86 89 92 93 94 99 104 109 113 117 121 125 
128 130 132 135 141 146 147 155 165 166 167 170 
171 175 177 182 185 186 189 192 193 198 200 
51
4 5 7 8 17 22 25 37 38 40 47 52 
55 78 79 82 84 107 110 111 117 118 124 128 
136 138 140 142 144 150 151 160 162 163 167 171 
172 173 175 180 181 183 184 185 186 188 189 192 
193 195 199 
58
2 7 14 16 22 23 25 29 33 40 41 43 
55 64 65 68 70 78 83 85 87 88 90 94 
95 99 100 102 109 112 113 115 122 123 125 128 
129 130 131 132 135 136 137 148 154 158 173 177 
178 181 182 186 192 195 196 198 199 200 
64
2 3 4 5 12 25 27 30 33 34 38 39 
40 44 49 51 52 59 62 65 66 71 72 83 
89 92 94 96 97 98 103 112 129 130 132 136 
137 138 139 143 150 151 152 153 154 155 157 158 
164 167 168 169 173 176 177 178 180 184 186 187 
193 194 195 198 
59
2 6 7 8 11 13 21 22 28 29 43 45 
47 49 52 54 55 57 62 65 72 79 80 83 
86 92 100 101 103 104 105 106 116 117 118 126 
130 132 134 135 139 141 143 146 147 155 156 157 
159 160 178 182 183 185 186 187 193 194 195 
58
1 2 5 13 17 21 24 27 37 43 44 50 
51 54 58 59 60 61 63 64 68 81 83 86 
94 98 99 102 104 107 108 109 111 114 119 125 
130 131 132 138 139 145 152 153 159 161 162 164 
167 168 175 178 182 189 194 196 197 198 
69
2 3 9 12 15 17 19 25 28 29 33 38 
43 44 46 48 49 55 56 62 65 70 73 74 
76 77 78 80 84 94 95 99 100 107 110 111 
116 118 120 126 128 129 130 136 138 142 143 145 
147 150 153 155 156 157 162 165 167 169 171 174 
179 182 187 188 189 192 194 196 198 
49
1 2 5 12 15 19 20 21 23 28 29 30 
34 38 51 66 72 75 77 79 80 86 88 89 
90 93 99 102 109 115 119 126 131 134 136 137 
146 147 148 149 156 173 174 184 187 190 191 194 
200 
60
2 3 5 7 12 14 17 22 25 30 34 38 
40 42 44 46 59 62 66 67 69 70 71 72 
88 94 100 107 112 113 114 117 119 120 122 125 
126 127 128 130 132 134 137 139 144 148 150 151 
152 158 165 166 172 174 181 185 194 195 196 197 
76
6 9 14 15 16 17 20 22 23 27 29 31 
32 34 37 39 40 41 43 50 53 60 63 64 
66 67 68 69 72 76 80 81 82 86 87 92 
101 104 106 107 108 110 111 112 117 118 125 132 
134 135 136 138 139 141 148 153 154 155 156 161 
166 168 169 172 173 177 178 179 181 187 189 191 
195 196 198 200 
78
4 5 11 12 17 18 19 22 24 29 30 31 
32 33 34 38 40 41 45 47 53 57 58 59 
60 63 64 66 70 73 76 77 80 83 86 90 
93 97 101 106 107 111 113 115 117 118 126 128 
129 136 137 138 139 142 144 145 147 157 159 163 
170 172 174 179 180 182 183 184 187 188 189 190 
191 194 196 198 199 200 
54
3 6 8 10 25 28 30 34 35 36 42 48 
56 59 62 63 64 66 74 78 81 82 87 93 
94 98 100 101 102 103 115 116 119 123 126 128 
129 144 151 155 159 162 164 166 167 170 177 179 
182 189 191 194 196 200 
66
1 2 6 9 10 18 21 23 26 27 29 34 
36 37 42 43 45 46 48 55 56 60 61 62 
66 69 71 76 83 84 86 87 88 90 93 96 
114 115 118 120 130 132 133 141 143 145 146 153 
155 157 159 160 163 165 166 171 177 179 181 183 
184 187 189 192 196 200 
63
1 2 5 11 12 15 24 38 40 41 42 45 
48 57 64 66 68 70 71 76 79 83 89 91 
92 95 98 100 101 103 106 109 119 122 131 140 
142 147 148 149 150 151 152 153 154 155 158 160 
163 168 170 172 183 185 186 187 188 190 194 195 
196 198 199 
64
4 7 12 18 19 20 22 24 25 33 34 44 
45 51 54 57 58 59 72 74 77 78 80 83 
85 86 90 92 97 99 106 107 113 117 121 126 
127 129 130 131 133 136 139 143 144 146 150 151 
153 154 156 160 170 174 181 183 187 189 190 191 
193 196 197 200 
58
5 6 10 17 21 25 27 28 29 32 34 36 
40 48 50 59 61 62 64 66 69 73 76 79 
80 83 87 88 89 94 99 105 106 113 115 116 
119 125 129 130 132 134 135 136 138 139 140 146 
152 153 156 159 162 165 172 182 189 192 
62
9 11 13 14 15 16 18 19 24 26 27 28 
29 35 36 37 38 42 44 47 62 66 67 69 
72 73 77 78 80 81 82 85 87 90 102 110 
112 126 128 129 133 135 140 142 147 148 149 151 
155 157 162 163 168 172 177 178 185 189 191 192 
195 196 
66
1 6 9 10 11 13 19 20 25 28 32 34 
36 37 44 45 50 52 56 58 59 62 63 67 
70 71 73 79 80 85 87 88 94 95 101 103 
108 112 113 115 118 119 120 132 133 141 142 145 
146 147 153 154 159 162 171 172 173 176 181 184 
190 192 194 195 196 198 
57
1 19 26 27 29 30 33 35 39 40 41 48 
49 59 61 62 65 67 68 69 71 74 77 78 
84 86 88 91 92 93 96 98 99 101 103 104 
121 130 138 140 145 149 151 153 154 155 164 168 
169 176 179 183 191 192 198 199 200 
55
1 4 7 11 12 15 16 19 22 23 25 27 
37 44 46 48 62 69 73 76 77 78 81 91 
98 100 103 105 106 113 122 126 131 134 135 137 
140 149 150 152 154 156 157 163 171 179 181 186 
189 190 193 194 196 198 199 
63
2 7 9 16 18 22 35 41 44 48 61 62 
63 64 69 71 73 75 76 83 84 86 90 92 
95 96 97 99 100 101 103 105 107 111 112 123 
127 128 137 141 142 143 144 145 155 156 159 163 
170 171 173 177 178 181 182 183 185 186 191 194 
195 198 199 
68
1 2 11 19 20 22 24 25 29 34 35 37 
42 44 49 52 53 58 61 62 68 72 73 74 
79 81 86 88 89 92 93 101 102 103 105 109 
111 112 115 116 117 120 126 127 130 131 135 140 
144 147 148 153 156 159 165 168 176 179 181 185 
187 188 191 192 194 195 196 198 
63
8 10 11 21 22 26 35 48 49 50 53 54 
63 64 67 74 78 81 82 83 86 87 90 92 
94 96 99 100 101 102 104 108 112 116 123 124 
125 128 129 132 141 145 148 149 153 155 157 159 
163 164 165 166 170 171 173 177 183 184 185 187 
192 195 199 
47
5 12 13 14 15 16 29 43 45 50 55 62 
65 66 68 70 71 75 77 81 83 85 97 100 
116 124 125 127 132 135 139 141 142 143 151 160 
171 172 173 174 176 185 190 194 196 197 200 
55
3 5 18 20 21 26 27 36 41 43 44 48 
51 56 58 61 66 72 74 75 77 80 85 86 
90 91 92 95 108 110 111 118 121 128 134 137 
140 143 144 145 153 154 155 160 161 163 171 172 
182 183 184 188 190 193 198 
66
3 4 5 6 10 12 15 17 21 23 25 26 
27 30 33 35 38 42 43 50 51 56 57 59 
65 68 74 79 86 91 92 93 97 100 116 117 
120 122 125 131 132 134 137 138 139 140 147 150 
152 153 159 160 162 165 168 170 173 175 176 178 
179 180 184 187 193 200 
