50 200
1 1 1 1 1 1 1 1 1 1 1 1 
1 1 1 1 1 1 1 1 1 1 1 1 
1 1 1 1 1 1 1 1 1 1 1 1 
1 1 1 1 1 1 1 1 1 1 1 1 
1 1 1 1 1 1 1 1 1 1 1 1 
1 1 1 1 1 1 1 1 1 1 1 1 
1 1 1 1 1 1 1 1 1 1 1 1 
1 1 1 1 1 1 1 1 1 1 1 1 
1 1 1 1 1 1 1 1 1 1 1 1 
1 1 1 1 1 1 1 1 1 1 1 1 
1 1 1 1 1 1 1 1 1 1 1 1 
1 1 1 1 1 1 1 1 1 1 1 1 
1 1 1 1 1 1 1 1 1 1 1 1 
1 1 1 1 1 1 1 1 1 1 1 1 
1 1 1 1 1 1 1 1 1 1 1 1 
1 1 1 1 1 1 1 1 1 1 1 1 
1 1 1 1 1 1 1 1 
72
7 8 9 12 16 17 18 20 21 22 27 37 
39 40 42 45 48 53 54 57 60 61 62 63 
64 66 67 73 75 77 85 89 93 96 97 98 
99 103 106 108 109 110 116 119 128 132 136 140 
141 143 147 153 154 159 161 164 166 168 171 172 
175 176 178 185 186 187 188 189 190 192 199 200 
68
1 6 7 8 10 11 13 14 21 22 24 25 
28 30 33 35 36 38 47 53 56 62 69 73 
74 76 77 79 82 83 86 90 95 96 99 100 
102 103 104 105 106 108 114 118 123 124 126 133 
142 145 146 147 148 149 150 154 160 166 172 173 
174 179 184 185 186 191 196 199 
66
1 2 5 9 16 17 18 19 21 24 26 28 
29 30 33 47 51 53 56 58 59 63 65 66 
68 69 72 74 77 86 89 90 91 93 97 100 
106 107 109 110 121 122 123 124 128 131 133 134 
136 138 146 148 151 160 162 164 166 168 173 175 
186 187 189 190 193 199 
60
2 7 12 15 17 19 24 28 31 34 37 46 
48 59 61 64 65 70 73 74 81 84 90 92 
93 95 98 101 103 107 108 114 120 121 122 124 
126 127 134 136 142 146 149 150 151 154 158 161 
167 168 170 173 176 178 180 192 193 195 196 197 
55
4 9 12 13 15 17 20 21 23 26 32 52 
58 59 63 64 65 72 76 81 86 89 90 92 
94 97 100 107 111 115 126 127 128 129 130 131 
133 135 136 138 145 149 154 155 156 164 175 183 
186 187 188 194 196 198 200 
59
10 12 24 25 27 29 30 31 35 38 40 45 
46 47 48 50 52 53 60 71 72 77 82 87 
88 90 92 93 100 101 104 107 111 112 116 131 
132 136 139 143 145 146 150 159 164 166 168 170 
171 173 174 181 182 187 190 192 193 198 200 
61
2 8 9 14 20 21 23 24 25 29 35 41 
42 44 50 51 56 61 65 69 71 73 74 77 
87 88 89 92 93 95 96 105 106 109 113 114 
120 121 124 125 132 134 137 141 145 146 147 151 
157 163 166 171 177 178 179 181 186 189 196 198 
200 
54
7 8 10 11 12 14 19 23 25 32 33 41 
52 55 58 62 74 75 78 81 82 87 93 94 
102 109 111 112 118 119 131 133 134 135 141 144 
145 147 151 153 155 159 163 165 170 174 178 183 
184 192 193 194 199 200 
74
7 9 10 13 15 18 19 25 27 30 33 34 
37 42 46 51 54 58 61 64 66 67 70 72 
76 81 82 85 86 88 90 91 95 97 99 101 
102 103 106 107 111 121 122 123 125 126 127 129 
131 136 137 138 143 147 149 150 153 155 158 160 
167 172 173 174 176 178 183 185 187 188 189 194 
199 200 
54
2 7 17 32 35 36 37 43 44 51 52 56 
62 65 66 68 78 81 83 88 91 93 96 108 
112 114 119 120 121 122 123 124 126 127 133 134 
136 139 140 141 144 151 153 163 164 170 179 181 
184 185 186 190 191 197 
57
3 6 9 11 20 28 31 36 41 43 44 57 
58 60 63 68 72 74 76 80 87 94 98 104 
106 113 116 118 128 132 141 142 143 144 146 148 
152 153 155 156 157 163 167 168 169 172 175 177 
181 183 187 188 192 194 197 198 199 
63
4 5 7 13 17 18 20 23 28 31 32 36 
40 41 43 47 54 55 59 62 63 67 70 71 
77 84 85 90 93 95 97 98 100 102 104 108 
112 114 115 116 121 124 127 131 137 140 142 148 
152 155 157 160 165 167 170 176 180 182 185 186 
192 196 200 
54
2 4 8 9 18 27 28 34 40 43 44 53 
56 60 64 65 67 73 77 78 82 83 87 93 
95 107 108 109 120 128 129 132 135 136 137 142 
143 147 148 154 164 168 172 173 176 178 184 185 
186 191 193 195 196 200 
71
10 11 15 16 17 18 19 27 28 31 32 35 
36 41 42 43 46 49 50 51 52 55 58 59 
60 63 66 67 77 78 79 80 82 83 84 88 
91 94 104 119 120 123 125 129 130 132 133 137 
141 144 145 147 149 152 160 165 167 171 172 173 
175 176 178 182 190 191 193 194 195 198 200 
66
5 9 12 15 20 21 25 27 31 32 34 37 
38 43 46 51 52 60 61 63 64 66 67 68 
70 72 73 78 82 84 87 92 97 98 100 106 
110 111 112 115 122 123 127 130 131 134 136 139 
141 143 146 154 156 158 161 163 167 170 171 174 
184 186 190 195 197 199 
58
1 3 4 5 10 11 19 24 25 28 30 31 
34 35 36 37 38 40 43 47 60 67 69 72 
80 82 89 93 94 105 110 119 123 125 126 132 
142 148 150 151 154 157 163 164 167 171 173 175 
179 180 181 183 189 192 193 194 197 200 
59
1 2 4 9 16 17 18 24 25 26 27 38 
39 40 42 47 49 52 54 55 57 62 64 71 
72 74 76 78 82 88 95 98 107 117 118 119 
120 121 132 133 136 138 139 146 159 163 164 170 
174 176 177 182 183 186 190 191 193 198 199 
66
1 5 7 10 11 18 19 21 24 28 29 38 
39 43 47 48 49 50 52 54 55 56 58 62 
63 66 67 68 70 72 75 77 94 102 104 110 
112 114 117 121 123 125 129 131 136 138 142 146 
150 155 157 158 159 161 170 172 173 174 175 177 
180 182 185 186 188 194 
70
2 4 8 10 12 16 19 24 25 26 29 34 
36 37 38 39 40 41 47 50 51 52 54 58 
62 66 67 71 77 78 80 83 92 100 105 107 
108 122 123 129 132 133 134 135 138 139 140 143 
145 146 147 149 154 155 157 161 162 167 170 172 
175 179 187 189 193 195 196 197 198 199 
66
2 4 7 11 14 15 16 19 22 25 27 29 
34 35 39 40 41 45 47 48 49 55 59 61 
63 65 69 72 76 79 80 85 92 95 99 103 
106 108 116 117 118 126 127 130 133 135 146 149 
152 153 155 156 158 159 163 166 169 174 175 178 
179 186 191 192 195 199 
59
13 17 18 19 22 26 31 39 42 45 46 47 
49 53 56 62 64 66 71 75 76 78 79 80 
82 83 91 100 104 105 108 110 113 115 117 118 
121 123 127 133 134 137 146 147 156 158 161 165 
167 168 169 176 181 185 186 189 193 197 200 
61
2 4 5 8 11 17 21 23 24 25 28 30 
45 46 51 53 60 65 66 67 72 73 74 78 
80 83 86 87 89 90 95 101 104 107 112 116 
117 118 119 123 125 126 127 129 136 140 142 147 
150 155 162 163 167 170 176 177 186 188 190 191 
200 
67
1 2 5 9 10 14 16 21 23 26 27 32 
34 35 37 38 41 42 44 45 49 50 51 55 
58 59 61 62 64 65 69 71 73 74 79 82 
84 85 86 89 93 96 101 107 112 113 115 122 
123 129 134 139 141 147 149 158 159 161 168 170 
177 183 185 191 195 196 200 
55
3 6 7 10 12 17 25 28 33 34 36 38 
43 45 49 58 61 70 71 72 74 80 91 92 
94 98 100 104 106 115 118 119 124 126 128 132 
135 140 142 148 149 151 152 157 161 163 164 166 
167 177 186 188 189 191 196 
59
1 2 3 4 6 10 14 16 18 19 20 22 
23 26 35 37 40 42 43 48 53 55 56 67 
70 73 74 76 86 92 93 94 100 105 112 114 
117 120 126 129 140 141 145 147 151 161 167 177 
178 182 185 186 187 188 189 191 196 197 199 
64
4 6 8 9 11 13 14 16 21 23 27 36 
43 46 51 54 55 64 68 69 77 79 80 81 
84 85 89 90 98 101 102 104 107 108 109 111 
112 116 120 122 123 125 128 131 135 155 156 157 
161 166 169 170 171 172 175 177 178 180 181 183 
186 187 198 200 
68
3 5 9 14 16 27 29 30 31 33 40 48 
50 51 52 53 56 58 59 62 64 70 79 80 
84 92 96 99 101 102 103 105 108 111 113 114 
119 120 124 127 128 132 133 134 135 137 143 147 
150 153 155 156 163 166 170 172 174 177 179 182 
183 184 185 187 189 191 197 199 
73
5 7 11 12 17 18 21 24 25 29 31 34 
37 38 39 47 48 51 53 54 57 59 60 67 
70 71 75 77 83 85 90 91 92 97 98 101 
104 108 109 110 113 116 119 120 121 123 128 129 
132 134 139 141 143 145 146 148 149 151 153 154 
155 157 165 172 173 174 177 185 192 194 196 197 
200 
63
3 8 10 11 30 33 35 38 39 44 48 53 
57 58 59 61 67 72 73 77 82 87 89 91 
97 100 105 107 108 112 116 117 118 121 126 131 
135 145 146 147 149 151 152 154 158 160 167 168 
171 172 174 175 176 178 179 182 185 186 187 189 
193 197 199 
58
2 7 8 10 13 14 16 24 26 32 34 36 
39 46 47 51 54 57 59 63 67 69 72 74 
79 82 85 87 88 94 97 98 100 101 102 105 
106 111 118 122 125 128 132 146 147 155 157 158 
160 163 165 171 177 180 184 189 190 198 
67
1 6 7 8 9 10 12 17 18 20 24 31 
33 36 43 44 45 46 49 50 51 59 63 70 
71 72 77 80 82 84 86 87 89 92 95 96 
97 99 102 106 107 113 115 120 123 126 128 130 
133 137 138 139 147 162 164 165 167 170 175 176 
177 182 186 191 195 196 198 
67
1 3 5 7 11 14 17 18 22 25 29 32 
33 37 43 45 46 57 58 60 61 64 66 73 
89 93 96 99 102 103 104 105 109 115 116 118 
120 121 122 128 131 132 134 135 137 138 140 142 
147 157 160 162 163 167 168 169 171 175 180 181 
188 189 190 194 196 199 200 
60
2 3 4 5 10 14 16 17 28 36 37 39 
42 43 46 47 49 51 52 58 63 65 67 73 
81 83 96 98 100 109 114 116 121 123 125 131 
132 136 140 141 144 145 147 150 152 155 156 158 
165 167 168 169 177 178 180 182 184 185 187 196 
64
4 8 16 17 22 26 28 31 34 40 47 48 
49 50 51 52 56 59 62 65 66 69 73 74 
75 76 80 81 82 84 95 96 101 106 111 116 
121 125 130 132 134 138 139 140 156 158 162 163 
165 166 168 169 170 171 173 177 180 182 185 187 
192 194 196 200 
73
1 3 8 12 13 14 15 18 20 23 35 37 
38 39 40 44 53 56 57 60 64 69 70 71 
75 79 80 81 82 83 84 85 95 96 98 99 
101 103 110 112 114 116 117 119 124 125 126 128 
134 143 146 148 149 155 156 157 158 160 162 163 
169 170 171 172 174 177 179 180 182 190 192 197 
198 
53
2 7 14 22 23 29 31 33 34 37 44 45 
50 52 55 59 60 61 65 69 70 77 93 94 
98 103 109 110 113 114 116 119 120 122 123 124 
125 126 129 132 149 154 158 160 162 173 174 175 
177 178 180 186 189 
68
1 2 3 7 8 17 21 28 29 32 35 39 
40 41 45 47 52 55 58 59 70 77 78 79 
86 90 100 103 104 106 108 109 113 114 119 124 
125 129 132 134 136 137 140 145 155 156 158 160 
161 166 169 170 171 172 173 175 176 178 180 184 
185 187 188 189 190 193 194 198 
51
1 2 7 9 10 11 13 18 27 28 29 32 
33 35 37 44 47 52 64 70 73 75 76 77 
81 84 88 98 103 106 112 114 122 124 133 134 
139 144 146 152 160 162 164 168 171 175 179 180 
190 193 197 
58
5 8 16 18 21 27 29 31 34 41 44 60 
62 67 68 77 80 82 88 91 92 100 108 109 
110 111 114 116 121 123 125 127 129 132 135 136 
137 138 143 144 153 154 158 161 163 168 172 175 
176 178 183 186 194 195 196 197 199 200 
51
2 5 6 7 8 11 13 14 17 23 27 28 
36 39 41 43 44 49 61 64 69 82 84 87 
90 96 100 103 106 107 109 123 126 127 128 131 
133 136 138 150 155 163 166 167 168 180 181 187 
191 199 200 
55
2 6 7 9 14 16 18 19 21 22 23 30 
32 34 39 40 45 47 48 58 59 61 63 66 
70 73 76 78 82 87 89 90 97 106 112 114 
116 119 121 125 126 132 141 147 158 160 169 176 
178 180 182 184 186 191 194 
58
2 4 12 15 16 19 20 21 22 23 31 40 
42 53 55 61 76 79 81 82 84 88 89 99 
102 105 109 113 115 116 117 120 124 128 130 131 
138 139 140 141 144 146 151 153 157 160 163 168 
169 174 176 177 178 182 196 197 198 200 
61
1 9 14 15 20 27 28 29 30 32 33 39 
42 44 48 52 56 60 65 67 68 72 76 77 
78 79 82 84 85 95 96 101 107 108 110 115 
118 120 122 130 135 136 137 139 153 156 161 162 
167 169 172 175 180 181 182 185 187 189 194 199 
200 
68
1 3 6 9 10 12 14 21 22 24 26 28 
30 32 36 37 39 44 49 51 52 53 55 61 
62 64 65 67 68 70 76 78 79 83 85 88 
102 103 105 109 114 116 118 119 121 130 133 140 
146 151 156 159 161 162 164 165 166 168 169 171 
175 181 187 188 190 191 193 194 
64
2 10 15 20 24 28 33 34 35 39 40 46 
47 48 50 52 56 65 66 69 72 73 74 77 
79 83 84 86 89 91 97 100 105 106 109 114 
115 121 122 123 124 127 129 132 140 142 155 157 
160 161 162 164 167 174 181 182 184 185 186 191 
192 194 197 199 
56
1 2 6 11 15 17 20 31 33 34 39 43 
46 51 52 53 55 59 61 71 73 75 76 77 
82 92 97 100 111 112 116 117 121 122 127 130 
134 135 137 147 148 154 166 170 173 175 176 178 
179 183 185 189 191 192 193 200 
70
1 2 3 5 9 13 16 19 21 27 28 30 
31 32 36 38 44 53 55 62 63 65 67 72 
73 74 76 78 80 81 84 85 88 92 95 98 
101 103 106 107 109 114 115 119 120 130 134 138 
145 146 148 155 156 159 160 161 162 163 164 167 
168 174 176 177 181 182 184 192 194 199 
68
3 11 12 15 17 18 19 27 28 29 30 32 
33 34 36 41 46 49 52 54 55 62 64 82 
85 86 90 95 97 99 100 101 103 108 109 110 
111 112 114 117 118 125 127 128 138 141 146 147 
149 150 153 159 161 170 173 180 181 183 184 186 
188 190 191 192 194 198 199 200 
69
4 12 13 15 16 17 20 23 24 26 27 28 
31 35 36 43 45 47 52 55 56 60 63 66 
69 72 75 79 80 82 98 99 101 102 103 105 
106 108 110 111 114 117 120 121 123 126 128 129 
131 143 154 161 162 163 164 167 170 171 174 175 
176 178 182 185 187 189 191 199 200 
58
2 4 6 8 14 16 17 18 21 30 33 36 
37 42 43 46 52 58 69 73 74 75 77 78 
79 80 81 86 88 93 95 96 99 101 102 103 
106 108 111 117 125 126 133 138 148 149 155 160 
167 168 180 181 184 189 190 193 195 200 
