50 200
1 1 1 1 1 1 1 1 1 1 1 1 
1 1 1 1 1 1 1 1 1 1 1 1 
1 1 1 1 1 1 1 1 1 1 1 1 
1 1 1 1 1 1 1 1 1 1 1 1 
1 1 1 1 1 1 1 1 1 1 1 1 
1 1 1 1 1 1 1 1 1 1 1 1 
1 1 1 1 1 1 1 1 1 1 1 1 
1 1 1 1 1 1 1 1 1 1 1 1 
1 1 1 1 1 1 1 1 1 1 1 1 
1 1 1 1 1 1 1 1 1 1 1 1 
1 1 1 1 1 1 1 1 1 1 1 1 
1 1 1 1 1 1 1 1 1 1 1 1 
1 1 1 1 1 1 1 1 1 1 1 1 
1 1 1 1 1 1 1 1 1 1 1 1 
1 1 1 1 1 1 1 1 1 1 1 1 
1 1 1 1 1 1 1 1 1 1 1 1 
1 1 1 1 1 1 1 1 
59
1 4 8 12 15 17 18 25 26 32 37 38 
39 46 47 50 56 58 59 64 67 71 73 77 
80 82 102 105 109 111 112 116 117 119 123 125 
126 136 138 139 142 144 148 151 153 155 158 159 
165 166 169 172 176 178 183 185 187 194 195 
64
3 5 6 12 14 17 19 20 24 31 32 38 
41 43 45 49 50 52 53 54 60 64 65 67 
70 71 73 74 78 79 80 85 87 90 91 93 
94 96 100 101 102 103 107 111 124 125 126 128 
134 141 144 147 148 149 150 160 167 176 179 187 
189 192 196 199 
61
3 22 23 28 34 35 38 39 49 51 54 56 
64 65 66 69 71 75 76 78 79 82 84 91 
95 97 98 101 102 107 109 113 116 118 121 126 
127 133 135 136 137 138 142 143 145 147 149 154 
155 157 159 161 162 163 164 169 182 185 188 189 
196 
74
3 6 7 8 12 15 19 20 24 30 32 36 
37 39 41 43 44 45 50 51 56 57 61 62 
64 69 70 72 74 77 80 85 87 94 101 102 
106 107 109 110 116 117 120 123 130 132 133 135 
139 141 144 145 147 150 151 157 158 159 162 165 
168 172 174 180 181 184 186 187 188 190 192 195 
198 200 
64
3 4 5 6 8 24 25 28 30 34 38 42 
44 45 47 50 53 54 55 60 62 64 65 69 
70 73 75 77 79 81 83 87 88 95 96 97 
101 102 108 118 126 127 129 137 141 146 150 151 
153 156 159 160 163 165 171 173 177 183 186 187 
189 192 194 195 
60
3 14 17 19 20 21 25 26 28 29 31 32 
33 34 37 38 44 47 48 50 55 58 59 64 
68 70 81 89 92 95 100 102 112 114 117 122 
124 126 127 132 135 137 140 141 142 151 153 156 
157 158 160 172 176 178 185 188 191 193 196 199 
66
4 9 11 15 16 20 29 30 31 34 35 37 
44 47 48 52 54 56 57 59 63 64 68 71 
75 76 86 87 88 92 94 96 100 101 109 114 
115 116 119 120 121 123 125 126 132 139 141 147 
150 151 153 154 156 161 163 164 165 166 167 170 
185 188 190 191 192 197 
69
3 13 16 19 27 29 33 41 42 45 46 47 
58 62 64 69 71 73 75 76 77 78 79 82 
83 86 92 93 96 99 102 105 107 108 111 114 
118 119 122 128 130 132 133 139 140 141 145 146 
147 148 149 152 156 159 161 166 168 169 176 178 
180 183 184 186 190 194 195 198 199 
53
1 3 5 6 20 22 23 29 30 35 38 43 
45 46 47 48 51 52 55 61 62 63 65 74 
83 84 90 93 96 102 104 109 111 113 115 120 
123 126 128 133 146 152 153 154 161 163 165 175 
180 193 196 197 200 
56
2 9 14 18 21 23 24 25 27 32 35 53 
54 57 63 64 74 75 77 80 81 83 88 90 
92 93 95 99 105 107 112 113 120 127 130 131 
132 140 141 143 146 153 154 155 158 160 172 173 
174 184 187 188 189 192 197 200 
52
1 4 6 15 23 26 27 34 36 38 47 58 
59 60 61 65 77 78 82 92 95 99 110 117 
118 120 121 129 131 136 139 142 146 151 153 154 
155 160 164 166 173 175 178 179 183 189 191 192 
193 196 198 199 
57
7 9 11 12 18 19 20 23 24 29 30 32 
34 35 44 46 50 69 72 74 76 80 81 84 
85 91 92 97 99 102 104 107 110 113 117 118 
120 121 122 135 136 138 143 155 157 158 160 164 
166 168 169 171 174 175 177 178 193 
66
5 11 13 19 23 28 31 33 34 37 42 45 
48 52 55 58 60 61 62 71 74 77 80 85 
88 91 96 97 103 104 105 109 110 111 112 114 
117 121 126 129 131 133 134 135 139 140 141 145 
148 153 154 161 163 165 166 169 170 173 174 176 
184 189 191 192 197 199 
65
4 5 6 7 13 16 17 18 19 22 23 28 
35 43 44 45 48 49 50 54 55 56 57 59 
60 64 67 68 70 72 75 79 81 83 89 92 
94 95 96 98 100 101 103 104 108 115 118 121 
125 127 132 136 141 145 151 152 153 154 156 157 
163 171 173 184 195 
58
4 7 9 11 16 17 31 32 33 41 42 44 
45 46 55 56 61 65 66 68 73 74 75 77 
78 79 83 84 90 98 101 104 107 108 110 117 
118 121 122 127 129 131 135 143 144 146 147 148 
151 167 168 174 178 179 186 187 188 199 
67
3 7 8 9 11 14 15 20 21 27 36 38 
39 45 46 53 54 55 59 60 63 64 66 67 
70 75 76 77 78 81 83 86 94 98 103 104 
106 109 115 118 129 134 135 138 142 143 147 148 
153 156 159 161 163 164 171 174 176 177 178 184 
188 189 190 193 194 195 196 
51
1 5 6 7 12 23 27 30 38 44 46 49 
50 56 58 63 69 70 72 79 81 84 95 97 
103 106 110 111 114 115 117 128 132 135 140 145 
146 154 158 162 165 167 171 176 177 184 187 188 
190 191 197 
70
1 2 3 4 9 12 19 28 29 30 35 36 
38 44 45 47 53 57 58 59 61 63 64 65 
68 69 70 71 72 74 77 84 90 93 102 104 
111 113 115 116 117 126 127 133 134 141 144 145 
148 152 153 157 158 163 164 166 168 169 172 173 
174 176 179 183 187 188 191 194 198 199 
65
1 3 5 10 12 14 30 32 40 41 42 43 
45 49 50 52 53 56 59 61 62 65 66 67 
68 70 73 77 80 84 85 91 102 106 109 112 
114 116 119 120 123 125 133 135 141 142 143 147 
149 152 159 163 169 172 173 175 179 181 182 183 
184 185 194 197 200 
48
3 9 14 17 21 23 25 28 45 56 59 63 
69 72 73 85 87 90 96 102 107 111 115 119 
121 126 127 129 130 132 134 135 140 143 145 151 
157 158 159 162 173 175 185 189 191 193 197 200 
66
2 4 6 7 17 18 19 20 24 27 28 35 
39 41 46 47 49 52 53 56 58 60 62 63 
71 75 77 78 81 90 91 92 94 95 98 99 
104 109 111 113 117 118 120 126 135 143 146 149 
150 154 156 157 163 173 174 175 178 181 182 185 
186 189 191 195 199 200 
62
5 6 10 12 15 17 20 21 30 33 42 52 
58 59 61 62 63 64 67 71 74 78 79 80 
81 83 86 91 99 106 109 111 113 117 120 122 
126 128 132 133 134 139 140 143 145 146 151 156 
158 164 167 177 179 185 191 192 193 194 195 196 
198 200 
62
1 5 6 10 12 15 19 24 25 28 30 38 
45 48 50 55 59 62 64 65 66 68 76 78 
82 87 90 96 98 100 101 105 110 112 114 116 
118 123 126 127 128 132 135 142 146 151 152 153 
154 155 156 157 162 167 169 175 177 183 184 185 
199 200 
47
2 4 6 8 13 15 26 28 41 46 52 57 
60 66 71 76 77 84 85 87 88 92 96 100 
110 115 116 121 123 126 130 135 137 141 146 154 
161 162 163 168 170 174 177 179 184 190 196 
54
2 6 12 14 15 17 19 24 28 29 31 39 
48 53 55 57 60 67 68 73 74 81 86 91 
96 101 102 104 105 109 118 128 129 130 134 135 
136 141 146 147 148 149 151 155 156 159 163 165 
170 181 185 187 190 196 
51
3 13 15 17 26 29 36 39 41 49 53 56 
60 62 71 72 74 77 79 81 83 86 90 97 
102 110 113 114 115 119 124 129 130 131 133 134 
138 142 146 147 151 163 166 173 175 180 181 182 
184 186 192 
67
2 5 9 10 12 13 15 19 31 34 36 39 
51 55 56 57 59 63 70 71 74 77 79 81 
85 86 88 92 94 95 102 104 106 107 111 112 
114 118 122 125 128 132 134 135 138 139 143 144 
150 155 156 157 160 166 177 180 182 184 187 188 
189 192 194 195 197 198 199 
68
1 3 4 6 8 10 16 22 24 32 33 36 
39 44 45 46 49 55 60 64 65 66 69 73 
77 80 83 92 95 98 101 102 112 117 120 122 
125 127 128 130 133 134 135 138 139 140 141 146 
147 154 158 161 165 166 170 171 172 173 174 175 
176 177 178 182 184 190 196 197 
66
6 8 10 11 14 18 21 25 32 33 36 40 
41 45 46 47 49 50 62 67 69 70 72 74 
82 83 86 88 91 93 94 97 103 104 108 111 
114 117 118 124 127 132 133 134 135 138 146 149 
154 155 158 161 170 172 173 177 183 184 185 188 
189 192 194 196 199 200 
56
1 6 14 17 22 26 27 28 30 32 36 38 
41 43 45 48 50 51 65 72 73 75 83 86 
90 96 101 103 107 112 115 125 129 130 132 135 
136 138 141 142 143 144 149 151 152 158 159 162 
164 168 174 185 186 192 194 196 
56
1 3 9 10 12 20 23 25 27 32 33 38 
40 43 45 51 52 56 58 76 80 81 83 89 
97 102 105 107 110 111 113 115 129 130 131 134 
136 139 140 141 149 151 162 164 165 168 172 174 
177 179 182 188 189 192 197 200 
65
3 5 6 11 18 19 22 24 27 28 32 35 
37 39 45 46 48 51 56 57 62 64 67 68 
75 77 79 84 85 87 90 94 99 101 103 105 
106 113 114 117 122 124 125 130 133 136 138 149 
154 156 158 163 167 170 172 174 175 180 182 184 
186 188 190 193 200 
54
4 10 12 13 14 18 23 24 33 35 40 46 
48 52 53 57 58 60 64 72 74 82 92 98 
102 105 108 112 115 118 120 125 131 132 133 135 
139 140 143 156 159 162 164 165 167 171 174 178 
180 186 189 191 195 198 
57
2 4 5 6 14 15 17 20 22 23 29 31 
32 36 37 40 41 48 50 51 55 60 61 65 
70 72 73 74 75 78 84 86 95 96 103 115 
116 123 124 128 133 136 140 141 143 146 158 160 
162 164 176 177 179 180 190 191 196 
51
1 2 8 16 17 18 19 20 27 36 40 49 
55 58 61 62 63 72 76 80 81 85 88 92 
95 96 107 110 116 117 121 123 124 132 135 137 
138 144 149 150 157 169 175 176 178 179 180 181 
182 183 185 
60
2 4 5 6 7 10 11 15 16 18 20 22 
23 25 28 35 36 37 46 49 51 56 61 64 
66 67 71 72 84 96 97 100 108 110 111 114 
122 124 126 127 131 134 136 137 142 146 148 154 
156 157 159 170 178 181 182 186 189 191 196 198 
49
3 4 5 11 19 22 25 27 28 34 35 41 
43 45 52 53 56 57 58 68 78 83 85 86 
87 89 98 99 100 103 109 112 115 116 122 123 
127 133 137 138 142 148 176 179 181 182 184 188 
194 
56
1 3 4 8 10 16 25 27 28 30 34 47 
48 49 50 52 57 59 67 68 74 75 79 80 
89 91 95 99 101 109 110 115 124 131 134 138 
146 148 149 152 156 157 158 159 164 171 174 175 
176 180 186 191 194 195 199 200 
52
2 3 4 5 13 17 19 22 25 26 27 31 
38 41 44 49 64 68 70 78 80 83 84 93 
96 99 100 102 105 108 112 116 119 127 132 133 
139 143 151 154 163 165 167 173 174 180 184 186 
188 190 192 200 
64
3 8 10 11 15 22 26 27 37 42 43 47 
53 61 62 68 71 74 81 85 86 87 88 89 
93 95 96 97 98 103 105 108 109 114 115 116 
117 118 121 125 126 128 129 133 141 147 148 151 
152 157 166 167 170 174 177 178 182 186 190 192 
194 197 199 200 
64
4 13 17 18 21 25 26 28 31 34 41 42 
51 53 56 58 60 67 70 71 72 76 78 81 
82 86 89 91 94 95 97 100 102 117 118 119 
123 124 128 133 137 146 148 149 150 152 155 156 
161 164 169 171 173 177 178 180 181 182 183 189 
192 195 197 198 
64
1 6 7 11 12 15 22 24 26 33 36 40 
42 45 49 51 54 55 63 64 66 67 69 74 
75 77 82 102 105 109 111 112 113 121 122 126 
127 133 139 140 143 144 148 149 154 155 156 160 
162 164 167 171 172 176 177 179 183 187 191 192 
193 195 196 197 
56
9 13 14 16 18 19 25 26 32 34 43 45 
46 47 50 51 57 61 65 67 68 69 75 83 
84 88 92 95 97 100 111 117 118 120 125 126 
137 140 141 145 151 153 154 155 160 162 163 168 
169 176 184 185 190 191 197 199 
65
4 6 16 17 23 26 29 32 34 36 38 40 
43 45 47 49 51 53 63 66 68 74 75 78 
79 83 85 90 95 98 100 108 111 112 120 125 
133 134 135 136 138 141 142 143 144 146 150 151 
153 155 157 159 163 165 167 169 170 175 184 187 
190 194 195 196 200 
66
5 8 14 15 18 20 25 33 34 37 42 45 
46 49 51 52 57 58 60 69 71 74 75 81 
82 83 86 88 89 91 92 94 95 98 106 113 
115 116 119 123 124 126 128 137 138 144 146 148 
150 152 154 158 161 177 179 182 183 185 186 187 
189 190 191 192 195 199 
58
5 16 19 20 21 26 28 29 32 33 39 40 
46 49 56 59 61 67 72 75 83 91 92 96 
102 103 109 122 125 129 136 138 140 141 145 147 
153 158 161 162 164 168 169 170 173 175 178 180 
183 184 185 188 189 190 197 198 199 200 
65
4 7 9 11 12 16 17 18 28 31 32 36 
37 41 43 52 57 60 65 66 67 69 70 75 
76 78 83 90 91 95 97 100 106 110 111 112 
116 120 121 125 127 133 135 136 140 141 149 152 
154 157 158 159 160 161 162 167 168 172 173 178 
182 189 196 197 200 
58
8 9 15 20 22 23 25 36 37 38 39 58 
59 61 72 75 83 85 87 88 91 92 93 101 
104 105 109 110 112 117 118 121 127 128 130 135 
136 141 142 144 145 157 160 161 162 165 166 168 
176 177 178 179 180 184 187 191 192 200 
62
1 2 3 9 10 11 12 21 29 33 34 37 
43 45 50 60 62 68 72 73 74 79 83 84 
89 97 101 112 116 128 129 132 136 137 146 149 
151 156 158 159 160 162 163 165 167 168 169 172 
174 175 177 178 181 183 184 186 188 194 196 197 
199 200 
64
6 8 13 16 19 20 22 23 25 28 37 39 
40 45 50 52 57 60 65 66 67 68 69 70 
75 76 78 80 85 89 94 96 99 102 104 107 
109 111 113 114 122 126 130 136 143 145 151 152 
153 154 157 158 167 173 176 177 179 181 183 184 
189 191 196 200 
