50 200
1 1 1 1 1 1 1 1 1 1 1 1 
1 1 1 1 1 1 1 1 1 1 1 1 
1 1 1 1 1 1 1 1 1 1 1 1 
1 1 1 1 1 1 1 1 1 1 1 1 
1 1 1 1 1 1 1 1 1 1 1 1 
1 1 1 1 1 1 1 1 1 1 1 1 
1 1 1 1 1 1 1 1 1 1 1 1 
1 1 1 1 1 1 1 1 1 1 1 1 
1 1 1 1 1 1 1 1 1 1 1 1 
1 1 1 1 1 1 1 1 1 1 1 1 
1 1 1 1 1 1 1 1 1 1 1 1 
1 1 1 1 1 1 1 1 1 1 1 1 
1 1 1 1 1 1 1 1 1 1 1 1 
1 1 1 1 1 1 1 1 1 1 1 1 
1 1 1 1 1 1 1 1 1 1 1 1 
1 1 1 1 1 1 1 1 1 1 1 1 
1 1 1 1 1 1 1 1 
61
3 11 12 13 18 20 21 23 28 30 31 35 
44 48 52 53 55 57 58 59 61 69 80 84 
86 87 91 95 100 104 108 112 116 120 125 126 
129 130 133 136 139 141 155 157 160 162 163 164 
167 169 170 173 174 179 184 187 190 194 196 198 
200 
64
2 3 5 7 8 9 13 16 18 19 20 22 
27 29 31 34 40 46 49 51 53 54 57 58 
60 63 70 71 75 77 78 82 101 103 110 112 
115 119 127 130 132 136 138 140 143 146 150 151 
152 155 156 159 160 162 175 177 182 189 191 192 
193 194 195 199 
56
2 6 7 13 15 17 19 21 23 25 26 34 
36 41 44 59 64 66 78 81 83 86 87 90 
92 94 96 103 104 107 109 117 122 124 128 132 
139 141 143 145 146 151 152 154 157 161 165 167 
169 170 179 180 186 195 196 200 
74
1 2 3 11 12 15 16 17 19 22 30 32 
35 36 37 40 46 48 49 50 53 54 59 62 
63 64 70 71 80 88 89 90 97 101 102 103 
106 107 111 112 113 116 121 122 123 124 126 127 
132 133 134 136 138 139 141 143 145 150 154 157 
159 162 168 172 174 176 177 183 184 186 188 191 
196 199 
45
8 13 14 17 27 35 45 46 47 57 60 62 
64 71 73 74 75 77 78 87 90 91 95 98 
99 110 112 119 125 129 145 148 150 151 154 156 
157 158 168 182 188 190 195 196 199 
59
2 3 6 8 10 16 18 27 32 42 44 45 
52 54 60 63 77 80 82 88 94 98 99 104 
106 107 109 110 115 117 118 122 127 130 133 137 
138 141 146 147 149 152 155 156 158 159 162 163 
164 166 167 168 169 174 180 182 191 195 200 
65
2 3 6 16 21 22 27 29 31 32 34 37 
38 41 42 43 48 49 51 54 57 58 59 61 
68 72 81 85 87 89 94 96 97 98 99 100 
102 108 109 111 114 115 116 118 125 130 131 132 
137 138 141 157 158 166 169 170 175 176 181 183 
185 192 193 197 200 
58
1 6 14 16 21 22 28 32 39 40 42 47 
53 54 61 64 67 68 70 72 81 85 88 89 
91 97 101 102 106 115 116 118 119 120 126 133 
140 151 152 153 154 160 164 165 168 169 170 177 
178 179 183 184 190 192 193 197 199 200 
58
1 3 4 21 24 27 28 29 34 37 39 44 
49 53 54 62 65 68 70 71 72 73 74 75 
79 86 90 93 97 100 103 107 111 114 122 126 
128 129 136 142 145 151 156 157 158 160 161 170 
174 175 179 180 181 184 185 193 195 197 
63
5 6 7 8 16 21 22 24 25 28 30 33 
34 40 41 49 59 61 68 69 71 76 77 79 
81 92 100 102 103 106 107 109 110 113 120 124 
125 128 130 133 134 136 137 144 147 150 156 158 
161 162 171 178 180 181 183 184 186 188 189 194 
197 198 200 
51
1 4 10 15 17 24 32 36 38 46 48 51 
55 56 62 63 66 67 68 83 88 89 91 93 
95 97 102 104 110 124 134 136 144 149 151 152 
154 155 157 162 164 167 168 170 176 179 184 185 
186 193 197 
68
5 8 12 14 17 21 22 24 25 42 46 47 
48 50 51 52 53 54 55 56 59 62 64 65 
69 71 72 78 80 84 85 87 92 97 98 99 
103 106 112 113 114 116 120 126 132 134 137 138 
145 147 148 150 156 157 158 160 168 170 171 172 
176 177 184 185 194 195 198 200 
65
4 11 13 14 16 20 22 23 25 28 32 35 
36 45 51 52 55 56 66 67 71 78 80 82 
83 85 93 96 99 103 104 105 110 111 112 113 
119 122 128 129 130 133 140 141 142 143 146 148 
155 156 159 162 163 168 176 180 182 183 186 190 
192 195 197 199 200 
64
6 10 17 18 19 22 23 25 37 40 41 46 
53 56 58 66 68 71 78 80 84 85 86 96 
101 105 108 111 115 123 124 127 128 130 132 134 
136 138 139 140 145 151 152 155 158 162 163 164 
165 169 174 176 177 180 181 182 183 184 185 187 
188 190 197 199 
52
5 6 7 8 11 13 14 16 18 21 25 27 
28 29 30 34 39 40 53 58 59 60 62 64 
72 78 79 82 91 92 105 107 111 116 118 127 
130 135 144 150 157 167 168 169 172 173 176 186 
189 191 192 199 
54
6 7 8 11 19 21 23 27 28 31 34 39 
48 50 58 60 75 76 77 83 87 89 90 91 
94 96 97 100 101 102 104 105 110 114 115 117 
122 128 130 131 139 140 142 151 158 160 164 167 
173 174 181 188 192 200 
50
3 4 6 13 20 21 24 29 31 38 43 45 
47 51 55 59 69 89 92 94 104 109 114 116 
121 125 126 128 130 132 135 138 145 147 152 159 
160 166 167 169 171 174 180 184 186 187 189 190 
193 197 
66
4 6 16 17 19 24 30 33 36 39 40 42 
53 55 57 61 70 71 73 74 76 80 84 90 
91 93 97 102 104 105 107 113 119 122 125 126 
127 130 132 137 143 144 148 151 154 156 158 160 
165 166 168 171 173 176 177 181 182 183 184 186 
188 190 191 192 194 200 
48
4 21 33 35 39 41 43 44 47 52 56 58 
61 64 68 69 72 76 81 89 95 96 97 101 
111 113 115 124 135 137 139 145 146 154 155 156 
157 162 165 166 167 174 176 177 178 180 186 196 
60
7 8 9 11 16 20 27 28 40 46 47 48 
52 53 59 60 62 63 67 68 73 77 78 94 
96 97 98 99 104 105 107 118 122 123 125 130 
131 133 139 141 144 145 149 151 153 155 156 159 
162 163 164 168 175 180 182 183 187 191 193 194 
52
3 7 12 24 28 30 31 33 36 38 39 40 
49 51 60 62 68 70 72 84 86 88 93 97 
99 101 104 105 108 115 116 121 126 134 135 138 
145 146 148 150 151 152 165 166 167 169 171 174 
180 181 186 187 
57
6 7 9 10 11 12 19 24 26 27 29 35 
38 41 44 46 49 50 53 57 59 66 69 72 
74 79 82 90 97 101 102 105 111 114 117 126 
127 133 140 143 144 151 152 154 157 159 160 163 
168 173 178 180 181 182 185 189 192 
49
3 9 10 17 25 30 33 35 36 41 43 46 
50 64 66 76 78 79 80 82 91 92 94 98 
103 105 107 113 114 117 126 132 134 136 139 144 
149 158 161 164 168 169 170 172 175 177 179 188 
190 
61
1 2 4 9 10 12 14 21 22 26 28 29 
31 32 35 37 39 41 58 61 67 70 81 87 
93 94 100 108 113 114 115 116 118 121 123 126 
128 131 134 136 141 145 153 154 156 158 159 160 
162 164 166 167 168 169 170 172 187 191 192 193 
199 
65
1 4 9 11 12 15 16 18 26 32 33 36 
38 39 44 45 46 48 57 60 61 69 71 77 
80 83 84 86 87 91 94 100 104 111 115 119 
127 130 133 134 136 139 142 147 149 153 155 157 
162 163 169 171 172 176 179 182 184 185 187 192 
193 195 197 198 199 
61
2 4 5 6 7 8 11 12 15 19 20 23 
26 31 33 36 38 39 40 41 44 48 49 53 
55 56 58 61 62 65 75 79 81 82 86 91 
92 96 97 100 104 105 106 115 118 131 143 144 
147 151 152 153 156 158 166 187 188 191 193 194 
195 
54
1 5 6 13 17 32 33 34 35 36 38 39 
42 43 45 46 47 48 50 58 60 62 69 72 
76 78 79 80 82 83 85 91 94 95 106 110 
113 119 123 126 146 147 150 153 161 169 171 172 
174 178 184 188 195 200 
56
3 4 5 12 15 23 27 29 31 34 37 38 
40 45 46 47 51 53 57 62 65 68 73 74 
75 79 86 89 96 100 107 108 114 127 128 131 
133 137 146 147 149 151 158 165 167 168 170 171 
172 174 177 184 189 191 197 199 
60
2 5 15 16 17 26 28 31 33 35 37 40 
42 44 50 51 55 61 65 68 69 70 78 84 
85 86 88 91 96 108 109 111 114 116 121 125 
132 133 135 138 143 144 147 148 154 157 160 164 
170 172 174 178 181 184 189 190 191 192 193 200 
53
4 7 17 25 30 32 39 41 51 57 64 65 
67 69 72 73 78 79 90 91 92 96 111 112 
113 114 115 120 123 125 131 133 139 152 153 154 
159 160 161 165 168 170 171 172 174 179 181 186 
187 188 190 191 200 
54
1 3 4 8 20 25 28 30 31 35 40 42 
45 48 49 60 61 64 70 73 77 82 84 85 
86 87 88 93 99 104 108 112 118 122 126 129 
137 144 145 148 149 150 162 164 168 172 173 176 
183 185 188 190 196 200 
58
6 17 19 20 28 39 40 46 49 51 55 59 
60 64 67 68 69 70 72 75 79 81 88 89 
91 92 98 99 103 107 110 114 121 122 124 125 
127 128 130 132 133 137 139 143 147 149 152 155 
156 157 163 170 184 186 191 196 197 198 
64
4 6 7 9 11 12 15 17 18 20 21 24 
30 31 34 37 38 40 41 43 44 54 59 63 
67 77 79 80 82 84 89 90 103 106 107 108 
109 113 118 119 120 129 135 136 142 146 147 148 
150 151 153 154 157 160 161 163 168 173 175 179 
183 191 194 199 
59
3 4 7 9 11 15 21 32 33 34 36 40 
42 46 47 48 53 56 63 66 68 72 76 77 
79 83 86 90 94 96 97 107 115 117 119 120 
134 135 136 138 140 143 145 155 157 164 171 174 
179 180 181 186 187 189 191 194 195 197 200 
55
3 6 16 17 18 20 22 25 33 37 42 49 
51 55 56 57 68 72 73 82 83 84 88 89 
92 93 98 103 107 108 112 113 116 119 122 123 
124 127 133 141 151 159 160 167 175 177 182 183 
184 185 186 192 194 195 197 
68
1 3 4 5 9 10 16 17 23 25 27 35 
38 42 43 45 47 48 49 50 53 54 60 61 
63 66 67 68 71 72 76 77 79 83 86 92 
93 94 96 104 105 110 114 120 126 128 137 139 
146 150 151 156 158 161 162 164 166 169 170 172 
173 179 184 186 191 192 193 199 
53
4 7 14 15 17 20 22 24 28 32 38 40 
43 47 48 53 57 58 60 67 71 74 77 88 
89 90 91 99 104 105 109 110 117 127 128 133 
134 138 146 149 151 152 154 156 161 163 164 171 
173 180 192 193 199 
57
1 6 7 9 11 16 19 23 24 40 43 49 
53 58 63 68 71 72 74 76 78 79 82 84 
85 87 92 95 97 99 102 104 105 111 114 116 
119 120 128 133 137 138 141 144 145 146 151 153 
156 157 162 166 173 181 183 187 194 
56
2 11 14 16 18 19 24 25 26 30 34 35 
36 41 43 44 51 54 55 57 63 68 74 75 
76 79 82 85 92 93 97 98 99 100 103 107 
108 111 113 114 115 124 126 131 134 135 137 138 
139 141 147 161 162 164 180 199 
59
12 19 20 21 25 26 30 32 33 42 43 45 
57 60 62 67 74 78 81 82 83 84 91 95 
96 98 101 109 110 118 120 126 128 134 136 137 
139 144 145 150 153 155 159 160 164 171 172 175 
176 177 179 180 183 187 188 191 192 193 196 
58
2 3 4 11 13 14 18 22 24 27 31 32 
36 37 39 40 47 51 55 58 61 64 66 67 
72 74 75 82 87 89 104 108 111 118 121 123 
131 135 136 137 143 145 156 157 159 162 163 173 
174 176 178 183 184 185 188 191 194 200 
67
2 5 7 15 17 22 27 31 36 37 38 47 
51 52 58 61 62 64 68 70 71 77 78 79 
80 84 87 88 93 94 104 106 107 111 114 116 
121 122 124 126 130 131 136 142 148 150 151 152 
156 158 159 162 165 168 173 174 175 178 180 181 
186 190 193 194 195 196 197 
70
3 5 8 9 13 15 16 18 19 20 21 25 
35 37 39 40 41 42 43 44 46 47 51 54 
56 63 69 70 75 80 83 90 95 98 99 100 
105 107 111 113 120 123 124 128 129 137 141 143 
146 147 148 160 161 164 165 166 167 170 174 178 
179 180 185 187 190 194 195 198 199 200 
54
2 4 7 9 13 15 16 18 20 24 25 28 
29 35 47 50 51 58 63 67 75 79 83 84 
85 100 103 109 110 120 122 125 132 138 139 142 
151 155 156 157 161 162 167 169 170 177 180 181 
187 188 191 196 199 200 
62
1 2 5 6 7 9 12 14 16 26 28 34 
35 36 42 45 46 47 49 50 51 58 59 61 
63 65 66 70 72 75 81 82 85 86 91 98 
99 104 105 115 123 126 140 142 148 149 151 155 
159 170 171 172 173 175 177 178 181 186 188 191 
197 198 
62
2 7 11 12 16 24 26 27 34 42 43 44 
49 53 59 60 61 62 69 71 74 76 83 87 
89 90 91 102 103 104 105 108 109 111 112 114 
117 119 120 124 125 128 133 137 138 141 145 155 
157 159 165 169 176 180 183 189 190 192 193 195 
196 198 
65
1 2 7 9 10 15 17 18 19 22 24 26 
30 32 34 37 38 41 48 50 51 69 73 74 
75 76 79 81 86 87 90 91 92 100 108 118 
119 124 127 133 135 139 140 142 144 149 155 160 
162 166 167 168 170 171 180 182 183 186 189 190 
193 194 195 199 200 
74
2 5 6 12 13 16 19 23 25 26 27 28 
29 32 33 37 38 40 42 44 51 57 60 61 
64 70 73 74 75 77 79 81 86 88 91 93 
94 95 98 99 100 106 107 108 116 119 120 123 
124 133 136 141 143 147 148 149 150 158 159 161 
164 169 171 173 175 178 181 183 184 187 188 193 
196 199 
59
1 3 6 8 10 11 13 16 22 30 31 32 
36 37 41 42 46 47 50 51 52 54 65 71 
73 86 87 96 100 101 103 110 112 113 122 123 
128 132 134 139 140 143 144 148 150 153 154 157 
163 167 168 176 177 183 184 190 192 196 199 
65
1 2 3 5 6 8 11 19 20 24 34 36 
37 38 40 49 50 51 53 54 57 63 64 70 
73 86 88 89 90 94 97 103 106 110 111 113 
115 119 120 122 124 125 129 130 131 135 137 141 
142 146 147 151 154 155 157 165 169 173 174 177 
179 184 187 197 198 
