50 200
1 1 1 1 1 1 1 1 1 1 1 1 
1 1 1 1 1 1 1 1 1 1 1 1 
1 1 1 1 1 1 1 1 1 1 1 1 
1 1 1 1 1 1 1 1 1 1 1 1 
1 1 1 1 1 1 1 1 1 1 1 1 
1 1 1 1 1 1 1 1 1 1 1 1 
1 1 1 1 1 1 1 1 1 1 1 1 
1 1 1 1 1 1 1 1 1 1 1 1 
1 1 1 1 1 1 1 1 1 1 1 1 
1 1 1 1 1 1 1 1 1 1 1 1 
1 1 1 1 1 1 1 1 1 1 1 1 
1 1 1 1 1 1 1 1 1 1 1 1 
1 1 1 1 1 1 1 1 1 1 1 1 
1 1 1 1 1 1 1 1 1 1 1 1 
1 1 1 1 1 1 1 1 1 1 1 1 
1 1 1 1 1 1 1 1 1 1 1 1 
1 1 1 1 1 1 1 1 
58
1 2 5 6 10 11 18 26 29 30 32 34 
43 45 49 52 55 59 62 65 67 68 69 72 
78 79 82 92 96 99 104 107 108 112 117 125 
126 129 131 141 144 145 148 149 160 173 174 177 
182 184 185 187 188 189 191 192 193 196 
54
1 2 19 20 26 31 34 36 37 43 48 49 
50 56 60 61 63 64 66 67 83 88 89 90 
92 96 100 107 115 118 123 125 133 134 137 138 
141 144 145 146 147 148 149 150 153 154 156 159 
164 171 176 180 193 197 
57
2 7 8 9 12 14 16 22 23 26 27 29 
31 36 50 51 53 55 58 61 64 67 69 73 
77 89 98 101 102 103 113 114 118 122 125 128 
129 133 134 135 136 140 142 144 147 152 160 161 
162 164 166 179 181 183 188 192 197 
64
1 5 12 13 14 17 18 19 22 23 25 36 
38 39 40 41 42 44 48 51 54 56 57 58 
60 63 65 69 71 74 75 78 84 86 89 95 
96 98 99 102 106 110 112 113 114 116 117 121 
132 135 136 143 146 150 152 158 163 164 166 170 
179 182 189 194 
43
4 9 10 17 18 29 30 31 34 48 49 51 
58 61 71 74 79 87 94 96 115 123 126 135 
136 137 143 144 146 148 153 162 164 165 175 177 
178 185 187 190 194 197 199 
59
1 3 4 5 8 9 11 17 21 22 23 27 
28 38 45 54 62 67 70 71 72 74 75 77 
78 80 83 84 86 90 95 99 104 107 109 118 
123 139 142 145 152 154 159 161 163 164 165 166 
167 168 170 175 180 188 189 192 194 196 197 
54
2 13 16 18 19 21 27 28 39 44 45 46 
48 50 53 55 59 61 67 74 75 79 81 86 
90 91 99 104 106 113 121 123 124 128 129 132 
133 134 139 140 155 158 164 166 167 173 174 181 
182 184 188 189 193 200 
52
6 8 14 17 25 26 28 30 32 36 41 43 
45 49 51 52 56 57 58 59 69 71 80 81 
88 103 104 106 117 120 122 131 133 140 145 146 
147 148 152 153 156 158 159 162 168 171 174 178 
184 193 195 200 
61
1 2 3 4 8 14 16 20 22 32 37 38 
39 40 41 43 44 47 49 52 60 61 62 63 
66 69 70 78 79 80 86 91 95 97 98 103 
106 108 125 126 133 139 142 144 152 155 156 158 
159 160 165 167 171 176 182 183 184 186 196 197 
200 
63
1 2 3 5 6 11 12 13 14 16 21 23 
24 28 29 33 34 36 37 38 41 44 48 53 
56 61 69 71 77 79 80 81 82 84 86 87 
88 90 93 97 102 108 111 117 119 127 130 137 
145 147 148 151 155 159 178 179 186 190 192 193 
196 197 200 
54
2 11 13 14 15 16 18 23 26 31 40 45 
46 47 58 63 64 67 69 75 78 79 83 84 
86 91 93 95 98 100 103 109 110 111 112 120 
123 124 126 133 139 146 147 152 163 171 173 178 
184 186 187 194 197 200 
54
7 13 14 20 22 26 29 35 46 49 52 53 
56 57 58 60 61 68 69 74 75 76 80 81 
82 85 87 101 105 106 107 112 113 114 116 117 
119 121 130 140 144 154 156 157 162 163 164 166 
168 175 180 186 195 200 
58
2 3 4 5 11 15 16 24 31 36 39 44 
45 49 50 52 58 61 73 74 81 83 84 89 
91 95 96 97 102 105 106 112 116 120 122 126 
128 132 136 143 146 147 153 158 160 166 170 172 
175 180 182 184 187 188 193 194 195 200 
61
1 4 8 9 13 15 16 18 21 23 24 26 
29 31 32 33 35 37 41 42 53 54 58 60 
62 64 65 71 80 88 91 92 95 96 99 101 
106 114 118 122 129 131 136 140 142 145 148 158 
160 162 164 167 172 180 183 184 186 189 190 195 
198 
50
2 3 6 8 10 11 15 17 27 32 33 34 
38 39 43 44 46 48 59 67 69 77 78 87 
89 100 103 105 108 109 120 122 123 133 140 145 
153 154 160 161 164 165 175 176 181 184 187 188 
194 197 
63
3 7 8 9 14 15 17 18 21 29 30 34 
39 40 41 44 46 47 48 51 52 54 56 59 
60 63 64 65 67 69 71 72 73 74 75 77 
82 86 92 94 95 101 102 109 110 132 133 138 
139 149 150 152 153 156 160 164 165 167 171 172 
177 189 190 
59
7 13 18 20 26 28 29 32 38 40 43 44 
48 54 56 57 63 64 70 73 78 79 84 86 
88 97 98 99 105 109 119 120 123 124 127 128 
129 132 133 134 151 153 158 160 161 162 172 178 
180 183 184 187 188 192 193 194 196 197 200 
57
1 8 19 20 21 26 37 39 41 42 47 51 
55 56 57 59 60 63 66 68 74 78 80 81 
93 99 106 108 111 112 113 117 120 124 126 127 
131 134 136 141 142 144 148 151 162 167 171 176 
181 184 185 186 187 190 192 197 200 
66
4 6 8 9 13 16 21 23 29 30 31 35 
36 40 41 47 57 58 60 63 66 68 73 74 
75 76 78 81 85 86 89 90 96 97 99 102 
103 104 105 108 114 116 117 118 121 125 126 130 
131 133 136 137 139 146 148 152 158 164 166 168 
172 174 178 185 198 199 
56
2 7 10 14 21 30 31 33 37 42 44 45 
46 52 53 54 56 62 63 69 73 74 76 79 
85 87 91 92 94 98 99 101 110 119 121 122 
127 129 135 138 139 142 144 147 149 151 177 179 
182 183 184 192 193 194 197 198 
60
2 4 7 14 17 18 19 21 25 35 43 47 
49 50 52 56 60 66 67 72 77 79 80 81 
86 87 94 96 101 103 108 109 110 112 114 116 
119 121 122 129 132 133 135 138 139 145 146 154 
155 157 163 170 171 178 180 186 188 191 193 196 
62
3 6 10 13 15 19 20 28 32 35 36 42 
43 44 54 55 58 59 63 64 71 72 76 80 
81 82 83 84 88 92 95 101 105 106 107 108 
111 113 122 126 130 131 135 137 140 141 147 150 
152 164 169 170 179 182 185 186 188 189 191 192 
193 200 
67
10 20 21 23 29 33 35 37 38 40 44 45 
48 54 55 57 59 61 62 70 79 80 81 86 
87 93 99 103 105 108 110 113 114 116 118 130 
131 134 137 139 140 141 143 146 147 149 156 157 
158 159 160 161 163 167 168 169 170 175 176 181 
182 187 188 190 194 195 196 
73
2 4 5 6 7 8 12 21 29 33 35 37 
38 48 51 52 53 55 57 63 68 71 79 80 
81 87 88 90 92 98 105 107 110 112 115 117 
118 119 120 121 124 125 127 128 129 131 134 135 
139 144 145 146 147 151 153 157 158 162 165 166 
170 171 172 173 175 178 183 185 186 187 189 190 
194 
68
2 3 4 6 7 8 9 11 13 16 18 27 
28 29 33 37 38 40 41 42 45 56 58 61 
67 69 71 75 76 77 78 81 83 84 98 110 
112 116 120 121 122 123 132 135 137 139 145 146 
147 150 153 154 158 159 160 162 163 170 171 176 
178 182 183 186 187 188 196 200 
54
7 8 15 20 35 41 42 43 44 46 50 54 
55 57 59 60 67 68 70 71 74 84 93 99 
107 108 110 112 119 124 126 128 129 131 136 138 
140 141 153 155 157 166 168 171 175 182 183 184 
185 187 189 190 192 196 
45
1 5 8 9 11 12 13 18 20 24 26 29 
31 32 34 36 41 45 50 51 57 65 67 71 
79 88 98 100 104 110 118 120 128 129 133 138 
143 158 171 172 175 178 196 199 200 
62
7 8 9 13 15 20 23 29 34 36 42 43 
44 47 50 54 56 57 59 64 66 68 69 71 
72 74 76 84 87 89 107 108 110 112 113 114 
115 116 118 119 126 130 134 136 139 142 144 147 
149 152 156 157 164 165 173 176 186 189 194 195 
196 199 
54
9 10 19 28 31 34 39 40 50 56 58 60 
63 65 66 70 79 80 83 84 92 93 94 97 
98 104 106 109 110 111 115 116 121 122 123 127 
129 131 132 147 148 149 152 153 156 165 169 171 
172 173 193 195 196 200 
45
6 7 11 16 26 27 29 30 35 36 50 59 
64 66 67 75 79 86 90 91 93 94 98 100 
102 107 109 116 118 120 124 128 140 141 152 154 
158 165 168 170 173 176 184 188 191 
72
2 7 10 12 16 28 30 31 33 35 36 40 
43 46 47 48 53 56 57 60 62 64 67 71 
78 79 80 81 82 85 89 90 91 93 94 97 
98 102 103 104 106 107 108 111 113 115 116 118 
122 124 137 138 143 144 147 151 155 157 163 165 
168 169 171 173 177 181 182 183 186 191 193 196 
62
3 4 7 10 15 17 20 27 28 30 33 35 
36 41 42 44 47 49 53 56 57 75 77 81 
83 98 103 105 107 112 118 120 123 125 127 133 
135 136 139 143 148 151 152 153 155 159 161 163 
164 165 167 170 178 179 180 181 183 184 187 194 
197 199 
60
3 5 8 10 12 17 22 34 39 41 44 45 
46 49 51 53 55 56 67 68 70 77 80 81 
85 90 96 98 99 105 107 113 118 119 123 125 
130 132 134 140 141 144 145 152 158 159 160 163 
166 167 168 171 174 175 176 179 180 184 193 196 
64
2 4 18 22 25 26 30 32 35 38 39 41 
50 52 58 63 65 69 71 74 78 79 80 82 
83 85 89 90 91 95 101 102 106 110 112 116 
117 124 126 127 129 131 135 137 139 142 148 150 
155 161 162 164 165 166 168 169 174 176 191 192 
194 195 196 199 
60
1 4 7 12 13 15 18 19 23 28 29 30 
31 33 36 38 39 41 42 43 49 51 56 58 
67 68 69 74 76 81 83 84 85 87 102 103 
104 106 107 113 126 132 135 137 138 146 149 150 
154 159 160 170 176 177 180 181 182 185 195 200 
69
1 9 13 15 21 23 27 31 32 33 34 35 
36 38 42 44 52 54 55 57 64 66 71 78 
80 81 83 86 87 91 92 96 99 100 103 105 
110 112 117 118 119 120 123 135 139 140 143 155 
156 157 158 161 162 164 167 168 170 171 173 176 
177 178 180 184 189 192 193 194 195 
55
1 4 6 31 32 33 37 38 41 43 45 56 
63 69 71 76 81 83 84 85 99 100 106 109 
112 113 115 116 117 120 121 125 126 132 133 138 
142 146 147 153 156 161 163 167 172 173 174 180 
181 182 185 187 193 196 199 
51
4 14 23 25 26 27 31 34 44 46 54 56 
62 63 66 68 74 78 80 84 85 86 89 93 
95 101 103 110 118 122 126 127 134 135 138 142 
146 154 163 166 167 168 171 173 174 182 183 184 
197 198 199 
74
1 2 3 5 7 10 11 12 20 21 22 23 
29 31 32 34 36 40 42 47 48 54 55 59 
60 64 70 71 73 74 75 76 78 79 81 85 
89 94 96 98 102 106 108 111 114 115 118 123 
125 126 129 130 131 133 138 141 144 149 156 162 
163 165 166 168 170 174 176 184 187 188 190 194 
196 200 
55
1 5 10 11 16 22 24 25 34 38 47 48 
57 58 67 68 70 78 81 82 83 84 86 87 
88 92 94 97 102 103 105 109 114 117 119 127 
133 134 141 145 148 149 151 153 154 155 156 160 
163 175 177 189 190 195 198 
62
3 5 8 10 14 15 18 19 20 22 27 28 
29 39 45 46 49 52 53 54 58 72 74 77 
78 80 82 88 89 93 95 97 99 100 105 110 
111 114 118 119 120 123 130 132 133 134 142 144 
147 150 151 156 159 176 180 189 192 194 196 197 
198 200 
63
4 8 9 11 13 14 19 22 30 33 35 36 
38 42 46 50 51 52 59 61 64 68 71 77 
78 81 85 88 89 90 93 101 102 104 112 114 
115 116 121 128 130 132 135 139 144 149 150 153 
158 160 161 165 166 167 168 171 172 177 180 187 
190 191 197 
69
5 8 10 11 16 17 19 23 30 32 36 38 
44 45 51 54 55 60 61 62 63 64 65 67 
72 76 77 83 84 85 87 90 91 92 95 105 
106 108 113 116 118 123 126 129 130 133 139 143 
147 148 149 153 154 159 160 162 166 167 168 170 
173 183 185 186 188 191 195 196 200 
49
1 2 3 4 7 16 19 25 31 34 40 42 
44 49 50 55 61 62 67 75 78 84 100 104 
112 118 120 124 128 132 136 141 147 150 153 155 
159 160 163 164 165 166 172 178 179 181 192 193 
198 
61
1 5 8 9 10 11 12 16 18 21 22 24 
25 27 28 29 30 34 38 47 48 49 50 67 
71 75 78 84 86 87 91 92 98 107 112 113 
116 121 122 123 125 133 137 144 146 150 151 153 
163 164 171 173 175 176 177 180 185 186 191 192 
195 
63
1 3 4 7 12 13 19 22 28 32 36 38 
39 45 46 51 53 59 64 65 66 75 77 78 
83 84 86 88 90 92 96 98 99 102 104 112 
113 114 122 130 131 132 133 140 142 143 145 148 
155 156 160 161 162 165 168 169 170 174 178 189 
194 197 200 
49
2 3 4 13 15 18 24 28 29 34 35 42 
44 46 49 54 56 65 68 79 84 89 90 91 
99 102 105 112 113 117 124 127 128 132 144 151 
153 159 160 166 168 174 182 187 189 191 198 199 
200 
59
1 5 6 7 11 13 20 22 23 24 27 28 
42 43 45 53 57 59 61 62 64 66 70 73 
76 77 78 83 84 85 93 101 104 110 115 122 
124 126 127 132 143 146 148 155 157 158 163 164 
167 168 172 174 178 179 185 187 193 196 200 
64
1 7 10 11 17 18 19 22 24 32 33 35 
36 37 44 45 47 48 50 56 57 59 63 69 
70 75 78 80 81 90 91 98 100 103 105 107 
108 112 113 119 122 125 127 128 130 133 134 136 
140 142 143 145 147 154 155 159 161 162 163 166 
172 177 183 184 
50
7 10 15 16 20 21 23 29 31 37 39 43 
44 53 54 55 62 65 66 71 78 81 82 85 
91 101 104 107 108 110 111 114 115 117 118 120 
122 129 131 132 136 147 151 157 167 179 180 195 
197 199 
