50 200
1 1 1 1 1 1 1 1 1 1 1 1 
1 1 1 1 1 1 1 1 1 1 1 1 
1 1 1 1 1 1 1 1 1 1 1 1 
1 1 1 1 1 1 1 1 1 1 1 1 
1 1 1 1 1 1 1 1 1 1 1 1 
1 1 1 1 1 1 1 1 1 1 1 1 
1 1 1 1 1 1 1 1 1 1 1 1 
1 1 1 1 1 1 1 1 1 1 1 1 
1 1 1 1 1 1 1 1 1 1 1 1 
1 1 1 1 1 1 1 1 1 1 1 1 
1 1 1 1 1 1 1 1 1 1 1 1 
1 1 1 1 1 1 1 1 1 1 1 1 
1 1 1 1 1 1 1 1 1 1 1 1 
1 1 1 1 1 1 1 1 1 1 1 1 
1 1 1 1 1 1 1 1 1 1 1 1 
1 1 1 1 1 1 1 1 1 1 1 1 
1 1 1 1 1 1 1 1 
100
2 3 7 9 10 14 17 18 19 20 21 22 
25 26 30 31 32 33 34 36 38 44 45 46 
52 53 57 59 66 67 70 72 75 80 84 85 
87 88 89 90 91 92 93 94 97 98 100 102 
104 108 112 113 114 116 117 118 120 121 124 125 
127 130 132 133 134 135 136 138 139 141 144 146 
147 149 151 152 154 155 156 160 164 166 167 168 
170 171 174 175 176 179 180 181 183 184 185 186 
187 192 194 199 
96
2 6 8 9 13 14 15 20 22 23 24 27 
29 30 35 36 39 48 50 51 53 55 56 58 
62 63 64 66 67 70 76 81 82 83 85 87 
89 90 93 95 97 98 102 103 104 107 109 111 
113 116 119 120 121 122 124 125 127 128 129 133 
137 138 139 143 144 146 147 149 150 151 153 154 
157 158 162 164 168 169 170 172 174 176 177 178 
179 181 183 184 185 186 187 188 192 197 199 200 
98
1 4 6 7 10 12 15 16 23 26 30 34 
36 40 44 47 48 50 54 55 57 59 60 62 
63 64 65 67 70 71 72 73 74 75 80 81 
85 87 88 90 91 93 97 98 99 100 102 107 
108 113 114 119 120 121 122 125 126 130 131 132 
133 134 135 136 138 139 140 143 147 148 150 151 
152 156 162 163 165 166 167 168 169 172 173 176 
177 180 182 183 185 186 187 188 191 192 194 195 
198 200 
104
1 3 6 12 14 15 16 18 19 21 24 26 
27 28 32 33 34 35 37 41 46 47 51 52 
53 55 56 57 61 64 65 67 68 69 71 72 
73 74 76 77 83 84 87 88 89 90 91 92 
99 100 103 105 107 109 110 111 112 113 114 115 
116 117 119 123 125 128 131 132 134 139 141 143 
144 145 146 147 148 150 151 152 153 156 158 165 
168 169 170 172 174 176 178 179 182 184 185 186 
188 189 191 194 195 197 199 200 
89
2 5 7 12 13 16 17 19 20 22 23 24 
25 26 27 28 31 33 34 35 41 43 46 49 
50 53 56 57 60 66 67 68 69 72 73 75 
76 78 81 83 86 88 93 94 95 96 97 103 
108 109 111 112 116 119 120 124 130 135 141 143 
144 145 150 153 155 157 160 161 162 163 164 166 
167 168 170 172 174 176 178 179 180 181 187 189 
190 191 194 195 197 
98
2 3 8 10 12 13 14 15 16 17 19 21 
25 28 29 31 33 35 40 42 44 45 46 47 
48 49 50 53 54 55 56 57 60 64 67 70 
72 77 79 82 83 84 85 86 87 88 89 91 
93 96 99 100 104 107 108 111 117 118 119 120 
121 122 123 126 128 131 132 135 139 140 142 145 
147 148 152 153 154 157 158 161 162 165 168 170 
172 175 177 178 179 184 186 189 191 192 193 195 
196 197 
97
1 4 9 10 11 12 14 15 18 20 22 23 
24 25 26 29 31 33 39 40 41 43 44 46 
48 49 52 54 55 57 60 65 67 68 72 74 
76 79 80 81 83 84 86 87 88 89 92 93 
94 96 99 101 102 103 104 105 107 109 110 111 
112 113 114 118 119 121 128 130 131 133 137 138 
142 147 151 152 153 157 158 164 166 167 168 170 
173 174 175 176 181 182 186 187 188 189 190 192 
198 
101
2 3 6 7 8 11 12 13 17 18 22 23 
24 25 26 28 30 34 35 37 38 42 43 45 
50 52 53 54 56 59 60 61 63 70 71 72 
73 74 75 76 78 79 80 81 86 90 94 95 
97 98 99 100 101 102 103 104 113 116 122 125 
126 127 128 129 130 131 132 133 136 137 138 139 
140 141 142 146 148 149 151 153 157 161 165 166 
168 170 173 176 177 178 180 182 185 186 187 188 
190 194 196 197 198 
102
1 2 7 10 11 13 16 18 25 34 36 38 
41 43 44 46 47 48 49 50 51 53 54 56 
57 59 60 62 63 64 65 67 69 70 71 74 
75 76 77 79 81 85 86 92 93 94 96 98 
100 103 106 107 108 109 113 116 117 119 123 125 
129 131 133 135 139 143 144 146 148 149 151 153 
154 155 156 157 158 159 160 161 162 163 167 172 
175 177 179 180 181 183 184 186 188 189 190 192 
193 195 197 198 199 200 
100
3 7 8 9 13 17 20 21 22 26 27 28 
31 32 33 37 41 43 45 46 47 49 50 51 
52 56 59 61 62 63 65 66 69 70 71 79 
81 82 84 85 87 88 89 93 95 100 104 106 
107 108 109 110 111 112 113 114 117 120 122 123 
124 126 127 128 130 131 132 133 136 146 147 150 
151 152 153 155 156 158 159 161 162 165 166 169 
170 171 172 174 176 179 180 184 185 187 190 194 
195 197 198 199 
109
1 3 4 5 6 8 9 12 17 18 20 21 
23 24 25 26 28 29 31 34 38 39 40 42 
43 44 45 48 49 52 55 56 58 59 60 61 
62 64 69 71 72 74 75 76 77 78 79 82 
83 86 89 90 93 94 95 97 100 101 103 104 
105 106 107 109 110 116 118 119 121 123 125 127 
131 132 133 134 135 136 137 138 141 142 145 147 
149 151 153 158 159 163 164 165 168 170 172 174 
176 184 185 187 188 189 191 193 195 196 197 199 
200 
97
1 2 4 5 6 7 8 14 15 22 24 28 
29 33 35 36 39 42 47 50 52 55 57 59 
61 65 66 67 69 71 72 74 75 77 81 82 
83 84 88 95 99 100 101 103 105 106 108 110 
111 112 115 116 117 119 121 123 126 128 129 131 
132 133 134 135 136 137 139 141 143 145 146 148 
149 150 155 156 157 158 159 161 162 163 164 166 
169 170 172 176 178 179 183 187 190 191 194 195 
199 
104
3 4 6 7 8 9 10 11 14 15 17 18 
19 21 22 27 29 32 34 36 41 43 44 46 
47 49 52 53 54 56 58 60 68 69 71 73 
74 76 77 78 82 83 84 85 88 92 96 98 
100 101 102 104 107 108 110 113 114 115 116 118 
119 120 121 122 123 124 129 130 131 134 136 137 
138 139 141 142 143 147 149 150 151 153 156 157 
161 164 166 170 171 175 176 178 181 182 183 184 
185 186 188 192 195 196 197 200 
81
5 7 8 10 11 12 14 17 18 19 20 21 
27 29 31 32 33 34 39 44 45 48 50 52 
53 56 57 58 59 62 63 64 67 73 75 77 
78 79 82 86 95 98 101 103 113 115 119 121 
124 125 126 127 131 132 133 135 137 145 150 158 
159 162 163 165 166 167 168 171 173 175 177 178 
184 185 188 189 190 193 196 197 199 
79
2 3 4 5 12 13 14 16 18 19 23 30 
31 33 35 38 42 43 47 48 49 53 54 55 
58 60 61 62 64 67 68 75 84 86 92 94 
95 96 99 105 106 107 108 111 117 121 122 125 
127 128 129 130 136 138 140 141 142 143 145 152 
159 162 165 166 168 174 179 184 185 186 188 189 
191 192 193 194 195 197 200 
106
3 7 8 10 15 16 17 21 23 24 28 31 
32 34 35 36 39 43 44 47 48 52 54 55 
57 59 60 67 68 70 71 72 73 75 76 77 
78 79 84 85 86 89 90 92 93 95 96 97 
98 99 100 101 104 105 106 108 109 110 111 112 
113 119 121 124 125 126 129 130 133 135 139 140 
143 147 150 152 153 154 155 157 158 159 161 163 
164 168 169 170 171 172 174 175 177 179 180 184 
187 188 189 190 192 193 194 195 196 199 
102
1 2 5 8 10 13 14 15 17 18 20 25 
26 29 31 32 33 35 37 40 45 46 47 49 
51 52 53 54 55 57 60 65 66 67 69 70 
71 72 74 81 82 84 86 87 88 90 94 95 
96 99 100 101 103 108 109 110 112 115 116 118 
120 121 122 124 125 131 133 135 141 143 144 146 
147 153 157 158 159 160 161 162 164 166 169 174 
175 178 179 180 181 183 184 185 186 188 189 192 
193 194 195 196 198 199 
100
1 5 7 8 11 13 14 15 16 17 18 20 
21 25 32 35 37 39 40 41 43 45 46 48 
50 52 53 56 57 59 60 62 64 65 68 69 
70 81 82 83 84 85 86 87 88 91 95 100 
102 103 104 105 106 107 110 111 113 115 117 118 
120 123 127 128 129 130 131 132 136 137 138 139 
141 142 143 146 151 153 155 160 161 162 165 168 
170 171 172 174 176 180 181 183 185 186 187 188 
191 195 196 200 
94
1 2 4 10 11 14 16 18 19 21 27 28 
30 32 33 34 36 38 40 41 43 45 46 50 
51 56 59 60 61 65 66 69 71 72 74 75 
76 78 79 81 82 84 86 88 89 90 91 92 
96 99 100 104 105 112 113 115 117 119 120 123 
125 127 130 132 138 140 143 148 150 151 154 155 
156 157 159 160 161 166 167 169 172 180 184 185 
187 188 189 190 191 193 195 196 198 199 
93
4 9 14 16 17 19 20 22 23 26 37 38 
39 44 45 46 47 48 51 53 59 60 61 63 
64 66 67 68 70 71 73 75 76 77 79 80 
83 88 90 91 93 96 98 99 100 104 105 106 
108 110 111 112 116 117 118 119 122 127 129 130 
136 137 140 141 142 143 145 146 147 149 150 151 
152 154 155 157 158 160 163 167 168 170 174 175 
177 181 187 188 193 194 197 198 200 
93
6 7 8 9 11 13 14 17 18 20 25 27 
28 30 32 34 36 39 41 43 48 50 52 53 
59 62 63 64 68 71 72 74 75 76 78 84 
91 92 94 95 96 98 100 101 102 104 106 109 
110 113 116 121 123 126 128 129 130 131 133 135 
136 138 139 141 142 146 149 151 153 159 160 166 
168 169 171 172 173 174 178 179 181 183 185 187 
188 190 191 193 195 196 197 198 200 
111
1 4 5 6 7 8 11 12 13 15 20 21 
22 24 25 27 28 29 30 31 32 33 35 38 
39 41 42 43 44 45 48 52 58 59 60 61 
62 63 65 66 68 69 70 71 72 74 75 76 
78 81 84 88 89 90 91 93 94 97 98 99 
100 101 103 105 108 109 110 111 112 113 115 116 
117 118 119 125 126 127 128 132 133 134 140 143 
146 147 148 149 151 152 156 157 158 159 160 164 
165 167 168 170 174 176 180 181 184 189 190 193 
196 197 199 
108
1 2 3 6 8 9 12 13 14 16 18 21 
22 24 26 31 35 36 37 39 40 41 42 44 
45 46 47 49 50 51 52 53 54 55 57 58 
59 61 62 64 65 66 71 72 73 74 77 78 
80 81 82 83 86 88 93 94 95 99 100 101 
102 103 104 105 106 107 109 110 113 114 120 121 
123 125 127 129 130 131 132 133 135 137 139 140 
141 144 146 151 152 153 154 156 157 158 159 162 
163 164 171 172 173 176 183 185 186 187 188 190 
111
1 4 5 6 7 8 10 11 12 15 16 21 
23 24 25 27 32 35 40 41 42 43 46 48 
50 51 55 56 59 61 62 63 65 67 68 69 
70 71 75 77 79 80 83 85 87 89 90 92 
96 101 102 103 105 106 107 108 109 110 111 112 
113 117 120 121 122 123 124 126 130 131 133 136 
137 138 139 141 143 145 147 148 150 151 152 155 
156 157 160 161 163 164 165 171 172 175 176 178 
179 181 182 183 184 185 186 187 189 191 193 195 
196 197 199 
99
1 4 6 9 12 14 16 17 18 21 23 27 
28 29 31 35 38 41 42 44 45 47 48 51 
52 54 55 57 58 63 64 67 69 70 77 81 
82 83 84 86 89 90 92 94 95 96 98 100 
101 103 109 110 112 113 116 119 121 123 124 125 
133 136 137 140 141 143 144 148 149 150 153 156 
159 160 162 163 164 165 167 169 171 173 174 176 
177 178 179 180 182 183 184 185 186 187 192 197 
198 199 200 
103
2 3 4 7 9 11 12 13 14 17 19 20 
21 27 28 30 33 34 36 38 39 41 42 43 
47 48 51 53 55 56 62 64 65 66 70 73 
76 77 79 80 82 86 88 89 90 94 96 97 
98 100 101 103 105 106 109 116 118 120 122 126 
127 129 130 133 135 136 137 145 146 147 148 150 
151 153 154 155 156 160 163 164 165 167 168 169 
170 171 172 174 177 179 180 181 185 186 188 190 
191 193 194 195 196 197 198 
104
1 2 3 6 7 8 10 12 16 18 20 21 
23 25 28 30 33 34 37 39 40 42 43 44 
45 46 49 50 52 53 54 55 57 62 63 64 
65 66 68 69 70 74 77 80 82 85 86 87 
88 90 91 92 94 96 97 99 101 102 103 106 
108 109 110 111 112 115 117 118 119 122 123 127 
130 131 134 135 138 139 140 142 143 146 147 152 
153 154 155 165 166 167 168 169 175 177 178 179 
181 183 187 189 192 193 195 197 
111
1 3 4 5 6 7 12 14 16 17 18 20 
22 23 24 27 28 30 31 32 33 34 35 36 
38 39 40 42 43 44 50 51 53 55 58 60 
61 62 63 64 65 67 68 69 70 71 74 75 
76 77 79 80 81 83 87 91 93 94 96 98 
99 103 106 108 110 113 114 115 118 119 120 123 
126 129 130 131 133 134 135 143 145 146 148 150 
151 153 154 155 156 157 159 162 163 165 167 168 
169 171 174 175 179 180 182 187 189 191 193 194 
195 196 200 
103
2 3 4 6 14 16 17 19 20 21 29 30 
32 33 35 37 38 39 40 41 44 51 52 54 
55 56 61 67 70 73 75 76 77 78 79 81 
83 84 86 87 88 89 92 93 94 95 96 98 
99 100 102 104 105 106 108 110 111 112 113 114 
115 117 118 120 122 123 126 128 129 130 132 135 
137 138 140 142 144 147 148 149 151 152 153 159 
161 165 167 168 170 171 172 176 177 178 179 184 
185 187 188 190 192 195 196 
96
2 4 6 12 13 16 17 20 22 23 27 29 
32 33 35 38 39 42 43 45 46 48 49 50 
52 55 59 60 62 66 68 71 72 75 76 77 
78 80 81 84 86 88 89 92 93 94 95 96 
101 102 104 105 108 110 113 119 120 121 122 125 
128 129 131 132 135 136 138 139 143 148 150 151 
153 154 158 160 161 162 164 166 170 174 175 177 
179 180 182 183 185 189 190 191 192 193 194 195 
101
2 4 5 7 8 9 12 13 14 17 19 21 
23 24 25 26 27 31 32 35 39 41 45 48 
54 55 57 58 59 62 64 67 69 70 72 74 
75 81 82 83 86 89 92 93 94 95 97 103 
104 105 106 107 110 111 114 115 116 119 120 122 
124 125 127 129 133 135 136 140 141 146 149 150 
153 155 157 158 159 161 167 168 169 171 172 173 
176 177 178 179 180 183 184 185 186 187 190 191 
192 193 197 198 200 
110
1 2 5 8 9 12 15 17 18 19 21 22 
25 26 27 30 31 32 38 41 42 46 47 48 
49 50 51 52 54 56 57 58 59 60 61 62 
65 66 67 69 70 71 73 75 76 77 78 83 
86 88 90 91 92 93 94 95 101 104 108 109 
110 112 113 114 116 117 119 120 121 127 128 129 
132 137 138 139 140 142 147 148 151 152 153 155 
156 158 159 160 163 164 165 167 168 169 170 171 
173 174 175 176 179 180 182 184 185 189 192 193 
199 200 
85
1 3 4 5 11 14 15 26 27 29 30 31 
32 35 36 39 41 43 45 49 51 53 55 59 
60 63 65 69 70 71 74 75 76 77 78 81 
82 83 90 91 92 94 95 99 100 104 105 110 
112 113 118 121 123 128 129 134 135 136 141 142 
144 145 148 149 150 154 155 156 157 159 161 163 
164 165 167 168 176 180 182 188 192 195 196 197 
199 
93
1 2 3 7 8 13 14 28 30 33 36 37 
39 40 41 42 45 46 49 50 52 53 54 56 
60 61 63 66 72 73 75 76 77 79 80 82 
83 85 89 91 95 96 97 99 100 102 103 107 
110 112 113 118 120 122 123 126 127 128 129 131 
133 134 135 136 140 141 144 147 150 152 153 155 
159 160 163 170 171 172 175 178 180 182 183 184 
185 186 187 188 190 191 192 194 200 
101
4 5 6 10 11 13 14 17 18 19 21 24 
25 26 29 33 34 37 38 41 43 44 45 51 
53 54 55 58 62 65 69 70 72 73 75 76 
77 80 83 85 88 90 91 94 98 99 100 101 
102 103 104 106 107 111 112 114 116 118 119 120 
123 125 126 128 129 130 131 136 139 140 145 150 
151 152 153 154 155 157 158 162 163 165 167 169 
172 174 175 178 181 182 184 185 186 189 191 194 
196 197 198 199 200 
109
1 2 3 4 5 7 8 9 10 11 12 13 
14 15 16 17 18 20 21 23 29 30 31 32 
34 36 38 40 41 43 44 46 47 49 50 53 
54 55 56 57 58 59 62 63 69 72 74 78 
80 82 83 84 85 86 89 93 96 97 98 99 
102 105 107 108 111 113 114 115 119 121 122 123 
128 129 131 132 134 135 136 137 141 142 143 145 
146 148 150 151 154 155 159 161 163 164 168 170 
171 173 174 177 179 185 186 187 189 192 196 197 
198 
100
1 2 7 10 14 17 19 21 24 25 29 33 
34 35 36 37 38 41 42 43 44 46 47 48 
49 51 55 60 62 65 66 67 69 70 73 74 
77 79 80 83 84 86 90 91 94 95 97 98 
100 101 102 103 104 115 117 118 119 121 122 123 
124 125 126 127 132 133 135 136 140 141 142 144 
145 146 148 149 154 155 158 164 165 168 169 172 
173 174 177 178 179 181 184 188 189 191 195 196 
197 198 199 200 
100
1 4 5 6 7 8 11 16 17 18 19 22 
23 25 26 27 28 29 30 33 34 37 38 39 
40 43 47 49 51 53 57 58 59 66 68 69 
70 73 79 80 81 83 85 86 87 88 89 90 
92 93 94 96 97 98 100 101 103 104 107 109 
112 115 116 117 118 119 120 121 123 127 128 130 
131 132 133 135 136 137 138 140 141 142 147 148 
149 156 163 164 165 166 167 178 181 182 184 188 
192 195 198 200 
93
2 3 9 12 13 14 15 16 17 18 19 20 
23 24 25 26 27 29 31 33 34 36 37 39 
43 45 52 53 57 59 60 62 63 64 65 67 
69 70 71 72 74 76 77 79 81 83 86 90 
97 98 99 100 102 103 108 111 114 115 116 119 
128 129 130 133 139 141 143 146 147 149 150 152 
153 154 164 165 166 168 172 173 175 179 180 181 
183 189 190 194 195 196 197 198 200 
92
1 2 3 4 5 6 8 11 13 17 18 19 
23 24 25 26 29 35 37 38 42 43 44 47 
48 49 53 63 64 65 69 70 74 75 76 78 
79 82 83 85 86 87 90 92 93 98 99 100 
102 105 108 110 111 113 115 121 122 129 130 131 
132 135 137 140 144 145 146 148 149 150 151 154 
157 160 162 163 165 170 171 172 177 178 182 183 
184 186 188 190 192 193 195 200 
103
2 8 9 11 12 13 14 16 17 18 21 25 
27 29 30 33 34 36 37 38 39 41 42 43 
44 45 46 49 50 51 52 53 55 59 62 66 
67 68 69 71 76 77 81 83 84 85 89 91 
94 97 98 99 100 102 103 105 107 110 111 112 
114 117 118 119 121 122 123 127 129 130 131 132 
133 134 136 137 138 139 140 146 148 157 160 162 
167 168 169 171 172 176 177 180 184 186 187 188 
189 191 192 193 194 195 198 
91
1 11 12 13 16 18 20 21 22 23 24 26 
27 29 30 32 33 37 38 41 42 47 51 52 
53 55 64 68 69 70 72 74 76 78 80 85 
86 87 88 89 91 94 97 99 100 101 102 103 
105 108 109 114 115 119 122 124 126 128 133 134 
136 139 143 145 147 148 150 151 152 154 156 157 
159 161 162 164 168 171 172 173 176 180 181 182 
186 188 189 193 194 195 198 
99
4 10 13 16 17 19 20 21 30 31 33 35 
36 38 39 42 43 47 49 50 51 52 54 55 
56 58 62 68 69 70 73 74 79 81 83 84 
86 87 90 91 93 95 97 98 100 102 103 104 
113 114 116 118 122 125 126 128 129 130 134 138 
139 140 144 146 148 151 152 153 154 157 158 159 
160 161 162 163 164 169 173 174 175 176 177 178 
179 182 183 185 186 187 188 189 190 191 192 194 
196 199 200 
99
1 2 5 7 9 10 12 14 15 16 18 22 
23 24 26 27 31 32 33 37 38 39 41 45 
46 47 48 52 55 58 59 66 70 73 74 77 
78 79 80 82 83 87 88 89 90 92 96 97 
100 101 102 104 105 108 111 113 114 116 118 119 
121 124 125 126 128 129 131 132 138 139 142 144 
145 146 147 148 151 153 155 157 160 161 162 163 
165 169 170 176 177 184 185 186 189 190 192 193 
196 199 200 
112
1 2 4 6 7 8 12 13 14 15 16 20 
21 22 23 27 29 31 33 35 36 37 39 42 
44 45 48 51 52 58 59 61 62 63 64 66 
69 70 72 73 74 75 77 78 79 80 82 83 
85 90 91 92 93 96 98 103 104 105 106 108 
109 110 113 114 115 118 119 121 123 124 126 128 
129 130 131 132 134 135 136 140 141 143 146 148 
150 151 152 153 154 156 158 160 163 165 167 169 
171 172 173 176 179 182 184 185 186 187 189 192 
195 196 197 198 
108
2 3 5 6 7 8 13 15 17 19 21 23 
24 25 26 28 30 31 33 34 35 37 38 39 
42 43 45 46 48 49 52 54 58 59 61 62 
64 66 67 68 70 71 72 73 76 78 81 84 
87 88 89 92 95 100 103 105 108 109 110 114 
115 116 119 120 121 122 123 124 125 126 128 129 
133 134 135 136 139 140 141 144 145 147 149 152 
153 154 160 161 164 165 168 170 172 173 175 177 
180 183 184 185 186 188 189 190 192 198 199 200 
109
3 5 6 10 12 14 15 16 17 19 20 21 
23 27 28 31 32 34 38 39 40 41 43 46 
47 49 51 53 54 55 56 57 58 59 60 63 
64 66 67 68 69 70 71 72 73 74 75 78 
82 84 86 88 89 92 93 94 97 98 102 103 
104 106 107 113 114 116 117 118 119 121 123 126 
127 128 131 133 136 140 142 143 144 147 148 149 
150 151 152 153 154 155 158 161 162 163 169 170 
172 173 175 178 180 182 185 186 190 191 193 195 
197 
119
1 3 4 5 6 7 8 9 10 11 12 13 
14 15 16 19 20 22 23 24 26 27 34 35 
40 41 42 43 45 46 51 52 53 55 56 58 
61 63 64 66 67 68 69 72 73 74 75 76 
77 78 79 80 81 84 85 86 87 89 90 91 
92 93 94 95 96 99 101 102 103 104 105 106 
109 111 113 117 118 120 123 126 127 128 130 133 
134 135 136 137 138 139 140 143 145 147 149 150 
152 153 162 164 165 167 168 170 171 173 178 179 
180 182 183 185 186 190 191 193 194 197 198 
105
1 2 3 5 9 10 11 12 13 14 15 16 
17 18 20 21 22 23 24 25 26 32 34 39 
40 47 54 55 56 61 62 64 65 66 68 69 
71 72 73 74 76 78 82 83 84 86 88 89 
94 99 101 102 103 104 105 106 107 108 109 110 
111 112 116 117 118 119 120 121 122 126 128 129 
131 136 137 145 147 150 152 154 158 160 163 165 
166 167 168 169 172 173 175 178 179 183 185 186 
188 189 190 191 194 195 196 199 200 
103
1 2 6 7 8 9 10 11 12 14 16 18 
19 21 22 23 25 26 27 29 31 32 33 35 
36 39 40 42 47 48 53 55 56 57 59 60 
65 66 67 68 69 70 71 72 77 80 82 83 
87 89 92 96 101 102 104 105 106 107 110 112 
116 117 120 121 122 125 131 134 138 141 142 143 
145 146 149 150 151 153 155 157 159 163 165 166 
170 172 174 175 178 179 180 181 182 183 185 186 
187 191 194 195 197 199 200 
