50 200
1 1 1 1 1 1 1 1 1 1 1 1 
1 1 1 1 1 1 1 1 1 1 1 1 
1 1 1 1 1 1 1 1 1 1 1 1 
1 1 1 1 1 1 1 1 1 1 1 1 
1 1 1 1 1 1 1 1 1 1 1 1 
1 1 1 1 1 1 1 1 1 1 1 1 
1 1 1 1 1 1 1 1 1 1 1 1 
1 1 1 1 1 1 1 1 1 1 1 1 
1 1 1 1 1 1 1 1 1 1 1 1 
1 1 1 1 1 1 1 1 1 1 1 1 
1 1 1 1 1 1 1 1 1 1 1 1 
1 1 1 1 1 1 1 1 1 1 1 1 
1 1 1 1 1 1 1 1 1 1 1 1 
1 1 1 1 1 1 1 1 1 1 1 1 
1 1 1 1 1 1 1 1 1 1 1 1 
1 1 1 1 1 1 1 1 1 1 1 1 
1 1 1 1 1 1 1 1 
108
1 5 12 17 19 20 21 24 27 29 31 32 
33 36 37 42 44 46 48 49 52 53 54 55 
56 57 58 59 60 61 63 68 69 71 72 74 
75 77 78 80 81 82 87 88 89 91 95 96 
97 99 100 101 103 104 105 106 107 111 113 114 
115 116 117 118 120 121 122 125 126 128 129 130 
133 134 136 137 140 141 145 147 150 151 155 156 
157 160 162 163 165 167 168 169 170 171 173 174 
176 178 179 182 184 185 191 192 194 195 196 200 
108
3 5 6 7 9 12 14 15 16 17 18 19 
20 25 26 27 28 32 33 39 42 43 45 46 
47 48 50 52 54 55 58 67 69 71 74 75 
77 78 80 82 85 87 90 92 94 95 96 98 
99 100 101 103 104 105 106 107 109 110 111 112 
114 115 116 117 118 120 121 123 125 129 130 131 
134 135 142 143 146 148 149 150 151 153 154 155 
159 161 162 163 165 166 169 170 171 173 174 176 
177 180 182 183 184 185 187 192 194 195 196 197 
100
1 2 5 6 10 11 12 13 14 19 21 23 
24 25 27 29 30 32 33 34 35 36 37 38 
40 41 42 44 46 47 60 61 63 65 68 70 
72 73 75 79 80 81 85 86 87 92 95 96 
100 102 106 108 109 110 112 114 115 116 117 122 
124 125 126 127 129 130 133 134 138 139 147 148 
149 150 151 156 158 159 161 162 163 164 166 168 
170 171 172 176 178 179 181 184 185 188 190 191 
192 194 196 197 
119
1 2 3 4 6 7 8 9 10 11 12 14 
15 16 20 22 23 25 26 28 29 30 33 34 
38 40 46 47 48 51 55 57 59 60 61 67 
68 69 70 71 72 75 76 77 78 79 80 83 
86 88 89 91 92 93 94 96 98 99 102 103 
105 107 108 113 115 116 117 118 119 120 123 124 
125 126 127 131 132 134 136 137 138 139 142 144 
145 146 147 148 150 152 154 155 156 157 160 161 
162 163 164 167 170 172 173 175 176 177 178 179 
180 181 185 186 189 191 193 195 196 199 200 
95
1 2 3 6 9 11 12 16 17 19 21 22 
24 26 28 29 30 31 34 37 41 43 44 45 
46 47 48 50 51 54 55 56 58 59 61 62 
63 65 67 68 70 71 75 81 83 86 90 92 
94 95 96 97 102 109 111 113 114 117 118 120 
123 125 128 129 130 131 133 134 140 147 156 157 
159 161 162 163 165 167 168 173 174 177 180 181 
182 185 186 188 189 190 191 192 193 199 200 
96
1 2 8 12 13 15 17 18 20 21 24 26 
27 28 31 32 33 35 38 41 45 48 51 52 
54 56 57 61 62 66 67 69 73 77 78 80 
82 84 86 87 88 89 94 95 97 99 101 104 
105 106 108 109 110 111 112 113 117 118 122 124 
125 126 127 132 135 136 137 139 141 143 151 154 
156 158 160 164 165 166 168 169 170 175 177 178 
181 182 184 186 187 189 190 191 192 193 194 196 
103
1 5 9 10 11 18 19 20 21 23 26 29 
35 36 37 38 39 41 42 43 44 47 48 49 
50 55 57 58 62 64 65 72 75 76 77 78 
81 82 83 84 85 86 87 88 90 91 92 93 
97 99 100 109 110 112 114 115 117 118 119 120 
121 122 124 125 131 132 133 134 135 137 138 140 
141 142 146 147 149 150 151 152 154 156 158 162 
163 164 165 166 167 169 173 174 175 177 178 180 
181 188 190 193 194 196 199 
101
5 6 9 10 13 15 16 20 22 24 26 27 
29 30 34 36 37 38 40 41 43 45 49 50 
52 53 55 57 58 63 65 68 69 70 71 72 
82 83 84 86 87 89 90 92 94 95 97 99 
100 101 102 104 106 107 109 112 113 115 116 117 
119 120 122 123 126 127 129 131 134 137 138 140 
144 145 146 147 148 149 150 152 158 159 160 162 
163 166 168 170 172 173 175 178 179 182 183 187 
188 191 192 193 196 
107
4 6 7 9 11 14 15 16 17 18 20 25 
27 28 29 30 31 32 37 38 39 41 42 43 
45 47 48 51 53 55 57 62 63 64 66 67 
68 70 71 75 76 77 80 83 84 86 87 88 
90 92 93 94 95 98 99 100 101 103 104 107 
109 111 113 114 117 118 119 124 125 126 127 128 
129 130 131 133 134 135 136 140 142 145 146 148 
151 153 156 158 159 162 163 165 168 169 172 174 
175 176 177 181 185 189 193 194 197 198 200 
93
2 7 11 12 13 15 16 17 18 19 23 24 
25 28 30 31 38 39 41 42 45 46 48 49 
50 51 52 54 55 57 58 59 60 62 63 65 
67 72 73 74 75 80 84 85 91 92 94 95 
97 99 102 104 105 106 107 109 112 113 114 117 
118 125 126 128 130 136 137 138 141 146 154 155 
157 158 159 161 164 168 169 171 173 176 179 180 
184 185 187 189 193 194 195 198 199 
99
3 5 7 8 11 12 13 14 16 17 18 19 
29 33 34 37 41 42 43 45 46 47 56 58 
61 65 68 69 72 73 74 76 77 79 80 82 
84 85 87 88 90 93 94 95 97 98 100 102 
103 104 107 109 111 113 114 115 120 123 124 125 
127 129 132 133 135 136 138 139 142 143 145 146 
147 148 149 151 152 155 157 158 160 164 166 167 
169 172 173 175 179 184 185 186 187 191 192 194 
196 197 200 
103
1 2 3 7 11 12 15 16 17 18 19 20 
22 23 26 27 28 29 32 34 35 36 37 38 
40 44 45 47 50 51 54 57 58 59 60 61 
65 67 70 71 76 77 79 87 88 94 95 96 
98 104 105 106 109 110 111 113 114 117 118 122 
123 124 125 128 129 131 132 134 135 136 137 138 
139 140 141 142 145 146 147 148 150 153 155 157 
158 159 160 162 166 169 173 175 179 181 183 188 
189 190 193 194 197 199 200 
118
1 5 7 8 9 10 11 12 13 14 16 18 
19 21 22 24 26 28 29 30 31 32 34 36 
37 38 39 40 42 48 50 52 56 60 61 62 
64 65 66 67 71 75 76 78 80 82 84 86 
87 88 89 91 93 94 95 96 98 102 103 104 
106 107 109 110 112 114 116 118 119 120 121 122 
123 124 125 127 128 130 131 132 134 138 139 140 
142 144 145 146 147 152 154 155 157 158 159 160 
163 165 166 167 168 170 175 176 177 178 182 183 
186 187 188 191 192 194 196 197 198 199 
93
3 8 10 13 14 15 17 22 25 26 27 29 
30 32 34 35 41 48 49 50 51 52 55 56 
57 58 59 62 64 68 69 71 73 76 78 80 
82 83 85 86 87 88 89 90 92 94 98 99 
100 106 107 108 109 111 112 114 115 116 118 120 
124 129 130 131 134 139 140 142 144 145 146 147 
148 149 152 153 155 160 162 165 166 169 171 178 
179 180 181 183 185 186 190 194 195 
107
2 3 7 9 10 11 12 13 15 16 17 18 
19 20 21 24 25 26 31 34 35 36 37 38 
40 41 44 45 48 49 50 51 52 57 61 63 
64 66 69 71 75 77 78 82 84 85 87 88 
89 92 94 96 97 99 102 104 105 108 109 110 
113 114 117 119 122 123 124 127 133 134 135 136 
137 140 142 143 144 146 150 152 153 156 157 158 
159 160 161 162 164 168 169 171 173 174 175 177 
178 181 183 185 186 189 190 192 193 197 200 
99
1 2 3 6 8 9 10 12 21 23 24 27 
29 30 32 33 35 37 38 43 44 46 48 50 
51 52 55 56 59 60 63 66 67 69 70 74 
75 76 79 81 87 88 90 91 93 94 98 100 
101 103 106 109 112 113 114 115 117 118 120 121 
124 125 126 128 131 132 134 135 138 139 140 142 
144 145 147 151 152 154 156 157 158 160 161 167 
168 169 170 174 176 179 180 183 184 188 191 195 
196 198 200 
93
1 4 10 12 15 16 19 21 23 24 26 31 
32 34 39 40 45 46 49 50 52 53 55 56 
57 62 64 65 66 67 68 72 73 74 78 79 
80 82 83 88 89 90 91 93 94 95 96 97 
101 105 107 109 114 116 117 118 119 121 123 124 
125 127 128 130 131 132 136 141 142 144 146 148 
150 152 154 155 157 159 161 163 164 166 172 174 
181 183 185 190 191 192 193 195 200 
94
1 2 3 5 6 8 9 10 13 15 16 17 
24 25 29 30 34 35 36 39 40 41 42 43 
47 48 54 55 62 64 65 66 71 72 74 76 
77 82 93 95 96 98 99 101 103 106 108 109 
111 113 115 116 118 119 125 126 127 130 131 132 
136 137 138 139 143 144 145 146 149 150 151 153 
154 156 157 158 159 161 165 166 169 170 173 174 
175 177 182 183 186 187 190 191 193 200 
92
2 3 4 7 9 11 12 13 17 18 23 24 
26 28 31 32 35 39 41 45 46 49 52 54 
56 60 61 64 66 67 68 71 72 74 75 78 
79 82 83 89 92 94 95 96 97 101 102 103 
106 108 111 113 114 117 119 128 129 132 133 134 
135 136 137 139 142 143 147 148 151 152 156 158 
159 160 164 168 169 171 172 173 174 177 181 185 
186 187 188 189 190 194 196 198 
103
1 2 4 5 6 7 9 11 13 14 15 17 
20 21 25 29 30 33 34 36 38 40 44 46 
48 49 50 51 52 53 55 56 59 61 63 64 
66 67 69 71 72 74 76 77 82 83 84 87 
90 91 92 93 96 102 103 104 105 106 107 109 
110 111 113 114 116 118 119 120 123 125 126 128 
129 132 135 144 146 150 152 156 157 158 161 162 
166 168 169 170 171 172 174 176 177 178 179 185 
186 189 190 192 194 196 199 
96
1 3 4 10 12 13 14 15 17 18 20 21 
23 26 27 29 30 33 35 37 41 42 44 46 
48 49 53 57 59 60 63 65 66 67 68 69 
71 72 74 75 79 82 83 86 89 90 92 96 
99 100 101 102 103 105 113 114 115 117 121 125 
127 128 129 131 132 134 135 140 143 144 147 148 
149 153 154 156 157 159 161 164 165 169 170 171 
179 181 184 187 188 189 190 192 193 198 199 200 
91
8 12 14 15 19 20 23 25 30 32 34 35 
39 40 45 47 48 50 51 52 53 54 59 64 
65 68 69 71 72 75 76 79 81 82 86 87 
91 93 95 97 98 100 102 106 107 110 113 115 
117 120 123 124 125 126 127 128 129 132 134 135 
136 137 138 139 143 144 148 149 151 152 153 155 
156 158 167 168 169 170 174 176 177 182 185 187 
188 189 192 193 195 196 200 
101
2 3 4 5 6 7 8 11 13 14 17 19 
20 21 25 27 28 32 33 35 38 40 44 45 
46 47 49 50 51 52 53 60 66 70 71 74 
75 76 78 80 82 83 85 87 90 91 93 94 
95 96 97 98 99 101 104 105 106 107 109 112 
113 115 116 117 119 121 122 123 125 126 128 130 
131 132 133 134 136 138 141 143 147 148 153 157 
162 166 174 175 178 179 182 183 186 188 189 191 
192 193 196 198 199 
103
1 2 4 6 10 14 15 16 18 19 21 22 
33 37 40 42 44 45 46 47 48 49 52 55 
56 58 59 64 66 68 71 73 74 76 78 79 
80 82 83 84 85 87 89 92 93 95 98 99 
104 105 108 110 112 113 115 117 118 119 120 121 
122 123 124 129 132 134 135 137 138 141 143 144 
146 148 149 151 152 154 158 162 163 164 166 168 
169 170 171 174 176 177 178 179 180 181 182 187 
188 189 191 192 193 195 198 
97
1 3 6 8 9 11 13 15 17 18 19 23 
25 26 29 31 33 34 38 39 41 43 44 45 
46 47 51 55 56 59 62 63 64 65 66 69 
77 80 81 85 86 87 89 90 92 96 99 100 
101 106 109 111 112 113 116 119 124 127 128 129 
130 132 135 139 142 143 144 146 147 149 152 153 
156 157 160 161 164 165 167 168 169 173 176 177 
180 181 183 184 186 188 189 190 191 193 195 196 
200 
108
1 2 7 8 10 11 12 15 16 18 19 20 
22 23 24 25 27 29 31 32 33 34 35 36 
39 45 46 52 54 58 62 63 64 66 67 68 
69 70 72 75 76 81 86 89 91 93 94 95 
96 98 100 105 106 109 110 112 113 114 117 119 
120 122 124 125 126 127 129 136 138 139 140 141 
142 144 146 147 148 149 153 157 158 160 162 163 
167 168 169 171 173 175 176 177 179 181 182 184 
185 188 189 190 191 192 194 195 196 198 199 200 
104
2 3 6 7 8 9 10 11 12 13 17 18 
21 22 23 27 28 30 31 32 36 37 39 43 
46 47 52 53 54 55 56 57 58 68 71 72 
76 77 78 81 82 85 88 89 90 94 97 99 
100 101 102 103 104 105 106 108 113 114 116 117 
119 121 124 130 131 132 133 135 138 139 141 144 
149 151 152 153 154 155 156 158 161 164 165 166 
168 169 170 171 172 173 174 177 181 182 183 184 
186 188 189 190 194 196 197 199 
103
1 3 5 6 7 8 12 13 14 16 19 20 
21 22 23 24 25 28 29 30 33 34 38 39 
40 43 47 48 50 51 56 58 62 63 64 65 
67 69 71 72 73 75 76 77 80 81 82 83 
85 88 91 92 93 95 97 99 100 101 102 103 
105 107 108 112 116 117 118 120 121 122 123 125 
131 134 135 136 137 141 143 147 149 153 155 160 
161 168 169 170 171 173 174 175 177 179 183 185 
187 189 190 192 195 197 200 
107
1 2 5 7 10 12 14 16 17 18 19 20 
21 22 25 26 27 28 29 30 31 32 33 36 
38 40 42 43 46 48 49 51 52 54 56 57 
58 59 61 62 63 65 66 68 69 70 71 72 
74 75 76 79 80 82 84 87 88 90 93 96 
97 98 100 102 103 104 105 108 111 117 118 124 
125 126 133 136 140 141 142 146 147 148 149 150 
156 157 158 160 161 162 170 171 175 176 180 181 
182 184 186 189 191 195 196 197 198 199 200 
106
1 2 5 6 8 10 12 13 16 18 19 20 
24 26 29 31 34 35 40 41 42 45 46 48 
50 53 54 61 62 64 65 66 67 68 70 73 
74 75 77 80 81 85 87 88 90 91 92 93 
94 96 98 99 100 101 102 105 106 107 108 111 
112 115 116 120 121 122 124 127 131 132 139 140 
141 142 144 145 148 150 153 158 159 160 163 164 
166 168 172 173 174 176 177 178 179 180 182 183 
185 188 189 190 191 192 194 196 197 200 
91
1 3 4 5 9 10 12 15 16 18 20 23 
26 28 29 32 33 39 42 46 51 54 56 57 
58 59 61 62 63 64 66 71 73 74 75 77 
79 81 83 85 86 90 91 92 97 98 99 100 
103 105 108 109 110 111 112 113 114 116 117 126 
128 133 135 138 139 142 145 146 148 153 154 157 
158 160 161 166 169 170 171 172 175 177 180 182 
185 186 189 190 191 192 197 
107
2 4 5 8 9 12 17 20 21 23 24 26 
28 29 30 32 33 34 37 38 39 41 44 45 
48 54 57 59 60 61 64 66 67 68 71 74 
76 81 84 87 88 92 93 96 98 100 101 102 
104 105 106 107 108 110 111 117 118 120 122 124 
126 129 130 131 134 137 138 139 143 144 146 147 
148 149 150 151 152 153 154 159 161 162 164 165 
166 167 168 171 172 173 174 175 177 179 181 183 
184 185 188 189 190 191 192 194 195 196 197 
102
1 4 5 7 8 9 11 12 14 15 17 18 
20 21 22 24 26 27 29 33 37 40 42 47 
49 50 51 52 53 55 57 58 59 62 64 66 
71 72 75 77 78 79 81 83 84 85 86 87 
88 91 94 99 101 102 104 105 109 112 115 116 
117 119 122 125 126 128 129 131 134 135 136 137 
138 142 143 144 150 152 153 154 155 156 157 158 
161 163 164 170 172 173 174 176 180 181 183 185 
186 188 191 195 197 198 
124
2 3 4 6 7 8 9 10 11 12 14 16 
18 19 21 22 25 27 29 32 36 37 40 41 
42 44 48 50 51 52 54 55 58 59 60 61 
62 63 64 66 69 71 73 74 75 76 79 81 
82 83 84 85 86 88 89 90 99 100 101 102 
103 104 105 106 108 109 112 113 116 118 119 120 
123 126 127 129 130 132 133 134 136 137 139 140 
142 143 144 145 146 147 148 149 150 152 155 157 
159 161 163 164 166 167 170 171 172 173 174 175 
176 177 178 180 181 182 186 189 190 191 192 193 
194 198 199 200 
100
1 3 6 8 12 15 17 18 19 20 21 27 
32 37 39 40 41 43 45 46 48 49 50 51 
52 53 54 55 56 60 62 65 66 67 69 70 
72 76 78 80 83 90 93 94 95 98 102 103 
105 109 110 111 112 113 117 118 120 121 122 123 
124 126 127 128 130 131 132 133 134 136 141 143 
144 145 146 148 149 151 153 155 158 159 166 168 
172 173 174 180 181 182 183 184 186 188 189 192 
193 196 198 199 
96
2 3 4 5 6 9 10 12 13 23 25 26 
30 32 33 35 36 38 39 40 42 43 44 46 
48 50 55 63 64 66 68 70 71 73 74 77 
78 79 81 82 83 85 86 87 88 89 91 92 
94 95 97 100 102 107 108 112 115 119 126 130 
132 134 136 137 138 139 140 141 142 143 144 145 
146 151 152 154 157 162 163 164 165 167 168 169 
170 173 174 176 178 182 185 189 192 194 196 200 
108
1 2 3 5 7 8 10 11 12 13 14 16 
18 21 24 26 27 30 31 32 33 34 38 40 
42 43 44 45 46 47 49 50 51 52 53 56 
58 59 60 72 73 77 80 81 88 91 95 96 
97 98 100 101 102 104 106 107 108 109 110 111 
112 116 117 119 122 123 126 127 128 129 130 131 
132 135 136 138 141 144 145 148 149 150 154 155 
157 159 160 161 163 165 168 169 170 172 174 175 
178 180 181 185 186 190 193 194 196 198 199 200 
107
2 3 4 5 6 7 9 11 12 13 17 18 
19 21 22 24 27 29 30 32 35 36 37 38 
39 41 42 43 47 50 51 56 58 59 61 62 
63 64 65 66 67 70 72 75 76 79 84 86 
89 91 96 97 98 100 101 102 104 105 106 107 
109 110 111 112 114 119 121 126 127 128 129 130 
132 134 135 138 139 143 144 145 146 152 153 155 
157 158 159 164 165 170 171 172 175 176 178 179 
180 186 189 192 193 194 195 196 197 198 200 
104
2 5 6 7 8 9 10 12 15 20 21 22 
23 25 26 27 28 29 32 33 36 37 38 39 
41 42 45 46 47 48 49 50 52 55 58 60 
61 65 66 70 71 72 77 79 80 82 85 87 
90 92 93 94 95 98 99 100 103 104 105 108 
109 111 112 113 114 118 119 120 129 130 131 136 
138 140 144 145 148 152 154 156 158 160 165 168 
170 174 176 177 178 179 180 181 182 183 184 185 
187 188 189 190 193 196 198 199 
101
2 3 6 13 16 17 22 25 27 29 31 32 
33 35 36 38 39 42 45 48 50 51 53 54 
55 57 59 60 65 67 69 70 73 74 75 76 
78 85 86 87 89 93 94 96 97 99 101 102 
103 104 108 110 111 112 113 115 116 119 121 122 
124 126 127 132 134 135 136 137 138 139 140 147 
150 151 152 154 155 157 158 161 163 164 166 167 
168 169 171 173 175 178 179 183 184 185 187 190 
191 194 195 197 200 
104
2 8 10 11 13 17 18 20 22 23 24 25 
27 29 30 31 32 39 42 43 44 45 46 49 
53 55 56 58 62 67 68 69 71 72 73 75 
77 80 81 82 88 89 90 91 92 94 96 98 
103 105 106 107 109 110 111 113 115 116 117 121 
122 123 125 127 128 129 132 133 135 136 138 139 
141 143 144 146 147 148 150 153 155 156 158 159 
160 161 163 166 167 168 169 173 175 179 180 182 
183 184 185 186 189 190 191 197 
98
2 4 8 9 11 14 23 25 28 29 30 31 
33 34 35 36 38 39 40 41 43 44 48 51 
52 55 56 57 58 59 60 61 62 63 64 65 
67 68 69 70 74 77 78 79 81 82 84 88 
89 92 93 96 100 103 109 110 111 112 114 117 
119 122 124 131 134 139 143 144 145 146 147 152 
154 156 161 162 167 168 169 170 171 172 173 174 
175 176 177 179 180 185 186 187 189 192 194 196 
197 200 
101
3 5 6 8 9 10 12 14 15 20 23 24 
27 28 34 36 37 38 40 45 46 47 52 53 
54 55 56 58 59 60 62 63 64 65 66 70 
77 78 79 87 88 93 94 97 98 99 101 104 
107 108 110 113 114 115 116 117 120 123 124 125 
126 130 132 133 134 135 136 142 143 144 145 146 
147 149 150 151 154 156 157 158 160 161 165 166 
169 171 173 174 175 176 179 180 181 184 186 188 
190 192 193 196 197 
96
2 3 5 6 9 10 11 12 13 19 23 24 
25 26 28 29 31 32 34 36 37 38 39 42 
43 45 46 48 51 53 54 55 56 57 58 60 
64 67 68 69 72 74 75 77 78 81 84 85 
95 96 100 102 112 114 115 116 121 122 124 126 
127 128 131 132 138 140 142 145 148 150 155 157 
160 161 162 163 164 166 168 171 173 174 175 179 
180 181 183 184 185 186 187 188 189 192 194 195 
110
2 3 6 7 9 10 12 13 14 17 19 22 
26 27 28 29 36 38 40 43 46 51 52 53 
54 56 57 58 60 61 62 63 64 66 72 79 
80 82 83 84 86 88 90 92 96 97 99 100 
101 104 105 106 107 111 113 115 116 117 118 119 
121 122 124 125 127 129 132 135 137 139 141 142 
144 146 148 149 150 151 154 155 157 158 160 161 
162 163 164 165 166 169 170 171 172 174 175 176 
178 179 180 181 182 185 186 187 190 191 192 194 
195 196 
103
2 4 5 6 7 9 13 14 16 17 19 20 
22 23 26 27 29 30 31 32 33 35 40 42 
44 47 51 52 53 54 56 64 65 72 73 74 
75 76 78 81 82 84 86 87 88 90 92 95 
96 97 99 100 101 102 104 105 106 107 109 112 
115 116 117 118 119 124 125 126 128 130 132 133 
136 138 139 141 142 145 146 148 152 154 159 161 
162 164 167 168 170 172 173 175 177 178 182 183 
184 185 187 188 190 192 198 
93
1 2 4 7 8 15 16 21 22 25 26 30 
33 34 35 36 39 42 44 45 46 47 48 49 
51 53 54 55 56 59 60 61 63 65 66 67 
69 71 73 74 77 78 80 81 82 84 85 86 
88 89 94 96 97 98 99 102 105 106 110 112 
113 117 119 120 121 123 125 126 127 128 131 134 
136 138 140 142 146 151 155 164 167 168 170 171 
172 176 177 178 185 187 190 192 199 
88
2 6 7 8 9 11 12 13 17 19 23 24 
26 28 29 35 38 40 45 46 51 52 61 62 
65 67 68 69 70 73 77 78 79 81 82 86 
88 89 92 93 94 95 97 99 100 101 104 105 
112 113 114 116 118 120 121 122 125 126 127 128 
129 134 137 138 139 141 144 146 150 152 153 154 
155 157 161 162 167 168 170 173 174 177 182 183 
185 186 188 192 
86
4 6 9 10 13 14 16 17 18 19 21 22 
23 32 33 35 36 38 41 43 46 49 52 53 
54 56 57 58 64 71 72 74 76 77 78 79 
80 84 86 87 92 95 96 98 103 104 105 107 
108 109 113 117 124 125 127 129 131 132 134 140 
142 144 147 150 151 153 154 156 158 162 163 164 
168 172 174 180 181 183 185 187 189 192 193 196 
197 198 
102
1 3 5 7 8 10 11 12 14 15 16 17 
19 22 27 28 30 33 36 38 42 43 44 45 
47 48 51 53 57 58 59 60 62 64 65 67 
70 73 75 76 80 81 84 86 87 92 93 94 
99 100 102 103 105 107 108 112 113 121 123 124 
125 127 128 129 131 132 133 134 138 139 140 141 
143 145 146 148 149 150 153 159 162 165 167 168 
171 172 173 175 176 180 182 183 185 186 188 189 
192 194 195 196 197 198 
