100 200
1 1 1 1 1 1 1 1 1 1 1 1 
1 1 1 1 1 1 1 1 1 1 1 1 
1 1 1 1 1 1 1 1 1 1 1 1 
1 1 1 1 1 1 1 1 1 1 1 1 
1 1 1 1 1 1 1 1 1 1 1 1 
1 1 1 1 1 1 1 1 1 1 1 1 
1 1 1 1 1 1 1 1 1 1 1 1 
1 1 1 1 1 1 1 1 1 1 1 1 
1 1 1 1 1 1 1 1 1 1 1 1 
1 1 1 1 1 1 1 1 1 1 1 1 
1 1 1 1 1 1 1 1 1 1 1 1 
1 1 1 1 1 1 1 1 1 1 1 1 
1 1 1 1 1 1 1 1 1 1 1 1 
1 1 1 1 1 1 1 1 1 1 1 1 
1 1 1 1 1 1 1 1 1 1 1 1 
1 1 1 1 1 1 1 1 1 1 1 1 
1 1 1 1 1 1 1 1 
105
2 8 9 10 14 15 17 20 21 22 23 25 
28 29 30 39 42 46 48 51 54 55 57 58 
61 62 63 65 66 68 70 72 74 76 79 80 
81 82 86 88 89 91 92 93 95 96 99 102 
103 104 106 107 108 109 110 111 113 114 115 116 
117 119 124 129 130 131 135 136 137 138 140 143 
144 145 148 149 150 153 154 156 157 158 161 162 
163 164 165 167 169 173 174 175 176 177 178 181 
186 187 188 189 194 195 196 197 199 
107
2 6 8 9 19 20 22 23 24 26 27 28 
29 30 32 35 37 38 39 41 43 45 46 48 
52 54 56 58 59 60 61 63 65 66 68 69 
72 73 76 78 79 83 84 86 87 88 90 93 
95 98 103 104 105 106 107 108 109 110 111 112 
116 117 119 121 124 127 128 129 130 131 132 133 
136 137 138 140 142 143 145 146 147 148 149 150 
151 152 156 157 158 159 160 162 166 167 170 174 
177 179 180 181 182 186 192 193 195 197 200 
96
1 4 9 12 14 15 17 19 20 23 25 26 
27 29 30 31 33 34 44 46 47 49 50 51 
52 53 54 55 56 59 61 63 64 65 66 68 
69 70 71 72 77 78 79 83 85 86 87 88 
90 96 97 98 99 100 104 108 109 110 111 112 
114 115 117 119 121 129 130 131 132 133 138 139 
141 153 154 156 159 160 162 164 165 171 179 182 
183 184 186 187 188 190 192 193 194 197 199 200 
103
1 4 7 9 10 12 14 16 17 19 20 21 
22 23 24 26 27 29 30 31 33 35 36 37 
39 40 42 44 45 46 47 50 52 54 56 57 
61 63 65 66 68 70 72 74 75 77 80 81 
82 84 85 86 87 88 89 92 94 97 98 101 
105 110 112 113 114 120 121 123 125 126 129 132 
137 138 141 142 143 144 146 148 150 151 152 154 
156 157 159 163 165 168 171 173 175 178 179 180 
181 185 190 193 194 195 200 
116
1 2 3 4 5 7 9 10 11 14 16 19 
20 23 24 25 26 28 30 31 34 35 36 37 
38 40 41 42 45 46 47 49 51 52 53 54 
55 56 58 59 60 61 62 65 66 67 69 70 
71 73 75 77 78 81 82 83 84 86 89 91 
94 95 96 97 99 102 103 105 106 108 111 112 
113 115 116 117 118 119 121 127 128 129 130 131 
134 135 136 139 140 145 148 149 151 153 156 157 
159 161 162 163 164 166 170 174 175 176 178 180 
181 182 186 187 189 190 191 192 
92
2 3 4 5 8 11 22 23 26 27 28 33 
35 36 37 39 41 44 45 48 50 51 52 53 
54 55 58 62 65 66 67 71 75 76 77 78 
79 80 81 88 91 93 95 96 97 99 101 107 
108 111 115 116 117 120 121 125 128 130 132 135 
136 138 139 141 142 144 149 150 155 156 161 162 
165 167 170 172 174 175 179 181 185 186 187 188 
189 192 194 195 196 197 199 200 
101
5 6 9 10 12 15 17 21 25 27 29 31 
32 34 37 38 39 40 41 45 47 55 56 57 
58 59 60 63 65 67 68 69 71 72 73 75 
80 81 82 84 86 87 88 89 90 91 96 97 
98 99 100 103 105 106 107 108 114 115 121 123 
125 126 128 132 133 135 136 139 141 142 143 144 
149 150 151 154 155 156 157 160 162 164 165 166 
167 171 172 173 178 179 181 183 184 187 188 190 
192 193 194 196 198 
95
1 2 10 13 14 16 17 20 22 23 28 30 
33 34 41 42 43 45 47 51 52 53 54 56 
58 59 60 63 64 66 67 69 70 73 74 75 
78 79 80 83 85 90 91 92 93 95 97 98 
99 100 101 105 106 107 108 111 112 113 114 118 
120 121 122 123 128 129 133 135 138 139 144 146 
147 149 150 153 159 167 168 171 172 173 174 179 
180 181 183 184 185 186 192 196 198 199 200 
111
6 7 9 10 11 13 15 16 17 20 21 22 
24 27 28 29 31 32 36 39 40 41 43 44 
46 52 56 58 59 60 64 65 66 67 69 70 
71 72 73 74 75 76 77 80 81 82 83 84 
85 86 87 88 89 93 94 95 98 99 101 103 
104 106 108 109 115 116 117 120 123 124 125 126 
127 128 133 135 136 137 140 141 142 145 146 147 
151 154 156 158 159 162 163 167 168 173 174 175 
176 177 178 179 181 182 183 186 188 191 194 195 
196 197 200 
83
1 2 5 8 9 11 12 19 21 22 24 28 
29 30 31 40 41 43 46 48 52 54 66 67 
70 75 80 81 82 85 88 89 90 92 95 96 
98 102 105 110 111 112 113 115 116 118 120 121 
122 125 126 131 132 135 136 140 141 144 158 159 
160 162 163 165 166 168 169 172 173 175 176 178 
180 181 183 184 185 189 194 195 197 198 200 
90
5 6 9 11 13 15 17 20 22 24 27 28 
29 30 31 32 34 36 38 42 44 47 51 54 
58 59 63 65 67 68 69 71 74 75 76 79 
80 81 82 85 86 89 90 96 98 99 100 104 
105 106 107 112 114 115 119 122 125 126 127 131 
132 136 137 138 140 143 145 146 153 154 156 164 
165 167 170 171 172 173 174 175 176 180 182 183 
184 189 191 195 199 200 
105
2 5 7 9 13 14 15 17 20 21 22 24 
25 28 32 33 37 39 40 43 44 45 47 48 
50 52 54 56 57 62 63 64 66 68 71 72 
73 74 75 76 78 80 81 83 84 88 91 92 
93 94 95 97 99 101 103 105 106 107 109 110 
111 114 117 119 120 121 122 123 124 126 129 130 
131 132 134 135 136 139 143 144 146 148 149 150 
154 156 157 159 160 161 164 174 175 176 179 182 
184 185 187 188 189 190 192 193 199 
84
2 5 9 10 12 14 15 16 18 19 25 28 
30 32 39 44 45 46 47 48 49 52 54 55 
57 58 59 60 63 64 67 68 71 73 75 79 
81 86 87 89 93 94 98 99 100 104 107 112 
114 118 119 122 127 128 132 140 141 142 146 147 
149 150 151 153 154 155 158 161 166 169 171 172 
174 175 176 180 181 184 188 189 192 193 195 198 
93
2 3 4 5 11 12 13 14 18 19 20 26 
30 34 35 36 37 38 40 41 42 43 46 49 
56 58 59 63 65 67 68 69 71 73 74 75 
76 77 79 80 81 83 85 89 90 92 96 100 
103 104 105 110 111 112 114 115 116 117 118 126 
127 128 130 131 134 137 140 141 145 146 147 148 
149 152 153 154 155 156 157 159 161 163 164 165 
166 168 173 180 185 190 196 197 199 
105
1 3 4 5 6 8 9 11 13 15 18 19 
21 25 26 32 33 34 35 36 37 39 43 47 
48 49 50 56 57 58 62 63 64 65 66 68 
72 74 75 76 77 88 89 90 92 93 94 95 
96 100 103 110 112 113 115 116 117 118 120 121 
123 126 127 129 130 133 135 137 139 141 142 144 
145 146 147 148 149 151 152 157 159 161 164 165 
166 167 168 171 172 175 176 179 180 181 182 183 
185 187 192 194 195 196 197 199 200 
103
1 5 6 9 11 12 18 19 21 23 24 26 
28 29 30 31 32 33 34 37 39 40 41 42 
46 48 53 55 57 59 60 61 69 70 72 73 
75 76 80 81 82 83 84 85 86 91 92 93 
94 95 96 97 98 99 100 104 105 112 114 117 
118 119 121 125 129 132 136 138 140 145 146 149 
152 153 154 156 157 158 160 161 164 165 167 168 
169 170 173 174 177 179 180 182 184 188 189 190 
191 192 193 194 195 196 200 
107
2 3 4 5 6 10 11 12 13 16 19 20 
21 22 23 24 25 27 28 31 32 39 40 41 
42 45 47 48 49 50 52 53 58 63 67 68 
75 76 78 81 82 84 88 89 92 93 95 96 
97 99 101 103 106 107 108 109 110 112 113 114 
119 120 121 125 127 132 133 134 135 136 140 141 
142 143 144 146 149 150 151 152 153 155 157 158 
160 162 163 167 168 170 171 172 173 175 176 177 
179 180 181 182 185 187 189 191 195 196 198 
82
3 5 7 9 11 13 14 22 24 36 38 40 
42 44 46 51 52 55 56 59 61 62 65 70 
72 75 78 79 81 82 84 85 88 92 96 98 
101 107 108 113 118 119 120 121 127 133 134 136 
137 138 140 141 142 145 148 149 151 153 155 157 
160 161 162 165 167 168 169 171 173 177 179 182 
185 186 188 189 191 192 193 194 195 200 
97
2 3 4 7 9 12 16 18 21 24 27 29 
30 31 32 33 37 38 40 42 44 45 46 49 
50 53 57 59 60 61 63 64 66 67 68 70 
72 78 79 82 86 87 89 90 91 95 97 98 
99 100 101 102 103 104 105 106 107 109 111 112 
115 122 123 124 125 128 130 131 133 136 144 145 
146 150 151 152 156 158 160 161 163 164 165 167 
176 180 181 182 183 184 185 190 191 196 197 198 
200 
107
3 4 6 7 14 16 18 21 24 27 30 31 
33 34 36 37 38 39 42 43 44 46 50 51 
53 55 56 57 63 65 68 69 70 71 72 75 
77 78 81 82 83 85 87 88 91 94 95 96 
99 100 103 104 106 112 113 115 116 117 118 120 
121 123 124 126 128 129 130 131 132 134 135 136 
137 138 141 143 144 146 149 151 155 156 157 162 
163 166 167 168 170 171 172 173 175 176 178 179 
185 187 188 189 190 191 193 195 196 199 200 
103
1 2 5 6 7 10 11 12 15 17 19 20 
22 24 25 26 29 30 31 34 35 39 40 41 
43 44 45 50 51 52 53 54 56 59 61 62 
64 65 69 71 72 75 76 82 84 85 89 91 
92 94 96 97 98 104 105 106 107 108 109 114 
115 119 120 122 124 125 127 129 131 132 135 140 
143 145 146 147 149 150 153 155 157 159 162 163 
164 165 167 169 172 173 174 175 176 177 178 182 
183 188 190 194 195 198 199 
110
2 4 7 8 9 10 11 12 14 18 20 21 
23 25 28 29 30 32 33 37 38 39 40 45 
47 48 49 53 54 55 57 58 61 62 64 67 
71 72 73 75 76 77 79 81 82 84 87 88 
89 91 93 94 95 97 100 101 102 104 107 108 
111 115 116 119 120 121 122 123 125 127 129 131 
132 133 134 135 137 138 143 144 145 147 148 150 
151 152 153 154 155 156 158 160 161 162 163 164 
166 170 175 180 182 184 186 187 189 191 194 195 
198 199 
96
1 2 4 6 7 8 13 15 17 19 20 22 
25 26 28 30 32 35 36 38 41 42 44 45 
51 53 55 56 58 59 60 61 62 65 68 69 
71 72 73 74 76 77 79 85 92 96 97 100 
101 105 106 108 110 111 115 118 120 122 123 126 
129 130 132 134 135 136 137 141 143 145 151 155 
158 159 163 166 168 169 170 171 172 175 179 181 
184 185 187 188 189 190 191 192 193 196 198 199 
93
1 4 6 13 14 16 17 18 19 20 22 23 
26 29 31 32 33 35 41 42 43 46 52 58 
59 60 66 68 69 71 75 76 77 80 83 85 
87 88 91 92 93 95 96 99 100 101 103 105 
107 108 109 110 114 115 116 119 121 122 123 125 
126 130 132 134 136 139 140 143 144 147 148 150 
151 153 155 157 161 162 164 166 167 174 175 177 
178 181 183 187 188 190 192 197 198 
111
2 6 7 8 11 12 15 16 18 19 20 25 
26 27 28 29 30 31 34 36 38 41 42 43 
45 47 48 49 50 51 53 55 57 59 62 64 
66 67 71 72 74 76 78 79 82 83 84 85 
86 87 91 95 96 97 100 104 105 110 112 113 
116 117 118 119 120 121 122 124 125 130 131 133 
134 135 136 137 139 141 143 144 149 150 152 156 
158 159 160 161 163 164 165 166 168 169 171 172 
173 178 179 180 183 184 185 187 189 190 192 193 
194 195 196 
93
4 5 7 8 11 16 18 21 22 24 25 30 
31 34 37 38 42 44 47 48 52 55 56 58 
59 61 64 67 68 72 74 75 77 79 80 81 
82 85 86 88 89 91 94 96 97 99 100 102 
105 108 111 117 118 119 125 127 128 129 130 135 
136 141 142 143 144 146 148 149 150 153 154 155 
156 159 160 164 165 166 167 169 170 172 173 177 
178 179 180 181 182 188 194 195 199 
90
2 5 11 14 17 18 19 21 22 25 26 28 
31 32 34 37 38 39 42 43 44 46 47 49 
50 52 53 54 58 62 66 70 71 74 75 77 
78 79 82 85 87 90 91 97 98 99 100 103 
104 105 107 109 110 112 114 115 117 120 122 124 
127 129 130 132 133 134 136 138 139 140 141 148 
149 154 156 157 162 163 167 169 175 179 182 183 
185 187 192 194 197 199 
107
6 9 14 15 17 20 22 23 26 27 28 30 
32 34 35 39 41 43 44 45 48 51 53 54 
55 56 58 60 61 63 67 68 72 78 80 82 
85 86 87 88 90 91 92 93 94 95 96 103 
104 105 107 108 109 111 112 113 115 116 120 121 
122 124 125 126 127 128 129 130 131 134 136 137 
138 139 140 141 142 145 148 149 150 151 152 153 
154 156 157 158 160 161 162 164 165 167 169 171 
173 177 178 179 181 183 186 190 191 194 197 
85
2 3 5 8 10 16 17 19 20 21 26 30 
31 41 43 45 50 52 53 54 56 58 67 70 
73 75 83 84 85 86 87 90 91 93 95 97 
99 100 103 104 108 111 112 113 115 117 119 120 
121 122 123 128 130 131 133 134 135 137 140 141 
144 147 149 150 153 155 156 157 158 162 163 169 
171 172 174 178 180 181 182 183 185 191 194 195 
199 
109
1 2 5 13 15 17 20 21 22 23 27 28 
31 32 34 36 38 39 45 46 47 49 50 53 
54 55 58 61 62 65 66 67 68 70 72 74 
75 77 78 79 81 82 83 84 87 88 89 90 
91 92 96 97 100 101 102 105 107 109 110 111 
114 117 118 119 120 121 122 124 125 127 128 129 
131 132 133 134 136 142 143 146 147 148 149 150 
151 153 154 155 159 162 163 165 167 172 173 174 
175 180 181 182 183 185 186 189 191 192 194 198 
200 
102
2 3 4 5 7 9 10 11 15 16 18 19 
24 27 30 32 36 39 40 43 44 48 49 50 
51 52 55 57 58 59 60 61 63 64 65 69 
70 73 74 75 76 78 79 81 85 88 89 91 
92 93 94 96 102 104 106 108 113 117 118 119 
121 124 127 128 129 130 133 134 137 139 140 142 
147 150 151 152 153 155 156 158 161 162 163 164 
165 166 171 174 175 177 179 181 182 183 184 186 
191 192 193 196 198 199 
92
5 6 7 8 10 11 15 21 23 24 26 28 
29 35 36 37 38 40 43 44 45 49 50 52 
53 55 56 61 62 64 66 69 71 73 75 78 
79 82 83 93 100 102 105 107 111 113 115 117 
120 121 122 124 125 126 127 128 131 134 136 140 
142 144 146 148 149 152 153 156 158 160 161 165 
166 167 169 172 174 175 177 179 180 181 183 184 
187 188 189 193 194 198 199 200 
101
3 4 6 9 16 17 18 19 21 22 23 27 
28 29 31 32 37 39 40 43 45 49 50 51 
53 54 55 56 58 59 62 67 68 69 75 77 
78 80 83 87 88 89 90 91 95 97 101 105 
107 108 110 112 114 115 116 117 118 120 121 123 
124 127 129 130 131 132 133 134 136 137 138 139 
141 143 148 149 150 151 153 155 158 159 160 161 
163 164 165 170 176 177 179 183 184 186 188 190 
192 194 196 198 200 
101
1 2 3 4 6 8 9 12 14 16 17 18 
20 24 26 29 30 33 34 37 41 42 43 44 
45 46 47 50 51 54 55 57 60 61 63 66 
67 68 70 71 72 73 74 76 78 81 82 83 
91 95 96 98 100 101 104 105 106 108 110 112 
117 121 122 123 127 129 130 136 140 141 143 146 
148 149 151 153 155 156 158 159 160 163 164 166 
169 170 173 176 178 179 181 183 184 186 189 190 
191 192 193 197 198 
93
1 2 3 5 6 7 9 10 12 13 14 15 
18 20 28 29 30 31 32 34 36 38 41 43 
46 48 50 51 55 64 70 75 76 77 82 84 
85 86 88 89 91 92 93 94 96 98 99 100 
101 102 103 106 108 109 110 111 112 114 115 116 
117 125 127 128 130 131 132 133 134 140 141 142 
146 149 156 158 159 163 166 169 171 172 175 178 
179 180 181 183 184 187 194 198 200 
102
1 2 3 5 6 7 9 14 15 18 19 20 
21 24 25 30 31 32 35 36 37 38 42 43 
44 45 46 48 51 52 53 54 55 56 58 60 
62 64 66 68 70 72 73 75 76 77 79 82 
85 86 87 91 95 98 101 102 103 107 108 110 
113 114 117 118 125 127 129 133 134 135 137 139 
141 142 143 145 146 147 150 153 154 157 158 159 
160 161 163 167 168 172 173 176 180 182 185 186 
190 191 192 193 195 200 
104
1 4 5 6 8 9 14 15 16 17 19 20 
21 23 26 27 28 30 33 37 42 46 47 50 
51 52 53 54 55 57 62 63 65 66 68 71 
72 73 74 75 79 81 82 89 92 93 96 97 
98 99 100 101 107 109 110 111 112 113 116 118 
119 123 124 125 126 128 130 133 135 136 139 140 
141 142 143 146 147 148 152 155 156 160 166 167 
168 169 170 172 174 176 177 182 183 188 189 190 
191 192 193 194 195 196 198 199 
96
1 2 4 6 7 8 9 11 13 17 20 21 
23 26 27 30 33 34 35 36 37 42 43 48 
50 54 56 57 58 60 61 62 64 66 69 71 
72 78 81 83 84 85 89 90 91 92 94 99 
103 105 106 110 118 121 124 125 127 128 129 131 
132 135 136 140 142 145 150 152 153 154 155 157 
158 160 161 164 165 167 168 169 172 173 175 177 
178 179 180 181 182 186 189 190 191 194 197 200 
90
1 2 3 5 8 9 10 11 13 15 17 18 
21 25 26 28 31 34 36 37 39 40 42 44 
46 51 55 56 58 60 61 63 64 65 66 69 
71 72 74 82 87 93 94 96 97 98 100 102 
103 104 106 107 108 109 117 118 123 126 128 131 
132 133 136 137 138 139 141 143 146 148 149 153 
155 156 161 163 164 166 167 170 174 177 180 181 
190 194 195 198 199 200 
110
1 2 8 9 10 11 12 13 14 15 16 19 
20 22 23 24 25 26 31 32 33 34 35 38 
39 40 42 45 47 48 51 52 54 56 57 58 
59 60 61 62 63 64 65 67 69 72 73 74 
79 83 87 88 91 93 94 96 100 101 102 104 
108 110 111 113 114 115 117 119 121 122 123 126 
127 128 129 132 134 135 138 139 145 146 149 150 
152 153 156 159 161 164 165 169 170 172 174 175 
176 182 185 186 187 188 189 190 191 194 196 197 
199 200 
101
1 3 4 5 6 7 9 13 15 17 18 20 
25 29 30 33 37 38 39 40 41 44 47 48 
49 51 55 56 59 61 63 64 67 71 72 73 
74 75 76 77 78 79 82 83 85 87 88 90 
93 96 99 100 101 103 107 108 109 110 111 114 
116 117 118 119 121 122 123 125 127 129 130 131 
135 136 137 138 141 143 144 145 150 151 153 154 
157 159 161 163 165 172 174 175 176 177 181 185 
186 192 196 197 198 
98
1 3 4 5 8 9 10 12 14 16 20 24 
26 28 30 32 34 35 36 39 40 41 42 43 
45 46 47 49 50 52 53 54 55 57 60 65 
67 68 70 73 74 77 78 82 83 84 86 87 
88 90 91 95 97 98 103 104 109 111 112 117 
118 119 120 121 127 129 131 136 138 140 141 142 
143 145 146 148 151 152 154 156 159 160 162 165 
166 169 170 174 176 178 179 180 183 185 189 194 
197 199 
96
3 4 7 8 10 14 16 25 26 27 28 32 
34 35 38 39 41 50 51 54 55 59 60 61 
63 65 71 73 74 75 76 79 81 82 85 88 
94 96 99 101 103 105 106 109 111 112 113 114 
115 117 118 120 122 123 126 127 128 130 134 137 
138 140 141 142 143 145 148 149 150 151 152 154 
157 159 160 161 162 163 164 165 171 172 173 175 
179 180 182 183 184 187 189 190 191 193 199 200 
112
5 7 8 9 10 12 16 19 20 21 23 24 
25 27 28 29 30 32 34 35 39 40 41 43 
46 48 50 51 52 54 55 56 58 59 60 61 
65 66 67 71 73 75 78 79 80 82 83 85 
87 89 90 92 93 96 97 98 99 100 101 105 
108 109 112 113 114 116 118 124 125 126 128 129 
130 131 134 135 136 139 141 142 143 145 147 148 
150 152 153 154 156 159 160 161 162 165 166 169 
171 173 174 175 176 179 180 182 183 184 185 186 
191 192 197 200 
101
3 5 6 7 8 11 13 14 19 21 23 26 
27 28 30 34 37 41 42 43 44 45 47 49 
50 52 53 56 57 59 60 64 65 68 69 78 
81 82 83 84 85 86 87 89 92 93 94 95 
96 99 100 102 103 104 105 108 109 113 114 117 
119 120 122 125 126 128 130 131 133 137 138 139 
145 146 149 150 151 155 156 157 158 160 161 162 
165 166 168 169 170 171 179 180 181 182 183 186 
188 190 195 197 198 
112
2 5 6 9 13 14 17 18 19 20 22 23 
24 26 28 29 32 33 38 39 42 44 46 48 
50 51 53 54 59 60 62 65 66 68 69 70 
71 75 78 80 82 83 84 88 91 92 93 94 
97 99 100 101 102 103 106 107 109 117 118 119 
121 122 123 124 125 126 127 128 130 131 134 135 
138 139 140 144 145 146 147 148 152 153 155 156 
157 158 159 161 162 165 166 167 169 170 171 173 
175 176 178 179 185 186 187 188 189 190 191 192 
195 197 198 199 
96
1 2 6 9 10 12 14 16 21 24 26 28 
29 30 33 34 35 37 39 42 43 47 50 51 
53 54 55 56 59 60 61 62 63 64 66 69 
71 75 78 80 85 91 94 96 101 104 106 108 
109 112 114 116 122 123 127 129 132 134 135 141 
144 148 151 153 157 158 160 163 164 166 168 170 
171 172 173 174 175 176 177 178 179 180 181 183 
184 185 186 188 190 191 193 194 195 197 198 199 
95
1 2 3 4 5 7 10 12 13 14 15 16 
18 20 21 24 27 28 29 34 35 37 38 41 
47 49 50 52 54 56 58 63 66 69 70 71 
72 73 74 78 80 83 85 86 87 88 89 90 
94 95 96 98 102 103 105 106 109 116 118 123 
124 125 127 132 133 134 138 140 141 143 146 148 
152 154 155 156 157 163 164 165 171 173 174 176 
178 179 181 186 187 188 192 194 195 198 200 
106
1 2 3 4 6 9 11 12 14 15 18 19 
21 22 25 26 29 33 34 38 39 41 43 44 
45 46 47 53 54 56 57 61 63 64 69 70 
73 75 76 77 78 79 80 81 84 85 87 89 
91 93 94 96 98 101 102 103 106 112 113 116 
118 120 121 122 124 125 126 128 129 131 134 137 
138 139 142 143 146 148 151 152 153 154 155 156 
157 159 160 165 166 167 168 169 178 180 181 186 
187 188 190 191 192 193 194 195 199 200 
97
1 4 6 7 10 11 12 13 15 16 17 20 
22 23 24 25 27 28 29 30 32 34 37 38 
41 42 43 45 47 49 51 52 53 58 59 62 
63 65 66 68 70 71 72 75 79 80 82 84 
86 87 88 89 90 92 100 101 103 104 105 113 
117 128 130 131 136 137 143 144 145 146 147 148 
151 152 155 156 157 159 161 163 165 167 168 170 
172 174 175 176 178 179 181 184 188 189 193 196 
197 
99
1 2 3 7 14 19 22 24 25 27 29 31 
32 34 35 38 39 42 43 45 47 48 49 51 
52 54 55 56 57 58 63 64 66 71 74 75 
76 79 81 82 83 84 87 88 91 95 97 98 
101 103 105 106 108 110 112 113 114 117 119 120 
126 127 130 131 132 133 136 138 139 141 142 144 
146 148 152 153 154 157 159 160 162 165 166 167 
168 175 177 178 181 182 184 186 188 190 193 194 
196 197 200 
108
3 4 6 10 13 14 16 18 22 24 26 27 
29 30 32 34 36 37 38 41 44 45 46 48 
49 51 54 56 59 61 63 66 69 70 72 74 
75 77 84 85 86 88 89 90 92 93 94 95 
96 98 99 100 102 103 105 106 107 108 111 116 
117 118 119 120 123 126 128 129 131 132 133 135 
137 142 143 146 148 149 150 152 153 154 156 157 
158 159 160 161 163 165 166 168 170 171 175 176 
179 184 187 188 190 192 193 194 195 198 199 200 
97
1 3 4 5 6 10 11 14 19 21 25 26 
28 31 32 34 38 39 44 46 49 50 52 53 
54 56 58 61 63 64 67 68 69 70 71 74 
75 79 80 86 89 92 93 94 95 96 97 102 
104 106 108 109 110 111 113 114 118 119 121 124 
125 126 128 129 132 135 136 137 138 142 144 145 
146 147 148 150 156 157 160 161 163 164 171 173 
176 178 179 180 181 185 188 190 194 197 198 199 
200 
105
2 3 4 7 8 9 11 12 13 17 19 20 
21 22 24 25 28 31 32 34 35 36 40 42 
43 44 45 46 47 48 52 53 54 58 59 60 
62 63 68 69 71 77 79 80 83 87 89 90 
92 96 97 100 101 103 104 110 111 113 114 115 
119 120 121 127 129 131 133 134 135 140 142 144 
147 148 149 150 151 154 155 156 157 159 161 165 
167 168 169 171 173 174 175 179 180 181 182 183 
184 185 187 188 191 196 197 198 199 
97
1 2 5 7 8 12 15 17 18 21 22 27 
32 35 36 37 38 40 41 49 50 52 53 59 
62 63 65 67 68 72 74 75 77 78 79 81 
84 87 89 90 92 94 95 96 97 101 102 107 
108 109 112 113 114 115 119 120 125 126 127 131 
136 138 141 144 146 147 148 149 151 153 155 156 
157 158 159 162 165 167 168 172 173 176 177 178 
180 181 183 184 187 188 190 192 193 194 195 198 
199 
97
1 2 3 4 5 6 7 8 9 13 14 16 
17 18 22 23 24 26 27 28 32 33 36 38 
41 48 49 51 52 53 54 55 58 59 62 63 
64 70 74 75 76 77 79 80 81 83 86 87 
93 95 97 103 105 106 108 111 114 115 119 120 
125 126 129 131 132 133 134 136 137 139 141 144 
145 148 149 152 154 158 161 164 165 166 167 168 
170 173 175 176 177 179 185 188 191 195 197 198 
199 
107
5 6 9 10 11 12 13 17 20 21 26 27 
28 31 32 36 37 39 40 41 43 47 48 49 
53 57 64 65 66 67 68 69 74 76 77 78 
79 81 82 84 85 86 88 91 94 95 96 97 
98 99 101 104 105 107 108 111 113 114 115 116 
117 118 120 121 122 123 128 130 132 134 135 138 
139 140 142 143 145 146 147 148 149 153 155 157 
158 159 161 163 165 167 170 171 172 174 178 179 
180 181 182 187 189 192 193 195 196 198 200 
99
3 4 6 7 10 11 12 13 14 15 16 19 
21 22 25 27 30 34 36 40 42 44 46 47 
48 50 54 55 56 58 61 62 65 67 69 71 
72 75 76 77 78 81 82 83 84 86 89 91 
92 95 99 100 107 108 109 110 111 112 116 118 
120 121 127 128 131 133 134 135 137 140 145 148 
150 151 152 154 155 156 158 159 161 162 164 165 
166 167 169 172 173 175 181 182 186 188 189 190 
191 194 195 
93
1 3 4 9 10 11 16 17 19 23 27 28 
29 31 32 33 35 38 39 41 42 43 44 45 
46 47 51 54 60 65 69 73 76 77 78 80 
82 86 87 88 90 91 92 97 98 99 101 102 
103 105 106 107 108 109 111 112 113 114 115 116 
117 118 122 123 124 126 132 134 135 136 137 139 
141 148 149 150 153 157 159 160 165 168 169 178 
179 183 184 186 187 188 190 191 195 
86
1 3 7 11 12 18 20 22 24 26 28 30 
31 32 33 36 42 46 47 48 49 50 52 53 
54 57 58 60 65 67 70 71 73 74 75 82 
83 85 91 92 93 95 96 98 99 100 101 106 
110 113 114 117 119 123 124 125 128 134 136 141 
142 143 146 147 151 157 158 163 164 165 171 172 
174 175 176 177 179 180 182 183 188 191 195 198 
199 200 
104
2 4 6 7 8 9 10 11 14 15 16 17 
19 20 21 22 26 30 33 34 37 38 40 41 
42 43 46 49 50 51 53 54 55 56 57 59 
61 64 65 71 72 73 74 78 79 82 84 86 
87 94 95 100 102 103 104 108 111 112 113 117 
118 119 125 128 129 130 132 133 134 135 136 137 
139 144 145 146 147 149 150 152 155 156 158 159 
162 167 169 170 171 173 176 178 180 186 187 188 
189 192 193 195 196 197 199 200 
103
1 3 4 6 7 8 9 10 14 15 18 19 
20 25 28 29 31 35 36 37 38 40 43 44 
45 50 55 58 62 63 64 65 67 69 73 75 
76 77 80 81 84 85 86 87 90 91 92 93 
94 95 97 98 99 100 105 106 107 108 109 110 
112 113 114 115 117 119 121 122 124 125 127 128 
129 130 135 139 142 143 144 146 149 152 159 161 
163 164 165 166 171 172 177 178 179 180 181 185 
186 189 190 191 195 196 197 
100
2 4 6 8 11 12 15 17 18 19 20 21 
22 24 26 36 37 38 39 40 42 47 50 52 
55 57 58 59 60 61 64 67 68 70 73 78 
80 83 84 85 91 92 93 97 101 103 106 107 
110 111 117 119 121 122 124 125 126 127 128 132 
135 136 137 139 141 143 145 146 147 148 149 151 
152 153 155 157 158 161 164 166 168 169 171 173 
174 175 180 181 182 183 184 186 187 188 189 190 
193 195 198 199 
99
3 5 6 7 9 10 13 14 18 20 22 24 
30 31 35 37 38 39 42 43 44 45 47 51 
52 54 57 58 60 62 64 66 68 69 70 71 
72 75 76 77 81 82 83 86 90 91 94 95 
96 98 99 100 103 104 105 106 110 112 113 116 
120 122 123 124 128 134 135 138 139 140 144 145 
150 151 152 153 154 155 156 163 165 166 169 171 
172 174 178 182 183 184 185 186 187 188 190 193 
194 197 199 
101
1 5 6 9 10 12 13 14 16 18 22 24 
26 28 29 31 37 39 40 41 42 43 44 45 
48 53 55 58 62 65 66 69 72 73 76 77 
79 81 82 83 86 87 93 95 96 97 99 100 
102 103 108 110 112 113 114 115 116 122 124 125 
126 129 131 134 136 137 141 142 143 144 145 150 
152 153 155 157 159 160 162 163 165 167 168 172 
174 176 177 178 179 180 181 182 184 185 186 187 
188 192 197 199 200 
103
2 3 4 5 6 8 10 11 14 17 20 24 
25 26 33 34 35 36 38 46 47 48 50 51 
52 53 54 57 59 62 63 66 67 68 69 70 
71 72 73 74 75 76 77 80 87 88 89 91 
94 97 101 105 107 108 110 112 113 114 115 116 
121 122 123 125 128 129 130 131 132 133 134 139 
141 143 144 145 147 150 156 157 159 162 163 166 
169 170 171 172 174 178 179 180 181 185 186 188 
189 190 193 194 195 198 200 
93
3 4 5 6 9 21 23 25 27 29 30 32 
33 36 37 39 41 42 43 50 51 52 54 55 
58 60 61 63 65 66 67 70 71 72 73 76 
78 79 80 82 85 88 94 95 96 98 99 100 
101 103 105 107 108 109 110 112 114 118 123 124 
127 129 131 135 136 137 139 142 143 145 146 148 
150 151 152 154 156 161 163 164 165 166 175 180 
182 185 186 187 190 193 196 198 199 
94
1 3 4 5 6 11 13 15 17 19 20 21 
23 25 26 28 30 31 32 33 35 38 39 42 
45 46 47 49 50 53 56 57 58 65 66 70 
73 77 84 86 87 88 91 93 95 97 99 100 
101 105 106 108 110 112 113 118 124 127 129 131 
134 139 142 144 145 146 147 148 149 150 152 154 
155 157 159 160 162 166 168 172 175 177 178 182 
184 185 188 190 191 193 195 196 197 198 
106
3 9 10 11 12 13 17 18 19 20 21 24 
25 26 29 31 34 35 36 38 41 43 45 47 
48 49 53 54 55 58 65 66 67 68 69 72 
73 74 75 80 81 83 84 86 87 88 90 94 
96 100 101 103 105 107 108 109 111 112 113 114 
116 121 124 125 128 129 131 132 133 135 137 139 
140 145 147 148 151 152 153 155 158 160 161 165 
166 167 168 169 170 173 175 177 178 180 181 184 
185 188 189 190 192 194 195 196 199 200 
94
2 4 5 7 8 10 13 15 17 18 21 23 
29 31 32 39 40 43 44 48 49 53 60 61 
62 64 67 77 79 84 85 86 91 99 101 102 
103 105 106 107 108 111 112 113 114 116 118 119 
121 123 127 132 134 136 137 139 140 141 142 143 
145 146 147 148 149 150 152 154 155 156 157 158 
160 161 163 164 165 166 167 168 170 171 173 174 
178 180 183 184 185 187 188 193 197 200 
113
2 3 5 8 9 12 16 18 20 22 24 25 
26 28 29 30 34 35 36 37 39 40 45 48 
49 50 54 58 59 60 61 63 66 68 69 70 
72 73 74 75 76 78 79 82 87 88 89 91 
92 93 94 95 96 97 99 101 106 111 113 116 
117 118 119 121 123 124 125 126 127 129 133 135 
138 141 142 145 148 150 151 152 153 155 157 158 
161 162 165 166 168 172 173 174 175 176 177 178 
179 180 181 185 186 187 188 189 190 192 193 194 
195 196 197 199 200 
108
3 4 5 7 8 10 11 12 15 18 20 24 
25 26 28 29 32 36 37 38 39 40 41 43 
44 47 48 49 53 57 59 60 62 63 65 66 
68 72 73 80 82 83 85 87 88 89 91 92 
93 94 95 96 97 98 102 104 106 107 109 110 
111 112 115 116 117 118 119 120 122 124 126 127 
128 136 137 138 140 141 143 144 146 148 149 150 
154 155 156 157 159 168 170 171 172 174 176 179 
180 181 182 183 186 187 189 191 192 197 198 200 
101
1 2 5 7 8 12 14 16 17 20 22 23 
25 26 27 29 30 32 34 35 37 38 43 44 
45 48 50 51 52 53 55 57 58 59 60 61 
64 66 68 69 70 72 73 76 80 82 83 84 
85 86 87 88 89 90 92 94 98 102 103 105 
106 109 110 112 113 117 120 122 123 124 131 132 
134 137 138 141 142 145 146 149 154 155 165 166 
167 169 171 173 175 176 178 179 181 182 183 184 
185 186 188 195 196 
83
5 11 16 18 21 22 25 27 28 29 31 33 
35 36 40 43 44 45 46 48 49 50 51 52 
57 59 64 65 68 69 72 74 76 79 81 83 
86 87 90 96 98 101 103 105 106 108 118 121 
124 126 128 129 131 132 133 134 136 137 138 141 
145 147 148 152 154 158 159 160 163 172 175 180 
182 183 185 187 188 190 192 193 194 196 198 
105
2 4 5 6 7 8 10 11 12 13 15 16 
17 18 20 21 26 30 31 34 36 37 38 39 
40 41 43 44 45 46 47 48 50 51 52 54 
56 57 58 63 66 67 70 73 74 75 76 78 
80 82 84 91 96 97 100 102 103 104 105 106 
107 109 110 111 112 113 117 119 120 121 123 124 
126 127 129 140 141 143 144 145 147 149 151 152 
155 160 167 169 170 171 173 174 175 176 179 180 
182 183 184 187 190 191 192 195 198 
108
2 5 7 8 11 12 13 14 16 20 21 23 
25 26 27 28 30 32 35 37 39 40 41 42 
44 45 46 47 49 53 54 56 58 60 66 68 
69 71 73 74 78 83 84 85 90 91 93 94 
95 97 99 100 101 102 106 107 108 109 111 114 
117 118 119 121 122 123 124 127 128 129 131 136 
137 138 139 140 143 148 149 150 151 153 154 158 
162 163 164 166 167 176 177 178 179 182 183 185 
186 188 189 190 191 192 193 195 196 197 199 200 
98
2 5 6 14 15 16 20 22 24 26 30 32 
34 35 36 37 39 40 41 45 46 47 52 53 
54 55 57 58 59 62 63 65 70 71 72 75 
79 83 85 86 87 90 91 92 95 96 98 99 
100 101 102 103 104 107 111 112 114 116 119 124 
125 126 129 130 132 136 137 139 141 143 145 146 
148 149 151 153 154 156 157 158 161 163 164 167 
168 170 171 173 174 177 180 181 182 185 187 188 
197 199 
104
4 9 11 12 13 15 17 18 19 20 23 27 
28 31 34 35 44 45 47 48 49 54 55 57 
58 60 61 62 63 65 66 67 69 72 73 74 
78 80 81 83 85 87 88 89 91 92 94 95 
97 98 99 101 105 107 110 112 113 114 115 120 
121 122 125 126 129 130 132 133 134 136 138 140 
141 142 143 144 147 148 151 153 156 157 160 161 
162 163 165 167 168 169 171 174 178 179 182 183 
185 187 190 193 196 197 198 199 
91
2 3 6 9 11 16 19 20 22 25 26 27 
28 30 32 33 36 37 39 40 43 44 46 51 
53 54 55 56 58 59 62 71 72 73 74 77 
79 83 87 89 92 93 96 97 98 99 100 101 
106 110 112 116 119 120 121 123 125 130 131 132 
133 135 138 140 141 143 144 146 147 149 152 154 
157 158 162 164 165 166 170 172 177 179 182 183 
184 187 193 195 196 198 199 
98
2 5 6 7 9 10 13 14 15 16 17 19 
21 22 24 26 27 28 32 33 39 50 51 52 
54 55 57 58 59 60 61 62 64 65 70 71 
74 75 76 77 78 82 83 87 88 89 90 91 
94 98 100 104 105 108 111 113 114 116 118 119 
121 122 123 125 126 127 128 129 130 133 134 135 
139 140 141 142 143 149 150 151 155 156 162 165 
169 170 172 173 175 178 179 182 183 185 192 193 
196 200 
112
1 4 6 8 9 10 12 13 14 16 18 19 
20 21 26 27 29 31 32 34 35 36 37 39 
42 44 46 47 48 52 55 59 61 63 64 65 
66 70 71 75 76 80 83 84 85 88 89 90 
91 92 93 94 95 96 97 98 100 102 103 105 
107 112 115 119 120 121 122 123 124 125 129 130 
131 135 136 137 138 139 140 141 144 145 146 147 
148 151 152 153 156 157 159 161 162 166 169 171 
172 173 175 177 179 184 185 187 188 191 192 193 
194 195 196 197 
92
2 6 8 10 11 12 13 15 18 20 24 27 
31 33 35 36 37 38 41 42 43 46 48 50 
53 61 63 65 68 71 72 73 74 76 78 84 
85 86 87 90 94 99 100 103 104 108 109 110 
112 116 119 120 123 124 128 130 132 133 134 135 
137 141 142 143 144 145 147 148 151 152 154 155 
158 159 163 164 167 171 173 174 176 177 180 181 
185 189 191 192 196 197 199 200 
89
2 3 4 5 8 10 12 14 15 19 20 23 
26 30 31 32 38 43 45 52 53 55 61 66 
69 71 72 74 81 82 83 85 87 89 91 94 
96 98 99 100 105 112 113 117 118 120 123 124 
125 127 129 131 132 135 137 138 139 142 143 145 
146 147 149 150 152 153 157 158 159 160 161 162 
165 166 167 168 170 171 172 178 179 184 186 187 
188 190 192 196 200 
99
1 5 7 9 10 11 16 17 18 19 20 23 
24 26 31 32 33 43 44 48 49 50 52 55 
56 58 59 62 64 65 66 67 68 71 76 77 
79 81 83 84 85 86 92 94 96 97 98 100 
103 105 107 110 112 115 117 118 121 122 123 126 
130 131 132 134 135 136 137 138 140 143 144 145 
146 147 148 150 152 154 160 161 163 165 166 168 
171 172 174 175 176 178 179 180 183 185 187 190 
192 195 199 
103
1 3 5 6 7 9 10 11 14 16 18 21 
22 25 26 30 31 35 39 42 43 47 51 54 
55 58 59 60 61 65 66 67 71 73 74 76 
77 78 81 83 85 86 87 90 92 95 96 98 
99 100 102 104 105 108 109 111 113 114 117 118 
119 123 126 128 129 130 131 134 135 136 137 138 
139 141 142 143 144 145 146 147 148 151 153 155 
156 158 160 167 168 169 171 173 177 178 180 181 
186 188 190 191 196 199 200 
97
4 13 21 23 27 28 29 31 34 36 37 38 
41 42 45 46 47 49 55 56 57 59 60 61 
63 65 67 68 70 73 75 77 78 80 83 84 
85 86 90 91 92 93 100 104 105 107 108 109 
111 114 115 116 117 119 120 122 123 124 125 126 
128 130 131 132 135 137 141 143 145 148 150 151 
152 153 154 155 159 161 162 164 166 167 168 170 
174 176 178 181 182 186 187 188 189 191 198 199 
200 
90
2 3 6 7 8 9 11 13 14 15 17 18 
22 24 26 28 32 34 37 47 48 50 51 54 
57 62 63 64 65 67 71 73 74 76 77 78 
80 81 83 89 92 96 98 99 100 103 106 107 
110 111 113 115 117 118 120 123 124 126 128 129 
135 136 144 147 149 150 157 158 159 160 161 163 
167 168 169 170 171 172 175 177 178 180 183 187 
188 190 191 192 193 197 
98
6 7 13 15 16 17 18 20 21 23 25 28 
30 33 34 35 39 40 42 45 47 48 49 51 
52 53 58 59 62 64 67 73 75 76 79 81 
85 86 87 89 91 92 93 95 98 99 101 102 
103 104 105 106 108 109 111 113 115 119 121 123 
124 126 127 130 131 135 138 145 146 151 152 155 
156 157 160 161 163 164 166 167 168 170 171 173 
174 175 176 177 180 182 188 191 192 194 195 196 
197 200 
96
1 2 4 6 7 10 11 21 24 25 28 31 
32 33 40 42 43 44 45 46 50 53 55 57 
58 60 62 64 65 66 67 69 70 71 73 74 
75 77 78 81 92 96 97 99 102 103 104 106 
109 110 111 113 114 116 117 118 121 123 124 129 
130 131 132 134 135 136 145 146 147 149 150 151 
152 155 158 162 164 165 168 170 171 172 173 175 
176 178 179 183 185 186 190 191 192 193 195 200 
97
1 2 4 5 6 7 10 11 12 13 14 16 
18 28 29 32 33 39 40 41 42 43 44 45 
46 51 53 56 57 62 63 64 65 66 70 73 
76 77 78 79 80 81 85 86 87 89 92 93 
94 95 96 97 101 102 103 105 107 108 110 120 
122 126 127 128 129 130 131 134 137 139 140 141 
142 143 144 147 149 151 153 154 155 157 159 161 
162 171 173 176 181 182 185 187 188 192 196 197 
199 
99
1 3 5 6 7 10 15 16 18 19 20 23 
26 28 30 31 32 33 35 41 44 46 52 54 
57 59 60 61 63 66 68 69 70 76 79 81 
82 83 86 90 92 93 95 96 98 102 104 108 
109 111 114 115 120 123 124 125 126 127 129 131 
132 133 134 135 136 137 138 139 141 142 145 147 
148 149 150 152 155 159 165 168 169 170 171 173 
174 178 179 180 181 183 184 185 187 190 195 196 
197 198 199 
109
2 3 4 5 7 8 9 10 11 13 14 15 
20 22 25 26 28 29 30 32 33 35 38 39 
45 48 50 52 53 58 59 65 66 69 70 72 
73 74 75 76 77 78 80 83 87 89 90 91 
93 94 98 100 101 102 104 105 107 109 112 113 
114 115 117 120 121 122 124 125 126 127 129 132 
134 136 144 145 146 147 148 149 151 152 155 157 
158 161 162 163 164 165 166 169 170 171 172 173 
174 175 176 181 183 184 185 186 189 191 195 196 
200 
100
2 5 6 8 9 10 12 13 16 17 18 20 
23 24 30 31 32 33 35 42 43 46 47 51 
52 55 57 58 62 65 67 68 69 70 71 74 
75 77 78 79 81 82 87 93 94 95 98 99 
105 109 110 111 113 114 115 117 119 120 121 124 
125 129 131 132 135 137 138 139 140 142 143 145 
146 147 149 152 153 154 155 156 158 159 160 162 
166 170 172 173 174 177 182 183 185 186 189 192 
193 195 198 200 
102
2 3 4 5 9 10 11 15 19 21 23 24 
25 26 28 29 30 33 35 38 39 41 45 46 
50 51 52 54 56 58 59 60 65 66 67 68 
69 70 71 73 74 75 77 79 87 90 92 93 
98 99 101 103 104 107 110 113 114 115 117 119 
120 121 122 123 124 127 130 131 132 133 135 136 
137 138 139 140 144 145 146 148 150 152 153 154 
156 159 161 162 166 167 168 170 172 174 176 177 
178 185 193 196 197 199 
103
1 2 3 6 7 8 9 11 16 18 22 24 
25 26 27 29 32 33 36 42 43 45 46 47 
52 53 55 56 57 60 62 63 64 65 69 72 
74 80 81 82 83 85 86 87 88 91 92 95 
99 101 103 104 105 108 109 110 114 115 116 119 
122 123 124 126 127 128 131 133 134 135 136 138 
139 140 142 144 145 147 152 156 161 163 164 165 
166 167 173 174 175 177 178 179 180 181 183 184 
187 188 189 193 195 196 198 
95
1 6 8 10 12 15 17 18 24 26 27 28 
31 32 33 34 35 36 37 38 41 43 44 45 
48 52 54 58 59 63 65 68 69 74 77 78 
80 81 82 83 87 89 90 91 92 95 97 98 
99 100 104 105 106 107 114 115 119 120 122 125 
126 129 131 135 136 138 140 143 146 150 152 153 
155 156 159 160 164 165 166 167 170 172 174 175 
177 178 182 184 186 187 190 191 195 198 199 
107
1 3 4 5 6 7 8 9 13 14 15 16 
17 22 26 29 30 31 34 40 41 42 44 45 
47 48 49 50 55 61 63 64 67 68 71 72 
73 74 75 76 78 79 81 83 84 85 86 87 
88 91 92 93 94 95 96 97 98 99 101 103 
108 110 111 113 117 124 125 130 132 134 135 141 
142 143 146 147 148 149 152 153 154 158 159 160 
162 163 164 167 168 169 170 175 177 178 180 183 
185 186 187 189 190 192 193 194 196 198 199 
111
1 2 3 4 11 14 18 19 21 22 23 24 
25 27 28 31 33 34 35 36 39 40 41 42 
44 45 46 47 48 51 52 53 54 55 56 57 
60 63 65 66 67 69 70 72 73 74 76 79 
80 81 84 87 88 89 94 95 97 99 100 101 
108 109 113 114 115 116 117 119 124 125 128 131 
133 137 138 141 143 144 145 146 147 149 150 153 
156 157 158 159 165 166 167 170 172 173 176 177 
178 179 180 181 183 186 188 190 191 193 194 195 
196 198 200 
103
4 5 6 7 8 9 11 14 15 18 19 21 
22 23 24 25 27 28 29 30 31 33 35 39 
42 43 44 46 48 51 53 54 55 57 59 61 
63 64 67 68 69 72 73 80 81 82 84 85 
86 91 99 101 102 103 105 110 111 113 114 117 
121 122 124 125 126 127 133 134 138 139 142 145 
146 150 153 155 157 158 159 160 161 164 165 166 
168 169 170 173 176 177 178 183 184 185 186 187 
188 189 191 194 196 197 200 
92
1 3 4 5 6 8 10 12 13 14 22 23 
24 25 27 29 33 38 41 48 49 51 55 57 
58 63 67 68 72 77 80 81 82 84 85 86 
88 89 91 93 96 97 99 100 101 102 103 108 
109 112 113 115 116 118 119 120 123 126 128 131 
132 134 135 137 144 146 147 149 154 155 156 157 
160 162 164 165 168 169 171 174 176 177 178 180 
182 183 184 188 193 197 199 200 
