100 200
1 1 1 1 1 1 1 1 1 1 1 1 
1 1 1 1 1 1 1 1 1 1 1 1 
1 1 1 1 1 1 1 1 1 1 1 1 
1 1 1 1 1 1 1 1 1 1 1 1 
1 1 1 1 1 1 1 1 1 1 1 1 
1 1 1 1 1 1 1 1 1 1 1 1 
1 1 1 1 1 1 1 1 1 1 1 1 
1 1 1 1 1 1 1 1 1 1 1 1 
1 1 1 1 1 1 1 1 1 1 1 1 
1 1 1 1 1 1 1 1 1 1 1 1 
1 1 1 1 1 1 1 1 1 1 1 1 
1 1 1 1 1 1 1 1 1 1 1 1 
1 1 1 1 1 1 1 1 1 1 1 1 
1 1 1 1 1 1 1 1 1 1 1 1 
1 1 1 1 1 1 1 1 1 1 1 1 
1 1 1 1 1 1 1 1 1 1 1 1 
1 1 1 1 1 1 1 1 
98
2 6 7 10 13 14 15 16 18 19 20 22 
23 24 26 31 34 37 38 39 40 43 44 50 
51 54 55 56 60 65 68 69 72 75 77 78 
87 89 92 93 94 99 100 101 102 103 104 106 
109 110 111 112 113 116 118 119 120 122 124 125 
129 134 136 141 142 146 147 152 153 155 156 157 
158 159 160 161 162 163 164 165 167 170 172 175 
176 178 180 183 184 185 189 190 193 194 195 196 
199 200 
95
1 3 5 6 10 12 13 16 17 18 20 22 
25 29 30 31 34 35 37 38 39 43 46 47 
48 49 50 51 52 53 55 56 58 59 60 62 
63 64 66 67 72 73 74 77 78 82 88 90 
94 96 97 104 106 108 111 114 116 121 126 130 
131 136 137 138 139 142 144 146 147 148 152 153 
155 156 157 159 160 161 162 163 164 167 170 173 
175 177 180 184 186 187 189 194 197 199 200 
104
2 3 5 6 8 9 10 13 15 18 19 21 
23 26 27 30 32 35 39 40 41 43 44 48 
49 50 51 52 53 55 56 57 61 62 64 67 
69 73 74 75 76 77 83 85 86 87 88 89 
90 91 93 94 103 107 110 111 113 114 115 116 
118 119 121 125 126 131 132 133 134 136 139 140 
143 144 145 146 152 155 158 159 160 161 164 168 
171 173 175 177 178 184 185 186 187 188 189 190 
191 192 194 195 196 198 199 200 
100
1 5 6 8 10 11 21 26 32 34 37 38 
47 49 53 54 55 57 59 60 64 65 68 69 
71 73 75 78 79 80 81 84 87 88 89 92 
94 95 96 98 99 100 102 104 105 106 107 112 
115 116 117 118 119 120 121 124 126 127 128 131 
132 133 136 137 139 141 142 143 146 147 151 152 
153 155 156 157 158 159 161 162 166 167 168 169 
170 172 173 174 175 176 177 178 182 189 191 192 
193 197 199 200 
104
2 6 10 13 15 17 18 19 20 21 22 24 
26 29 30 31 33 38 39 40 43 46 51 52 
58 60 62 64 65 70 72 76 77 78 80 81 
83 85 86 87 88 89 91 93 95 96 98 104 
106 108 111 112 113 115 116 118 120 121 122 124 
127 129 132 133 137 138 141 142 145 146 147 148 
149 150 152 154 156 157 160 161 163 164 165 167 
168 170 171 173 175 176 177 179 180 182 184 185 
186 187 189 193 194 195 198 199 
97
3 6 7 8 11 13 14 15 18 19 20 23 
25 27 29 30 33 35 37 38 39 40 41 44 
45 46 47 49 50 52 53 56 57 60 61 63 
65 66 67 71 75 76 79 80 81 85 87 88 
90 91 92 95 97 99 100 103 104 111 112 114 
118 120 124 126 127 134 135 141 142 144 150 153 
156 157 162 163 165 166 170 171 175 176 177 178 
179 180 181 182 185 186 190 192 193 194 195 196 
198 
101
1 2 3 5 6 8 10 12 13 17 18 19 
20 23 27 28 29 30 34 36 40 42 44 46 
47 48 50 51 53 58 59 63 65 66 70 73 
74 76 77 79 81 83 84 87 90 91 92 93 
94 96 101 103 107 110 111 112 114 116 120 125 
126 128 129 131 132 135 137 143 144 145 146 147 
148 152 153 154 158 159 160 161 163 166 170 171 
175 179 180 184 185 186 187 188 191 192 194 195 
196 197 198 199 200 
96
1 2 3 4 6 8 11 14 16 18 23 25 
26 27 28 29 30 34 36 37 38 39 40 41 
43 44 45 46 52 53 55 56 57 58 60 61 
62 65 66 67 75 80 81 84 87 88 92 93 
94 97 99 100 101 103 104 105 107 108 109 111 
113 114 117 120 121 122 128 130 132 134 137 139 
140 141 147 150 152 153 157 165 168 170 173 177 
178 179 180 182 183 187 190 192 193 194 195 199 
95
3 4 5 6 7 10 11 15 19 20 21 22 
25 26 27 32 34 35 37 41 42 43 52 53 
56 59 60 65 66 68 70 72 73 77 78 79 
81 87 88 89 90 93 96 98 103 104 108 111 
112 113 115 116 117 118 119 120 122 123 124 130 
134 135 136 140 142 143 144 147 148 149 150 152 
154 155 156 157 158 161 163 164 165 171 176 177 
178 180 181 182 183 184 191 192 194 195 198 
98
2 3 8 11 12 16 18 19 22 23 24 25 
26 28 31 32 35 39 43 45 46 47 50 51 
53 57 58 59 61 63 68 69 70 74 76 78 
79 80 81 82 83 86 87 88 89 90 91 92 
96 97 98 101 102 104 109 111 112 113 117 119 
120 121 123 124 125 126 132 141 142 143 145 147 
148 150 154 155 157 158 160 162 165 166 167 170 
171 173 174 177 178 179 182 185 186 190 192 195 
196 198 
118
2 4 5 9 10 13 16 17 18 20 21 22 
23 24 25 26 27 30 32 33 34 35 36 37 
38 42 44 46 50 51 52 56 58 59 60 61 
63 65 66 67 68 71 74 75 76 77 79 80 
82 83 85 86 87 88 91 95 99 100 103 104 
106 107 108 109 110 111 115 117 118 119 121 124 
125 128 129 130 133 134 135 136 137 139 140 141 
142 143 144 146 147 148 151 152 153 157 161 164 
165 166 167 169 170 171 172 173 174 181 184 188 
189 190 191 192 194 195 196 197 198 200 
95
2 3 4 7 12 13 14 15 18 19 21 23 
24 27 30 33 34 36 37 38 42 47 49 50 
54 55 56 57 58 59 61 71 73 75 76 78 
80 85 87 89 90 91 96 97 98 100 101 102 
107 108 110 111 114 115 116 123 124 126 128 129 
133 137 139 141 142 146 147 150 155 156 157 160 
162 163 165 168 169 171 176 177 178 179 180 181 
182 183 184 185 186 187 190 191 196 197 200 
114
1 3 4 8 9 10 11 13 16 18 19 22 
23 24 26 28 29 31 33 34 35 36 40 41 
42 43 44 46 47 48 49 50 52 53 54 55 
57 58 59 61 63 64 65 66 67 68 71 72 
76 78 80 81 83 84 85 87 88 90 91 94 
96 97 98 101 102 103 105 107 114 116 117 118 
119 120 121 122 123 126 127 129 134 135 141 142 
145 148 149 152 153 155 160 161 162 165 167 168 
169 170 173 174 177 180 181 182 185 187 188 189 
190 193 194 196 197 198 
85
1 2 5 6 8 10 17 19 24 26 27 38 
40 41 43 47 48 51 52 54 55 58 59 60 
63 64 65 66 70 71 73 74 78 83 85 87 
88 91 93 94 96 97 99 100 101 102 103 104 
105 106 108 109 112 114 116 118 120 122 124 125 
127 129 134 135 136 137 142 144 151 154 159 160 
163 164 168 169 173 174 175 178 182 184 197 199 
200 
105
1 3 4 5 7 8 10 12 16 17 18 21 
22 24 28 29 30 33 40 43 44 45 47 49 
52 53 54 56 60 62 63 64 65 66 72 75 
78 80 86 90 91 92 95 96 101 102 103 104 
105 106 107 109 110 111 115 116 118 123 124 129 
130 131 132 134 135 136 139 141 143 144 145 146 
147 150 151 152 153 155 156 159 161 166 169 170 
172 173 174 175 177 178 179 180 182 185 186 187 
189 191 192 193 195 196 198 199 200 
93
1 5 6 7 13 14 15 16 21 26 32 33 
34 36 39 40 42 43 44 45 46 49 50 51 
53 56 60 61 64 65 67 68 69 70 76 77 
80 81 82 84 86 87 89 90 94 96 97 99 
102 103 106 108 109 112 113 115 118 119 120 121 
122 126 130 133 134 137 138 143 147 149 150 151 
152 161 162 163 165 166 169 174 179 181 182 184 
185 187 188 189 191 193 194 195 200 
100
2 4 5 6 8 11 13 16 17 18 19 21 
22 23 24 25 27 30 31 32 33 35 36 41 
43 46 50 52 54 57 58 59 60 63 67 68 
71 73 74 76 77 80 87 88 91 92 95 96 
97 101 103 104 105 106 108 109 111 115 116 117 
122 123 128 129 130 131 132 136 137 140 141 145 
149 150 153 154 155 163 165 166 167 169 170 171 
172 173 174 175 177 178 180 181 182 183 184 185 
189 193 199 200 
110
1 4 5 8 10 12 14 15 17 19 20 22 
24 25 26 27 29 30 32 33 34 35 40 41 
43 44 45 46 47 50 53 55 56 57 58 59 
60 61 63 64 66 71 72 74 76 77 79 82 
83 84 85 88 89 91 92 94 95 96 97 100 
103 104 105 106 109 112 114 115 116 118 123 128 
129 130 131 133 134 135 137 138 139 143 144 150 
151 152 155 156 159 162 165 170 172 173 177 178 
179 180 183 185 187 188 191 192 195 196 197 198 
199 200 
111
1 2 4 5 6 9 10 11 13 14 15 20 
21 22 26 28 29 32 33 34 35 36 38 41 
44 45 47 48 49 52 54 57 58 59 62 64 
65 66 68 69 70 73 74 75 77 80 82 84 
85 87 93 95 96 97 102 103 104 106 107 108 
109 110 111 113 114 116 118 119 121 123 124 127 
128 129 130 131 135 136 139 140 142 143 144 145 
146 150 151 153 159 160 161 163 165 167 168 169 
170 171 172 175 177 179 180 182 184 187 189 193 
195 197 199 
113
1 2 5 13 20 21 22 25 26 29 30 31 
32 33 34 35 36 37 38 41 42 43 44 47 
50 51 55 56 57 59 61 64 65 66 68 69 
70 71 72 73 74 75 76 79 83 84 85 86 
87 88 92 93 94 96 97 98 99 100 101 102 
104 106 107 110 111 115 116 117 119 121 123 124 
126 127 130 131 136 138 139 142 143 145 146 148 
149 150 152 154 155 156 158 161 163 164 165 167 
169 171 172 175 176 177 179 180 182 186 189 192 
193 197 198 199 200 
87
2 4 7 8 10 12 13 16 18 20 25 26 
28 32 35 37 38 40 43 44 46 47 48 49 
52 53 56 58 59 61 68 71 72 73 74 83 
84 87 88 89 94 95 105 109 111 112 117 119 
120 121 122 123 126 127 129 131 132 133 136 137 
138 140 142 146 155 157 158 159 161 162 163 166 
167 173 176 179 188 189 190 191 192 195 196 197 
198 199 200 
95
1 3 6 11 12 13 17 18 21 22 25 26 
27 29 32 34 36 37 40 41 43 44 46 49 
54 55 56 57 68 70 72 77 79 80 83 89 
95 96 97 98 99 101 104 106 109 110 112 113 
114 116 118 120 121 123 125 126 127 128 130 132 
133 134 138 140 141 145 148 151 152 153 156 157 
158 159 162 163 166 168 169 170 171 173 174 176 
177 178 181 183 184 190 191 193 194 196 198 
96
3 7 9 11 13 15 17 18 20 21 24 26 
27 28 31 32 33 38 40 41 42 44 50 52 
56 57 61 62 63 65 68 71 72 75 77 81 
83 85 86 88 89 90 91 92 94 95 96 97 
103 104 105 107 108 110 111 113 115 117 118 120 
123 126 127 130 131 132 133 141 142 144 146 147 
149 151 154 157 158 159 160 164 165 166 168 170 
171 173 179 180 182 184 187 189 191 196 197 199 
103
1 2 3 7 9 14 19 20 23 25 29 30 
31 34 35 36 37 39 42 44 46 47 49 50 
52 54 56 57 59 60 63 64 67 68 69 70 
72 73 74 76 79 80 81 82 83 87 89 91 
92 93 94 95 96 97 98 104 105 106 108 109 
110 112 113 114 116 117 124 126 127 130 134 137 
138 139 140 142 144 147 148 150 152 154 157 159 
160 162 165 166 167 168 171 174 175 180 181 187 
191 193 194 195 197 199 200 
99
2 3 5 6 8 9 11 13 15 16 18 19 
23 24 27 32 33 34 35 36 37 38 39 41 
42 45 46 48 49 56 59 60 62 66 69 73 
76 77 78 80 84 85 86 89 91 93 94 95 
98 99 101 102 104 106 109 111 112 118 120 121 
124 126 127 128 133 136 137 139 141 143 145 146 
147 148 153 157 158 162 164 165 166 168 172 174 
175 177 178 179 180 186 187 190 191 193 195 196 
197 199 200 
91
1 3 6 12 15 16 18 21 23 24 25 31 
33 35 36 37 38 40 41 45 46 50 52 57 
59 61 62 66 69 70 72 75 76 77 78 79 
83 85 87 91 92 94 95 97 98 99 101 112 
116 118 119 120 121 122 124 125 129 130 135 136 
137 138 139 141 142 143 151 156 157 158 160 164 
166 168 170 171 174 175 176 177 178 179 181 185 
191 194 196 197 198 199 200 
101
1 3 4 5 6 7 9 13 14 16 18 24 
25 27 30 31 32 33 34 37 39 40 41 42 
45 49 50 52 54 55 57 58 59 62 63 65 
66 71 78 79 81 85 87 88 93 94 97 99 
101 106 108 111 112 114 118 120 122 123 128 129 
131 132 133 135 137 138 139 140 145 152 153 154 
155 156 157 159 160 161 165 166 168 169 172 175 
178 180 182 183 184 185 187 188 189 190 191 192 
193 196 197 198 199 
99
1 2 5 6 9 10 11 16 17 18 19 22 
23 25 28 30 31 32 33 34 35 37 40 41 
43 45 46 50 53 57 58 61 62 63 70 75 
76 79 80 82 83 85 99 100 101 104 105 106 
108 111 112 113 114 115 116 117 119 121 122 123 
129 130 133 136 138 139 140 142 143 144 145 146 
149 150 151 152 153 154 155 159 162 163 164 167 
174 177 178 180 182 183 184 185 187 188 190 191 
192 197 200 
100
2 3 7 10 12 14 15 17 18 19 26 27 
28 32 35 39 40 44 48 52 53 54 58 60 
61 62 63 64 65 68 70 71 72 75 76 78 
82 83 85 86 88 89 94 96 98 99 100 101 
103 106 108 109 112 114 115 118 121 122 123 127 
128 129 130 135 136 139 140 142 143 144 145 146 
149 151 152 155 158 160 161 163 164 165 170 171 
175 177 178 179 186 188 189 190 191 192 193 194 
196 197 198 199 
98
1 3 5 7 10 12 13 14 15 16 17 18 
20 23 24 25 26 27 28 30 35 38 39 41 
42 43 45 46 52 54 55 57 58 59 60 64 
65 68 74 77 79 82 83 88 90 91 98 102 
103 107 108 110 112 114 115 116 119 123 126 127 
129 130 132 134 139 141 145 148 149 151 154 155 
156 159 162 163 165 168 169 170 171 173 174 175 
176 178 180 182 184 187 188 191 194 196 197 198 
199 200 
103
2 4 5 6 7 8 9 12 15 17 18 19 
20 22 24 25 29 30 33 34 36 37 39 40 
45 46 47 49 51 52 56 57 58 59 60 61 
62 70 73 74 75 76 77 78 79 80 82 83 
84 89 91 94 95 97 98 99 100 101 103 107 
108 109 112 113 114 116 118 119 120 121 124 126 
128 132 136 139 144 145 148 149 150 151 155 156 
157 160 161 162 172 174 175 176 177 178 181 185 
186 188 192 194 195 196 199 
102
2 6 7 8 12 13 15 20 21 22 23 24 
25 26 28 30 32 33 34 35 36 37 40 44 
48 51 52 53 56 57 59 60 64 65 66 70 
71 72 73 74 75 76 77 82 86 87 88 89 
90 91 92 95 97 98 100 103 108 109 110 111 
115 119 122 123 125 126 128 130 132 135 140 141 
142 145 146 148 152 153 154 155 156 161 162 165 
166 167 169 170 174 176 178 180 182 183 187 191 
192 195 196 197 199 200 
96
2 3 11 13 16 17 18 20 21 22 23 29 
32 33 37 38 39 40 41 42 46 47 48 50 
51 55 56 59 60 61 62 63 64 67 68 73 
74 77 82 84 85 86 87 88 90 92 95 96 
98 100 101 104 105 106 110 112 113 114 116 117 
118 119 120 121 122 126 127 128 133 135 137 138 
139 142 143 145 146 148 150 152 154 155 157 162 
165 170 172 179 182 183 188 191 194 197 198 200 
91
1 4 8 10 15 16 17 18 19 21 24 26 
28 31 33 34 36 37 38 40 45 47 51 52 
60 63 64 66 68 71 72 74 75 76 83 84 
85 91 92 94 95 97 98 101 102 103 106 108 
109 115 120 126 127 129 131 133 134 135 136 137 
138 140 141 147 148 150 152 157 158 161 162 163 
164 165 166 170 171 172 173 174 176 179 185 186 
187 188 189 193 194 197 198 
93
1 2 4 5 10 12 13 15 21 27 28 30 
32 33 34 36 37 38 40 41 42 43 45 51 
55 57 58 60 63 65 71 72 74 76 79 82 
86 87 89 92 93 97 98 101 103 104 110 113 
114 117 118 119 123 125 126 127 129 131 133 134 
136 137 140 141 143 144 146 148 151 153 155 156 
158 159 163 170 172 174 177 179 181 182 183 184 
185 186 188 190 191 196 197 198 200 
101
2 3 7 10 13 15 16 21 23 25 26 29 
31 32 33 34 36 37 38 39 40 41 42 46 
49 50 52 53 55 57 58 59 60 66 69 70 
71 72 74 75 76 77 78 79 80 81 82 84 
86 91 92 95 97 99 100 102 103 105 106 107 
109 110 111 113 115 116 118 120 121 124 125 131 
132 133 135 136 138 140 144 146 147 148 149 150 
152 157 164 166 167 170 173 176 178 180 186 187 
191 193 196 199 200 
106
5 9 10 13 17 18 20 22 23 25 26 28 
29 32 33 34 35 36 37 38 43 45 46 49 
50 51 56 59 60 62 63 67 69 70 71 72 
75 77 78 79 82 84 85 86 87 88 89 91 
95 96 98 99 104 105 106 111 112 113 114 115 
116 117 123 127 129 132 133 134 136 137 138 139 
141 142 143 144 145 148 149 156 157 158 159 160 
161 162 163 165 166 167 169 170 174 176 177 178 
180 181 183 184 190 191 192 194 197 200 
102
2 5 10 11 12 15 20 21 22 23 24 25 
26 28 29 35 39 40 41 42 43 45 46 50 
52 54 57 59 60 61 62 66 68 69 73 74 
75 79 80 81 83 88 89 92 94 95 97 100 
101 102 108 110 111 112 113 114 116 117 119 121 
122 123 125 126 127 128 129 130 133 135 136 139 
140 142 144 145 146 150 151 152 155 156 159 160 
163 164 165 167 168 169 171 173 175 178 179 180 
181 183 187 189 196 197 
91
4 9 10 11 17 23 27 31 32 36 37 38 
39 42 43 45 46 47 48 49 50 57 58 60 
61 62 63 64 65 67 71 72 75 77 78 82 
85 86 87 94 99 102 103 104 105 106 108 109 
114 115 117 119 120 121 122 123 125 127 128 129 
130 132 133 134 135 136 137 139 146 148 151 152 
153 155 159 162 165 166 170 172 173 180 181 183 
186 190 191 192 193 194 197 
97
1 3 5 8 9 12 14 15 16 17 18 21 
22 23 25 26 30 31 32 33 34 36 39 41 
42 44 45 46 48 53 54 56 57 59 61 64 
70 72 74 75 79 80 83 85 86 88 89 90 
99 101 102 107 108 112 113 114 115 116 117 121 
122 125 126 129 130 131 132 133 138 143 144 145 
146 149 151 153 155 162 163 166 172 174 175 179 
180 181 182 183 184 189 190 191 193 194 196 199 
200 
94
1 2 8 13 18 19 22 23 26 28 29 30 
33 36 38 42 43 44 45 48 50 51 53 56 
57 60 63 65 72 73 74 75 76 79 81 82 
83 84 85 88 93 95 96 97 98 99 100 102 
103 104 106 114 116 118 119 123 124 125 126 127 
128 132 133 135 139 140 143 144 145 147 151 153 
154 156 157 163 164 168 169 170 174 175 178 179 
180 183 184 188 189 190 191 195 197 198 
90
2 5 9 12 13 19 21 24 25 27 35 37 
39 40 44 46 49 50 51 53 54 55 56 57 
58 61 64 65 71 72 73 74 75 77 78 80 
89 92 94 95 96 97 98 99 100 101 102 108 
111 113 117 118 122 123 125 126 128 130 132 133 
135 136 143 144 146 149 152 153 154 156 158 160 
162 164 168 169 170 172 175 176 178 179 183 184 
190 191 192 193 194 195 
102
3 4 5 7 8 9 10 11 12 13 15 18 
20 23 24 25 27 30 33 34 38 39 41 44 
53 54 59 60 61 63 64 65 66 68 71 74 
76 77 78 79 80 82 83 84 87 89 90 93 
96 98 99 101 103 108 109 110 113 114 116 119 
122 123 124 125 126 132 133 135 137 138 141 143 
145 147 148 149 152 154 157 158 159 160 163 164 
168 170 174 177 178 181 182 183 188 189 190 192 
194 196 197 198 199 200 
89
2 3 4 5 6 7 14 19 20 21 22 27 
29 31 35 42 46 47 48 49 51 53 54 56 
60 61 64 68 71 72 75 78 86 87 90 92 
97 99 102 105 106 107 108 109 110 111 112 113 
115 117 119 121 122 123 125 126 127 131 134 135 
143 144 148 150 152 155 157 160 161 164 166 167 
168 169 170 172 173 174 176 177 179 183 187 189 
190 193 194 197 200 
96
1 2 4 5 6 7 12 15 18 24 26 27 
28 29 30 31 33 37 40 42 44 46 47 49 
55 57 60 66 67 68 69 71 72 73 74 78 
85 86 88 90 91 92 95 98 100 102 105 108 
109 111 112 114 115 117 119 126 128 130 131 132 
133 135 137 138 140 141 142 143 144 149 157 159 
160 161 164 165 167 168 169 170 171 176 177 178 
180 183 184 188 189 190 194 195 196 197 199 200 
99
2 3 8 9 10 11 16 17 18 19 20 23 
24 25 27 28 33 34 35 37 41 43 44 45 
47 49 50 52 55 56 57 58 60 62 63 64 
66 78 79 80 82 83 84 85 86 89 93 94 
96 100 101 102 103 104 106 109 112 113 115 116 
118 120 121 125 126 127 128 129 132 136 137 138 
139 140 145 147 149 150 151 152 154 157 158 159 
161 162 164 166 167 173 175 179 181 182 186 191 
195 197 198 
97
2 3 5 7 11 14 16 24 25 26 27 28 
30 33 35 36 37 38 39 45 48 49 50 51 
53 55 56 57 59 60 61 62 63 64 68 69 
73 74 77 79 83 86 87 89 90 91 94 96 
97 98 99 100 101 102 106 110 111 112 113 116 
118 119 121 124 125 127 130 132 133 134 136 137 
138 139 141 145 150 153 156 157 163 164 167 173 
174 177 181 186 189 191 192 193 195 196 197 198 
199 
106
2 3 5 10 11 13 15 16 17 19 20 21 
22 27 30 31 32 33 34 37 39 41 42 43 
46 48 50 51 52 53 54 56 58 59 60 62 
65 66 67 69 70 71 75 78 82 83 85 90 
93 101 102 103 109 110 113 114 116 117 118 119 
122 123 126 128 129 132 133 134 135 138 139 141 
144 145 146 147 150 151 152 153 155 156 157 158 
159 166 167 170 171 174 175 176 177 178 182 183 
184 185 188 189 190 192 193 196 197 198 
94
2 3 5 8 9 12 21 24 28 29 34 35 
36 37 40 42 44 45 49 52 53 54 55 56 
58 59 64 66 67 70 76 78 81 83 84 85 
86 87 89 95 96 97 100 101 102 103 105 106 
109 110 111 113 116 118 121 122 125 126 127 130 
131 132 133 135 137 138 142 145 146 147 148 149 
152 154 156 157 158 163 165 169 171 174 179 181 
183 184 185 186 190 194 196 197 198 199 
100
1 2 3 9 11 14 15 16 20 22 24 26 
27 28 30 31 32 33 34 36 37 38 39 40 
41 42 46 47 48 50 51 54 55 56 57 58 
59 62 65 67 68 69 70 72 73 74 77 80 
84 86 90 91 92 98 99 100 104 108 111 114 
116 119 123 124 125 126 132 134 136 138 139 140 
141 143 145 147 151 152 157 158 159 160 161 163 
170 171 176 177 178 179 181 183 185 187 188 190 
192 193 194 197 
110
4 7 8 9 10 12 13 15 16 18 21 24 
25 26 27 30 31 42 43 45 46 49 50 52 
57 58 62 64 65 66 67 69 70 71 73 75 
77 80 81 82 85 86 87 89 91 92 94 98 
99 100 101 103 105 107 109 111 112 114 115 118 
119 122 123 124 126 129 130 131 133 136 138 139 
140 142 143 147 148 150 151 152 153 154 156 157 
158 159 160 161 165 166 168 171 173 176 177 180 
181 182 183 184 185 188 189 191 194 195 196 198 
199 200 
92
2 3 6 9 10 11 17 19 21 22 29 30 
31 36 37 38 42 43 45 46 47 55 56 57 
58 59 62 68 70 72 73 74 77 78 79 81 
82 84 86 95 98 99 100 102 103 105 106 107 
108 109 117 119 122 123 124 125 126 127 129 134 
136 137 142 143 144 145 149 154 156 158 159 160 
161 164 165 166 167 169 173 175 176 179 183 184 
185 186 187 188 193 196 199 200 
102
1 2 7 9 13 14 15 16 17 18 19 20 
24 32 34 35 40 41 43 49 50 51 53 55 
56 57 58 59 60 61 62 64 65 67 68 69 
73 74 75 78 81 85 87 89 90 92 93 94 
96 102 103 105 106 108 112 113 114 116 117 118 
119 121 122 123 124 125 126 127 129 132 133 134 
135 136 143 146 150 152 153 154 156 157 159 161 
164 170 172 175 177 179 181 182 183 184 185 186 
187 188 191 194 195 199 
94
1 2 4 5 7 8 9 11 14 17 18 19 
21 24 27 28 29 31 32 33 34 35 40 41 
43 44 48 50 52 53 58 59 61 63 65 66 
67 71 73 74 76 81 82 85 90 96 100 101 
109 111 112 113 115 116 120 121 123 127 129 130 
131 132 133 134 135 137 140 142 144 145 146 148 
149 151 152 153 154 155 157 163 164 165 168 169 
170 173 177 182 184 185 189 192 197 198 
101
1 3 4 5 7 8 10 15 17 18 19 24 
25 26 29 30 32 33 35 36 41 44 50 52 
53 54 59 60 63 65 66 69 72 75 76 77 
80 81 82 84 85 86 87 88 91 92 93 101 
102 103 105 111 113 114 117 118 121 122 123 126 
127 128 130 132 133 135 137 138 141 144 145 146 
147 148 153 155 158 160 161 164 165 168 169 171 
172 173 174 176 179 182 183 184 186 187 190 191 
192 193 194 197 198 
102
1 3 5 7 8 9 11 16 22 23 26 27 
29 30 36 37 38 39 40 42 47 48 50 51 
52 55 56 58 63 64 65 67 71 72 74 77 
78 79 80 81 83 84 86 88 89 90 91 94 
96 97 98 100 103 104 105 112 115 117 118 122 
123 124 130 132 134 135 137 138 140 141 146 147 
149 151 153 155 156 157 159 162 163 165 166 171 
172 176 177 178 179 180 181 182 183 184 187 188 
189 191 193 195 197 200 
88
2 3 4 6 8 11 13 14 19 21 22 26 
27 28 29 31 34 36 37 38 39 42 44 45 
51 52 58 59 61 66 68 71 73 74 76 84 
91 93 96 97 98 99 100 101 102 104 109 113 
115 118 121 123 125 126 127 128 129 130 131 132 
133 134 137 141 142 147 149 152 153 155 158 161 
163 164 165 167 173 175 177 179 181 184 187 188 
195 196 198 200 
109
3 9 10 11 12 14 17 19 21 23 24 25 
26 28 30 33 36 37 38 40 42 43 45 47 
49 52 54 55 57 58 60 61 62 63 64 65 
66 68 69 71 72 74 75 77 78 79 80 81 
83 86 87 91 92 93 95 99 100 101 102 103 
106 107 108 109 111 112 113 119 121 122 126 127 
129 130 132 134 136 138 140 142 143 147 149 150 
152 156 157 164 166 168 169 171 172 174 177 178 
182 183 184 185 186 188 189 190 191 193 195 198 
199 
90
2 3 6 7 10 11 15 16 17 18 20 21 
22 23 24 25 26 27 29 30 38 40 42 44 
47 51 52 53 54 58 59 60 61 71 77 79 
81 82 83 84 85 89 90 92 95 96 97 99 
100 101 103 104 105 108 114 118 119 121 124 127 
132 137 139 140 143 147 148 150 156 158 159 160 
161 162 164 166 169 170 172 174 176 177 179 183 
184 188 192 196 197 200 
93
7 10 11 12 13 14 15 17 20 22 26 28 
29 30 31 35 36 37 41 43 44 45 46 48 
50 52 54 56 59 60 61 62 68 73 74 75 
77 78 82 86 90 92 94 98 99 103 107 108 
109 112 113 116 117 118 121 123 124 125 127 131 
132 134 135 138 139 141 143 146 147 149 152 154 
156 159 162 163 166 168 169 171 172 174 175 177 
180 182 184 186 193 195 197 198 200 
100
6 9 11 13 14 16 18 19 22 27 29 30 
38 41 42 43 47 50 52 53 55 56 63 64 
67 68 69 71 73 76 77 78 79 80 82 83 
84 85 86 88 96 97 100 102 103 104 105 106 
107 109 110 113 117 118 119 120 122 124 126 128 
130 131 132 133 136 137 144 148 151 152 153 157 
158 161 163 164 165 166 167 168 169 170 171 172 
177 178 179 181 182 185 189 190 192 193 194 195 
197 198 199 200 
97
4 5 8 13 14 17 19 20 22 23 24 25 
26 29 32 34 35 39 41 42 47 48 54 55 
56 65 66 67 69 70 71 74 75 77 78 79 
81 82 83 85 92 97 100 101 103 107 108 110 
111 119 120 121 122 123 125 126 128 129 132 133 
135 138 141 142 145 146 147 152 153 154 156 157 
159 161 162 163 165 166 167 168 169 173 179 180 
182 183 184 186 187 188 189 190 192 195 196 198 
200 
101
1 2 4 5 6 7 9 10 11 12 13 14 
15 16 19 21 23 25 27 31 33 36 40 44 
45 46 48 49 52 53 57 59 61 62 63 65 
67 68 69 72 77 80 81 87 89 90 91 92 
93 95 96 97 100 101 102 104 106 107 109 110 
111 112 113 116 119 123 124 128 131 134 135 137 
138 139 140 146 147 148 149 155 158 160 162 165 
170 173 174 175 176 177 179 184 186 187 188 193 
195 197 198 199 200 
97
2 6 10 11 12 13 14 15 16 18 19 20 
21 23 25 26 27 28 29 30 32 33 36 37 
38 39 40 46 48 49 50 52 58 63 64 70 
71 73 75 76 79 80 81 86 87 89 90 92 
95 99 100 101 102 103 104 107 110 112 114 115 
117 118 119 120 123 124 125 126 128 129 130 132 
135 136 137 143 145 148 149 153 155 157 158 162 
164 173 174 175 177 179 180 181 182 189 192 195 
200 
93
2 3 5 8 9 11 12 13 14 17 19 20 
22 24 27 28 32 40 41 42 45 46 47 48 
49 50 52 55 56 63 66 68 70 71 72 73 
76 77 79 81 83 85 86 90 93 97 103 104 
106 107 108 109 111 112 115 118 119 120 121 122 
124 125 126 127 128 130 132 133 135 138 142 144 
151 152 155 157 159 161 165 166 167 168 171 172 
173 174 176 177 181 188 191 192 200 
94
2 7 9 12 13 14 16 19 20 21 22 24 
25 27 32 37 43 45 46 47 49 50 54 55 
56 59 63 64 65 66 68 70 73 74 79 81 
82 83 84 85 88 89 91 92 93 96 105 111 
115 116 119 120 121 123 125 127 130 131 134 135 
137 138 139 142 143 147 149 151 152 153 154 155 
158 159 160 161 162 163 164 166 167 171 174 177 
178 180 183 185 186 188 189 194 196 200 
92
3 4 5 9 13 14 19 22 27 28 29 30 
31 32 33 35 37 38 42 43 45 46 48 49 
52 55 57 60 67 70 72 73 74 78 79 81 
85 86 87 89 92 94 96 97 98 99 100 101 
108 109 111 112 114 116 119 120 121 122 123 125 
126 127 131 133 135 136 138 139 141 145 148 153 
155 157 160 162 164 165 167 169 170 172 175 176 
177 183 186 189 190 191 192 195 
87
3 5 6 10 12 15 17 21 26 27 32 37 
38 39 40 44 46 47 53 54 55 56 57 58 
60 64 65 66 67 72 76 77 80 88 93 95 
97 99 101 102 104 105 109 110 112 114 123 126 
128 129 130 133 134 138 142 143 145 147 149 151 
152 153 154 159 161 162 164 167 172 173 175 176 
177 180 181 183 185 187 189 190 192 193 195 197 
198 199 200 
106
1 2 5 7 9 12 14 16 19 20 21 23 
24 25 26 27 28 31 35 36 37 39 40 41 
43 45 47 48 49 50 51 52 54 55 56 57 
59 62 65 67 69 71 75 77 79 80 85 87 
88 90 92 93 94 97 100 102 103 104 105 107 
108 110 112 113 114 116 118 124 125 131 133 134 
138 139 142 143 144 147 150 152 154 158 159 160 
161 163 167 168 171 173 174 175 176 177 178 180 
183 184 189 192 194 195 196 197 199 200 
112
1 2 3 4 7 8 10 11 12 13 14 15 
18 19 20 24 27 31 32 33 34 35 36 37 
38 41 44 45 48 51 52 53 54 57 60 61 
62 67 68 69 70 73 74 75 76 78 79 80 
84 86 88 89 91 93 94 95 96 98 99 101 
102 103 105 107 108 111 112 113 115 120 122 124 
125 126 127 128 131 132 133 140 141 143 144 146 
147 149 150 151 152 156 157 159 160 161 162 165 
166 169 172 175 177 179 181 186 187 188 191 194 
195 197 198 199 
95
1 3 5 6 8 10 13 20 21 24 28 30 
32 33 38 39 40 41 43 45 47 48 52 53 
54 59 61 62 66 68 71 72 76 77 80 83 
86 87 89 92 94 95 96 100 104 106 107 108 
112 113 114 115 117 119 121 122 124 125 126 128 
130 131 132 133 137 138 139 144 145 153 154 155 
157 158 161 164 165 167 168 169 170 171 174 179 
180 185 186 187 188 189 191 193 197 198 199 
94
4 5 7 9 10 11 13 15 17 18 19 25 
28 32 33 36 39 41 42 43 44 45 50 54 
55 56 57 60 62 64 65 66 67 68 74 75 
77 81 84 85 87 91 92 95 97 102 104 106 
107 108 109 111 112 113 116 118 121 123 125 127 
130 133 134 136 140 144 145 149 151 152 154 155 
156 158 159 161 164 166 167 168 170 173 174 175 
180 182 183 190 192 194 195 196 198 200 
101
4 6 8 10 11 12 13 15 17 19 20 21 
22 23 25 27 29 30 35 37 38 43 44 46 
48 50 51 56 59 60 61 62 63 64 66 68 
69 71 72 73 78 82 83 85 87 89 90 92 
96 97 98 99 100 101 102 103 105 106 108 109 
111 113 114 115 116 117 118 121 124 125 130 133 
135 136 138 140 141 144 145 147 149 150 152 163 
166 172 176 178 179 180 182 183 184 185 186 194 
196 197 198 199 200 
108
3 5 6 8 9 10 11 12 13 16 18 20 
21 22 23 25 26 27 28 30 32 35 36 37 
38 40 41 42 43 44 45 46 54 55 57 59 
60 62 64 67 70 73 74 76 79 81 83 85 
86 89 95 98 99 100 103 104 105 106 107 109 
110 112 113 116 118 119 121 122 125 126 128 130 
132 134 136 137 139 141 142 144 146 150 153 155 
157 159 163 164 165 166 168 172 173 174 175 178 
179 180 181 183 187 188 193 194 195 197 199 200 
102
1 2 3 5 7 13 14 15 17 18 19 21 
26 28 30 33 35 38 40 41 43 44 45 51 
52 54 57 58 60 62 63 64 71 72 73 74 
75 78 82 84 85 88 89 95 96 98 99 100 
104 107 108 109 111 112 114 116 118 123 125 128 
129 132 133 134 135 136 138 140 141 142 144 145 
146 148 150 151 152 156 157 158 161 162 163 166 
167 168 169 172 173 177 181 184 186 187 188 189 
190 193 194 196 198 199 
100
1 2 3 4 5 7 8 10 11 13 14 15 
17 18 20 22 23 25 29 31 32 33 35 38 
41 42 43 48 51 54 56 57 58 63 64 65 
66 67 68 70 71 72 75 77 79 80 81 83 
86 88 89 92 93 96 98 100 101 102 105 106 
107 111 113 114 115 117 122 123 124 126 127 128 
131 133 135 136 138 141 142 143 148 149 153 156 
157 158 159 160 161 162 168 170 173 177 181 183 
186 189 198 199 
108
4 7 8 10 13 14 16 17 18 19 25 26 
28 29 31 33 34 36 37 39 40 41 42 43 
44 45 48 49 50 51 52 53 56 57 59 60 
61 62 63 65 66 67 69 70 74 77 78 81 
83 84 93 94 95 96 98 100 101 102 103 105 
109 111 112 115 116 118 123 124 125 126 127 128 
130 133 135 137 138 147 150 151 153 154 159 160 
163 164 165 166 168 169 172 173 174 175 176 180 
181 182 184 187 189 191 192 193 194 195 197 198 
102
1 5 6 7 9 10 11 12 13 16 19 20 
24 27 32 35 36 37 40 43 47 50 52 53 
56 57 58 60 64 65 66 68 70 71 72 76 
81 82 83 84 85 87 92 94 95 96 97 98 
101 102 104 105 108 111 114 116 117 118 120 123 
124 126 127 128 129 130 131 133 136 137 141 144 
146 147 149 152 153 154 158 161 162 164 165 166 
170 171 172 173 175 179 180 182 184 185 189 191 
192 195 196 198 199 200 
100
1 4 6 7 9 11 12 13 15 16 17 18 
20 25 27 29 34 36 37 40 41 46 47 49 
55 57 58 59 60 61 62 64 65 66 67 68 
70 71 72 74 77 79 80 85 89 90 91 93 
97 99 102 105 107 110 118 121 122 126 127 130 
134 135 136 137 140 141 143 144 145 147 148 151 
152 153 154 155 156 157 161 164 169 170 173 174 
178 179 183 184 185 186 188 189 190 191 192 194 
196 197 199 200 
97
1 2 3 4 8 12 14 15 16 19 20 21 
23 25 32 35 37 38 39 42 43 44 45 47 
49 51 53 54 55 56 57 59 60 61 65 67 
68 69 72 73 75 77 78 80 81 83 85 87 
89 93 95 96 97 98 102 107 109 110 111 114 
118 119 120 122 124 129 132 133 134 138 140 141 
142 143 146 147 148 151 153 157 158 159 161 169 
170 173 175 177 181 183 186 190 192 193 194 197 
199 
99
3 7 9 10 11 12 13 14 16 18 19 20 
22 25 27 29 30 31 33 35 36 37 38 39 
41 42 46 47 49 51 54 57 62 63 66 69 
70 85 87 88 89 92 95 97 99 100 102 105 
106 110 112 113 115 117 118 119 120 121 123 124 
128 130 132 134 135 136 138 140 141 143 144 146 
147 149 155 159 160 162 163 165 166 167 169 171 
175 177 178 179 186 188 190 191 192 193 194 196 
197 198 200 
113
1 2 3 5 8 11 12 13 16 19 21 22 
23 25 26 27 28 30 31 32 33 34 35 36 
37 39 42 48 50 53 55 56 57 59 61 63 
66 67 68 70 74 75 77 78 82 83 87 88 
89 90 91 95 99 100 101 102 104 105 107 108 
109 110 112 116 117 118 120 122 123 124 128 129 
132 136 137 139 140 142 144 148 149 150 151 152 
155 156 157 158 159 160 161 165 167 168 170 171 
172 173 174 175 177 178 180 181 182 183 184 186 
187 188 194 195 199 
96
1 2 3 4 6 7 9 10 11 14 15 16 
17 18 22 25 30 33 34 35 36 40 41 45 
46 48 50 52 53 55 57 62 64 66 68 69 
70 75 77 78 82 83 85 86 89 90 92 94 
96 97 99 101 102 103 105 109 111 112 114 117 
120 121 122 123 125 127 129 130 133 135 139 140 
143 145 146 148 149 151 153 157 160 161 164 170 
174 175 181 182 185 186 187 189 194 197 198 200 
88
1 2 5 6 7 9 11 14 15 17 21 22 
23 24 31 33 34 36 37 38 40 41 45 46 
47 51 52 53 55 56 58 60 62 63 66 67 
74 78 81 84 86 87 89 94 97 100 101 102 
104 105 106 109 110 112 116 124 131 133 140 142 
149 150 152 153 155 156 157 161 163 164 166 167 
168 172 173 174 175 178 182 183 186 187 188 189 
191 192 197 200 
105
1 2 3 4 5 6 7 12 13 15 16 17 
19 20 21 25 26 31 32 33 36 37 38 39 
40 45 47 49 50 56 58 61 64 65 66 71 
72 76 77 78 79 80 82 83 84 86 87 88 
89 90 91 93 94 96 97 98 102 104 107 112 
114 117 118 119 121 122 123 124 128 129 130 131 
136 138 140 141 143 146 150 154 156 157 159 164 
167 168 169 170 171 172 176 177 182 183 184 186 
188 190 192 193 194 196 198 199 200 
96
1 5 7 9 10 12 19 21 22 27 28 30 
35 36 37 38 39 40 44 45 46 47 48 56 
57 59 60 61 62 63 64 66 67 71 72 74 
75 76 77 78 80 82 83 85 86 93 94 97 
99 101 103 104 105 106 109 112 116 118 119 120 
122 123 124 125 127 132 134 137 138 140 142 144 
150 151 156 161 164 165 167 169 174 175 176 180 
181 182 183 185 189 190 191 193 195 196 199 200 
97
7 8 9 12 17 19 21 24 26 29 31 32 
38 43 44 49 50 51 52 53 56 61 65 66 
67 68 69 70 72 73 74 75 76 78 81 84 
87 90 92 93 96 97 100 103 104 105 106 107 
109 113 114 120 121 122 123 124 125 126 127 128 
130 137 138 139 140 142 144 148 151 154 155 157 
158 160 161 165 166 167 168 170 172 174 175 176 
177 179 180 181 182 186 187 188 190 192 197 198 
200 
102
2 3 6 8 9 11 15 16 18 19 20 21 
22 23 27 30 31 34 35 36 37 38 39 40 
42 47 48 49 51 52 53 55 56 57 58 59 
63 64 66 67 68 69 72 73 76 77 79 82 
87 88 91 92 97 100 101 102 105 106 110 114 
115 116 117 119 121 122 123 126 128 130 131 133 
134 135 136 138 141 143 144 145 146 154 155 160 
162 164 166 167 170 171 174 182 185 186 187 188 
193 194 196 197 198 200 
102
1 3 6 8 9 10 11 13 16 17 19 20 
23 28 29 30 31 32 33 34 35 36 37 38 
40 42 43 44 46 47 48 49 52 53 55 59 
60 71 72 74 75 76 77 82 83 85 87 88 
90 92 93 95 96 98 100 101 103 105 110 111 
112 113 114 115 121 122 124 125 127 128 130 131 
137 139 142 144 145 147 149 150 153 154 160 162 
165 166 167 171 175 177 178 179 180 184 186 187 
189 194 195 196 197 198 
88
3 8 11 14 16 20 21 22 24 27 29 30 
40 43 47 48 50 51 53 56 59 61 63 66 
67 68 69 70 74 76 77 79 80 81 82 84 
85 87 89 92 94 95 96 99 100 101 104 105 
107 111 113 114 115 116 118 121 122 126 127 128 
131 139 140 141 149 152 153 154 155 162 166 167 
168 171 176 178 180 181 184 187 188 189 191 192 
196 197 198 199 
104
3 4 6 8 9 11 12 16 19 20 21 24 
26 27 28 31 32 36 39 41 43 44 47 50 
52 57 58 60 61 62 63 64 65 66 70 71 
73 74 75 76 79 81 88 89 90 91 92 96 
101 103 104 105 107 108 109 110 111 112 113 114 
115 116 117 122 123 128 131 132 133 135 136 139 
140 143 146 148 150 151 152 154 157 158 159 166 
168 171 172 173 174 175 177 178 181 183 185 186 
187 188 189 190 192 195 198 200 
91
2 4 5 6 9 12 16 19 20 24 27 28 
29 30 31 32 35 38 39 40 41 42 43 47 
49 50 53 54 56 57 58 61 62 65 66 68 
73 76 77 84 86 87 88 89 90 92 95 97 
98 100 102 107 108 110 111 114 115 117 119 122 
123 126 127 132 133 134 135 140 141 144 147 153 
156 157 158 159 162 163 166 167 169 173 178 183 
185 188 189 193 194 196 197 
99
3 4 7 8 9 12 14 15 17 18 21 25 
28 29 31 32 33 37 38 39 40 41 43 49 
53 59 60 63 65 69 75 81 86 87 92 93 
94 95 96 97 99 102 103 106 110 114 115 116 
117 118 119 120 121 122 123 124 125 127 128 130 
131 132 137 138 140 142 143 144 145 147 149 150 
154 155 156 157 158 159 160 163 166 167 168 169 
171 172 176 177 179 184 186 188 189 192 196 197 
198 199 200 
109
3 5 6 9 11 12 13 14 15 18 24 26 
28 29 30 33 35 38 40 42 43 46 47 48 
50 52 56 57 59 61 62 64 67 68 69 71 
73 75 82 83 84 87 88 89 90 91 93 94 
95 96 97 99 100 101 102 103 108 109 110 111 
112 113 115 118 119 120 121 123 124 125 130 133 
134 135 136 138 139 140 141 142 143 144 145 146 
148 153 156 160 165 166 167 168 171 172 175 176 
177 183 185 186 187 188 189 190 191 192 194 196 
197 
96
3 5 7 10 11 13 17 18 19 20 21 24 
27 28 30 33 35 40 42 43 47 54 57 59 
60 62 63 65 69 71 73 74 77 78 79 80 
88 89 94 97 98 100 101 102 104 106 107 110 
112 114 115 116 118 119 120 121 123 125 126 130 
136 137 138 140 141 142 143 144 145 147 148 149 
153 155 157 158 160 162 163 170 171 173 178 179 
181 182 185 187 188 189 190 192 196 197 198 199 
93
2 3 4 6 9 11 14 16 23 24 25 26 
28 31 32 33 37 38 41 42 51 55 56 57 
58 59 60 61 64 67 68 70 72 74 76 78 
79 83 84 87 88 90 91 93 94 98 99 105 
107 108 111 113 115 117 120 121 123 128 130 131 
132 134 139 140 142 143 144 145 146 147 150 151 
152 153 154 158 160 162 164 165 166 167 171 174 
187 188 192 194 195 197 198 199 200 
107
1 2 7 8 10 11 13 15 20 21 22 23 
25 26 27 28 29 31 35 37 38 40 43 44 
46 47 49 50 52 57 58 59 60 63 64 65 
70 71 76 77 81 83 84 86 88 89 90 91 
92 95 96 97 98 99 100 102 104 108 109 111 
113 114 115 116 117 120 121 122 123 124 125 128 
129 132 133 138 139 142 145 146 148 152 153 159 
161 162 163 164 166 168 169 170 171 172 174 176 
178 179 180 181 182 184 187 188 189 191 196 
99
2 3 7 10 12 14 15 16 17 18 19 22 
24 31 32 34 35 38 40 43 44 46 52 53 
55 57 58 59 61 62 63 65 68 70 74 75 
78 79 81 83 86 87 89 91 93 94 95 96 
100 101 103 104 107 110 112 113 114 116 117 118 
120 121 122 123 127 129 132 133 136 139 140 141 
145 146 147 148 150 151 154 158 163 164 167 168 
173 175 176 178 179 181 182 183 184 192 193 194 
196 198 199 
97
2 3 4 7 8 9 10 11 12 13 16 17 
19 20 26 31 34 39 46 47 49 54 55 58 
59 60 61 63 64 67 68 69 70 71 72 73 
74 75 77 80 81 83 87 89 91 93 94 95 
98 101 104 106 107 109 111 112 114 116 119 122 
123 126 127 128 131 134 138 139 140 141 142 143 
145 147 151 155 156 158 159 161 163 165 166 168 
169 170 171 175 181 182 187 190 192 194 196 197 
198 
92
1 2 4 5 7 12 14 18 19 22 23 25 
27 29 32 35 37 38 40 41 45 48 50 52 
65 66 67 68 70 73 77 78 80 81 82 86 
87 92 93 95 101 102 104 112 114 115 116 117 
119 121 123 124 125 126 127 128 129 131 132 133 
135 136 137 138 140 142 143 146 147 149 150 153 
155 156 159 161 164 169 170 171 176 178 179 182 
184 185 186 189 191 196 198 199 
