75 75
1 1 1 1 1 1 1 1 1 1 1 1 
1 1 1 1 1 1 1 1 1 1 1 1 
1 1 1 1 1 1 1 1 1 1 1 1 
1 1 1 1 1 1 1 1 1 1 1 1 
1 1 1 1 1 1 1 1 1 1 1 1 
1 1 1 1 1 1 1 1 1 1 1 1 
1 1 1 
27
2 7 8 9 12 14 17 18 19 24 30 31 
32 33 37 41 43 46 47 49 54 58 59 65 
66 73 74 
22
5 7 8 11 14 26 29 39 43 44 45 48 
52 53 57 58 59 65 66 68 69 72 
19
1 5 13 14 23 25 26 34 44 45 46 53 
60 64 65 69 70 71 75 
24
9 11 15 16 19 24 34 35 41 42 45 47 
48 51 54 63 65 66 67 68 70 72 73 74 
23
1 2 9 10 13 14 18 19 20 37 42 43 
45 47 49 50 51 52 57 58 61 65 66 
22
1 6 8 13 14 15 16 17 18 22 27 35 
39 43 48 53 56 58 60 61 67 71 
17
4 6 11 20 21 34 36 40 44 47 49 55 
56 57 63 64 73 
27
1 2 3 5 6 14 21 22 23 25 27 28 
30 33 35 36 42 43 51 54 57 59 61 65 
66 71 73 
18
8 9 10 16 22 28 32 39 43 45 47 49 
52 57 64 71 73 74 
23
5 10 12 16 23 24 27 28 29 30 32 41 
42 45 47 54 55 56 57 63 66 68 69 
26
2 3 20 21 22 23 24 27 28 30 31 39 
41 43 50 51 52 53 55 56 57 58 61 67 
71 73 
27
1 6 8 10 12 14 19 20 23 24 28 29 
30 35 40 42 43 45 46 47 61 62 67 68 
70 73 74 
26
1 3 4 5 8 9 11 14 15 16 17 24 
27 28 32 33 34 41 45 52 53 54 64 68 
73 75 
24
14 15 18 32 33 34 36 38 41 42 45 47 
52 55 56 58 62 64 67 68 69 70 71 72 
17
1 2 3 4 10 16 18 23 25 28 32 40 
41 54 56 57 59 
21
4 9 10 11 16 17 24 27 31 33 34 37 
43 46 48 49 61 62 65 74 75 
23
3 6 7 9 10 21 22 25 27 34 35 37 
38 39 40 47 51 52 62 63 64 70 72 
24
1 5 9 19 20 23 26 28 29 30 33 38 
39 43 50 53 54 55 57 58 60 65 68 69 
20
3 4 10 12 19 25 26 27 32 36 39 43 
44 59 61 63 65 70 73 74 
21
5 9 17 20 22 26 29 30 37 38 41 47 
48 50 54 57 63 64 66 67 73 
25
1 9 10 12 15 17 18 19 25 38 41 42 
43 46 49 50 53 55 58 60 61 67 69 70 
71 
23
2 5 8 10 11 22 24 28 30 32 36 41 
44 46 48 50 53 55 62 63 65 67 70 
20
1 6 10 11 15 16 23 29 30 34 35 37 
41 43 56 63 65 69 71 73 
16
5 6 11 13 16 23 30 31 34 42 50 55 
64 69 70 74 
21
1 6 8 17 18 21 24 32 36 37 42 44 
45 48 53 55 59 61 62 66 74 
24
4 10 14 16 21 24 25 28 31 32 35 43 
44 46 49 55 59 63 65 67 68 71 73 75 
18
2 6 12 13 14 16 20 24 26 32 44 45 
53 55 58 59 61 71 
23
1 2 6 7 11 19 23 26 30 33 35 37 
38 41 42 43 49 50 52 54 64 67 68 
20
1 6 8 10 11 16 19 21 24 25 31 34 
35 39 50 54 56 59 65 69 
26
1 5 6 8 13 25 26 28 30 31 32 34 
36 37 42 44 52 53 56 57 58 59 60 64 
65 70 
23
1 2 3 7 10 14 17 22 24 26 28 33 
47 49 52 54 55 58 59 63 66 69 73 
22
13 20 21 22 23 27 30 31 32 33 34 37 
43 46 51 52 54 56 64 65 68 71 
25
1 3 5 7 11 12 13 14 17 21 23 31 
41 44 49 50 51 55 58 60 62 63 70 71 
74 
26
1 3 4 6 10 12 24 25 29 35 38 39 
43 44 52 53 58 59 61 63 64 66 68 70 
72 73 
19
10 12 13 14 16 17 20 21 23 28 34 35 
47 51 53 55 63 65 73 
30
8 9 11 13 16 21 22 24 27 32 34 36 
37 38 41 43 44 46 49 52 53 54 56 61 
63 64 65 70 73 74 
23
1 3 6 10 13 14 17 20 21 23 25 28 
29 34 39 44 51 55 56 60 68 69 73 
18
1 4 5 8 11 13 18 20 21 22 25 38 
39 44 49 55 60 63 
28
1 2 3 4 5 10 12 14 15 16 27 28 
33 38 42 44 47 50 51 56 58 65 66 69 
71 73 74 75 
23
5 7 11 13 18 20 22 28 30 31 37 42 
44 46 47 50 53 60 61 63 69 70 71 
22
2 3 9 12 14 16 17 18 23 26 29 32 
35 36 38 52 56 59 61 65 67 70 
23
2 3 4 8 11 12 14 17 19 26 27 28 
31 39 40 43 45 46 62 65 66 68 69 
28
3 7 9 10 13 20 21 26 30 31 34 40 
41 45 47 52 54 59 60 61 64 65 66 67 
70 73 74 75 
30
1 2 11 12 16 17 18 19 21 22 23 25 
29 31 32 34 41 47 50 51 56 58 59 64 
65 66 69 70 72 74 
22
6 7 9 15 19 21 27 28 29 31 33 36 
39 47 50 53 54 55 61 65 68 69 
26
2 4 7 8 10 12 21 23 25 26 30 36 
39 40 42 46 57 58 60 62 63 64 65 66 
73 75 
28
3 6 8 15 17 19 25 26 31 34 35 36 
37 39 40 43 45 47 50 54 56 58 59 65 
66 67 70 71 
21
2 6 9 12 15 16 17 19 22 25 30 39 
45 50 52 58 60 63 64 65 73 
27
5 6 7 10 11 12 18 22 27 29 32 33 
35 36 40 41 44 48 55 57 58 61 66 68 
69 70 71 
23
1 4 10 16 17 21 22 25 27 31 32 34 
36 39 43 44 52 54 57 63 66 70 73 
25
1 2 4 6 7 11 15 20 24 29 30 35 
40 42 44 45 47 53 54 55 61 63 68 70 
71 
27
2 6 7 14 15 17 18 19 21 28 30 34 
40 41 43 45 46 51 54 57 58 60 64 67 
69 72 75 
28
1 2 6 10 11 14 19 21 22 23 26 31 
34 35 38 39 40 41 43 45 54 58 59 65 
68 69 72 73 
29
2 4 5 7 8 9 10 13 15 20 22 23 
24 25 29 30 34 41 42 45 49 50 52 53 
61 62 64 65 73 
20
3 8 13 22 24 25 26 30 32 35 36 37 
46 52 53 57 64 66 69 70 
19
6 8 10 13 19 20 21 25 26 43 48 49 
51 55 56 61 62 65 68 
25
7 11 18 21 25 28 29 30 31 36 39 40 
47 48 49 50 52 53 58 60 63 65 66 69 
75 
20
1 3 10 12 19 21 31 33 34 36 38 42 
44 46 53 55 64 67 70 73 
24
3 6 8 13 15 22 27 28 31 32 37 39 
41 45 47 48 51 57 58 59 61 63 68 72 
20
4 5 9 10 20 25 30 41 42 43 45 46 
51 56 57 58 63 64 68 69 
23
4 5 6 7 18 20 21 30 31 32 36 46 
49 51 52 55 57 61 62 63 64 70 74 
31
2 4 9 10 11 12 13 17 18 21 24 27 
28 31 35 37 38 43 46 47 48 49 50 52 
53 55 58 59 60 65 74 
27
3 4 5 6 7 10 11 19 20 21 23 29 
35 38 39 43 45 51 56 59 60 62 65 69 
70 72 74 
12
2 7 19 29 30 32 34 39 43 64 69 71 
25
3 4 5 8 9 11 12 16 29 30 33 34 
36 37 39 40 41 48 51 60 62 64 66 69 
73 
13
2 6 11 12 18 21 27 28 37 39 46 47 
61 
24
4 10 11 12 13 15 16 23 30 31 32 35 
41 43 46 48 49 54 58 61 62 64 71 73 
25
2 4 5 8 10 11 13 15 23 24 31 37 
39 40 42 44 49 52 53 58 60 63 68 69 
70 
23
1 7 8 9 13 16 18 26 28 31 35 37 
42 43 45 51 53 59 60 62 67 71 75 
25
1 8 10 11 12 14 18 23 28 29 34 37 
40 41 47 48 49 50 51 53 54 58 61 68 
75 
22
5 10 17 19 29 30 31 32 33 34 35 36 
37 43 45 48 50 56 58 60 61 73 
20
5 12 18 19 20 21 27 42 44 48 50 52 
54 55 56 60 61 67 69 71 
25
10 11 16 19 21 22 23 25 26 27 35 37 
38 39 44 46 49 56 57 58 59 63 64 69 
75 
25
1 8 11 13 16 20 21 23 25 26 28 33 
38 41 42 44 51 52 54 56 58 61 63 69 
72 
20
1 2 4 9 12 13 17 18 26 28 29 44 
48 51 60 65 66 71 73 75 
