75 75
1 1 1 1 1 1 1 1 1 1 1 1 
1 1 1 1 1 1 1 1 1 1 1 1 
1 1 1 1 1 1 1 1 1 1 1 1 
1 1 1 1 1 1 1 1 1 1 1 1 
1 1 1 1 1 1 1 1 1 1 1 1 
1 1 1 1 1 1 1 1 1 1 1 1 
1 1 1 
17
3 5 15 19 21 30 32 37 38 39 50 52 
59 67 69 73 74 
16
11 15 17 19 20 22 32 34 44 49 56 58 
63 64 72 75 
21
11 12 13 16 19 24 27 31 33 36 42 44 
45 48 49 56 58 62 66 67 68 
18
1 2 13 17 23 30 38 41 43 48 52 54 
56 58 60 62 65 66 
21
2 3 10 14 15 17 23 24 29 31 32 33 
35 36 47 49 54 64 65 67 70 
24
3 7 10 11 17 19 21 23 25 30 36 38 
43 44 46 54 57 61 62 65 67 70 71 73 
24
1 4 9 10 12 18 21 22 23 30 38 43 
45 46 53 58 59 64 66 68 70 71 73 74 
16
1 11 12 16 24 25 27 32 33 37 44 45 
49 64 71 72 
19
6 8 9 18 19 20 22 25 27 29 32 33 
38 40 43 50 56 62 74 
29
1 2 3 8 11 15 21 23 24 25 27 28 
31 32 33 37 39 43 45 47 49 56 57 58 
64 65 67 68 71 
20
1 11 12 14 16 17 20 23 26 31 36 37 
39 40 42 44 50 55 57 73 
28
5 6 10 11 12 17 20 25 28 29 30 31 
36 37 40 41 42 44 45 50 53 56 58 61 
63 70 71 73 
20
7 9 13 16 17 19 28 30 32 43 49 53 
54 56 61 63 66 67 73 75 
23
4 5 10 13 16 29 30 33 36 37 38 48 
50 56 57 60 61 63 68 69 70 71 74 
15
3 6 10 15 28 29 30 31 36 43 47 49 
62 71 75 
26
2 3 4 6 7 8 9 11 13 17 22 29 
32 33 34 36 48 50 55 59 60 70 71 72 
74 75 
24
1 2 4 5 6 8 10 13 15 16 17 24 
25 26 27 30 32 36 41 53 58 61 72 74 
22
4 6 17 18 28 29 31 34 35 38 39 46 
49 51 56 57 59 62 63 64 66 69 
20
4 5 9 11 14 16 23 25 27 28 35 36 
41 46 47 55 56 58 71 75 
18
1 3 14 26 33 35 37 40 48 51 63 64 
68 69 70 72 74 75 
15
20 27 34 36 40 43 46 50 51 56 57 63 
66 74 75 
23
12 13 18 21 23 24 25 29 31 34 35 42 
43 45 53 57 59 63 66 67 68 70 71 
17
9 10 16 20 23 26 34 40 41 42 44 47 
48 60 62 70 75 
21
5 6 7 10 14 21 22 26 38 40 42 43 
46 50 51 58 59 61 72 73 75 
23
2 4 8 10 12 14 19 20 22 25 29 31 
34 36 40 44 45 49 69 70 72 73 74 
23
3 4 9 10 11 12 13 16 17 20 24 26 
30 31 33 34 35 63 67 70 72 73 75 
25
2 3 4 7 10 12 13 20 29 30 40 46 
48 49 50 52 54 56 58 62 63 64 66 72 
75 
16
4 8 9 12 13 17 25 26 39 40 51 56 
58 63 69 75 
28
2 3 4 6 8 12 15 17 18 20 23 24 
31 33 35 36 37 40 42 43 45 52 59 60 
63 65 68 73 
20
3 6 9 15 18 26 27 29 34 35 36 38 
44 48 49 58 61 73 74 75 
21
6 10 15 17 20 21 22 23 30 33 35 37 
38 49 51 52 53 59 63 66 70 
19
1 2 3 10 11 12 18 20 21 27 33 37 
40 43 47 49 50 60 61 
23
5 9 14 20 26 27 28 31 49 50 51 52 
59 60 61 62 66 67 68 70 71 73 75 
27
4 5 6 8 15 16 20 21 22 24 29 32 
34 36 38 41 45 51 55 57 60 64 68 70 
71 73 74 
24
2 13 14 16 17 18 20 31 32 39 40 41 
48 49 50 51 53 54 55 62 63 64 74 75 
29
3 7 9 13 20 23 24 25 36 37 39 40 
43 44 45 46 50 51 58 60 62 66 67 69 
70 71 72 74 75 
22
5 6 8 10 14 17 23 25 26 29 35 37 
43 48 54 59 61 67 69 70 73 75 
21
3 11 14 16 21 24 25 32 35 38 41 46 
47 48 54 61 67 69 72 74 75 
21
1 15 16 20 23 26 29 31 33 34 37 40 
42 47 48 56 58 61 63 65 69 
18
2 5 8 13 16 20 22 26 31 32 36 39 
48 57 58 62 70 74 
28
4 5 6 7 8 12 16 18 23 25 26 30 
31 34 36 37 38 42 47 49 50 64 66 68 
69 70 73 74 
22
9 12 13 16 19 21 23 24 38 39 41 45 
51 53 54 56 61 62 64 65 69 73 
19
2 3 5 14 24 26 32 39 44 45 47 52 
59 61 62 67 71 73 75 
20
1 6 13 18 24 29 30 32 33 38 39 42 
45 48 50 56 63 68 70 71 
30
4 8 9 10 11 17 18 19 26 27 28 31 
33 34 36 37 38 40 42 43 47 50 52 57 
58 60 67 68 69 75 
18
8 12 15 21 22 27 29 34 35 55 57 59 
64 65 66 69 72 75 
21
3 4 5 7 8 14 16 18 19 21 25 33 
34 46 48 56 60 61 63 64 65 
25
1 2 3 10 11 12 17 20 21 23 26 28 
30 37 39 41 45 47 54 60 62 66 67 70 
71 
22
3 4 15 16 18 20 30 33 45 48 50 53 
55 56 59 61 63 65 66 68 72 75 
27
1 2 6 7 9 10 13 20 22 28 34 40 
43 48 49 54 55 56 57 58 59 60 61 65 
66 69 71 
28
3 4 8 10 12 15 19 21 24 31 36 40 
42 44 46 48 56 57 59 60 61 62 66 67 
70 71 72 74 
26
1 2 3 4 13 16 17 26 29 32 33 35 
37 40 43 47 52 53 56 59 65 66 67 68 
70 71 
27
1 5 7 8 10 11 13 24 30 31 32 34 
37 45 46 48 50 51 53 56 58 60 61 62 
63 71 72 
22
1 7 11 12 13 18 19 22 28 30 31 34 
36 49 53 55 56 61 63 64 70 72 
27
6 7 9 10 14 16 18 29 30 38 39 41 
43 44 46 49 51 52 53 56 58 59 64 65 
67 73 74 
22
2 4 6 11 12 18 28 29 30 36 39 40 
46 47 50 52 59 60 65 67 68 70 
27
3 13 14 15 19 20 24 28 29 30 31 33 
34 36 39 41 45 48 51 54 55 56 57 62 
63 64 69 
23
3 6 7 8 12 17 19 21 28 31 36 37 
41 42 46 51 53 56 57 60 66 67 68 
31
4 5 6 7 9 10 11 12 16 23 32 35 
40 41 44 45 48 52 54 56 58 62 63 64 
66 67 68 70 71 74 75 
20
2 8 9 11 15 21 23 25 33 40 43 44 
45 55 57 64 66 72 73 74 
22
2 5 8 9 13 14 17 20 21 22 26 33 
37 38 43 44 50 56 60 69 71 73 
20
2 12 16 20 22 23 33 35 44 52 53 54 
58 61 63 65 66 68 69 73 
23
2 4 6 18 19 20 23 26 27 29 30 31 
32 36 39 40 46 47 53 58 60 70 74 
26
5 6 7 10 13 14 15 16 25 30 34 35 
41 45 47 54 55 57 58 60 67 68 69 72 
74 75 
18
2 5 13 19 26 29 30 43 46 47 48 54 
61 64 65 67 68 71 
22
1 2 9 12 21 31 34 37 38 45 46 54 
57 59 62 64 66 67 70 71 73 74 
22
6 9 13 19 25 27 28 31 34 36 38 40 
46 49 51 54 55 57 65 67 68 75 
28
4 6 7 8 9 11 15 21 25 26 27 29 
31 35 36 37 42 43 45 47 55 57 63 64 
65 73 74 75 
22
5 7 10 11 13 16 21 22 27 31 35 40 
43 44 45 52 60 62 63 64 66 71 
17
2 4 7 9 13 14 20 22 25 26 34 37 
48 59 66 71 74 
27
2 4 7 9 12 13 18 21 26 28 29 32 
35 41 51 52 54 55 60 61 63 65 66 69 
71 72 73 
27
5 9 11 12 16 24 25 29 31 32 33 38 
41 42 43 44 48 51 53 56 57 66 67 68 
71 72 73 
21
2 6 7 19 22 28 34 35 37 41 44 45 
50 52 57 62 63 65 66 74 75 
29
2 3 4 7 13 16 17 18 23 25 28 31 
35 36 38 40 41 45 46 48 50 55 56 58 
59 66 68 71 72 
22
2 4 8 10 31 35 37 38 44 46 47 52 
53 54 55 57 62 66 69 70 72 73 
