25 75
1 1 1 1 1 1 1 1 1 1 1 1 
1 1 1 1 1 1 1 1 1 1 1 1 
1 1 1 1 1 1 1 1 1 1 1 1 
1 1 1 1 1 1 1 1 1 1 1 1 
1 1 1 1 1 1 1 1 1 1 1 1 
1 1 1 1 1 1 1 1 1 1 1 1 
1 1 1 
40
1 4 7 9 11 12 13 14 16 18 24 28 
29 30 31 32 33 34 36 38 40 42 44 46 
48 49 51 54 55 57 58 60 63 64 67 69 
71 72 74 75 
40
1 2 3 6 7 9 10 11 12 15 17 18 
21 23 24 27 29 30 32 34 36 39 40 41 
43 45 48 51 52 53 55 57 58 62 63 68 
70 71 72 74 
44
1 4 7 8 10 12 13 15 18 19 21 24 
26 29 31 32 33 34 36 39 41 43 44 45 
46 47 48 51 53 54 56 58 59 60 62 64 
65 66 68 69 70 71 73 75 
40
1 2 3 6 7 8 10 12 13 14 15 16 
17 21 23 26 31 33 34 36 37 41 43 47 
48 49 50 53 54 56 58 60 62 64 65 66 
68 69 72 73 
45
3 5 11 12 13 17 18 20 21 23 24 27 
28 29 30 31 33 34 35 36 39 40 41 42 
43 44 45 46 48 52 53 54 55 56 57 59 
62 64 66 67 68 70 71 73 75 
37
4 7 8 9 11 12 13 14 16 17 19 20 
21 23 25 28 32 34 35 37 41 42 45 48 
50 51 53 56 57 62 64 65 66 69 72 74 
75 
36
1 5 6 8 11 12 13 14 15 18 19 21 
23 27 30 32 35 37 38 44 45 46 47 52 
55 56 57 59 61 63 65 66 70 72 73 74 
38
3 4 6 10 11 12 15 17 18 22 23 24 
26 29 30 31 32 34 36 39 40 42 43 46 
47 48 49 52 56 57 58 61 64 67 68 69 
71 73 
37
1 2 4 6 9 15 22 23 27 28 29 31 
33 36 37 39 41 42 45 47 49 51 52 53 
54 56 57 63 64 65 66 67 68 69 70 72 
74 
42
2 7 11 15 16 17 19 21 23 26 27 31 
32 35 36 37 39 40 41 43 44 45 46 47 
48 49 50 51 52 54 56 59 60 61 62 63 
66 68 69 72 74 75 
35
4 7 8 12 16 18 19 23 25 27 30 31 
32 33 34 40 44 46 47 53 54 55 56 57 
59 61 63 64 65 66 68 69 73 74 75 
38
1 3 4 5 10 12 14 15 16 17 20 22 
23 24 26 27 34 35 36 37 38 39 40 41 
43 44 45 47 50 51 53 56 58 61 62 66 
71 75 
51
3 4 5 6 7 9 10 11 12 13 19 20 
21 22 23 25 27 28 29 30 32 33 37 38 
40 41 42 44 45 46 49 50 51 52 53 55 
56 57 58 59 60 62 64 65 68 69 70 72 
73 74 75 
42
1 5 6 7 8 10 12 16 17 18 19 21 
24 25 26 28 30 31 32 33 34 35 36 38 
39 41 42 43 44 45 47 49 50 53 55 58 
65 66 68 71 73 75 
36
2 6 7 8 10 13 15 18 19 21 23 24 
27 29 30 31 34 40 43 47 48 49 53 55 
56 57 58 59 61 63 64 65 66 67 72 74 
40
1 2 5 6 7 9 10 11 13 15 17 19 
20 22 24 25 28 32 34 36 39 41 42 43 
44 47 49 50 54 55 57 58 59 60 61 62 
65 68 70 72 
30
4 6 8 9 17 22 26 30 31 33 38 39 
40 42 43 44 45 48 49 52 53 55 57 59 
64 66 68 70 71 72 
39
1 2 3 4 6 7 9 12 13 14 17 19 
20 21 22 23 26 27 32 34 35 36 38 39 
40 41 42 44 49 51 55 57 58 61 64 67 
70 73 74 
37
1 5 6 7 8 13 14 17 18 20 21 24 
25 26 27 28 30 31 32 34 35 38 39 40 
45 47 49 50 51 52 54 56 59 62 63 68 
74 
34
1 2 3 4 5 7 12 15 17 20 21 23 
24 27 30 33 34 35 37 39 42 43 45 48 
49 50 57 59 64 66 68 69 74 75 
42
1 2 3 7 9 11 12 13 15 17 20 22 
24 26 29 33 35 37 39 40 41 42 43 44 
48 50 53 54 56 57 58 59 60 63 65 66 
67 68 70 71 72 74 
50
1 3 4 6 8 10 11 12 15 16 17 18 
19 21 22 23 24 27 30 31 33 34 35 36 
38 40 41 42 44 45 47 48 49 50 51 52 
54 56 57 58 59 60 61 66 67 68 69 71 
74 75 
31
3 4 5 6 10 11 12 16 17 18 23 24 
27 31 33 36 40 41 42 43 50 55 62 64 
66 68 69 71 73 74 75 
37
3 6 10 12 13 15 17 18 19 20 21 22 
23 24 26 29 30 33 35 37 42 45 46 49 
50 51 52 53 58 59 60 61 65 68 69 72 
74 
40
1 2 4 6 7 11 17 19 21 22 24 28 
31 33 34 37 38 40 41 42 44 46 47 48 
49 50 52 54 55 56 60 62 64 65 66 68 
69 70 72 75 
