25 75
1 1 1 1 1 1 1 1 1 1 1 1 
1 1 1 1 1 1 1 1 1 1 1 1 
1 1 1 1 1 1 1 1 1 1 1 1 
1 1 1 1 1 1 1 1 1 1 1 1 
1 1 1 1 1 1 1 1 1 1 1 1 
1 1 1 1 1 1 1 1 1 1 1 1 
1 1 1 
44
1 3 4 5 8 9 12 15 16 17 20 23 
24 25 26 27 28 30 32 34 36 38 40 44 
45 46 47 48 49 50 51 52 53 56 61 62 
63 64 68 69 71 72 73 75 
34
1 3 4 6 7 8 12 15 16 20 21 23 
24 28 32 33 36 38 41 43 44 46 49 52 
53 56 58 59 65 67 70 73 74 75 
36
4 5 7 9 10 12 15 16 18 22 26 27 
28 29 30 34 35 38 41 43 45 49 51 52 
55 58 60 63 64 65 66 67 68 70 72 73 
38
2 4 5 8 11 12 13 15 17 18 20 21 
24 25 27 28 32 35 37 44 46 48 50 51 
52 53 55 56 58 60 63 67 68 71 72 73 
74 75 
33
2 5 9 10 11 12 13 15 16 18 19 20 
22 34 35 36 39 40 43 44 45 46 49 50 
51 53 55 60 61 62 63 64 72 
32
3 4 6 9 11 12 15 16 19 23 24 26 
27 29 31 32 37 39 43 44 46 54 57 60 
65 66 67 68 71 72 73 74 
47
1 3 5 10 11 15 16 17 19 20 21 22 
23 25 26 27 28 30 32 33 34 39 41 42 
43 46 47 49 51 52 53 54 56 57 59 61 
62 63 64 65 66 68 69 70 71 73 74 
34
1 3 8 9 11 14 17 19 23 25 26 28 
31 33 35 37 38 40 41 45 46 48 50 56 
57 59 61 62 65 68 69 70 74 75 
38
2 4 5 6 7 10 12 15 16 23 24 26 
28 31 32 34 35 36 37 39 40 45 46 48 
49 51 56 57 59 65 66 68 69 70 72 73 
74 75 
35
2 3 4 5 6 12 13 18 19 23 24 25 
26 27 28 30 33 34 35 36 37 40 44 46 
47 48 49 50 51 53 54 56 60 67 71 
36
1 2 4 5 8 11 13 18 19 20 21 23 
24 26 27 29 31 33 34 36 43 44 49 51 
53 55 57 58 59 60 61 64 67 70 74 75 
34
2 3 4 8 11 12 13 15 17 18 19 21 
23 27 31 36 37 41 44 46 47 50 54 55 
56 57 63 65 67 68 69 73 74 75 
34
1 4 7 10 13 14 17 19 20 21 23 26 
30 31 35 37 38 41 47 48 49 51 52 54 
55 57 59 60 63 65 69 71 74 75 
35
4 8 9 10 12 14 15 16 19 22 24 25 
26 27 28 29 35 37 38 39 44 46 50 56 
57 58 60 61 62 65 66 67 70 73 74 
44
3 4 5 8 10 11 12 13 14 16 19 20 
21 23 25 26 29 30 31 32 33 34 35 37 
38 39 42 44 46 47 48 51 52 58 59 60 
63 66 68 69 70 71 72 74 
44
1 2 4 8 9 11 12 14 15 16 17 19 
20 21 24 27 28 30 33 37 41 42 44 45 
47 50 51 52 53 56 57 58 59 60 61 64 
66 68 69 70 71 72 74 75 
42
1 2 7 8 9 11 12 14 15 17 18 19 
22 23 25 26 30 31 32 34 38 40 42 44 
45 47 48 50 51 52 53 54 57 58 61 62 
63 66 67 68 72 75 
34
3 4 6 7 10 11 14 17 18 22 24 26 
28 29 31 35 39 42 44 45 47 48 51 53 
54 55 57 59 61 67 68 70 72 75 
39
6 8 10 11 15 18 19 21 24 26 28 30 
31 34 39 43 44 45 46 47 48 49 50 52 
53 55 57 58 59 61 62 64 65 67 68 70 
71 72 74 
34
1 2 4 6 7 10 11 12 17 18 21 24 
27 30 32 34 37 38 42 44 46 49 53 54 
58 59 60 62 63 65 69 72 73 74 
39
2 4 5 6 8 9 10 11 13 14 15 17 
18 21 24 25 26 31 32 33 35 37 40 41 
42 44 47 53 56 60 61 66 67 68 69 71 
73 74 75 
33
1 2 4 8 12 14 15 19 21 23 25 27 
33 36 37 39 40 41 42 45 46 48 52 53 
55 56 57 62 67 68 70 71 74 
35
1 2 3 6 10 12 13 18 20 21 24 25 
26 28 29 30 31 32 35 36 40 41 42 44 
48 50 53 55 59 61 62 66 69 72 73 
37
1 6 8 12 14 17 18 20 22 25 26 27 
28 29 30 32 33 34 36 37 39 43 45 46 
49 51 52 55 56 57 58 61 63 67 68 70 
75 
32
8 9 11 13 16 19 21 26 30 34 36 39 
40 42 43 44 45 46 49 52 57 59 60 62 
64 65 66 67 69 70 74 75 
