25 75
1 1 1 1 1 1 1 1 1 1 1 1 
1 1 1 1 1 1 1 1 1 1 1 1 
1 1 1 1 1 1 1 1 1 1 1 1 
1 1 1 1 1 1 1 1 1 1 1 1 
1 1 1 1 1 1 1 1 1 1 1 1 
1 1 1 1 1 1 1 1 1 1 1 1 
1 1 1 
40
4 5 7 10 12 13 14 15 16 17 24 25 
27 28 34 36 38 39 41 42 43 44 45 46 
49 50 52 53 54 55 58 60 64 66 68 69 
70 71 72 74 
38
1 6 7 9 11 12 18 19 20 21 23 24 
25 27 28 33 38 42 44 45 46 48 50 51 
52 53 54 55 58 59 60 61 62 68 70 72 
73 74 
43
1 6 8 14 15 16 17 19 20 21 22 25 
27 29 31 32 33 34 35 41 42 44 46 47 
48 50 51 52 54 57 58 59 60 62 63 66 
67 70 71 72 73 74 75 
30
1 5 9 12 13 15 16 17 21 27 33 34 
36 38 39 44 48 53 56 58 59 60 62 63 
64 65 67 70 73 75 
30
1 3 5 6 8 9 15 16 17 18 21 22 
27 34 35 39 41 42 45 47 49 50 56 57 
59 61 62 68 71 72 
37
1 2 3 4 5 7 11 12 13 16 22 24 
25 27 29 30 37 38 39 44 46 47 48 50 
51 52 54 55 57 58 60 61 62 66 70 71 
72 
37
1 3 6 7 8 12 14 17 19 20 23 28 
29 32 33 35 36 38 41 42 44 45 47 49 
52 53 56 58 59 60 62 63 67 70 73 74 
75 
33
3 8 10 13 15 16 18 20 21 27 30 31 
32 34 36 39 41 42 45 46 48 50 51 52 
53 55 57 58 61 62 64 66 71 
39
1 2 4 5 7 9 11 13 15 18 19 24 
25 26 27 30 33 35 36 37 38 40 45 46 
47 48 53 55 56 58 59 60 62 64 66 67 
68 70 71 
42
4 5 6 10 11 13 15 19 21 24 25 27 
28 29 30 31 35 36 38 39 40 43 44 46 
47 49 50 51 52 54 55 56 58 59 60 63 
65 66 67 71 73 75 
36
2 3 5 7 10 11 15 16 18 19 21 23 
24 25 28 29 32 33 35 37 39 40 42 44 
46 50 51 52 53 55 57 58 63 67 73 74 
43
1 3 7 8 9 10 13 14 15 17 18 19 
23 24 25 28 29 30 32 33 34 36 37 38 
40 42 43 44 45 47 49 50 51 53 54 55 
56 61 63 64 70 72 75 
38
1 3 5 7 10 14 15 16 19 22 23 25 
26 27 28 30 32 35 37 39 41 42 44 47 
51 54 55 57 61 62 64 67 68 69 70 71 
72 75 
37
2 3 4 5 7 10 12 13 14 16 18 19 
21 29 30 32 34 41 42 47 49 50 51 53 
54 55 60 61 62 63 65 68 69 70 71 72 
75 
36
1 2 3 4 6 9 10 12 14 15 20 21 
23 25 28 29 30 34 35 40 43 46 47 50 
53 54 58 59 63 65 68 69 70 73 74 75 
40
1 2 5 6 8 9 14 15 18 19 21 23 
25 26 28 29 31 34 37 38 39 42 46 47 
49 50 52 53 54 58 63 64 65 67 68 70 
72 73 74 75 
39
2 4 7 8 10 11 12 13 14 15 16 18 
21 22 23 25 27 29 30 34 36 39 41 43 
45 46 48 50 51 53 56 57 60 63 64 70 
73 74 75 
34
2 3 4 6 7 8 12 17 18 19 20 21 
24 26 34 36 40 42 46 50 51 53 54 58 
60 61 63 66 67 69 70 72 73 75 
46
2 3 4 7 10 13 15 16 18 19 20 21 
26 27 29 30 32 33 34 35 37 38 39 40 
41 43 44 45 46 47 48 49 50 52 53 54 
55 61 62 66 67 68 69 72 73 75 
38
1 4 5 9 13 17 21 23 24 26 28 29 
30 33 34 35 36 38 39 40 41 43 44 45 
46 47 48 49 51 55 58 59 62 63 64 68 
70 72 
45
1 3 6 8 9 11 12 13 15 16 17 19 
21 22 23 24 25 28 30 31 32 34 36 37 
38 39 40 41 43 44 47 48 49 51 52 53 
57 58 59 63 65 70 72 74 75 
37
1 4 7 9 13 15 16 19 20 21 25 26 
27 29 30 33 34 35 37 38 40 41 43 45 
48 52 55 57 61 62 63 66 70 71 72 74 
75 
36
5 6 13 15 16 17 19 22 23 24 25 26 
27 29 32 33 38 40 42 45 48 49 51 53 
55 56 57 59 63 64 65 66 69 71 74 75 
31
1 2 7 9 15 16 22 24 33 34 35 36 
38 39 40 41 43 45 46 52 53 57 59 60 
61 62 63 67 69 71 75 
38
1 2 4 5 7 9 11 12 15 17 19 21 
23 24 28 30 31 32 33 36 37 38 40 43 
44 45 47 49 52 54 56 58 60 61 62 68 
69 73 
