25 75
1 1 1 1 1 1 1 1 1 1 1 1 
1 1 1 1 1 1 1 1 1 1 1 1 
1 1 1 1 1 1 1 1 1 1 1 1 
1 1 1 1 1 1 1 1 1 1 1 1 
1 1 1 1 1 1 1 1 1 1 1 1 
1 1 1 1 1 1 1 1 1 1 1 1 
1 1 1 
30
3 6 7 9 10 12 13 16 17 18 20 32 
33 34 35 39 40 47 49 51 52 56 57 60 
65 66 67 69 74 75 
38
2 3 4 8 12 13 20 25 26 27 28 29 
31 32 33 35 39 40 43 44 45 46 48 50 
52 53 54 56 58 61 62 65 66 68 69 70 
72 75 
45
1 2 3 4 7 8 9 15 19 20 21 23 
24 25 26 28 29 30 31 33 34 35 36 37 
38 39 40 41 44 45 46 47 48 49 53 61 
62 63 65 68 69 71 72 73 75 
40
3 4 5 6 7 8 9 12 13 14 15 16 
21 22 24 26 28 35 37 38 41 43 44 46 
49 50 51 54 55 56 58 61 62 63 64 67 
70 72 73 75 
34
3 7 8 9 10 11 14 15 20 22 24 26 
31 33 34 36 37 38 42 44 45 49 50 51 
52 57 60 61 63 66 67 68 69 71 
30
6 8 12 17 18 19 20 21 23 28 32 33 
35 38 44 45 48 52 54 56 57 58 62 63 
64 66 69 70 73 74 
33
5 7 10 11 16 19 21 27 30 33 36 37 
38 42 43 46 47 48 49 50 51 54 55 56 
58 61 62 63 64 68 69 73 75 
31
1 2 6 11 12 14 19 20 21 26 28 32 
33 37 38 40 43 45 46 47 48 51 54 58 
65 66 67 69 70 73 74 
33
2 3 4 6 9 10 11 12 18 19 20 22 
23 28 32 33 36 40 43 46 48 50 55 58 
59 60 62 64 68 69 71 73 75 
38
2 3 4 5 10 11 12 13 14 16 17 18 
19 22 23 25 27 28 29 30 31 32 35 40 
43 44 47 48 56 57 58 59 60 61 62 66 
70 73 
41
1 2 4 5 7 9 10 11 12 14 17 19 
20 21 24 26 28 30 33 35 38 40 45 46 
47 48 49 50 51 52 54 55 56 60 61 63 
65 66 70 71 72 
44
2 5 8 9 10 15 16 17 18 19 21 24 
25 26 27 29 30 31 33 34 35 38 39 43 
46 47 48 49 50 51 52 58 59 61 62 63 
64 65 67 69 70 72 73 74 
34
2 4 6 8 10 14 15 16 18 19 21 22 
23 28 29 33 34 35 38 41 43 45 46 47 
48 50 51 56 59 61 68 70 74 75 
41
3 8 9 10 11 12 14 15 16 17 19 22 
23 26 28 34 36 39 40 41 43 45 49 51 
52 54 55 56 58 59 60 61 63 65 66 67 
68 69 70 71 74 
38
2 3 5 7 8 9 10 11 12 13 14 16 
18 27 30 32 33 34 35 38 41 42 43 44 
47 50 51 53 60 62 63 64 68 70 71 72 
73 74 
44
2 3 4 7 9 10 11 12 16 17 21 23 
24 27 28 30 31 32 33 34 35 37 38 39 
40 41 42 45 46 51 54 56 57 58 60 61 
62 64 65 67 71 72 73 75 
37
6 8 9 10 11 17 18 19 25 26 29 32 
33 34 37 38 39 42 44 45 46 47 49 50 
51 52 56 58 60 61 62 66 68 69 70 71 
74 
36
2 4 6 7 10 11 12 14 15 16 17 21 
24 25 27 28 34 37 39 40 42 46 48 51 
52 55 56 57 58 60 61 63 64 66 71 75 
34
1 2 5 9 10 11 12 16 19 21 23 25 
26 27 30 32 34 35 37 38 39 42 44 48 
49 52 54 58 60 65 66 72 74 75 
41
1 4 5 6 13 14 15 16 17 20 23 24 
25 26 28 29 30 31 33 34 35 40 42 43 
44 45 48 50 52 53 55 56 58 60 66 67 
68 69 71 73 75 
30
3 5 6 7 9 14 20 22 24 25 27 33 
34 39 40 42 43 44 51 52 56 58 59 64 
67 68 70 71 72 74 
36
5 7 8 11 13 17 18 19 21 23 24 25 
26 30 33 35 40 42 44 47 48 51 52 55 
56 57 58 61 62 63 65 67 69 72 73 74 
40
3 4 7 10 12 17 20 21 22 25 29 30 
31 32 34 35 36 37 38 39 40 43 47 48 
50 51 52 53 55 57 58 59 61 63 66 67 
69 70 71 74 
41
2 4 5 6 7 9 12 13 15 17 18 21 
22 24 26 27 28 31 32 36 37 38 39 43 
45 47 48 49 52 53 55 58 61 62 65 67 
69 71 72 74 75 
35
4 5 7 8 10 11 15 16 17 18 20 24 
25 28 34 40 41 42 44 46 49 51 52 57 
58 59 60 63 64 65 68 69 71 73 75 
