25 75
1 1 1 1 1 1 1 1 1 1 1 1 
1 1 1 1 1 1 1 1 1 1 1 1 
1 1 1 1 1 1 1 1 1 1 1 1 
1 1 1 1 1 1 1 1 1 1 1 1 
1 1 1 1 1 1 1 1 1 1 1 1 
1 1 1 1 1 1 1 1 1 1 1 1 
1 1 1 
33
2 4 5 6 8 9 10 11 19 20 24 25 
27 28 32 33 38 41 43 45 47 48 49 50 
52 56 60 61 64 66 72 73 75 
42
1 2 3 4 5 7 8 9 10 11 12 13 
14 18 20 21 24 25 27 28 31 33 34 39 
41 43 44 48 49 53 55 57 58 62 63 66 
67 68 69 70 72 73 
34
4 9 10 13 14 16 18 19 21 22 24 30 
31 33 34 35 38 39 45 47 48 50 53 54 
55 57 60 63 65 67 68 71 72 73 
38
1 2 3 5 6 8 9 11 12 14 17 21 
23 24 25 26 28 31 35 37 38 40 41 42 
43 44 48 51 53 54 56 57 60 66 67 69 
71 72 
39
2 3 4 8 9 10 13 20 22 24 26 28 
29 31 33 35 37 38 40 41 44 46 47 49 
50 51 54 59 60 62 63 65 67 68 69 71 
73 74 75 
36
1 3 6 11 12 14 16 18 19 21 23 24 
25 26 28 29 30 32 33 34 35 36 39 42 
48 52 54 55 57 60 63 64 68 69 71 72 
36
1 4 6 8 9 10 11 14 16 17 18 20 
21 25 26 29 32 34 42 43 44 46 49 51 
52 53 58 61 64 65 66 70 71 73 74 75 
46
3 5 6 7 8 9 10 11 12 14 16 17 
18 20 22 24 25 27 31 33 35 37 38 39 
40 41 42 44 45 46 47 49 56 57 58 59 
60 61 63 64 65 68 69 70 73 74 
34
2 5 9 10 12 15 18 20 21 22 24 25 
27 30 32 35 37 41 43 45 47 48 50 51 
54 64 65 66 67 69 70 71 72 75 
32
1 3 5 7 8 17 20 22 25 31 36 37 
38 39 40 44 45 49 50 51 54 57 61 62 
63 64 65 67 70 72 74 75 
35
1 2 3 6 7 8 10 15 16 19 21 22 
23 25 26 29 30 31 32 33 34 35 39 41 
42 49 52 56 57 59 62 64 69 72 73 
36
1 4 5 7 9 15 16 19 20 24 25 26 
27 31 34 36 39 40 41 42 43 44 46 47 
48 49 50 51 55 57 59 62 63 64 65 66 
38
1 2 3 5 8 9 11 12 13 15 16 17 
27 29 31 35 36 37 38 40 43 46 47 50 
53 54 55 56 57 62 63 64 65 66 70 71 
74 75 
39
1 3 4 5 7 8 10 11 13 15 17 25 
26 27 29 32 33 35 38 39 42 44 45 49 
50 53 58 59 63 64 66 67 68 69 70 72 
73 74 75 
41
1 2 3 5 6 9 11 12 15 18 19 20 
21 25 26 28 31 33 34 35 36 41 42 45 
47 48 51 53 56 58 61 62 63 64 65 66 
67 68 71 72 75 
39
1 2 3 9 10 12 15 16 19 20 22 23 
24 26 27 28 33 38 39 41 42 43 46 47 
50 53 54 56 57 58 62 64 65 67 68 69 
71 74 75 
39
3 4 5 6 11 12 14 16 17 18 19 24 
27 28 35 36 37 38 39 44 46 47 48 49 
51 52 53 54 56 57 58 62 63 64 66 68 
70 71 74 
37
2 4 12 15 17 21 22 23 24 25 26 28 
29 31 32 33 37 39 40 41 42 44 45 49 
50 53 55 56 59 60 61 63 64 65 66 68 
72 
34
4 5 6 7 10 11 12 15 16 17 18 20 
26 27 28 34 36 37 41 48 51 52 56 57 
58 59 61 63 64 67 72 73 74 75 
37
2 3 4 6 7 10 15 18 20 21 23 24 
27 28 29 30 31 33 37 38 41 44 45 46 
47 50 51 54 55 56 58 60 63 64 66 67 
73 
32
1 3 4 7 10 12 14 17 18 19 20 21 
26 28 32 33 36 37 38 39 40 42 44 46 
48 51 52 54 56 61 67 69 
43
1 4 5 7 9 10 11 12 15 16 18 20 
21 24 25 26 28 31 32 34 37 38 39 41 
42 43 48 49 50 51 52 53 55 57 58 59 
60 62 67 69 70 73 75 
34
2 3 4 7 8 12 14 19 20 21 22 23 
28 29 31 33 34 35 36 38 40 44 45 47 
49 50 51 52 56 57 61 67 72 74 
30
2 7 8 9 11 12 13 17 18 20 21 24 
26 27 29 34 38 42 44 45 46 49 60 61 
63 65 67 68 71 73 
35
3 5 7 8 10 11 12 14 17 18 19 20 
21 23 25 27 29 31 39 40 43 49 50 51 
52 55 60 61 63 64 65 68 70 71 72 
