25 75
1 1 1 1 1 1 1 1 1 1 1 1 
1 1 1 1 1 1 1 1 1 1 1 1 
1 1 1 1 1 1 1 1 1 1 1 1 
1 1 1 1 1 1 1 1 1 1 1 1 
1 1 1 1 1 1 1 1 1 1 1 1 
1 1 1 1 1 1 1 1 1 1 1 1 
1 1 1 
37
4 6 10 11 12 15 16 18 22 26 27 28 
30 31 32 34 37 38 41 42 44 45 46 51 
53 56 58 59 61 64 65 66 68 69 71 72 
75 
41
1 3 4 7 9 11 13 17 18 20 21 22 
23 26 29 32 33 34 35 37 38 39 41 46 
48 51 52 53 54 56 58 59 60 62 63 64 
66 68 72 74 75 
42
1 2 4 5 7 8 11 13 14 16 19 22 
24 25 28 29 30 31 32 35 37 39 40 41 
44 47 48 50 52 53 54 55 56 60 63 64 
66 68 69 70 73 75 
41
2 4 5 6 8 9 10 12 13 21 22 24 
25 26 27 31 32 33 34 35 36 38 39 40 
43 44 45 49 52 53 54 55 56 58 59 60 
66 69 71 73 74 
34
1 3 7 8 11 13 15 20 21 22 23 24 
25 29 31 32 37 38 40 42 43 45 46 48 
51 52 54 56 59 63 65 69 70 72 
36
1 2 3 4 5 8 11 12 13 14 18 19 
24 25 29 31 33 36 37 38 40 41 42 43 
45 50 51 53 55 58 59 64 67 69 72 73 
44
1 2 3 4 5 6 8 11 12 15 16 20 
21 22 23 25 26 28 33 34 35 36 42 43 
44 45 46 51 52 54 56 59 60 61 62 63 
64 66 67 68 70 72 73 74 
39
1 2 3 4 5 7 10 13 14 23 26 31 
32 36 37 38 39 40 41 42 44 45 46 50 
53 55 57 59 61 62 64 65 66 69 70 71 
72 74 75 
38
8 9 10 13 16 18 19 21 22 23 24 25 
26 27 29 33 36 41 42 43 47 49 50 51 
52 53 55 56 57 58 60 64 65 67 70 72 
73 75 
31
2 5 9 15 17 18 19 21 27 29 32 33 
34 37 38 43 48 49 52 53 55 59 60 61 
64 65 66 67 68 72 73 
43
2 4 6 8 12 13 16 18 19 20 21 22 
23 24 30 32 34 35 36 37 39 40 41 43 
46 47 48 49 50 51 52 53 54 55 56 59 
60 61 63 64 65 66 71 
40
1 2 5 8 9 10 11 14 16 17 18 22 
23 27 28 29 31 35 36 37 39 40 41 43 
45 48 50 53 56 57 58 59 60 63 67 68 
69 70 72 75 
43
2 3 4 5 7 8 9 10 12 13 14 15 
18 19 20 21 22 25 26 28 30 35 36 38 
40 42 43 47 48 51 54 55 56 57 58 61 
64 66 69 71 73 74 75 
39
2 4 5 10 11 14 16 18 20 21 22 26 
27 29 32 35 36 37 41 42 46 47 48 49 
51 52 53 55 56 58 60 61 62 63 65 66 
68 71 75 
33
3 4 5 6 12 15 17 18 19 21 23 24 
25 28 29 30 31 33 34 36 37 40 43 44 
54 55 56 57 61 63 69 70 75 
41
1 4 8 9 10 12 16 17 19 20 21 23 
26 31 32 33 34 37 38 39 40 41 44 45 
48 50 52 53 54 55 56 58 59 62 63 65 
68 69 71 73 74 
34
5 7 8 10 15 16 18 19 20 21 22 25 
26 30 31 34 35 36 42 44 45 54 58 59 
60 63 64 65 67 68 72 73 74 75 
33
2 3 5 8 9 15 16 17 18 19 21 22 
25 26 30 31 32 34 36 38 41 43 45 46 
52 53 54 62 66 68 72 74 75 
35
5 10 12 13 14 15 17 19 20 21 25 27 
29 30 31 33 36 39 40 43 44 47 49 51 
53 54 60 62 63 64 66 67 69 70 72 
35
3 6 11 12 13 14 16 17 18 21 26 27 
30 32 35 40 41 44 45 47 48 49 50 55 
57 58 60 61 62 65 66 67 72 73 74 
35
1 3 4 5 7 11 12 16 19 21 24 28 
29 30 31 32 34 35 38 39 43 44 46 48 
51 53 54 55 61 67 68 69 71 73 74 
33
1 2 12 13 14 19 21 23 25 26 29 30 
33 35 36 38 39 40 43 44 45 47 49 50 
52 55 56 57 67 69 71 74 75 
34
2 4 6 9 10 13 14 15 16 17 22 24 
27 28 29 35 38 40 41 43 44 48 53 55 
56 59 61 63 65 69 70 73 74 75 
43
1 4 5 6 7 8 10 12 13 14 17 18 
19 21 27 29 30 31 33 39 40 42 43 44 
46 49 51 52 53 54 55 56 59 60 61 62 
64 65 67 68 71 73 74 
41
2 4 5 8 11 14 15 16 17 18 19 20 
22 23 25 28 32 33 35 36 37 39 40 43 
44 45 47 49 50 53 57 60 61 62 63 65 
69 72 73 74 75 
