75 75
1 1 1 1 1 1 1 1 1 1 1 1 
1 1 1 1 1 1 1 1 1 1 1 1 
1 1 1 1 1 1 1 1 1 1 1 1 
1 1 1 1 1 1 1 1 1 1 1 1 
1 1 1 1 1 1 1 1 1 1 1 1 
1 1 1 1 1 1 1 1 1 1 1 1 
1 1 1 
42
1 2 6 7 8 10 14 16 17 18 19 20 
21 23 25 26 29 30 31 32 34 35 37 38 
39 40 41 43 45 47 49 50 52 53 56 58 
59 60 63 64 69 74 
42
1 2 4 8 9 10 12 13 15 16 17 21 
22 24 26 29 30 32 34 35 37 38 39 40 
41 42 45 46 47 48 50 52 56 57 58 63 
65 67 70 71 73 74 
38
3 4 8 10 13 16 18 21 22 23 24 25 
26 32 33 35 37 40 42 45 48 49 51 52 
53 54 55 57 60 64 66 67 68 69 70 72 
73 75 
45
1 2 5 6 7 8 9 10 11 12 13 14 
15 16 17 18 19 20 22 25 26 27 28 34 
35 37 38 41 43 45 46 50 51 55 58 59 
60 65 66 67 68 69 70 71 73 
37
1 3 4 7 11 12 13 15 17 20 21 22 
23 24 27 28 31 32 35 36 37 38 42 45 
50 51 54 57 58 60 62 66 67 69 72 73 
74 
37
1 3 6 7 9 10 11 12 13 14 15 16 
21 22 23 25 26 30 32 33 36 37 39 42 
46 47 55 57 59 60 62 64 66 70 72 73 
75 
38
1 2 4 5 6 10 11 12 13 15 16 17 
18 20 21 22 24 28 29 32 33 38 39 41 
45 46 47 48 49 53 55 58 62 64 65 66 
68 70 
43
3 6 7 8 9 10 12 14 16 18 19 20 
21 23 27 29 30 32 33 34 38 40 41 45 
46 47 48 50 51 54 55 59 60 61 62 63 
64 65 67 69 71 72 74 
36
1 10 11 13 15 16 20 23 24 25 26 29 
30 31 37 41 42 43 44 45 46 48 50 53 
56 58 59 62 66 68 69 70 72 73 74 75 
44
2 3 4 5 6 7 8 9 10 15 18 19 
20 26 27 28 30 32 33 35 36 37 42 44 
45 46 47 48 50 53 55 56 59 60 61 62 
64 66 68 69 72 73 74 75 
38
2 3 4 5 6 9 10 13 14 15 18 19 
20 21 24 25 27 28 32 33 34 36 39 40 
41 45 50 51 52 57 58 59 62 63 65 68 
70 75 
37
3 6 7 8 11 17 19 20 22 24 27 28 
30 32 33 36 37 38 39 42 44 45 46 48 
49 50 53 55 59 60 66 68 69 71 72 73 
75 
35
2 4 5 9 13 15 18 19 20 24 28 29 
34 37 38 39 40 41 42 44 47 49 50 56 
58 59 60 62 64 65 66 67 68 70 71 
35
2 5 9 11 13 14 18 19 21 23 24 27 
28 29 31 32 33 34 36 38 45 47 48 49 
50 51 53 55 56 57 58 65 69 71 74 
37
3 6 9 10 11 12 13 14 15 16 19 20 
21 27 30 31 32 34 35 36 40 42 44 46 
47 55 56 57 59 60 62 64 66 67 69 74 
75 
36
1 5 7 9 11 13 19 20 21 22 23 24 
28 29 31 34 37 38 40 41 47 49 52 56 
58 60 63 66 67 68 69 70 71 73 74 75 
38
1 2 3 9 10 12 14 17 18 19 20 21 
24 27 29 30 31 32 33 37 38 40 41 43 
45 46 48 49 53 56 57 59 61 62 67 73 
74 75 
36
1 2 5 7 10 13 15 20 23 24 26 27 
28 29 30 32 34 35 36 37 39 40 45 46 
48 52 53 54 56 59 60 62 65 66 68 71 
36
1 2 4 8 10 11 12 13 15 16 19 22 
23 24 28 29 30 32 36 39 41 46 47 49 
51 52 53 54 56 59 61 62 64 65 71 73 
32
4 6 7 8 10 13 18 21 23 24 26 29 
31 36 38 40 41 42 44 46 47 50 51 52 
54 58 59 61 63 68 69 71 
37
4 6 7 8 10 14 15 18 20 21 22 23 
27 28 29 31 32 40 41 42 48 49 50 54 
56 58 59 60 61 62 63 66 67 71 73 74 
75 
30
1 3 6 8 10 11 14 15 17 20 23 27 
30 33 35 40 43 45 47 49 52 54 56 59 
62 66 67 69 72 73 
35
2 6 8 10 13 14 16 17 18 20 23 26 
29 30 31 34 35 36 39 40 46 47 48 49 
53 55 56 59 62 63 67 69 71 74 75 
43
1 2 3 6 8 9 11 12 13 14 16 18 
19 20 23 24 25 26 30 34 35 36 37 40 
41 42 46 47 48 53 55 56 57 60 63 66 
67 68 69 71 72 73 75 
44
1 3 4 6 7 11 12 14 15 16 17 18 
19 20 21 24 25 26 28 29 30 31 32 33 
35 37 40 42 43 44 46 47 50 51 53 56 
58 59 60 61 63 64 65 71 
41
2 4 6 7 9 12 13 16 18 19 20 21 
23 25 27 30 32 36 37 38 39 40 42 43 
45 46 47 48 51 52 53 54 56 57 60 68 
69 70 72 74 75 
37
1 2 4 7 8 9 11 13 15 18 19 21 
29 34 35 36 37 38 42 43 45 46 49 55 
56 57 58 59 60 61 64 67 69 70 72 73 
75 
38
2 3 7 9 12 13 14 15 16 17 19 23 
24 25 26 32 35 38 39 40 42 44 45 46 
49 50 54 55 56 58 59 60 61 62 63 64 
70 73 
38
1 3 6 7 8 9 14 16 18 22 24 25 
26 28 29 33 34 36 37 40 41 42 43 47 
49 51 53 55 56 58 60 61 62 64 66 70 
73 74 
39
1 3 5 6 7 8 10 16 21 22 23 25 
27 28 29 30 32 33 34 39 40 41 43 44 
46 49 51 52 53 55 56 57 58 61 64 68 
70 71 72 
38
1 2 3 5 6 8 9 15 16 17 20 21 
22 23 25 26 27 30 32 35 38 40 41 42 
43 47 49 53 55 58 60 62 68 69 70 71 
72 75 
41
2 3 4 6 7 9 10 12 13 14 15 18 
19 20 22 23 24 28 32 33 34 35 36 37 
38 39 41 43 46 47 48 51 56 57 58 60 
61 65 66 67 75 
37
3 5 9 11 14 15 16 17 20 21 22 23 
24 28 29 30 32 36 40 41 44 45 49 50 
53 57 59 61 62 63 64 65 67 69 71 72 
73 
37
6 7 8 9 10 13 17 18 21 26 28 30 
34 35 37 39 42 43 44 45 46 47 49 50 
51 52 53 57 58 59 62 63 64 65 68 72 
73 
32
2 3 5 6 12 14 15 16 17 19 24 28 
29 31 32 36 38 39 49 50 51 52 55 56 
59 61 64 65 66 69 73 75 
40
2 6 7 11 13 15 16 17 18 19 22 23 
25 26 28 29 32 34 42 43 45 46 47 48 
52 53 56 58 59 61 62 65 66 68 69 70 
71 72 74 75 
39
1 5 10 13 14 16 18 19 20 23 24 25 
26 27 29 31 35 36 37 40 42 44 45 47 
48 50 51 53 54 55 56 59 61 67 68 70 
71 73 75 
41
2 4 6 7 8 10 12 13 14 17 19 20 
22 23 25 26 28 29 30 31 33 34 35 37 
39 40 42 48 49 53 54 58 59 61 62 63 
65 66 70 72 74 
44
1 2 5 9 10 11 13 14 15 19 20 22 
23 25 27 28 31 35 36 37 38 39 40 42 
44 48 49 51 52 53 54 56 58 59 60 64 
65 67 68 71 72 73 74 75 
34
4 8 12 13 14 15 16 18 20 21 23 24 
25 26 27 28 29 31 32 33 35 43 44 45 
47 50 51 61 63 65 67 68 71 75 
42
1 2 3 5 7 8 9 15 20 22 24 27 
28 29 31 32 34 35 37 39 40 41 42 43 
44 46 48 50 53 54 55 56 58 59 62 64 
65 68 70 72 74 75 
39
6 8 9 14 16 18 20 21 22 24 25 28 
30 34 35 39 40 41 42 43 46 47 48 49 
50 52 53 56 57 59 61 62 63 64 65 67 
68 73 75 
42
1 4 5 6 7 8 9 10 12 13 14 15 
20 22 23 25 26 27 28 29 34 36 37 39 
42 45 46 48 50 51 57 60 61 65 66 67 
68 70 71 72 73 75 
35
1 5 7 9 11 16 17 18 21 23 26 27 
28 29 30 31 32 33 36 38 40 41 43 52 
54 55 56 59 61 65 66 71 72 74 75 
38
6 7 8 11 15 16 17 18 19 21 23 24 
31 32 34 38 43 44 46 47 48 50 52 54 
55 57 58 59 61 63 64 65 69 70 72 73 
74 75 
40
1 2 4 5 8 11 12 13 16 18 20 21 
22 23 24 25 27 32 33 38 39 41 45 48 
49 50 52 54 55 57 58 59 60 61 63 67 
68 70 73 75 
40
1 2 5 9 10 14 16 20 28 29 32 33 
34 35 36 37 39 41 42 43 44 49 51 52 
54 55 57 58 59 60 62 63 64 66 67 69 
70 71 72 74 
40
1 3 5 6 8 10 18 19 20 22 23 25 
26 29 30 32 34 36 37 40 41 43 44 45 
51 52 54 55 56 57 59 61 62 63 64 66 
67 69 71 73 
40
2 3 4 5 7 8 9 10 11 15 18 20 
23 24 25 26 31 33 34 35 38 39 40 42 
43 45 46 48 50 53 54 57 62 64 65 67 
68 70 72 74 
39
1 2 3 5 6 8 9 11 12 14 15 17 
18 21 23 26 27 28 33 35 37 40 42 43 
45 46 48 49 51 54 56 60 61 62 66 72 
73 74 75 
38
1 2 5 8 9 12 13 15 16 21 23 25 
26 28 29 30 32 33 35 40 41 43 45 46 
47 50 54 55 56 59 61 64 66 67 71 72 
73 74 
33
5 7 8 9 12 14 23 24 30 31 34 35 
36 37 40 42 44 45 46 49 50 53 55 57 
59 60 63 64 65 66 69 72 73 
33
1 2 6 8 10 11 12 15 16 19 20 21 
23 27 28 29 30 32 33 34 40 41 46 48 
50 52 53 59 62 64 69 70 75 
36
1 5 6 8 13 15 16 20 23 24 25 26 
27 28 33 34 35 36 37 38 39 40 47 49 
52 53 55 56 61 62 63 66 67 69 73 75 
34
5 7 8 9 10 11 16 24 25 27 29 30 
38 39 42 43 44 46 47 48 49 58 59 60 
63 64 65 66 69 70 71 73 74 75 
40
1 8 9 11 13 14 19 21 22 26 28 29 
30 32 33 35 36 37 38 41 42 43 45 46 
47 49 55 57 60 62 64 65 66 68 69 70 
72 73 74 75 
35
2 3 6 7 10 11 12 14 19 22 25 26 
28 29 30 31 32 33 34 36 37 38 40 46 
48 51 54 55 56 60 63 64 67 70 72 
39
7 8 10 11 12 13 14 15 16 18 22 23 
24 25 26 29 32 33 38 39 42 44 46 47 
48 50 52 53 56 58 60 65 66 67 68 69 
71 72 73 
36
1 2 4 5 6 7 10 11 15 16 20 21 
23 24 28 29 30 32 34 37 40 43 45 50 
53 54 55 56 60 61 63 64 65 70 72 74 
30
1 7 11 18 19 22 23 27 29 30 31 32 
33 37 38 39 43 44 48 49 51 52 53 55 
61 62 64 66 67 72 
35
5 6 7 9 10 13 15 20 21 22 23 25 
27 28 29 31 33 34 35 36 39 41 42 43 
44 46 47 48 51 56 60 65 69 71 72 
39
1 2 4 7 9 13 15 16 17 22 24 25 
26 28 30 31 32 33 34 35 37 38 41 42 
44 45 47 49 50 51 56 58 59 65 70 72 
73 74 75 
35
2 3 9 11 12 16 17 18 20 26 27 31 
33 34 36 37 38 39 40 42 43 45 47 48 
50 57 58 59 60 61 62 66 68 73 75 
27
1 4 10 15 18 20 21 22 26 29 32 38 
43 45 47 49 51 52 56 58 60 61 63 64 
68 69 74 
39
1 3 6 8 13 15 16 18 19 21 23 24 
32 33 36 38 42 43 45 46 47 49 50 51 
52 54 55 56 58 59 60 62 63 67 68 70 
71 73 74 
27
1 3 4 5 6 10 13 14 16 20 25 31 
34 39 41 43 44 52 53 54 61 62 63 65 
66 71 74 
37
4 5 8 11 14 17 18 20 22 23 24 27 
28 29 30 31 36 39 41 44 45 48 50 52 
57 58 59 60 61 62 63 64 67 68 69 70 
72 
34
2 5 10 13 16 18 20 22 23 24 28 29 
31 35 36 38 39 41 43 44 46 49 51 52 
58 59 61 63 64 65 67 70 73 74 
35
2 3 5 8 11 12 13 15 16 17 19 25 
26 30 31 32 34 35 36 44 45 46 47 48 
52 54 58 59 60 65 67 68 69 72 73 
35
1 3 4 6 7 8 9 12 13 14 16 18 
20 22 23 24 27 29 31 33 36 37 38 39 
40 43 44 46 53 61 66 68 73 74 75 
46
1 3 4 5 6 7 9 11 13 14 15 16 
17 18 19 20 21 25 26 27 28 29 31 32 
33 35 37 39 40 42 43 44 45 48 50 52 
54 58 60 62 63 65 66 68 74 75 
36
2 3 7 8 12 15 16 19 20 24 26 27 
29 31 33 36 39 40 41 45 46 47 49 52 
53 54 58 59 60 62 63 67 68 69 70 72 
33
2 3 4 5 9 11 12 13 14 15 17 21 
22 23 28 29 32 34 37 38 39 41 44 45 
47 48 52 57 62 63 64 65 75 
38
1 2 3 9 10 12 13 14 15 16 18 19 
23 24 28 29 31 32 34 36 37 38 43 44 
48 49 51 54 56 60 61 62 64 66 69 70 
71 75 
37
1 5 8 9 14 19 20 23 24 25 27 29 
31 32 33 36 37 38 41 42 43 44 46 51 
52 53 55 56 57 59 61 63 65 67 68 72 
73 
