75 75
1 1 1 1 1 1 1 1 1 1 1 1 
1 1 1 1 1 1 1 1 1 1 1 1 
1 1 1 1 1 1 1 1 1 1 1 1 
1 1 1 1 1 1 1 1 1 1 1 1 
1 1 1 1 1 1 1 1 1 1 1 1 
1 1 1 1 1 1 1 1 1 1 1 1 
1 1 1 
33
2 3 4 5 9 11 12 14 21 22 23 28 
29 31 32 35 37 41 42 46 50 54 58 59 
60 62 66 68 70 71 72 73 75 
39
2 3 5 7 8 10 12 16 17 24 26 27 
28 30 31 32 33 35 37 39 41 44 45 49 
50 52 55 56 58 60 62 63 64 67 68 71 
72 73 75 
41
1 2 3 4 6 7 8 9 10 11 12 14 
18 19 20 21 23 25 30 31 34 36 38 39 
40 41 42 43 44 45 46 47 50 55 59 65 
66 69 70 73 75 
45
1 2 3 6 7 8 10 11 13 14 19 20 
21 22 24 26 27 28 29 31 32 36 37 39 
40 42 43 44 45 46 47 49 50 51 55 57 
62 65 67 68 69 71 72 73 74 
34
1 4 7 8 13 14 17 20 21 22 24 26 
27 31 37 39 40 41 47 49 50 52 53 56 
57 61 62 63 64 68 70 72 73 74 
34
1 2 8 9 10 14 15 20 21 24 26 29 
32 33 34 35 36 38 41 49 56 59 62 63 
64 65 66 67 68 70 71 72 74 75 
36
1 2 4 9 13 16 17 19 20 25 26 27 
28 33 34 35 36 40 41 43 46 49 50 54 
55 57 58 59 63 65 66 67 68 70 73 75 
45
1 2 4 8 10 11 13 14 15 16 18 20 
21 23 24 25 26 27 30 31 32 33 35 36 
37 39 41 42 45 46 54 55 56 57 58 59 
60 61 62 63 66 67 70 73 75 
36
1 4 6 8 11 17 21 24 25 26 31 34 
38 39 41 42 43 44 45 46 48 50 52 53 
57 59 60 63 64 68 69 70 72 73 74 75 
33
6 7 8 9 12 15 18 19 21 22 25 31 
34 35 37 39 40 43 44 45 48 50 53 56 
60 64 65 67 69 70 73 74 75 
43
1 4 7 9 10 11 12 16 17 20 21 23 
24 26 27 30 34 35 37 38 41 42 44 46 
47 48 50 51 54 55 58 59 61 62 63 64 
65 67 68 70 71 72 75 
36
2 3 5 6 10 11 12 13 14 22 23 25 
30 32 33 34 35 37 39 40 41 44 46 51 
52 56 58 63 64 66 67 68 69 72 73 75 
42
2 3 4 5 7 8 10 11 12 14 15 16 
18 20 21 22 24 25 26 28 29 30 32 36 
40 44 46 47 50 52 54 55 58 59 61 62 
64 66 69 71 73 74 
36
1 5 7 9 14 16 18 19 22 29 30 32 
33 36 37 38 43 48 49 50 51 53 54 55 
57 60 62 63 64 65 66 67 68 69 72 74 
40
1 3 5 6 8 10 12 14 16 17 21 22 
23 24 25 27 28 29 30 32 35 36 37 38 
40 41 49 51 53 54 55 58 59 60 62 63 
66 68 70 75 
40
1 2 3 6 8 9 11 13 15 16 17 19 
22 25 26 28 32 34 36 37 38 39 41 46 
49 51 52 56 59 60 61 64 65 66 69 70 
72 73 74 75 
40
3 4 5 6 10 11 13 15 16 17 18 19 
20 24 26 27 29 34 35 40 42 44 45 47 
48 49 52 53 54 55 58 59 60 61 62 68 
69 70 71 74 
37
1 2 3 7 9 11 12 13 14 19 21 22 
25 26 27 29 30 31 32 33 35 38 42 43 
44 46 50 51 52 53 59 61 63 69 73 74 
75 
33
3 5 6 9 11 12 15 17 19 21 23 25 
27 28 30 31 32 34 35 40 43 47 55 56 
61 63 64 65 67 69 70 71 74 
33
3 7 9 10 12 15 17 22 24 25 30 31 
32 33 35 36 37 41 46 47 50 51 52 54 
56 60 61 63 66 68 70 73 75 
38
1 3 4 6 7 9 11 13 15 17 20 21 
23 24 26 28 30 31 34 36 38 40 41 42 
43 48 50 51 53 56 58 60 61 63 69 70 
72 74 
36
4 9 13 14 15 19 21 25 27 28 31 32 
34 36 37 40 44 45 46 47 48 50 52 53 
55 56 57 58 59 61 62 63 65 69 72 74 
33
1 5 6 7 9 11 14 16 17 18 19 22 
23 24 28 30 33 37 39 45 46 47 48 49 
52 55 62 65 67 68 71 73 74 
35
4 7 10 17 18 22 24 25 26 27 31 36 
39 40 41 43 45 47 48 49 50 52 53 54 
55 56 57 61 65 70 71 72 73 74 75 
31
1 3 4 9 11 12 15 18 19 24 28 29 
31 34 37 39 41 42 43 47 54 59 62 64 
66 67 68 70 72 73 74 
37
5 6 16 17 19 21 22 25 26 28 32 33 
36 37 38 39 40 41 42 43 44 45 46 47 
50 51 52 56 57 58 62 63 64 66 67 70 
74 
43
1 2 3 4 5 6 7 8 14 17 18 21 
22 23 25 27 31 35 36 37 38 39 40 43 
44 50 51 52 54 56 58 59 60 61 62 63 
64 65 66 67 68 72 74 
36
2 5 11 12 13 15 17 18 19 22 24 25 
26 30 32 34 36 37 38 48 50 51 52 55 
58 59 60 61 63 64 65 70 72 73 74 75 
44
1 2 5 6 7 8 9 11 13 14 18 20 
22 24 28 30 31 33 38 39 40 41 42 43 
44 45 46 47 48 49 50 52 54 55 58 59 
60 61 63 66 67 69 71 74 
30
1 5 7 8 9 10 15 16 18 21 22 27 
28 29 31 35 37 38 40 41 46 48 49 52 
54 56 57 60 64 70 
31
1 2 4 6 7 9 15 17 20 21 22 26 
33 38 40 43 44 45 46 47 50 52 55 58 
60 62 65 66 69 73 75 
41
1 5 6 7 9 11 12 14 16 18 19 20 
21 22 23 32 33 36 40 41 42 43 44 45 
46 49 50 51 52 53 56 57 59 60 62 63 
64 65 70 72 75 
42
1 2 5 6 7 8 11 12 13 15 16 19 
23 24 25 26 27 28 30 33 34 35 37 38 
39 42 43 45 48 50 53 54 56 59 61 62 
63 65 70 71 72 73 
42
1 6 8 10 12 16 18 19 20 21 22 24 
25 26 28 29 31 32 36 39 40 43 45 46 
47 49 50 52 53 56 58 59 60 62 64 66 
67 70 71 72 74 75 
46
2 4 6 8 9 11 12 13 14 15 16 19 
20 22 27 29 30 31 32 33 34 35 36 37 
38 45 46 47 48 50 52 54 57 58 60 61 
63 64 66 67 68 70 71 72 74 75 
42
1 2 3 4 12 13 17 18 19 20 23 25 
26 28 30 31 34 35 36 37 38 42 43 44 
45 47 48 49 52 53 54 57 58 60 61 63 
65 66 68 72 74 75 
36
1 3 4 7 9 11 12 14 18 19 21 23 
29 30 31 33 35 36 37 42 44 46 47 51 
52 56 57 59 60 63 64 65 68 69 70 75 
42
1 2 7 8 10 12 13 15 17 18 20 21 
23 24 25 26 29 31 32 34 36 37 40 42 
47 48 49 51 52 55 56 58 60 62 63 65 
66 67 69 70 71 72 
45
1 2 3 4 6 7 8 9 10 12 15 17 
18 19 21 25 26 31 33 36 37 43 44 45 
46 47 48 50 51 52 53 54 57 59 60 61 
62 63 64 65 66 68 69 71 74 
37
6 7 8 9 11 12 14 17 18 20 21 23 
26 29 30 31 33 40 42 43 44 45 46 49 
51 55 58 60 61 64 68 69 71 72 73 74 
75 
38
2 4 6 7 8 10 11 13 16 17 19 20 
21 22 25 26 31 32 36 37 39 40 42 43 
45 46 48 50 54 58 59 61 62 65 66 70 
74 75 
37
1 2 4 7 8 11 12 13 14 15 17 21 
24 25 26 31 32 34 35 38 41 44 47 48 
49 50 51 56 57 58 59 60 62 64 66 69 
73 
33
1 3 4 6 12 13 14 15 16 20 21 22 
23 24 32 35 38 43 46 47 51 52 53 55 
56 59 62 65 67 68 69 73 74 
42
8 9 10 11 13 14 15 16 17 24 28 30 
31 32 34 35 37 38 40 41 44 49 50 52 
53 54 56 57 58 59 60 62 63 64 65 68 
70 71 72 73 74 75 
35
2 3 6 7 8 10 13 15 16 17 18 22 
24 25 26 27 33 34 36 39 42 44 45 46 
47 49 52 54 57 61 66 68 69 70 74 
29
2 4 5 10 11 14 15 16 17 18 20 22 
23 24 27 28 29 30 32 35 37 39 53 55 
62 64 68 70 75 
34
2 3 4 5 7 8 9 10 11 12 14 16 
17 19 20 21 22 27 31 34 36 39 43 44 
46 51 54 56 58 64 67 70 71 75 
42
2 3 6 7 8 9 11 12 14 15 21 23 
25 26 28 29 33 34 35 36 40 45 48 49 
51 53 54 55 56 57 60 61 62 63 64 67 
70 71 72 73 74 75 
37
3 5 7 8 10 11 15 18 19 24 29 30 
32 33 35 37 38 39 42 43 44 47 48 49 
51 52 54 59 60 62 65 68 69 70 71 72 
75 
26
1 3 4 9 11 14 16 19 23 29 31 32 
33 35 40 44 45 47 48 51 54 57 62 64 
69 72 
35
2 4 5 11 14 16 17 20 23 24 28 29 
30 33 34 35 36 42 44 45 49 50 51 52 
53 54 59 62 64 65 67 68 71 72 74 
37
1 3 4 5 10 11 14 16 17 18 23 27 
29 30 33 37 38 39 40 42 44 47 49 50 
52 54 57 58 60 61 65 66 68 69 70 72 
73 
44
1 2 3 4 7 8 9 10 12 15 19 21 
22 26 27 29 30 31 32 33 34 35 37 38 
39 41 44 45 46 47 55 56 58 59 62 63 
64 65 67 70 71 72 73 74 
35
1 5 6 7 8 10 11 12 13 17 20 21 
22 23 25 26 28 31 34 48 50 51 52 57 
60 61 62 63 65 66 67 68 70 71 75 
36
3 5 8 12 14 15 19 24 28 31 34 35 
36 38 39 41 44 46 50 52 54 56 57 58 
60 61 62 64 65 66 67 68 69 70 73 75 
41
1 4 6 9 10 11 14 17 18 20 21 22 
25 26 27 28 31 32 33 35 36 38 40 43 
44 45 46 47 48 50 51 52 53 58 59 60 
63 66 67 72 75 
37
1 2 4 11 12 14 15 16 20 21 22 24 
25 26 28 32 34 36 37 38 39 41 43 44 
46 49 51 55 57 58 60 61 62 63 64 74 
75 
37
2 3 4 5 7 11 12 15 16 18 22 23 
24 25 29 31 34 35 36 38 39 41 45 46 
47 49 50 53 54 59 64 65 67 68 69 72 
74 
42
1 3 4 5 7 12 15 16 18 19 20 22 
25 30 31 32 33 34 35 37 38 39 40 41 
43 44 45 48 49 51 53 54 55 58 60 62 
64 65 68 69 73 74 
32
1 3 4 5 7 11 13 14 20 21 25 27 
32 34 38 39 41 42 43 44 47 50 51 52 
56 59 60 61 64 65 68 75 
37
6 10 11 12 15 20 21 22 24 25 26 28 
31 33 34 35 36 39 41 44 45 52 53 54 
55 57 59 60 61 63 64 65 66 69 72 73 
75 
41
5 6 7 8 9 10 11 12 15 16 18 20 
21 22 26 28 29 30 31 32 33 36 37 38 
39 41 42 45 46 53 55 56 59 60 62 63 
67 68 70 73 74 
36
3 7 8 9 11 15 16 17 18 23 25 27 
28 30 31 32 33 36 39 40 41 42 44 49 
50 56 57 59 60 62 67 70 71 72 73 74 
40
1 2 3 7 9 10 12 14 15 17 20 21 
22 23 25 26 27 31 32 33 35 36 40 42 
43 44 45 48 49 50 52 59 60 61 69 70 
71 73 74 75 
40
1 2 4 5 9 14 15 19 20 21 23 24 
25 26 27 29 33 34 39 40 42 44 46 47 
48 50 51 52 53 56 58 60 64 66 68 69 
70 72 74 75 
33
2 5 6 9 12 14 16 18 19 21 22 23 
24 25 30 32 34 35 36 40 42 45 46 47 
51 55 56 57 60 66 68 72 74 
28
1 4 6 8 10 11 13 15 16 19 21 23 
26 34 36 37 41 42 45 52 54 55 58 60 
63 71 73 75 
37
3 4 6 7 8 9 11 13 15 18 19 21 
24 25 28 30 32 33 34 38 41 43 45 46 
48 49 52 55 56 58 63 65 67 68 70 71 
73 
48
2 3 5 6 7 8 9 11 12 13 16 17 
18 24 25 26 27 29 30 31 33 35 37 39 
40 42 44 46 49 51 52 53 55 56 57 58 
59 60 62 63 65 66 69 71 72 73 74 75 
41
1 2 5 6 8 10 12 13 14 15 16 17 
19 20 23 24 25 26 28 35 37 38 39 40 
42 44 46 49 50 53 56 58 61 63 66 69 
70 72 73 74 75 
35
2 3 4 7 8 13 14 17 18 20 22 24 
26 28 29 32 34 38 39 41 44 45 47 49 
50 52 53 54 56 61 62 63 64 69 73 
32
1 2 3 4 5 14 15 17 18 19 20 22 
24 28 31 35 36 41 42 46 47 51 52 54 
57 58 59 62 63 69 73 75 
31
1 2 3 5 11 13 16 17 18 19 24 28 
31 32 33 37 39 42 44 47 50 51 54 56 
60 63 65 67 70 74 75 
35
4 5 6 9 11 12 17 20 21 23 25 26 
27 28 29 31 34 35 36 41 42 45 48 50 
51 53 54 55 56 59 60 66 68 72 73 
40
1 2 3 8 9 11 12 13 14 15 17 18 
19 22 23 25 27 30 32 36 42 45 46 47 
48 50 51 55 56 57 58 60 61 63 64 65 
66 68 70 71 
