75 75
1 1 1 1 1 1 1 1 1 1 1 1 
1 1 1 1 1 1 1 1 1 1 1 1 
1 1 1 1 1 1 1 1 1 1 1 1 
1 1 1 1 1 1 1 1 1 1 1 1 
1 1 1 1 1 1 1 1 1 1 1 1 
1 1 1 1 1 1 1 1 1 1 1 1 
1 1 1 
39
4 5 6 7 8 9 11 12 15 18 20 26 
27 28 30 31 32 33 34 37 39 40 44 48 
52 55 56 57 58 59 60 61 63 65 66 67 
68 70 73 
40
1 2 4 6 7 12 13 14 17 20 21 23 
25 26 27 28 30 33 35 36 38 43 45 47 
49 51 54 55 57 60 61 62 63 65 66 67 
68 70 71 75 
32
2 4 5 7 10 13 15 16 19 20 23 26 
27 28 30 31 33 37 39 41 47 48 51 56 
60 61 65 66 67 68 70 74 
37
4 6 8 14 16 17 18 21 22 24 25 26 
28 29 30 31 35 36 37 38 40 41 43 44 
46 48 49 51 52 54 57 59 61 62 64 68 
74 
40
5 9 10 12 13 14 15 16 17 18 19 21 
22 24 25 28 29 30 37 38 40 41 44 46 
48 49 51 53 55 57 58 59 60 63 66 67 
70 72 73 75 
31
1 2 3 6 7 9 10 15 18 21 22 24 
25 27 30 31 35 43 45 49 50 51 53 56 
61 65 67 70 71 72 74 
43
2 4 5 6 8 9 11 13 14 15 16 17 
18 21 23 24 25 27 28 30 32 36 40 41 
42 44 45 46 47 49 51 52 53 61 62 66 
68 69 70 71 72 74 75 
34
1 2 5 9 11 13 15 17 18 20 21 22 
23 26 31 36 37 42 44 45 46 47 51 55 
60 63 64 65 66 67 71 72 73 74 
36
1 3 5 8 9 11 12 13 17 24 26 28 
30 31 32 33 34 35 36 37 39 41 46 50 
51 52 55 58 59 60 61 65 67 68 71 73 
32
1 2 3 5 6 12 16 19 21 24 26 27 
28 32 33 37 40 41 42 47 49 55 59 60 
63 65 68 70 71 72 73 75 
35
3 5 7 8 10 11 13 16 17 18 20 25 
31 32 33 34 42 44 45 46 47 49 50 51 
52 55 59 61 63 67 69 71 72 74 75 
44
1 3 5 6 7 11 12 13 15 17 18 19 
20 21 22 23 24 27 28 29 31 37 39 40 
41 44 45 46 48 49 54 57 58 59 61 64 
65 66 67 68 69 71 72 73 
38
1 4 11 14 18 20 21 22 24 25 26 27 
29 31 34 35 37 38 39 40 42 46 48 49 
50 51 53 57 59 61 62 66 67 68 69 70 
72 74 
40
1 4 6 8 10 11 12 13 16 17 18 20 
21 22 24 25 26 27 32 34 37 41 42 44 
45 47 48 49 51 54 55 57 59 64 66 67 
68 70 72 73 
36
1 4 5 7 9 12 14 16 19 20 21 23 
26 27 30 32 34 35 37 43 45 46 51 52 
55 59 60 64 65 66 67 68 70 72 73 75 
45
1 3 4 5 6 7 8 9 11 13 16 17 
19 20 21 22 23 25 26 27 33 34 35 36 
38 40 41 43 47 48 50 52 55 56 57 59 
64 65 66 68 69 71 72 74 75 
29
1 3 6 10 12 13 14 17 24 26 27 30 
33 34 36 37 39 42 47 48 50 56 57 58 
60 63 64 67 68 
31
1 2 6 8 11 20 21 25 26 29 30 33 
36 40 41 43 45 48 49 52 54 56 59 60 
61 64 65 69 70 72 73 
30
2 3 4 5 13 16 17 18 23 28 29 31 
33 34 37 39 44 45 47 48 49 50 51 52 
60 66 67 70 71 72 
36
3 6 8 10 11 13 17 23 24 25 26 29 
30 31 33 34 37 38 39 43 45 46 47 48 
49 51 53 54 56 61 66 67 69 71 73 75 
35
2 4 6 13 14 15 16 18 19 20 21 24 
25 27 28 29 30 33 34 35 38 43 45 46 
50 53 54 58 59 62 64 67 68 74 75 
34
2 8 11 16 19 22 23 24 26 27 29 30 
31 33 37 40 41 42 46 48 50 52 55 57 
61 62 63 64 68 70 71 72 73 75 
42
1 3 6 9 11 12 13 14 15 17 19 20 
21 22 24 25 28 29 30 31 32 36 40 43 
45 46 49 51 52 55 58 59 61 62 64 65 
66 67 68 69 72 73 
39
2 5 6 8 10 11 12 13 16 17 18 19 
20 21 23 26 27 28 32 36 39 40 46 50 
52 53 54 55 56 57 58 62 63 64 68 72 
73 74 75 
44
2 3 6 8 9 11 14 15 17 18 19 21 
25 26 27 30 31 32 33 34 35 36 37 40 
41 43 45 48 49 51 52 55 56 57 58 59 
64 66 67 69 71 72 73 75 
38
1 2 3 5 9 10 11 12 18 21 24 26 
27 28 29 32 38 39 42 46 47 48 49 50 
51 52 53 56 58 59 61 63 64 66 68 69 
72 74 
41
2 3 5 6 8 9 10 13 14 15 18 19 
20 25 26 30 31 32 33 35 40 41 43 44 
45 48 49 50 51 53 55 56 60 62 63 64 
65 66 67 72 75 
38
1 6 7 10 11 12 13 14 20 22 25 28 
31 34 36 38 40 41 48 50 51 53 54 58 
59 60 61 62 63 64 65 66 67 69 70 71 
73 75 
30
1 5 7 10 15 20 22 26 27 28 29 30 
31 32 33 34 35 40 46 51 52 53 54 55 
57 60 65 68 73 74 
40
1 4 5 6 9 14 18 19 20 21 22 23 
25 31 32 34 37 40 41 43 45 47 48 49 
51 52 53 57 58 59 60 61 63 64 65 66 
67 69 73 74 
33
2 9 10 11 12 15 16 21 23 25 26 30 
31 33 37 41 44 45 46 49 50 52 57 60 
61 63 66 67 68 69 70 74 75 
41
2 3 4 7 8 15 21 22 25 26 27 28 
29 30 31 32 34 36 37 39 40 41 43 46 
47 49 50 51 52 54 57 58 59 60 62 63 
67 70 71 72 74 
44
2 4 6 8 9 12 14 16 17 18 19 21 
23 24 29 33 34 35 36 39 41 42 43 44 
45 46 47 48 50 51 52 53 54 55 57 58 
60 61 65 69 71 72 74 75 
34
3 4 5 10 12 15 20 23 25 27 29 30 
33 36 38 41 43 44 48 50 51 52 54 55 
56 62 63 65 67 68 69 70 72 74 
40
2 4 5 6 8 10 11 13 15 16 17 18 
20 24 25 30 31 32 33 36 37 38 40 43 
49 50 52 53 54 55 57 60 61 65 66 68 
69 70 74 75 
38
1 2 4 5 6 11 14 17 21 24 25 27 
28 30 31 33 34 36 37 45 46 47 51 53 
54 55 56 57 60 61 63 64 65 69 70 71 
72 74 
27
2 5 13 16 17 19 21 22 24 26 31 32 
36 37 43 45 47 49 52 54 56 60 62 64 
68 72 73 
42
1 2 5 6 7 8 14 15 16 17 19 21 
24 27 28 29 30 31 33 34 35 37 38 39 
41 45 46 51 54 55 57 59 60 61 63 64 
65 67 69 71 74 75 
34
2 10 12 17 18 19 21 22 24 25 26 30 
34 37 40 43 46 49 50 52 53 55 57 58 
59 61 63 65 68 69 72 73 74 75 
29
3 8 10 13 14 20 21 22 24 26 27 30 
34 35 38 39 40 44 48 55 60 61 63 64 
65 69 71 72 74 
41
3 4 5 10 11 12 13 14 16 17 18 19 
21 22 23 25 27 28 31 32 38 39 41 42 
43 44 45 47 54 55 58 59 60 64 65 68 
70 71 72 74 75 
35
1 3 5 7 8 15 16 17 18 19 23 24 
26 29 32 33 35 36 39 40 42 43 45 50 
52 53 55 56 59 61 64 65 70 72 73 
30
2 4 5 6 7 8 12 15 17 18 20 23 
30 31 35 36 38 40 47 48 52 55 59 62 
66 68 69 70 71 74 
37
1 3 5 6 10 14 17 18 19 20 29 32 
33 34 36 37 41 42 43 44 47 50 51 53 
54 55 58 60 62 63 65 67 69 70 73 74 
75 
42
1 5 6 8 9 10 12 15 16 17 18 21 
23 26 29 31 32 33 35 36 38 39 40 43 
44 46 48 50 53 55 56 58 59 60 61 65 
66 67 68 70 72 73 
41
1 2 6 7 8 10 11 13 14 16 23 24 
25 29 30 32 33 35 37 39 40 42 43 48 
49 51 52 54 55 57 59 61 63 64 66 67 
68 70 73 74 75 
37
1 2 3 6 9 13 15 16 17 18 21 25 
26 28 32 33 35 36 37 40 41 42 46 47 
51 52 54 57 58 60 61 66 68 70 73 74 
75 
36
1 3 4 5 6 7 8 9 10 12 14 15 
16 21 24 28 30 31 40 41 43 45 46 50 
51 54 60 63 67 68 69 70 71 72 73 74 
46
1 3 4 5 6 7 8 9 10 11 16 18 
21 22 23 25 26 29 31 32 34 35 36 39 
40 43 45 47 48 50 52 53 54 55 56 57 
59 62 65 67 68 69 70 72 73 75 
44
2 3 4 6 7 8 10 12 13 14 16 18 
20 21 22 24 25 26 27 28 32 35 36 39 
40 45 48 49 51 52 54 56 58 61 62 63 
64 66 67 68 71 72 74 75 
32
1 3 6 8 10 11 15 16 18 19 22 24 
27 31 33 35 41 49 50 51 56 57 60 61 
62 63 64 65 67 69 73 74 
41
2 3 4 5 7 8 9 10 12 13 20 21 
22 24 25 26 27 28 29 33 35 40 41 42 
43 44 46 50 51 54 56 61 62 63 64 65 
66 67 71 73 74 
43
1 3 4 5 7 10 12 13 14 15 17 21 
23 24 25 30 31 34 36 37 38 39 40 41 
42 44 45 46 48 51 52 53 58 59 60 62 
63 65 66 67 71 73 74 
37
4 5 6 7 8 9 10 12 13 14 16 20 
25 26 28 29 30 31 32 40 41 48 52 53 
55 56 57 59 62 64 65 66 67 68 70 71 
74 
40
1 2 3 4 6 7 8 10 15 16 17 18 
19 20 21 24 28 29 30 31 34 35 37 38 
39 44 45 46 47 50 51 53 54 55 57 60 
61 64 65 74 
39
1 3 4 7 8 10 12 13 14 15 19 20 
22 26 27 28 31 34 38 39 42 44 49 51 
53 54 57 58 59 60 61 64 65 66 68 69 
71 72 75 
37
2 4 8 10 12 17 18 19 22 23 24 25 
33 34 36 38 40 41 42 45 47 52 53 54 
55 60 61 63 65 66 67 68 69 70 72 74 
75 
29
4 5 6 9 11 12 13 16 18 19 24 25 
28 29 31 36 38 44 46 47 49 51 52 55 
56 59 62 68 70 
35
3 4 6 10 11 12 18 21 24 28 32 33 
35 40 41 43 44 46 48 50 51 52 56 57 
58 60 61 63 64 65 66 68 70 74 75 
38
4 7 10 11 12 13 15 16 18 19 23 26 
30 33 34 35 36 41 43 44 45 49 52 53 
55 56 58 59 60 61 64 65 66 67 68 69 
73 74 
39
1 3 5 6 7 8 9 13 15 17 18 19 
23 26 27 29 35 38 40 41 42 43 44 46 
47 48 51 53 56 57 58 60 62 66 67 69 
71 73 75 
38
3 4 5 6 7 10 13 15 18 21 22 23 
24 26 29 35 36 37 38 39 40 41 42 44 
50 51 53 55 56 57 58 60 61 67 68 69 
74 75 
37
1 2 3 4 5 10 13 14 18 24 25 30 
31 32 33 34 35 37 40 44 45 47 50 51 
52 53 54 57 58 66 67 68 69 70 72 73 
74 
39
1 2 4 6 8 11 14 16 19 21 22 25 
26 27 31 32 34 35 37 39 43 44 46 50 
51 53 56 58 61 62 65 66 67 68 69 71 
72 74 75 
41
1 2 3 6 7 9 11 17 18 19 21 23 
24 25 28 30 34 38 43 44 45 46 47 48 
50 51 52 53 55 56 57 59 62 63 66 67 
69 71 72 73 74 
45
1 2 5 6 9 11 12 14 16 17 18 21 
24 25 26 27 28 31 33 35 37 38 39 40 
42 43 44 46 47 49 50 51 53 54 55 56 
58 59 61 62 67 69 71 73 74 
38
1 4 5 8 11 12 13 15 16 17 18 21 
22 26 27 31 33 34 36 37 38 40 44 48 
49 50 51 52 53 54 55 57 61 62 63 65 
66 75 
41
1 2 7 8 10 11 12 14 16 17 19 20 
21 22 23 24 25 27 30 31 34 38 40 42 
46 48 49 52 53 54 57 59 61 62 63 68 
70 71 72 73 74 
40
2 3 5 6 7 11 13 14 15 20 24 25 
26 30 32 34 35 36 39 44 45 46 47 48 
49 50 51 52 56 61 62 63 64 65 66 68 
69 70 71 72 
32
1 2 5 9 10 11 13 14 19 20 27 28 
31 32 33 35 37 39 43 48 50 53 56 57 
59 62 63 68 71 72 74 75 
42
3 7 9 10 12 15 16 17 18 19 20 21 
23 24 25 28 30 32 33 34 35 36 38 40 
41 42 43 45 46 50 51 52 56 58 59 61 
62 63 68 69 71 74 
31
1 2 4 7 9 10 13 14 16 18 20 22 
24 26 35 37 42 44 46 48 59 61 63 64 
67 68 69 71 73 74 75 
33
4 6 7 8 11 13 15 16 17 21 22 23 
24 26 27 28 29 30 31 39 40 41 50 51 
55 58 59 60 61 62 64 74 75 
43
1 3 4 5 7 11 12 15 21 22 23 24 
26 27 29 30 31 35 36 37 38 40 42 45 
46 47 48 49 51 52 54 55 56 57 58 59 
60 61 62 64 66 68 70 
37
1 2 3 4 6 7 8 9 10 11 13 20 
22 24 25 33 34 35 38 40 49 50 52 53 
54 56 57 58 60 62 65 68 70 71 72 74 
75 
