75 100
1 1 1 1 1 1 1 1 1 1 1 1 
1 1 1 1 1 1 1 1 1 1 1 1 
1 1 1 1 1 1 1 1 1 1 1 1 
1 1 1 1 1 1 1 1 1 1 1 1 
1 1 1 1 1 1 1 1 1 1 1 1 
1 1 1 1 1 1 1 1 1 1 1 1 
1 1 1 1 1 1 1 1 1 1 1 1 
1 1 1 1 1 1 1 1 1 1 1 1 
1 1 1 1 
33
5 6 8 9 11 18 21 28 33 35 36 42 
45 46 47 52 62 63 64 66 69 71 73 74 
75 78 79 82 83 91 95 96 99 
35
5 6 14 19 21 25 28 29 33 35 41 44 
48 51 56 59 61 62 63 64 65 67 68 70 
73 74 78 79 82 84 85 87 88 92 99 
36
1 4 10 12 19 20 29 30 34 38 39 40 
41 44 45 49 53 55 58 63 66 67 68 71 
73 74 75 76 81 82 83 84 93 95 98 99 
31
4 7 8 15 20 24 26 28 29 31 41 43 
44 47 54 59 60 63 64 70 71 72 74 81 
82 85 87 90 93 94 97 
38
1 2 6 9 10 13 19 20 21 22 24 30 
31 33 36 37 40 42 47 51 52 55 56 57 
61 67 68 73 74 75 76 80 82 89 91 92 
93 100 
33
2 3 5 9 12 14 18 20 21 27 28 29 
34 40 44 47 49 53 57 62 64 66 68 76 
80 82 84 85 88 89 91 94 95 
29
6 14 16 17 18 22 24 25 26 28 29 36 
37 42 44 49 50 56 58 72 74 75 78 81 
87 91 92 93 95 
31
7 8 9 10 13 14 16 28 29 32 34 38 
40 43 50 56 57 60 61 70 72 73 74 79 
82 84 85 86 90 96 99 
27
2 3 5 6 11 12 14 15 17 21 25 26 
27 31 46 57 58 60 61 71 72 78 79 84 
98 99 100 
28
5 6 13 25 26 27 29 32 33 35 38 40 
41 43 46 49 51 53 55 61 62 71 75 82 
85 88 92 100 
31
3 9 10 12 13 14 18 23 25 27 29 34 
35 45 47 48 50 53 55 57 65 66 69 71 
73 74 86 88 91 93 95 
27
1 2 11 14 15 17 18 23 32 35 36 44 
46 48 50 51 52 55 56 57 66 69 73 79 
82 84 94 
33
2 5 14 16 28 29 30 31 33 39 41 45 
46 48 50 56 57 59 60 62 63 64 65 66 
68 72 75 80 82 83 84 99 100 
29
1 3 5 9 11 13 14 19 21 22 23 26 
37 39 40 41 43 44 51 55 56 63 66 69 
72 76 77 84 93 
22
2 6 17 23 27 28 33 37 40 42 49 62 
73 75 81 82 86 88 89 90 96 100 
31
8 13 17 18 20 22 23 33 34 35 36 37 
41 48 49 51 52 58 59 67 69 73 81 82 
86 87 88 89 97 99 100 
27
3 8 10 15 16 19 20 27 28 33 34 37 
39 43 50 56 60 64 67 75 77 79 84 89 
91 93 98 
24
8 10 17 22 31 33 35 37 40 46 49 51 
64 66 71 72 73 76 77 79 82 88 93 97 
31
1 2 4 5 8 11 17 18 20 22 23 24 
32 34 37 40 43 44 54 58 61 66 68 71 
76 84 85 88 92 94 100 
28
4 6 8 16 24 26 28 30 36 39 41 44 
46 55 59 64 65 68 74 76 79 87 89 90 
91 93 95 99 
19
18 22 24 31 35 50 54 57 58 60 61 69 
71 74 81 82 89 97 98 
25
7 12 16 21 26 28 31 39 41 49 51 54 
62 65 69 78 80 81 82 84 88 90 91 93 
100 
27
3 9 12 20 21 23 24 39 40 43 44 50 
51 52 53 55 56 64 67 69 76 80 84 91 
93 99 100 
35
6 7 9 10 14 15 17 18 19 20 27 31 
33 39 49 51 52 56 60 64 65 66 67 71 
72 73 74 79 84 90 91 92 98 99 100 
34
4 8 9 11 17 18 21 22 24 30 35 36 
40 43 49 53 56 58 65 71 76 79 81 84 
86 87 88 90 91 92 95 96 98 99 
27
2 6 9 14 17 30 31 32 34 35 36 42 
50 53 54 55 56 63 72 77 80 84 87 91 
95 97 100 
22
1 3 5 9 10 11 18 27 30 32 43 47 
49 50 60 66 69 75 76 77 95 98 
37
1 5 7 16 19 23 24 25 26 34 35 40 
41 46 47 48 49 53 55 56 59 60 64 65 
66 68 71 74 78 79 85 86 89 90 94 96 
99 
26
5 8 12 15 24 26 31 34 37 38 39 43 
44 48 50 52 54 55 63 64 74 89 90 96 
98 100 
23
5 6 7 8 10 16 19 22 34 37 46 51 
52 53 54 69 71 80 84 87 90 97 100 
25
1 10 12 20 24 30 31 33 35 43 44 48 
49 56 60 61 63 67 68 70 71 72 90 96 
100 
25
5 10 13 15 22 23 25 30 34 37 40 41 
42 43 52 60 61 71 75 79 85 88 90 93 
100 
30
10 16 19 21 22 23 24 27 36 37 42 45 
46 48 49 50 59 61 64 70 72 74 76 81 
83 88 89 90 94 99 
36
1 3 6 9 11 17 20 25 28 29 32 36 
37 39 42 44 46 48 49 50 51 55 56 60 
62 63 70 73 74 75 77 84 86 88 98 100 
33
3 4 8 9 16 17 24 27 28 31 40 41 
42 43 48 50 51 56 57 65 70 71 74 75 
78 79 80 82 95 96 97 99 100 
41
4 10 13 15 18 19 22 23 26 27 28 30 
39 41 43 44 45 46 47 50 53 54 57 58 
59 62 64 66 74 75 76 77 81 82 84 85 
86 87 89 92 96 
31
4 8 20 31 33 34 38 39 42 46 47 51 
52 55 58 60 62 63 66 67 75 76 81 82 
85 86 92 96 97 99 100 
30
1 3 4 11 16 17 20 22 24 28 31 36 
42 45 51 52 53 56 57 61 64 66 69 76 
79 81 82 89 93 95 
25
3 7 11 14 18 25 39 40 41 45 47 50 
53 56 57 60 65 67 78 80 89 94 95 97 
99 
29
1 3 5 7 8 9 19 23 24 27 31 35 
39 40 41 43 44 52 55 60 62 68 75 77 
78 84 87 90 96 
32
21 22 23 30 33 36 38 39 41 51 53 54 
57 60 62 64 65 67 69 70 71 72 77 78 
81 82 84 87 88 90 91 96 
33
2 4 6 7 10 16 22 30 34 35 38 39 
41 42 44 45 47 50 53 61 62 65 68 71 
72 73 78 80 83 90 91 95 98 
30
4 5 6 7 9 12 15 25 27 29 32 35 
39 42 43 50 51 52 53 55 57 61 67 73 
81 86 91 92 96 97 
24
2 4 5 6 14 15 16 17 18 19 22 30 
34 47 57 60 66 80 82 83 84 86 97 98 
22
11 16 18 25 29 34 41 42 45 52 54 60 
67 69 71 73 74 80 86 87 91 96 
31
2 14 20 21 22 32 36 37 40 46 48 49 
54 55 57 60 61 65 66 67 70 79 81 82 
83 87 91 93 94 95 100 
35
5 7 9 10 12 23 24 27 29 34 35 37 
40 44 46 48 49 54 56 58 62 64 65 66 
70 71 74 78 81 86 87 90 91 92 98 
27
1 2 3 4 9 19 20 24 28 33 36 37 
39 48 59 63 65 66 67 73 77 80 82 87 
90 92 96 
35
2 4 8 13 14 15 17 27 30 33 35 37 
43 44 46 47 48 51 52 58 61 62 70 71 
75 76 81 82 86 89 90 95 96 98 100 
32
2 4 7 8 9 10 11 17 20 25 26 27 
28 30 34 35 36 47 49 56 59 60 61 64 
70 74 79 81 84 90 91 93 
26
8 9 11 12 18 19 22 24 28 29 30 32 
41 42 54 57 66 68 69 72 79 85 86 91 
98 99 
27
1 15 16 20 22 23 26 30 34 35 41 47 
48 51 53 62 66 67 70 74 80 83 91 92 
93 94 100 
25
1 2 12 13 14 24 25 31 33 36 37 39 
41 42 44 45 51 60 63 65 73 74 80 81 
88 
23
5 10 16 21 23 30 32 35 36 40 45 47 
52 56 58 64 68 78 80 85 88 89 97 
33
1 6 7 10 13 16 17 20 22 23 25 27 
30 31 36 38 39 45 47 51 52 54 61 63 
69 71 72 75 77 78 79 90 98 
26
5 9 11 13 20 22 27 28 32 33 35 42 
44 50 56 67 68 72 74 75 79 82 88 90 
97 98 
28
1 2 3 4 6 7 10 12 13 20 35 37 
39 40 42 46 48 52 57 58 59 60 74 78 
84 86 91 96 
30
10 11 13 14 18 21 23 25 26 29 31 34 
39 40 44 48 56 63 78 79 80 83 86 88 
89 90 93 94 95 96 
34
2 3 14 18 19 24 26 30 34 38 41 47 
50 52 53 54 56 60 66 68 69 73 74 77 
78 82 84 87 88 90 91 95 97 99 
29
3 9 14 15 18 20 27 29 34 36 37 41 
45 46 56 57 59 61 62 64 65 68 69 70 
78 81 85 95 98 
37
1 4 5 7 8 11 13 14 15 18 23 25 
26 28 29 32 33 34 35 40 48 51 53 57 
60 61 75 78 79 81 88 89 91 93 94 96 
99 
32
2 4 6 8 12 13 14 19 32 33 39 41 
42 44 45 49 54 58 59 60 61 62 65 67 
68 69 73 76 78 88 92 93 
31
4 7 10 14 18 19 23 24 27 31 32 38 
39 41 44 46 53 62 65 67 70 71 73 75 
77 87 89 92 94 98 100 
29
2 8 10 15 17 18 22 24 26 32 35 37 
39 40 44 48 54 58 60 64 67 75 77 80 
89 94 98 99 100 
31
6 7 19 21 24 25 30 31 32 33 35 45 
47 49 52 64 66 67 77 80 81 82 83 88 
89 90 95 96 97 99 100 
35
1 3 6 7 9 14 15 17 19 21 22 27 
29 30 33 35 42 43 44 45 49 52 56 58 
60 66 69 74 76 80 81 82 94 99 100 
30
2 4 10 18 21 22 27 30 31 32 34 35 
36 37 44 45 54 55 56 58 60 63 65 67 
69 71 86 91 94 98 
30
1 6 7 9 10 12 17 19 20 23 27 31 
33 39 40 43 51 56 61 64 65 69 71 74 
87 90 92 93 95 100 
36
5 9 11 13 16 19 25 30 31 32 34 38 
44 45 46 50 53 55 59 60 61 64 65 66 
69 71 73 76 78 79 83 86 89 92 97 98 
28
8 9 12 13 15 16 18 22 25 29 34 42 
46 47 48 49 52 54 58 60 62 76 85 88 
93 95 97 100 
30
8 11 16 24 25 28 29 33 35 36 39 40 
41 43 50 51 52 57 61 62 64 66 80 84 
86 87 92 96 98 100 
30
1 2 5 11 13 16 22 28 36 43 44 51 
56 61 65 66 68 69 70 71 74 75 77 78 
80 86 89 93 97 100 
30
5 7 13 14 16 18 23 24 25 26 29 30 
34 41 43 44 46 48 50 51 53 54 59 61 
71 73 75 82 95 98 
27
2 3 6 8 9 10 11 16 19 25 28 31 
35 39 41 53 54 56 64 66 69 70 77 79 
84 94 99 
33
2 3 5 14 15 16 18 19 21 24 27 28 
29 43 44 54 62 64 66 67 68 70 81 82 
83 84 85 86 88 90 93 96 97 
