75 100
1 1 1 1 1 1 1 1 1 1 1 1 
1 1 1 1 1 1 1 1 1 1 1 1 
1 1 1 1 1 1 1 1 1 1 1 1 
1 1 1 1 1 1 1 1 1 1 1 1 
1 1 1 1 1 1 1 1 1 1 1 1 
1 1 1 1 1 1 1 1 1 1 1 1 
1 1 1 1 1 1 1 1 1 1 1 1 
1 1 1 1 1 1 1 1 1 1 1 1 
1 1 1 1 
30
1 2 4 5 13 16 20 22 25 30 32 33 
34 42 43 44 47 50 51 59 60 61 65 66 
68 74 76 83 93 97 
35
4 5 6 9 10 11 15 17 22 23 24 26 
27 34 35 36 39 40 47 53 54 55 62 63 
66 67 68 74 75 76 77 79 85 97 100 
30
3 8 9 13 17 20 24 26 28 34 37 39 
45 48 50 53 56 58 61 64 67 75 76 79 
80 84 85 95 96 98 
29
1 2 8 10 13 18 27 28 30 35 44 48 
51 53 61 62 69 71 73 75 80 81 83 84 
85 90 92 94 96 
33
2 6 10 13 14 18 24 25 26 30 31 35 
36 39 44 46 48 50 54 59 61 66 67 69 
74 75 76 80 86 87 93 98 100 
27
2 5 6 8 13 14 15 20 22 24 32 33 
34 35 44 54 56 58 59 63 66 68 73 78 
84 97 98 
22
3 19 26 27 34 36 38 39 40 41 45 48 
59 69 71 72 73 75 86 88 90 93 
29
2 4 6 7 9 10 18 29 30 31 32 35 
45 52 53 56 59 61 67 69 80 82 83 88 
89 90 96 98 99 
26
2 7 8 11 13 14 16 18 25 27 30 32 
46 48 52 60 61 62 65 70 71 72 80 86 
90 93 
28
8 9 12 15 16 17 18 19 28 30 32 41 
42 45 50 51 55 63 65 68 70 81 85 92 
93 94 96 100 
32
4 5 10 15 18 21 31 33 38 40 42 43 
45 50 58 59 60 61 63 66 71 75 77 84 
86 88 89 91 92 93 96 99 
29
6 7 8 11 13 15 16 25 26 27 31 32 
33 36 42 43 48 60 64 65 66 69 81 83 
85 87 88 94 96 
29
5 9 14 16 17 25 29 33 34 37 38 39 
43 46 48 53 62 64 66 69 72 75 77 79 
80 83 84 90 96 
29
3 4 6 8 11 14 18 20 22 23 26 27 
29 30 39 42 44 46 47 48 53 58 66 67 
72 86 89 91 100 
31
3 7 8 9 10 12 22 25 26 28 31 36 
37 38 43 44 45 48 49 51 58 66 68 71 
77 82 84 86 88 89 95 
20
10 11 12 16 20 39 42 43 47 49 60 62 
65 66 74 84 89 90 97 99 
30
8 15 18 21 23 26 27 30 32 39 41 47 
50 51 56 57 58 62 63 68 70 74 78 80 
82 84 85 86 88 95 
25
1 3 5 12 13 20 26 30 31 34 40 41 
50 51 53 63 65 68 71 74 80 84 94 95 
99 
36
3 4 6 7 9 10 12 14 15 16 20 23 
24 25 28 41 43 44 47 50 51 52 54 55 
59 60 63 72 73 75 79 83 84 85 87 91 
35
9 10 16 17 23 25 26 29 32 44 48 49 
51 52 53 55 56 57 58 60 61 64 66 69 
71 72 73 77 78 83 92 97 98 99 100 
27
1 2 12 15 24 30 32 33 36 38 41 44 
53 63 65 67 74 76 77 79 87 89 91 92 
95 96 100 
31
2 5 9 10 15 17 18 22 25 29 35 38 
41 45 48 55 59 65 73 75 76 78 79 81 
82 83 90 91 93 95 99 
19
1 4 13 31 38 42 49 51 67 68 71 72 
74 77 84 87 90 92 100 
31
5 6 9 15 17 19 20 22 24 27 28 30 
33 35 36 41 43 47 48 54 57 59 63 73 
81 82 83 85 87 92 96 
30
3 4 5 8 12 17 22 23 26 29 30 36 
38 40 42 48 49 52 53 55 60 62 65 66 
71 73 83 92 99 100 
32
4 6 17 22 23 25 27 30 31 33 37 38 
43 44 49 50 55 58 61 63 64 73 74 75 
77 85 87 89 92 93 94 99 
36
2 4 5 10 13 15 18 22 23 26 30 32 
42 44 47 48 50 51 54 56 61 68 69 71 
72 73 74 76 79 81 83 85 86 93 98 100 
35
2 4 5 7 8 10 18 24 26 29 32 33 
37 39 46 48 49 59 61 62 63 65 69 73 
74 81 82 84 86 88 89 90 92 94 97 
36
1 4 5 8 13 14 22 23 25 26 27 29 
34 35 40 41 42 46 47 48 54 55 59 60 
63 65 66 69 70 80 88 90 92 97 98 100 
30
2 9 11 14 15 18 24 25 28 29 32 37 
39 43 44 57 58 64 69 76 77 82 83 89 
90 92 95 97 98 99 
29
1 6 14 17 23 24 31 41 42 44 49 52 
53 54 55 58 66 67 70 80 85 86 88 92 
93 95 98 99 100 
37
1 2 4 12 17 21 22 23 24 26 36 39 
42 45 46 49 50 52 53 54 57 58 59 61 
70 73 78 80 83 84 85 89 90 92 94 96 
100 
29
4 9 15 17 18 19 22 25 26 30 34 36 
40 41 44 45 46 51 56 57 66 72 83 85 
87 91 97 98 100 
33
1 3 8 11 16 17 18 19 22 27 32 33 
34 42 46 47 52 53 55 56 58 61 62 63 
67 74 77 80 92 94 97 98 100 
31
10 11 16 17 18 20 23 25 26 32 39 42 
45 48 49 54 55 57 58 59 60 65 66 80 
82 86 91 92 94 99 100 
33
2 5 10 13 17 21 23 24 35 36 37 38 
41 42 44 47 57 62 68 72 73 74 76 77 
79 80 88 89 91 92 93 97 100 
32
3 5 6 13 15 21 27 28 35 42 43 44 
46 47 49 50 51 53 55 56 57 63 64 65 
66 69 74 80 83 84 87 92 
31
1 4 7 8 13 16 19 21 22 23 26 28 
29 33 38 41 43 44 47 49 52 54 57 58 
64 65 70 76 82 84 86 
20
1 7 10 20 32 37 38 43 51 53 62 63 
66 67 77 79 80 89 95 97 
35
2 5 6 7 8 9 17 18 19 22 25 26 
35 36 39 41 48 51 53 57 62 67 68 70 
72 73 78 85 86 87 88 93 98 99 100 
35
5 7 9 10 16 17 19 21 24 27 30 33 
40 41 45 46 51 54 60 65 70 72 76 77 
79 81 85 86 89 90 91 93 94 95 97 
28
1 5 7 14 20 28 30 33 37 43 47 48 
50 52 55 58 59 65 67 74 80 81 87 88 
89 90 92 97 
25
2 6 7 12 13 14 15 17 23 24 25 28 
38 43 45 47 59 70 71 78 79 84 91 98 
99 
24
3 7 10 12 17 20 26 27 33 34 37 45 
47 48 49 52 58 59 61 74 76 83 88 100 
29
3 6 10 11 17 19 20 22 23 25 28 29 
31 38 39 40 42 44 45 47 60 65 71 86 
90 95 96 97 98 
31
2 3 5 6 8 9 11 21 25 27 30 31 
36 37 40 42 44 47 48 55 61 62 64 72 
73 77 78 79 86 92 97 
27
3 4 5 8 9 22 24 25 34 35 36 39 
44 47 49 54 56 59 63 64 70 76 80 85 
86 90 93 
25
4 8 10 17 18 19 21 22 25 28 29 31 
33 44 48 51 52 54 64 73 79 81 84 85 
86 
32
1 3 6 14 15 16 20 21 24 35 40 41 
42 43 46 48 49 50 53 57 59 61 75 79 
82 87 88 90 91 93 96 100 
42
1 3 6 19 22 23 27 30 31 33 36 37 
39 40 44 46 47 52 55 56 60 61 62 65 
67 68 69 72 73 76 78 79 80 83 85 86 
87 90 91 93 97 98 
36
5 9 11 13 15 19 22 25 29 32 33 34 
35 38 40 46 47 48 49 51 52 53 54 63 
64 65 68 80 81 82 85 93 94 97 99 100 
34
1 3 5 6 7 10 19 20 23 27 34 36 
40 42 47 48 51 54 56 60 62 69 71 72 
75 79 80 81 85 89 91 92 93 99 
28
1 6 7 11 15 16 18 21 24 27 28 38 
43 44 45 51 56 63 66 68 75 77 82 83 
86 93 94 95 
36
2 3 6 7 10 14 26 27 28 29 31 33 
34 35 36 38 42 43 44 46 52 53 54 55 
64 65 78 82 83 86 91 93 96 97 98 100 
30
1 4 6 12 14 17 20 23 29 35 37 39 
42 45 46 50 56 58 62 70 73 82 83 84 
85 87 88 90 93 99 
25
7 12 20 25 27 28 30 34 35 41 47 48 
49 57 58 63 66 75 76 77 90 92 94 97 
98 
28
2 6 8 11 19 23 28 31 35 42 51 52 
55 61 63 64 65 70 73 74 75 76 77 83 
95 97 99 100 
35
1 2 6 7 9 12 13 20 25 29 30 31 
41 43 45 51 54 61 62 65 67 68 70 75 
77 81 83 84 87 90 92 93 94 98 100 
36
3 7 10 11 17 18 22 23 27 28 29 33 
34 36 39 41 43 44 50 55 63 67 68 69 
70 71 74 77 80 84 85 86 87 96 97 100 
31
2 3 4 6 10 16 19 23 25 30 32 33 
34 37 38 41 43 44 61 63 64 67 71 73 
75 76 77 78 82 85 99 
27
7 12 13 14 17 22 26 28 30 33 36 48 
50 53 54 55 61 65 71 74 76 77 80 86 
88 93 99 
33
1 8 15 17 19 20 22 29 31 34 36 38 
39 44 45 46 49 51 56 58 60 61 69 72 
74 76 77 78 83 86 87 93 100 
38
2 4 5 8 10 11 12 16 17 20 21 28 
29 30 32 33 39 40 46 49 50 51 53 56 
57 58 65 66 72 73 77 80 84 87 92 97 
98 99 
26
1 4 6 10 17 18 23 30 32 34 37 41 
46 50 55 72 75 79 81 82 85 86 89 93 
97 100 
33
8 17 25 27 30 32 34 35 36 37 40 45 
46 49 51 52 53 57 58 60 61 72 76 77 
78 79 80 81 83 84 86 95 99 
29
4 9 10 11 16 18 22 26 32 33 35 36 
40 41 42 44 46 57 63 64 69 74 75 76 
82 85 86 96 97 
32
1 6 10 14 15 19 22 23 32 35 36 38 
39 40 41 42 46 47 48 51 62 63 67 70 
74 77 81 82 83 87 96 100 
33
1 2 5 6 8 14 23 24 27 28 31 32 
36 41 45 49 52 56 57 58 59 62 66 67 
69 76 79 80 86 91 92 97 98 
28
3 6 7 12 14 15 18 25 34 35 42 43 
46 49 55 59 62 63 67 68 71 73 84 91 
92 93 98 99 
37
3 4 5 6 11 12 16 19 25 27 28 30 
31 39 40 45 50 52 53 54 59 60 62 63 
64 68 69 73 77 79 81 82 84 92 95 98 
99 
39
1 3 8 12 19 23 25 26 28 29 30 31 
33 34 38 39 43 44 45 47 48 56 59 62 
63 64 66 77 78 81 82 83 86 90 91 93 
95 98 99 
26
4 10 13 15 16 19 20 25 29 33 35 37 
41 42 49 53 54 57 68 69 79 83 87 91 
95 98 
30
2 5 11 13 17 20 28 30 33 35 36 48 
54 59 60 61 64 78 81 82 83 86 87 88 
89 91 92 95 97 98 
36
3 4 6 13 19 22 23 24 26 29 40 43 
46 47 48 51 52 54 55 56 58 62 63 66 
72 74 76 77 79 81 87 88 90 94 96 100 
31
1 4 12 14 15 16 22 24 26 29 39 40 
42 44 45 49 50 55 59 60 65 76 80 83 
85 86 91 92 95 99 100 
