75 100
1 1 1 1 1 1 1 1 1 1 1 1 
1 1 1 1 1 1 1 1 1 1 1 1 
1 1 1 1 1 1 1 1 1 1 1 1 
1 1 1 1 1 1 1 1 1 1 1 1 
1 1 1 1 1 1 1 1 1 1 1 1 
1 1 1 1 1 1 1 1 1 1 1 1 
1 1 1 1 1 1 1 1 1 1 1 1 
1 1 1 1 1 1 1 1 1 1 1 1 
1 1 1 1 
29
9 10 14 17 18 19 20 24 26 28 30 33 
38 46 49 50 52 55 56 62 65 73 74 76 
81 82 95 97 99 
31
8 10 12 13 17 18 21 23 24 26 27 36 
37 39 41 48 49 53 56 61 68 74 76 81 
82 84 85 87 90 93 96 
36
1 2 4 8 11 16 17 18 21 23 26 27 
28 29 36 38 39 41 46 50 51 52 53 55 
57 59 61 66 68 73 76 86 88 90 99 100 
25
2 3 4 14 15 25 31 32 34 37 47 55 
59 60 61 63 64 79 86 87 89 95 97 98 
99 
23
2 4 6 7 15 17 21 30 35 39 40 55 
58 62 65 71 79 80 83 84 85 90 97 
33
4 7 11 17 19 21 23 25 26 29 35 36 
39 44 51 57 58 63 64 66 70 71 72 73 
80 86 87 89 90 92 95 99 100 
31
1 3 4 7 9 11 13 18 22 24 27 30 
33 35 36 37 40 42 46 52 54 56 59 65 
67 72 80 83 85 86 97 
35
2 6 7 13 16 21 25 26 32 33 34 37 
42 46 51 53 54 55 66 67 68 69 71 73 
75 78 79 81 82 89 93 94 95 98 100 
28
5 8 10 13 14 15 16 17 18 24 25 32 
33 34 38 46 50 51 63 65 67 69 70 77 
85 90 94 96 
23
3 13 17 19 24 26 36 41 53 57 61 64 
67 70 72 73 75 77 80 82 88 89 97 
31
2 4 16 19 20 24 25 30 36 38 39 40 
45 47 52 56 59 65 66 69 70 76 79 80 
82 83 85 90 91 94 95 
33
2 6 8 13 14 18 19 23 24 25 30 33 
41 43 46 48 49 51 59 61 63 65 66 67 
69 71 73 76 78 82 94 95 100 
30
1 3 9 22 25 26 27 28 31 33 39 40 
44 45 47 49 56 58 61 62 65 71 78 80 
82 83 87 95 96 100 
27
5 7 12 15 17 19 22 25 27 29 35 36 
37 42 47 49 67 70 76 78 79 81 83 84 
89 92 96 
24
1 13 14 16 17 19 21 23 27 29 34 36 
46 48 52 73 79 80 88 91 92 93 98 99 
25
2 4 10 13 15 16 17 21 24 28 33 36 
47 49 55 59 67 68 74 75 76 89 92 93 
99 
27
1 12 14 19 21 22 24 28 31 32 37 39 
45 46 52 54 63 69 70 74 75 79 88 92 
94 97 98 
31
3 4 8 9 10 18 20 21 24 28 29 31 
40 56 59 66 67 69 74 75 77 78 79 82 
83 87 88 91 93 94 97 
28
2 7 12 13 19 24 30 39 40 42 43 45 
49 50 53 57 59 61 67 71 72 75 77 80 
83 88 89 99 
32
3 4 8 10 16 23 24 27 33 37 49 54 
59 60 61 64 65 66 69 71 72 73 74 75 
77 78 85 87 91 96 98 100 
36
1 8 10 12 14 17 19 22 23 24 25 29 
32 34 40 42 44 46 47 54 57 58 61 62 
65 66 67 69 79 80 81 87 91 93 95 99 
34
6 8 10 12 13 14 15 18 24 28 31 33 
34 41 42 45 48 50 51 52 54 58 60 63 
66 69 70 75 76 83 84 88 92 93 
31
4 5 6 9 10 12 13 15 16 19 21 27 
28 32 33 38 41 42 45 48 50 52 58 66 
69 70 74 78 85 86 91 
29
2 3 5 13 16 17 19 22 24 28 38 41 
42 43 45 46 50 60 61 65 67 68 73 76 
78 79 90 91 97 
24
4 7 10 19 21 23 29 35 37 39 40 42 
45 50 53 60 64 77 79 82 83 90 92 98 
43
1 2 5 6 7 8 10 14 15 17 19 20 
21 22 23 24 26 28 29 31 36 40 43 47 
52 55 61 62 64 67 70 74 75 76 77 79 
87 89 95 96 97 98 99 
38
2 3 4 7 9 11 12 13 14 18 19 21 
22 23 27 28 29 35 48 51 54 55 57 61 
64 69 71 72 78 79 84 86 89 90 91 95 
99 100 
33
2 7 8 9 12 22 24 28 34 37 40 41 
42 43 44 48 49 52 61 63 64 71 72 73 
74 76 78 81 86 88 89 94 98 
44
1 4 6 10 14 16 19 20 22 24 27 32 
33 34 35 41 42 43 45 49 57 58 60 63 
65 66 67 70 72 73 74 75 79 80 82 84 
85 86 88 89 90 91 92 100 
27
3 4 6 10 11 15 16 18 21 27 42 46 
47 50 54 61 69 70 71 72 78 81 82 84 
86 88 100 
31
3 4 5 10 13 15 16 24 26 29 34 39 
41 42 46 49 53 57 60 62 66 67 69 80 
84 85 86 89 92 96 98 
35
5 6 9 12 23 25 26 30 33 34 35 36 
39 40 41 43 44 49 52 55 56 58 59 61 
62 65 77 79 80 86 87 88 91 92 96 
25
2 7 11 19 21 24 26 29 41 43 44 47 
48 49 53 55 60 67 84 87 91 93 94 96 
100 
23
6 9 18 21 22 25 31 35 37 40 43 44 
50 53 59 65 69 71 75 83 90 92 95 
21
2 3 14 16 28 32 35 44 50 53 58 64 
67 70 73 77 83 88 90 91 100 
32
5 6 7 12 13 16 20 28 29 32 37 42 
43 44 47 49 51 54 57 59 60 67 69 72 
73 75 76 79 83 93 95 97 
35
5 6 10 14 16 18 19 20 25 26 30 35 
40 41 47 50 56 58 60 61 66 69 70 72 
73 77 78 80 82 86 87 88 90 92 97 
36
4 5 6 8 13 15 17 18 21 22 23 27 
30 32 33 36 38 43 44 47 56 58 62 64 
66 68 70 72 74 75 77 84 88 92 99 100 
24
3 4 11 12 13 16 20 26 27 34 35 43 
48 51 62 68 69 70 75 86 96 97 98 99 
29
3 5 6 8 19 28 33 34 37 38 42 45 
46 50 51 61 68 70 75 79 83 86 87 88 
95 96 97 98 99 
33
5 8 9 12 14 17 19 22 23 30 33 34 
35 37 44 53 56 57 58 60 65 72 74 77 
78 80 81 86 87 89 93 94 95 
25
2 4 5 7 12 16 20 22 24 26 38 46 
55 57 62 70 71 74 75 76 82 83 90 98 
100 
31
5 6 11 14 17 19 22 30 31 36 37 38 
41 42 43 44 49 52 59 61 65 67 70 77 
83 87 88 91 94 97 98 
24
4 7 8 10 12 21 27 28 35 37 49 51 
53 54 61 64 67 68 69 78 93 97 98 100 
27
1 4 6 7 14 20 22 25 26 27 33 35 
38 41 50 57 58 59 60 69 71 72 78 79 
80 83 87 
24
1 6 7 8 9 13 19 33 36 44 46 47 
48 49 54 66 71 77 78 82 83 84 85 95 
36
7 8 10 11 14 17 19 20 26 30 35 38 
43 44 48 49 54 56 58 59 60 64 67 68 
70 73 81 82 83 86 87 89 90 96 97 99 
32
2 4 5 10 11 15 18 24 25 28 30 32 
37 40 41 43 46 52 54 60 62 70 74 75 
80 83 87 90 96 98 99 100 
29
1 2 7 12 19 20 23 24 26 28 33 34 
37 39 42 44 45 50 51 54 59 60 65 76 
85 87 90 97 99 
30
2 3 6 14 17 19 21 27 28 33 34 35 
42 46 49 53 55 56 57 59 62 68 70 78 
81 88 90 92 96 99 
35
2 7 9 10 11 13 15 17 18 19 20 21 
22 23 26 35 39 44 48 54 56 58 69 71 
72 74 75 76 78 83 85 87 93 95 98 
37
1 9 10 12 15 17 22 23 27 28 30 31 
35 36 39 40 42 45 46 47 53 55 56 62 
64 70 77 78 79 80 88 89 90 92 97 99 
100 
36
5 7 9 10 11 12 13 15 17 21 22 24 
30 33 43 48 50 53 55 57 59 61 62 65 
73 74 76 77 85 86 89 91 93 95 97 100 
24
1 4 6 8 12 13 15 22 23 28 37 40 
45 53 61 62 74 75 78 80 86 87 95 99 
30
4 9 12 15 19 25 27 35 37 43 49 50 
56 59 61 67 68 72 75 76 78 81 85 86 
88 91 93 95 98 100 
29
3 7 9 11 13 16 17 19 20 21 25 26 
35 36 39 40 47 49 50 60 64 66 72 74 
77 79 88 97 99 
34
1 2 3 6 10 11 12 21 26 27 28 30 
31 36 38 41 47 49 52 58 59 62 65 67 
72 75 79 87 88 91 92 95 98 99 
32
7 10 21 22 23 24 27 28 30 32 34 36 
37 39 40 41 45 50 51 53 60 61 66 67 
69 70 79 82 87 88 89 94 
30
7 8 13 14 20 27 31 35 40 42 47 54 
57 60 61 62 65 76 77 79 82 84 85 86 
90 91 92 94 97 99 
27
5 6 15 21 26 32 34 35 41 42 46 47 
50 55 60 61 62 63 64 67 69 72 81 82 
85 95 98 
23
7 9 10 16 20 21 22 24 25 26 30 46 
61 64 65 71 79 80 81 83 90 93 97 
30
1 10 12 15 21 25 26 33 41 43 44 45 
49 52 56 61 68 73 75 82 84 85 87 88 
90 92 93 94 95 96 
23
2 4 5 8 9 10 14 19 28 29 30 46 
47 50 51 54 56 63 73 76 87 92 98 
30
6 7 8 16 19 20 24 25 26 28 33 40 
45 50 61 62 66 67 68 69 79 85 88 90 
91 95 96 97 98 99 
34
3 6 10 14 16 18 22 23 24 26 27 32 
36 38 39 40 44 46 50 52 55 57 59 62 
69 76 77 81 83 87 91 93 96 97 
27
1 3 10 12 15 18 25 29 30 39 40 41 
48 53 56 60 61 62 63 67 68 70 76 79 
80 85 86 
30
1 2 3 9 10 14 15 16 20 21 22 23 
25 27 41 46 47 48 51 59 62 67 71 74 
75 76 79 81 82 97 
24
3 11 14 16 20 22 24 30 31 33 38 45 
47 52 54 58 61 64 74 79 81 85 88 90 
37
3 5 10 12 16 17 18 19 20 28 29 31 
33 34 35 36 40 41 42 48 51 55 56 59 
61 67 70 73 74 75 78 80 84 85 90 91 
95 
23
1 3 5 6 12 13 14 19 23 40 41 46 
63 74 76 77 78 80 82 84 86 93 95 
35
1 5 11 12 13 16 18 23 27 32 34 36 
39 40 45 46 47 48 51 53 54 55 59 63 
66 71 73 75 76 80 81 84 89 91 100 
30
15 20 22 25 26 28 30 34 38 46 48 50 
53 56 60 64 65 73 75 76 78 81 86 88 
90 92 94 96 98 100 
32
3 8 17 19 20 22 23 25 26 46 48 50 
54 55 59 61 64 67 72 73 75 77 78 79 
84 89 92 93 94 96 98 99 
33
2 3 8 13 19 25 27 33 34 45 49 50 
54 57 58 59 60 61 63 66 67 70 73 76 
80 87 89 90 93 96 98 99 100 
27
9 10 11 13 14 18 21 26 43 44 45 48 
50 60 61 66 68 72 74 77 81 88 90 92 
93 96 99 
