75 100
1 1 1 1 1 1 1 1 1 1 1 1 
1 1 1 1 1 1 1 1 1 1 1 1 
1 1 1 1 1 1 1 1 1 1 1 1 
1 1 1 1 1 1 1 1 1 1 1 1 
1 1 1 1 1 1 1 1 1 1 1 1 
1 1 1 1 1 1 1 1 1 1 1 1 
1 1 1 1 1 1 1 1 1 1 1 1 
1 1 1 1 1 1 1 1 1 1 1 1 
1 1 1 1 
32
3 5 7 13 16 19 22 23 24 28 30 34 
36 45 49 51 52 56 63 64 68 70 76 77 
78 82 83 84 87 89 95 97 
30
1 6 7 12 14 16 17 18 22 26 30 36 
43 47 49 52 54 55 61 64 72 73 74 77 
78 80 82 86 92 95 
32
2 7 8 11 19 22 23 25 34 37 40 41 
42 43 44 46 51 59 62 64 65 66 67 68 
71 73 80 85 89 90 91 100 
34
4 5 6 8 15 16 17 19 23 27 31 32 
46 47 49 50 51 54 59 61 62 64 66 71 
72 78 80 82 83 91 94 95 96 99 
37
3 6 9 10 12 19 22 29 31 32 33 34 
36 38 39 43 46 53 56 58 62 63 64 66 
69 72 73 74 78 79 83 85 87 88 89 92 
98 
30
10 11 17 19 20 21 22 23 25 37 39 40 
43 46 47 48 49 50 59 64 68 70 72 77 
78 84 86 87 97 99 
31
1 2 4 6 9 10 11 13 14 17 21 23 
34 37 39 45 46 54 56 61 64 66 67 68 
69 71 80 81 88 93 100 
25
10 12 13 14 23 25 33 35 38 39 50 52 
58 59 64 65 67 68 69 71 74 78 89 96 
99 
31
2 4 5 6 8 11 25 26 28 31 37 38 
39 45 48 51 55 57 58 59 70 72 76 79 
85 86 87 89 91 95 100 
34
1 4 5 8 9 10 15 18 27 28 29 32 
38 39 45 46 48 49 51 56 58 65 66 67 
72 73 80 87 92 95 97 98 99 100 
26
2 9 10 12 18 20 25 29 38 44 46 47 
63 67 69 71 77 80 81 82 83 89 95 96 
99 100 
24
2 6 10 15 20 26 28 31 33 40 48 49 
53 54 58 67 69 76 84 87 89 92 96 100 
31
3 6 9 10 16 17 24 25 26 28 29 32 
34 36 38 43 46 49 57 62 64 69 75 76 
77 84 87 89 93 95 98 
33
6 7 11 13 19 21 23 26 28 31 36 37 
42 45 46 53 54 55 57 59 60 66 69 77 
80 81 82 84 86 87 88 91 99 
28
8 17 19 23 24 26 28 29 33 44 45 49 
52 54 64 65 70 73 77 78 79 81 82 83 
86 88 93 98 
35
7 11 14 18 19 20 22 23 29 31 32 33 
34 44 45 46 52 59 64 65 66 67 68 69 
70 72 74 78 79 86 90 91 92 93 100 
33
1 3 7 9 12 14 15 28 30 31 36 38 
40 41 42 43 44 47 51 55 64 68 73 78 
79 81 83 88 89 90 91 92 98 
29
6 12 13 21 29 31 32 40 43 46 50 51 
54 61 62 65 67 68 70 76 77 80 84 90 
92 93 95 98 100 
36
3 5 9 11 18 20 21 27 28 33 35 37 
38 42 48 51 56 57 60 61 67 71 74 75 
76 77 78 79 81 84 87 90 95 96 98 100 
38
1 2 5 8 10 13 14 15 20 22 23 25 
31 38 39 42 44 48 50 55 57 60 68 70 
75 79 81 82 83 85 86 87 88 89 95 97 
99 100 
19
1 5 9 10 15 16 19 22 27 44 46 49 
51 66 73 77 88 95 99 
38
3 6 8 12 14 15 17 20 21 27 28 30 
31 33 40 41 46 49 52 53 58 61 63 64 
65 67 68 70 73 75 82 83 84 85 89 90 
95 98 
28
5 6 7 16 21 24 25 27 31 32 36 38 
41 47 54 58 62 63 68 72 78 80 90 91 
92 95 96 98 
31
2 5 9 11 20 23 27 28 32 39 40 45 
50 53 54 57 58 63 64 67 69 74 77 78 
80 81 87 88 90 91 99 
36
2 3 5 6 9 14 15 19 21 27 28 33 
38 40 44 46 47 51 52 53 57 59 60 62 
63 64 65 72 73 75 77 79 81 85 94 96 
31
2 3 5 6 17 18 25 27 30 35 36 37 
38 41 42 44 46 49 52 53 60 61 62 72 
78 81 92 93 94 99 100 
23
1 4 13 19 22 25 37 39 41 42 43 53 
54 56 59 62 65 80 86 92 94 96 100 
31
8 9 12 17 18 20 21 23 24 29 30 31 
33 36 38 42 53 54 62 67 71 73 75 81 
83 84 87 90 93 97 98 
28
2 6 8 10 16 26 27 28 29 31 34 40 
44 46 49 52 55 60 62 67 71 82 85 88 
92 95 96 97 
33
6 7 9 10 14 18 20 21 24 29 32 34 
36 37 40 41 44 45 46 49 51 53 56 62 
64 66 70 72 81 83 95 99 100 
31
1 5 11 13 14 20 22 25 28 29 32 40 
48 50 55 64 66 68 70 71 72 73 76 84 
87 88 91 93 94 95 99 
35
2 3 6 8 12 13 14 19 23 25 30 33 
34 36 37 42 44 46 48 49 53 54 55 56 
69 80 82 83 87 92 93 95 96 97 100 
23
4 7 8 11 24 31 33 35 44 46 47 49 
52 60 61 62 68 70 79 80 82 91 95 
32
3 6 9 12 16 17 23 28 31 33 34 38 
39 45 47 52 66 67 69 70 72 75 77 81 
82 83 88 90 91 93 96 98 
30
8 9 13 20 24 25 26 29 32 33 34 35 
38 39 41 46 49 51 52 53 58 73 75 83 
84 85 91 96 97 99 
22
1 4 5 10 35 36 37 38 40 43 51 56 
58 65 74 76 79 82 85 86 91 100 
29
2 3 7 12 22 24 25 26 27 28 38 45 
46 54 55 58 59 61 67 71 74 85 88 89 
90 91 97 99 100 
28
6 10 12 20 25 28 37 41 44 49 50 57 
63 64 67 68 71 73 74 80 81 86 87 90 
91 97 98 100 
31
2 4 7 8 12 14 15 16 18 19 20 22 
25 26 31 38 41 47 58 60 63 65 68 72 
74 78 88 92 93 96 98 
27
2 6 8 10 14 18 19 25 29 40 44 45 
53 59 61 66 67 68 73 74 77 78 80 81 
85 92 94 
25
4 5 9 28 31 33 34 39 44 46 47 51 
52 54 64 67 69 73 79 83 86 92 93 96 
97 
37
6 11 12 13 16 17 21 22 27 33 34 36 
38 39 41 43 44 45 46 49 51 54 55 59 
69 73 74 77 79 83 84 86 87 91 92 94 
97 
32
1 4 5 9 11 13 15 16 21 36 40 43 
44 47 50 52 53 54 57 60 62 71 72 79 
80 85 87 88 89 92 95 96 
31
4 5 9 12 14 16 17 18 20 21 23 25 
32 34 39 48 49 55 57 63 64 67 68 72 
75 78 82 83 85 89 90 
27
5 7 8 15 31 32 38 40 45 46 51 59 
61 66 67 68 70 76 78 81 83 88 89 91 
93 97 99 
23
1 3 6 9 11 13 20 22 25 28 34 38 
42 46 50 58 74 77 78 82 83 93 98 
33
1 2 3 4 5 8 9 17 19 24 28 31 
35 38 40 42 49 51 52 55 58 59 61 62 
65 70 71 72 77 87 88 98 99 
24
3 7 8 9 12 14 17 19 20 21 28 30 
31 38 45 56 59 62 63 65 72 83 91 96 
34
3 4 6 7 8 9 10 11 12 28 29 33 
38 41 44 47 50 52 53 55 59 63 64 65 
67 69 73 74 81 84 85 86 93 100 
23
4 5 10 13 14 20 23 27 38 39 43 45 
47 49 52 64 71 74 77 80 82 92 97 
31
2 7 10 11 19 20 21 22 23 24 25 29 
30 35 36 37 38 41 42 45 47 50 53 56 
58 75 76 80 82 83 94 
28
1 3 7 10 11 15 21 23 28 32 36 39 
44 47 57 61 64 73 83 85 87 88 89 90 
91 92 95 98 
32
4 7 10 11 14 15 17 18 33 37 38 39 
40 43 46 47 53 54 55 56 57 59 68 70 
76 77 82 83 85 87 93 100 
34
1 3 5 9 14 16 22 25 30 31 37 38 
43 45 49 50 52 58 59 64 65 66 68 70 
72 74 77 78 79 85 89 90 91 92 
29
2 5 8 18 19 20 22 24 26 28 29 34 
39 40 46 47 51 54 55 57 63 65 74 76 
77 79 81 89 92 
29
3 6 10 11 22 23 26 28 29 31 35 36 
39 40 42 44 45 53 54 65 68 70 81 82 
83 86 91 96 99 
24
5 6 7 13 17 22 25 37 38 41 45 51 
56 62 63 75 77 83 84 86 87 91 94 100 
20
1 3 4 5 6 7 11 13 15 21 27 46 
47 63 72 84 85 87 91 100 
35
3 9 15 19 24 25 26 34 35 40 42 44 
45 46 47 49 50 51 52 56 60 62 66 67 
74 79 81 83 84 87 88 89 95 98 100 
29
1 7 12 14 16 18 19 22 23 24 39 41 
43 47 49 54 55 65 66 68 71 72 78 80 
82 83 87 88 92 
37
2 3 5 6 8 9 12 14 19 20 22 23 
26 30 31 34 35 36 37 42 43 45 46 47 
48 51 54 57 65 67 70 77 79 86 92 96 
100 
20
3 5 10 15 16 20 23 25 30 31 37 41 
49 61 62 67 75 89 93 98 
22
1 6 7 11 12 18 25 27 28 30 39 42 
52 68 69 71 76 82 85 86 90 98 
24
12 15 26 27 29 32 35 37 39 40 42 59 
66 69 70 77 79 80 82 86 87 90 99 100 
30
2 6 8 9 19 22 25 28 30 36 38 43 
44 46 50 53 54 60 65 67 72 75 77 78 
86 93 94 96 98 99 
27
7 9 21 24 25 27 37 41 43 45 49 57 
60 64 66 70 73 77 80 81 87 88 92 96 
97 98 99 
21
12 19 25 26 29 38 44 58 59 63 65 69 
76 77 79 80 88 94 96 98 99 
35
2 4 10 18 20 22 25 26 27 34 36 37 
38 44 45 47 52 54 56 57 58 61 62 65 
66 68 69 71 73 78 91 93 95 97 98 
24
12 16 22 23 26 32 34 36 40 41 46 48 
54 59 66 70 72 83 87 93 94 95 96 98 
32
3 8 10 11 15 17 22 26 27 31 33 34 
39 42 47 56 57 61 62 64 66 68 76 77 
82 85 86 93 95 96 98 99 
36
3 7 10 21 27 28 32 33 35 37 38 43 
47 48 50 51 52 55 57 61 62 63 65 68 
69 70 72 73 79 81 82 83 87 89 93 99 
37
6 13 15 16 18 19 21 23 26 29 31 32 
34 35 40 41 45 47 48 50 54 55 57 64 
67 68 70 72 75 76 78 84 86 87 91 92 
95 
21
3 9 11 17 23 37 38 42 45 49 51 53 
56 66 70 73 81 82 89 91 97 
25
1 6 15 16 17 21 22 37 38 39 47 49 
50 52 54 58 59 62 66 69 75 79 89 92 
97 
31
1 2 3 7 12 13 19 21 22 23 31 33 
34 35 36 42 43 45 46 52 55 60 61 68 
70 72 76 85 86 91 97 
