75 25
1 1 1 1 1 1 1 1 1 1 1 1 
1 1 1 1 1 1 1 1 1 1 1 1 
1 
3
1 3 10 
5
1 2 12 14 23 
1
24 
1
15 
5
8 10 13 22 25 
4
8 12 14 18 
1
2 
3
5 11 13 
2
12 23 
3
4 11 18 
3
6 11 24 
2
2 17 
1
2 
5
4 10 13 14 15 
5
10 13 17 19 23 
5
7 12 13 14 19 
3
1 13 19 
1
16 
2
5 15 
4
1 12 15 19 
3
1 22 25 
5
1 7 8 18 25 
2
2 23 
2
8 15 
1
11 
2
15 16 
4
4 16 19 20 
2
1 13 
4
3 7 19 21 
1
2 
2
10 20 
2
9 16 
2
11 21 
4
4 12 18 22 
4
14 15 19 20 
1
19 
4
2 4 10 12 
2
7 17 
1
20 
4
9 14 17 18 
2
18 19 
3
9 16 22 
1
19 
1
19 
2
6 21 
2
1 5 
2
1 13 
1
12 
4
7 12 20 24 
3
6 8 17 
7
1 6 12 16 17 20 22 
5
1 2 3 16 19 
2
5 12 
5
11 12 14 15 24 
4
5 14 20 24 
3
9 19 21 
1
21 
4
3 9 13 16 
3
6 8 18 
6
1 2 7 16 18 24 
4
7 8 16 25 
1
11 
3
1 12 22 
3
1 18 19 
1
15 
1
14 
1
15 
2
2 17 
2
5 19 
5
1 8 13 16 22 
4
13 16 18 20 
4
6 10 16 18 
3
8 12 24 
3
8 12 13 
3
13 21 23 
