75 25
1 1 1 1 1 1 1 1 1 1 1 1 
1 1 1 1 1 1 1 1 1 1 1 1 
1 
2
5 22 
1
10 
3
7 9 15 
3
9 14 15 
2
12 25 
2
3 19 
1
21 
3
16 21 24 
2
14 17 
1
10 
4
1 5 20 25 
2
4 23 
5
2 6 7 21 22 
2
1 25 
3
14 15 19 
3
7 12 17 
4
5 6 12 15 
2
5 15 
2
8 19 
2
4 24 
1
11 
1
13 
3
6 15 18 
3
12 17 22 
2
14 24 
1
24 
2
15 22 
3
5 14 19 
3
4 6 12 
3
1 3 5 
5
5 10 12 21 25 
3
4 15 18 
2
8 20 
1
11 
3
1 8 16 
4
2 4 20 22 
3
9 10 24 
3
1 10 11 
4
10 12 18 21 
5
8 10 11 16 18 
2
1 7 
4
3 12 19 24 
3
12 17 24 
1
8 
3
8 10 19 
4
2 5 8 17 
4
17 18 20 24 
2
7 11 
3
14 19 21 
3
16 20 24 
2
2 17 
3
1 4 9 
1
4 
4
2 14 20 23 
3
11 13 14 
6
1 4 10 17 19 20 
2
4 22 
4
1 5 9 14 
4
1 15 21 23 
4
2 15 16 24 
3
6 11 18 
2
4 24 
2
17 24 
4
1 11 14 22 
3
1 6 15 
5
1 10 11 12 21 
1
19 
2
14 17 
1
24 
4
4 13 20 25 
3
1 19 23 
2
6 13 
1
3 
1
17 
2
2 8 
