75 25
1 1 1 1 1 1 1 1 1 1 1 1 
1 1 1 1 1 1 1 1 1 1 1 1 
1 
1
14 
1
1 
1
18 
3
7 12 13 
2
10 15 
5
1 12 14 18 19 
2
11 14 
2
8 10 
1
11 
3
13 15 21 
4
5 8 21 25 
3
15 21 25 
3
3 19 24 
4
1 7 14 21 
3
14 15 16 
2
3 22 
2
12 13 
6
4 6 7 10 19 21 
2
2 23 
2
7 24 
3
10 16 19 
5
9 13 17 22 23 
2
16 17 
3
2 17 18 
5
2 5 7 14 25 
1
19 
2
7 25 
3
16 18 24 
2
3 18 
5
1 7 9 20 22 
3
7 16 19 
4
2 3 14 22 
3
8 10 25 
1
19 
3
12 15 20 
1
13 
2
22 24 
4
13 16 18 24 
7
5 9 10 12 17 18 19 
1
19 
2
1 8 
3
6 12 24 
4
6 7 10 15 
1
22 
5
5 8 11 18 20 
4
3 8 10 19 
4
1 7 22 23 
3
4 10 22 
6
7 8 17 20 21 23 
2
2 15 
1
21 
2
21 23 
3
5 18 22 
5
2 8 13 17 23 
1
8 
1
3 
3
7 12 18 
1
14 
4
8 10 11 17 
1
24 
3
1 5 7 
1
12 
1
1 
6
5 6 10 12 19 21 
2
11 20 
3
5 7 18 
3
6 10 11 
2
16 17 
4
5 7 13 18 
3
3 7 23 
2
3 14 
4
4 11 16 24 
2
12 23 
4
5 7 14 25 
1
25 
