75 25
1 1 1 1 1 1 1 1 1 1 1 1 
1 1 1 1 1 1 1 1 1 1 1 1 
1 
1
4 
2
6 12 
3
19 21 25 
2
7 14 
2
2 14 
2
16 23 
2
3 7 
1
6 
5
2 4 8 9 20 
2
2 11 
1
25 
2
14 24 
3
14 15 24 
5
4 6 9 11 17 
1
23 
3
3 7 25 
4
6 11 16 18 
1
8 
3
7 12 17 
3
14 15 25 
1
12 
1
2 
4
8 11 17 21 
1
19 
4
5 6 10 18 
4
6 10 18 25 
2
11 16 
2
23 25 
3
1 7 8 
3
1 3 16 
3
1 13 24 
1
22 
3
6 12 16 
4
10 13 14 20 
5
2 12 15 18 23 
2
4 18 
1
4 
3
5 15 24 
2
12 19 
4
2 7 12 20 
3
4 8 15 
1
13 
1
2 
2
3 23 
3
8 11 21 
2
18 23 
4
10 12 18 24 
2
4 11 
1
25 
3
15 19 23 
3
3 12 17 
3
5 8 17 
5
12 16 17 21 22 
4
1 6 16 17 
1
14 
1
3 
4
7 8 10 24 
6
3 12 13 15 18 20 
1
5 
2
12 21 
5
2 12 14 16 17 
4
1 11 14 21 
1
12 
5
2 8 18 20 25 
5
2 8 9 11 18 
3
9 11 13 
3
2 21 24 
2
12 19 
1
16 
3
11 17 18 
3
2 7 8 
2
5 11 
4
2 8 10 20 
6
7 12 14 15 21 23 
1
9 
