75 25
1 1 1 1 1 1 1 1 1 1 1 1 
1 1 1 1 1 1 1 1 1 1 1 1 
1 
2
3 4 
1
14 
2
9 10 
1
7 
4
11 13 23 25 
2
7 25 
2
6 18 
4
13 17 18 21 
4
5 7 8 12 
4
3 8 9 11 
3
1 13 23 
2
17 18 
2
6 15 
4
2 9 11 16 
2
22 24 
3
2 5 13 
1
5 
3
11 14 21 
1
5 
1
11 
5
4 8 10 15 23 
3
9 11 19 
3
6 8 23 
2
17 21 
3
3 8 12 
3
6 8 12 
3
13 17 20 
3
1 12 20 
4
3 4 7 14 
2
5 22 
3
6 9 20 
2
7 8 
6
4 7 9 10 18 23 
2
17 19 
1
6 
4
1 8 20 22 
4
4 8 19 25 
3
2 9 24 
2
1 21 
1
14 
2
1 25 
3
4 19 22 
2
10 16 
3
5 6 11 
4
8 13 18 24 
2
6 7 
3
1 13 17 
1
16 
2
9 23 
1
23 
2
10 13 
1
19 
4
2 13 23 25 
4
4 9 13 21 
1
2 
2
13 15 
3
5 8 11 
3
15 17 19 
2
18 22 
5
2 15 16 18 21 
4
4 12 14 15 
3
11 17 22 
4
3 8 15 22 
4
11 13 16 20 
2
5 18 
4
6 8 12 14 
1
22 
2
7 25 
3
12 22 24 
6
5 15 18 21 22 23 
4
3 10 11 17 
2
9 18 
1
21 
2
7 9 
4
6 8 17 23 
