75 25
1 1 1 1 1 1 1 1 1 1 1 1 
1 1 1 1 1 1 1 1 1 1 1 1 
1 
3
4 17 24 
1
1 
4
2 12 19 20 
1
18 
1
11 
3
3 4 10 
4
3 6 13 25 
1
5 
2
2 6 
4
9 11 20 25 
1
7 
2
9 19 
1
16 
1
13 
2
7 21 
2
1 11 
2
16 22 
2
24 25 
1
4 
3
1 3 11 
2
14 25 
3
13 14 15 
3
1 5 23 
4
4 8 9 25 
2
15 17 
2
15 21 
4
10 11 22 24 
3
18 19 24 
1
14 
3
2 12 20 
4
3 9 13 15 
5
1 14 17 21 24 
3
1 9 17 
1
6 
2
12 17 
1
1 
4
3 6 12 18 
4
3 4 8 13 
1
14 
1
11 
1
13 
1
10 
2
11 21 
1
7 
2
7 16 
2
14 15 
4
16 18 20 25 
2
17 25 
3
9 16 22 
1
24 
2
11 25 
2
15 20 
3
8 10 20 
3
3 5 9 
3
12 16 18 
3
1 5 23 
3
10 11 19 
4
8 15 17 24 
2
8 19 
1
23 
1
4 
4
2 17 18 24 
2
7 14 
4
9 10 11 15 
1
7 
2
4 19 
2
4 21 
1
7 
2
12 14 
2
12 14 
2
11 25 
3
4 9 13 
2
8 20 
2
14 24 
1
10 
