200 400
1 1 1 1 1 1 1 1 1 1 1 1 
1 1 1 1 1 1 1 1 1 1 1 1 
1 1 1 1 1 1 1 1 1 1 1 1 
1 1 1 1 1 1 1 1 1 1 1 1 
1 1 1 1 1 1 1 1 1 1 1 1 
1 1 1 1 1 1 1 1 1 1 1 1 
1 1 1 1 1 1 1 1 1 1 1 1 
1 1 1 1 1 1 1 1 1 1 1 1 
1 1 1 1 1 1 1 1 1 1 1 1 
1 1 1 1 1 1 1 1 1 1 1 1 
1 1 1 1 1 1 1 1 1 1 1 1 
1 1 1 1 1 1 1 1 1 1 1 1 
1 1 1 1 1 1 1 1 1 1 1 1 
1 1 1 1 1 1 1 1 1 1 1 1 
1 1 1 1 1 1 1 1 1 1 1 1 
1 1 1 1 1 1 1 1 1 1 1 1 
1 1 1 1 1 1 1 1 1 1 1 1 
1 1 1 1 1 1 1 1 1 1 1 1 
1 1 1 1 1 1 1 1 1 1 1 1 
1 1 1 1 1 1 1 1 1 1 1 1 
1 1 1 1 1 1 1 1 1 1 1 1 
1 1 1 1 1 1 1 1 1 1 1 1 
1 1 1 1 1 1 1 1 1 1 1 1 
1 1 1 1 1 1 1 1 1 1 1 1 
1 1 1 1 1 1 1 1 1 1 1 1 
1 1 1 1 1 1 1 1 1 1 1 1 
1 1 1 1 1 1 1 1 1 1 1 1 
1 1 1 1 1 1 1 1 1 1 1 1 
1 1 1 1 1 1 1 1 1 1 1 1 
1 1 1 1 1 1 1 1 1 1 1 1 
1 1 1 1 1 1 1 1 1 1 1 1 
1 1 1 1 1 1 1 1 1 1 1 1 
1 1 1 1 1 1 1 1 1 1 1 1 
1 1 1 1 
44
23 29 40 60 70 75 83 84 102 106 108 110 
114 127 130 134 137 147 164 215 225 231 236 248 
252 254 260 263 275 295 304 305 306 319 327 328 
336 353 356 357 361 378 385 392 
43
25 34 49 52 56 59 60 69 74 78 93 104 
121 123 126 130 158 165 169 174 218 247 250 253 
256 260 273 274 278 301 302 305 318 329 347 348 
356 360 363 375 381 393 400 
33
2 10 14 32 37 38 50 59 62 64 78 93 
97 107 116 131 145 158 164 210 251 254 273 282 
285 290 292 298 312 317 318 380 397 
40
3 25 40 46 60 83 85 90 97 113 116 117 
124 125 135 147 172 203 210 226 243 280 282 302 
306 307 324 330 331 339 340 342 346 347 370 373 
376 377 378 388 
47
7 21 33 42 49 62 70 90 94 99 105 114 
133 135 153 167 172 173 176 178 184 204 208 250 
253 260 271 273 276 277 279 281 284 288 290 304 
314 319 335 341 344 350 351 352 387 390 400 
42
4 16 17 30 44 60 63 70 81 110 138 141 
167 182 184 187 193 203 209 211 217 220 221 228 
237 262 263 281 284 306 310 317 337 339 359 369 
376 378 386 390 392 398 
42
3 5 28 30 40 53 65 68 88 89 94 95 
101 115 121 130 140 170 172 181 183 190 210 211 
223 234 242 248 259 265 276 296 297 303 313 338 
340 354 363 364 372 397 
42
18 39 40 41 49 50 55 80 86 121 124 142 
145 150 171 175 180 181 187 193 198 217 222 229 
235 267 269 287 298 301 302 310 314 319 322 348 
351 362 370 375 390 393 
38
23 31 32 35 55 70 75 77 81 87 99 108 
113 115 118 126 148 154 173 176 199 213 216 217 
233 260 278 286 314 327 335 342 346 351 368 374 
394 396 
39
10 13 20 43 60 74 93 96 111 121 126 130 
132 134 137 138 168 172 174 178 194 204 211 221 
234 250 263 275 295 296 324 332 340 350 365 374 
375 387 399 
32
34 41 66 67 68 90 94 97 101 105 123 134 
136 167 169 203 206 226 247 262 263 278 283 299 
300 308 351 354 365 373 382 391 
41
20 32 55 68 70 75 86 100 104 110 112 115 
121 133 148 174 186 190 199 200 205 208 210 216 
224 225 229 231 234 251 263 267 289 291 299 302 
320 331 378 383 384 
49
7 12 15 16 28 38 43 49 50 56 58 70 
81 84 109 117 118 125 142 148 157 168 172 185 
210 237 239 249 261 264 284 291 295 309 310 313 
316 322 335 338 344 355 363 365 371 377 382 383 
393 
36
6 29 53 77 92 103 106 111 113 122 148 159 
164 176 179 184 188 191 196 201 231 239 245 252 
266 280 285 303 317 318 324 327 366 380 389 398 
39
25 28 36 50 68 69 72 78 90 95 105 129 
154 159 164 179 187 204 207 228 234 239 254 277 
278 304 305 315 340 341 342 343 356 363 367 372 
375 395 400 
37
3 14 25 26 47 74 77 82 86 93 94 108 
116 118 130 136 156 198 217 227 231 237 263 273 
276 288 297 305 310 334 337 365 380 382 387 391 
392 
45
7 9 12 21 31 32 50 54 55 66 72 93 
100 104 117 120 121 123 129 132 161 164 178 181 
192 199 205 222 232 276 282 286 298 302 320 331 
332 336 342 350 357 359 371 382 386 
38
7 11 12 17 20 53 59 66 74 79 89 98 
120 126 135 143 147 150 163 165 196 199 230 231 
236 238 271 278 282 297 301 308 322 328 337 349 
363 372 
44
14 16 19 21 28 41 45 54 57 70 79 93 
122 127 141 161 172 198 202 207 208 214 216 219 
228 247 249 254 268 275 281 284 290 292 296 299 
308 309 323 335 342 344 364 376 
37
1 5 9 15 31 50 86 114 124 130 133 143 
182 197 200 215 216 221 222 253 269 284 310 311 
312 314 322 334 342 344 357 361 378 379 381 383 
397 
49
5 6 11 30 44 45 46 48 62 63 64 65 
70 105 132 136 150 158 160 168 176 203 212 218 
221 226 227 233 237 240 242 259 270 271 275 287 
294 301 306 310 319 347 366 377 378 383 385 387 
397 
32
18 26 30 35 36 44 45 85 99 106 121 138 
145 156 172 198 214 235 246 250 253 262 279 284 
287 312 359 364 365 369 381 389 
30
14 18 23 50 87 88 102 109 138 141 149 169 
175 176 178 196 212 222 223 235 244 305 306 311 
319 321 329 355 359 377 
33
30 32 51 54 69 79 98 119 153 156 161 162 
180 186 201 202 212 214 219 222 224 231 243 251 
256 261 289 308 347 357 382 396 397 
32
6 11 13 30 35 51 55 57 59 62 64 65 
92 100 153 160 171 178 196 239 254 260 270 308 
310 330 344 357 361 363 391 398 
52
1 2 11 13 14 18 36 40 64 68 75 82 
100 106 113 126 128 140 163 179 183 195 196 203 
208 212 213 217 220 269 270 271 292 298 299 302 
307 308 316 317 322 337 345 349 351 356 359 371 
374 380 387 394 
43
28 39 62 71 102 104 113 139 140 144 145 149 
158 189 191 197 198 212 218 219 226 228 240 244 
246 249 261 273 289 292 300 315 321 330 331 336 
337 338 369 372 374 382 397 
41
7 23 31 43 52 65 77 87 106 107 108 112 
123 128 135 156 173 185 189 190 197 220 223 230 
233 249 251 252 255 280 288 292 295 317 318 323 
327 350 391 398 399 
50
8 14 24 25 27 38 53 57 62 63 64 77 
82 84 90 91 96 139 155 156 161 171 174 178 
214 222 239 249 259 265 269 272 273 274 275 281 
292 299 306 339 340 341 344 346 347 352 353 372 
374 379 
39
7 18 63 101 102 103 104 109 119 129 136 138 
142 153 160 169 178 217 235 236 238 239 246 247 
249 254 275 294 308 339 350 358 360 364 366 371 
382 386 395 
44
13 24 40 74 100 112 117 121 124 132 142 143 
147 148 164 166 178 179 185 188 189 191 208 221 
223 239 241 262 274 276 277 280 286 305 310 314 
323 338 340 354 362 366 395 398 
47
6 12 15 23 30 40 43 46 47 54 55 66 
92 108 128 147 152 156 162 169 175 180 181 204 
232 234 236 242 251 252 257 262 294 323 329 331 
332 336 338 341 354 364 373 385 392 394 399 
41
3 8 15 23 34 42 54 55 56 68 76 88 
116 137 145 149 156 173 200 201 224 233 238 252 
259 261 268 271 272 275 276 283 316 327 336 341 
342 364 373 394 397 
40
15 19 22 23 24 25 34 47 58 60 96 100 
104 114 130 131 149 155 159 165 176 195 205 206 
226 235 237 262 276 305 318 322 347 350 358 370 
380 389 391 398 
39
2 18 49 76 84 86 88 91 108 113 146 153 
156 172 174 186 192 193 195 196 199 204 211 257 
288 292 302 313 314 332 341 343 347 350 351 368 
372 378 391 
39
1 2 7 12 23 28 37 38 61 69 70 115 
135 136 158 185 189 227 235 236 237 242 245 253 
254 262 273 302 306 317 330 335 353 366 367 369 
372 373 375 
40
13 19 46 47 52 57 72 78 83 84 108 128 
142 147 150 165 189 202 219 224 229 231 239 245 
254 269 288 294 298 300 323 335 338 343 348 360 
369 380 394 398 
44
1 6 16 21 22 31 45 55 65 71 72 76 
81 94 97 98 117 131 139 141 155 185 192 209 
218 236 248 258 263 280 292 308 318 346 350 354 
365 367 368 375 376 378 383 397 
51
4 9 11 15 18 21 30 39 61 63 67 79 
87 89 90 91 101 104 109 118 119 128 147 154 
175 195 198 208 216 220 221 224 239 242 248 265 
269 281 305 312 314 315 320 322 336 345 354 359 
390 393 398 
44
1 8 20 28 31 34 35 40 51 72 76 88 
102 107 124 125 140 147 150 166 172 191 193 216 
217 220 260 265 268 271 293 298 302 307 326 343 
352 353 359 360 378 383 392 397 
44
8 9 48 50 53 58 65 70 72 84 96 99 
104 112 125 126 148 168 169 172 189 209 211 217 
219 227 235 242 260 272 273 279 283 288 289 296 
324 347 351 363 376 384 395 397 
50
14 15 16 28 32 33 39 50 58 59 65 77 
80 96 108 109 111 112 121 125 126 129 147 152 
168 179 186 192 193 209 210 233 242 250 263 269 
272 295 296 298 324 327 331 332 337 347 353 357 
358 383 
42
2 4 13 31 37 47 65 83 84 86 91 114 
116 135 142 148 156 171 198 202 211 221 236 252 
265 278 292 296 301 309 310 313 318 336 343 345 
348 352 354 360 366 383 
42
1 3 7 18 26 39 42 59 60 73 80 91 
94 113 125 140 146 161 172 173 178 180 182 189 
195 210 220 225 247 266 288 291 307 313 326 327 
344 350 361 368 372 388 
39
8 18 41 45 46 55 64 69 76 78 87 97 
110 116 136 144 151 157 187 188 189 192 226 241 
243 244 245 250 260 268 269 282 287 308 315 326 
352 367 384 
44
7 21 44 45 55 57 61 64 68 87 97 117 
118 119 127 143 151 152 153 159 164 168 169 176 
194 200 203 207 208 231 240 266 283 287 290 298 
311 339 346 350 371 383 387 393 
43
6 8 21 24 68 80 89 91 92 107 131 140 
144 155 159 166 179 181 190 195 201 205 223 225 
228 232 234 263 264 266 268 285 295 296 300 327 
329 341 342 350 379 381 398 
40
15 16 36 37 46 83 113 136 143 154 155 174 
179 181 191 192 195 199 220 226 227 248 256 259 
265 273 280 282 304 312 328 333 339 342 353 355 
356 377 385 391 
33
15 18 30 35 75 88 94 95 101 105 109 115 
122 154 155 191 209 220 267 268 285 291 305 331 
333 334 345 347 348 350 365 382 384 
38
11 19 33 42 55 57 75 80 81 89 110 131 
146 161 163 174 179 193 201 209 219 231 240 263 
267 276 282 285 295 303 311 314 333 338 344 356 
372 379 
34
6 11 13 30 35 37 38 52 75 102 104 112 
123 126 167 179 180 206 215 231 232 242 254 255 
265 270 279 283 293 297 310 347 360 384 
43
2 3 9 19 24 33 46 53 84 104 107 112 
119 124 128 140 143 148 160 171 180 185 201 216 
222 224 238 244 250 253 262 266 271 281 286 304 
307 344 346 349 351 394 399 
50
1 31 38 40 53 58 67 81 82 100 101 111 
114 120 138 163 165 167 170 186 188 209 221 223 
225 226 233 236 247 268 269 278 284 297 298 303 
313 322 327 328 329 346 349 355 361 362 364 368 
396 399 
38
10 49 81 82 93 100 103 105 115 127 130 133 
140 148 152 169 176 180 186 187 197 206 209 226 
230 259 276 283 291 316 325 352 363 378 387 388 
392 396 
34
24 29 37 54 65 70 83 99 102 141 157 160 
172 174 176 204 210 222 233 257 278 289 297 304 
321 328 345 350 354 366 370 374 392 400 
39
4 37 63 67 69 87 100 110 133 136 143 144 
150 168 170 186 188 191 211 245 255 257 266 294 
295 296 302 304 307 326 339 350 372 373 374 377 
380 381 395 
28
13 20 27 28 41 47 81 97 107 115 177 180 
187 189 244 248 277 288 310 311 319 323 342 344 
372 373 387 391 
40
4 12 17 23 25 28 38 57 59 62 70 79 
104 122 127 135 147 167 191 198 201 228 246 254 
262 273 286 297 305 312 329 332 336 339 340 351 
369 370 398 400 
39
13 25 26 39 40 44 46 49 52 59 72 78 
88 102 110 125 137 149 152 161 171 172 187 193 
201 238 246 265 301 316 323 326 334 338 342 357 
359 392 394 
41
4 5 16 28 38 40 51 57 67 87 96 97 
98 117 124 145 146 147 151 152 158 198 212 216 
231 237 247 263 268 275 286 288 291 294 308 333 
352 373 383 386 393 
38
18 23 28 37 42 79 84 89 103 109 120 126 
134 143 150 155 158 176 177 209 211 215 219 228 
232 237 242 247 261 276 282 307 343 367 369 372 
381 383 
29
23 38 42 47 51 52 96 123 132 143 162 163 
196 199 205 215 225 230 233 249 254 271 278 298 
317 320 322 347 373 
34
2 14 37 46 53 54 63 69 81 88 92 105 
130 142 162 163 165 190 196 225 227 254 261 265 
267 287 298 327 335 356 364 383 389 398 
44
19 27 36 50 57 60 67 68 71 83 96 97 
108 109 116 119 136 153 165 167 171 187 188 195 
200 208 219 224 244 247 260 278 280 282 283 285 
318 325 329 346 354 374 375 391 
39
16 20 39 44 50 52 72 90 119 124 133 142 
148 176 177 179 180 182 211 216 225 231 233 236 
243 253 274 293 299 300 323 355 364 365 366 367 
381 385 396 
32
6 10 12 14 18 25 32 38 61 80 87 106 
107 131 138 156 167 204 207 244 247 250 252 272 
276 292 295 310 341 349 395 399 
47
5 8 11 17 25 28 30 39 45 51 85 88 
89 106 108 114 122 127 150 151 174 176 186 194 
197 199 204 207 217 233 236 243 252 278 282 284 
290 302 306 314 343 355 356 358 366 372 400 
29
17 29 44 58 79 103 111 115 152 184 192 214 
221 222 225 231 232 238 257 263 308 315 330 331 
332 334 382 386 400 
41
8 15 17 20 21 23 45 52 57 86 100 107 
128 130 139 144 167 215 238 246 252 259 265 270 
273 275 277 285 288 291 298 304 309 315 322 325 
327 329 348 359 399 
46
4 8 16 22 27 28 47 55 63 71 82 90 
101 102 119 135 143 151 172 174 178 179 186 228 
241 243 255 262 282 297 298 299 305 307 317 319 
321 330 332 337 340 345 367 373 376 392 
40
5 9 21 26 42 58 66 78 147 154 156 159 
164 179 181 191 208 211 213 236 252 263 272 277 
279 293 295 299 300 310 317 330 340 367 373 375 
378 386 391 396 
43
9 28 43 45 46 58 65 103 104 121 130 132 
134 145 158 162 170 171 184 200 226 242 244 249 
254 263 272 281 293 294 298 301 309 310 321 332 
341 363 364 368 387 394 397 
34
21 39 40 56 60 72 87 95 104 117 123 130 
131 143 159 164 215 231 239 252 260 268 289 311 
319 320 327 339 345 363 366 384 385 396 
36
11 16 29 39 58 71 85 101 103 104 117 125 
132 138 140 147 158 190 196 209 225 271 280 285 
290 293 314 320 340 346 355 358 383 387 388 392 
44
5 8 12 27 43 61 77 86 93 98 110 113 
121 135 143 151 155 159 164 179 184 198 207 210 
223 224 228 236 240 250 259 262 283 284 297 311 
330 334 336 345 346 366 380 400 
56
7 36 38 40 47 48 51 54 55 56 62 79 
84 90 100 102 106 108 157 175 184 194 207 209 
214 215 216 225 234 241 247 256 263 268 269 278 
283 286 300 313 322 333 337 344 349 350 357 358 
359 366 373 381 387 390 391 399 
34
4 18 29 38 62 68 96 101 105 110 111 121 
123 137 171 178 180 185 197 200 214 224 241 251 
278 283 291 296 298 325 326 349 363 400 
35
21 38 60 75 80 81 97 102 113 116 135 138 
142 144 149 150 170 179 213 245 252 259 272 293 
297 320 322 330 343 365 376 387 390 391 398 
38
6 15 16 32 81 93 117 138 168 169 182 187 
188 202 203 208 214 218 223 225 251 252 274 278 
290 292 295 304 306 315 339 349 354 361 372 377 
384 385 
47
5 6 18 21 25 28 30 38 49 53 79 82 
85 89 90 94 109 113 132 136 138 166 175 190 
191 205 214 215 227 252 269 277 282 283 294 304 
308 309 325 328 342 343 354 358 360 369 386 
31
21 34 55 95 102 111 121 126 138 141 144 154 
176 188 197 226 228 232 237 248 255 281 286 287 
296 303 306 324 353 362 364 
47
2 10 31 44 47 63 77 86 87 99 106 108 
132 134 137 152 159 170 172 174 181 182 186 211 
219 220 225 231 236 246 252 259 268 272 276 289 
294 298 310 313 335 350 359 361 363 389 394 
35
14 20 33 41 58 59 62 68 70 80 84 89 
96 97 109 111 115 149 168 174 177 184 185 187 
223 230 233 240 247 279 289 320 327 356 395 
44
4 7 28 38 47 57 63 78 80 87 94 106 
114 123 128 129 154 176 183 206 207 217 219 224 
240 247 248 250 259 263 269 272 279 286 294 312 
317 327 333 339 361 377 388 400 
44
11 18 21 29 33 37 58 65 77 81 94 95 
102 103 106 112 125 138 142 145 169 172 188 201 
205 226 239 245 249 250 260 273 283 294 295 301 
319 327 340 341 365 370 376 393 
42
14 15 29 38 44 55 67 68 74 77 87 115 
124 129 140 145 148 152 156 160 164 167 174 175 
208 209 211 214 217 219 234 245 253 261 268 284 
289 309 341 346 354 363 
40
9 28 34 45 53 88 95 97 104 105 112 115 
130 149 151 164 167 187 202 207 223 242 248 252 
256 258 273 300 312 317 327 341 348 351 360 362 
365 370 380 392 
42
6 14 27 36 42 47 60 64 79 84 85 86 
89 101 103 106 113 122 128 145 165 168 184 192 
214 218 234 235 256 261 269 281 309 316 322 331 
343 345 351 366 388 389 
44
15 19 23 37 90 109 130 135 145 146 155 158 
164 182 184 194 216 219 245 257 260 269 276 279 
291 294 297 311 313 315 318 320 322 334 338 341 
351 358 367 368 369 378 389 398 
46
8 17 43 50 57 69 98 99 104 118 121 130 
164 178 185 190 191 194 198 199 207 210 220 224 
232 251 252 258 271 273 274 280 298 303 304 312 
314 322 329 331 338 379 388 389 397 398 
48
6 7 33 36 49 54 61 65 72 75 80 105 
129 138 142 156 161 170 172 173 176 180 181 182 
193 198 205 214 220 227 229 253 262 271 274 291 
297 298 333 335 343 349 358 369 376 381 387 393 
40
4 13 31 33 82 96 102 104 106 108 124 128 
135 138 140 149 150 163 164 174 177 178 184 193 
210 216 220 238 270 295 297 298 305 321 323 359 
368 369 378 383 
47
11 12 37 44 48 74 75 100 124 134 136 151 
154 159 163 172 190 197 198 201 203 206 207 215 
216 218 237 238 240 244 246 254 270 273 275 279 
283 291 295 305 313 317 321 338 347 370 378 
37
15 22 29 31 32 52 54 70 79 113 154 159 
161 162 164 185 205 206 222 231 240 253 257 265 
280 312 316 318 326 339 340 353 359 361 364 375 
394 
40
8 21 32 43 58 73 78 82 89 91 94 98 
120 125 144 159 162 163 165 166 167 182 198 207 
210 219 227 230 241 264 292 295 308 333 343 351 
387 388 396 397 
47
6 15 19 36 48 64 80 84 98 132 145 151 
154 155 165 166 175 183 195 199 209 212 220 225 
226 242 244 255 259 261 265 269 273 274 304 308 
312 323 327 335 340 342 359 371 375 390 391 
47
6 11 12 13 15 20 21 30 31 48 59 75 
78 82 83 106 108 113 117 120 130 146 162 169 
173 178 206 210 213 231 239 269 274 285 288 291 
297 307 328 341 363 371 377 385 386 388 392 
47
8 16 17 27 35 39 81 85 86 98 99 108 
109 126 133 140 142 156 182 184 201 213 225 230 
254 256 257 259 264 266 270 284 289 302 304 312 
318 322 323 324 325 341 344 359 363 389 399 
26
11 22 25 35 36 41 43 59 76 83 119 168 
200 218 228 234 242 251 261 262 268 293 300 330 
349 380 
49
5 8 11 20 44 46 47 52 59 60 61 67 
88 104 105 110 118 122 129 132 145 160 162 172 
183 185 188 190 203 223 236 238 242 253 257 274 
284 285 309 311 312 317 331 334 346 352 379 393 
399 
23
2 9 30 77 93 96 128 139 181 184 205 235 
238 271 274 280 283 299 303 306 324 346 388 
36
50 51 53 61 77 105 113 122 123 148 151 157 
161 183 186 201 229 239 266 276 277 279 306 318 
328 329 330 353 363 365 368 372 375 389 398 400 
38
14 25 33 37 45 48 50 52 77 80 95 103 
109 115 136 147 157 164 180 182 198 201 208 209 
220 223 237 238 259 267 270 291 292 302 337 349 
383 397 
41
5 29 32 37 42 52 68 94 101 107 109 127 
143 176 186 191 193 204 207 219 223 243 249 252 
271 279 288 289 298 313 322 339 345 350 363 367 
368 389 394 395 396 
41
7 14 31 51 58 71 76 79 91 98 101 133 
137 144 148 149 150 166 182 185 193 197 202 214 
263 264 267 271 281 286 294 295 302 336 341 342 
343 351 353 375 390 
41
10 11 17 31 33 40 55 60 61 73 78 79 
84 89 90 91 100 101 107 111 158 179 184 193 
215 234 238 241 242 246 258 262 279 298 311 345 
351 352 367 377 397 
38
4 7 28 29 30 56 62 86 94 127 138 152 
164 184 191 195 199 205 233 237 246 248 262 267 
275 277 292 298 310 318 319 327 347 348 349 350 
384 398 
45
5 17 18 20 24 25 30 36 48 52 54 70 
85 86 96 105 109 131 138 148 163 165 169 177 
190 203 212 220 246 282 289 305 312 320 321 322 
332 344 352 355 361 370 381 383 394 
48
5 44 61 64 97 104 107 108 111 133 148 168 
170 171 175 177 180 188 195 200 201 204 218 219 
222 226 227 232 247 248 262 269 283 287 295 312 
316 346 351 358 359 367 370 374 382 385 396 398 
38
32 62 66 98 141 147 152 159 160 165 168 189 
193 202 212 238 245 259 260 270 283 285 310 312 
316 318 321 324 328 331 336 345 349 361 362 364 
381 397 
43
8 12 24 31 33 60 74 79 84 87 91 94 
109 119 126 129 140 147 168 172 184 196 200 207 
231 245 263 268 271 281 305 315 316 327 338 341 
353 361 381 385 387 390 398 
36
15 20 23 31 34 45 48 51 59 68 73 90 
96 108 109 114 118 132 137 157 158 161 185 187 
188 204 217 228 229 238 281 297 302 339 370 388 
36
13 16 28 46 55 59 93 148 150 158 163 166 
173 178 186 187 201 211 221 228 255 257 268 272 
285 289 295 310 330 338 348 351 369 380 397 399 
40
11 20 25 34 64 67 111 128 133 134 144 149 
152 154 159 173 176 181 187 188 194 196 208 212 
213 222 225 226 234 242 245 247 274 278 305 331 
345 348 379 381 
40
5 14 15 20 21 22 28 43 61 66 87 89 
91 92 93 98 103 105 117 134 150 170 172 173 
174 196 209 218 231 254 269 275 300 332 354 358 
359 363 389 392 
45
10 11 25 31 42 55 60 74 85 92 93 95 
100 120 121 126 129 141 151 200 210 217 221 249 
255 258 273 280 282 283 288 306 310 311 319 322 
331 366 367 372 376 378 384 390 397 
39
16 22 37 45 49 53 59 66 70 85 86 88 
123 154 156 171 173 179 188 208 228 233 240 242 
248 254 262 265 273 285 313 317 328 332 351 363 
364 371 377 
44
2 3 5 7 26 28 40 41 49 59 60 61 
70 78 113 124 129 136 143 145 149 154 160 173 
181 204 230 272 290 291 294 296 298 316 340 344 
347 349 355 364 365 369 388 392 
53
2 22 28 33 61 64 72 77 93 109 112 143 
151 153 156 159 162 163 179 184 193 207 224 226 
228 229 230 234 237 251 264 268 272 281 287 289 
301 303 305 310 313 320 334 347 351 364 365 368 
375 379 382 395 400 
44
7 20 22 28 44 46 49 58 70 74 82 87 
99 106 127 128 135 158 160 163 176 190 224 249 
250 264 272 273 275 300 306 308 309 315 324 327 
329 337 339 353 383 391 392 398 
52
8 34 37 48 49 54 55 71 79 85 100 108 
110 124 128 133 142 148 153 157 161 164 180 181 
199 204 209 213 216 218 238 239 260 267 277 280 
282 283 284 286 290 294 316 317 318 329 362 375 
376 389 396 400 
25
28 58 73 79 91 109 114 136 146 188 191 216 
226 247 262 265 278 283 288 298 309 343 349 367 
395 
44
2 14 19 35 47 75 89 99 102 103 105 108 
109 116 120 150 154 166 168 169 187 196 205 224 
228 237 247 250 259 260 275 284 305 316 328 333 
334 348 353 365 370 371 397 398 
34
7 8 18 26 36 40 41 44 49 68 70 95 
117 127 172 178 181 197 202 203 231 234 251 255 
280 301 315 319 332 335 337 338 357 372 
34
8 19 21 23 34 41 56 59 81 85 98 129 
147 154 169 175 176 183 185 193 200 213 223 241 
244 257 299 312 316 321 328 342 383 397 
47
10 27 31 38 42 54 60 61 65 73 75 88 
89 95 108 109 114 117 124 133 138 142 154 160 
167 183 210 232 241 243 254 274 277 283 284 289 
292 295 304 320 345 346 350 361 378 380 387 
41
4 9 15 18 21 31 54 62 80 82 101 104 
115 122 130 139 157 170 174 179 197 218 222 274 
296 299 306 318 330 335 338 347 348 359 363 370 
379 386 392 398 399 
40
10 14 26 27 49 60 71 89 90 115 121 132 
136 143 147 166 187 191 195 212 224 231 236 249 
257 271 279 286 303 305 314 323 332 333 348 351 
356 366 377 382 
37
2 3 17 24 37 47 50 58 62 67 68 69 
70 77 97 99 112 127 130 146 150 164 175 186 
202 206 238 247 265 299 301 315 342 352 370 381 
392 
31
11 13 47 53 99 124 129 137 147 148 155 176 
178 179 199 225 236 242 243 246 247 280 285 325 
340 360 361 372 387 394 397 
37
10 12 26 39 52 53 59 70 81 88 92 94 
96 97 115 123 141 185 204 211 236 244 245 275 
276 285 295 300 311 321 327 347 352 363 367 380 
398 
41
14 16 48 49 51 52 69 79 102 103 111 113 
114 119 139 142 150 178 180 192 199 201 205 213 
214 217 232 242 244 253 272 294 302 319 334 335 
371 380 382 389 393 
39
13 25 29 34 46 56 63 68 71 104 108 115 
129 135 136 144 158 183 184 187 191 193 195 197 
205 219 248 265 267 273 284 286 309 355 360 363 
370 377 396 
37
4 14 15 38 48 52 63 84 85 87 97 114 
115 127 154 160 164 176 182 218 220 224 226 233 
235 253 257 296 309 318 325 326 377 390 397 398 
400 
48
10 21 23 38 44 58 74 76 118 134 141 145 
146 154 158 170 179 181 186 191 198 199 200 208 
227 229 230 240 241 242 243 252 254 281 322 326 
331 332 333 339 342 355 363 368 378 381 395 398 
30
3 12 25 30 38 73 87 104 112 114 149 156 
186 197 207 229 241 260 264 280 283 288 291 296 
302 324 332 349 369 370 
36
32 39 70 101 103 110 115 124 143 145 163 176 
182 192 198 202 217 222 231 232 236 244 249 284 
312 319 323 339 342 351 367 368 372 375 383 390 
30
9 14 36 49 52 54 79 81 87 113 133 150 
154 183 185 187 203 241 256 258 262 293 303 309 
314 350 360 378 384 391 
47
3 19 40 46 52 77 89 102 104 110 118 125 
127 128 136 143 149 164 166 169 181 209 211 214 
218 219 221 224 234 241 254 272 275 279 288 290 
314 338 343 355 362 365 370 376 385 386 392 
44
5 11 26 62 72 85 86 87 107 125 128 141 
154 156 161 164 165 168 176 180 184 207 211 230 
235 239 245 247 249 253 256 278 292 317 330 336 
337 355 361 367 373 387 389 397 
45
11 30 39 42 46 53 74 89 91 102 104 110 
123 125 128 133 141 158 161 180 181 185 190 203 
209 213 226 228 229 237 245 268 283 291 297 311 
313 319 334 340 358 372 376 388 392 
42
23 25 31 36 74 89 109 110 128 131 132 133 
153 154 171 185 199 200 214 230 236 240 247 259 
264 269 271 285 288 290 302 308 317 335 341 345 
350 352 360 369 385 400 
39
30 32 55 62 68 69 91 108 122 126 137 155 
157 161 168 174 188 190 193 194 205 210 220 221 
235 247 271 284 287 288 315 328 345 357 358 359 
360 364 397 
40
3 8 10 11 14 15 35 36 51 58 66 71 
112 113 135 137 157 170 183 187 196 201 203 243 
247 252 258 262 265 280 312 313 316 317 325 341 
359 368 380 399 
41
7 21 36 52 60 65 74 108 137 142 166 169 
171 181 199 202 209 214 220 223 236 238 242 266 
274 279 300 314 333 344 345 346 349 351 353 363 
366 374 380 385 388 
40
2 11 29 31 33 35 44 60 77 84 90 97 
103 117 119 127 147 157 162 167 177 186 187 201 
204 209 231 252 261 265 320 329 332 336 341 346 
356 369 370 391 
39
2 10 19 29 30 33 43 52 59 69 81 95 
109 110 111 132 145 164 176 178 180 182 185 208 
209 219 230 254 262 269 276 277 280 285 343 351 
355 371 400 
50
4 18 24 48 60 63 66 75 77 78 91 96 
117 127 129 131 135 139 140 146 147 150 153 162 
173 189 202 206 220 225 227 247 253 261 271 304 
305 312 322 347 351 353 364 366 374 376 380 381 
382 392 
36
5 7 8 12 46 47 57 81 84 108 126 160 
162 163 171 172 204 208 220 233 240 250 254 267 
279 286 287 291 311 322 326 340 355 366 390 395 
36
38 40 43 59 62 73 84 86 90 91 96 102 
108 112 119 126 137 151 177 202 212 230 235 251 
255 262 269 298 300 304 314 322 340 375 381 384 
41
3 4 6 18 24 29 37 50 59 72 97 106 
107 111 127 129 153 161 165 180 189 194 196 201 
215 257 261 273 275 289 294 317 323 324 353 369 
371 384 385 391 394 
42
3 32 56 58 59 79 81 82 89 91 92 111 
113 124 125 133 134 164 190 191 193 196 202 215 
221 223 236 240 251 263 274 308 326 338 349 353 
360 361 367 377 394 397 
38
1 15 17 27 31 34 37 40 47 65 66 70 
97 99 127 160 164 169 174 182 185 189 205 226 
229 260 285 299 301 309 314 315 329 349 355 371 
380 395 
33
8 18 43 54 57 67 79 81 89 99 118 130 
134 136 149 157 158 159 186 213 236 265 300 303 
316 320 326 342 355 360 361 367 386 
32
13 19 20 36 42 49 63 69 107 117 118 124 
125 131 147 151 172 178 179 182 202 217 243 279 
297 309 348 362 365 380 387 398 
47
6 18 19 21 24 26 27 29 33 47 81 98 
123 124 148 161 167 175 183 188 191 199 213 217 
230 232 237 238 239 255 257 261 265 279 298 303 
305 308 321 329 332 348 358 386 389 394 397 
47
5 6 15 19 21 22 23 25 28 30 37 38 
47 58 59 75 102 110 137 141 144 151 190 196 
209 219 231 238 239 250 260 265 269 286 321 329 
336 341 351 363 368 371 384 387 389 397 399 
40
18 48 71 82 89 99 101 109 113 125 128 137 
140 145 153 166 167 186 192 198 203 211 216 219 
238 239 261 269 271 273 277 283 293 311 322 334 
335 347 356 357 
39
15 17 21 24 31 33 38 53 59 60 65 91 
95 105 126 148 164 168 169 172 181 185 198 201 
205 213 224 226 227 233 262 269 293 333 336 352 
356 360 382 
43
7 26 27 45 52 68 70 77 106 112 117 120 
129 155 157 162 172 200 203 204 232 250 254 255 
263 268 269 278 283 287 289 307 325 328 333 344 
360 361 367 369 374 381 398 
46
5 12 44 45 56 68 73 80 92 104 108 128 
132 149 153 172 181 194 214 215 216 219 228 232 
236 239 241 254 256 260 299 308 309 317 328 346 
347 355 363 370 374 384 387 392 395 400 
45
13 39 45 48 53 64 65 109 128 131 135 138 
139 155 178 185 188 190 191 200 201 204 205 209 
212 222 223 230 246 257 262 265 267 273 276 277 
304 308 314 334 351 382 383 387 388 
37
6 7 12 27 35 36 38 53 56 64 70 90 
109 120 125 135 136 142 152 200 217 236 239 244 
263 277 283 291 292 293 295 354 355 371 372 391 
397 
36
12 13 21 27 34 49 69 70 94 95 134 140 
157 161 178 194 204 206 245 250 255 264 267 269 
270 290 293 310 335 337 338 343 372 381 395 396 
44
1 3 43 53 62 68 74 86 88 90 94 95 
117 173 186 192 199 202 210 217 218 225 227 263 
268 277 280 289 295 298 304 314 326 328 345 348 
351 356 364 371 385 386 392 398 
37
3 10 12 37 54 55 78 83 85 90 92 100 
123 132 137 142 160 167 173 175 211 217 229 237 
242 274 278 325 339 343 346 370 375 382 388 392 
394 
47
1 7 9 18 19 26 31 39 40 49 75 84 
87 96 99 101 107 130 133 134 146 154 159 166 
171 175 177 192 196 236 250 262 282 289 290 305 
311 320 324 329 332 335 364 367 380 384 397 
44
11 34 36 55 95 100 103 116 121 125 129 130 
138 139 141 143 156 157 172 194 196 199 202 203 
232 250 254 263 268 270 280 283 288 294 299 303 
310 314 321 325 340 350 395 400 
45
7 18 21 24 38 48 49 61 67 75 80 122 
127 128 156 163 172 182 187 199 200 204 233 251 
260 265 289 291 301 303 305 326 327 332 339 345 
347 349 357 358 364 365 375 380 383 
39
16 17 19 38 61 65 86 93 111 117 123 129 
130 140 147 150 163 168 177 188 199 204 221 238 
256 259 269 275 327 333 361 363 364 365 367 386 
390 392 395 
43
3 4 6 11 12 30 44 45 53 54 62 75 
82 95 98 104 123 138 168 169 205 224 238 239 
240 260 261 264 269 286 290 298 302 313 321 343 
347 364 372 376 382 385 399 
43
13 14 31 45 57 63 65 71 72 84 91 94 
98 100 102 104 118 126 129 141 153 169 176 190 
207 210 252 255 260 270 272 282 287 305 308 319 
327 358 361 373 375 379 387 
40
29 32 33 76 94 99 113 115 120 142 164 172 
227 229 236 244 245 254 258 260 268 277 281 293 
296 299 301 308 317 318 327 331 348 358 375 379 
381 392 394 398 
32
11 67 81 85 91 103 116 122 136 143 149 161 
180 185 192 213 214 236 254 286 296 297 300 304 
320 329 334 336 348 355 357 389 
47
12 35 40 48 74 81 97 107 112 119 127 131 
132 134 138 141 142 146 153 159 165 173 184 187 
188 194 207 238 277 278 289 293 295 308 317 318 
320 331 332 342 359 365 375 387 389 390 397 
46
2 14 30 36 38 68 73 76 81 83 109 111 
116 118 124 132 135 137 150 155 164 190 204 209 
220 221 223 225 237 246 252 283 292 295 298 307 
310 319 325 326 329 339 342 354 367 388 
46
4 16 20 29 30 47 55 64 65 68 74 85 
90 115 116 118 123 125 129 140 142 158 161 168 
172 173 174 186 199 203 224 242 244 249 252 259 
284 293 311 326 342 347 352 359 396 397 
46
14 26 31 43 46 51 66 72 96 102 112 125 
146 150 175 176 187 192 195 209 214 218 225 230 
249 254 255 264 278 283 285 290 296 304 307 318 
323 330 339 343 344 348 353 367 372 382 
31
21 27 29 32 33 36 46 58 101 102 124 133 
150 151 171 180 191 215 221 224 244 256 279 282 
312 323 333 343 359 361 381 
40
17 32 36 38 54 66 93 97 98 101 110 120 
134 147 148 166 173 176 180 186 198 229 240 244 
248 250 253 274 286 294 295 307 309 334 335 338 
354 364 388 396 
42
6 7 37 39 50 55 60 66 77 87 98 105 
114 144 145 151 159 161 168 170 175 176 184 194 
208 212 219 251 254 261 269 279 316 326 334 344 
351 356 361 368 371 393 
46
10 11 39 41 45 48 54 60 76 90 97 98 
125 126 140 151 157 159 176 184 185 191 202 208 
216 219 226 250 254 269 282 284 307 328 331 339 
351 353 355 358 360 366 368 379 381 384 
36
26 28 31 44 80 83 89 98 113 124 154 163 
167 173 176 189 202 226 239 240 251 259 260 285 
309 318 320 340 344 347 352 354 361 378 386 396 
33
22 26 35 36 48 49 68 76 79 84 92 97 
101 107 144 152 157 179 221 253 260 262 268 286 
288 318 331 344 359 370 386 394 395 
55
4 12 21 22 29 30 35 43 53 66 70 74 
82 96 99 104 105 109 114 116 119 131 140 142 
143 144 155 162 170 171 172 180 181 184 195 197 
198 213 237 238 248 255 260 269 281 303 306 313 
338 352 358 377 381 383 392 
37
11 22 26 27 31 34 53 57 71 73 135 136 
144 164 165 190 191 193 196 203 211 221 230 247 
256 262 277 279 280 305 325 326 346 358 376 389 
393 
38
14 33 45 47 51 56 61 65 85 94 102 107 
112 118 143 189 206 217 220 227 232 239 260 264 
281 287 311 316 324 325 332 337 338 354 355 360 
369 376 
37
3 27 57 59 78 88 94 114 116 124 125 128 
138 152 169 188 189 204 214 229 231 235 238 250 
263 268 284 289 308 314 321 356 362 375 383 386 
389 
36
2 6 11 22 33 56 70 73 89 96 109 120 
145 148 150 189 204 206 219 231 246 266 276 278 
302 304 313 326 329 340 344 355 361 372 375 387 
47
1 4 29 30 46 62 72 81 83 84 88 90 
93 96 105 106 121 124 130 136 145 154 170 174 
184 200 203 206 213 258 261 268 274 275 310 319 
321 323 329 341 347 351 354 357 369 379 392 
35
4 19 30 50 57 59 68 72 93 98 104 182 
187 199 203 217 229 233 241 242 248 253 254 277 
279 287 307 308 317 324 336 338 339 368 388 
49
4 10 12 16 19 24 41 43 60 79 88 91 
96 120 125 147 152 172 173 191 200 232 236 270 
271 279 280 281 284 288 290 295 296 300 301 305 
324 334 338 351 355 357 364 383 385 387 390 393 
399 
31
17 37 51 73 75 80 88 97 132 143 144 192 
202 205 213 217 226 232 236 252 259 268 305 309 
310 312 319 327 335 340 362 
35
3 4 9 22 25 32 38 51 60 72 101 107 
125 137 164 195 198 202 218 229 233 258 265 267 
283 287 297 309 357 366 370 377 385 389 396 
41
9 16 17 27 39 43 51 52 66 72 75 79 
88 94 121 136 158 161 180 204 208 210 214 244 
248 264 279 281 282 285 287 298 307 321 322 326 
329 358 363 382 393 
36
5 8 23 30 38 45 55 81 84 92 103 117 
123 125 137 150 156 167 179 183 193 194 203 209 
223 252 262 263 280 282 307 322 327 334 373 376 
31
53 55 56 72 85 88 104 110 151 165 168 172 
175 185 189 190 219 224 234 253 276 286 294 295 
297 299 305 312 349 382 383 
33
13 15 25 30 32 45 72 78 95 140 174 192 
199 215 222 224 267 300 304 305 314 316 317 318 
330 331 332 345 355 357 358 378 381 
32
6 9 14 30 31 39 40 57 62 63 73 91 
115 121 128 139 157 166 174 195 213 235 241 242 
270 294 295 304 310 329 350 389 
40
25 38 41 48 60 95 101 105 110 111 130 147 
148 151 162 163 168 181 184 185 195 204 217 220 
235 250 251 264 274 280 312 339 340 347 367 369 
372 373 385 395 
