400 200
1 1 1 1 1 1 1 1 1 1 1 1 
1 1 1 1 1 1 1 1 1 1 1 1 
1 1 1 1 1 1 1 1 1 1 1 1 
1 1 1 1 1 1 1 1 1 1 1 1 
1 1 1 1 1 1 1 1 1 1 1 1 
1 1 1 1 1 1 1 1 1 1 1 1 
1 1 1 1 1 1 1 1 1 1 1 1 
1 1 1 1 1 1 1 1 1 1 1 1 
1 1 1 1 1 1 1 1 1 1 1 1 
1 1 1 1 1 1 1 1 1 1 1 1 
1 1 1 1 1 1 1 1 1 1 1 1 
1 1 1 1 1 1 1 1 1 1 1 1 
1 1 1 1 1 1 1 1 1 1 1 1 
1 1 1 1 1 1 1 1 1 1 1 1 
1 1 1 1 1 1 1 1 1 1 1 1 
1 1 1 1 1 1 1 1 1 1 1 1 
1 1 1 1 1 1 1 1 
23
17 22 27 32 33 39 45 57 61 63 85 91 
99 115 118 122 125 133 135 137 149 164 169 
26
3 7 11 21 33 38 40 54 61 67 71 84 
92 95 109 120 131 133 134 153 156 160 174 185 
193 196 
15
12 42 44 64 83 104 106 145 153 158 159 164 
169 172 187 
23
2 36 42 48 50 51 56 65 66 71 92 94 
95 99 116 137 147 151 154 158 171 180 187 
18
28 40 44 55 58 65 71 79 83 99 107 116 
121 130 139 149 188 199 
21
21 24 57 62 63 75 94 96 99 137 143 148 
149 156 159 164 172 177 190 191 197 
21
1 11 12 23 24 42 56 72 73 87 90 110 
112 129 137 160 162 164 172 174 190 
24
6 19 30 37 44 49 62 73 83 84 86 88 
103 114 134 145 152 162 171 172 175 176 190 197 
19
8 36 37 53 56 78 81 87 101 120 128 130 
138 143 152 156 159 184 188 
31
1 10 11 37 42 49 55 75 90 92 95 107 
110 116 117 130 133 141 144 146 154 155 167 169 
171 179 191 194 195 196 197 
24
13 22 27 28 35 40 42 48 67 69 85 88 
97 106 135 143 151 155 156 174 177 189 192 197 
19
15 34 57 81 85 88 114 120 126 134 135 143 
162 176 181 182 185 196 197 
23
12 20 24 43 47 60 63 76 78 90 92 99 
105 112 121 122 124 128 133 142 183 199 200 
17
26 34 36 45 50 60 76 77 80 117 127 134 
145 148 149 174 193 
14
20 30 34 45 67 70 93 129 142 144 152 160 
165 166 
12
20 23 72 74 91 113 114 150 160 166 167 170 
13
17 40 41 55 57 75 104 113 114 152 159 178 
185 
21
5 13 38 48 55 66 68 94 103 108 121 122 
133 137 139 148 153 179 182 190 198 
26
9 28 32 72 81 86 88 89 95 98 101 110 
113 125 131 135 141 150 151 153 159 174 187 191 
193 194 
21
9 11 19 27 42 54 68 73 91 111 119 145 
148 156 161 164 171 176 179 191 198 
21
2 4 19 32 46 48 73 76 77 84 88 120 
123 127 142 146 147 156 157 162 172 
22
7 19 20 33 34 36 38 43 62 70 72 98 
101 107 135 141 144 154 156 158 193 196 
19
2 10 12 82 91 116 125 131 140 145 154 161 
164 170 175 176 177 178 197 
30
2 6 21 25 44 49 57 58 68 90 100 101 
105 106 109 111 125 130 135 140 142 143 152 157 
163 168 179 184 190 195 
19
3 6 30 44 56 65 72 73 82 99 106 107 
113 138 147 162 165 173 188 
22
3 7 15 25 29 45 60 69 79 84 87 91 
106 127 135 146 147 184 187 192 193 200 
21
8 17 23 28 41 45 70 77 96 109 113 123 
137 144 147 148 155 160 162 171 175 
25
6 9 10 27 37 42 46 55 67 75 81 82 
94 101 104 117 131 146 155 159 160 168 177 194 
198 
18
21 26 27 36 42 47 49 59 81 90 105 114 
142 143 159 171 174 178 
21
3 37 40 41 43 46 47 52 53 55 68 83 
92 103 112 121 138 142 143 152 178 
18
7 22 28 36 37 58 94 107 122 130 132 135 
138 140 146 152 168 186 
20
9 10 15 31 45 46 53 72 80 84 100 145 
155 156 158 163 164 168 177 196 
15
18 25 37 54 62 70 75 79 85 123 139 141 
150 161 194 
18
8 25 46 56 60 63 81 90 109 132 147 156 
163 164 177 184 189 195 
19
5 25 42 45 49 91 99 101 103 105 115 116 
132 135 141 143 163 174 179 
16
27 45 47 61 65 92 102 122 133 145 151 161 
170 175 176 192 
24
6 16 34 41 64 70 71 72 74 77 79 92 
106 115 123 138 143 146 153 161 183 191 197 199 
20
7 9 12 16 23 26 34 45 47 52 55 66 
77 110 115 136 137 152 155 161 
18
5 17 23 35 36 42 62 81 86 110 115 137 
139 141 145 158 160 182 
24
21 22 31 34 40 48 50 55 56 70 83 89 
94 105 106 109 124 125 135 139 144 157 171 199 
23
4 6 19 22 33 46 51 52 54 94 106 108 
128 134 135 139 145 163 172 180 185 191 199 
22
7 11 33 35 37 44 53 59 68 69 100 108 
122 130 147 150 152 162 170 174 192 200 
17
17 25 42 47 50 51 80 102 104 109 110 113 
138 147 156 161 185 
17
9 14 25 36 39 49 56 77 95 105 128 149 
156 173 186 196 197 
28
8 22 34 37 44 49 53 72 81 84 87 90 
98 109 114 120 126 137 153 154 156 164 166 168 
185 189 198 200 
18
7 15 37 47 49 62 92 99 108 118 122 123 
127 136 149 176 195 199 
16
7 29 31 52 55 59 79 88 110 127 138 139 
173 177 190 193 
19
9 14 30 31 39 44 68 69 75 105 121 136 
139 156 163 171 176 194 198 
21
6 9 10 14 22 33 62 63 70 72 74 80 
108 115 121 139 141 150 153 163 194 
21
7 15 25 30 34 62 65 67 73 81 93 97 
113 133 136 139 143 158 175 176 196 
17
4 13 14 23 42 48 57 63 142 143 152 168 
175 188 189 190 195 
24
18 32 35 36 50 71 73 80 87 90 91 99 
100 103 113 116 118 119 128 130 141 149 173 192 
20
2 8 25 42 48 49 59 60 89 93 95 116 
122 135 143 147 150 153 181 186 
20
1 23 24 58 61 64 70 72 85 94 117 121 
128 130 139 159 171 177 178 199 
23
5 36 39 41 52 55 56 61 86 99 111 115 
126 133 153 155 171 176 179 180 188 192 193 
24
4 32 37 45 48 55 65 74 79 83 98 102 
114 118 126 127 150 163 168 171 188 192 198 199 
26
1 3 11 14 15 19 62 69 70 87 93 95 
100 108 117 120 126 128 147 152 178 180 181 182 
187 190 
30
1 4 5 6 11 19 33 37 44 52 60 70 
78 98 108 113 115 124 142 146 149 155 156 167 
169 176 189 192 194 199 
26
3 12 19 23 32 37 55 62 74 89 96 100 
116 117 128 130 131 132 137 146 150 186 189 195 
199 200 
25
7 11 27 30 54 55 64 66 68 71 84 86 
113 116 118 121 122 132 145 146 154 155 160 162 
192 
26
5 21 24 28 29 41 45 51 59 65 67 68 
72 86 91 96 118 124 126 130 132 158 162 175 
184 200 
12
7 30 71 77 91 99 104 105 110 116 157 168 
18
5 6 28 43 54 83 91 111 121 125 126 127 
145 155 160 173 176 188 
20
7 12 38 47 55 59 61 66 72 105 109 113 
135 146 147 167 182 184 195 197 
14
4 18 26 28 59 70 98 105 120 155 157 162 
183 187 
16
5 24 25 31 47 57 63 67 70 110 138 169 
170 178 183 198 
20
1 2 7 17 20 38 44 65 79 105 111 114 
118 120 121 140 147 150 167 198 
17
2 25 52 55 58 70 89 94 103 104 112 116 
137 146 151 193 197 
14
17 27 36 44 80 85 101 112 117 131 160 163 
189 195 
19
18 21 39 44 55 59 60 64 98 99 106 109 
111 129 134 135 158 177 198 
21
1 11 12 15 25 40 41 46 57 68 69 117 
119 122 155 166 171 188 190 197 200 
22
20 21 23 46 53 65 71 79 86 95 103 106 
107 117 132 144 160 174 176 185 186 187 
18
19 22 50 52 61 68 72 73 116 129 141 148 
162 166 171 186 191 199 
24
1 2 10 11 28 34 37 40 57 61 68 70 
78 89 93 111 115 125 144 156 157 160 183 188 
19
4 5 12 17 40 52 59 69 76 83 84 86 
95 111 118 143 149 181 199 
15
6 17 24 40 41 42 48 65 113 120 140 143 
144 184 197 
25
5 8 17 19 22 34 49 50 55 82 88 93 
94 105 109 110 125 134 142 162 167 170 173 176 
189 
12
16 28 46 57 62 75 90 127 129 134 142 175 
20
30 50 51 52 60 67 70 76 79 86 92 96 
98 109 143 147 171 172 186 190 
15
6 10 36 50 71 101 104 152 156 157 161 176 
183 192 199 
18
5 24 31 43 46 53 68 75 77 84 106 119 
149 154 168 182 190 192 
16
35 56 86 107 129 141 148 161 163 167 173 182 
183 189 191 195 
17
14 23 32 47 56 82 85 93 95 97 116 136 
145 156 161 163 188 
18
17 18 23 31 49 59 61 83 93 102 132 133 
134 136 138 162 181 192 
22
1 23 26 41 47 60 62 67 77 98 100 103 
104 109 118 121 131 136 140 142 169 179 
22
6 11 17 23 45 59 78 79 80 96 102 119 
132 133 138 146 157 168 175 177 182 192 
17
17 37 47 48 68 74 79 82 88 110 126 135 
156 163 164 169 192 
26
1 24 29 31 34 46 67 68 70 72 82 90 
121 128 135 136 142 145 154 157 160 170 172 181 
184 198 
22
2 12 15 16 44 45 57 58 68 77 95 98 
105 116 123 126 128 135 138 170 190 191 
19
5 9 14 15 23 32 35 62 91 93 95 102 
116 140 141 143 160 167 194 
26
6 10 15 19 29 45 55 64 65 67 77 80 
88 100 102 121 131 134 136 147 154 156 183 197 
198 200 
12
19 42 91 106 107 113 144 154 161 181 191 192 
18
6 7 27 39 55 58 79 103 108 111 112 133 
139 145 151 165 167 172 
25
13 14 17 26 41 42 46 49 55 61 67 69 
80 84 86 88 94 101 108 111 155 160 180 181 
193 
17
11 18 31 39 54 58 76 83 95 120 123 125 
130 139 142 155 161 
16
12 19 28 36 53 55 69 73 84 86 87 99 
101 160 188 195 
26
3 12 17 21 27 30 33 34 35 49 74 80 
94 104 127 134 141 150 152 153 155 158 166 177 
180 182 
24
1 19 25 46 72 73 82 89 99 110 125 131 
138 141 143 146 147 150 160 169 170 185 197 199 
20
21 29 33 39 59 67 88 103 106 125 126 137 
155 170 174 179 182 184 191 196 
22
1 12 55 56 61 72 79 83 87 112 121 124 
125 126 130 131 137 148 185 187 189 190 
17
16 24 27 37 43 45 55 84 89 101 105 107 
123 140 160 167 188 
24
3 7 36 62 63 67 70 74 81 85 103 105 
120 123 135 146 169 171 182 184 185 188 195 200 
20
5 16 21 22 23 31 40 43 69 73 98 129 
154 160 166 172 173 176 179 185 
21
16 51 56 69 83 84 85 86 87 91 98 103 
110 142 146 159 164 166 182 194 197 
23
1 28 31 33 43 48 50 52 66 73 79 95 
100 123 133 149 151 155 158 174 181 183 187 
13
10 21 46 56 66 68 99 101 112 141 143 166 
180 
27
4 7 9 14 35 36 37 64 95 101 106 113 
118 125 127 131 135 136 138 147 162 163 167 170 
182 186 192 
17
34 48 63 65 75 83 101 106 124 131 133 155 
156 162 189 195 200 
19
20 54 77 83 88 100 103 107 119 127 129 151 
163 168 172 178 180 189 190 
17
3 32 43 44 47 74 80 87 88 122 127 146 
152 160 172 174 176 
22
1 16 26 27 33 34 42 70 83 84 88 91 
98 105 115 121 145 146 154 185 186 197 
13
14 16 30 32 45 66 71 139 142 149 151 167 
170 
21
2 3 10 40 53 58 88 90 98 100 115 122 
130 140 145 146 150 153 157 177 187 
18
9 36 38 49 55 59 70 71 80 90 119 125 
135 142 157 162 164 197 
12
8 40 65 66 84 87 111 138 153 160 180 195 
15
1 8 16 24 26 84 94 95 110 122 159 168 
185 191 200 
20
21 56 62 63 64 74 82 96 98 106 121 123 
128 131 137 138 154 165 183 197 
21
8 14 25 35 37 55 58 61 84 85 101 102 
109 116 118 124 125 129 141 144 172 
20
14 16 19 27 49 70 78 96 105 106 107 108 
111 124 131 144 168 171 174 177 
24
9 15 16 43 48 58 62 65 77 121 127 132 
136 137 140 146 155 163 171 180 185 189 194 200 
24
1 13 26 30 49 57 71 75 87 90 101 103 
106 109 129 140 146 156 159 174 179 181 198 200 
21
37 47 55 63 69 76 88 109 112 116 121 125 
132 136 149 153 155 156 158 169 173 
18
17 22 30 31 46 62 91 92 95 105 113 123 
133 143 158 162 178 180 
22
5 26 32 46 48 51 64 107 121 125 127 135 
140 142 143 151 153 157 179 180 194 196 
18
2 7 18 23 28 42 53 112 121 130 137 139 
160 161 166 175 184 197 
18
9 31 34 36 49 53 61 63 72 92 97 98 
103 110 113 132 166 181 
17
4 43 49 51 54 58 61 62 68 73 108 112 
121 131 148 167 170 
19
9 12 23 46 54 72 88 94 95 100 103 107 
110 117 127 128 158 168 178 
17
5 14 21 34 42 52 75 90 91 95 101 115 
123 129 136 147 157 
24
7 25 46 52 59 60 81 85 97 104 115 117 
119 127 132 138 142 158 166 167 176 182 183 198 
21
4 7 8 12 18 38 62 97 100 114 119 120 
122 125 128 137 159 167 182 189 194 
20
2 16 23 27 58 66 68 73 80 91 105 112 
118 127 136 180 191 195 199 200 
23
1 2 17 22 28 32 41 42 48 62 81 84 
86 88 116 118 140 152 160 161 180 191 199 
13
2 14 18 70 74 82 91 145 148 150 175 176 
184 
25
8 15 25 28 38 46 48 86 88 91 93 119 
126 127 129 134 137 139 145 149 154 175 177 188 
200 
20
29 34 45 53 60 66 71 78 83 107 109 121 
126 142 149 150 163 167 170 175 
28
9 18 28 30 33 35 44 54 63 75 76 91 
112 113 117 120 142 150 151 154 156 158 166 175 
177 182 187 192 
20
6 12 24 39 54 67 75 92 105 106 120 122 
123 129 137 161 179 180 198 199 
28
2 3 6 9 11 18 28 31 38 59 79 85 
95 96 103 110 113 146 149 154 155 161 165 179 
182 183 196 200 
12
3 21 52 74 82 94 106 110 144 171 183 184 
19
5 7 22 30 49 51 64 69 77 82 102 121 
128 132 139 144 148 189 199 
20
4 7 30 43 47 51 80 91 96 98 101 105 
115 125 160 169 178 187 189 200 
17
12 18 40 49 62 73 79 91 96 101 141 147 
156 163 180 181 196 
15
4 11 19 21 54 64 108 135 157 165 170 173 
183 196 197 
19
20 31 36 83 86 96 99 118 120 131 135 136 
148 167 180 189 190 193 199 
13
1 64 66 78 89 109 116 120 137 160 167 190 
193 
24
11 30 35 36 55 57 68 70 83 84 90 94 
100 107 111 126 141 145 150 154 163 184 192 195 
19
17 18 34 46 57 60 68 69 92 96 97 136 
138 153 165 169 172 173 185 
21
19 21 29 40 62 63 65 70 73 79 92 100 
106 116 130 155 161 165 181 194 196 
26
3 6 25 26 50 63 64 89 92 102 103 106 
109 110 114 126 130 136 147 158 162 173 177 180 
192 194 
17
2 9 12 17 44 47 65 73 94 101 121 129 
152 169 176 177 199 
16
1 5 11 18 78 97 116 120 139 146 159 162 
166 179 181 184 
17
34 35 38 55 69 73 79 82 93 122 132 135 
147 179 186 187 194 
27
7 15 25 39 51 52 56 66 77 88 89 94 
99 106 109 110 118 121 123 124 133 147 150 162 
164 171 182 
13
5 13 32 72 89 116 120 132 136 149 150 160 
182 
22
10 11 27 38 44 45 51 64 72 74 87 95 
107 149 157 169 171 179 184 188 189 200 
22
3 6 7 15 25 45 46 54 57 73 76 90 
103 110 116 118 121 153 164 172 182 189 
19
10 17 46 57 62 66 72 97 129 130 131 142 
143 152 153 190 196 197 200 
11
4 6 8 11 96 119 146 177 188 189 199 
24
2 7 18 32 33 36 40 45 62 63 76 80 
82 83 104 106 113 120 121 139 145 148 189 199 
12
10 24 30 42 91 96 97 107 110 151 176 185 
23
13 17 22 29 32 52 74 82 91 95 105 119 
132 136 144 145 155 156 162 174 183 184 194 
25
6 11 18 20 32 61 68 71 87 96 106 125 
126 138 151 152 154 161 171 172 190 192 196 198 
199 
22
7 8 16 30 33 35 39 43 48 54 88 94 
95 133 136 141 150 152 154 161 181 195 
16
16 38 40 44 49 53 86 100 132 147 153 171 
176 177 193 196 
23
2 5 21 24 35 45 56 74 76 77 81 83 
90 97 105 112 114 117 119 130 149 154 176 
19
10 33 56 70 71 74 102 109 110 111 118 119 
128 145 150 162 172 176 198 
24
7 40 42 50 84 88 91 96 110 111 116 118 
130 140 147 159 164 175 176 178 182 191 194 199 
19
2 8 18 32 36 42 44 75 80 101 125 128 
149 152 164 170 175 177 195 
23
22 24 28 47 57 69 80 93 101 102 104 108 
114 115 123 128 129 151 162 168 175 190 195 
16
5 11 14 20 30 33 36 60 66 82 90 110 
112 120 146 182 
15
10 13 34 51 60 70 110 120 138 148 156 160 
161 180 183 
27
3 4 9 20 24 39 41 63 66 67 69 77 
78 81 85 93 116 129 140 145 161 167 174 185 
186 187 188 
20
5 22 25 39 50 71 78 93 98 112 134 140 
145 153 155 188 189 190 194 198 
21
12 14 15 19 45 47 53 55 61 66 80 86 
105 109 111 140 145 149 154 164 197 
19
1 11 37 71 75 80 83 92 106 109 118 121 
129 140 146 156 158 163 179 
20
1 9 20 27 30 31 33 35 36 39 45 64 
65 96 127 138 151 159 168 190 
24
22 33 36 43 51 60 65 70 100 107 117 121 
134 135 150 160 173 182 183 185 193 194 197 200 
17
1 18 22 27 38 51 54 69 71 81 150 154 
173 179 182 185 197 
19
4 18 42 49 58 76 77 86 95 97 131 159 
175 178 180 183 185 198 199 
18
20 30 33 51 52 54 62 64 66 75 77 99 
100 118 170 178 186 192 
16
13 28 43 49 52 58 63 71 84 88 95 97 
111 140 146 176 
22
4 8 17 46 48 55 64 66 70 93 112 115 
117 123 127 130 132 133 161 163 197 200 
20
26 30 55 70 71 76 79 101 110 114 129 135 
136 141 149 150 151 167 168 191 
20
7 15 19 27 35 49 57 69 80 86 98 100 
108 119 124 125 143 168 174 188 
20
38 41 46 49 52 53 57 58 60 76 84 89 
97 107 137 141 145 159 163 178 
22
2 6 18 33 34 37 38 49 72 78 86 96 
104 112 144 147 156 177 178 181 188 190 
23
1 14 15 16 22 38 71 72 81 96 108 126 
133 142 154 156 158 159 163 166 185 188 199 
18
20 40 54 55 58 60 67 69 87 94 105 161 
163 166 174 185 186 193 
13
25 36 40 41 49 55 61 107 123 150 170 176 
184 
19
7 10 29 35 47 52 61 65 68 86 104 109 
113 119 147 161 187 189 194 
25
6 12 13 21 31 43 47 68 84 89 93 107 
117 118 131 134 138 140 151 155 159 166 186 192 
195 
27
1 10 32 34 35 39 42 51 56 58 61 71 
73 80 85 87 91 98 125 148 157 166 169 176 
181 187 188 
8
10 11 70 85 90 151 154 190 
17
4 22 31 41 43 55 60 79 80 85 88 90 
93 129 138 158 183 
22
2 4 15 18 32 33 48 60 66 103 104 116 
119 121 131 136 149 151 160 166 167 176 
21
13 20 26 36 47 52 58 62 75 98 104 106 
111 123 149 173 174 176 177 182 197 
18
3 27 32 42 54 59 70 93 108 110 115 127 
156 170 179 180 189 197 
18
34 39 52 72 75 76 82 100 101 102 106 114 
119 138 144 165 186 193 
19
2 19 30 40 45 81 86 104 111 125 129 130 
131 140 152 153 155 194 200 
17
2 6 9 21 41 65 67 71 92 100 101 118 
121 122 123 130 196 
21
10 15 22 37 48 52 56 88 98 99 107 111 
128 138 142 150 154 156 158 163 189 
13
9 11 12 54 57 63 70 141 149 154 164 171 
178 
14
24 31 34 55 63 81 130 136 143 160 164 186 
188 190 
14
16 17 20 32 35 56 60 81 95 100 103 105 
107 136 
20
7 26 37 52 66 72 81 88 91 102 127 132 
140 155 167 168 177 181 184 191 
18
9 31 41 42 50 71 92 101 103 117 124 127 
128 138 139 152 174 175 
15
8 10 12 18 40 42 47 49 60 74 111 114 
117 138 179 
15
3 5 7 8 14 16 22 29 35 85 100 138 
168 185 189 
16
6 9 16 35 78 84 90 103 116 125 132 146 
152 177 185 190 
20
2 14 16 19 38 90 99 101 105 113 117 118 
120 122 145 147 151 158 167 195 
26
5 16 21 22 29 48 54 57 63 81 84 95 
98 102 108 119 134 147 153 155 161 167 172 183 
197 199 
20
18 19 25 27 30 32 46 52 63 64 65 72 
81 85 87 91 97 109 137 199 
26
8 16 28 29 45 49 52 56 60 67 72 79 
80 84 91 99 104 109 124 125 132 140 179 183 
186 190 
33
4 8 12 18 29 30 48 68 77 80 82 89 
91 98 103 121 129 136 139 144 146 147 153 158 
167 170 172 173 174 180 181 194 196 
21
2 9 16 20 28 38 39 43 47 54 58 74 
75 77 91 93 132 162 173 181 191 
22
8 20 25 27 28 30 33 43 59 62 68 74 
78 87 100 120 130 131 153 176 179 180 
21
1 10 11 13 16 27 44 64 68 75 94 97 
98 99 105 108 139 148 151 169 183 
28
23 34 37 39 45 51 53 54 67 80 81 89 
96 102 128 130 133 137 141 144 145 147 151 152 
164 166 173 188 
23
9 23 37 38 46 56 63 64 99 101 122 123 
129 135 143 145 160 170 188 190 194 198 200 
20
6 13 55 61 64 67 82 84 85 105 113 117 
120 132 147 153 170 184 198 200 
15
2 12 15 19 29 64 75 97 121 122 175 176 
183 185 200 
19
5 10 19 20 29 50 53 57 79 80 96 106 
111 113 117 132 147 148 192 
19
25 32 36 41 62 68 112 121 128 148 154 161 
165 170 174 179 191 194 195 
21
26 43 45 55 67 80 90 98 99 115 130 132 
135 159 167 169 170 183 191 192 194 
17
15 20 59 63 71 93 95 98 100 101 107 133 
141 153 182 195 200 
17
5 17 37 40 53 66 81 108 115 120 121 130 
151 154 162 192 199 
18
7 16 29 44 51 53 75 106 118 124 147 151 
160 168 172 183 192 196 
21
3 8 36 39 43 55 59 64 82 84 86 87 
107 120 129 131 133 149 177 186 192 
19
16 18 38 40 51 52 64 102 126 130 132 136 
149 159 160 172 173 177 184 
19
22 45 56 67 70 74 87 92 103 111 115 118 
124 127 142 153 154 164 189 
21
3 4 27 44 45 64 69 70 76 96 98 100 
104 119 124 134 163 166 180 191 200 
22
11 29 54 56 78 90 92 94 95 98 122 126 
136 139 150 155 157 160 163 176 186 192 
22
17 38 39 40 53 56 66 77 79 80 82 89 
94 100 102 111 120 124 141 149 158 193 
25
1 10 20 31 32 37 51 61 94 99 111 118 
127 132 133 134 148 162 165 167 187 189 191 197 
198 
16
2 3 29 55 62 64 74 80 87 114 145 155 
160 162 166 197 
15
8 13 78 79 103 105 120 156 161 168 170 172 
182 191 192 
23
18 25 34 35 37 63 66 67 69 70 81 99 
104 114 136 142 153 156 159 168 180 199 200 
29
12 13 21 22 30 48 57 67 70 81 94 98 
100 103 110 113 116 139 142 143 162 163 168 171 
174 183 185 189 197 
22
3 10 12 20 39 42 44 47 60 61 67 76 
84 115 117 151 152 158 160 161 177 182 
23
16 23 31 35 48 50 52 54 63 70 76 85 
97 98 99 101 106 148 152 167 184 189 192 
24
1 6 22 28 29 31 35 44 55 61 66 77 
81 91 122 130 132 154 158 163 165 171 194 198 
16
3 21 32 74 75 79 118 119 135 155 158 179 
182 186 188 190 
18
10 16 27 33 35 43 48 60 80 82 124 125 
132 139 146 178 190 191 
14
3 14 31 58 84 87 110 113 132 136 145 151 
165 191 
25
1 9 15 21 24 32 39 44 45 55 64 85 
87 98 111 124 125 143 151 152 155 163 185 192 
200 
24
5 7 11 23 32 43 58 78 81 116 117 122 
126 128 135 136 141 159 163 181 182 183 186 197 
18
59 61 71 73 89 91 98 107 111 121 129 136 
159 160 178 179 191 192 
15
1 2 4 17 37 73 82 86 90 94 96 150 
186 187 194 
20
8 9 10 14 52 61 76 86 88 92 108 125 
133 136 140 143 152 161 184 194 
20
4 32 51 53 61 65 68 79 80 104 121 128 
131 140 143 152 155 157 161 194 
16
23 26 66 71 91 97 106 110 111 120 144 145 
146 149 156 184 
26
7 8 10 19 22 34 37 41 42 44 55 90 
119 121 123 126 132 147 149 157 164 168 173 182 
185 186 
16
68 84 98 99 105 114 116 122 124 128 131 135 
150 181 185 195 
20
7 31 36 41 60 66 74 76 93 99 101 108 
116 123 127 142 146 164 172 178 
15
14 24 28 35 50 75 77 88 99 140 144 146 
151 157 180 
20
3 8 44 53 73 74 91 98 115 123 126 135 
145 153 155 180 188 191 195 197 
22
9 35 36 45 66 68 77 81 86 90 94 95 
100 107 121 131 152 171 175 181 187 189 
20
2 6 17 18 31 34 40 59 86 96 119 125 
128 139 151 157 179 186 189 195 
16
13 18 34 37 61 69 84 100 111 146 147 172 
173 176 185 196 
9
10 42 49 61 93 119 127 153 177 
14
8 37 41 72 81 86 88 97 111 136 139 147 
154 196 
15
8 13 15 17 19 22 38 46 49 55 57 137 
156 157 161 
14
15 42 47 48 54 55 58 142 147 154 158 169 
173 176 
16
10 23 27 32 37 47 52 59 68 70 84 133 
163 175 179 188 
19
17 33 39 68 78 82 92 93 105 107 112 149 
156 161 162 165 166 169 190 
19
45 65 81 96 101 103 105 119 122 127 140 149 
151 154 163 175 177 180 185 
13
15 28 90 101 103 118 140 178 179 180 189 192 
199 
18
4 16 20 23 35 37 39 57 77 87 115 121 
125 132 139 165 173 200 
20
8 14 30 37 43 50 52 56 57 75 97 119 
145 164 168 184 186 187 190 195 
18
15 28 38 41 100 102 105 108 129 133 162 163 
166 172 178 184 196 198 
15
24 35 39 57 81 88 90 94 129 141 145 157 
167 193 194 
26
3 12 13 14 16 35 43 49 54 79 80 81 
94 95 102 126 138 151 160 163 174 178 183 190 
193 196 
16
17 26 40 51 55 73 75 79 84 87 101 110 
112 176 183 198 
20
5 11 12 15 21 49 90 102 104 108 120 132 
133 136 160 170 172 182 186 199 
22
1 12 17 20 25 30 36 44 52 60 71 103 
129 141 162 170 180 181 184 190 197 198 
18
18 41 46 48 54 80 82 87 98 103 119 129 
132 133 160 170 177 178 
18
2 10 11 19 40 45 60 64 72 88 104 127 
132 148 155 156 160 187 
15
9 47 49 68 75 91 96 103 111 114 128 131 
161 167 188 
22
9 27 31 34 62 72 73 91 102 121 123 131 
134 137 141 167 173 179 188 189 190 195 
17
1 8 38 47 78 82 125 141 145 147 162 172 
190 191 192 194 195 
23
19 20 45 50 55 57 60 67 71 79 82 85 
90 104 111 112 122 148 157 160 162 175 199 
23
8 36 43 58 87 95 107 115 116 120 137 139 
140 146 148 157 159 166 170 171 174 195 199 
16
17 18 21 28 41 53 63 69 93 122 134 142 
146 154 156 173 
17
56 67 70 83 87 89 91 114 119 126 129 155 
157 161 176 178 200 
26
7 14 15 35 36 38 55 69 73 75 84 88 
93 101 103 107 115 116 123 132 136 137 147 172 
186 195 
27
7 8 10 16 20 33 35 36 38 62 72 73 
76 81 93 95 96 98 103 108 125 134 152 161 
163 193 194 
21
12 15 21 26 27 35 54 57 60 79 89 91 
106 117 125 128 135 148 153 174 187 
27
10 17 18 23 27 29 33 36 59 78 85 102 
103 107 122 125 127 137 149 154 175 178 190 193 
194 198 199 
22
1 13 16 42 44 49 56 66 79 85 92 94 
97 100 112 129 135 153 156 158 169 182 
18
8 15 19 20 45 48 60 63 85 98 104 105 
115 141 167 170 172 184 
17
1 9 22 29 40 71 92 93 94 102 103 112 
114 129 176 196 199 
21
2 19 31 46 51 58 65 69 72 74 98 100 
117 125 126 136 147 173 180 190 192 
12
8 22 24 43 47 52 58 107 112 131 148 178 
14
1 2 70 90 100 103 109 111 116 129 145 159 
164 195 
20
1 7 15 17 39 57 65 74 76 81 82 85 
101 106 124 131 143 150 176 177 
18
3 12 33 36 51 93 98 109 141 142 144 148 
149 153 157 185 189 198 
20
12 15 16 50 71 74 86 94 95 96 111 123 
129 137 138 148 152 169 181 196 
10
24 32 66 79 99 131 150 174 177 200 
17
5 15 18 32 42 44 45 48 62 78 90 93 
109 146 185 186 190 
11
34 55 73 119 129 142 150 155 160 176 187 
15
12 15 19 29 48 58 101 120 143 157 158 175 
182 185 187 
19
4 7 12 44 46 68 77 97 102 105 120 138 
147 150 162 173 179 183 185 
23
12 28 32 33 47 49 53 71 73 94 99 102 
108 111 122 144 146 165 169 172 177 182 197 
17
8 10 13 25 36 45 51 55 58 59 63 75 
116 117 125 135 138 
22
9 16 22 29 30 33 35 64 68 72 73 80 
81 91 99 114 119 126 136 163 169 180 
16
15 29 31 33 64 70 76 78 104 107 122 125 
127 144 148 174 
15
2 26 69 70 75 79 94 96 136 141 143 153 
172 189 199 
12
14 22 24 48 50 122 128 129 149 153 161 168 
16
19 29 49 62 68 75 83 96 99 116 122 137 
143 144 177 197 
24
1 11 14 18 19 36 44 81 91 93 95 97 
105 110 115 128 136 144 150 168 180 184 188 190 
30
20 24 28 36 39 43 44 45 59 65 67 71 
80 85 90 96 100 104 139 140 142 151 152 154 
156 158 188 189 190 195 
19
6 18 46 47 48 74 105 107 114 144 156 161 
163 165 167 176 177 181 192 
17
14 16 35 45 58 69 93 97 103 114 115 125 
148 159 164 171 200 
16
13 14 29 51 82 89 125 142 149 154 156 164 
172 187 190 200 
19
3 12 16 22 44 47 49 61 68 74 91 101 
128 129 141 159 172 194 200 
18
9 22 37 53 57 73 79 80 86 88 94 104 
129 130 137 155 174 184 
18
11 12 35 57 65 66 71 81 87 89 94 99 
118 162 173 174 187 188 
25
10 11 13 39 43 45 53 59 71 83 86 88 
90 91 110 117 128 135 136 137 138 147 150 163 
197 
18
2 8 23 30 33 75 84 87 97 102 113 137 
140 153 157 161 179 185 
21
8 11 12 15 29 31 33 40 42 45 83 89 
93 94 96 146 149 151 164 165 195 
15
3 16 40 75 90 93 96 97 103 125 146 161 
166 182 196 
24
9 20 28 35 36 44 48 54 61 65 72 76 
83 84 114 116 122 135 143 151 157 167 173 198 
20
5 22 31 36 39 43 85 88 90 94 95 112 
123 130 142 150 154 160 174 199 
27
2 5 14 20 25 40 46 49 53 59 60 93 
99 101 106 112 118 130 138 144 149 155 160 172 
175 179 195 
18
2 47 62 63 68 72 89 105 111 114 126 127 
128 137 153 171 187 191 
21
16 34 38 39 45 48 55 64 76 104 110 112 
116 128 134 137 138 150 167 174 180 
17
40 41 43 44 69 73 86 98 99 106 110 133 
150 158 160 161 164 
17
4 5 13 38 56 62 68 70 77 90 126 134 
143 155 157 179 187 
22
5 22 38 40 41 44 80 83 84 87 109 114 
119 122 147 162 165 169 171 181 186 198 
26
16 39 46 47 72 89 96 98 103 104 117 125 
128 131 133 141 149 153 155 165 166 175 180 183 
190 200 
27
27 28 39 45 47 70 78 79 85 86 87 93 
106 115 122 127 135 152 155 163 164 168 171 178 
185 190 195 
18
13 16 25 46 73 90 91 115 121 128 132 133 
167 170 175 182 195 199 
18
8 19 29 36 48 67 70 79 88 90 92 137 
145 149 167 179 180 188 
16
9 18 22 55 65 73 82 111 115 124 141 151 
156 170 178 198 
27
13 30 37 50 53 54 65 72 73 82 89 97 
99 105 112 113 120 127 137 141 165 171 173 175 
185 192 195 
19
27 32 41 60 65 66 72 80 83 96 106 111 
132 135 136 138 146 169 170 
22
11 16 21 41 57 60 68 71 77 96 100 115 
117 120 147 152 154 156 173 182 184 189 
13
6 18 47 72 91 107 112 150 155 174 184 188 
191 
21
2 63 64 70 76 79 82 102 104 106 107 112 
128 144 147 152 181 185 186 190 194 
16
3 14 20 27 33 43 58 72 82 110 121 122 
148 149 151 169 
17
4 8 15 27 31 43 51 56 83 110 111 121 
122 132 139 144 183 
20
1 10 16 32 38 43 48 50 53 55 63 92 
117 119 139 157 170 173 187 196 
28
3 10 11 15 29 33 47 58 60 63 66 67 
72 76 90 108 114 120 135 151 163 166 169 172 
175 186 198 200 
20
7 17 21 28 36 40 41 42 49 69 75 99 
103 139 152 153 160 174 179 195 
24
17 22 43 49 50 53 54 59 60 67 77 78 
82 100 115 121 142 151 153 162 165 167 170 193 
22
8 21 41 42 56 59 60 64 80 92 97 98 
120 128 131 143 148 158 180 187 191 194 
24
11 18 19 22 32 50 57 66 83 84 96 101 
109 114 124 131 133 134 139 159 171 180 187 196 
20
6 14 28 58 84 97 107 109 121 124 132 147 
149 150 151 154 162 164 183 196 
23
18 21 25 26 41 49 50 70 79 101 112 119 
128 134 141 150 153 165 172 185 186 187 189 
22
2 3 4 14 16 20 23 39 40 51 53 66 
83 94 116 122 144 159 162 166 175 195 
20
4 8 11 17 21 28 29 30 41 55 70 85 
106 124 127 152 155 158 165 171 
22
13 21 24 36 56 57 65 66 68 69 84 87 
97 104 110 119 129 167 176 185 186 194 
15
2 21 40 65 69 74 77 85 90 96 114 130 
152 176 198 
14
19 21 38 40 42 62 65 89 102 105 139 144 
155 199 
22
4 5 15 21 22 26 45 51 58 61 67 70 
80 82 106 108 122 125 161 167 184 195 
18
10 16 32 45 54 70 85 86 88 95 98 107 
122 126 150 154 194 198 
24
5 8 23 48 49 55 65 85 96 105 110 115 
117 122 124 126 151 152 158 166 172 178 187 195 
16
4 27 47 57 64 80 96 104 107 121 122 147 
162 164 183 191 
22
7 10 13 24 44 45 60 62 85 91 99 114 
122 124 138 150 186 188 189 191 193 196 
16
10 11 25 45 49 64 79 106 109 114 118 123 
138 141 161 185 
19
5 22 24 25 27 44 46 57 65 122 135 145 
150 167 174 175 176 180 193 
18
3 4 9 39 44 46 83 84 93 107 108 120 
123 130 142 151 176 200 
22
29 30 42 53 55 59 72 73 80 114 116 122 
130 133 147 156 162 164 173 188 190 195 
28
5 11 12 13 24 29 43 67 76 77 84 89 
99 100 113 116 118 139 140 148 149 157 165 166 
189 194 195 197 
19
29 44 47 50 64 75 80 83 111 119 120 125 
131 134 138 155 164 174 184 
16
17 41 63 89 91 94 97 124 128 138 168 172 
181 183 184 188 
22
4 7 14 16 19 24 39 44 60 65 96 106 
116 118 119 123 144 152 161 175 188 197 
20
9 13 18 27 31 46 48 59 93 99 109 113 
114 118 126 147 160 169 179 200 
19
4 30 35 40 66 74 78 79 83 84 97 99 
107 110 127 143 146 180 186 
21
3 36 37 46 51 60 91 96 110 124 129 132 
135 143 144 147 150 164 167 193 195 
16
8 17 36 43 51 54 59 67 75 92 98 107 
152 155 181 187 
17
10 19 24 33 40 90 99 105 117 126 132 137 
144 158 162 176 185 
19
10 12 14 16 22 31 48 65 69 72 77 90 
103 107 134 140 154 163 185 
12
10 13 35 38 42 45 62 114 128 150 166 167 
19
3 31 37 46 49 66 67 68 74 102 112 113 
121 123 150 153 154 174 187 
26
5 29 43 46 49 53 62 63 92 97 119 122 
132 138 139 149 154 161 163 171 179 181 182 185 
188 194 
15
16 30 37 57 65 70 72 109 131 138 155 162 
163 173 178 
20
2 9 13 18 19 36 42 47 49 64 82 87 
97 106 112 117 152 167 175 179 
15
23 25 29 49 56 85 89 96 102 109 177 180 
187 192 200 
22
11 17 21 41 49 64 71 80 87 92 102 108 
110 137 143 153 166 186 187 188 194 200 
21
11 23 57 63 65 68 70 71 88 92 110 112 
114 123 127 128 134 163 168 173 176 
26
12 14 16 23 25 29 32 49 57 64 69 95 
99 106 123 126 128 129 130 141 152 166 170 191 
194 195 
9
5 10 67 129 142 144 147 187 192 
19
12 33 70 76 79 85 86 88 94 96 116 123 
148 156 165 167 185 188 189 
27
11 19 23 29 31 33 45 55 60 70 74 76 
81 93 104 112 113 133 140 146 149 150 159 169 
182 194 197 
20
17 18 19 27 32 51 57 66 92 109 110 122 
125 130 139 166 171 179 186 194 
17
6 8 16 17 53 88 98 103 104 107 118 151 
160 185 188 189 192 
21
8 18 26 47 60 79 84 86 104 106 112 119 
140 143 149 150 152 159 172 174 199 
25
1 8 27 35 50 53 66 75 82 90 95 109 
114 124 145 147 163 164 166 168 174 187 191 196 
198 
16
54 59 68 75 80 88 91 109 114 149 155 160 
178 185 189 196 
16
20 30 35 43 49 71 75 86 89 112 118 152 
161 167 182 183 
16
22 27 34 36 40 46 65 72 74 77 84 99 
134 147 150 185 
26
12 30 40 49 51 54 62 76 81 82 83 97 
101 113 117 121 128 137 152 158 164 167 178 182 
185 195 
23
3 17 30 36 44 50 67 68 76 78 93 132 
134 141 155 157 158 160 161 176 197 198 199 
12
15 19 21 107 115 128 147 163 166 177 182 192 
16
29 39 40 49 60 86 94 119 131 154 157 159 
161 163 196 199 
21
2 5 6 10 12 24 27 40 44 51 64 69 
79 99 112 118 154 164 178 185 193 
16
22 24 35 36 42 47 56 57 60 75 77 85 
169 171 173 178 
19
4 9 31 33 58 63 74 92 97 113 135 138 
146 148 173 183 184 198 199 
