200 200
1 1 1 1 1 1 1 1 1 1 1 1 
1 1 1 1 1 1 1 1 1 1 1 1 
1 1 1 1 1 1 1 1 1 1 1 1 
1 1 1 1 1 1 1 1 1 1 1 1 
1 1 1 1 1 1 1 1 1 1 1 1 
1 1 1 1 1 1 1 1 1 1 1 1 
1 1 1 1 1 1 1 1 1 1 1 1 
1 1 1 1 1 1 1 1 1 1 1 1 
1 1 1 1 1 1 1 1 1 1 1 1 
1 1 1 1 1 1 1 1 1 1 1 1 
1 1 1 1 1 1 1 1 1 1 1 1 
1 1 1 1 1 1 1 1 1 1 1 1 
1 1 1 1 1 1 1 1 1 1 1 1 
1 1 1 1 1 1 1 1 1 1 1 1 
1 1 1 1 1 1 1 1 1 1 1 1 
1 1 1 1 1 1 1 1 1 1 1 1 
1 1 1 1 1 1 1 1 
26
1 8 9 10 14 21 35 38 48 56 58 71 
79 88 92 99 101 113 124 125 127 148 149 158 
175 186 
21
17 22 29 32 33 38 52 61 66 69 73 86 
125 128 133 140 149 158 160 161 194 
19
6 21 46 60 65 70 74 95 111 128 134 137 
138 149 150 161 177 188 194 
19
7 9 11 16 18 24 28 43 51 76 80 113 
116 126 141 155 166 191 200 
22
11 16 20 25 35 39 83 88 90 94 96 120 
121 137 146 156 158 163 165 188 194 199 
25
10 11 31 32 34 49 59 60 65 69 89 90 
91 94 103 110 117 127 128 145 163 176 185 192 
195 
16
13 28 45 56 64 83 88 94 136 138 146 152 
154 171 183 190 
24
12 33 44 61 74 83 89 92 99 111 116 118 
121 133 147 148 157 164 167 177 180 183 193 195 
24
1 6 28 38 41 45 57 58 63 68 91 95 
97 98 103 118 128 136 149 150 169 175 181 182 
20
18 34 38 58 64 69 76 86 95 101 111 114 
116 120 137 153 156 180 198 200 
27
8 9 37 38 40 46 57 74 78 87 100 104 
116 128 138 140 147 148 152 156 165 167 190 191 
192 196 197 
16
12 15 24 27 29 30 35 43 48 60 61 62 
89 114 115 183 
19
5 12 19 33 41 50 55 79 98 99 107 110 
126 149 171 175 189 191 194 
21
1 7 39 50 53 56 64 72 74 77 80 89 
112 126 158 170 171 182 188 193 195 
18
1 10 52 53 57 62 63 87 97 102 103 126 
133 157 159 162 175 196 
20
11 15 20 21 38 48 54 56 60 68 101 124 
134 137 141 151 153 173 190 199 
17
4 5 35 47 49 56 57 76 81 95 111 125 
155 161 168 169 192 
16
4 20 21 47 55 63 73 104 109 117 131 138 
139 168 184 200 
16
29 33 41 47 48 71 79 146 148 151 153 154 
165 172 195 199 
20
5 11 24 34 69 70 71 90 92 120 145 146 
148 152 157 160 175 182 184 199 
24
5 11 14 21 34 35 37 46 57 67 74 90 
99 112 128 160 164 167 169 176 183 192 196 200 
19
3 16 17 18 27 32 33 37 39 40 56 71 
95 106 128 140 149 172 175 
23
9 13 23 36 60 67 72 74 80 83 85 87 
88 99 111 113 121 157 168 172 186 187 194 
24
30 34 42 44 51 52 60 65 78 81 90 101 
103 107 115 135 146 155 157 162 173 183 184 193 
17
8 16 25 29 31 81 83 102 108 111 115 125 
129 164 176 180 196 
24
15 27 28 43 50 61 66 68 72 86 90 106 
108 117 118 119 126 144 146 150 154 156 158 180 
23
22 24 25 27 31 42 44 49 55 76 84 95 
102 110 111 130 149 158 160 172 181 188 199 
21
6 7 8 21 28 34 50 78 80 83 90 93 
101 103 104 109 112 136 137 188 194 
23
2 3 14 15 17 31 36 39 41 54 59 60 
75 85 89 91 131 141 153 160 178 181 185 
16
27 30 39 42 51 59 71 107 113 138 140 141 
150 153 174 185 
17
7 10 11 26 56 63 68 97 101 109 116 124 
128 134 157 167 196 
16
25 46 52 53 55 56 73 76 86 90 99 114 
138 159 160 167 
25
9 11 24 37 46 60 72 74 88 91 92 116 
121 136 145 147 154 158 167 168 171 186 192 196 
200 
22
10 13 26 31 43 45 47 53 63 80 82 91 
102 130 151 152 153 160 184 186 190 198 
24
6 8 21 23 24 26 57 59 64 65 78 84 
93 103 114 115 124 134 177 178 182 183 191 198 
16
11 48 74 78 96 103 104 105 109 110 114 115 
125 127 153 181 
16
8 18 33 60 80 84 98 121 124 131 145 150 
154 165 185 200 
19
21 22 26 27 33 53 62 70 71 75 100 132 
135 141 155 157 158 172 184 
24
5 22 23 28 38 43 48 49 60 63 66 77 
81 82 92 93 95 96 119 121 157 183 189 193 
18
15 28 32 71 82 90 92 100 106 114 132 135 
138 141 165 173 175 180 
24
30 50 75 80 92 96 102 103 110 120 122 128 
134 142 143 149 153 154 164 169 172 175 185 192 
17
7 41 48 52 72 74 76 80 86 102 113 130 
140 151 178 180 188 
18
4 7 14 15 31 46 54 70 73 90 103 114 
118 119 122 127 152 176 
17
2 19 24 41 46 55 63 99 101 129 157 162 
173 179 187 192 195 
26
4 20 29 31 32 35 46 47 52 73 74 90 
98 120 126 130 131 139 145 147 149 163 176 182 
183 194 
12
7 14 15 31 34 39 45 52 55 68 147 184 
15
9 12 28 46 53 60 64 93 100 110 126 166 
186 188 193 
18
7 10 14 16 23 55 62 69 70 83 123 124 
156 158 161 174 176 191 
23
11 12 14 15 19 34 36 44 76 83 93 102 
118 125 137 142 145 147 152 157 181 185 197 
27
5 9 25 42 45 54 66 68 81 88 95 97 
98 114 124 129 132 133 140 145 151 153 159 167 
173 196 198 
14
18 23 33 36 39 42 52 76 120 137 153 163 
166 189 
20
12 19 29 51 59 79 82 87 89 113 118 121 
129 130 139 150 151 160 190 196 
18
5 9 20 46 61 64 74 77 79 98 106 110 
125 126 143 148 162 195 
23
6 7 9 15 19 43 44 50 57 66 69 83 
92 99 135 148 167 173 177 178 183 188 193 
26
8 16 18 26 28 31 33 46 51 66 77 83 
85 87 88 90 93 100 116 118 131 135 139 141 
173 176 
25
13 14 15 25 32 35 50 52 70 78 81 82 
95 97 99 108 113 132 151 163 164 166 182 185 
193 
20
3 10 27 29 37 48 54 69 75 110 139 148 
155 156 165 170 180 184 189 198 
18
11 32 42 46 47 52 55 56 64 102 106 127 
152 155 156 158 172 196 
19
8 15 29 30 40 59 67 76 81 88 99 103 
114 129 149 154 158 176 183 
23
9 10 27 35 37 45 52 54 78 89 102 105 
109 113 121 122 129 142 158 175 182 189 197 
16
2 37 54 60 67 75 92 94 108 111 113 116 
124 151 189 199 
23
1 6 18 28 33 42 53 57 67 69 72 90 
102 105 112 120 127 140 142 149 182 189 199 
12
2 38 52 54 100 109 112 113 117 180 181 194 
26
24 29 32 36 39 43 50 57 72 85 91 96 
101 105 107 110 131 134 143 152 166 169 170 172 
182 192 
30
1 4 33 46 47 54 56 57 68 78 92 101 
102 108 116 128 132 137 144 149 150 152 153 159 
172 176 182 191 196 197 
14
4 15 17 18 25 27 32 33 90 115 125 166 
170 188 
18
8 13 18 23 26 74 80 88 107 112 141 146 
147 159 165 169 177 183 
20
14 22 28 34 44 47 48 82 102 106 107 111 
113 116 125 141 150 171 182 193 
12
12 57 89 99 112 135 138 139 151 160 182 185 
27
2 10 21 30 38 45 46 48 49 78 81 95 
109 119 123 126 130 131 148 152 154 160 164 166 
167 189 200 
27
3 7 11 19 21 22 29 32 41 45 46 61 
62 66 81 86 100 104 107 118 141 164 174 179 
180 184 188 
19
13 35 46 69 77 84 88 91 101 110 120 123 
147 157 174 181 182 183 194 
13
1 3 8 10 91 103 108 139 145 148 156 180 
188 
18
4 9 35 37 40 57 67 73 90 91 100 124 
129 131 146 149 177 181 
23
27 51 68 78 81 88 93 106 107 109 115 139 
140 147 148 152 160 163 179 181 183 196 198 
16
3 13 14 21 48 62 72 90 110 113 114 137 
139 159 166 170 
20
1 6 7 8 38 41 46 48 49 52 80 89 
91 98 123 135 146 169 177 199 
28
2 10 20 26 30 33 59 67 68 76 79 97 
118 120 124 129 135 138 141 145 147 154 156 160 
165 169 172 173 
20
16 21 27 41 42 49 82 90 93 97 99 115 
130 132 142 148 155 167 169 178 
15
13 15 20 81 82 101 102 110 116 136 146 162 
182 185 194 
22
4 8 13 20 21 33 49 57 63 93 108 110 
112 115 146 161 167 172 180 191 192 196 
16
11 17 18 25 33 49 54 79 129 131 146 161 
162 176 196 200 
20
5 21 48 64 66 68 75 92 103 107 135 142 
143 150 165 169 177 181 184 187 
17
2 44 52 60 62 68 70 114 127 128 129 142 
146 164 173 196 198 
17
11 22 34 53 56 77 89 93 103 107 139 149 
158 164 175 176 189 
19
10 35 39 47 60 62 68 72 88 91 97 127 
136 138 140 178 186 187 200 
20
15 24 33 36 38 39 43 45 47 81 89 105 
110 111 119 151 161 172 176 190 
16
12 18 36 39 41 95 125 133 145 157 158 159 
161 185 187 198 
12
2 38 44 91 122 143 163 173 177 178 182 194 
18
1 3 7 15 27 41 69 71 89 90 98 99 
130 133 145 161 165 200 
15
2 4 19 26 48 68 77 127 130 133 134 162 
175 192 194 
20
9 35 45 71 73 79 95 106 108 127 135 140 
144 154 159 166 179 187 197 199 
22
10 12 16 27 36 38 46 57 63 70 78 79 
82 83 93 127 147 149 154 164 185 193 
18
9 16 32 49 52 77 97 107 109 111 122 126 
136 147 168 171 191 197 
19
6 7 10 19 45 55 88 96 98 107 112 126 
140 155 160 166 168 175 180 
15
30 68 69 72 79 85 89 100 113 119 134 148 
176 188 198 
18
23 29 43 49 76 91 102 109 112 113 114 128 
133 140 148 169 176 198 
23
4 5 33 34 42 48 49 54 56 102 113 116 
127 130 137 140 148 150 158 162 173 180 200 
21
9 10 16 22 27 28 33 36 53 56 71 84 
96 105 162 167 178 182 184 196 197 
20
5 11 12 15 33 37 43 51 78 94 96 97 
132 133 147 148 156 159 194 198 
24
15 19 20 32 33 47 50 72 75 77 79 81 
97 98 99 103 105 111 116 153 160 164 168 193 
15
16 28 55 62 68 74 81 113 136 151 154 164 
171 179 189 
24
6 20 48 51 52 61 62 75 78 79 81 85 
91 111 112 115 116 119 128 136 154 158 182 187 
24
5 14 20 22 24 25 27 50 52 59 68 83 
84 89 106 113 119 123 124 144 148 151 158 164 
29
5 14 16 19 20 23 30 39 58 68 70 74 
82 85 99 105 106 111 124 135 139 147 151 159 
160 163 178 192 194 
19
17 28 29 31 62 64 72 76 89 101 107 115 
119 145 149 157 159 169 190 
13
22 36 49 50 65 68 93 104 113 173 192 193 
194 
13
31 36 42 55 87 91 94 96 101 144 145 167 
187 
19
2 4 15 19 26 42 54 58 68 89 92 104 
106 107 130 142 151 176 194 
12
49 60 70 96 104 106 113 124 138 160 177 193 
16
6 16 23 31 34 76 92 125 133 134 146 148 
164 169 179 197 
16
34 58 65 89 90 99 108 112 115 125 137 144 
152 169 187 194 
29
6 7 12 17 32 35 41 52 54 64 72 87 
88 97 102 103 105 112 125 127 132 135 142 145 
160 170 183 186 190 
23
8 22 28 38 46 53 56 58 61 63 88 120 
141 142 150 152 167 178 180 188 189 196 200 
16
3 12 23 25 34 39 77 99 104 113 121 124 
132 157 162 173 
20
2 3 4 8 12 15 29 39 43 56 60 62 
82 88 89 96 99 129 171 196 
21
1 11 27 41 55 56 61 72 87 99 116 127 
128 130 134 156 157 182 183 187 195 
23
1 26 34 45 49 50 58 59 74 78 97 114 
120 123 132 159 161 163 169 186 189 192 195 
13
10 13 24 58 59 93 119 123 150 158 169 182 
187 
19
7 10 22 37 54 55 60 67 76 98 101 131 
132 135 141 153 162 177 200 
23
1 6 38 44 46 58 59 62 83 89 95 109 
134 136 145 160 163 169 170 171 174 183 189 
17
40 46 50 60 69 80 95 101 103 121 122 132 
142 153 157 158 177 
20
6 9 16 17 19 22 23 29 58 84 101 123 
146 160 163 167 168 185 197 200 
16
40 41 46 58 62 87 97 127 133 136 140 141 
160 166 171 172 
25
19 21 25 31 36 72 79 81 85 88 101 108 
114 126 127 131 135 157 158 160 175 180 183 184 
187 
21
13 56 60 64 73 79 86 88 110 116 118 120 
121 125 148 161 164 166 175 178 185 
19
3 31 37 39 42 43 46 52 106 112 116 122 
132 137 148 161 170 183 196 
26
13 16 21 34 39 46 48 55 65 66 73 75 
79 81 86 95 107 115 118 125 134 138 143 150 
181 193 
13
8 59 71 87 96 110 120 123 124 126 161 190 
198 
23
6 16 36 52 54 57 106 114 117 124 128 138 
142 143 157 164 167 170 180 184 191 198 199 
20
1 2 8 18 28 31 40 49 61 76 86 93 
101 110 145 156 160 169 173 174 
13
5 8 17 19 21 26 48 57 82 109 120 146 
158 
30
1 11 12 19 25 33 40 45 47 48 65 80 
87 89 105 106 118 129 136 145 156 157 162 167 
168 173 187 188 194 199 
19
2 17 19 21 33 44 50 60 68 93 102 119 
124 126 133 141 172 192 194 
18
14 25 28 33 35 40 71 100 119 128 135 157 
165 168 179 182 188 195 
13
2 15 42 43 50 68 95 103 123 133 158 164 
188 
17
18 35 51 52 65 69 83 84 97 103 121 137 
144 167 183 192 197 
22
11 37 38 63 82 93 97 126 129 135 147 152 
153 154 155 157 168 169 173 182 183 185 
18
2 14 21 49 56 66 69 90 107 124 127 137 
146 158 159 176 177 190 
21
30 37 41 56 59 120 121 123 127 132 139 144 
148 152 156 175 179 181 182 191 192 
23
8 10 16 23 26 40 54 62 83 84 95 98 
99 114 117 125 128 138 145 147 185 191 195 
19
10 13 35 49 50 55 66 70 79 89 99 101 
104 144 145 148 171 178 197 
19
1 4 11 20 22 25 37 43 70 86 89 100 
127 135 142 147 160 164 189 
18
3 9 10 18 23 26 51 53 64 67 112 114 
141 145 156 180 189 191 
19
8 22 24 38 45 73 79 80 85 90 113 117 
133 144 156 170 182 194 198 
24
7 32 35 36 39 49 51 66 73 74 77 78 
97 108 113 124 127 137 142 149 157 160 177 183 
22
10 14 16 17 19 42 68 72 76 87 96 100 
101 103 109 130 131 147 160 170 177 195 
19
10 13 20 29 56 59 69 90 95 97 101 115 
130 138 174 176 179 183 187 
22
3 7 9 11 14 20 23 32 41 55 79 85 
95 119 131 134 135 140 141 145 150 188 
16
33 45 64 98 99 113 134 142 150 157 162 167 
168 170 178 188 
17
26 61 63 64 75 95 99 101 103 115 122 152 
160 179 180 191 192 
17
5 21 22 35 46 69 108 114 121 125 139 156 
170 176 182 185 186 
20
25 27 61 74 92 96 97 108 115 121 123 143 
153 154 155 161 168 186 188 190 
17
6 14 16 18 20 27 44 46 47 61 63 68 
70 73 74 116 200 
16
38 53 71 78 80 94 124 130 134 138 145 146 
169 178 184 189 
25
3 13 21 41 42 43 44 53 65 73 78 94 
97 103 120 123 124 126 127 154 166 168 170 180 
188 
18
12 19 28 35 48 63 70 78 106 125 129 133 
147 148 151 153 161 176 
20
5 9 10 17 32 38 58 71 96 98 105 110 
119 138 149 155 159 170 177 178 
17
10 14 32 33 39 86 89 95 98 99 112 121 
125 145 154 163 199 
23
5 13 19 30 41 53 61 65 101 103 120 128 
139 140 143 155 162 165 168 183 185 187 193 
23
2 8 10 16 24 31 39 44 85 93 101 104 
110 115 121 134 140 158 160 163 172 176 191 
25
9 21 25 35 54 57 70 76 82 91 97 102 
107 121 128 130 137 145 147 150 154 162 169 183 
195 
19
8 13 14 40 60 64 71 75 78 82 93 103 
116 130 135 151 157 160 185 
25
9 21 29 30 32 37 47 51 65 71 75 94 
97 104 106 113 126 127 140 163 167 169 176 182 
184 
23
5 6 24 28 32 35 49 63 73 89 94 99 
101 104 107 114 151 152 154 162 176 181 189 
12
2 4 36 56 121 133 135 154 163 166 170 195 
19
4 9 18 27 30 70 78 85 102 111 126 144 
166 170 172 178 180 196 198 
23
36 48 54 61 70 72 76 82 83 102 106 124 
133 144 146 150 159 168 171 180 190 191 199 
20
2 13 27 34 40 49 50 66 69 71 79 85 
93 104 106 133 138 148 164 171 
28
12 17 18 30 33 35 36 42 46 54 56 58 
62 91 98 100 111 114 118 127 130 133 155 163 
171 175 187 190 
22
10 24 28 38 55 64 80 89 105 109 116 131 
134 138 147 148 163 170 180 184 195 198 
20
10 17 21 25 30 45 56 61 62 67 71 76 
80 85 118 165 166 169 175 196 
23
4 16 19 29 44 52 59 76 83 89 90 101 
105 113 132 138 141 170 173 176 181 186 200 
18
5 9 31 46 47 64 66 68 82 89 90 96 
100 149 161 177 187 193 
28
9 10 24 26 28 38 41 43 49 82 83 98 
99 109 112 116 118 120 125 139 142 148 150 154 
156 161 162 172 
26
12 15 19 21 37 56 63 64 70 74 79 84 
85 86 95 110 111 112 123 138 140 141 183 187 
192 195 
19
4 9 35 37 41 44 47 69 80 107 120 126 
146 171 174 175 183 193 195 
19
9 25 49 61 63 81 86 94 124 144 149 162 
173 177 178 183 187 197 200 
22
9 14 19 37 42 44 45 46 52 74 84 102 
103 115 125 135 148 150 155 163 172 182 
20
8 19 35 50 69 82 105 114 120 123 133 161 
163 165 167 170 173 175 179 181 
23
2 5 6 27 36 51 52 68 87 90 104 106 
115 119 121 128 150 158 167 168 171 189 190 
20
12 34 45 47 53 57 62 69 75 82 88 92 
100 102 104 123 127 137 153 190 
22
25 39 47 50 52 55 57 82 83 84 97 98 
101 103 121 123 143 144 155 181 188 194 
17
6 27 32 40 50 53 59 65 77 88 93 98 
119 155 169 174 194 
15
1 8 57 82 104 118 124 126 131 139 151 161 
166 177 179 
22
10 13 19 40 50 55 65 82 85 93 101 107 
108 148 160 164 170 177 182 189 197 199 
16
16 19 26 29 34 48 71 91 97 118 123 124 
135 156 181 200 
23
3 15 23 28 49 54 57 79 82 84 90 95 
105 112 133 146 147 155 158 160 169 186 188 
16
11 34 75 83 115 119 143 145 147 156 158 159 
186 193 197 198 
21
9 33 34 40 45 51 59 62 73 80 108 140 
144 145 155 173 182 185 186 188 189 
21
3 7 10 13 40 46 49 50 71 80 93 105 
113 116 118 139 151 179 182 186 188 
17
11 19 43 48 50 67 102 111 128 130 145 151 
157 176 190 199 200 
24
4 15 26 34 35 38 66 73 86 90 94 96 
106 114 120 123 126 140 155 160 161 163 178 181 
16
53 56 61 70 96 105 118 120 127 128 132 145 
151 171 172 189 
25
22 30 37 45 48 74 78 81 89 106 112 116 
122 135 137 142 143 148 162 165 168 172 183 194 
197 
22
20 23 29 33 36 58 72 75 82 93 96 97 
102 105 117 135 139 149 150 164 167 171 
25
19 35 51 53 58 61 80 93 103 111 112 117 
120 127 136 139 140 141 148 157 162 170 174 184 
194 
17
5 42 60 79 89 95 100 114 129 136 146 151 
159 161 167 172 178 
25
3 15 19 24 42 44 62 64 68 77 89 104 
119 133 139 141 157 162 163 186 190 196 197 199 
200 
24
2 4 5 12 14 18 21 70 85 91 93 99 
132 133 135 136 146 164 172 178 180 190 194 199 
