200 100
1 1 1 1 1 1 1 1 1 1 1 1 
1 1 1 1 1 1 1 1 1 1 1 1 
1 1 1 1 1 1 1 1 1 1 1 1 
1 1 1 1 1 1 1 1 1 1 1 1 
1 1 1 1 1 1 1 1 1 1 1 1 
1 1 1 1 1 1 1 1 1 1 1 1 
1 1 1 1 1 1 1 1 1 1 1 1 
1 1 1 1 1 1 1 1 1 1 1 1 
1 1 1 1 
10
6 10 14 17 55 58 82 87 93 100 
11
4 10 15 29 32 35 39 63 66 81 82 
10
7 28 33 55 62 63 65 72 92 98 
13
4 6 11 19 24 26 34 35 42 52 59 63 
88 
13
11 15 19 27 46 50 55 59 70 73 85 86 
97 
11
10 34 44 45 49 50 51 66 73 78 88 
11
24 25 27 29 48 61 77 80 82 89 97 
12
8 36 40 44 45 55 59 73 74 75 80 92 
17
11 14 17 19 35 36 44 57 61 65 67 69 
72 76 80 83 99 
11
19 23 27 31 39 40 49 56 86 88 96 
10
1 7 13 25 72 78 79 80 89 94 
14
1 2 26 40 43 51 53 54 60 61 72 84 
92 97 
11
7 20 28 34 36 39 42 53 62 94 99 
11
3 4 5 19 21 25 29 63 65 74 78 
9
6 18 21 47 64 69 73 75 86 
10
8 11 19 63 64 71 80 89 94 99 
16
9 16 22 29 32 42 45 46 51 53 58 60 
74 75 93 99 
10
3 5 14 22 54 67 70 74 78 93 
15
2 12 18 20 26 28 33 42 43 48 53 65 
74 78 94 
11
1 8 16 17 19 26 48 64 65 90 100 
10
3 55 62 70 81 83 87 89 91 97 
6
34 42 53 57 77 82 
10
8 14 28 31 46 48 49 57 64 83 
9
2 9 14 20 23 25 34 48 56 
14
3 11 17 30 38 42 45 46 48 72 77 83 
85 95 
7
22 27 38 54 58 77 92 
7
25 30 73 78 87 93 99 
2
22 58 
14
9 11 15 23 27 32 34 40 73 78 87 88 
91 100 
10
3 12 13 16 27 34 59 61 70 94 
9
3 31 32 33 38 40 60 67 85 
8
18 34 47 65 74 82 90 98 
6
11 29 41 70 76 82 
11
3 4 31 33 41 53 71 76 77 80 82 
8
6 35 38 49 60 68 78 95 
14
4 11 12 22 27 30 48 52 68 77 78 83 
84 86 
9
1 7 33 58 64 68 77 89 98 
6
10 39 41 43 47 82 
10
16 23 25 29 40 42 50 69 75 91 
10
4 6 9 29 30 33 37 41 65 79 
9
29 47 55 63 65 77 83 84 100 
14
12 15 17 22 30 35 37 39 41 48 52 57 
64 96 
14
5 10 19 27 28 29 32 33 44 52 57 65 
71 80 
9
15 22 23 28 33 58 66 77 82 
11
19 30 64 75 76 79 82 83 87 88 92 
10
2 5 10 12 20 39 57 70 72 98 
10
9 12 36 59 62 69 74 78 87 97 
9
6 13 17 19 43 67 74 94 97 
10
10 21 57 67 68 71 73 76 88 91 
11
7 17 25 30 35 37 42 64 66 67 87 
6
1 16 19 45 52 92 
9
28 35 40 44 51 62 69 74 86 
19
4 19 21 28 33 38 40 42 44 56 61 64 
65 66 73 75 81 91 95 
8
4 7 31 44 54 65 83 97 
13
3 6 7 10 19 24 32 37 40 57 94 97 
100 
10
8 21 23 32 39 44 52 65 90 96 
8
7 20 22 50 68 92 93 99 
9
3 6 13 22 52 60 63 73 84 
4
12 62 66 87 
13
4 11 15 17 18 39 48 50 69 82 88 95 
97 
6
13 27 50 61 78 100 
10
5 6 12 17 20 32 49 68 77 100 
12
3 4 11 25 29 55 59 66 71 80 89 92 
10
2 6 13 33 48 65 66 70 94 99 
15
19 23 28 35 46 53 56 58 65 76 77 83 
89 90 94 
9
7 8 31 39 43 64 76 86 87 
11
4 13 24 32 48 59 63 66 72 88 90 
9
1 17 20 33 34 53 54 56 75 
8
17 31 50 51 55 63 91 98 
5
16 42 69 92 95 
6
1 24 34 36 61 98 
6
6 18 23 27 46 92 
9
7 9 10 15 16 61 72 91 99 
8
1 26 54 58 61 66 70 89 
10
2 5 13 14 33 71 74 79 88 91 
14
21 22 32 41 45 49 55 57 59 60 81 82 
88 99 
15
3 9 13 22 28 30 33 42 55 77 78 87 
90 97 99 
12
2 8 20 34 39 47 49 68 70 80 83 98 
9
31 47 48 51 56 76 85 90 93 
11
26 30 33 34 55 57 58 59 84 88 97 
14
6 23 29 32 37 45 46 50 69 71 76 77 
86 94 
12
1 15 28 45 46 47 52 67 73 84 95 98 
10
8 12 35 39 45 52 67 69 78 88 
9
8 11 38 46 55 73 76 87 99 
9
10 16 22 28 54 77 86 92 96 
10
9 10 18 25 28 43 48 63 74 85 
11
5 8 12 21 27 32 42 47 52 73 83 
15
12 13 23 40 43 50 54 55 58 62 64 66 
69 83 86 
10
1 8 13 27 31 32 55 64 76 99 
6
3 46 70 74 85 97 
15
1 12 15 24 28 31 32 39 47 50 52 55 
73 91 95 
6
15 38 54 71 81 93 
15
8 12 15 36 39 40 49 52 57 65 69 79 
85 88 100 
6
10 16 35 59 75 96 
16
17 18 27 28 30 35 41 46 54 61 66 69 
85 90 92 95 
12
5 32 37 38 42 45 46 49 62 80 90 97 
9
4 14 29 31 54 59 65 84 92 
11
2 6 8 16 20 24 31 47 70 78 85 
6
3 11 36 64 69 78 
8
10 13 16 44 52 60 76 92 
15
3 8 12 14 22 25 30 40 42 43 45 47 
74 78 99 
16
6 22 27 33 43 53 56 60 63 69 73 79 
84 88 94 98 
8
18 22 32 33 46 51 60 86 
6
19 53 58 72 86 99 
10
2 6 9 17 45 49 55 68 95 96 
9
1 5 15 34 38 48 60 69 91 
9
1 2 8 13 61 72 73 80 91 
10
4 10 12 18 26 33 36 49 69 89 
8
18 19 36 56 60 65 71 96 
7
3 6 21 43 51 70 86 
6
45 50 52 60 86 89 
14
20 24 35 40 50 53 56 61 64 73 90 92 
95 98 
9
16 34 35 51 62 69 76 81 91 
13
7 11 23 25 28 29 37 49 52 65 84 88 
98 
19
10 12 14 16 23 37 41 42 44 47 50 67 
74 77 85 91 97 99 100 
7
2 3 8 21 44 75 95 
11
10 17 29 39 54 60 64 73 82 93 100 
10
2 7 22 50 60 69 73 88 91 99 
11
2 6 10 11 35 42 68 82 85 88 89 
10
12 23 28 36 42 58 70 73 76 98 
5
4 9 10 43 80 
13
2 9 20 48 55 68 71 78 80 82 90 96 
98 
11
4 13 17 25 28 35 36 41 50 62 68 
11
8 9 12 15 25 33 51 54 80 87 100 
8
1 3 11 22 33 41 57 67 
9
4 17 40 42 44 50 64 86 100 
9
20 22 29 36 47 60 73 79 85 
16
1 4 22 25 39 44 45 50 58 61 65 68 
72 76 84 97 
11
7 8 13 30 31 34 36 37 54 82 99 
8
24 40 50 53 55 73 87 96 
6
8 24 27 31 62 68 
13
16 33 42 46 54 56 61 70 76 85 87 91 
100 
8
11 20 25 35 57 65 89 92 
18
7 8 10 18 20 22 25 31 34 40 41 47 
49 54 57 66 73 90 
11
4 9 24 26 30 39 49 68 79 84 93 
12
7 13 20 25 61 71 74 78 79 85 91 97 
8
19 25 26 27 42 63 66 86 
6
11 14 85 88 93 95 
10
3 34 38 47 56 59 63 79 91 97 
10
9 28 45 55 79 80 88 90 93 97 
11
2 7 17 18 22 43 51 53 87 97 100 
9
1 2 8 26 30 39 42 47 79 
12
8 12 13 14 21 48 63 65 72 74 91 100 
8
36 37 39 45 58 68 78 88 
14
3 15 17 27 61 62 72 77 81 83 85 87 
89 99 
8
56 57 60 63 68 80 96 97 
10
14 29 40 42 48 51 59 68 81 98 
8
8 9 10 20 45 69 73 99 
5
18 35 59 70 80 
14
15 16 22 26 31 51 54 55 64 68 72 80 
81 96 
5
6 33 58 90 95 
11
5 9 15 23 27 37 42 49 70 81 87 
7
18 19 23 33 62 70 100 
9
2 3 15 42 55 68 70 72 86 
17
1 3 19 29 31 32 41 43 47 50 51 58 
62 69 75 80 89 
13
21 26 34 35 50 59 82 84 85 86 89 90 
94 
10
14 18 26 30 38 57 62 66 86 87 
9
10 12 13 29 30 59 64 74 79 
14
4 12 14 34 37 45 46 53 54 66 70 75 
79 88 
12
9 23 25 35 41 42 50 54 55 65 79 81 
7
7 31 36 53 54 55 100 
6
3 6 11 28 29 85 
5
41 43 54 84 94 
9
17 22 51 67 70 74 84 86 88 
10
2 3 4 23 28 33 36 39 41 85 
9
40 55 57 58 62 68 80 85 89 
8
4 22 32 57 64 66 80 87 
10
2 7 15 29 31 57 58 62 94 98 
6
9 53 64 68 82 92 
11
1 16 29 32 35 48 49 53 67 68 94 
10
3 16 30 34 42 54 62 64 79 90 
10
9 13 20 32 56 59 65 77 83 97 
10
43 45 52 59 63 65 67 72 78 93 
8
21 34 67 79 87 90 92 100 
10
11 13 15 35 44 45 67 81 90 96 
15
9 18 28 36 44 57 59 61 70 77 80 82 
85 87 89 
9
1 23 24 26 44 48 49 76 98 
8
11 23 34 45 59 62 79 92 
7
3 25 61 72 75 95 98 
10
4 21 22 36 43 48 56 59 72 81 
12
11 14 16 22 38 44 52 63 72 81 85 90 
11
1 2 5 23 26 56 58 69 75 89 90 
10
18 26 39 43 59 63 76 85 92 97 
14
1 9 15 17 26 29 41 49 63 68 80 81 
87 97 
13
34 41 44 49 57 66 72 73 76 78 80 89 
100 
10
9 10 17 21 46 61 82 84 87 98 
8
18 19 41 46 56 64 82 85 
10
2 22 35 57 64 65 77 78 89 99 
9
18 22 26 28 29 31 32 50 90 
9
21 35 45 48 61 62 76 81 92 
17
3 11 23 25 28 30 45 47 51 55 57 64 
68 76 79 93 97 
8
3 6 11 33 34 62 73 79 
9
15 17 40 61 62 89 94 95 100 
10
12 28 29 33 54 57 60 66 75 86 
9
7 14 19 28 57 58 82 83 99 
12
6 17 46 49 51 62 64 69 79 86 87 90 
11
11 12 19 32 63 66 67 72 80 92 97 
10
17 31 34 36 45 50 67 80 93 96 
11
15 33 34 39 50 68 81 86 87 89 91 
10
15 37 42 45 74 80 84 88 95 99 
