200 200
1 1 1 1 1 1 1 1 1 1 1 1 
1 1 1 1 1 1 1 1 1 1 1 1 
1 1 1 1 1 1 1 1 1 1 1 1 
1 1 1 1 1 1 1 1 1 1 1 1 
1 1 1 1 1 1 1 1 1 1 1 1 
1 1 1 1 1 1 1 1 1 1 1 1 
1 1 1 1 1 1 1 1 1 1 1 1 
1 1 1 1 1 1 1 1 1 1 1 1 
1 1 1 1 1 1 1 1 1 1 1 1 
1 1 1 1 1 1 1 1 1 1 1 1 
1 1 1 1 1 1 1 1 1 1 1 1 
1 1 1 1 1 1 1 1 1 1 1 1 
1 1 1 1 1 1 1 1 1 1 1 1 
1 1 1 1 1 1 1 1 1 1 1 1 
1 1 1 1 1 1 1 1 1 1 1 1 
1 1 1 1 1 1 1 1 1 1 1 1 
1 1 1 1 1 1 1 1 
73
3 7 8 9 10 13 15 17 19 21 23 26 
29 32 34 40 44 46 53 55 56 60 61 62 
64 65 66 68 69 70 72 73 84 85 94 98 
100 105 106 108 111 112 117 121 122 124 126 130 
131 137 138 139 140 148 150 154 158 160 162 163 
169 172 175 179 180 181 182 183 189 195 196 197 
200 
62
3 4 8 9 10 14 23 32 38 39 40 41 
46 49 50 53 58 60 61 62 63 64 65 66 
68 72 74 90 96 98 102 106 107 108 112 114 
121 124 126 133 136 138 139 141 146 147 149 154 
160 162 167 170 171 173 174 175 176 180 182 185 
190 191 
56
7 10 11 14 15 19 23 34 35 37 38 39 
44 50 58 65 68 70 71 72 74 75 80 83 
84 85 86 88 90 99 101 108 110 114 115 116 
119 120 134 142 143 144 145 154 161 168 169 172 
173 175 176 178 183 185 191 199 
59
1 7 8 10 11 13 18 20 22 24 26 32 
34 36 38 39 43 44 45 46 48 49 56 58 
61 67 68 69 70 72 75 80 81 82 88 89 
90 93 95 97 99 102 103 104 105 130 132 134 
141 149 154 169 170 173 175 179 190 193 197 
54
2 3 4 5 12 20 22 23 25 43 46 49 
52 57 58 62 65 71 79 87 92 93 96 101 
105 106 111 116 118 120 122 123 132 138 139 145 
146 148 149 150 152 158 160 163 167 170 172 186 
188 191 192 193 198 199 
60
1 2 4 8 9 13 15 16 22 35 36 38 
41 45 46 47 56 61 62 64 65 66 67 73 
74 81 82 83 84 92 106 107 112 115 117 119 
121 124 126 137 138 148 152 155 156 161 162 165 
166 170 171 175 178 182 185 187 188 196 198 199 
56
2 4 9 18 27 28 29 32 33 35 36 39 
41 44 47 55 61 65 72 73 76 77 82 86 
89 93 95 96 100 103 106 111 115 119 125 128 
133 135 136 138 144 145 151 157 160 172 173 174 
175 176 178 183 184 195 196 197 
59
1 5 6 7 9 17 23 26 27 28 29 31 
45 47 52 58 60 67 68 72 78 79 80 82 
91 92 93 98 101 102 103 104 106 107 109 111 
116 119 120 122 124 133 145 147 149 150 155 157 
167 170 175 178 183 184 192 195 197 199 200 
60
4 5 6 8 14 15 20 22 24 28 33 35 
38 45 46 50 51 53 58 59 63 71 72 81 
82 92 97 102 104 105 107 114 115 117 120 127 
130 140 142 146 151 152 154 159 160 163 165 168 
169 170 173 181 182 185 187 189 190 192 196 199 
69
2 3 6 9 10 11 13 15 21 22 24 26 
34 36 42 43 49 53 55 57 58 60 63 64 
67 68 71 73 78 79 80 83 84 85 88 92 
93 96 98 100 102 104 107 110 112 113 119 122 
128 135 138 139 142 152 153 154 158 160 162 164 
165 171 174 179 180 187 190 195 200 
55
1 2 7 10 11 12 14 20 26 28 31 36 
39 42 45 49 56 57 59 72 75 78 83 84 
88 91 93 99 101 103 106 108 114 115 117 120 
121 123 124 126 128 143 146 147 149 153 155 158 
162 174 176 181 182 190 198 
65
3 8 11 13 14 15 16 20 25 26 27 32 
33 36 37 39 43 48 51 56 59 63 65 66 
67 68 71 77 83 89 93 101 102 104 111 112 
115 116 117 118 121 122 124 125 129 132 139 140 
141 143 146 148 152 154 155 165 172 177 183 184 
185 187 189 194 199 
60
2 4 5 6 13 16 19 24 29 30 34 35 
42 46 51 53 58 62 68 69 72 73 75 76 
77 81 82 90 94 96 97 99 100 109 110 112 
118 124 132 137 140 142 160 161 162 167 171 173 
174 175 176 177 178 179 186 189 192 193 194 195 
58
1 11 18 19 20 23 25 38 39 43 49 50 
56 59 60 62 64 70 73 74 75 76 77 79 
82 87 89 93 95 96 101 102 105 106 111 115 
116 117 120 122 138 140 142 144 145 149 150 152 
153 155 156 168 170 176 183 193 195 196 
59
8 10 12 13 15 16 17 24 26 30 32 40 
42 51 53 54 55 63 74 75 76 77 78 88 
92 94 95 96 98 100 102 105 108 112 123 129 
130 131 137 143 158 159 161 162 166 168 171 174 
175 176 183 186 188 191 192 195 196 198 200 
49
3 7 9 12 13 14 19 23 27 32 34 38 
41 44 45 47 51 55 70 74 77 88 96 97 
100 103 109 112 115 117 127 128 135 138 143 145 
147 153 155 160 166 168 172 174 179 180 189 193 
200 
54
5 6 13 14 15 16 22 27 32 35 36 37 
44 50 53 57 61 63 65 69 71 76 78 82 
85 89 93 105 107 108 110 111 116 117 118 131 
132 137 138 139 141 143 150 151 164 170 171 172 
174 176 186 196 198 200 
64
6 11 12 13 14 17 18 19 21 28 30 31 
32 41 51 55 56 61 63 65 73 74 80 81 
86 94 95 97 101 104 105 107 110 111 118 119 
125 126 129 138 139 141 144 150 151 152 153 160 
166 168 169 170 172 173 176 179 183 185 190 191 
192 193 197 199 
58
2 3 4 11 12 15 16 21 26 28 32 33 
35 37 38 42 43 47 50 53 57 59 61 67 
70 80 82 85 95 98 100 101 104 111 113 115 
117 118 127 132 134 138 143 144 160 164 166 170 
173 177 185 186 187 190 191 193 195 199 
74
1 3 4 5 6 7 8 11 22 25 30 32 
39 49 50 51 56 62 63 64 66 69 70 71 
72 74 75 79 81 85 93 94 96 97 98 102 
105 106 118 120 121 125 127 129 131 132 139 141 
143 145 146 147 150 152 155 156 166 170 171 172 
176 177 179 180 181 182 183 185 190 191 193 195 
197 198 
48
6 7 10 11 33 39 42 44 45 46 49 50 
51 57 73 77 81 85 86 87 90 91 97 100 
106 112 113 124 125 136 137 139 146 147 155 160 
161 162 163 167 176 177 185 190 192 193 194 196 
65
5 7 10 12 19 31 33 36 37 38 39 40 
43 44 47 50 53 59 62 63 65 67 68 80 
81 86 88 89 94 97 99 101 102 103 114 118 
119 121 127 129 130 134 137 140 141 142 143 147 
148 149 150 151 152 154 155 156 157 158 161 173 
178 181 187 191 194 
59
3 5 12 15 18 19 21 26 36 44 45 46 
48 54 56 58 62 65 70 71 72 74 87 93 
98 106 108 119 121 125 126 133 137 138 139 144 
146 148 151 153 155 156 159 160 161 163 165 169 
170 171 179 182 184 189 190 191 192 193 195 
57
5 6 11 16 17 21 23 31 38 44 52 57 
59 60 62 65 69 70 71 75 79 80 83 86 
92 94 97 98 99 105 106 107 116 117 118 131 
135 145 147 157 159 161 164 167 168 169 176 178 
179 180 182 185 186 195 196 198 199 
66
4 8 9 11 12 15 16 18 20 23 24 28 
29 30 31 32 36 42 45 47 48 49 51 54 
57 58 61 63 70 72 75 76 78 83 84 86 
87 91 97 104 107 111 112 117 121 123 126 128 
131 132 134 138 148 149 150 167 168 170 171 173 
174 179 181 185 191 192 
51
2 5 7 10 30 44 46 47 48 49 56 57 
60 61 63 64 69 70 73 86 87 92 93 96 
101 105 110 111 114 115 117 120 121 122 130 131 
139 141 149 151 152 154 160 162 163 164 174 179 
185 188 195 
59
7 8 9 11 17 22 28 29 32 33 35 44 
45 46 51 55 61 70 73 76 77 79 88 91 
95 97 100 102 104 105 106 113 120 122 130 132 
134 139 140 143 147 148 152 157 160 163 173 174 
175 176 179 181 187 191 192 193 194 196 197 
62
2 7 9 13 17 23 25 33 35 39 40 43 
44 45 49 51 54 55 56 57 58 63 68 72 
73 74 76 77 79 91 93 94 101 102 105 106 
111 114 121 123 126 130 133 139 140 141 144 146 
168 173 174 176 178 179 182 183 190 192 193 194 
195 197 
61
4 6 8 12 13 15 17 26 27 30 36 40 
47 49 54 57 62 65 71 74 75 76 80 82 
96 100 101 102 103 106 109 111 113 118 119 120 
124 127 133 134 137 139 140 146 149 150 153 155 
157 158 163 164 170 171 179 182 183 186 191 192 
196 
65
1 2 4 5 6 10 16 21 28 32 37 39 
41 48 50 57 60 61 62 67 71 72 75 79 
83 84 86 92 93 97 98 100 101 104 106 110 
112 119 120 129 131 133 134 138 142 147 148 155 
158 162 163 164 165 173 175 179 180 182 183 186 
187 188 189 190 200 
62
3 5 7 8 9 13 17 19 20 33 37 39 
40 42 43 48 60 63 67 73 75 77 79 80 
86 93 96 104 106 109 114 117 119 126 129 135 
136 137 138 140 144 147 151 152 154 155 156 161 
165 167 169 176 178 179 180 181 183 184 186 187 
189 192 
62
1 2 6 8 20 23 24 28 35 38 44 51 
60 62 63 64 66 67 68 70 71 72 74 75 
82 89 92 95 99 102 106 108 110 114 116 119 
120 122 132 133 135 138 139 145 152 156 159 160 
161 163 164 165 166 169 175 178 179 182 186 194 
197 199 
53
2 5 7 18 29 30 32 35 42 46 47 50 
52 54 58 59 67 69 74 75 76 77 79 81 
87 94 102 107 109 110 119 124 126 130 133 134 
139 146 147 149 159 162 166 169 173 174 177 179 
187 188 193 195 200 
62
3 5 8 10 11 14 18 21 26 30 32 36 
39 41 43 44 45 46 48 54 57 58 61 64 
65 69 75 79 81 82 85 86 115 118 121 123 
124 127 134 138 139 145 146 148 149 150 153 154 
156 160 161 165 168 173 175 178 179 182 189 192 
195 199 
71
2 5 8 9 11 12 14 15 19 20 24 25 
26 29 30 33 35 37 40 48 53 57 61 62 
66 71 74 77 81 83 92 93 96 97 104 105 
106 107 108 110 122 123 124 128 133 134 137 140 
143 145 147 149 151 154 155 158 161 165 167 168 
170 171 172 174 175 180 182 187 190 192 193 
52
7 21 24 26 33 45 48 55 56 74 76 79 
81 84 86 89 97 100 101 102 103 104 106 111 
112 113 114 117 118 125 129 131 136 140 141 144 
145 150 155 157 159 163 168 173 175 176 177 178 
180 183 194 196 
55
1 3 6 8 10 12 16 18 24 34 36 37 
39 40 42 45 46 48 51 56 59 64 65 66 
70 71 77 86 91 93 96 99 104 108 110 121 
123 129 135 136 139 140 143 144 150 156 168 170 
171 173 175 176 180 183 196 
58
1 2 11 12 15 23 26 28 38 39 47 53 
55 57 64 70 72 77 78 79 80 84 88 91 
93 96 98 101 102 105 106 115 119 121 124 127 
129 131 132 134 135 136 144 147 150 155 163 167 
174 176 182 185 186 187 188 192 198 199 
65
7 9 12 15 20 22 25 29 30 31 33 34 
39 46 48 49 50 52 56 58 62 66 67 74 
76 77 80 81 84 94 105 108 110 112 113 118 
125 126 127 129 135 136 138 140 141 148 151 152 
158 159 160 163 164 165 167 171 176 177 189 190 
194 195 196 198 199 
57
2 5 6 7 8 16 18 19 23 27 29 32 
33 39 42 48 52 54 56 58 59 73 74 76 
80 81 88 93 98 99 108 109 110 117 119 120 
122 123 125 129 130 136 137 139 141 142 148 152 
166 172 181 183 184 186 187 188 200 
51
3 4 8 10 18 19 20 21 22 33 34 38 
40 45 47 48 51 54 57 59 89 94 99 103 
108 111 112 114 117 120 121 126 127 129 137 138 
139 142 146 149 155 160 163 168 171 179 181 187 
193 194 200 
63
1 3 4 7 10 12 19 22 26 29 34 36 
37 39 44 46 52 56 58 63 64 69 71 72 
75 76 80 83 87 90 96 97 99 109 116 124 
126 134 139 147 155 156 158 159 167 168 170 171 
172 174 175 176 179 180 181 183 184 186 188 190 
193 195 198 
54
1 8 9 11 13 16 17 18 20 24 26 31 
37 38 39 43 51 55 57 59 61 73 83 84 
86 87 89 92 95 96 97 104 111 117 119 126 
132 138 141 143 154 158 162 163 166 170 172 174 
182 186 188 190 191 197 
50
1 7 10 18 19 20 21 27 29 35 38 40 
46 48 49 51 54 67 70 74 79 80 81 90 
94 96 97 98 101 103 105 112 120 124 125 130 
131 134 144 146 153 155 156 161 166 179 193 196 
197 198 
61
3 11 16 18 19 25 26 27 35 36 37 44 
45 46 47 51 56 58 59 63 70 77 80 88 
91 92 94 98 99 101 110 112 115 121 123 124 
125 126 128 135 136 137 138 140 142 146 150 153 
156 158 159 160 161 162 163 166 172 174 183 187 
190 
62
1 7 8 10 13 14 16 19 21 23 24 26 
27 28 30 39 42 46 47 51 56 58 59 60 
62 74 85 87 89 91 93 94 96 97 99 104 
107 112 116 119 124 125 138 141 143 147 148 152 
153 156 163 164 171 173 179 183 184 185 190 191 
192 194 
55
6 13 14 21 26 32 33 36 37 38 39 40 
42 44 45 47 52 59 60 62 69 73 77 80 
84 89 91 93 94 95 106 116 118 120 121 122 
123 129 132 135 136 143 147 150 152 164 165 166 
172 176 178 189 191 195 197 
59
2 4 8 12 17 20 21 22 25 32 36 44 
47 50 51 56 60 62 66 69 70 75 76 77 
81 85 93 94 98 99 101 105 112 113 129 136 
137 144 146 147 149 155 156 162 165 169 170 174 
175 176 183 184 187 188 191 196 197 198 199 
55
2 6 11 16 20 22 31 35 37 39 41 49 
54 55 57 58 65 66 69 75 80 81 84 85 
87 90 94 95 97 101 103 109 112 116 117 120 
121 129 130 133 134 138 147 148 149 168 176 180 
185 186 191 192 194 196 198 
61
2 5 6 7 9 15 17 24 25 30 32 35 
39 42 44 49 54 58 62 69 76 79 80 81 
88 89 90 93 96 100 102 104 105 110 115 117 
118 121 128 129 131 132 137 144 145 146 152 155 
157 158 160 166 169 172 173 174 185 191 194 196 
197 
55
2 3 7 8 11 12 16 21 29 32 33 36 
37 39 44 45 46 55 57 61 67 69 82 87 
91 92 96 101 105 107 108 112 113 116 118 121 
122 123 128 130 132 133 136 137 150 155 168 172 
173 178 181 188 193 194 198 
64
1 2 8 12 13 14 21 22 26 27 31 32 
34 37 41 43 44 51 57 59 62 66 67 80 
82 83 93 94 96 97 99 102 103 104 107 111 
117 120 121 122 124 129 130 139 142 145 149 150 
154 156 165 166 171 174 177 179 183 187 188 190 
192 193 194 199 
57
4 6 7 8 17 21 22 25 26 35 36 42 
51 53 56 57 60 68 70 74 77 87 88 95 
96 98 99 101 103 108 109 115 116 120 124 125 
131 133 134 136 139 146 151 157 159 161 173 174 
179 184 185 187 188 192 193 195 200 
58
2 4 8 9 10 11 17 20 22 24 26 28 
29 41 42 43 44 49 53 57 64 66 67 69 
71 72 79 83 84 85 87 90 93 97 105 114 
116 118 119 120 122 128 129 136 138 156 157 171 
176 177 183 185 186 187 188 192 193 197 
62
7 8 15 16 19 25 26 27 30 32 46 48 
49 51 52 59 60 62 68 79 83 84 87 89 
91 93 97 99 100 102 103 104 106 108 111 112 
114 115 116 124 127 128 129 133 143 147 150 152 
161 165 173 179 182 183 184 185 187 188 190 191 
196 199 
72
5 7 10 11 19 20 21 22 23 25 27 32 
34 36 38 44 48 52 63 65 67 70 77 78 
79 84 85 90 92 93 94 95 101 103 104 115 
116 118 120 121 126 128 130 132 138 139 140 141 
142 143 146 150 152 153 161 162 164 169 172 174 
176 177 178 181 183 185 186 189 192 198 199 200 
68
1 3 8 11 13 16 18 21 26 32 33 35 
40 41 44 46 47 51 54 60 62 64 66 67 
70 73 75 79 80 81 82 86 88 90 96 97 
99 102 109 112 122 124 125 130 131 132 139 140 
144 146 154 158 159 163 165 169 173 174 176 182 
183 186 187 191 195 196 197 199 
62
2 10 12 14 20 21 23 24 30 32 34 40 
44 51 52 53 54 55 59 61 67 73 75 76 
77 79 80 82 84 85 89 90 97 98 101 102 
106 108 109 113 114 120 123 124 129 133 136 141 
142 145 150 153 156 157 166 172 179 188 190 191 
197 198 
55
6 9 11 12 14 18 29 33 37 39 44 46 
51 63 65 66 68 69 70 78 83 93 96 97 
99 101 102 103 107 108 112 118 122 123 126 127 
137 138 143 144 151 156 160 162 165 169 173 176 
181 184 186 188 193 198 199 
69
1 3 5 8 12 13 17 18 19 22 27 30 
32 35 38 44 47 49 51 52 54 58 59 61 
62 64 67 68 71 72 74 85 86 88 92 94 
100 101 111 115 117 120 125 126 133 150 154 156 
157 159 162 166 168 169 170 172 174 176 177 178 
180 181 188 191 193 194 195 199 200 
60
5 6 13 16 19 20 23 25 27 36 38 43 
47 51 53 60 62 63 64 66 67 70 72 78 
80 82 84 85 86 88 90 92 95 96 101 102 
106 107 110 112 113 114 125 132 135 136 142 145 
154 159 160 168 182 184 186 187 193 194 196 197 
52
2 3 11 15 20 21 24 31 39 40 43 44 
51 55 56 63 68 71 72 78 81 88 89 90 
97 98 101 103 106 107 110 114 119 121 123 125 
129 138 148 150 152 154 155 160 163 171 176 177 
178 197 198 199 
77
1 2 7 8 14 17 19 27 28 33 36 38 
44 45 49 53 54 59 60 61 67 69 71 74 
75 77 78 86 87 95 98 100 101 104 105 108 
109 110 112 113 114 115 122 123 124 125 128 132 
134 135 136 139 140 141 142 144 145 148 150 152 
158 160 162 165 169 171 172 175 177 178 179 184 
187 190 193 196 198 
71
3 6 10 14 16 20 22 23 24 26 27 33 
34 37 38 40 41 45 50 53 55 61 63 66 
70 74 75 81 84 85 88 91 92 100 104 108 
109 114 119 120 125 134 135 137 138 141 143 146 
150 152 153 159 161 162 165 166 168 173 174 175 
176 177 179 180 184 190 193 194 195 199 200 
62
1 5 11 14 16 17 21 22 24 29 35 37 
38 41 44 45 46 50 52 59 61 62 63 64 
69 73 74 75 82 86 88 89 91 100 101 102 
107 108 109 110 111 112 113 123 129 130 137 140 
146 152 156 159 164 166 167 169 178 184 185 193 
194 195 
68
1 6 7 8 9 10 15 18 20 21 23 31 
32 33 38 39 43 47 48 49 59 61 62 73 
78 83 84 89 96 97 101 102 103 104 107 112 
113 115 117 124 125 129 133 136 138 140 141 144 
146 149 151 154 155 156 157 162 163 166 168 169 
173 176 181 184 189 190 191 200 
66
1 2 4 6 8 10 12 16 17 20 21 22 
27 30 32 33 34 38 39 41 45 47 49 50 
52 60 69 70 72 75 76 79 81 90 97 98 
102 108 118 119 121 123 128 129 132 135 136 144 
148 150 154 155 156 157 158 159 164 168 169 187 
189 191 195 197 198 199 
62
4 8 11 18 19 22 23 30 33 34 40 46 
47 49 53 55 58 61 62 65 66 67 72 74 
75 76 80 88 89 98 100 101 104 108 110 112 
115 116 122 127 131 136 137 140 141 145 148 149 
155 156 159 162 164 166 171 174 175 182 187 190 
191 196 
53
3 11 13 27 32 34 36 38 39 43 45 61 
64 65 67 72 73 77 79 84 89 92 94 95 
96 101 103 110 113 120 127 129 130 131 136 140 
142 146 150 156 160 163 167 169 171 178 179 181 
183 184 185 187 191 
50
9 10 16 19 24 25 35 40 42 51 59 66 
67 68 77 80 88 94 96 101 103 106 107 109 
110 113 115 117 118 120 129 132 137 147 150 151 
157 162 164 167 171 176 177 180 183 189 192 194 
195 199 
58
6 8 10 13 15 17 18 21 27 30 31 32 
38 39 44 50 52 53 54 57 58 63 69 73 
77 86 88 91 92 99 104 107 110 112 113 114 
117 122 123 134 135 140 147 150 154 160 161 167 
180 183 185 187 188 191 194 198 199 200 
64
1 7 9 11 12 16 18 25 26 30 35 40 
45 49 55 63 69 70 71 73 75 77 78 81 
82 88 90 98 101 103 105 108 110 118 122 123 
126 129 131 136 137 140 141 145 151 154 164 170 
171 173 174 176 177 179 181 184 186 187 191 193 
194 195 198 200 
61
1 2 3 6 8 12 13 15 17 19 21 23 
24 26 27 37 38 40 49 56 57 61 68 75 
78 80 86 88 89 91 94 98 99 103 104 114 
115 116 118 119 121 128 132 138 140 141 145 147 
149 151 158 159 160 161 165 171 174 184 185 189 
200 
53
1 4 8 12 13 30 33 37 39 41 44 45 
46 56 58 66 68 70 73 74 76 88 96 106 
107 116 117 119 121 125 127 128 133 134 140 144 
145 148 153 156 158 159 160 163 164 172 173 175 
177 178 186 188 196 
59
1 3 8 13 14 18 22 24 33 37 42 43 
46 47 50 53 55 56 66 68 74 83 87 88 
90 93 94 102 103 105 107 108 109 110 111 112 
113 120 121 123 129 132 137 138 140 144 151 155 
159 162 165 166 169 170 172 183 184 192 197 
56
6 10 20 21 28 30 35 36 38 41 47 51 
52 53 55 56 59 62 71 72 73 75 77 81 
87 88 90 91 93 98 99 100 109 111 113 114 
117 118 122 130 131 135 140 144 146 148 149 156 
162 166 171 176 191 193 199 200 
69
1 4 6 18 20 23 24 26 31 33 39 40 
45 46 47 50 51 52 55 56 58 65 66 67 
71 72 75 83 85 90 93 98 100 102 103 104 
106 107 109 111 117 120 126 128 129 134 135 137 
139 140 142 143 146 147 152 155 163 164 168 169 
172 180 186 189 191 195 196 198 199 
61
1 8 9 10 16 17 24 25 33 35 38 39 
40 45 47 49 50 51 52 58 59 66 74 75 
81 85 88 89 92 93 95 96 97 100 102 109 
116 117 130 136 140 141 142 143 144 147 148 149 
155 160 166 167 168 169 177 178 179 186 190 195 
198 
71
1 2 6 14 16 22 27 30 32 33 34 37 
45 46 47 49 53 64 65 70 72 73 75 83 
84 87 88 90 94 95 98 99 100 101 102 104 
108 110 114 117 121 122 123 124 128 129 132 137 
140 146 148 150 152 155 156 158 159 163 165 166 
168 170 172 173 179 182 185 188 189 193 194 
59
1 13 14 15 22 24 25 26 29 33 35 41 
45 46 49 50 64 67 70 71 72 74 79 90 
92 93 95 102 106 113 114 117 120 125 132 135 
139 141 147 148 156 162 165 167 170 171 174 175 
179 180 185 187 188 189 192 193 197 198 200 
56
1 10 12 16 18 19 20 24 28 30 32 33 
35 36 38 41 44 46 49 50 52 56 72 73 
77 78 79 85 89 92 96 97 99 101 103 104 
109 114 116 118 121 124 127 133 140 146 150 155 
156 158 170 176 185 190 193 199 
56
1 8 9 10 17 22 23 26 32 34 37 44 
48 49 51 55 60 62 63 64 65 72 73 87 
94 95 97 99 100 105 109 110 123 126 127 132 
134 136 138 141 142 152 153 155 156 159 164 166 
170 173 178 185 188 189 194 195 
72
1 4 6 8 9 10 11 12 16 17 18 24 
29 31 32 33 34 38 40 42 44 49 53 54 
59 60 63 64 65 66 71 76 78 80 82 84 
86 89 90 94 99 100 102 113 115 123 124 127 
130 131 139 140 143 144 150 152 153 158 162 168 
169 176 179 182 189 190 191 193 194 197 198 199 
59
2 4 6 9 13 17 21 22 27 28 30 34 
35 39 42 45 50 60 61 62 64 65 68 69 
73 77 79 80 85 97 98 100 103 106 109 110 
111 112 118 120 122 123 126 127 129 141 157 158 
160 163 174 176 180 183 188 190 195 196 198 
56
5 6 8 9 10 15 17 18 22 23 27 30 
32 35 36 43 44 46 48 49 50 53 54 56 
58 59 65 71 72 75 76 84 85 92 97 101 
109 120 125 132 134 143 145 151 156 159 164 173 
174 175 176 179 183 190 198 199 
64
2 3 8 9 11 16 17 19 20 21 24 25 
26 32 41 42 43 46 49 51 53 56 58 65 
68 69 70 74 75 77 79 83 86 88 89 99 
102 104 106 107 111 120 125 127 130 141 142 146 
147 150 151 162 165 167 168 169 170 174 177 183 
184 185 188 197 
55
1 2 3 5 7 9 11 12 16 17 22 23 
29 30 33 37 42 58 63 68 69 71 73 77 
78 79 93 101 104 109 110 113 115 117 118 119 
125 128 138 146 150 152 157 159 165 170 174 176 
177 178 183 184 186 188 196 
63
1 10 11 17 18 25 27 31 36 38 39 40 
43 47 48 49 50 55 60 62 65 70 73 75 
77 78 84 85 92 104 106 112 114 115 118 119 
126 127 134 135 138 140 144 151 154 155 157 158 
159 163 164 165 170 172 175 176 179 183 186 187 
189 194 200 
63
5 6 9 14 15 19 20 22 23 27 32 33 
37 38 39 43 44 48 51 53 58 65 67 69 
72 74 81 83 84 86 88 95 116 117 121 122 
129 135 138 139 140 149 150 151 154 156 157 162 
163 169 170 178 180 182 184 185 186 187 188 190 
194 197 198 
57
2 3 9 13 16 17 24 27 33 34 35 37 
41 46 53 54 57 59 60 64 65 66 68 72 
74 75 76 81 86 88 93 94 97 99 105 107 
112 118 119 134 144 147 149 157 160 162 164 167 
174 182 183 188 189 190 196 198 199 
55
4 5 7 10 11 16 17 20 21 23 26 28 
32 36 41 45 51 52 54 57 62 63 72 73 
85 88 89 92 96 102 103 109 112 114 125 128 
129 136 142 144 145 147 159 161 164 165 172 178 
182 184 185 187 193 195 200 
55
2 3 9 13 15 16 18 24 30 36 37 39 
41 48 49 50 51 55 68 72 79 81 89 95 
98 107 111 113 115 118 123 124 135 136 138 139 
144 154 156 158 161 163 164 166 168 169 170 171 
175 182 189 193 196 197 199 
51
7 8 16 19 20 22 25 33 35 39 50 52 
54 63 64 77 81 85 86 87 90 91 93 96 
99 102 103 107 108 111 113 115 126 127 136 140 
147 149 150 154 158 162 166 167 172 174 175 176 
185 196 198 
55
6 12 16 20 25 27 31 32 34 38 39 47 
48 49 50 51 56 62 64 74 75 76 78 82 
85 88 92 95 98 102 103 105 107 114 119 120 
124 127 131 134 142 144 147 150 155 157 158 169 
179 180 181 185 186 193 194 
56
1 5 6 16 22 23 36 43 45 46 47 49 
50 51 52 53 56 58 66 72 74 80 84 85 
86 92 94 95 97 101 103 105 122 129 136 138 
140 141 150 157 158 163 165 169 170 171 176 181 
187 191 192 194 195 196 198 200 
67
1 6 9 11 15 16 19 22 26 32 33 49 
50 53 59 61 62 66 67 68 69 71 73 78 
82 90 92 94 102 103 105 110 115 116 123 125 
127 130 133 135 137 138 140 141 148 149 151 152 
153 156 158 159 160 161 163 166 167 175 176 177 
180 182 183 185 193 194 196 
65
3 6 7 13 14 19 20 21 22 23 24 26 
42 43 52 53 61 62 66 69 80 81 91 93 
100 103 106 111 116 121 123 125 127 128 130 131 
132 136 137 138 139 142 144 145 146 148 149 151 
152 153 154 160 164 170 171 172 174 175 177 180 
183 187 190 194 196 
54
4 13 16 17 18 36 44 48 49 51 53 54 
63 64 68 69 73 77 80 83 88 91 97 99 
100 104 108 111 114 117 123 124 128 129 134 137 
140 143 145 155 156 158 165 175 176 178 182 183 
189 190 194 196 197 198 
59
5 7 15 17 19 22 23 28 30 34 39 46 
48 50 52 53 58 59 63 65 66 69 70 71 
75 78 87 90 95 111 112 114 119 121 128 129 
131 133 136 138 140 149 155 157 158 159 160 165 
167 169 173 177 180 181 188 190 191 193 199 
60
2 3 7 8 10 11 13 19 22 31 34 35 
38 41 43 45 52 63 64 66 67 68 73 74 
77 79 82 100 104 106 108 109 113 114 115 118 
122 123 127 128 129 133 135 140 141 144 145 149 
150 154 158 161 162 166 177 181 185 186 193 195 
57
2 8 13 15 17 18 24 29 41 43 44 59 
60 62 66 69 72 75 78 86 89 93 99 100 
102 105 107 108 111 112 126 132 134 136 140 141 
143 148 151 152 153 154 162 167 168 170 174 182 
183 185 186 187 190 191 192 198 199 
63
2 8 10 11 14 16 17 20 21 22 26 30 
33 35 37 40 43 50 54 58 59 60 61 62 
63 66 67 68 70 71 77 81 85 89 95 96 
97 98 99 100 101 107 112 113 116 125 126 134 
152 161 163 175 176 178 180 182 184 185 186 188 
189 190 197 
57
2 3 4 10 11 23 26 32 34 36 43 45 
49 54 55 64 69 70 72 79 82 83 88 93 
98 100 101 102 104 109 113 114 119 125 128 130 
133 134 148 152 155 161 164 168 169 170 175 177 
178 180 181 182 186 187 192 198 200 
54
1 2 4 8 9 11 12 13 24 29 35 39 
42 47 48 54 56 61 64 80 86 87 89 91 
94 96 102 106 107 117 118 121 122 124 125 127 
132 135 136 137 139 142 149 153 154 156 158 162 
172 173 186 188 192 196 
64
1 2 7 9 10 11 12 16 17 22 28 29 
30 32 33 34 35 36 38 44 52 57 60 62 
65 66 67 71 72 83 87 88 89 91 94 96 
97 98 99 101 105 114 116 117 120 122 132 134 
148 152 154 155 157 160 172 182 183 185 186 189 
195 196 197 200 
64
7 11 12 13 19 25 27 28 29 31 35 38 
40 42 48 50 54 56 57 72 73 76 82 86 
87 88 89 92 93 96 97 98 102 103 111 112 
113 114 117 118 123 126 128 129 130 132 134 137 
140 141 147 148 150 151 152 153 155 165 169 171 
174 191 192 199 
60
1 7 12 13 17 18 19 24 37 38 43 53 
54 55 59 61 62 65 74 75 76 81 82 85 
88 91 94 95 100 101 102 105 106 107 116 117 
120 122 127 130 131 132 139 142 143 145 147 152 
161 172 177 181 183 185 191 192 193 194 199 200 
64
1 3 4 10 11 13 18 19 30 31 34 36 
38 40 41 43 44 45 47 54 59 68 70 71 
72 86 87 88 89 90 93 94 95 96 97 102 
104 106 110 118 122 125 128 137 138 139 140 143 
147 153 158 163 164 165 171 172 175 176 184 187 
194 195 196 199 
65
1 2 3 6 7 10 12 13 16 18 22 28 
31 37 38 40 41 43 44 45 52 55 56 57 
61 68 69 70 78 81 82 83 86 89 95 101 
105 112 119 121 123 125 132 135 137 141 147 148 
151 152 153 160 161 163 166 172 176 178 180 189 
191 194 195 197 198 
54
1 3 8 10 11 13 21 27 30 34 37 43 
49 50 52 53 59 61 63 68 71 73 78 83 
85 86 92 95 96 98 110 112 116 123 127 129 
130 134 139 144 145 148 153 158 159 169 174 180 
183 184 185 193 197 199 
55
1 2 3 6 15 20 24 25 27 30 38 51 
59 65 67 68 69 70 81 82 84 86 88 90 
96 102 109 117 118 121 122 124 126 127 130 133 
134 138 144 145 152 154 157 160 163 169 170 171 
172 175 185 187 188 193 200 
53
1 4 7 10 14 15 18 19 24 32 33 41 
46 47 60 66 71 74 80 85 89 90 91 94 
97 105 106 113 114 118 119 123 125 126 127 129 
130 133 134 143 148 149 155 157 158 161 166 168 
169 172 181 182 200 
58
2 3 4 8 9 11 16 17 18 21 25 26 
28 29 37 39 42 52 56 58 64 68 73 78 
80 81 86 89 91 93 98 103 104 106 109 110 
112 113 116 118 135 137 139 142 148 151 157 162 
164 167 168 175 176 182 184 188 193 194 
59
1 2 11 14 21 24 25 33 39 44 45 48 
51 59 63 64 65 68 70 76 78 79 82 85 
87 91 97 98 99 105 109 111 113 116 120 123 
124 126 127 130 132 139 143 144 149 150 152 155 
157 160 164 165 170 173 179 187 192 197 198 
64
7 8 16 20 25 29 30 33 35 37 39 44 
45 60 61 64 66 70 75 76 79 80 82 86 
88 99 101 102 103 106 109 111 115 116 117 120 
121 123 124 127 128 129 131 132 134 136 137 138 
142 145 154 155 163 169 171 173 175 180 184 187 
189 192 193 196 
62
4 8 17 22 23 25 31 32 33 39 44 47 
50 53 55 61 63 66 70 72 79 80 83 87 
90 92 95 98 100 102 103 106 120 125 126 130 
132 137 140 142 143 147 150 152 155 158 161 164 
166 173 174 176 179 180 182 185 186 187 189 192 
194 199 
58
1 6 15 16 23 26 30 37 38 40 42 47 
51 67 71 72 74 75 82 86 89 92 96 99 
104 105 113 115 117 120 126 129 132 138 139 140 
141 144 148 149 152 153 155 156 157 158 159 162 
166 169 170 171 175 176 191 193 199 200 
64
19 23 26 28 29 30 32 33 36 37 39 41 
42 48 49 50 51 57 58 61 62 65 67 69 
71 80 83 84 86 87 90 92 99 100 104 106 
108 110 112 121 123 135 139 142 143 144 145 147 
148 149 151 153 162 163 165 166 167 170 173 180 
182 183 188 189 
62
5 7 11 15 17 19 23 30 33 34 39 42 
48 49 50 54 62 64 66 72 73 75 78 81 
90 94 98 99 104 105 109 112 116 119 124 125 
127 138 145 149 151 152 153 155 156 157 158 160 
167 168 171 172 174 180 182 183 185 189 190 194 
198 200 
60
2 8 13 14 15 16 17 19 28 30 31 32 
35 38 43 48 50 51 53 54 56 57 58 67 
69 74 77 79 82 83 87 88 92 93 97 106 
107 109 110 119 121 127 132 134 137 139 149 151 
158 162 164 171 172 179 184 191 195 196 198 200 
55
4 6 19 24 25 28 33 34 37 50 55 73 
74 75 84 87 88 89 92 94 97 99 101 103 
108 111 112 117 118 120 126 127 129 130 134 135 
139 141 142 145 147 156 157 163 165 169 178 179 
180 181 185 186 189 191 192 
68
1 2 3 9 10 11 13 15 22 23 24 31 
35 36 40 42 43 52 54 55 58 60 68 70 
74 75 78 81 83 84 85 86 94 100 101 102 
103 104 113 114 115 120 123 125 126 129 132 134 
136 144 146 148 152 153 154 156 162 163 165 170 
171 174 178 183 190 191 192 193 
69
1 8 9 14 16 17 18 23 24 25 28 33 
35 38 39 42 46 48 51 52 53 58 64 67 
79 82 85 88 94 95 96 98 99 100 103 104 
105 106 112 115 117 120 121 124 129 130 134 137 
142 143 144 145 149 152 154 156 158 162 163 170 
173 178 179 186 194 196 197 198 200 
63
1 3 7 12 18 20 22 24 25 31 34 39 
41 43 51 56 64 65 68 69 73 75 76 78 
80 84 85 86 91 92 93 95 97 105 109 110 
112 118 119 131 132 133 136 137 141 142 143 145 
149 151 155 156 160 173 177 180 181 184 188 189 
192 196 200 
62
1 3 7 10 12 13 18 25 34 37 39 42 
43 44 52 53 55 60 62 64 65 69 70 71 
72 76 82 86 89 93 94 95 97 99 106 109 
110 112 115 117 118 119 121 123 125 126 132 134 
142 145 149 150 157 161 162 165 168 181 184 185 
186 188 
62
2 12 14 20 27 28 38 41 42 43 44 46 
49 50 55 56 58 62 64 70 75 78 79 80 
86 88 90 94 96 100 101 103 104 105 106 107 
112 113 123 129 131 137 138 143 144 154 155 158 
159 161 163 164 168 169 171 174 180 181 182 185 
192 197 
55
2 6 11 14 21 22 24 25 29 31 33 34 
49 50 61 63 66 79 83 89 90 93 97 99 
100 101 108 109 116 118 122 124 128 132 135 142 
144 146 148 152 153 159 161 164 166 167 170 177 
178 184 185 190 191 193 196 
57
1 7 10 13 15 18 21 26 35 36 38 39 
42 47 49 53 56 57 64 69 70 74 77 84 
86 92 94 95 97 99 100 101 106 110 115 120 
122 129 131 136 153 155 159 163 168 170 171 173 
174 177 182 185 189 191 193 196 199 
63
2 3 11 12 14 20 21 26 34 35 36 37 
39 40 46 47 49 52 55 56 60 61 66 67 
69 71 72 73 75 77 79 80 82 93 96 105 
106 111 119 123 126 132 136 138 149 152 155 156 
161 163 171 176 180 182 183 184 186 191 193 196 
197 198 199 
45
7 11 13 15 16 21 25 27 28 30 33 35 
40 42 44 57 60 62 69 78 82 87 93 95 
99 103 104 107 109 114 123 125 140 154 155 159 
160 162 173 174 191 192 196 197 199 
64
1 4 5 11 14 24 25 27 28 36 37 39 
42 43 45 47 51 52 56 58 59 60 65 67 
73 75 81 82 84 87 88 91 96 102 108 111 
117 119 120 123 124 126 127 128 132 135 137 146 
151 152 155 161 162 165 166 170 172 175 179 185 
186 188 196 197 
55
4 5 6 13 19 20 25 29 30 33 37 47 
48 54 55 56 57 58 60 64 65 74 79 87 
99 100 106 108 110 113 116 117 121 127 129 134 
136 148 153 156 157 162 165 172 175 176 177 179 
180 183 186 188 197 198 200 
60
1 2 15 17 18 27 30 32 35 38 49 51 
53 57 60 68 71 82 84 87 89 98 101 102 
103 105 109 115 118 119 120 123 126 127 128 129 
130 131 136 137 140 143 147 148 149 156 157 159 
160 161 163 175 176 181 183 184 192 195 196 197 
72
4 6 7 8 10 11 16 17 22 27 28 34 
35 39 45 47 48 49 51 56 62 64 67 68 
73 76 79 86 88 91 93 96 98 100 101 103 
107 112 113 115 118 122 124 129 130 131 132 136 
139 140 141 149 150 157 158 160 163 165 168 170 
174 177 178 180 181 182 183 186 190 193 195 199 
59
3 5 8 12 15 16 21 27 28 29 35 37 
40 41 45 46 47 48 50 51 54 55 63 66 
67 68 69 72 76 86 88 89 108 110 111 112 
120 122 127 131 133 134 138 140 143 152 153 157 
158 160 164 173 177 182 184 187 188 193 197 
60
1 9 15 16 22 26 29 30 31 38 39 40 
42 45 48 55 57 68 69 71 73 74 75 81 
82 86 88 89 91 97 100 106 111 114 118 119 
127 128 130 132 137 139 142 144 145 147 152 154 
165 173 174 175 178 182 183 186 191 194 197 198 
55
6 7 11 14 18 21 22 29 36 39 40 41 
43 45 46 47 52 55 57 59 65 68 72 77 
82 86 92 93 96 98 100 102 104 105 112 128 
129 136 137 138 139 150 155 156 157 158 172 176 
179 185 186 187 189 191 194 
54
3 4 18 20 21 23 24 26 30 33 37 38 
39 41 46 47 49 50 57 65 70 71 84 88 
96 98 104 106 108 109 111 113 114 115 117 118 
120 121 122 124 126 128 129 130 132 148 149 151 
152 153 155 164 167 174 
59
2 5 13 15 21 25 27 32 33 35 36 38 
46 47 48 51 55 56 58 59 60 62 63 64 
68 70 73 74 75 77 78 79 85 86 89 97 
104 109 120 123 124 126 128 131 132 142 147 148 
151 152 157 168 170 182 185 191 192 196 199 
55
7 15 20 21 22 25 29 30 34 35 40 56 
63 64 68 69 72 75 79 80 87 90 91 93 
97 98 99 101 104 109 121 123 125 127 130 131 
133 135 143 144 146 147 150 163 165 167 173 178 
181 184 185 188 192 194 199 
53
3 4 5 7 9 12 17 22 34 37 38 39 
41 48 49 56 71 74 79 80 86 89 96 102 
104 108 110 111 114 118 119 121 124 126 129 132 
138 141 142 149 150 152 156 164 165 169 171 172 
174 178 180 182 195 
64
3 5 15 16 17 18 20 22 24 26 29 30 
37 40 43 49 51 58 59 60 74 76 78 80 
83 84 90 91 92 93 97 98 104 107 112 113 
115 120 121 123 126 127 129 133 135 141 143 145 
147 152 153 154 155 157 160 165 166 174 183 189 
193 195 197 199 
56
5 7 9 10 15 17 18 23 25 26 38 39 
45 46 48 50 52 61 64 65 67 68 76 77 
78 80 84 86 88 90 98 99 102 106 107 111 
114 120 125 127 130 135 138 140 147 149 155 166 
173 176 178 180 182 189 195 199 
56
2 3 4 5 6 7 23 26 33 34 41 43 
45 50 56 63 66 69 70 73 75 77 79 86 
87 91 94 97 103 104 109 113 114 115 116 123 
128 129 146 150 151 156 159 164 168 169 172 181 
187 189 191 193 194 195 197 199 
67
2 9 16 18 19 21 24 25 26 27 28 31 
32 36 39 40 41 43 46 48 49 50 52 54 
58 65 67 68 70 73 75 78 79 82 86 87 
94 99 108 110 113 115 116 118 119 123 125 126 
127 130 135 143 147 148 153 155 157 158 163 166 
170 171 173 178 183 190 198 
60
3 5 9 20 26 28 29 32 33 34 37 40 
45 47 48 49 54 60 61 63 64 73 76 79 
80 84 88 90 92 97 105 106 107 108 111 114 
119 124 126 127 129 131 133 135 145 146 147 150 
153 155 161 167 171 181 185 186 189 190 198 200 
58
3 9 16 17 21 22 25 31 39 40 41 43 
46 47 49 50 54 57 58 62 67 69 74 77 
85 86 87 92 94 96 97 103 107 110 117 119 
122 125 127 131 136 149 157 161 164 165 168 170 
172 173 177 178 185 187 190 192 198 199 
64
4 11 14 18 19 21 32 34 35 36 38 43 
53 54 55 56 58 60 61 64 66 69 71 75 
83 84 88 90 99 102 103 108 115 116 118 119 
123 124 128 137 138 139 141 142 143 144 146 147 
149 151 152 153 155 156 164 167 175 177 180 187 
189 190 196 198 
57
1 7 11 13 19 23 24 28 36 39 41 43 
46 53 64 66 68 78 80 81 82 84 89 90 
93 97 98 99 103 104 108 127 128 130 132 135 
136 141 144 146 147 150 152 156 158 161 168 169 
173 174 180 185 187 188 196 197 198 
66
1 4 6 7 9 11 13 15 20 23 33 35 
37 40 44 45 47 51 52 54 55 56 59 66 
76 79 81 84 89 90 93 96 99 102 103 111 
113 116 117 118 121 122 127 128 131 134 135 136 
138 141 150 151 152 160 164 168 170 171 175 176 
178 183 185 192 196 197 
66
2 4 11 12 13 18 23 26 29 30 35 37 
39 40 43 46 51 53 55 58 66 70 71 73 
75 78 82 83 88 89 91 92 93 95 98 100 
102 110 116 120 122 123 125 132 136 138 147 150 
153 155 157 160 162 163 166 169 170 171 173 178 
179 188 189 191 194 195 
62
1 2 5 6 9 12 13 17 20 27 30 31 
32 35 37 38 41 46 49 51 54 55 60 63 
65 66 67 77 78 79 81 82 84 85 94 97 
102 104 113 115 128 129 130 133 134 143 144 146 
154 156 161 163 165 171 174 179 182 183 191 193 
196 198 
60
5 6 20 23 28 29 35 37 39 40 41 42 
47 50 53 63 64 68 72 76 77 80 81 86 
87 88 89 90 95 96 101 105 107 108 111 112 
119 125 127 129 135 136 138 141 147 155 161 167 
172 178 180 182 184 187 189 190 192 193 194 197 
67
2 4 9 10 12 17 22 25 26 29 37 38 
40 42 45 49 50 52 53 56 58 59 62 67 
70 72 76 79 80 82 83 85 86 90 92 93 
94 96 99 103 110 111 112 113 114 118 122 126 
128 131 136 144 146 148 149 150 153 154 156 165 
168 172 180 184 191 199 200 
62
11 13 18 23 24 25 28 29 31 33 38 45 
46 48 49 53 55 61 62 68 70 73 77 78 
79 82 83 87 93 96 99 100 102 103 106 108 
111 112 115 122 126 130 132 137 141 143 151 155 
156 160 162 170 172 174 181 186 187 189 191 192 
196 197 
57
1 2 4 6 14 17 18 19 32 34 36 40 
44 49 50 54 58 59 60 67 70 72 81 82 
85 89 94 95 97 99 100 105 109 111 114 122 
128 129 130 132 134 139 141 150 151 154 158 159 
163 164 165 166 170 173 177 184 194 
64
8 20 23 26 27 30 32 33 35 37 40 46 
48 51 52 54 59 63 66 67 69 74 78 81 
82 83 87 98 105 108 109 114 115 121 125 126 
128 132 133 134 135 136 141 142 144 147 148 152 
160 168 171 175 176 182 183 184 186 187 189 190 
191 192 193 195 
59
5 6 7 8 11 12 14 16 19 20 21 31 
35 38 43 58 59 61 62 65 70 77 87 90 
98 101 104 105 107 112 116 118 120 122 127 136 
137 139 140 144 145 147 149 150 155 156 158 159 
160 166 168 175 176 181 184 187 191 196 197 
47
1 4 5 7 17 27 34 40 50 55 56 57 
58 60 67 71 72 74 78 81 86 87 103 116 
117 118 119 124 133 139 141 143 146 148 154 157 
159 173 176 178 181 183 184 186 193 197 200 
62
2 4 7 8 11 14 15 17 21 23 25 27 
28 29 36 42 47 50 58 60 62 63 72 76 
79 81 85 86 89 95 96 107 108 109 113 117 
119 122 123 129 131 132 133 141 144 152 153 157 
159 160 164 165 166 168 176 189 192 193 195 196 
199 200 
57
2 7 8 10 16 19 20 21 28 39 43 45 
47 48 56 58 61 64 66 68 71 73 76 87 
90 95 97 100 101 102 116 120 122 127 134 138 
139 143 146 147 149 150 151 153 156 158 161 166 
175 179 180 181 183 196 197 198 199 
57
9 13 16 20 23 25 26 27 30 31 32 36 
40 41 44 50 52 53 54 61 68 69 75 77 
80 81 84 85 92 96 110 111 112 118 123 132 
133 137 142 144 147 148 153 155 159 160 161 171 
175 176 181 183 190 193 196 197 198 
49
12 15 20 21 24 36 37 43 45 47 48 49 
56 57 59 70 72 80 83 84 89 90 104 112 
117 119 123 124 127 134 139 140 142 144 146 155 
156 160 161 163 164 169 170 172 174 178 185 190 
198 
57
7 8 11 15 16 17 24 26 29 33 36 38 
40 41 42 45 62 66 71 75 78 80 81 82 
84 87 89 98 102 109 113 114 115 120 121 126 
134 135 136 139 140 144 148 154 158 168 170 172 
174 177 182 183 186 190 196 199 200 
62
3 8 11 14 15 19 22 25 27 29 32 33 
34 37 38 39 40 42 48 54 56 63 65 67 
68 69 77 80 83 89 92 93 94 95 96 100 
104 107 109 110 111 119 130 135 145 148 149 151 
154 157 161 170 174 177 180 187 194 195 197 198 
199 200 
59
1 6 8 11 13 14 15 17 23 24 28 29 
30 31 32 35 40 41 43 51 57 59 60 61 
65 68 70 72 77 80 88 92 96 97 102 103 
109 110 112 117 120 122 136 147 153 154 155 158 
167 168 169 172 175 178 185 188 190 194 195 
64
5 8 9 12 16 34 35 37 39 41 48 51 
55 56 59 61 64 65 66 67 70 73 74 78 
80 90 92 93 94 97 98 100 101 102 107 108 
112 118 120 123 124 126 127 129 138 139 146 150 
154 155 161 163 165 169 172 180 181 182 183 188 
190 194 197 199 
57
3 13 15 23 31 35 38 39 45 46 47 53 
57 66 68 69 73 80 81 82 84 86 87 89 
91 92 94 98 105 109 112 113 119 121 125 126 
142 149 161 163 168 170 172 177 178 179 180 181 
182 187 190 191 193 195 196 198 199 
55
18 19 25 29 34 37 45 47 49 50 60 62 
66 69 70 72 73 75 76 78 80 84 88 90 
93 95 98 101 104 105 108 112 117 123 124 127 
134 145 147 151 154 156 158 164 166 170 181 185 
187 188 193 195 197 199 200 
58
3 5 7 12 14 15 17 18 21 22 31 35 
37 48 54 55 56 57 60 64 65 67 70 73 
78 82 87 97 101 103 109 113 114 127 130 132 
140 143 144 145 146 148 150 151 152 154 156 159 
160 164 165 170 177 183 184 193 194 200 
54
3 14 17 19 22 25 26 27 30 34 38 40 
52 57 58 59 67 69 70 72 79 92 94 103 
109 112 113 119 122 124 128 129 137 138 141 142 
145 149 151 152 156 159 161 168 169 170 174 180 
181 185 189 193 198 199 
50
6 11 21 27 29 31 39 40 42 48 51 54 
55 61 62 64 66 67 68 70 80 82 84 86 
93 95 97 106 122 125 133 134 137 139 148 152 
153 157 159 167 169 170 171 174 176 178 181 182 
193 200 
61
8 15 17 20 26 27 32 37 38 39 40 42 
46 50 55 57 60 62 66 71 72 76 78 80 
90 92 98 102 104 106 111 112 118 125 127 129 
130 134 136 137 139 142 143 146 153 155 159 162 
163 165 171 173 175 176 178 180 184 186 196 199 
200 
63
1 3 13 15 16 17 19 21 23 24 35 40 
41 42 44 45 48 50 53 55 59 65 66 67 
72 77 81 89 91 92 93 94 95 97 100 109 
111 113 114 116 121 127 129 131 132 140 150 153 
156 158 163 168 171 175 176 177 185 187 189 191 
194 195 199 
63
18 21 23 26 32 33 48 50 51 59 62 66 
68 69 71 78 84 88 89 91 93 95 100 102 
104 107 109 116 117 118 119 122 123 126 128 129 
136 139 140 142 153 154 155 156 158 166 168 170 
174 175 178 179 180 181 185 187 193 194 195 197 
198 199 200 
60
1 2 10 13 21 31 32 34 35 36 40 43 
45 46 47 48 51 64 65 66 70 74 77 83 
85 90 93 94 99 102 103 104 106 108 112 116 
118 126 127 129 130 131 135 136 138 139 142 157 
168 171 175 178 179 183 184 186 191 196 199 200 
51
4 10 16 17 22 25 28 32 33 34 37 48 
49 50 56 57 60 66 68 69 74 75 81 84 
98 105 110 111 114 115 119 123 129 130 138 143 
146 148 150 160 164 167 168 173 177 183 186 187 
191 195 197 
66
1 3 10 11 13 18 23 24 28 33 34 38 
41 42 44 45 46 51 53 55 58 64 66 68 
70 72 77 79 80 83 88 89 98 100 102 105 
111 116 121 122 126 132 139 141 143 145 146 157 
160 161 163 165 166 169 171 175 178 185 186 187 
188 194 195 196 199 200 
57
2 7 13 18 20 23 25 26 29 33 39 40 
56 65 69 70 71 72 85 88 89 90 91 93 
95 98 101 106 108 113 117 125 127 128 132 137 
139 143 147 148 154 157 160 162 166 168 173 175 
176 179 181 188 189 190 196 198 199 
55
6 11 15 16 17 26 27 33 38 41 42 49 
52 56 65 69 77 78 80 90 92 93 96 97 
98 99 101 103 111 112 114 119 120 123 130 131 
132 133 135 145 146 151 152 155 157 159 162 165 
174 182 183 188 191 193 196 
58
3 7 11 12 14 19 20 21 25 29 30 32 
34 39 47 48 49 58 60 62 63 64 66 73 
75 80 82 88 94 95 98 99 100 108 109 117 
118 120 121 123 134 135 139 140 141 143 145 146 
147 158 159 161 163 171 172 176 181 182 
52
3 5 7 18 20 22 34 37 39 46 50 51 
56 60 64 72 80 85 86 91 92 102 105 106 
110 115 118 121 126 131 138 139 141 143 144 147 
154 160 161 171 172 178 180 181 186 189 190 191 
194 196 199 200 
63
3 10 11 18 22 25 28 30 32 33 36 37 
38 43 49 55 58 61 65 67 74 77 78 82 
83 85 87 89 91 93 95 103 109 111 112 115 
116 117 124 135 136 138 141 143 150 151 153 155 
158 160 162 167 168 170 172 175 177 178 179 185 
186 189 198 
69
4 5 8 10 15 16 17 18 19 20 23 26 
27 28 33 34 37 39 42 43 49 50 52 61 
62 65 66 70 76 78 81 82 83 88 94 95 
96 97 98 101 102 107 117 124 125 130 131 132 
137 139 141 151 152 153 154 159 161 162 164 165 
166 168 172 184 185 188 193 196 197 
61
1 3 6 8 10 15 16 19 20 32 34 36 
43 45 46 47 49 50 57 58 65 71 72 73 
75 78 90 91 105 106 107 108 109 112 114 117 
118 119 122 130 132 138 141 142 143 147 148 155 
159 163 168 170 171 177 178 184 189 193 194 196 
197 
56
2 7 9 12 14 16 25 29 32 36 41 49 
50 51 58 61 66 69 70 73 75 83 84 85 
89 92 94 95 96 97 98 105 106 108 112 114 
115 116 117 118 120 123 125 133 149 151 152 153 
161 169 172 174 175 193 198 199 
55
9 12 14 15 19 21 22 24 30 33 40 46 
48 49 50 52 53 59 60 63 66 74 75 79 
88 98 99 102 104 105 109 113 115 121 127 133 
135 141 150 154 155 159 161 163 165 170 172 177 
180 184 189 190 195 197 199 
47
3 6 10 12 16 17 19 23 25 35 37 38 
40 42 43 47 49 61 62 66 71 72 75 76 
80 82 90 98 110 120 133 140 141 143 146 147 
151 156 164 165 175 182 187 189 190 191 200 
65
1 3 5 6 11 18 20 23 34 36 39 40 
49 50 55 61 63 66 67 68 69 78 79 80 
82 89 90 94 98 101 104 106 108 112 114 116 
118 119 127 129 133 141 142 146 148 149 151 153 
155 158 159 163 168 171 174 178 184 185 186 187 
188 189 194 195 198 
59
7 8 9 10 12 16 19 20 22 29 33 34 
35 38 39 43 48 54 55 56 62 67 70 75 
76 77 78 81 86 89 92 96 100 101 102 110 
120 121 122 135 136 141 142 144 147 148 152 155 
160 163 169 170 171 189 193 195 196 197 200 
60
4 6 7 9 11 18 20 28 32 35 37 42 
43 48 49 52 53 57 59 61 63 65 66 73 
80 81 92 93 98 100 109 113 114 122 124 128 
136 138 140 143 145 146 147 149 153 154 158 164 
165 167 168 169 171 173 178 180 187 196 199 200 
62
5 7 8 9 11 13 14 20 22 27 28 30 
33 43 44 46 48 49 51 54 56 58 59 63 
68 73 75 78 81 82 84 85 108 111 112 114 
116 117 120 128 137 143 144 149 151 153 155 157 
158 161 163 164 168 176 179 180 184 187 188 192 
194 198 
59
10 12 17 21 22 23 24 26 35 41 42 44 
48 50 51 53 56 58 59 63 66 71 76 80 
83 85 96 101 103 104 106 110 112 113 117 120 
121 128 129 134 136 143 147 152 154 158 159 160 
162 170 174 180 183 192 195 196 198 199 200 
46
1 3 4 11 12 19 25 35 38 39 49 58 
63 67 72 77 78 79 90 99 100 101 102 113 
118 121 124 129 135 136 141 142 144 147 151 155 
159 161 162 166 169 177 183 185 187 188 
73
4 11 12 16 19 21 23 24 25 28 32 36 
39 51 53 54 55 56 60 66 69 72 74 75 
77 78 79 82 83 84 88 90 92 93 95 99 
102 103 106 117 118 122 125 128 132 135 138 140 
142 148 149 150 154 157 159 161 162 163 167 169 
172 173 178 180 181 182 186 190 192 193 197 198 
199 
61
5 6 11 13 17 18 22 23 28 29 30 35 
36 37 39 42 44 47 48 49 51 52 67 68 
69 71 75 80 83 85 87 93 95 99 110 112 
113 116 119 123 128 130 133 143 155 157 160 161 
162 164 170 179 180 184 186 190 194 195 197 198 
199 
60
2 12 16 23 24 25 26 27 28 29 31 32 
33 37 41 46 48 54 58 59 61 62 64 70 
74 75 78 82 85 89 90 92 96 97 98 99 
102 110 117 119 120 121 123 124 126 132 133 136 
139 149 151 159 160 164 167 178 180 191 197 198 
52
3 4 17 25 29 31 33 40 43 44 49 50 
52 57 63 66 70 72 74 75 79 80 83 86 
92 96 98 102 106 108 113 117 128 132 133 135 
137 152 158 163 164 165 169 170 172 174 177 183 
184 185 188 193 
60
5 9 11 12 14 18 20 23 27 32 35 36 
40 43 46 47 62 64 67 75 76 77 79 81 
83 84 89 90 97 99 105 106 107 111 117 118 
125 135 138 140 145 147 148 149 151 154 155 158 
161 162 165 170 171 174 178 180 187 189 191 196 
60
1 3 14 17 23 25 29 30 33 35 38 40 
42 44 45 46 50 51 54 57 62 64 65 71 
77 81 93 98 99 108 109 110 113 118 122 128 
129 130 134 135 141 142 145 146 148 154 155 157 
159 163 166 169 171 174 179 183 189 194 196 199 
