200 200
1 1 1 1 1 1 1 1 1 1 1 1 
1 1 1 1 1 1 1 1 1 1 1 1 
1 1 1 1 1 1 1 1 1 1 1 1 
1 1 1 1 1 1 1 1 1 1 1 1 
1 1 1 1 1 1 1 1 1 1 1 1 
1 1 1 1 1 1 1 1 1 1 1 1 
1 1 1 1 1 1 1 1 1 1 1 1 
1 1 1 1 1 1 1 1 1 1 1 1 
1 1 1 1 1 1 1 1 1 1 1 1 
1 1 1 1 1 1 1 1 1 1 1 1 
1 1 1 1 1 1 1 1 1 1 1 1 
1 1 1 1 1 1 1 1 1 1 1 1 
1 1 1 1 1 1 1 1 1 1 1 1 
1 1 1 1 1 1 1 1 1 1 1 1 
1 1 1 1 1 1 1 1 1 1 1 1 
1 1 1 1 1 1 1 1 1 1 1 1 
1 1 1 1 1 1 1 1 
70
1 2 7 10 11 12 14 16 18 20 25 27 
30 33 35 43 45 52 53 55 57 60 70 71 
72 73 75 76 79 81 85 87 90 91 104 107 
108 114 116 117 118 120 126 127 131 132 133 141 
145 150 154 161 167 169 171 172 173 175 176 177 
181 186 188 190 191 193 196 197 198 200 
48
2 8 16 17 19 20 31 32 41 42 44 46 
58 61 62 63 64 66 67 74 80 87 94 98 
101 105 106 110 111 113 114 117 119 127 131 138 
139 142 155 156 159 161 168 174 179 182 188 189 
60
5 6 10 14 15 18 19 20 22 28 31 35 
36 38 40 43 45 48 49 58 63 64 67 70 
78 79 84 86 87 90 91 101 102 105 106 107 
109 110 118 123 149 150 152 155 158 161 163 167 
168 173 177 179 180 185 187 188 189 192 193 198 
54
1 3 4 9 10 11 12 17 24 26 33 35 
40 49 50 57 59 68 69 76 78 82 86 87 
89 94 96 97 99 101 107 113 121 126 129 131 
132 139 140 141 144 146 147 148 149 150 151 168 
171 183 188 193 197 198 
45
6 11 13 14 19 22 25 26 33 35 36 38 
39 46 48 49 52 64 72 73 74 84 87 92 
103 105 115 121 133 136 141 142 147 149 152 156 
159 161 162 164 168 174 180 196 197 
55
2 6 8 12 18 21 24 33 38 39 42 43 
45 46 48 50 53 57 73 76 77 78 83 86 
89 96 99 100 105 106 110 116 124 126 131 137 
139 142 147 149 151 154 155 161 166 168 171 172 
174 180 186 189 192 195 197 
60
1 2 3 4 7 12 14 17 18 19 20 26 
30 31 34 40 44 46 51 56 62 66 68 73 
74 80 81 82 83 84 86 89 93 95 97 98 
109 111 114 115 116 117 118 121 123 129 131 134 
145 154 159 168 170 183 184 187 189 195 196 197 
58
9 15 18 22 29 32 36 47 53 54 55 61 
63 65 66 70 72 75 76 77 79 80 86 91 
92 94 102 107 109 117 119 121 124 129 132 134 
135 138 140 142 148 152 157 158 159 162 164 165 
169 172 174 178 179 181 188 191 194 196 
55
6 10 14 19 23 24 29 31 38 41 51 54 
56 61 62 64 67 69 71 72 76 81 85 87 
88 94 97 98 99 101 105 106 108 111 117 119 
124 125 127 135 138 140 149 151 154 155 166 169 
181 183 184 188 189 195 198 
74
10 16 17 18 20 21 22 27 30 34 35 36 
40 42 43 45 46 51 55 58 60 61 63 64 
65 66 75 78 79 80 84 86 89 92 94 95 
96 97 98 101 102 103 104 105 106 112 114 119 
120 125 127 128 129 139 140 145 147 150 153 156 
157 161 163 165 173 174 175 185 186 187 193 196 
199 200 
66
3 4 5 6 10 13 14 18 24 25 29 35 
36 49 50 52 53 60 63 68 70 73 74 78 
82 86 88 90 94 95 96 99 100 107 109 112 
114 116 119 120 121 124 126 131 136 138 142 146 
147 152 155 156 164 169 170 174 176 178 182 184 
185 186 188 193 195 196 
77
2 3 8 10 15 17 23 26 29 31 34 37 
40 42 43 47 48 56 63 67 68 69 70 73 
75 76 77 78 81 82 85 89 94 99 101 103 
104 105 106 107 111 112 116 117 119 122 123 125 
130 131 132 133 136 140 141 143 147 149 152 153 
156 157 158 168 169 170 171 172 173 174 176 177 
180 187 189 194 198 
57
2 3 6 9 11 15 16 20 23 24 29 46 
47 48 49 52 55 57 59 61 63 64 71 77 
78 79 80 81 83 86 87 90 99 100 104 120 
121 122 126 129 132 134 139 147 153 165 166 167 
171 172 173 174 175 182 188 189 199 
56
9 13 20 21 23 24 31 32 34 41 43 46 
48 49 56 67 68 71 75 77 80 85 89 90 
92 93 100 103 104 110 119 121 122 133 137 138 
139 140 147 151 152 160 161 162 164 171 172 175 
176 177 184 185 193 195 197 200 
65
6 9 13 16 18 21 26 38 39 46 53 56 
58 59 61 63 71 74 75 82 87 88 90 91 
92 93 110 111 113 117 121 122 128 132 134 136 
137 138 139 140 145 146 149 150 152 153 155 159 
161 169 170 171 172 173 174 176 177 185 186 188 
192 197 198 199 200 
70
2 3 5 8 10 19 24 27 28 31 36 37 
38 40 41 46 48 62 63 71 72 73 75 76 
78 79 82 83 86 88 90 91 97 99 100 101 
105 110 112 113 115 116 118 120 123 125 131 132 
133 134 135 142 145 146 149 153 155 159 161 162 
164 171 172 178 180 181 183 195 198 200 
66
2 8 12 15 22 24 28 31 33 34 39 41 
42 46 51 55 57 58 69 74 79 81 83 85 
89 95 96 97 98 99 100 101 102 103 104 105 
107 111 113 115 116 118 119 121 123 124 126 131 
132 135 148 154 155 156 159 162 170 171 175 181 
182 184 185 186 188 192 
61
13 15 16 17 25 29 31 34 35 37 40 45 
54 57 58 59 62 66 69 71 73 74 75 80 
82 88 96 99 101 105 106 109 113 119 122 124 
130 131 134 135 137 140 143 144 145 146 147 150 
152 159 161 162 165 168 174 175 180 182 183 186 
195 
60
7 9 16 19 20 21 24 28 29 31 34 38 
41 43 45 46 49 59 60 62 65 76 78 85 
95 99 104 109 110 111 114 115 116 119 120 122 
123 124 126 130 131 134 135 143 151 152 156 157 
158 162 163 168 169 175 176 178 184 190 193 199 
51
4 14 18 33 36 40 41 52 55 57 61 62 
64 67 71 72 75 78 82 85 89 102 103 107 
113 122 123 126 135 137 138 140 144 149 151 152 
154 155 162 163 166 169 172 175 181 182 186 188 
192 195 199 
63
1 3 5 9 10 11 15 18 21 22 26 31 
38 39 41 43 44 46 47 52 54 57 63 66 
71 72 73 74 76 77 80 84 85 86 87 95 
97 104 105 114 121 122 125 126 128 130 133 140 
146 151 154 156 159 160 161 163 171 172 173 185 
187 189 196 
53
2 4 7 15 16 20 23 32 36 37 38 43 
47 48 56 59 63 65 66 67 68 78 81 85 
86 94 95 96 99 105 106 108 110 113 114 123 
131 132 137 146 147 160 162 167 168 175 186 188 
190 191 193 195 200 
51
1 6 8 11 13 15 18 20 33 38 45 50 
56 60 62 65 68 70 71 74 77 78 82 93 
94 100 101 103 111 115 125 126 128 134 135 137 
140 143 147 153 156 164 167 171 175 177 183 185 
193 198 200 
62
1 4 9 12 13 17 18 19 31 37 46 50 
52 55 59 61 64 66 73 75 76 78 79 83 
86 88 90 92 93 97 100 111 112 116 118 122 
124 128 129 130 132 134 139 141 142 146 152 153 
155 156 157 162 165 170 172 177 179 180 191 194 
197 198 
57
2 3 4 8 9 12 13 14 15 22 23 25 
28 36 40 45 47 48 53 55 56 58 60 66 
67 69 73 75 78 85 92 93 95 97 98 101 
107 112 116 120 132 133 137 142 143 151 152 157 
164 165 183 189 190 191 194 196 197 
64
1 4 6 9 14 17 21 23 28 35 45 49 
57 58 59 61 62 66 69 70 75 77 86 87 
88 90 91 92 93 101 105 107 110 114 115 119 
135 138 139 140 141 142 143 145 146 148 152 155 
156 158 159 161 165 166 167 171 173 178 179 182 
184 190 191 197 
60
5 9 11 15 16 24 26 27 30 36 38 39 
41 43 45 54 58 60 61 69 71 73 79 82 
85 86 88 90 95 96 98 106 109 111 115 118 
120 122 123 124 126 127 137 138 139 140 144 145 
149 151 157 163 171 173 182 183 192 195 198 199 
64
7 16 19 22 23 25 26 37 39 43 48 49 
51 53 56 58 66 67 69 70 72 74 77 78 
80 82 84 88 91 93 97 100 101 104 118 121 
122 123 124 125 126 127 128 130 133 136 140 141 
142 150 151 152 154 157 165 167 170 172 176 179 
180 181 191 200 
70
2 4 13 19 20 22 25 26 32 34 35 41 
42 47 50 53 58 59 61 64 70 73 77 80 
84 86 90 91 95 99 101 104 108 109 110 113 
114 115 120 121 127 128 130 131 134 139 141 142 
143 147 151 152 153 163 165 166 169 170 171 173 
178 179 187 188 190 191 192 196 198 200 
70
1 3 6 11 19 27 29 35 39 42 43 45 
49 51 53 54 55 57 64 65 67 69 71 73 
74 77 78 79 80 81 82 85 86 87 90 93 
97 99 100 103 109 111 113 115 116 119 120 123 
125 128 130 133 140 142 144 145 148 150 154 159 
161 171 177 180 186 187 192 193 196 197 
53
1 10 11 17 20 21 26 30 34 35 49 50 
52 55 59 60 65 72 79 80 81 82 84 85 
90 100 101 102 108 111 122 123 125 128 129 135 
136 140 143 147 154 160 166 168 174 179 183 187 
188 191 194 197 200 
70
2 8 9 18 20 21 28 33 34 37 38 39 
48 49 53 55 62 64 65 68 69 74 75 84 
88 89 90 92 101 102 103 105 106 107 111 113 
114 116 117 119 122 127 128 129 132 141 143 144 
146 148 149 151 154 155 156 158 159 163 166 168 
172 173 176 177 178 179 187 192 197 199 
51
2 3 9 10 14 17 18 26 28 29 31 40 
44 46 48 50 66 68 77 80 82 84 85 87 
89 92 96 100 102 113 115 117 123 124 126 129 
130 133 143 150 161 164 172 175 178 183 184 189 
196 197 199 
64
4 9 12 14 17 18 21 23 24 28 32 37 
45 48 51 62 66 68 71 72 77 80 83 88 
89 93 94 95 99 101 106 108 109 111 114 121 
123 125 131 134 135 136 141 142 144 149 153 156 
157 162 166 169 171 178 179 182 183 185 187 188 
190 192 193 196 
57
1 2 3 4 6 8 15 27 30 31 37 38 
39 42 43 46 51 57 63 66 67 69 72 77 
79 82 84 89 93 95 105 112 113 114 123 124 
125 126 129 132 133 136 137 145 148 152 158 165 
169 171 175 176 177 179 192 195 200 
64
5 6 8 9 10 15 16 24 29 38 43 49 
53 54 57 61 63 67 70 73 75 76 78 79 
89 96 100 106 107 117 119 120 129 130 131 134 
137 138 139 140 144 146 148 152 155 156 157 159 
160 161 164 172 173 174 176 178 181 183 185 187 
190 194 197 199 
60
2 3 12 14 17 19 21 24 25 29 30 31 
38 42 52 53 54 58 59 65 66 70 72 74 
83 85 86 90 92 94 95 96 98 100 101 108 
109 110 114 118 128 135 139 145 155 156 157 160 
167 170 172 173 178 183 184 191 194 195 199 200 
77
1 6 7 13 17 18 19 25 26 27 30 38 
40 44 45 47 49 50 52 55 59 60 61 63 
64 71 73 78 79 80 82 83 84 94 95 96 
100 101 102 105 113 120 121 123 126 128 130 131 
132 133 134 136 143 145 147 148 149 150 154 156 
158 159 160 161 162 168 169 171 178 179 180 186 
187 189 190 192 196 
67
4 10 11 12 18 20 27 28 31 33 36 37 
38 40 42 43 44 49 52 53 54 56 57 59 
60 62 71 72 79 82 83 84 85 88 92 97 
101 102 113 114 116 120 121 130 135 137 138 139 
140 145 147 149 153 154 155 160 161 170 173 177 
186 190 191 194 195 197 199 
62
4 7 8 10 11 14 21 25 26 27 28 30 
32 34 35 36 40 41 47 56 57 60 68 70 
77 78 79 80 82 85 88 90 91 92 93 94 
96 105 107 111 113 120 124 125 126 131 140 148 
149 151 154 156 159 162 168 169 177 178 180 194 
196 199 
55
3 13 15 16 23 27 28 29 33 37 38 40 
49 50 51 53 60 66 67 68 71 73 74 80 
81 87 90 94 95 97 103 105 107 112 121 122 
124 128 129 131 135 138 145 151 155 159 161 164 
171 174 185 186 188 190 194 
62
4 10 16 18 21 27 29 31 34 35 36 39 
43 46 48 50 55 59 74 76 78 79 80 84 
87 88 93 99 100 101 103 106 110 111 119 120 
125 127 131 132 134 141 144 152 153 164 165 166 
170 171 173 176 181 182 183 186 187 189 190 192 
193 196 
55
2 3 4 5 7 14 19 22 25 27 28 30 
32 34 35 38 42 43 44 46 49 56 59 61 
62 65 66 68 74 83 86 95 101 110 111 120 
125 126 128 133 136 138 140 148 155 157 161 167 
170 175 176 177 187 196 199 
63
8 11 12 15 18 20 21 23 27 28 30 35 
40 43 47 49 52 53 55 56 71 73 77 81 
83 84 85 86 88 91 97 103 106 109 110 114 
116 121 122 125 126 128 134 137 139 147 149 152 
154 155 157 158 160 164 167 173 174 185 186 187 
189 191 199 
52
3 7 8 15 17 23 24 25 32 34 35 40 
43 44 46 48 49 54 56 60 64 73 75 77 
78 84 85 89 90 92 113 115 117 118 133 138 
147 152 155 159 166 172 173 180 184 185 189 193 
194 195 196 197 
51
6 9 14 16 17 18 19 30 32 33 35 41 
44 47 50 56 61 64 69 74 78 81 87 92 
94 103 108 109 116 120 126 129 131 141 146 153 
160 163 164 169 170 172 175 176 179 180 190 192 
195 197 200 
51
3 8 16 18 24 27 32 35 36 39 43 51 
54 55 62 65 74 76 77 79 84 85 87 96 
99 110 112 113 114 118 120 128 129 134 140 142 
149 155 158 159 163 165 167 169 170 185 189 193 
195 197 198 
55
6 13 18 22 23 24 29 32 35 38 41 46 
51 60 61 64 65 67 71 72 76 79 81 84 
86 87 91 93 94 100 102 104 108 121 122 126 
129 133 140 142 148 152 153 158 161 167 168 171 
183 185 187 190 191 197 199 
59
5 10 11 14 15 19 32 35 36 40 46 50 
52 62 65 66 77 80 85 89 90 96 97 98 
100 101 102 104 105 113 114 115 116 119 120 123 
126 127 128 131 140 141 145 146 147 149 153 158 
160 161 169 170 172 173 176 178 182 186 190 
56
4 7 16 18 19 20 27 28 42 43 45 47 
50 52 53 57 58 60 61 63 70 76 79 80 
83 87 88 89 97 109 112 117 119 124 129 131 
132 136 140 141 142 148 151 159 164 165 168 170 
177 180 188 194 195 197 199 200 
61
1 4 5 7 11 13 16 19 26 27 29 38 
46 48 57 61 62 66 68 69 72 75 80 82 
83 87 89 93 97 100 105 111 112 115 117 122 
125 131 132 136 140 142 147 149 151 155 158 159 
162 165 166 173 175 178 180 185 189 190 191 192 
195 
61
1 2 3 7 11 25 28 29 32 33 35 41 
47 58 59 60 64 68 69 78 83 86 90 94 
95 101 104 105 107 108 116 120 122 123 124 125 
126 130 132 133 134 140 142 148 149 154 155 160 
163 170 171 172 175 179 180 181 183 185 190 195 
198 
60
2 11 17 22 27 29 33 35 36 37 40 43 
51 57 60 64 65 72 74 77 79 80 82 86 
93 101 102 107 112 117 118 121 123 129 130 131 
133 134 141 144 148 153 155 157 158 160 170 171 
175 176 177 180 182 183 185 186 194 195 196 197 
62
3 6 7 10 14 18 21 23 27 30 33 40 
41 42 43 44 46 51 52 54 66 74 76 80 
81 84 89 90 91 96 99 100 102 105 108 111 
112 115 120 122 123 124 126 127 135 137 138 143 
152 163 164 167 168 169 173 175 182 184 186 187 
195 199 
67
1 2 9 10 17 23 24 25 37 42 53 54 
55 60 62 64 66 70 71 74 75 77 82 83 
85 86 88 94 100 101 105 108 109 112 120 129 
130 134 136 137 138 140 144 145 154 156 158 167 
168 170 171 173 174 175 177 178 180 183 185 188 
190 192 193 194 196 197 198 
71
1 4 5 10 12 14 16 18 19 22 26 31 
34 36 38 40 42 46 48 49 51 52 56 57 
59 60 64 65 66 68 73 75 78 79 82 83 
84 86 87 89 96 97 103 106 112 113 114 118 
120 122 126 127 129 140 147 148 152 153 157 162 
168 169 170 178 179 184 185 189 191 195 200 
63
2 4 6 12 13 16 18 22 26 35 37 38 
45 56 57 59 62 69 72 73 78 81 83 86 
88 91 92 94 103 104 108 112 114 118 120 122 
125 129 131 133 139 141 142 149 151 152 155 163 
164 170 171 173 174 176 179 180 181 184 188 190 
192 196 198 
62
5 6 7 10 19 21 39 40 46 48 50 57 
58 60 66 67 68 69 70 74 77 78 81 84 
85 89 93 99 101 103 104 108 109 113 114 119 
122 123 124 134 140 148 151 152 156 160 161 162 
163 167 171 176 177 179 180 181 183 184 189 191 
194 197 
44
1 9 10 21 22 34 35 37 41 43 48 50 
52 66 78 85 90 91 92 93 97 104 107 109 
114 129 132 136 142 147 148 149 157 160 162 168 
170 171 174 179 189 195 196 198 
65
3 6 18 19 23 34 36 44 45 47 49 50 
54 55 57 64 66 72 77 79 80 84 93 95 
96 98 102 104 107 108 110 111 118 120 125 126 
129 131 132 134 138 140 142 146 148 150 151 153 
154 155 158 159 161 163 164 166 169 171 176 178 
182 185 192 194 199 
53
1 2 10 18 21 28 32 33 35 53 54 56 
59 68 74 75 78 81 89 91 93 95 99 100 
103 104 114 115 117 122 124 126 128 129 131 135 
140 143 145 146 148 152 155 165 169 173 175 176 
179 181 183 189 192 
63
1 2 15 16 17 20 21 22 23 25 30 35 
37 42 43 44 45 47 52 53 55 57 60 64 
68 69 70 76 78 81 83 85 86 89 92 96 
99 103 105 106 114 122 127 132 137 145 147 151 
154 156 162 168 172 174 175 179 183 184 193 195 
197 199 200 
48
4 6 9 12 13 30 34 38 42 56 59 61 
62 66 68 75 76 79 84 87 90 91 94 96 
99 107 110 111 121 122 123 126 128 135 138 143 
154 156 164 170 171 187 191 193 194 197 198 200 
62
12 13 19 20 25 30 31 33 39 40 41 48 
49 53 54 64 67 68 71 75 76 78 79 80 
84 87 91 98 101 103 105 107 111 115 116 117 
126 127 128 135 136 142 143 144 149 151 154 156 
159 160 162 164 165 178 182 183 187 188 190 192 
193 199 
62
7 8 12 13 16 20 24 27 29 35 37 38 
44 45 48 54 55 58 60 61 62 63 66 67 
71 73 80 84 88 91 96 102 103 110 117 118 
119 122 125 127 132 134 136 139 144 145 147 148 
150 154 163 164 166 171 172 176 178 180 187 190 
191 196 
60
2 4 8 9 13 14 16 24 26 29 36 40 
41 43 46 48 53 57 58 59 60 61 65 66 
68 71 72 85 86 87 90 91 95 97 100 104 
110 114 117 118 120 121 126 128 129 130 131 133 
134 138 142 145 154 158 167 178 181 187 195 200 
63
4 8 14 15 28 33 35 39 40 42 47 49 
60 61 67 70 71 72 74 76 78 87 90 91 
94 97 105 106 108 110 117 122 131 133 136 137 
139 140 143 145 150 151 153 158 160 161 164 166 
167 168 171 173 174 177 179 182 185 189 190 191 
195 198 199 
60
2 5 6 7 16 17 21 23 33 34 35 41 
43 44 46 47 50 51 55 68 70 76 79 84 
91 99 100 103 106 109 110 111 117 118 120 121 
123 124 128 131 133 136 144 145 146 149 158 162 
163 168 171 177 180 184 185 192 194 195 198 199 
54
2 3 4 5 8 15 18 23 25 28 33 38 
39 40 51 52 53 56 62 75 77 78 79 80 
82 91 95 105 109 110 116 122 124 125 126 129 
131 134 136 139 148 153 157 160 167 168 171 172 
173 175 182 196 197 198 
63
1 2 3 8 12 14 19 25 26 29 31 37 
38 45 46 47 48 50 54 56 57 59 66 68 
69 74 84 85 86 91 92 93 95 97 99 101 
106 107 109 110 113 114 117 118 119 125 129 131 
139 142 147 149 151 156 165 170 174 179 180 182 
189 190 194 
52
2 4 6 7 8 11 17 26 30 31 37 40 
41 51 53 57 67 72 73 75 76 80 86 98 
109 113 115 116 120 123 124 127 139 143 144 147 
152 153 160 163 166 171 172 173 175 176 178 180 
181 191 194 195 
59
3 6 10 13 17 24 25 31 38 39 50 58 
64 65 67 73 75 77 79 82 83 88 89 91 
95 96 97 98 99 101 104 105 110 115 117 119 
125 126 134 137 139 140 141 143 146 148 159 162 
166 170 171 173 177 178 183 185 189 195 196 
65
1 9 10 12 18 19 22 26 28 29 31 34 
39 40 43 50 55 59 61 65 66 78 80 81 
82 86 91 97 98 99 101 104 109 113 116 118 
121 125 126 128 131 132 133 136 139 143 144 146 
151 152 154 160 161 162 165 169 176 181 183 184 
188 195 196 198 199 
57
1 2 5 19 20 21 23 24 27 28 34 35 
39 46 47 51 56 57 58 59 62 70 72 75 
79 81 82 85 87 92 102 107 110 111 115 116 
117 118 120 122 127 128 130 134 139 150 152 153 
156 158 162 170 173 176 190 191 196 
52
3 4 6 15 16 24 32 36 42 43 44 45 
48 49 51 54 62 63 65 71 73 78 87 88 
90 96 97 99 103 104 106 117 118 126 128 130 
133 138 139 142 153 155 156 169 176 179 180 181 
186 188 190 195 
63
8 11 13 16 20 28 29 34 41 42 43 47 
52 53 55 57 58 62 64 73 75 77 78 79 
82 83 84 85 87 90 95 102 103 104 106 109 
111 114 118 119 123 124 126 128 129 133 134 135 
140 143 144 157 158 173 176 181 185 188 189 191 
192 197 198 
57
5 6 8 16 18 19 20 28 33 34 38 50 
51 53 57 60 63 70 73 75 76 83 87 90 
94 95 96 97 98 102 105 106 107 112 118 121 
122 123 127 129 133 141 143 144 146 147 148 151 
157 163 168 177 193 195 196 199 200 
61
1 4 6 11 12 18 22 25 35 36 37 39 
41 44 58 62 69 71 72 74 75 78 80 83 
86 88 91 97 102 106 109 111 117 130 133 134 
135 141 144 147 150 152 154 155 157 158 164 170 
173 175 177 178 179 182 183 184 187 190 192 194 
196 
41
2 5 6 9 12 15 17 32 38 45 53 57 
68 70 74 88 102 104 108 109 111 124 127 129 
130 144 148 151 155 156 157 162 165 170 173 177 
178 182 191 198 200 
73
2 6 7 9 10 11 17 21 24 28 31 32 
35 37 38 45 47 48 54 55 61 62 64 65 
67 68 69 73 74 78 79 80 81 86 92 95 
96 99 100 111 115 117 120 129 133 138 139 142 
144 145 147 149 150 153 154 156 157 158 160 163 
165 166 170 171 173 175 176 179 180 181 185 187 
195 
55
2 3 4 9 14 16 19 24 25 28 30 31 
32 36 38 40 48 50 51 53 55 62 72 78 
81 86 89 90 91 93 96 98 100 102 103 104 
110 121 124 130 132 134 139 140 143 146 151 153 
169 170 172 177 179 182 188 
49
4 7 10 12 21 23 25 26 36 37 39 40 
42 43 54 59 63 66 71 72 81 82 88 101 
102 103 108 113 117 123 130 131 134 135 140 141 
142 145 148 160 163 165 174 175 178 179 186 195 
199 
60
1 3 12 14 17 18 19 20 28 30 32 33 
34 44 46 47 48 50 55 56 61 71 73 76 
85 86 87 95 97 101 102 104 112 113 114 117 
119 130 132 133 135 138 141 146 153 154 158 160 
162 166 168 170 177 180 182 184 189 190 193 196 
57
7 12 20 21 24 27 28 29 30 32 33 34 
36 40 49 50 54 61 64 69 74 79 87 95 
105 106 112 114 115 119 127 131 135 142 143 146 
149 151 152 156 158 163 165 168 169 170 171 178 
180 181 184 188 189 190 191 198 199 
43
4 12 15 16 18 22 24 25 31 38 41 44 
45 66 78 81 88 93 97 104 105 110 111 112 
123 126 130 131 138 144 147 148 161 166 172 174 
176 179 184 190 191 193 196 
56
1 8 16 18 20 22 25 26 28 35 37 52 
54 55 60 64 67 70 72 73 83 84 91 93 
99 107 108 121 123 126 129 132 133 137 139 142 
143 145 146 147 153 156 160 161 169 176 178 179 
182 183 184 187 192 193 195 196 
60
1 6 8 11 12 15 26 36 37 40 41 42 
48 53 55 56 57 58 59 63 80 85 86 87 
88 89 90 92 102 104 106 108 110 111 113 115 
120 121 122 136 138 144 148 153 154 156 157 161 
163 170 172 178 179 182 184 191 193 194 195 197 
71
3 4 9 10 18 24 25 26 28 30 33 45 
50 52 53 62 63 64 65 66 71 73 77 78 
88 95 96 97 101 103 105 109 111 112 114 118 
125 126 128 132 135 138 141 142 144 146 150 151 
153 154 161 162 163 164 165 167 168 169 171 172 
173 176 181 186 189 190 193 195 197 198 199 
52
4 5 8 12 13 22 23 31 35 38 41 42 
63 65 68 69 71 74 80 81 84 87 90 92 
93 103 105 106 107 117 123 125 129 136 137 138 
145 148 150 156 157 163 164 170 172 175 179 180 
181 185 196 197 
75
11 12 16 17 24 27 31 33 40 41 42 45 
47 53 56 58 59 60 62 69 70 71 73 76 
82 83 84 85 86 90 91 94 96 97 102 105 
108 109 110 111 115 120 121 123 124 125 126 128 
135 137 139 140 144 151 152 154 157 160 161 163 
165 171 173 174 176 178 180 182 183 186 190 191 
194 195 200 
70
2 3 8 14 16 18 21 23 26 27 28 31 
33 35 36 38 40 43 44 45 46 51 53 56 
62 66 67 71 75 76 82 91 94 98 100 103 
113 114 115 117 118 119 120 123 131 133 135 136 
139 141 143 145 148 151 154 155 159 160 163 165 
167 171 177 178 179 184 187 189 191 199 
66
3 6 11 14 16 21 22 25 28 34 39 40 
41 42 45 47 53 59 62 63 66 73 75 76 
77 80 82 83 88 90 92 95 96 102 105 106 
107 109 110 113 118 134 139 140 146 147 150 154 
155 156 157 160 162 165 166 173 175 177 181 182 
186 188 193 194 195 196 
76
2 4 15 17 21 23 24 26 28 32 34 38 
39 41 52 54 55 59 62 63 64 65 70 72 
73 74 77 78 79 80 81 82 84 90 93 94 
97 99 101 103 104 108 112 113 114 115 116 117 
119 120 128 130 131 132 137 140 144 147 150 152 
154 156 157 159 162 165 166 167 171 177 179 188 
189 192 193 200 
55
6 8 12 13 20 21 28 31 35 51 52 55 
56 57 60 65 66 68 69 73 76 78 80 87 
91 92 96 97 99 102 107 108 112 115 116 125 
131 134 138 140 144 148 149 150 152 153 154 161 
164 170 171 187 193 197 199 
62
4 7 10 11 12 16 17 18 24 25 27 48 
54 57 59 67 69 70 72 74 80 81 82 85 
91 92 95 97 101 103 112 113 115 116 118 131 
132 136 137 139 141 143 144 151 154 156 166 168 
169 171 174 176 179 181 183 185 187 189 190 193 
194 198 
68
1 2 6 8 12 16 18 20 25 30 32 37 
43 44 49 51 53 56 58 59 60 66 68 71 
74 75 77 78 79 82 85 86 88 91 94 96 
97 102 105 106 110 112 118 121 124 127 138 139 
140 144 145 152 154 162 167 170 175 179 180 182 
183 184 185 188 191 195 199 200 
69
3 4 5 12 17 19 20 41 43 53 55 56 
58 59 61 62 65 66 73 75 77 78 80 81 
87 90 93 98 99 101 104 107 111 113 114 116 
119 123 126 127 131 136 137 138 144 147 148 157 
158 160 161 163 166 168 169 170 175 176 177 178 
182 183 185 192 193 194 195 196 199 
50
3 8 9 14 16 17 22 26 28 29 33 38 
39 46 52 55 58 64 67 69 72 76 79 80 
84 87 88 99 123 132 133 136 137 138 142 147 
148 150 151 152 153 158 170 172 177 182 183 191 
195 196 
54
1 8 12 13 17 30 33 35 36 40 45 47 
48 57 65 73 74 83 84 86 87 89 90 97 
100 101 105 112 118 120 124 130 134 135 139 143 
144 151 154 155 163 164 166 167 169 171 173 174 
181 183 186 189 196 199 
65
1 2 5 6 7 14 24 26 29 30 33 35 
41 42 45 52 53 54 55 58 59 60 78 82 
84 91 95 96 97 100 104 105 109 114 117 123 
125 128 136 138 140 142 143 146 149 151 152 154 
158 159 162 163 164 166 170 171 179 184 185 187 
188 189 191 192 193 
67
1 2 4 8 9 17 19 20 32 35 38 42 
43 44 51 53 59 61 64 65 68 70 72 79 
92 94 98 101 103 108 109 110 111 114 119 121 
123 124 125 126 128 129 131 135 138 141 142 146 
155 156 159 164 165 166 168 169 172 176 179 181 
184 186 190 192 195 196 197 
56
5 6 7 9 10 11 13 14 16 17 18 20 
23 26 34 35 42 48 51 53 54 60 66 83 
86 87 99 105 107 108 113 114 115 116 118 120 
126 130 133 139 140 141 143 147 149 150 156 164 
170 173 176 183 186 188 190 199 
63
1 3 5 10 18 20 21 24 26 27 34 43 
47 51 53 55 57 58 59 61 62 63 66 69 
76 80 83 93 104 107 115 122 124 125 130 131 
133 135 136 140 141 143 145 146 147 152 159 162 
164 165 166 167 168 171 173 175 179 183 184 186 
187 193 198 
58
2 3 10 11 13 16 26 31 32 36 39 49 
53 59 61 63 65 67 68 71 83 84 88 90 
92 95 99 100 104 111 113 114 118 122 126 128 
144 149 151 152 156 158 160 165 170 171 174 175 
178 181 184 185 187 188 189 191 193 195 
59
4 5 6 8 13 15 31 38 39 42 44 45 
47 53 55 57 59 62 63 64 70 76 83 88 
89 97 99 106 109 111 112 114 118 124 126 127 
128 129 133 135 138 139 142 143 146 148 149 153 
158 160 162 163 165 173 178 182 192 196 198 
59
1 5 8 17 19 22 29 33 36 40 41 43 
46 51 52 54 56 68 70 72 80 81 83 85 
88 89 91 94 95 96 97 100 103 107 113 114 
119 121 128 129 131 134 135 137 140 141 142 147 
148 151 159 162 164 168 169 175 178 194 198 
49
10 12 15 17 18 28 29 31 34 38 49 60 
62 66 67 71 72 76 81 89 91 92 97 102 
106 111 114 116 118 119 126 127 129 135 136 137 
144 148 155 157 159 167 168 180 188 191 193 194 
197 
72
2 6 7 15 16 18 23 28 29 30 32 39 
40 43 44 47 54 56 60 68 69 71 79 80 
81 82 84 88 94 95 96 98 100 111 115 116 
118 119 124 127 128 129 132 135 136 137 138 139 
142 143 145 149 150 151 152 153 157 162 163 166 
168 169 171 172 174 176 177 179 181 190 192 200 
61
12 15 17 19 20 23 30 32 35 42 46 47 
48 51 52 55 58 62 65 70 71 72 75 76 
83 84 90 93 94 96 99 100 101 104 105 108 
109 113 115 118 120 122 123 124 125 129 132 133 
136 150 152 158 159 160 167 175 179 188 192 196 
199 
59
4 8 11 15 17 30 31 33 36 37 44 45 
46 50 51 56 62 64 66 67 69 70 74 75 
79 83 84 89 95 103 113 116 119 120 124 126 
131 133 135 137 138 143 144 149 150 155 156 159 
160 166 169 179 180 181 182 187 190 191 199 
71
1 2 4 8 9 10 13 15 17 18 19 20 
21 28 30 31 32 33 35 36 40 43 47 48 
50 55 63 68 70 71 72 73 75 77 80 84 
90 95 98 104 105 106 108 110 111 112 115 119 
121 124 127 130 131 132 137 140 144 148 150 156 
159 161 163 168 170 176 178 179 186 188 192 
66
1 2 6 11 16 21 26 28 30 33 35 37 
39 44 47 52 56 58 59 61 62 68 72 74 
78 80 81 83 86 93 95 96 98 106 110 113 
115 118 120 121 124 125 129 131 138 139 141 146 
147 150 153 154 157 164 169 170 173 177 180 187 
190 192 194 196 197 200 
59
1 2 7 9 10 14 15 16 19 29 31 35 
37 38 44 55 58 59 71 73 82 83 85 88 
90 92 97 106 107 109 110 111 113 116 118 119 
125 129 131 147 149 150 154 157 158 159 167 171 
173 174 175 178 181 182 183 187 188 191 195 
67
1 8 10 17 18 19 20 26 29 32 34 36 
37 39 42 43 46 47 51 54 57 59 61 63 
71 72 76 78 79 85 88 93 103 105 109 112 
114 117 120 126 133 137 139 148 152 153 155 159 
162 163 167 169 171 177 179 182 186 187 188 189 
191 193 194 196 197 198 200 
64
4 9 12 13 16 17 19 20 22 23 24 26 
35 36 38 42 43 44 45 47 49 55 58 70 
71 73 76 79 83 85 86 91 97 104 109 110 
114 117 120 124 126 127 128 132 135 138 143 146 
149 152 154 160 163 166 168 176 177 181 184 187 
192 193 194 199 
57
5 6 8 9 10 11 14 19 20 25 27 34 
37 39 40 41 42 45 47 48 52 53 54 56 
58 59 60 61 64 66 72 75 81 83 88 98 
107 113 114 115 116 120 122 123 124 125 129 146 
148 151 153 156 161 168 175 183 199 
61
2 4 7 10 11 20 22 25 26 30 32 36 
40 43 46 47 51 53 58 71 75 77 84 89 
93 94 97 103 104 105 106 107 109 112 113 116 
122 123 125 126 129 130 136 139 140 141 149 159 
160 162 164 166 168 178 184 185 186 192 195 196 
200 
57
1 4 7 9 17 23 28 30 31 37 42 43 
52 55 57 59 69 73 74 78 87 89 90 92 
93 96 101 102 104 106 107 111 115 118 121 139 
144 147 148 149 151 152 153 159 161 163 165 167 
168 175 184 186 188 194 196 198 199 
59
1 3 6 8 10 12 13 24 29 30 32 33 
36 42 45 53 55 56 58 61 63 64 65 67 
68 75 80 86 87 88 89 91 94 99 100 102 
105 107 112 117 122 127 134 141 147 149 160 165 
169 171 173 175 177 179 184 185 195 196 197 
60
6 7 10 11 14 27 34 35 36 37 42 44 
45 47 51 57 58 62 63 64 65 66 69 72 
75 81 83 85 89 94 99 101 103 107 113 119 
124 126 127 130 134 137 138 140 141 145 146 147 
148 149 156 165 167 168 177 179 182 183 189 200 
61
4 6 7 8 17 18 23 28 29 34 37 38 
39 43 45 46 51 52 58 72 74 76 79 80 
81 85 86 92 103 104 107 114 115 118 119 120 
121 127 131 136 139 141 144 147 150 152 154 157 
158 160 161 162 163 170 171 178 185 190 197 199 
200 
67
3 6 8 10 11 12 13 16 23 24 26 27 
30 34 35 38 39 40 41 45 53 54 60 62 
66 73 76 82 89 91 92 95 97 98 104 106 
107 112 113 114 116 117 123 125 126 128 130 131 
132 133 144 145 148 152 153 157 158 165 167 168 
170 176 187 193 194 198 200 
68
1 7 12 17 21 24 31 36 39 44 45 46 
47 59 62 64 65 67 69 70 72 74 80 81 
82 83 88 94 97 99 102 104 105 107 112 115 
120 121 122 123 129 132 136 137 138 139 141 143 
146 150 151 153 155 157 159 162 163 165 166 171 
174 178 180 185 189 190 192 196 
60
2 7 11 14 18 31 36 37 39 41 46 49 
51 53 54 65 66 72 81 83 94 95 99 102 
103 105 107 109 111 114 118 119 122 125 126 128 
130 134 135 141 144 149 151 152 153 156 157 158 
159 162 168 179 186 187 188 190 192 193 195 199 
72
4 5 8 9 13 14 15 17 25 26 29 31 
35 38 41 44 48 50 51 53 57 59 60 63 
66 67 74 76 78 85 91 93 103 104 108 116 
117 118 119 120 121 122 125 126 130 132 133 135 
136 137 139 144 145 146 155 163 165 169 170 171 
172 174 176 177 179 180 181 184 185 186 191 199 
75
3 4 6 8 10 15 20 22 24 29 30 32 
35 39 42 52 60 61 62 68 71 72 76 79 
81 83 84 85 86 88 89 91 93 98 101 104 
105 106 107 109 110 111 115 116 117 120 131 132 
134 138 147 150 153 155 156 159 160 164 165 166 
167 173 176 178 179 181 182 184 185 187 190 191 
193 196 197 
63
3 4 7 9 10 19 20 25 32 34 35 46 
47 49 51 55 58 65 67 69 71 74 76 79 
84 88 93 95 102 103 107 110 114 115 119 120 
123 124 127 130 131 132 133 145 147 148 151 152 
153 154 156 158 163 165 172 174 175 176 186 188 
190 196 199 
51
1 2 4 6 7 8 13 22 24 25 29 30 
35 41 46 52 57 63 65 75 78 82 88 94 
97 103 105 118 119 121 123 125 128 134 139 143 
148 151 157 165 168 172 173 174 178 181 183 190 
191 192 196 
66
1 2 9 11 15 17 29 31 34 35 46 47 
49 52 56 57 58 62 63 65 67 70 74 75 
76 77 80 82 84 86 89 92 97 104 110 113 
115 117 120 127 130 133 137 140 142 145 148 157 
158 159 165 166 167 170 175 179 180 183 186 189 
191 192 194 196 197 200 
60
2 4 6 10 12 15 22 23 24 32 34 35 
40 41 45 55 56 57 58 66 69 70 71 72 
75 76 80 85 88 95 96 97 101 105 112 114 
117 120 125 127 131 138 140 143 144 146 147 150 
153 155 161 169 171 175 180 181 184 187 189 191 
64
1 4 10 11 13 16 19 20 25 27 32 44 
46 47 51 52 60 62 67 69 71 72 73 74 
75 77 80 83 84 87 91 93 95 96 98 100 
106 110 111 113 125 129 130 131 133 135 136 138 
143 150 152 153 154 156 161 164 177 183 185 187 
192 193 194 195 
60
2 8 10 11 15 19 22 45 47 48 49 51 
52 54 60 61 63 64 75 76 77 82 89 96 
97 101 102 103 106 107 109 110 112 113 118 119 
122 126 128 130 139 143 144 150 152 158 162 176 
181 183 184 187 190 191 192 193 195 196 197 200 
53
2 5 8 16 22 23 25 26 28 32 40 41 
42 46 52 53 55 60 61 72 78 81 85 87 
93 95 106 108 109 114 119 122 126 127 131 133 
136 144 152 155 157 164 175 180 183 185 186 188 
189 196 197 198 200 
61
1 2 7 12 14 19 20 21 22 25 27 31 
35 44 49 54 55 61 70 72 79 80 81 84 
87 90 91 94 103 105 107 111 114 119 122 132 
135 143 144 150 153 157 162 164 165 166 169 171 
173 174 175 180 182 183 186 187 190 191 194 197 
198 
63
4 5 15 17 18 32 35 36 39 40 43 46 
47 49 55 56 61 62 63 73 82 83 84 85 
90 92 94 98 102 107 108 115 125 126 127 134 
137 138 139 142 143 146 147 149 151 155 160 163 
164 168 169 172 176 179 183 186 187 188 189 191 
192 197 200 
47
12 15 23 27 31 45 50 52 53 55 57 61 
62 63 64 66 75 83 88 90 95 96 97 100 
105 106 111 114 115 133 135 137 143 144 147 155 
163 164 166 173 174 175 176 185 189 190 192 
54
1 3 4 10 13 15 16 20 22 23 24 26 
27 28 33 40 47 49 50 52 55 56 62 63 
68 69 78 81 83 86 96 98 99 102 104 105 
106 109 123 132 139 145 147 150 157 161 172 178 
184 186 190 198 199 200 
60
3 9 10 11 12 14 18 19 25 26 37 39 
40 44 45 46 48 52 64 67 68 69 73 79 
80 81 84 88 100 105 111 113 120 121 123 124 
125 131 137 138 141 152 155 157 159 160 166 167 
168 174 178 180 182 183 185 189 192 193 195 200 
51
5 6 8 12 15 23 24 42 47 50 53 59 
65 66 67 72 75 78 79 82 84 103 110 116 
117 118 121 122 123 127 129 134 136 139 140 142 
145 146 152 153 154 156 169 174 180 181 184 193 
195 196 199 
70
7 8 13 16 17 19 20 22 28 29 30 32 
33 39 42 49 55 63 67 70 71 75 77 80 
81 85 91 92 94 95 97 100 101 102 111 113 
116 117 120 121 122 124 125 130 132 134 135 139 
141 144 147 149 150 151 157 159 160 161 165 168 
172 173 175 176 178 179 183 193 194 196 
61
1 16 20 23 24 29 30 36 39 42 51 53 
55 56 57 59 63 68 76 77 79 83 88 95 
96 98 100 102 103 112 113 118 121 122 124 125 
128 131 135 136 142 144 145 149 153 155 157 159 
160 164 166 170 172 176 182 190 191 194 197 198 
200 
56
1 2 4 8 9 10 16 21 26 33 35 36 
38 39 40 41 46 49 50 53 64 66 67 74 
77 98 103 108 109 112 115 118 119 122 127 131 
134 136 137 138 140 150 158 161 164 166 167 170 
172 176 181 184 185 188 192 195 
66
1 12 13 16 17 25 27 28 33 34 35 38 
39 43 45 56 57 61 64 68 69 71 74 78 
79 82 83 84 90 95 96 97 104 108 112 119 
120 121 122 124 127 128 131 133 135 141 148 151 
153 159 161 163 165 168 170 171 172 177 180 181 
183 187 189 193 195 196 
59
7 9 14 15 18 21 22 23 24 31 35 43 
44 45 46 47 52 59 61 65 67 73 74 76 
77 78 85 87 94 96 100 103 104 106 110 111 
113 114 119 120 125 127 133 135 137 143 149 150 
154 156 162 163 165 172 175 176 179 183 193 
53
4 6 8 10 13 18 19 23 25 29 31 40 
45 47 64 65 70 72 74 87 93 94 95 97 
99 104 105 107 109 112 118 123 131 133 135 150 
151 156 160 163 164 165 167 168 169 175 176 177 
181 183 193 199 200 
77
3 4 5 12 16 17 18 19 20 21 25 27 
32 35 36 37 41 42 43 44 48 54 56 57 
59 61 62 63 65 66 67 72 73 75 77 78 
79 80 90 97 102 103 109 115 119 120 122 132 
133 135 136 145 147 148 150 151 152 153 155 157 
158 159 160 165 168 171 174 176 177 178 180 182 
183 189 194 196 197 
54
1 2 6 9 11 16 21 22 26 28 29 30 
39 41 48 53 54 56 57 58 59 63 69 70 
76 78 79 107 109 110 111 123 127 129 134 139 
140 143 146 155 167 168 170 173 175 177 178 185 
187 190 193 196 197 198 
50
1 5 12 15 18 19 20 25 28 32 34 50 
54 55 56 69 75 76 87 93 94 105 106 111 
120 124 128 133 134 135 139 141 144 147 150 152 
154 159 160 162 168 170 171 176 177 185 188 192 
197 200 
68
8 9 12 14 18 22 24 25 27 28 29 30 
36 37 40 41 44 49 55 65 72 75 84 86 
91 96 97 99 107 110 112 114 117 118 120 121 
122 125 132 134 135 136 139 142 144 148 149 150 
154 155 156 158 159 160 162 164 167 168 170 172 
173 176 179 181 184 185 189 199 
57
4 7 10 11 12 20 21 23 29 30 31 33 
35 37 38 39 42 52 54 65 66 70 72 74 
97 99 103 104 108 111 114 115 118 120 123 124 
127 128 132 133 135 145 148 149 152 153 161 164 
172 174 177 179 180 184 191 192 195 
56
1 2 6 7 8 10 22 27 28 29 33 37 
41 42 45 47 49 52 54 55 60 61 65 68 
69 71 72 82 84 93 94 97 101 102 110 112 
118 120 124 128 130 134 135 140 155 158 161 162 
165 169 170 177 184 190 194 195 
51
12 16 22 23 27 29 38 42 45 48 50 62 
75 78 83 85 86 89 93 96 107 108 112 113 
114 115 117 119 120 124 126 127 133 137 142 144 
145 148 151 153 158 161 163 169 171 177 182 191 
192 193 197 
63
3 5 8 9 19 22 23 29 30 32 37 40 
46 47 49 53 57 59 70 71 72 74 76 83 
84 85 92 96 100 101 102 104 108 111 124 130 
131 133 134 142 143 150 151 153 157 159 160 161 
164 165 166 167 171 179 180 182 185 187 191 192 
193 194 196 
54
7 8 9 20 23 24 26 37 39 42 43 44 
47 49 50 52 58 65 70 72 74 75 77 78 
86 89 92 103 104 105 111 113 114 119 120 123 
129 134 135 138 142 145 146 149 150 156 165 183 
184 191 193 194 196 200 
57
1 3 4 6 8 9 11 12 18 19 26 30 
32 34 36 40 46 47 51 53 54 57 67 73 
76 78 79 84 86 87 88 96 98 100 106 107 
110 114 116 117 119 121 124 128 131 132 139 143 
144 146 164 177 179 182 185 193 200 
64
5 6 7 8 11 13 16 26 28 29 30 35 
36 37 38 44 48 50 52 58 63 66 73 74 
79 81 82 86 87 93 99 102 106 115 119 122 
124 125 126 131 138 139 141 143 145 149 153 154 
155 161 162 164 173 174 177 178 180 183 184 188 
192 193 194 197 
55
2 4 11 12 13 24 25 26 31 32 34 38 
39 41 44 45 56 62 69 71 77 79 83 86 
91 92 95 98 100 103 104 106 112 117 119 125 
129 131 135 137 140 146 150 152 155 156 162 178 
182 183 190 191 192 194 197 
61
2 10 21 23 26 27 30 36 37 38 39 41 
46 47 50 52 53 58 59 65 68 69 72 81 
82 87 95 96 100 102 104 106 107 115 117 118 
124 130 131 135 137 141 144 147 152 158 161 163 
165 168 174 180 181 183 184 187 188 194 196 199 
200 
59
5 6 10 13 16 20 23 25 28 34 38 40 
42 53 57 59 66 67 68 69 72 73 74 77 
80 81 82 84 85 86 88 99 100 105 116 117 
118 124 129 131 133 134 144 147 152 153 156 158 
161 166 167 172 173 174 175 176 179 184 197 
55
2 5 6 9 11 12 13 14 16 20 23 25 
26 28 30 36 38 42 47 59 68 74 76 77 
81 82 83 85 90 114 125 126 130 134 137 145 
147 148 156 162 167 168 169 171 177 181 183 186 
189 193 194 195 196 198 199 
58
2 4 8 13 15 17 20 26 30 36 38 50 
55 60 63 66 73 75 81 83 92 93 96 98 
102 104 106 109 111 112 115 125 129 131 138 150 
152 153 154 157 160 168 169 171 173 178 181 182 
184 185 187 188 189 192 193 194 197 200 
47
7 11 17 20 21 23 25 29 31 35 37 38 
39 40 44 46 48 51 53 60 70 86 91 92 
96 98 112 114 119 122 136 137 143 151 155 166 
171 173 179 180 181 182 185 191 193 198 200 
59
1 11 14 17 18 20 29 33 35 42 47 51 
56 58 59 60 61 62 63 67 79 80 87 96 
104 106 108 110 114 115 118 119 120 122 125 129 
132 142 147 150 151 152 154 165 170 172 174 177 
178 182 183 185 191 192 193 194 195 199 200 
61
5 7 8 10 22 23 24 25 26 27 28 30 
32 34 35 37 46 48 54 63 67 69 70 76 
78 82 85 89 94 96 99 107 112 114 115 124 
130 131 132 138 139 140 142 145 148 149 155 161 
162 164 168 171 172 178 182 183 185 189 193 194 
196 
51
5 7 11 12 16 21 23 31 34 36 39 46 
47 49 54 55 61 62 65 67 69 84 85 86 
90 104 108 119 126 131 134 135 144 145 146 148 
156 160 161 163 164 166 168 171 173 175 183 186 
192 193 195 
70
4 5 6 7 8 10 11 15 16 18 24 26 
31 32 34 38 44 50 51 52 55 58 59 61 
64 65 76 78 79 80 88 92 95 96 98 99 
100 103 104 106 108 110 115 116 117 120 122 127 
132 137 144 145 146 153 156 162 163 167 169 171 
172 173 177 179 182 185 187 196 199 200 
65
2 7 11 12 14 16 22 23 27 29 31 32 
35 37 42 43 46 47 52 64 65 67 70 73 
75 77 79 82 86 87 90 92 93 94 97 99 
104 110 111 114 120 121 124 131 132 135 138 142 
144 149 150 152 160 165 167 169 174 175 176 180 
185 188 194 196 198 
61
5 6 22 28 31 32 34 35 39 41 42 46 
47 48 50 52 54 55 59 61 69 75 92 95 
98 99 100 103 106 108 111 119 123 124 125 130 
132 137 138 143 144 147 149 151 156 158 159 161 
166 171 177 178 181 182 183 185 187 192 193 195 
199 
48
9 15 19 25 28 33 34 38 39 45 46 49 
56 66 67 72 74 78 90 91 96 100 102 105 
108 111 112 120 123 126 130 131 133 135 149 158 
163 164 179 182 186 187 191 192 193 197 198 200 
67
3 8 9 13 15 17 18 22 26 28 30 31 
36 39 41 42 44 46 47 48 54 55 57 60 
65 68 70 71 74 75 77 83 93 94 95 97 
99 102 103 108 112 113 116 120 126 129 130 131 
134 140 145 148 149 151 153 154 158 164 165 169 
171 179 182 190 196 197 199 
54
1 6 8 11 13 18 20 21 22 27 30 31 
34 38 43 54 55 57 59 64 76 79 80 97 
99 102 103 104 106 109 110 112 119 121 127 129 
130 134 137 138 143 147 152 153 154 156 163 164 
166 178 182 185 190 197 
66
1 8 9 10 12 14 15 29 31 35 36 40 
42 43 49 53 57 59 60 76 77 80 81 92 
96 99 100 101 105 110 111 112 113 114 115 118 
120 121 122 123 129 130 136 138 142 147 151 153 
158 159 160 161 165 168 169 172 173 176 178 182 
184 185 186 188 191 200 
64
6 16 18 19 24 27 34 36 39 43 46 51 
53 54 55 56 57 64 70 78 80 82 83 84 
86 87 90 91 93 99 103 104 107 110 112 116 
119 120 122 124 125 128 138 140 141 142 144 147 
156 159 161 163 164 167 169 171 174 175 182 188 
193 195 197 200 
54
3 7 14 20 31 33 38 39 42 45 47 50 
53 61 65 67 69 78 81 83 88 97 102 103 
109 126 127 130 133 134 137 138 143 144 145 150 
151 153 154 155 160 161 162 163 165 169 170 171 
179 181 183 188 189 194 
65
2 5 9 11 13 19 23 24 25 27 29 34 
37 40 41 45 46 50 51 56 63 67 70 77 
78 80 82 86 87 88 92 94 96 100 102 103 
106 108 109 111 112 117 118 121 128 133 139 153 
156 160 163 164 166 167 170 171 175 181 183 188 
190 195 198 199 200 
61
2 3 9 14 18 24 26 28 29 33 37 43 
44 53 55 57 59 60 62 66 67 69 70 72 
78 83 88 90 94 101 105 106 107 110 113 114 
117 125 131 133 135 140 141 142 144 151 152 153 
163 164 168 177 178 179 181 182 189 190 193 197 
199 
62
7 8 9 14 15 16 17 19 20 21 24 26 
35 36 39 41 44 47 50 53 62 63 64 69 
71 74 78 80 81 83 92 94 96 97 98 101 
103 108 115 121 129 137 138 140 143 145 151 152 
153 154 158 161 163 165 169 182 186 190 192 194 
195 199 
56
4 7 10 15 21 23 24 28 31 32 33 37 
42 45 46 55 69 72 76 80 81 84 87 95 
96 101 104 106 111 114 115 116 118 122 129 130 
133 135 142 143 148 149 152 157 160 161 163 168 
173 175 182 185 186 187 190 193 
68
1 4 5 17 18 20 22 26 28 30 31 37 
39 42 43 44 47 49 50 56 57 59 64 65 
71 74 76 77 78 81 83 90 91 93 98 100 
111 112 113 114 119 122 123 124 125 127 131 137 
138 140 142 144 146 149 152 154 158 160 162 164 
166 170 174 175 188 196 198 199 
56
11 18 24 26 28 34 40 45 46 48 53 60 
61 67 68 70 71 72 76 78 80 82 83 89 
91 99 103 104 111 119 123 126 130 131 138 141 
142 147 148 154 164 166 167 170 177 178 179 180 
186 188 189 190 192 193 195 198 
68
1 5 8 10 11 13 14 17 25 29 30 31 
32 33 36 37 39 43 48 51 52 54 55 58 
59 66 70 71 72 75 76 78 79 80 84 86 
89 90 95 99 100 101 107 109 120 122 123 126 
128 138 141 142 144 145 149 150 154 155 157 159 
161 168 173 175 187 188 190 194 
60
8 11 12 15 18 19 20 23 25 26 27 31 
36 39 42 47 52 54 57 59 60 65 68 73 
81 85 88 92 95 96 100 103 104 105 108 109 
112 116 120 133 139 141 144 146 149 153 154 156 
157 159 164 166 169 175 178 181 188 197 198 200 
62
5 11 12 16 22 32 40 41 44 45 46 49 
50 53 56 58 64 65 68 69 70 75 77 79 
82 83 84 89 91 98 104 112 115 117 119 120 
123 124 125 127 128 129 131 133 136 142 146 150 
152 153 155 157 160 161 163 170 171 174 180 185 
187 189 
62
8 15 17 24 26 27 28 29 39 41 43 46 
49 52 55 63 70 71 75 83 84 85 89 91 
92 93 94 95 97 99 102 104 106 107 113 118 
122 123 125 129 131 141 143 148 151 153 154 155 
161 163 165 168 176 179 182 183 185 189 193 195 
198 199 
64
2 4 7 8 10 12 13 19 20 21 25 27 
28 30 31 33 37 42 43 50 51 53 54 63 
64 67 76 77 79 83 84 85 91 93 94 96 
98 104 107 115 117 118 124 125 129 138 146 149 
152 154 157 164 165 168 176 178 179 180 181 182 
190 195 196 199 
55
3 11 13 15 17 18 20 25 34 44 58 59 
69 73 74 76 77 81 85 86 95 96 100 104 
106 110 115 120 123 125 131 133 141 142 143 147 
156 158 165 167 168 169 170 172 177 180 183 186 
187 189 191 194 195 196 198 
56
2 4 7 14 15 18 23 25 29 32 34 40 
43 45 47 50 51 55 56 57 65 66 67 72 
73 82 86 88 89 90 93 94 99 102 112 115 
116 125 127 142 145 150 163 166 168 171 175 178 
181 184 185 187 188 191 194 195 
64
2 7 10 18 21 25 31 37 38 39 42 50 
53 60 62 74 77 83 84 85 86 90 94 98 
100 106 108 110 112 113 115 117 118 121 122 123 
126 127 128 132 134 135 140 141 143 147 148 149 
155 156 159 167 168 169 172 175 177 180 183 184 
189 192 193 196 
59
4 6 7 8 12 13 16 21 22 26 28 35 
36 37 39 50 53 54 55 62 64 67 70 85 
91 98 101 104 107 108 110 111 113 114 116 126 
132 133 142 143 146 147 153 156 158 161 165 167 
170 171 175 178 179 182 184 185 195 196 198 
65
1 4 5 6 7 10 11 12 13 21 22 23 
27 28 33 36 42 48 54 59 62 63 65 71 
73 77 80 83 94 95 99 101 105 107 110 111 
112 116 119 123 132 134 135 139 140 143 147 150 
153 156 162 165 166 168 172 173 175 176 179 180 
183 184 186 198 200 
62
2 3 9 10 14 17 23 24 25 27 32 33 
35 36 41 45 46 47 48 56 59 61 64 66 
69 72 76 77 78 80 82 86 87 93 104 107 
110 113 114 117 122 123 129 131 132 133 135 148 
150 153 156 160 161 163 164 165 171 173 178 180 
182 197 
58
2 3 4 7 9 14 16 17 18 21 25 27 
28 34 43 46 50 51 53 55 58 66 71 72 
74 75 85 92 99 100 105 108 109 117 118 119 
127 130 132 134 137 141 143 145 155 158 159 160 
161 162 165 167 178 182 183 192 198 199 
58
3 5 6 7 10 11 14 15 17 19 23 26 
28 29 30 35 37 42 44 50 55 59 65 68 
70 72 73 74 77 80 83 84 85 86 87 98 
100 101 124 125 131 133 135 136 143 153 155 158 
164 165 166 174 177 181 190 196 198 199 
65
1 6 7 8 9 14 15 17 18 19 20 21 
23 28 32 34 37 38 40 41 43 64 65 70 
72 82 86 88 91 92 95 98 100 101 108 115 
117 120 121 125 126 133 135 136 139 142 143 145 
146 155 156 158 159 162 168 171 172 176 180 185 
188 190 193 194 200 
51
2 4 6 8 14 16 26 27 33 36 38 43 
44 46 50 54 66 67 70 71 79 85 90 91 
92 94 98 100 104 105 111 116 122 125 138 141 
146 149 152 154 161 165 176 178 181 182 183 184 
186 191 193 
55
7 11 17 19 30 37 42 44 46 47 50 52 
56 58 62 66 67 71 73 78 84 85 88 92 
95 97 101 105 110 116 118 119 124 125 127 129 
133 137 146 147 151 157 160 163 164 166 167 169 
170 171 175 182 183 193 196 
63
7 9 11 13 16 21 23 37 38 44 47 51 
55 61 62 64 65 66 68 73 74 78 80 81 
84 86 88 90 94 95 99 101 102 104 113 114 
115 120 122 123 124 125 126 132 133 134 136 137 
145 146 147 156 158 160 165 170 172 174 175 182 
185 195 198 
74
3 5 7 9 11 13 14 15 17 19 24 32 
33 37 42 49 51 52 57 66 70 80 90 93 
94 99 101 102 104 109 110 114 115 117 120 123 
125 128 130 134 135 137 138 139 140 141 142 143 
145 146 147 148 156 157 160 164 165 167 168 169 
172 173 174 175 177 181 183 184 187 188 192 195 
197 199 
59
2 4 8 12 13 16 22 23 26 28 31 34 
35 36 42 43 47 48 51 58 60 64 65 66 
70 71 73 80 85 86 90 92 94 95 101 102 
108 109 116 122 130 132 133 138 141 149 160 163 
168 169 172 173 174 175 184 187 188 195 196 
57
8 9 10 14 21 28 32 35 36 37 39 40 
43 46 47 50 55 59 62 64 75 79 80 87 
89 90 91 92 94 95 96 109 116 118 122 124 
130 134 137 138 141 147 148 152 161 162 171 172 
177 178 179 187 192 196 198 199 200 
