200 400
1 1 1 1 1 1 1 1 1 1 1 1 
1 1 1 1 1 1 1 1 1 1 1 1 
1 1 1 1 1 1 1 1 1 1 1 1 
1 1 1 1 1 1 1 1 1 1 1 1 
1 1 1 1 1 1 1 1 1 1 1 1 
1 1 1 1 1 1 1 1 1 1 1 1 
1 1 1 1 1 1 1 1 1 1 1 1 
1 1 1 1 1 1 1 1 1 1 1 1 
1 1 1 1 1 1 1 1 1 1 1 1 
1 1 1 1 1 1 1 1 1 1 1 1 
1 1 1 1 1 1 1 1 1 1 1 1 
1 1 1 1 1 1 1 1 1 1 1 1 
1 1 1 1 1 1 1 1 1 1 1 1 
1 1 1 1 1 1 1 1 1 1 1 1 
1 1 1 1 1 1 1 1 1 1 1 1 
1 1 1 1 1 1 1 1 1 1 1 1 
1 1 1 1 1 1 1 1 1 1 1 1 
1 1 1 1 1 1 1 1 1 1 1 1 
1 1 1 1 1 1 1 1 1 1 1 1 
1 1 1 1 1 1 1 1 1 1 1 1 
1 1 1 1 1 1 1 1 1 1 1 1 
1 1 1 1 1 1 1 1 1 1 1 1 
1 1 1 1 1 1 1 1 1 1 1 1 
1 1 1 1 1 1 1 1 1 1 1 1 
1 1 1 1 1 1 1 1 1 1 1 1 
1 1 1 1 1 1 1 1 1 1 1 1 
1 1 1 1 1 1 1 1 1 1 1 1 
1 1 1 1 1 1 1 1 1 1 1 1 
1 1 1 1 1 1 1 1 1 1 1 1 
1 1 1 1 1 1 1 1 1 1 1 1 
1 1 1 1 1 1 1 1 1 1 1 1 
1 1 1 1 1 1 1 1 1 1 1 1 
1 1 1 1 1 1 1 1 1 1 1 1 
1 1 1 1 
39
22 32 46 47 49 51 58 74 91 141 143 166 
176 206 207 221 226 228 269 270 271 272 273 282 
285 291 295 296 305 306 311 328 334 346 348 373 
386 398 400 
36
21 23 36 58 80 98 108 114 120 127 128 142 
147 167 195 205 209 210 213 238 239 251 254 255 
264 275 279 280 291 295 310 316 317 323 351 386 
38
7 10 12 14 23 28 39 50 82 87 93 108 
121 124 135 168 175 183 193 221 237 240 243 249 
255 269 271 272 281 300 305 315 328 330 363 367 
376 388 
33
13 17 19 20 35 76 86 110 133 167 172 174 
180 201 203 207 217 220 223 224 238 250 267 283 
292 300 301 314 315 345 369 383 395 
42
8 27 40 42 48 60 65 67 69 76 78 93 
98 105 121 124 129 134 148 151 158 164 181 184 
193 198 222 228 231 257 261 264 283 292 296 305 
322 330 334 346 364 368 
40
8 17 22 24 27 44 58 66 73 94 100 106 
140 158 173 183 187 192 199 205 215 217 231 235 
243 255 273 274 279 300 304 307 319 320 332 349 
363 370 390 394 
46
11 15 18 19 39 42 70 76 94 100 107 118 
126 154 161 168 170 173 178 194 206 209 221 223 
241 244 256 262 270 272 280 284 292 295 296 304 
313 320 323 333 355 369 377 378 392 400 
39
1 10 11 18 19 40 52 53 57 65 69 79 
86 91 102 122 154 162 176 198 202 218 220 245 
256 266 272 280 289 295 315 319 343 362 368 373 
382 389 397 
45
17 21 22 55 57 79 85 87 88 90 95 102 
107 121 139 140 142 152 164 165 168 169 173 185 
206 208 217 222 241 247 256 273 288 304 318 329 
337 338 340 342 348 356 359 385 397 
42
5 10 17 27 35 47 69 72 88 91 93 111 
122 155 157 165 172 178 180 194 201 226 234 250 
258 261 263 275 279 286 301 308 310 332 333 335 
344 362 363 369 376 382 
48
2 5 8 11 19 24 26 41 49 50 57 67 
71 74 92 136 140 142 161 165 175 188 203 205 
212 214 215 233 247 254 255 256 260 264 269 277 
281 297 301 324 325 330 336 337 350 353 364 398 
36
22 25 26 27 33 34 39 45 71 82 94 121 
125 158 167 168 185 191 204 207 244 249 306 307 
311 333 335 339 342 354 368 373 376 384 385 390 
36
31 51 56 57 60 82 128 131 159 162 165 168 
207 208 222 225 230 242 257 260 262 274 291 300 
327 328 329 330 331 333 347 366 370 371 379 384 
35
3 39 79 88 96 104 136 137 143 174 175 180 
190 200 204 226 243 255 266 268 271 272 292 299 
319 327 329 335 351 359 365 369 371 374 400 
49
8 14 34 65 69 74 82 91 94 101 106 110 
114 117 125 140 147 153 165 171 180 185 193 196 
201 202 204 211 228 231 234 252 278 280 282 291 
310 315 321 325 328 351 356 368 369 375 381 385 
386 
48
12 28 42 49 61 65 88 91 105 109 123 126 
144 151 173 185 188 200 202 207 212 219 225 237 
239 252 254 259 260 274 305 310 313 317 319 321 
327 339 340 344 360 364 376 383 385 387 390 396 
32
16 23 39 54 65 68 91 103 106 119 128 138 
146 161 183 187 195 203 204 207 213 224 249 265 
285 288 307 326 337 346 361 363 
35
5 9 13 19 30 35 52 64 73 77 79 85 
102 104 111 116 134 186 212 226 228 244 247 252 
272 295 308 313 315 322 339 344 373 374 391 
40
21 30 45 46 61 85 87 88 89 92 108 109 
113 124 127 135 171 183 187 200 208 221 231 244 
250 253 261 269 293 306 308 313 327 331 336 339 
340 348 364 390 
35
9 14 16 31 53 63 92 113 115 118 124 131 
191 195 196 211 214 241 251 254 255 279 287 291 
293 308 314 319 330 339 345 354 374 391 397 
37
7 24 31 39 60 65 79 93 94 110 116 124 
133 143 155 157 159 164 192 196 209 211 227 228 
235 240 275 286 301 307 311 315 322 339 343 358 
361 
46
3 5 31 36 47 56 59 83 91 102 110 114 
119 134 144 170 179 192 214 217 219 246 247 248 
250 260 264 266 272 282 290 298 302 306 308 315 
326 343 354 356 358 371 372 387 390 397 
31
10 32 34 56 59 67 74 81 92 145 158 179 
195 204 222 234 257 278 293 303 327 333 344 351 
357 359 367 382 384 394 395 
39
4 5 6 17 19 22 45 70 75 95 105 118 
119 130 151 154 173 176 177 188 220 228 238 243 
249 252 258 275 281 282 300 319 326 327 347 363 
366 368 380 
40
33 35 38 43 63 66 82 94 107 113 115 118 
166 170 183 188 191 204 207 221 235 237 265 278 
284 285 298 299 304 317 318 324 342 366 367 369 
375 379 381 386 
33
6 18 27 28 33 34 36 67 68 94 97 98 
104 107 119 162 189 232 243 259 264 275 277 307 
314 315 323 328 352 355 357 376 378 
42
9 13 16 17 22 24 26 32 46 48 53 90 
105 107 115 119 120 142 158 163 202 204 222 228 
229 238 246 247 260 265 267 280 295 299 300 301 
328 330 340 346 370 377 
46
2 3 19 29 33 41 42 46 50 51 61 66 
68 83 105 113 130 145 155 159 161 164 198 203 
204 209 220 227 233 244 254 258 260 261 263 271 
275 279 283 325 326 338 341 348 382 386 
37
7 15 16 33 42 56 60 62 69 81 92 133 
140 167 188 204 206 213 215 230 259 266 271 279 
292 296 300 310 331 345 353 356 362 384 386 391 
400 
35
8 23 71 72 95 101 103 105 120 131 160 173 
183 214 217 226 229 235 240 255 265 279 287 290 
294 309 315 325 332 339 362 378 392 393 399 
39
4 18 58 70 78 99 113 118 133 151 156 165 
183 186 187 195 206 209 215 221 277 284 290 291 
304 310 311 314 325 326 332 342 353 356 381 385 
389 390 400 
35
1 15 29 32 34 36 41 49 55 85 101 116 
123 136 145 151 152 164 168 172 178 180 222 237 
240 255 265 272 277 289 320 357 373 378 386 
40
29 46 48 53 55 74 92 128 150 153 159 167 
169 170 172 181 209 212 217 226 227 230 234 236 
239 252 267 275 278 285 292 296 314 318 325 339 
351 356 384 387 
44
5 16 17 20 34 71 83 90 94 102 114 119 
121 127 130 135 137 138 147 150 180 201 205 244 
247 259 267 274 293 300 301 303 305 315 327 346 
353 355 358 360 368 377 394 397 
38
15 27 54 55 84 115 117 127 128 154 159 164 
175 176 181 202 210 224 235 241 243 245 259 273 
287 290 298 313 315 321 327 340 342 355 362 367 
388 394 
40
1 11 14 30 34 35 47 50 66 69 75 96 
100 108 122 125 129 134 139 150 152 167 199 233 
236 271 283 296 324 336 340 350 352 361 372 376 
377 392 397 399 
34
9 18 28 72 95 98 103 111 115 138 154 159 
185 190 223 231 234 241 243 244 253 268 274 285 
291 307 309 310 312 345 378 379 383 391 
35
2 3 8 9 13 20 25 35 63 79 80 91 
99 103 121 143 148 160 167 194 204 216 226 245 
250 253 266 267 290 291 348 370 376 382 394 
37
17 18 19 24 33 46 58 70 73 81 90 92 
103 108 123 127 134 142 148 169 183 188 202 212 
215 252 261 268 275 291 303 322 325 340 363 366 
391 
45
3 13 19 40 55 64 69 70 101 102 104 112 
130 131 145 162 173 174 184 193 198 210 212 213 
215 216 224 231 234 238 242 248 256 259 271 274 
276 298 309 310 346 352 361 389 390 
44
5 9 15 22 44 60 64 76 94 118 136 143 
153 154 156 185 195 197 198 203 208 215 216 218 
230 243 246 257 259 264 266 276 279 286 297 305 
335 347 367 371 379 380 386 387 
26
21 35 73 89 98 134 137 139 153 180 185 192 
224 225 226 230 253 296 309 312 320 363 369 391 
392 396 
49
4 12 14 21 35 57 72 87 93 97 99 134 
137 140 163 164 165 171 175 176 178 186 189 199 
202 209 219 226 228 233 234 237 244 246 252 255 
262 263 295 302 304 313 319 324 329 341 355 361 
383 
37
15 20 26 28 37 40 70 79 100 113 128 140 
158 169 173 188 192 200 212 221 226 233 242 252 
263 269 278 279 281 283 296 305 326 335 345 362 
395 
42
1 8 10 31 46 49 62 79 84 91 121 127 
139 145 147 161 172 179 185 186 188 195 198 220 
226 232 239 246 253 273 292 310 320 325 336 337 
346 349 353 365 368 400 
50
3 14 24 31 40 52 59 63 68 72 83 87 
94 106 110 114 122 138 139 145 147 154 155 157 
200 208 212 221 233 240 241 244 254 276 277 280 
283 286 300 306 311 314 316 317 336 354 362 368 
381 398 
36
11 28 30 40 43 54 62 66 102 105 109 110 
111 119 138 139 145 147 160 162 231 237 242 246 
265 278 283 291 341 342 357 364 375 387 388 399 
40
32 47 50 66 91 102 111 113 116 121 124 134 
142 146 174 205 209 219 222 226 235 247 251 262 
276 296 324 327 330 333 341 342 346 347 361 379 
382 387 388 398 
41
7 47 51 70 74 76 79 84 86 89 91 99 
100 103 117 118 125 142 156 158 161 163 165 196 
220 225 249 266 281 285 293 295 299 322 343 344 
347 354 374 384 396 
47
3 16 22 30 43 44 51 57 61 67 69 75 
82 96 98 105 106 112 130 139 142 147 151 161 
198 216 231 248 257 264 268 272 279 288 292 293 
324 327 338 342 349 353 355 359 376 383 385 
27
35 65 101 102 117 123 154 163 177 190 203 206 
210 225 226 229 237 265 269 287 306 319 323 343 
348 364 378 
46
1 2 7 11 12 17 24 25 29 32 65 69 
90 99 105 123 125 136 138 158 167 172 178 181 
193 198 213 230 236 255 268 273 279 282 290 293 
311 316 328 331 335 336 343 346 373 395 
49
2 6 12 18 36 44 50 52 61 74 76 77 
79 98 108 111 142 143 149 161 164 165 168 183 
186 190 195 211 216 222 233 243 245 247 251 261 
265 273 274 277 295 308 309 328 346 349 366 372 
398 
45
7 14 17 51 70 77 93 100 103 106 111 161 
162 167 175 178 184 185 187 192 196 206 231 238 
240 245 269 272 284 289 295 303 323 328 330 338 
342 343 355 357 359 366 374 395 397 
49
2 8 11 14 18 24 37 42 46 48 52 59 
63 67 68 73 76 78 80 97 99 111 113 114 
115 123 124 129 142 146 165 174 184 203 213 222 
231 237 242 254 267 306 314 317 376 379 382 387 
392 
33
1 3 18 27 33 52 63 74 82 117 167 172 
183 184 194 199 200 211 216 218 242 262 265 266 
270 302 339 350 368 373 386 393 394 
50
7 35 37 50 53 91 109 117 122 128 132 134 
139 145 162 166 192 197 204 205 218 227 232 238 
239 242 243 259 260 268 290 305 309 312 318 321 
322 327 328 332 338 339 341 346 360 368 369 396 
399 400 
25
20 21 52 53 68 107 112 159 189 192 195 223 
244 254 255 269 275 287 305 327 336 337 356 388 
395 
40
1 11 15 18 22 29 36 54 78 87 90 94 
95 109 110 123 124 128 134 140 142 188 213 214 
222 231 238 246 254 268 285 287 291 299 327 331 
354 363 375 400 
31
8 12 58 96 98 119 144 147 157 178 196 224 
236 237 245 246 250 258 273 287 296 309 310 323 
331 341 344 345 349 380 391 
36
9 12 16 24 34 40 45 51 60 65 67 69 
99 101 103 111 132 141 145 160 163 198 221 224 
228 239 263 270 274 281 286 302 312 378 392 400 
39
5 31 53 55 64 67 69 70 84 88 120 147 
169 198 199 205 216 221 225 233 243 271 290 292 
303 304 308 316 324 334 346 351 354 373 375 377 
380 383 397 
30
1 22 24 32 36 40 60 72 88 106 116 123 
125 129 132 166 207 208 219 222 227 228 268 283 
308 346 354 361 378 393 
50
5 14 16 20 34 38 60 65 75 85 89 101 
104 114 121 128 132 138 140 153 188 204 221 224 
225 230 232 257 268 269 278 279 291 298 303 314 
319 322 333 336 339 340 342 363 377 387 394 395 
396 397 
41
6 14 16 24 30 32 37 56 61 69 73 78 
89 93 95 100 131 134 149 161 172 201 208 217 
227 244 253 258 267 272 285 288 297 304 308 314 
325 361 386 388 392 
41
16 23 28 33 53 65 68 103 118 126 134 141 
147 154 158 166 170 203 207 226 227 229 231 240 
258 263 266 270 284 305 331 337 344 352 357 364 
374 387 394 395 397 
45
6 18 28 32 37 42 52 60 63 74 78 84 
120 122 125 138 140 157 164 165 169 183 188 213 
219 220 235 236 244 252 256 285 300 302 306 310 
315 319 323 330 359 376 383 384 397 
35
4 6 32 33 77 108 110 115 120 124 130 136 
149 186 202 218 228 229 232 239 246 262 269 289 
299 302 311 321 331 351 356 359 384 386 398 
42
4 15 24 34 38 58 69 80 82 85 89 91 
100 107 116 125 142 145 167 169 190 195 197 198 
210 212 218 241 246 254 263 268 271 304 306 312 
315 319 331 370 377 378 
53
4 7 8 16 18 34 41 43 49 52 57 62 
68 71 79 88 90 96 104 116 132 138 157 159 
165 168 169 194 211 214 222 226 234 246 250 257 
263 281 287 296 299 302 305 330 339 342 346 356 
358 371 376 393 396 
38
34 40 41 44 69 73 79 87 100 104 118 123 
132 144 167 178 188 193 194 212 221 224 233 242 
281 290 303 304 308 309 316 333 337 346 364 381 
397 398 
29
3 8 64 66 82 89 131 137 174 176 188 209 
242 248 257 283 285 286 326 327 329 331 335 349 
360 381 387 392 393 
40
6 9 11 13 16 21 45 81 84 91 96 111 
122 126 134 136 152 161 168 171 178 189 202 207 
212 223 227 237 251 256 261 293 299 327 328 344 
356 388 394 397 
29
21 38 64 82 89 90 100 119 134 146 157 174 
197 204 210 212 231 236 241 249 264 292 293 297 
301 335 387 396 400 
27
37 41 48 50 55 81 84 89 94 108 123 159 
171 185 186 212 242 257 268 282 299 306 324 340 
364 367 376 
46
15 18 22 34 41 45 53 55 73 87 93 112 
127 128 137 142 152 165 171 172 175 184 190 202 
208 225 235 241 253 256 272 273 297 301 312 315 
321 323 327 332 353 359 367 371 379 384 
30
2 6 27 42 51 80 99 122 124 132 137 165 
166 186 187 203 229 249 259 271 272 276 281 295 
311 329 336 348 349 372 
38
5 10 21 29 34 46 65 66 71 73 80 88 
107 109 113 137 142 148 152 168 180 185 216 221 
228 264 272 277 284 294 299 305 320 363 368 377 
382 390 
36
3 19 25 51 78 91 108 114 126 140 152 154 
155 169 174 188 192 198 202 208 248 257 258 283 
292 295 297 305 326 336 338 347 359 367 382 384 
39
6 26 30 34 42 65 89 104 148 149 170 188 
194 197 202 207 214 219 221 229 231 238 248 251 
253 262 269 289 290 301 305 318 340 356 361 362 
364 365 397 
37
9 18 23 27 42 50 54 78 91 103 117 124 
138 142 148 153 154 155 162 177 178 191 215 221 
235 246 247 255 263 270 283 292 293 329 337 360 
381 
38
3 11 22 26 39 41 58 64 65 67 69 72 
75 110 117 128 136 144 149 150 159 160 164 212 
217 237 240 248 253 269 272 291 314 316 321 323 
341 342 
32
29 44 49 56 82 101 126 128 147 167 172 180 
200 202 210 234 236 268 275 285 291 294 302 311 
317 341 344 348 351 353 370 385 
31
10 20 27 28 41 43 94 99 105 112 133 142 
146 155 170 214 222 227 244 272 298 306 324 328 
331 340 341 342 359 370 397 
48
2 26 28 30 32 35 39 52 54 59 61 69 
81 83 86 105 121 159 168 174 177 178 180 181 
186 202 208 210 211 214 227 230 238 247 251 268 
270 277 289 300 321 326 367 370 376 383 391 400 
42
11 23 30 51 54 57 62 77 78 96 97 123 
125 126 137 170 179 192 193 199 214 216 226 234 
256 271 272 281 303 304 308 337 343 348 349 355 
359 362 371 382 389 393 
36
1 4 29 52 84 89 95 100 103 104 137 146 
163 170 173 191 198 200 227 236 245 253 278 310 
311 326 336 343 346 356 359 367 378 384 396 400 
33
11 48 88 102 139 144 146 149 164 211 213 221 
222 244 256 259 270 275 277 281 314 328 330 333 
348 350 360 361 376 383 386 396 399 
45
2 4 5 13 21 31 46 47 64 66 81 90 
101 125 134 144 147 173 182 204 207 229 234 245 
249 259 270 271 310 315 316 319 321 328 339 341 
343 344 352 355 358 375 382 390 391 
42
21 26 36 53 59 60 75 93 120 123 125 136 
139 160 174 177 188 192 207 228 231 232 245 246 
258 275 277 288 290 294 295 299 300 321 342 351 
354 361 368 371 391 396 
43
13 19 27 28 39 40 44 71 76 92 101 103 
105 112 116 120 121 122 167 174 175 188 202 214 
230 242 245 266 281 285 287 288 303 324 333 349 
358 362 370 373 379 382 383 
33
3 8 19 34 38 51 55 74 89 97 102 114 
119 143 171 178 186 188 200 222 225 262 271 273 
284 294 300 301 324 342 359 362 373 
47
1 3 4 11 26 32 51 54 66 69 87 90 
122 126 127 129 142 147 158 165 173 181 183 197 
202 216 225 229 239 267 270 272 273 274 282 285 
308 310 327 330 352 355 361 362 370 396 399 
38
25 29 64 72 75 76 97 121 122 135 174 175 
183 187 218 219 222 224 231 238 239 244 247 248 
258 262 269 270 278 281 298 316 331 341 344 349 
350 376 
32
4 35 55 59 61 83 92 102 105 121 131 134 
137 141 168 219 239 249 267 271 284 314 324 326 
327 336 346 352 361 366 369 376 
42
1 8 12 25 49 57 61 65 75 135 145 151 
164 181 196 201 206 214 217 234 251 253 256 278 
279 288 296 304 311 323 331 334 337 339 343 369 
382 387 388 390 392 398 
43
4 8 24 52 54 55 61 66 74 78 86 97 
98 118 121 123 125 132 147 150 151 155 163 169 
173 174 176 188 204 224 253 257 261 272 283 300 
315 323 335 346 350 383 400 
46
8 12 15 30 33 42 55 65 81 88 90 94 
97 101 108 109 111 125 130 158 165 166 170 176 
189 209 211 213 228 233 243 261 269 284 286 287 
297 307 314 327 332 350 363 374 383 396 
37
14 25 56 67 75 91 98 100 115 135 144 148 
155 208 210 213 232 235 254 257 268 269 279 280 
295 298 299 305 314 316 356 364 366 372 379 381 
400 
32
25 49 51 54 76 78 94 96 127 129 192 205 
206 219 236 244 274 281 285 289 302 326 332 336 
340 342 348 352 354 365 369 383 
39
2 5 12 15 25 38 41 42 43 51 54 63 
70 72 78 122 138 153 180 185 191 209 211 218 
224 235 240 248 257 262 263 267 285 298 314 315 
326 330 347 
39
4 15 29 40 53 72 79 80 92 108 110 114 
122 131 132 142 157 167 179 193 197 200 203 209 
214 221 228 230 237 271 284 326 327 329 345 356 
359 362 387 
50
8 31 34 43 49 50 76 78 87 93 101 102 
106 121 127 134 142 170 177 188 199 212 222 223 
228 230 240 249 253 255 259 261 265 273 283 289 
299 300 307 308 314 324 336 341 344 348 356 358 
380 381 
28
18 29 32 38 42 51 53 104 111 135 146 148 
150 164 173 192 211 263 264 288 318 330 336 343 
354 361 387 397 
40
10 14 28 33 47 50 51 70 73 75 76 84 
110 127 131 134 143 147 178 191 224 226 229 230 
233 239 242 246 259 263 264 293 298 310 311 326 
352 356 358 400 
40
4 18 22 29 30 43 48 50 57 86 90 107 
111 130 134 140 158 160 173 184 186 201 217 223 
244 259 269 290 300 306 308 310 321 332 334 340 
350 356 359 382 
38
1 16 19 24 28 34 38 53 83 85 97 110 
126 134 136 150 170 179 218 220 227 232 241 257 
267 287 318 321 322 330 334 337 341 347 350 351 
394 395 
30
2 10 11 31 62 65 116 123 144 185 190 199 
213 218 221 235 239 243 257 281 286 287 314 331 
332 336 344 355 384 396 
33
1 3 11 49 61 73 82 114 128 136 138 144 
166 167 179 187 210 230 231 237 247 291 300 301 
313 343 345 360 362 363 386 395 396 
33
41 60 65 82 109 120 136 138 158 160 161 193 
194 202 204 208 243 250 257 270 276 279 282 297 
318 326 340 350 364 370 374 379 381 
39
7 38 49 51 58 113 117 120 123 134 153 154 
157 161 171 177 184 197 203 204 205 208 223 240 
269 271 282 286 294 302 330 336 338 339 358 367 
369 372 388 
38
11 33 50 55 88 107 113 130 131 138 139 146 
168 179 189 191 197 224 234 235 247 259 265 284 
286 290 321 322 336 350 355 356 365 369 370 378 
382 400 
40
40 46 56 77 81 90 99 102 105 113 131 145 
184 196 197 208 228 241 245 248 252 262 273 277 
285 287 295 298 300 303 309 333 353 355 362 368 
371 381 384 396 
48
1 7 9 16 26 38 42 59 71 75 82 83 
84 86 89 102 110 112 114 129 142 143 163 175 
185 198 201 205 222 232 246 284 294 301 306 307 
308 310 319 329 343 356 363 364 373 377 384 396 
43
9 29 59 77 78 87 104 106 111 126 138 151 
158 164 179 186 197 200 201 206 214 215 225 230 
240 246 252 262 271 288 295 298 303 319 323 333 
341 342 344 377 398 399 400 
41
11 23 34 36 41 42 45 49 54 56 65 67 
69 99 100 105 110 115 121 141 158 181 186 194 
212 227 232 246 256 264 289 306 312 322 343 349 
373 380 394 398 399 
42
4 10 31 33 41 48 54 55 58 62 65 68 
78 83 95 103 108 112 114 138 143 174 181 194 
208 213 220 230 239 240 252 253 292 301 313 332 
347 350 357 360 370 378 
35
13 26 39 49 56 82 88 92 99 105 116 120 
137 145 155 156 159 169 170 177 178 198 203 214 
223 229 246 247 340 354 371 377 383 392 396 
29
7 15 18 41 58 85 94 99 103 107 128 141 
147 158 163 165 195 196 212 221 241 277 286 327 
334 341 371 373 391 
43
19 21 35 57 59 61 64 70 79 90 98 104 
119 148 150 154 158 172 193 203 209 229 231 236 
242 247 250 257 267 294 297 300 301 330 347 350 
353 382 387 394 396 397 400 
33
3 6 20 30 53 68 72 79 83 87 93 96 
147 157 175 183 184 234 235 240 243 268 271 276 
278 298 312 328 349 354 368 376 400 
39
8 24 35 52 54 67 68 73 76 98 112 133 
145 147 155 168 171 175 186 202 231 253 256 257 
264 265 266 267 273 279 296 331 334 369 370 390 
391 393 399 
41
36 42 53 56 61 74 76 80 86 111 119 158 
163 173 191 195 205 210 219 222 245 248 259 264 
265 286 288 290 295 309 310 326 341 345 348 350 
353 354 360 384 399 
40
3 8 23 30 34 37 41 46 79 80 82 115 
118 134 135 136 149 158 165 170 171 172 185 198 
199 201 215 257 262 271 292 304 319 320 329 333 
350 356 379 387 
40
9 10 15 16 17 20 31 57 63 66 72 97 
100 110 114 117 135 151 185 193 196 198 209 218 
222 236 256 259 262 268 274 292 293 313 321 330 
359 366 372 378 
37
2 6 8 16 21 28 30 41 50 84 114 123 
134 142 148 156 176 182 184 187 199 206 216 234 
255 261 263 274 279 287 313 318 359 361 366 379 
382 
44
10 12 21 29 37 38 40 52 54 55 57 65 
79 84 91 98 109 116 142 150 151 166 173 196 
201 203 239 251 256 262 264 265 281 283 291 292 
300 301 302 306 359 386 390 391 
34
6 9 22 23 52 58 59 79 84 94 109 111 
112 124 150 178 180 231 232 241 245 252 302 303 
316 319 328 335 339 345 351 357 394 396 
40
25 30 40 44 50 51 52 66 71 84 96 112 
114 119 135 136 138 140 175 180 203 207 227 240 
247 248 250 256 272 273 284 293 317 338 345 351 
359 365 366 381 
38
12 31 43 51 66 75 80 83 86 87 92 96 
100 104 119 127 141 190 193 194 227 228 230 249 
260 263 269 302 305 306 324 349 352 366 378 379 
380 389 
52
8 13 18 19 26 60 63 64 79 81 93 95 
103 111 124 127 133 136 144 178 185 196 215 233 
238 242 246 248 249 259 264 274 277 281 283 289 
297 300 305 332 348 352 355 359 360 362 371 375 
388 391 393 400 
36
7 11 24 39 58 66 74 79 96 99 105 113 
115 121 130 138 143 144 152 166 192 197 219 224 
226 234 235 238 248 249 283 326 328 356 376 387 
42
1 2 10 15 61 68 71 78 83 91 97 103 
106 107 111 120 130 149 151 152 155 163 174 184 
187 190 209 226 243 271 272 274 282 298 305 306 
323 328 331 338 384 394 
29
3 35 48 102 107 116 150 155 157 180 206 207 
231 240 246 250 266 274 276 289 291 298 325 338 
350 360 389 391 399 
38
1 4 6 23 24 35 45 51 79 85 86 105 
107 127 130 143 158 187 200 207 208 221 236 240 
250 251 303 324 326 335 344 345 361 368 372 380 
387 400 
37
7 20 47 51 64 84 89 92 102 113 117 134 
137 153 158 160 167 178 188 195 213 231 235 240 
244 274 275 282 285 295 296 303 317 333 357 389 
397 
34
10 15 30 38 48 59 103 104 111 151 162 173 
201 208 222 225 228 231 234 238 242 243 284 292 
308 311 323 328 343 355 363 372 375 389 
40
13 23 32 34 51 58 81 106 113 115 125 127 
129 135 137 154 162 177 203 206 208 209 213 215 
230 244 281 292 311 317 329 331 339 356 358 362 
373 384 385 386 
39
2 5 8 36 61 70 85 104 107 128 133 146 
152 153 155 158 186 194 205 209 216 218 227 252 
281 285 286 295 298 325 339 346 357 367 373 375 
379 384 396 
36
12 16 17 20 51 56 66 86 95 107 116 142 
155 162 179 182 198 212 213 215 227 234 244 249 
252 281 291 300 301 308 313 321 326 362 379 400 
33
6 54 55 65 66 77 93 96 99 108 118 123 
140 152 163 166 171 199 211 220 229 235 271 274 
278 299 334 340 358 364 365 393 400 
36
5 7 31 41 61 66 84 96 118 120 151 171 
177 181 193 197 220 225 235 240 245 254 267 277 
279 289 292 304 310 327 369 371 372 378 388 390 
38
11 13 16 50 62 72 84 91 111 112 119 128 
129 130 150 151 160 173 185 216 237 243 249 257 
282 291 296 300 326 327 339 341 350 360 361 370 
389 396 
43
2 3 26 35 38 46 48 52 92 102 105 107 
112 133 151 157 159 161 166 170 198 202 204 209 
228 238 241 243 245 262 277 296 303 313 322 329 
331 335 353 367 384 387 393 
44
6 9 11 19 24 42 72 84 86 92 105 116 
127 148 166 172 178 188 196 199 200 208 209 210 
267 275 292 300 307 310 320 328 329 333 348 362 
363 365 371 372 376 383 384 391 
41
8 12 14 20 22 30 50 57 62 78 102 115 
117 122 162 175 186 200 205 234 248 265 268 269 
289 296 301 304 315 331 337 350 351 353 355 356 
363 376 379 390 398 
37
4 19 21 27 36 42 51 80 85 106 108 119 
175 178 181 183 210 214 228 239 249 252 262 263 
274 277 317 319 333 339 341 348 353 354 355 394 
399 
47
7 13 17 32 58 64 79 89 93 136 137 149 
152 163 166 171 172 181 182 187 188 190 201 204 
205 215 218 225 228 236 237 240 247 260 265 269 
272 286 302 338 341 348 365 366 379 392 398 
36
13 16 27 32 42 63 64 93 108 109 110 112 
147 153 173 174 175 180 189 194 201 203 208 236 
281 294 296 306 319 336 338 344 349 350 371 396 
52
1 19 32 40 61 65 88 89 90 95 109 114 
126 128 131 132 137 144 152 176 177 184 189 190 
192 194 199 203 204 211 217 222 225 235 249 257 
265 285 293 299 302 315 328 347 354 358 368 371 
379 391 395 399 
46
3 4 12 19 35 40 52 55 57 78 81 117 
130 133 140 155 167 172 181 184 190 194 201 213 
222 225 226 228 243 245 257 272 281 284 287 303 
315 318 326 339 347 348 365 381 389 395 
44
1 3 48 57 59 69 83 96 102 111 114 116 
119 125 135 161 198 215 216 219 221 227 232 255 
260 270 279 280 297 299 301 314 318 326 328 335 
338 342 361 366 376 378 392 400 
41
5 21 47 70 71 73 74 85 91 96 120 124 
126 131 179 189 194 199 206 220 224 233 234 245 
263 267 279 290 296 303 315 324 333 344 351 352 
360 374 378 393 395 
40
1 7 9 12 46 56 67 79 108 110 111 115 
122 123 125 146 154 181 198 210 231 233 237 266 
282 284 294 296 302 324 331 339 347 358 361 362 
364 375 380 384 
50
1 32 33 38 42 47 48 64 65 70 113 114 
116 121 138 139 144 145 153 160 170 182 187 190 
228 234 238 242 247 250 251 260 261 267 280 286 
289 294 306 329 332 335 344 351 355 358 369 381 
387 391 
35
1 2 17 44 52 75 98 100 111 115 118 131 
137 144 149 156 173 180 199 216 229 239 244 293 
310 314 318 329 340 351 353 358 388 390 400 
43
10 13 17 21 30 41 43 45 52 55 63 82 
98 104 105 110 114 120 121 126 132 173 182 185 
197 210 211 232 233 235 242 247 267 269 279 280 
293 313 320 330 380 382 393 
43
18 28 29 38 49 58 65 66 71 74 75 85 
92 96 124 142 155 177 181 182 220 223 234 239 
242 245 250 263 273 278 284 301 303 306 321 322 
326 347 370 371 375 383 386 
39
9 13 18 19 24 31 37 44 49 52 59 63 
71 73 92 94 98 109 112 122 147 156 157 165 
173 176 177 215 221 230 262 272 301 303 354 358 
370 388 399 
51
6 8 22 26 42 49 54 57 64 96 109 115 
126 139 142 145 147 150 177 188 189 190 198 199 
200 210 211 215 216 232 233 235 236 253 258 269 
283 289 290 291 305 318 329 332 339 342 353 359 
361 368 381 
34
12 22 24 27 76 95 101 107 110 160 164 170 
173 179 195 206 227 237 272 278 282 284 292 299 
308 313 330 333 352 371 378 386 397 400 
39
2 19 24 40 43 49 54 78 79 100 113 127 
147 148 169 170 180 195 206 215 230 239 244 246 
252 270 278 281 296 306 315 335 339 344 356 381 
393 397 399 
33
2 31 36 39 44 71 84 91 95 115 119 134 
139 143 145 146 151 165 184 190 201 208 212 225 
243 255 279 284 336 348 354 375 380 
40
29 32 34 37 42 45 46 47 55 57 74 79 
87 105 111 136 140 165 173 176 185 192 204 222 
231 244 252 269 273 275 297 298 319 330 341 342 
348 353 384 397 
42
1 6 11 34 46 58 60 88 90 111 123 132 
133 144 145 159 163 166 171 178 186 206 215 217 
227 229 239 240 267 273 275 287 288 300 316 319 
341 351 358 364 369 384 
30
6 35 43 61 62 82 97 105 113 137 159 160 
181 192 204 209 213 245 260 273 326 328 344 346 
347 352 358 372 381 382 
44
4 30 33 40 51 60 64 69 89 111 122 137 
148 149 154 163 190 195 201 215 221 222 238 256 
259 262 267 275 277 299 311 318 335 336 340 343 
344 352 353 356 362 373 375 390 
40
12 15 21 34 40 42 45 60 82 87 102 124 
129 138 142 156 181 186 197 202 203 206 209 221 
229 231 237 245 246 265 273 284 298 334 358 376 
382 391 394 397 
40
1 14 22 40 50 69 75 95 102 105 107 108 
113 116 128 137 138 144 146 178 186 187 189 194 
221 236 238 248 249 269 275 292 301 313 314 346 
359 364 398 399 
32
6 42 63 68 87 91 96 98 131 154 157 179 
187 222 244 251 255 257 260 285 289 294 298 308 
324 343 350 357 358 359 381 400 
33
2 8 15 18 49 63 69 80 82 94 111 115 
123 128 144 160 180 184 194 212 217 218 222 244 
251 284 295 296 337 340 371 382 393 
35
4 16 27 39 62 64 76 81 92 115 116 117 
124 128 131 137 159 190 192 216 242 245 248 252 
253 290 294 310 328 329 342 348 359 368 369 
40
5 19 25 43 48 72 80 87 90 120 122 148 
154 157 171 177 178 188 191 229 248 250 273 283 
293 294 295 327 332 333 357 363 368 372 382 385 
386 392 397 400 
40
1 15 19 20 32 41 54 58 113 115 120 121 
123 126 167 188 193 194 199 215 227 241 273 277 
286 287 296 307 320 324 328 337 340 353 363 368 
382 388 394 399 
28
7 13 41 57 73 75 86 99 127 134 136 142 
193 211 212 239 259 263 268 274 301 311 324 348 
355 359 381 394 
45
5 6 8 20 30 35 39 50 62 65 66 88 
98 101 107 128 131 137 151 188 198 212 225 235 
258 262 266 272 274 275 284 286 288 296 299 312 
313 315 318 348 356 366 367 388 400 
43
3 5 13 27 34 56 60 65 68 72 74 83 
103 117 139 142 146 147 148 150 152 154 186 193 
200 217 222 234 241 257 262 271 275 276 279 287 
310 326 337 339 366 370 382 
42
8 24 33 36 74 75 78 89 107 108 121 129 
149 153 154 171 175 185 207 208 211 218 225 230 
249 273 287 295 299 332 333 340 351 356 378 382 
386 387 388 391 394 396 
51
12 15 30 33 53 58 61 73 93 97 98 112 
122 123 137 141 143 144 146 148 154 155 156 168 
183 190 193 197 223 243 244 246 254 256 260 264 
285 294 301 312 315 324 325 329 335 337 346 347 
350 353 361 
39
12 30 33 38 43 52 76 79 81 99 103 107 
110 111 138 144 151 165 168 173 191 216 243 247 
253 266 275 282 285 294 303 314 335 341 352 360 
369 371 380 
38
6 11 19 25 37 43 52 57 64 93 107 113 
125 180 201 225 233 258 267 268 269 281 283 288 
289 296 303 308 329 330 348 351 369 372 376 380 
382 396 
34
5 10 32 37 44 50 55 71 73 83 97 121 
152 157 161 187 196 205 236 238 246 247 253 280 
282 301 312 317 326 367 371 373 376 382 
48
1 6 12 13 34 38 43 55 60 61 64 68 
74 99 116 120 129 131 155 156 162 165 170 180 
183 191 201 204 220 264 267 275 287 297 309 316 
317 320 341 346 357 359 361 366 369 384 390 391 
37
26 28 34 44 78 97 105 111 118 119 121 125 
137 145 150 160 169 172 182 195 201 235 239 259 
283 286 292 311 313 320 329 339 340 342 345 353 
381 
34
2 6 16 18 31 40 41 51 67 70 75 85 
91 140 153 156 178 185 194 205 206 207 225 242 
243 244 285 296 312 333 344 381 389 395 
39
10 24 28 57 64 72 81 83 89 104 110 118 
123 131 145 156 170 175 196 204 209 220 224 247 
254 260 262 282 313 324 331 335 343 344 349 370 
383 386 389 
33
14 18 24 34 35 43 51 58 63 67 75 113 
140 147 178 213 220 226 247 253 257 263 274 292 
297 301 302 330 341 357 375 380 396 
41
23 34 35 46 62 65 72 84 90 98 110 112 
116 131 135 172 182 184 185 201 216 278 281 293 
294 311 314 318 319 320 330 342 344 345 352 357 
361 362 365 380 390 
43
8 22 28 29 37 51 72 74 78 90 93 104 
109 110 114 120 128 131 141 148 162 163 165 174 
191 203 207 210 237 244 278 282 295 297 301 309 
310 335 341 343 365 387 388 
41
32 78 89 102 119 120 145 150 156 172 173 199 
202 203 204 207 223 226 238 249 251 254 272 290 
302 305 313 318 322 323 327 328 329 330 333 371 
374 383 387 391 399 
47
16 40 41 42 76 86 96 102 114 121 129 132 
134 143 150 153 154 170 176 199 203 207 209 214 
231 239 241 245 254 262 269 286 297 306 320 327 
328 329 332 333 352 369 370 373 376 386 389 
39
8 12 28 36 41 44 48 49 58 87 98 103 
109 116 137 155 156 157 180 184 211 220 241 256 
266 270 303 308 312 319 323 342 346 347 349 354 
360 371 389 
39
9 13 23 30 54 78 81 95 98 101 104 107 
120 134 153 156 161 169 170 188 203 208 215 218 
220 230 237 275 293 304 322 349 350 352 360 379 
382 387 390 
38
16 33 39 65 70 77 85 86 96 102 124 130 
134 139 144 151 152 169 174 179 182 207 223 233 
236 237 244 253 255 307 312 326 341 342 356 361 
389 400 
37
24 29 48 55 66 78 79 82 94 96 98 133 
151 182 193 204 230 234 240 242 249 259 263 277 
281 300 304 314 324 325 331 369 378 380 388 396 
399 
37
4 5 12 16 38 71 73 78 110 115 133 139 
145 155 162 173 186 200 206 223 228 239 260 261 
265 270 274 276 290 303 320 332 336 344 367 372 
386 
36
6 9 15 46 61 69 78 90 107 123 124 134 
144 164 185 190 193 213 216 231 243 247 256 277 
283 295 304 318 326 327 329 337 340 346 358 395 
39
13 21 23 29 33 34 39 43 47 51 52 66 
77 86 97 99 107 113 131 134 137 178 193 213 
224 251 262 302 306 311 315 324 325 326 339 340 
341 377 391 
40
8 18 27 43 52 66 71 72 73 90 92 95 
115 122 138 145 146 161 172 175 195 200 210 211 
247 266 286 288 317 320 321 325 329 333 348 364 
368 369 397 399 
41
17 27 30 34 38 49 51 73 78 94 99 101 
139 145 148 166 178 179 180 186 194 198 203 210 
214 221 244 248 252 269 276 315 321 347 350 371 
378 384 386 393 397 
