100 200
1 1 1 1 1 1 1 1 1 1 1 1 
1 1 1 1 1 1 1 1 1 1 1 1 
1 1 1 1 1 1 1 1 1 1 1 1 
1 1 1 1 1 1 1 1 1 1 1 1 
1 1 1 1 1 1 1 1 1 1 1 1 
1 1 1 1 1 1 1 1 1 1 1 1 
1 1 1 1 1 1 1 1 1 1 1 1 
1 1 1 1 1 1 1 1 1 1 1 1 
1 1 1 1 1 1 1 1 1 1 1 1 
1 1 1 1 1 1 1 1 1 1 1 1 
1 1 1 1 1 1 1 1 1 1 1 1 
1 1 1 1 1 1 1 1 1 1 1 1 
1 1 1 1 1 1 1 1 1 1 1 1 
1 1 1 1 1 1 1 1 1 1 1 1 
1 1 1 1 1 1 1 1 1 1 1 1 
1 1 1 1 1 1 1 1 1 1 1 1 
1 1 1 1 1 1 1 1 
101
1 2 3 4 6 8 9 10 11 13 15 16 
19 20 21 22 23 24 26 27 31 32 33 37 
39 40 42 44 45 46 47 48 53 60 62 64 
65 66 67 68 69 70 71 72 73 80 81 85 
87 91 92 93 95 97 98 99 100 102 107 108 
109 110 111 114 117 118 119 122 123 124 126 127 
128 130 131 132 134 136 138 140 141 142 143 146 
150 152 158 159 161 164 166 167 168 169 170 177 
178 179 191 194 200 
101
1 2 5 7 10 13 14 15 19 20 24 26 
28 32 33 34 36 37 39 40 45 46 47 48 
49 51 54 55 56 57 59 62 63 64 68 70 
71 75 76 78 80 83 85 86 87 89 91 92 
94 95 96 97 102 104 106 107 109 110 112 119 
124 125 135 136 137 139 140 144 146 148 152 153 
154 159 160 162 163 164 165 167 169 170 171 172 
173 174 176 177 178 179 180 181 185 188 189 190 
192 193 194 197 200 
104
1 2 3 9 10 12 15 18 19 21 23 24 
27 28 29 32 33 36 37 38 42 44 45 46 
49 52 59 60 61 63 64 66 67 69 70 71 
72 80 83 86 88 91 92 93 94 95 96 97 
98 101 104 108 109 110 111 113 114 115 116 117 
119 121 122 123 126 129 130 131 132 134 135 137 
138 140 143 147 152 156 157 158 159 160 161 166 
167 168 170 175 176 177 179 180 181 182 187 189 
190 191 192 194 197 198 199 200 
98
2 4 6 10 11 14 15 17 20 24 26 28 
32 34 35 39 41 42 43 45 46 47 50 52 
54 57 59 60 61 64 69 71 72 73 74 79 
81 82 85 86 90 91 96 98 101 104 108 109 
111 112 115 117 119 120 122 123 124 125 130 131 
134 136 138 139 145 146 148 151 152 153 156 157 
158 159 160 161 163 164 165 168 170 171 174 175 
176 177 181 182 183 184 185 189 190 192 193 194 
197 200 
100
2 3 8 12 13 17 18 19 21 22 24 25 
27 28 29 30 33 36 40 41 43 47 48 50 
52 56 60 61 67 69 71 72 74 77 80 83 
84 85 88 89 92 93 94 95 96 97 98 99 
100 101 103 104 108 111 112 114 116 117 118 119 
123 124 126 128 129 130 131 133 136 138 139 140 
141 142 144 146 147 148 150 151 156 157 158 159 
162 163 165 166 169 175 176 177 179 180 181 183 
184 187 193 199 
96
2 7 9 10 13 16 18 24 25 26 27 30 
31 32 33 35 36 37 39 40 41 42 47 49 
54 55 59 61 62 64 69 70 71 77 78 82 
83 84 90 91 92 94 95 96 100 101 102 103 
104 107 109 112 113 115 116 119 120 123 130 133 
134 136 137 139 141 142 146 147 151 155 156 159 
160 161 162 163 164 165 168 173 175 177 178 180 
181 182 184 187 191 193 194 195 197 198 199 200 
102
3 5 6 8 10 15 16 17 18 19 21 22 
23 24 25 26 27 29 31 34 35 36 43 44 
45 46 48 50 52 53 54 57 60 62 68 70 
72 74 77 78 81 82 83 84 85 88 90 95 
96 99 100 101 103 105 111 112 116 117 120 122 
123 129 132 133 135 136 138 142 143 146 147 148 
149 150 154 156 157 158 160 161 163 164 165 166 
167 169 170 174 176 177 178 180 181 183 184 185 
187 189 191 193 194 196 
93
8 11 13 14 15 16 18 19 20 21 24 27 
30 33 34 38 39 40 41 42 45 46 47 49 
50 51 52 60 64 70 72 75 77 82 83 85 
86 87 88 89 90 93 95 96 97 98 99 101 
105 106 107 108 112 113 115 119 120 121 123 126 
128 130 135 136 139 140 141 143 145 150 151 152 
153 156 159 160 164 165 166 168 169 170 171 174 
175 176 177 180 183 185 187 189 200 
111
2 3 6 11 14 17 20 21 22 23 25 26 
28 30 31 34 35 37 38 41 42 44 45 47 
49 51 52 54 55 57 58 60 62 63 68 69 
71 72 73 78 79 80 81 82 84 87 89 92 
93 95 98 99 103 110 112 113 115 116 120 121 
128 129 130 131 132 133 134 135 138 139 141 143 
144 145 146 148 149 151 152 153 154 155 156 159 
161 162 164 165 166 167 169 170 171 172 173 174 
176 178 183 185 186 187 188 189 190 191 193 194 
195 198 199 
110
1 2 3 4 5 9 10 11 14 15 17 18 
19 20 21 26 31 33 34 35 36 38 39 40 
43 45 47 49 52 53 59 60 61 62 65 69 
71 74 75 76 77 78 83 85 86 89 90 91 
92 93 96 97 98 99 100 101 103 104 105 107 
109 112 113 114 115 116 117 120 121 122 125 128 
129 131 132 133 134 135 139 140 141 142 144 145 
146 147 150 152 157 159 161 164 166 167 168 169 
170 172 176 178 179 182 187 189 190 193 194 196 
198 200 
99
1 3 4 6 8 13 16 17 18 19 24 27 
33 36 44 46 47 50 51 52 54 56 61 62 
63 66 67 68 69 70 73 75 79 80 82 83 
85 86 88 91 94 95 96 99 100 101 102 103 
104 105 106 107 108 112 113 114 118 120 121 122 
123 124 129 130 132 133 137 138 139 140 141 142 
143 149 150 154 155 156 157 160 164 165 166 171 
174 178 179 180 181 183 188 189 191 192 193 195 
197 198 200 
105
1 3 5 7 9 10 11 13 15 16 17 18 
19 20 22 25 26 28 29 30 31 32 33 36 
37 40 41 42 43 44 46 48 49 50 54 56 
62 66 68 70 72 73 74 75 76 77 78 79 
80 81 84 87 89 90 92 94 96 97 98 100 
101 106 107 112 113 117 118 120 122 124 128 129 
131 134 136 139 141 143 145 148 149 152 153 154 
156 164 166 167 168 170 171 172 174 176 177 179 
181 183 184 186 189 191 197 199 200 
99
1 2 3 6 8 15 16 19 21 22 23 24 
25 29 30 31 32 33 35 36 37 42 45 47 
48 49 50 51 52 53 55 56 61 67 69 70 
71 72 73 74 75 76 77 82 85 87 88 91 
94 96 97 99 100 103 104 105 106 108 109 113 
114 115 116 118 120 121 123 125 126 128 129 130 
132 133 138 140 142 145 146 148 149 153 154 156 
159 160 167 169 174 175 176 177 182 186 190 193 
194 195 198 
84
1 2 7 9 11 13 14 15 16 21 25 31 
33 37 42 47 50 51 52 54 56 57 58 64 
66 68 69 70 71 72 75 76 78 83 85 86 
87 88 92 95 103 104 106 107 110 111 113 114 
117 118 119 120 121 122 126 130 133 134 137 143 
145 147 151 157 159 165 167 169 170 171 174 176 
177 179 182 183 184 187 188 190 196 197 198 200 
100
1 6 9 11 12 13 15 16 18 19 20 23 
24 26 27 28 29 30 31 32 34 40 41 43 
45 47 49 51 53 55 56 57 58 61 63 65 
66 70 71 72 76 77 79 83 84 85 86 87 
88 89 90 96 97 99 100 101 104 107 110 111 
113 117 118 120 121 123 124 126 127 131 134 135 
136 137 138 140 141 142 146 149 152 153 154 157 
160 161 166 167 168 173 175 180 182 183 186 187 
188 190 194 200 
90
4 5 7 8 10 11 13 14 16 18 20 22 
24 25 28 30 31 32 35 38 43 46 49 51 
52 53 55 56 57 58 60 63 66 69 72 78 
80 85 88 92 93 94 96 99 100 101 102 104 
105 108 109 110 111 112 114 115 117 118 121 122 
130 131 133 134 135 136 140 145 148 149 152 153 
157 159 164 165 166 171 173 179 181 183 184 186 
189 192 193 194 195 197 
109
1 2 3 5 6 8 9 10 13 16 17 19 
21 22 23 26 27 31 33 34 35 37 38 39 
40 42 44 47 50 51 52 53 56 58 62 63 
66 67 68 69 70 71 72 74 75 76 81 82 
83 85 87 88 89 92 93 95 96 97 98 100 
101 104 105 109 117 118 119 122 123 124 125 126 
127 128 129 130 131 135 137 138 139 140 141 142 
143 144 146 148 151 152 154 156 158 161 163 165 
167 168 176 178 180 181 182 187 188 189 191 195 
200 
90
4 6 7 13 14 15 17 18 20 21 28 29 
31 32 34 35 39 40 41 42 44 45 46 48 
50 52 54 60 61 63 65 67 73 74 75 76 
77 79 83 84 87 88 89 91 93 94 99 106 
109 110 112 115 116 118 119 123 126 128 131 134 
135 138 140 142 143 146 148 150 151 152 156 157 
160 162 163 164 167 169 171 176 178 180 182 183 
185 188 195 196 197 198 
96
2 3 4 5 6 13 17 18 22 24 25 28 
31 32 35 36 41 43 45 46 48 49 50 51 
53 54 57 58 59 61 63 66 67 68 70 71 
77 78 79 80 82 83 86 88 96 97 100 101 
103 105 106 107 111 116 117 118 119 120 121 123 
125 127 128 130 131 133 134 135 136 140 141 142 
143 145 146 149 150 151 156 162 165 166 171 172 
176 179 182 184 185 188 189 194 196 198 199 200 
100
2 3 6 8 9 11 12 13 15 16 21 22 
24 27 29 34 35 38 39 40 44 49 51 52 
53 55 56 59 61 62 65 66 67 69 70 74 
76 77 80 81 82 86 87 90 92 96 97 98 
101 102 103 104 106 109 111 112 114 116 117 119 
122 125 128 129 130 131 137 141 142 143 144 147 
148 150 151 155 156 159 160 161 162 164 165 166 
167 168 169 171 174 175 176 181 183 184 186 191 
194 196 197 199 
109
2 3 4 5 6 9 11 17 21 23 24 25 
28 29 30 31 32 33 34 35 36 37 38 41 
45 46 47 48 50 51 52 54 55 56 57 58 
61 63 64 66 70 71 74 77 78 79 81 83 
85 86 87 88 89 90 92 97 98 100 102 105 
106 107 109 112 114 115 116 117 120 121 124 126 
131 132 133 136 137 138 139 142 149 150 152 153 
154 155 161 163 167 168 169 171 172 173 174 176 
178 180 181 185 187 189 191 192 193 195 198 199 
200 
95
3 5 7 8 10 11 13 14 16 17 23 24 
26 29 30 31 33 34 37 38 41 44 47 48 
51 52 54 55 56 58 60 61 64 71 72 74 
77 79 81 83 86 88 89 93 96 97 98 100 
103 104 105 106 108 111 112 116 118 119 120 121 
122 123 126 127 128 131 134 136 138 142 143 144 
146 147 149 153 155 156 157 158 162 164 165 166 
168 169 171 174 176 179 187 188 189 191 200 
99
1 5 7 8 13 14 15 17 19 20 23 24 
26 28 31 32 33 35 38 39 41 44 45 46 
47 49 50 52 54 55 57 60 61 64 65 67 
70 71 74 76 77 78 81 82 84 86 87 88 
91 92 93 94 96 98 100 101 102 103 106 108 
111 112 113 116 117 118 121 125 135 136 137 139 
142 143 145 146 147 148 151 156 159 163 166 168 
169 170 171 173 174 179 180 184 185 190 191 192 
194 197 200 
105
3 5 6 7 11 12 13 14 15 22 23 25 
27 30 31 35 36 39 40 43 45 47 49 54 
55 58 61 62 66 67 68 69 70 71 72 80 
81 82 83 85 86 87 88 91 92 95 96 97 
106 107 109 111 114 116 117 118 121 126 128 130 
131 132 134 137 139 140 142 143 144 145 146 149 
152 153 154 155 157 158 159 160 163 166 167 169 
170 171 174 175 177 178 179 180 181 183 184 186 
187 188 189 190 191 196 197 198 199 
102
2 3 9 10 11 12 13 14 15 18 21 22 
23 24 26 28 29 30 31 34 36 41 42 44 
52 53 55 59 61 62 64 65 67 69 70 71 
72 73 74 79 80 82 83 85 86 87 88 90 
91 93 95 101 103 105 109 110 112 113 116 119 
120 121 122 124 126 129 130 134 136 138 142 146 
148 149 150 152 153 154 155 159 160 164 165 166 
168 169 170 172 173 174 175 176 177 181 183 184 
185 188 190 193 195 196 
102
1 3 5 6 8 10 15 20 21 26 27 28 
34 37 38 39 40 43 48 49 50 51 54 59 
63 64 66 67 68 71 73 74 75 76 78 79 
84 85 86 87 88 89 98 99 101 104 105 106 
107 108 109 110 111 114 116 117 118 119 120 122 
123 124 125 126 128 131 132 134 139 141 142 143 
145 146 150 152 153 154 156 157 158 161 163 166 
170 171 175 176 179 181 182 183 185 187 188 189 
190 191 193 194 195 196 
106
2 4 6 7 16 17 18 19 20 21 26 27 
30 31 35 37 41 42 43 44 45 46 48 50 
51 52 53 55 56 59 60 62 65 67 73 74 
77 78 79 81 82 83 85 86 87 90 93 95 
98 99 101 102 103 104 105 106 107 111 114 115 
117 120 123 124 125 126 127 130 131 137 140 141 
147 148 149 151 152 155 156 157 158 159 160 161 
162 163 164 166 167 169 170 171 172 174 176 180 
183 184 185 186 188 193 194 196 198 200 
108
2 3 6 7 11 12 18 20 21 22 23 28 
30 31 32 34 36 37 38 40 42 43 44 45 
46 49 55 56 57 59 60 61 64 65 68 69 
70 73 75 77 79 80 81 83 84 85 86 88 
91 92 96 97 98 99 100 101 103 104 106 107 
109 111 112 115 116 117 119 121 123 124 125 128 
129 130 133 134 135 136 137 140 141 143 144 147 
150 154 156 157 159 161 164 165 166 167 171 174 
177 179 180 183 185 187 188 189 192 197 198 199 
109
1 3 5 6 7 9 10 11 12 13 14 16 
17 18 20 23 25 26 27 28 33 34 35 36 
37 39 42 45 48 53 54 56 59 61 62 65 
66 67 68 69 71 72 74 75 79 82 83 84 
87 88 91 93 94 95 97 98 101 106 107 109 
110 111 112 113 114 115 118 120 123 125 126 127 
129 130 131 133 136 139 140 143 146 148 150 151 
153 155 156 159 161 164 165 166 172 173 174 175 
178 180 181 182 185 188 189 191 193 195 196 197 
198 
101
1 3 4 8 9 12 16 18 19 20 21 23 
24 25 28 29 30 33 36 38 39 41 45 48 
50 51 53 54 57 58 59 61 63 64 65 68 
69 72 73 75 77 78 79 80 81 82 85 89 
91 93 94 95 98 99 101 102 104 106 107 110 
112 114 118 122 126 127 129 130 132 133 134 135 
136 141 142 143 144 149 156 157 160 165 166 167 
171 172 174 176 178 179 183 185 187 188 189 190 
191 197 198 199 200 
93
1 3 4 7 8 9 10 11 15 17 23 24 
27 30 32 35 37 38 43 44 46 48 50 51 
61 62 64 65 67 69 71 76 77 80 82 83 
84 85 87 89 93 94 96 97 99 101 102 104 
106 107 109 113 118 119 120 121 122 125 126 127 
129 133 134 135 136 137 140 145 148 150 151 152 
155 156 157 160 162 165 167 168 173 175 177 178 
181 183 185 188 193 194 197 198 199 
96
1 2 4 5 7 8 9 10 12 13 15 29 
31 32 34 36 37 40 41 44 48 49 50 51 
52 53 55 57 59 60 64 67 68 70 71 74 
77 86 87 89 92 95 96 98 100 102 103 109 
110 111 112 113 116 117 119 120 123 124 125 129 
130 131 132 134 135 136 137 139 141 142 144 149 
154 156 157 160 161 162 163 167 168 174 175 177 
179 180 182 183 188 190 194 195 196 197 198 200 
95
2 3 7 11 12 14 17 18 21 22 23 24 
26 27 29 32 33 34 35 37 38 41 43 47 
48 50 51 52 56 57 60 64 70 74 75 76 
80 81 82 83 85 86 89 93 94 96 99 100 
103 105 106 113 114 116 117 119 120 121 122 124 
125 127 129 131 132 133 136 140 141 144 148 150 
152 153 155 157 158 160 161 162 165 166 167 169 
171 172 173 174 180 181 182 184 186 188 197 
94
1 3 6 13 14 15 18 19 24 28 30 31 
33 34 35 37 40 41 44 45 48 51 53 56 
58 60 62 63 64 67 70 71 72 74 76 77 
80 84 87 92 93 94 97 99 100 101 104 105 
106 108 110 111 112 124 126 128 129 130 133 134 
135 137 138 139 140 141 143 147 148 151 153 154 
155 156 159 160 161 162 165 168 171 172 173 175 
176 177 181 183 185 186 193 196 198 199 
103
2 5 7 8 15 19 20 22 23 27 30 32 
36 39 40 43 44 46 47 48 49 50 51 53 
54 57 58 59 62 63 65 68 69 70 71 72 
76 77 78 79 89 91 92 94 95 96 97 99 
100 101 103 104 106 110 114 116 119 120 121 122 
124 125 131 132 134 135 138 139 140 142 145 146 
147 151 155 156 157 159 161 162 163 165 167 168 
169 170 171 172 173 174 176 177 179 180 183 185 
186 189 191 194 196 197 198 
98
1 2 5 10 11 12 17 18 20 21 22 24 
25 26 27 28 29 30 32 33 43 46 48 49 
50 52 53 54 58 59 62 63 64 65 66 67 
71 72 78 79 82 83 84 85 86 88 89 94 
95 96 101 102 103 104 105 106 107 108 110 111 
112 113 117 119 123 126 131 133 136 138 141 145 
148 151 152 156 157 158 159 161 162 163 164 165 
166 170 174 180 186 187 188 190 191 192 194 195 
197 200 
88
2 3 4 5 8 11 13 18 20 21 22 23 
24 26 27 30 31 34 35 40 41 42 43 53 
54 55 56 64 65 69 71 72 73 74 77 79 
80 84 85 87 90 92 96 97 98 99 100 102 
104 106 112 117 120 122 123 126 127 129 130 133 
134 139 142 145 148 151 152 153 155 156 157 163 
164 165 166 170 175 176 177 178 180 181 182 183 
189 193 195 198 
110
2 3 7 8 9 10 14 15 19 20 22 23 
24 27 29 31 32 36 37 38 39 40 42 43 
45 46 47 48 50 53 54 58 59 60 61 62 
63 68 69 71 78 80 81 82 83 85 86 88 
89 90 92 93 94 97 100 102 103 104 105 108 
109 111 112 113 114 117 119 121 125 126 127 128 
131 132 133 135 143 146 147 148 149 150 152 155 
157 159 160 163 165 167 169 171 172 174 175 176 
177 178 179 181 182 185 186 188 194 195 196 197 
198 199 
94
2 5 7 9 12 16 18 25 28 29 30 34 
35 36 37 38 40 42 46 48 49 51 52 57 
58 62 64 65 66 67 68 70 72 74 78 81 
82 83 85 87 89 93 94 96 98 99 104 106 
107 109 111 116 117 118 119 121 123 126 127 131 
133 136 137 138 139 141 142 145 148 150 157 158 
159 160 161 163 165 167 168 172 173 175 176 178 
179 181 186 187 190 191 194 196 198 200 
114
2 4 6 7 11 12 16 18 20 21 22 24 
25 26 27 29 31 33 35 38 39 40 41 42 
43 44 46 49 50 51 52 55 56 57 60 63 
64 68 70 71 72 73 74 75 77 78 79 80 
81 87 89 91 96 97 98 99 101 103 104 105 
106 107 108 109 110 111 112 113 114 119 120 122 
123 127 129 131 132 133 137 138 139 143 144 145 
146 147 150 152 156 157 158 161 162 163 164 165 
167 170 176 178 181 182 184 185 187 188 191 192 
193 195 196 197 198 200 
91
2 4 10 12 15 17 19 20 25 27 28 29 
32 33 34 35 43 45 49 52 53 54 57 58 
59 61 63 65 66 68 69 73 76 79 85 87 
88 90 94 96 97 99 101 102 103 105 107 109 
111 112 113 115 117 118 119 120 122 125 127 128 
132 133 135 139 140 141 147 148 149 150 151 152 
156 157 160 164 167 169 171 172 175 179 180 181 
183 184 192 195 197 199 200 
97
1 2 6 8 14 17 18 19 20 24 25 28 
35 38 41 43 45 47 48 51 52 53 58 60 
64 65 67 70 71 80 82 83 85 86 90 91 
92 93 94 95 96 97 98 100 101 102 106 108 
109 110 112 116 117 122 123 125 126 128 131 132 
133 134 135 136 140 144 145 147 149 150 152 154 
155 156 157 159 161 164 166 167 168 169 170 172 
173 175 176 179 182 187 189 190 191 194 197 198 
200 
97
1 2 5 6 7 10 11 14 16 17 25 28 
29 30 31 32 35 39 40 42 43 44 45 51 
52 53 54 57 59 60 66 67 69 72 73 76 
77 80 81 84 86 87 89 92 94 95 97 98 
99 100 101 102 104 106 107 112 114 115 120 122 
125 127 130 133 134 135 137 138 140 141 142 145 
147 149 152 154 155 160 162 163 167 169 170 171 
174 177 180 182 183 185 188 190 191 192 197 199 
200 
113
5 6 7 9 12 13 14 15 16 17 18 20 
21 24 25 26 27 31 32 33 35 37 39 40 
41 42 44 45 46 47 48 50 51 52 53 55 
58 59 64 65 67 68 71 72 73 75 76 77 
78 79 83 84 86 87 90 92 93 95 96 100 
101 104 105 106 109 111 114 115 116 118 119 121 
122 124 126 128 130 131 132 133 134 135 137 138 
140 144 145 146 147 149 153 154 155 157 158 159 
162 166 167 168 169 171 172 174 175 177 179 183 
189 190 191 195 198 
102
4 6 7 8 9 10 11 13 14 15 17 20 
22 23 24 26 29 31 32 34 36 38 39 42 
43 45 46 49 54 56 57 58 64 66 69 71 
78 79 80 83 86 88 89 90 94 95 97 99 
100 101 104 106 107 109 112 115 118 119 120 122 
124 125 126 127 128 131 133 134 136 137 138 139 
140 142 147 148 152 153 161 162 163 164 165 166 
167 170 171 172 174 176 177 179 184 185 186 187 
188 189 193 194 198 199 
95
1 4 7 8 9 14 15 17 18 21 22 23 
26 28 29 30 33 34 36 37 41 42 43 45 
46 50 51 53 54 55 56 57 60 61 64 66 
67 68 71 75 79 80 83 85 93 94 95 98 
99 100 104 109 112 120 123 124 125 126 127 129 
131 133 134 138 140 141 143 144 145 147 148 153 
154 155 156 157 158 159 160 162 164 166 169 170 
171 174 180 183 184 185 192 193 194 195 198 
108
2 3 4 5 7 9 12 15 16 18 19 20 
23 24 26 27 28 29 31 33 34 35 39 41 
45 49 51 53 54 56 57 58 60 62 63 65 
66 67 68 69 70 72 73 74 75 76 78 80 
81 82 86 94 95 96 98 99 103 104 105 108 
109 112 114 115 117 118 120 121 124 126 129 131 
132 135 136 138 139 140 141 143 147 149 150 151 
153 154 156 157 159 160 162 165 167 168 169 170 
172 173 174 177 178 183 186 188 189 192 193 195 
100
2 3 4 5 6 8 9 10 12 16 18 19 
27 29 30 33 36 38 40 42 50 51 52 53 
57 58 59 61 62 64 67 69 70 71 72 73 
75 78 79 86 89 90 91 93 94 95 96 99 
102 105 106 107 108 112 114 115 116 117 120 121 
125 128 131 133 134 135 138 139 140 141 143 144 
145 146 154 156 159 162 165 166 167 168 169 170 
172 174 175 177 180 182 184 186 187 188 191 193 
195 196 197 199 
92
1 6 8 13 14 15 16 17 19 20 24 27 
28 29 30 31 32 34 35 36 38 47 48 52 
54 57 59 60 64 67 68 71 72 73 76 79 
81 82 88 90 91 93 94 95 96 98 101 105 
107 108 109 111 113 115 117 121 123 124 125 127 
128 131 134 136 137 138 140 141 144 145 146 147 
149 150 153 159 162 163 169 171 172 173 175 176 
177 179 180 181 182 190 194 195 
92
4 6 7 8 13 14 15 18 23 24 25 26 
27 32 37 38 41 44 46 47 48 51 55 58 
59 60 62 64 67 68 70 72 74 75 77 78 
81 82 83 84 86 89 92 93 94 97 98 101 
104 105 106 108 109 110 114 116 118 119 121 123 
128 129 130 131 133 136 139 140 143 145 146 147 
148 149 158 159 162 164 168 170 171 177 178 184 
189 190 191 192 193 195 198 200 
101
1 6 8 17 18 19 21 22 23 24 25 26 
27 29 30 31 33 34 35 36 40 41 42 45 
46 49 52 56 57 62 63 65 66 70 73 74 
75 76 77 78 79 80 81 83 85 89 92 93 
94 95 96 97 99 101 106 107 108 109 111 116 
117 119 120 122 123 125 128 129 130 131 132 133 
135 140 141 142 145 150 152 155 157 158 159 160 
161 167 169 173 175 176 178 179 181 183 184 185 
193 196 197 198 200 
102
1 2 5 6 8 9 12 14 15 18 22 24 
26 28 29 32 36 38 39 43 44 48 49 51 
54 56 58 65 67 68 69 72 75 76 77 78 
80 84 89 90 92 93 95 98 99 100 101 102 
105 106 107 108 110 111 115 117 118 120 121 125 
127 128 130 131 132 133 136 140 141 142 145 149 
150 151 152 154 157 160 161 162 164 165 166 167 
169 170 172 173 175 177 180 181 182 184 185 187 
189 194 196 198 199 200 
98
2 7 8 9 12 13 15 16 17 18 20 23 
24 26 27 33 34 37 39 41 44 48 50 51 
54 56 57 64 66 68 71 72 75 76 78 80 
82 83 84 85 86 87 92 97 102 105 106 108 
111 112 113 115 116 117 118 119 120 121 122 123 
125 127 129 131 133 136 137 139 144 149 150 151 
154 155 161 162 163 164 166 167 172 173 174 176 
179 180 181 182 184 186 187 189 191 192 194 196 
199 200 
107
1 3 5 9 22 23 24 25 26 27 28 29 
30 31 33 34 36 37 38 39 40 41 42 44 
47 48 50 52 53 54 55 57 58 59 61 64 
65 66 69 72 74 78 83 84 85 86 87 90 
93 95 96 97 100 101 103 104 105 108 111 112 
113 114 115 116 119 122 124 125 127 129 130 131 
132 133 139 140 141 142 143 145 152 155 157 158 
159 161 163 164 165 166 171 172 176 177 178 179 
180 181 182 184 185 188 190 191 194 195 196 
117
1 2 5 7 14 16 18 19 20 22 23 25 
28 30 31 32 34 36 37 38 39 40 44 47 
49 50 53 55 56 57 58 59 60 61 62 63 
66 67 69 71 73 75 77 79 80 82 83 86 
87 88 89 90 92 97 98 99 100 101 102 103 
104 105 108 110 111 112 113 114 115 116 117 119 
120 124 126 129 130 131 132 133 134 136 139 140 
144 150 152 153 155 156 160 161 163 164 165 166 
167 169 170 171 175 176 177 178 179 181 183 185 
186 190 191 193 194 195 196 197 198 
110
2 3 4 6 8 10 11 14 15 16 18 19 
20 24 25 26 27 28 32 33 34 35 36 37 
38 40 42 43 44 45 47 48 50 51 55 56 
58 63 66 67 68 69 70 72 75 76 77 78 
79 80 81 82 83 84 86 88 91 93 97 98 
100 105 106 108 110 111 114 115 116 117 120 122 
123 127 128 129 132 133 135 136 138 139 141 144 
145 146 156 157 158 160 161 163 165 167 169 170 
171 172 174 181 185 186 188 193 194 195 196 197 
198 199 
102
1 3 4 5 7 10 11 16 17 18 19 20 
22 23 24 25 26 29 30 31 32 33 35 36 
37 39 40 41 42 43 45 46 48 49 50 51 
57 58 59 60 64 67 70 71 72 79 80 82 
83 86 87 89 90 92 93 94 95 97 105 106 
108 110 112 113 117 121 123 124 125 126 127 130 
134 135 142 145 147 150 156 160 161 162 166 168 
169 171 172 175 176 177 181 183 187 188 189 191 
192 193 194 196 197 199 
103
1 4 6 7 11 12 13 15 20 21 24 26 
27 29 30 32 34 35 36 37 38 39 42 43 
44 45 46 49 50 51 52 53 55 56 57 58 
60 61 63 66 72 73 76 79 80 81 86 87 
88 90 95 97 102 103 108 109 111 113 114 117 
118 121 122 123 125 126 127 130 132 133 135 136 
137 139 141 142 147 151 152 153 154 157 160 161 
166 167 175 176 177 181 182 183 184 185 190 191 
192 193 194 196 197 198 199 
94
1 3 4 6 8 10 11 13 14 16 17 18 
19 20 21 22 23 26 27 30 32 36 37 43 
44 45 46 47 51 52 55 60 64 66 69 71 
73 75 79 81 82 83 84 89 90 100 101 105 
107 109 111 112 115 116 117 118 120 122 126 130 
131 133 134 135 136 139 140 144 147 149 150 152 
153 154 155 158 161 162 165 166 170 174 178 180 
182 185 186 189 190 193 196 197 198 200 
101
2 3 4 5 7 8 10 11 13 14 15 16 
19 20 21 24 27 28 29 30 31 38 39 46 
47 48 49 55 56 57 58 59 60 63 65 66 
67 68 69 70 71 72 74 76 77 79 80 83 
85 86 87 92 96 97 98 101 102 106 109 114 
115 116 118 119 120 121 124 125 129 137 138 139 
147 148 149 150 153 154 158 161 162 164 165 166 
167 168 172 173 174 175 178 180 182 184 185 186 
188 195 196 198 200 
113
3 6 8 10 11 13 15 16 17 21 22 23 
25 26 27 28 29 31 32 33 35 36 38 39 
40 41 48 49 53 55 58 60 61 62 63 65 
67 68 69 70 72 75 76 78 79 82 83 84 
85 89 90 94 95 97 99 100 103 105 110 111 
112 114 115 116 120 121 128 129 130 131 132 133 
136 137 138 139 140 144 147 148 149 151 152 154 
155 157 158 159 160 161 162 163 164 167 169 170 
173 174 175 176 180 181 183 186 188 189 191 192 
196 197 198 199 200 
94
1 3 6 8 10 12 13 21 24 25 26 27 
29 31 35 36 37 40 43 44 46 47 49 51 
53 54 57 59 62 65 67 68 70 71 72 73 
74 75 78 81 89 90 91 93 94 96 98 99 
101 103 111 112 113 114 115 118 119 123 130 132 
133 134 135 136 138 140 141 143 146 151 152 153 
156 162 163 164 166 167 168 171 174 175 176 181 
185 186 188 189 190 191 193 194 196 197 
96
1 2 4 6 12 13 14 19 21 24 25 28 
30 32 35 36 37 38 41 43 48 49 50 51 
52 54 56 57 61 63 64 66 68 69 71 73 
76 77 78 85 86 87 89 92 93 94 98 105 
107 108 111 112 113 114 118 125 126 127 129 133 
134 135 137 138 139 141 146 147 148 151 152 155 
156 157 160 161 162 164 167 170 172 174 176 177 
178 185 186 187 189 190 191 192 193 195 198 199 
100
3 4 6 9 12 14 15 16 17 18 19 20 
24 25 29 32 34 35 38 39 42 43 44 47 
48 50 52 55 61 63 64 65 66 69 71 73 
75 78 80 82 85 87 88 91 94 95 96 98 
99 101 102 104 106 107 109 110 111 115 117 118 
119 127 128 129 130 132 133 136 138 139 143 145 
146 147 149 150 151 154 155 156 164 165 167 172 
173 175 177 178 180 182 183 185 186 187 191 192 
194 196 197 198 
108
1 2 3 4 5 6 7 9 11 12 13 16 
19 21 23 26 30 32 33 34 37 38 40 41 
42 43 44 45 47 49 50 54 57 58 60 62 
64 66 67 69 70 71 72 74 79 80 81 83 
84 86 89 90 91 94 95 96 97 98 99 100 
101 102 104 107 108 112 113 114 118 124 125 127 
132 133 135 137 139 140 143 144 145 147 148 149 
151 152 155 156 158 159 163 164 165 166 168 172 
174 175 179 180 182 187 190 191 195 196 199 200 
114
1 2 6 7 8 10 12 13 14 15 16 19 
20 21 23 26 28 29 30 32 38 39 42 44 
46 48 52 55 56 59 61 65 68 69 70 71 
73 75 76 77 78 80 81 82 83 87 88 89 
90 91 92 93 94 98 99 103 104 108 110 111 
112 113 114 115 117 120 124 127 130 131 133 134 
135 136 137 138 140 141 142 143 146 147 148 149 
150 151 154 155 158 159 162 163 165 166 167 168 
169 170 171 173 174 176 177 181 182 185 187 188 
189 190 194 195 198 199 
108
1 3 4 5 6 9 11 15 18 19 23 24 
26 36 37 39 42 43 44 46 47 48 50 51 
56 57 62 63 64 65 67 68 72 73 74 76 
77 78 79 82 83 85 86 88 89 90 93 94 
96 97 102 105 106 107 109 110 111 112 113 115 
117 119 121 123 125 126 127 131 132 133 134 136 
137 138 140 141 142 143 144 146 147 148 154 155 
157 160 161 162 163 164 167 169 170 171 172 173 
175 178 179 180 181 182 187 188 189 190 195 197 
108
2 3 4 5 6 7 8 11 12 15 17 19 
20 23 26 27 29 30 31 32 36 38 40 41 
42 44 46 47 48 49 50 51 52 54 55 59 
61 63 65 67 69 71 72 74 76 78 79 80 
81 82 83 85 89 90 94 98 99 100 101 102 
107 111 112 114 117 118 119 121 123 125 126 127 
129 130 131 132 135 136 139 143 144 146 147 149 
153 157 159 161 163 164 165 166 168 169 170 172 
176 177 178 180 181 186 190 191 192 194 198 200 
100
1 7 12 15 18 19 21 23 25 28 30 31 
32 34 35 37 38 42 45 46 47 48 49 50 
52 54 55 57 59 60 63 67 68 71 72 73 
74 76 77 81 82 87 88 90 91 92 93 94 
96 99 101 102 104 105 107 110 112 114 118 119 
121 123 129 131 133 134 137 138 139 140 143 144 
147 150 152 155 156 158 159 161 162 164 165 167 
171 173 177 178 179 183 186 187 188 190 193 194 
196 198 199 200 
97
1 4 5 7 9 10 11 16 19 20 24 25 
26 28 33 35 36 38 45 46 49 50 51 52 
54 56 57 58 59 60 65 66 67 68 69 70 
74 75 78 79 83 85 87 88 92 94 96 99 
100 103 105 109 112 114 117 119 120 122 123 124 
125 126 127 129 135 136 139 140 144 146 148 150 
151 153 155 157 158 159 160 161 165 166 172 175 
177 179 180 182 183 186 189 190 192 193 194 195 
198 
104
2 3 5 6 7 8 9 10 11 13 14 15 
23 25 27 28 31 33 34 35 37 38 39 40 
41 43 45 46 48 60 63 64 65 66 67 73 
77 83 84 85 86 87 88 89 90 91 93 96 
97 99 100 102 103 106 108 109 110 111 112 114 
116 119 123 125 127 128 132 133 134 135 136 138 
139 141 143 145 146 149 153 154 158 160 161 162 
163 166 170 171 172 173 174 176 178 180 182 184 
186 192 193 194 195 196 198 199 
98
1 3 4 6 7 10 11 12 13 15 16 17 
19 20 23 25 27 29 32 33 34 37 41 42 
43 49 51 55 57 59 60 61 62 63 64 65 
67 70 71 73 75 78 79 80 83 87 88 90 
91 92 93 94 96 98 102 110 115 116 117 119 
120 122 123 125 128 129 130 131 135 136 137 141 
142 143 144 146 148 149 153 159 161 165 168 171 
173 178 181 182 186 189 190 191 192 193 196 198 
199 200 
101
1 2 4 5 8 11 13 16 18 19 20 21 
23 25 29 33 35 36 37 38 40 41 42 43 
44 47 49 54 57 58 64 65 67 68 69 71 
74 75 76 77 78 80 81 83 84 87 88 90 
95 97 98 99 100 101 103 106 109 111 112 113 
114 117 118 120 122 125 128 131 132 133 136 137 
139 145 147 148 149 150 151 155 162 164 166 167 
168 170 172 177 179 181 183 184 185 190 191 192 
193 196 197 198 199 
98
1 3 4 7 8 9 10 15 16 19 20 22 
23 28 29 30 31 33 34 35 36 37 40 44 
45 47 51 52 54 56 57 61 62 65 66 69 
70 75 76 79 80 81 82 84 86 87 89 90 
92 93 95 97 103 108 110 111 116 118 120 121 
124 125 126 128 129 130 131 137 138 139 140 144 
146 149 150 151 152 155 157 158 160 161 163 164 
171 172 173 177 178 181 184 187 191 192 193 194 
197 199 
95
2 4 5 6 8 9 14 15 16 18 19 21 
22 23 25 27 28 29 30 33 41 42 43 44 
45 47 49 50 54 58 60 62 63 64 65 67 
69 70 72 73 75 76 80 84 85 92 93 95 
100 106 109 110 112 113 114 116 117 118 120 121 
124 126 128 131 137 138 139 142 145 146 147 148 
149 151 153 154 155 157 158 163 168 170 171 175 
178 183 184 189 191 193 194 195 196 197 198 
92
2 5 6 7 8 10 11 14 15 17 20 21 
28 30 33 34 37 39 40 41 42 44 45 47 
50 52 54 58 60 63 67 68 71 72 73 74 
78 79 82 83 84 86 87 91 94 97 98 99 
100 106 107 109 112 115 121 122 124 125 127 128 
131 132 137 138 139 140 141 142 143 154 155 158 
161 162 163 164 168 172 175 180 182 184 186 187 
189 190 193 194 195 196 197 200 
96
4 6 7 9 11 15 17 18 19 21 22 24 
27 28 29 33 35 36 37 38 39 40 41 44 
48 49 50 52 53 54 55 57 59 60 61 65 
66 67 68 69 70 71 74 75 77 79 83 85 
90 91 93 97 99 102 104 105 107 114 119 120 
121 122 123 124 134 140 142 146 147 148 151 153 
154 155 156 157 160 162 164 166 170 171 172 173 
175 182 184 185 186 187 191 192 194 195 197 200 
103
1 4 6 7 9 10 11 12 14 16 19 20 
21 24 30 33 34 40 42 43 44 45 46 47 
48 50 52 53 59 61 62 64 68 69 70 72 
73 75 77 81 82 83 84 86 89 90 91 93 
94 97 98 99 103 106 108 110 111 112 116 117 
123 124 128 129 130 133 135 136 137 138 140 142 
143 147 148 149 151 152 153 154 161 162 164 165 
168 169 170 172 173 174 175 176 177 178 179 180 
181 182 184 187 189 194 195 
96
4 5 7 10 12 14 19 26 30 31 32 34 
35 37 38 42 45 46 47 50 53 56 57 59 
63 65 67 68 69 70 71 73 75 76 77 78 
79 80 82 83 86 87 88 89 99 100 101 102 
105 107 108 112 113 114 115 117 118 125 127 129 
130 131 132 133 134 138 140 141 143 144 147 148 
150 152 153 154 155 158 161 162 164 168 169 172 
174 176 178 180 184 185 189 190 194 196 197 200 
96
3 6 7 8 11 13 16 17 18 19 22 26 
27 34 35 37 41 43 44 48 49 50 52 56 
65 66 67 68 69 70 72 73 77 82 84 85 
89 91 94 95 96 97 98 100 103 104 105 106 
107 109 111 114 117 118 120 122 124 125 129 130 
131 132 133 134 135 138 140 141 144 145 146 148 
149 154 155 156 161 166 167 169 170 172 174 177 
178 180 182 184 186 188 189 190 194 195 196 200 
92
1 5 7 8 10 11 15 16 18 20 22 24 
25 27 37 40 43 44 46 49 50 53 55 56 
57 60 61 63 64 67 68 72 73 74 79 80 
81 82 83 84 86 87 88 89 92 93 94 95 
97 98 101 104 105 106 107 109 112 116 117 118 
121 123 124 130 132 133 136 138 142 146 147 149 
150 157 159 162 169 170 171 177 178 181 182 183 
185 186 187 192 193 194 195 196 
86
1 3 6 7 14 15 18 20 25 27 28 39 
40 41 42 43 45 46 47 48 51 52 53 54 
56 57 59 62 64 65 67 69 71 74 81 82 
85 88 89 92 94 98 101 105 107 111 113 114 
116 117 118 121 123 124 125 126 130 131 132 133 
135 136 139 141 144 151 152 153 154 158 162 164 
166 169 172 174 179 180 181 182 186 191 192 197 
198 199 
99
2 3 4 5 7 10 12 13 14 18 19 21 
24 25 29 30 32 35 38 41 45 46 50 53 
56 57 59 60 61 62 64 66 67 69 70 71 
72 75 76 77 79 80 81 83 85 88 90 91 
92 93 96 97 99 102 105 107 108 109 110 111 
115 116 117 119 120 122 123 124 126 128 133 136 
138 139 141 145 146 148 151 153 154 155 159 162 
167 168 170 172 173 175 182 183 184 185 187 188 
189 193 196 
92
1 2 4 7 10 12 14 20 21 22 23 24 
27 28 29 30 31 32 33 35 36 37 39 42 
43 47 48 51 55 57 59 60 65 66 68 69 
70 71 73 74 76 77 79 81 83 84 89 93 
95 96 97 100 101 103 104 109 110 112 113 118 
120 121 124 128 130 132 135 139 141 143 152 156 
158 159 160 162 164 165 167 168 169 170 171 172 
176 177 178 182 189 190 197 198 
103
2 3 4 6 8 9 10 11 12 13 14 20 
23 24 27 28 29 31 38 40 41 42 46 47 
51 56 57 58 59 61 62 66 67 69 70 71 
72 75 76 81 85 86 89 90 95 96 98 103 
104 105 108 109 110 112 113 114 116 117 119 123 
124 125 128 129 130 131 132 133 134 140 141 142 
144 146 148 150 151 152 153 154 157 158 160 162 
163 165 170 171 172 173 175 177 178 182 184 186 
187 189 192 193 194 195 200 
101
2 3 9 11 12 17 18 19 22 23 25 27 
28 30 33 38 40 44 45 47 48 49 50 51 
55 58 60 63 64 66 68 69 71 72 74 75 
80 83 87 90 91 93 95 97 98 99 100 103 
105 106 107 112 113 115 119 121 124 126 130 131 
132 133 134 135 136 137 139 141 142 145 146 148 
149 150 152 153 155 156 157 159 161 162 163 165 
167 168 172 174 176 178 179 180 181 182 184 185 
189 190 193 196 200 
102
3 8 9 11 16 19 20 21 22 26 28 31 
32 35 37 38 40 41 42 44 46 49 50 51 
57 59 60 62 64 65 66 67 68 70 71 72 
73 74 76 78 79 80 81 83 88 92 93 95 
96 100 101 103 105 106 108 109 111 112 113 114 
115 118 119 124 126 127 129 130 134 139 140 141 
142 143 144 145 151 152 153 154 155 157 158 159 
162 164 170 172 173 175 178 179 180 185 186 188 
190 191 195 196 197 198 
101
2 5 6 7 9 12 16 17 18 21 22 30 
32 35 36 37 41 43 45 48 49 50 52 54 
55 57 58 59 60 61 65 66 68 70 74 75 
80 81 84 87 89 91 92 94 95 96 98 101 
103 104 108 109 110 111 112 113 115 116 117 118 
125 126 128 129 130 131 133 135 140 142 144 145 
146 147 148 151 152 154 155 159 161 163 165 168 
170 171 173 174 178 180 181 185 186 188 191 192 
193 195 196 198 200 
109
2 4 8 9 10 11 16 17 18 21 24 25 
26 27 28 29 32 34 36 38 40 41 42 46 
47 48 49 50 52 54 55 57 58 59 63 64 
66 67 69 70 71 72 80 82 84 85 86 87 
88 89 91 93 94 95 96 97 98 101 102 104 
105 108 109 111 112 113 115 116 122 123 124 125 
126 128 132 134 136 140 142 143 145 146 148 149 
150 152 153 156 157 158 159 161 163 164 165 168 
171 172 173 174 179 180 181 182 185 186 190 199 
200 
86
2 5 8 9 13 14 15 19 23 24 25 26 
30 31 34 35 37 40 41 43 44 45 46 48 
51 52 53 54 55 57 64 68 69 71 73 75 
82 83 85 88 89 90 91 98 99 100 104 105 
108 110 113 115 119 120 122 123 132 139 140 144 
145 146 148 149 150 151 154 158 159 161 162 163 
166 170 174 175 176 180 181 182 183 184 186 191 
195 200 
107
1 4 5 9 13 14 15 16 17 19 21 25 
27 29 32 33 36 37 39 40 42 45 48 49 
51 52 53 54 57 58 59 61 62 63 64 65 
67 68 69 73 77 78 81 83 84 85 86 88 
89 91 93 94 95 97 99 100 106 107 110 111 
112 113 117 118 119 124 125 126 130 132 133 135 
137 139 141 142 143 144 145 146 148 151 152 153 
156 157 162 163 164 165 166 168 169 172 174 178 
181 182 184 185 186 189 191 192 194 196 200 
103
2 3 4 5 6 7 8 11 16 17 18 19 
20 21 22 23 32 35 36 39 40 43 47 50 
51 52 54 56 58 59 61 62 63 65 66 68 
70 74 75 77 79 81 83 84 87 89 90 91 
94 95 98 100 101 104 105 106 107 108 110 117 
118 121 122 123 125 126 128 130 131 132 133 135 
139 140 141 143 144 145 150 151 152 158 159 160 
161 162 165 166 167 168 170 177 178 181 182 189 
190 191 192 193 195 197 200 
111
1 6 7 8 9 11 13 14 15 16 17 18 
21 22 23 25 26 29 30 31 32 34 38 40 
41 43 46 49 51 53 54 55 56 57 58 60 
63 65 66 67 69 70 71 72 75 76 77 78 
79 83 87 88 90 91 93 94 96 97 98 99 
100 101 107 108 109 111 112 113 114 116 120 123 
124 126 127 132 133 138 141 146 147 148 150 152 
153 155 157 158 159 160 164 165 166 167 168 170 
172 173 174 175 176 177 180 182 187 191 193 196 
197 198 200 
105
2 4 5 6 11 15 17 20 23 24 25 27 
28 31 35 36 38 39 40 44 45 46 48 54 
56 59 62 65 67 68 70 71 72 74 78 79 
80 82 83 85 86 87 88 89 90 91 92 93 
96 98 99 100 101 102 103 104 105 108 109 111 
112 113 114 116 120 121 122 125 127 128 129 130 
131 133 136 138 139 140 141 143 144 145 150 154 
158 160 162 163 164 165 167 169 174 176 177 179 
181 182 183 184 187 190 197 199 200 
100
7 8 11 18 19 21 22 24 25 28 29 30 
33 35 36 38 41 42 46 47 48 49 50 52 
56 60 63 64 65 67 68 69 70 71 74 77 
80 82 83 84 85 87 89 90 94 95 97 99 
102 103 106 107 110 114 116 117 118 119 123 129 
130 131 136 137 138 139 141 144 145 147 149 151 
152 153 157 158 160 163 164 165 167 169 170 171 
172 173 175 176 179 180 181 182 183 184 185 190 
192 195 197 199 
99
2 4 7 12 14 15 16 17 19 20 21 22 
23 24 25 26 28 29 35 38 41 42 43 44 
45 46 47 48 49 51 52 53 55 56 57 59 
60 62 63 64 67 68 69 70 78 83 89 90 
95 96 97 99 103 105 107 108 109 110 111 112 
118 119 120 121 122 123 125 127 129 136 137 138 
139 142 146 150 156 157 159 160 161 163 165 166 
169 170 174 175 176 179 181 185 186 187 191 192 
194 197 199 
97
4 5 6 7 8 13 14 16 18 21 23 24 
26 29 30 35 39 42 44 47 51 53 55 58 
59 61 64 70 76 79 84 85 87 89 91 94 
95 98 100 101 102 103 105 106 108 109 112 113 
114 117 118 119 122 124 126 128 130 132 140 141 
143 146 147 148 150 152 154 155 156 157 158 160 
161 162 163 165 166 167 171 172 173 175 177 179 
180 181 182 183 184 186 187 188 190 192 194 196 
200 
97
3 5 7 9 11 12 13 15 20 21 26 27 
31 32 33 35 36 38 42 47 50 52 55 58 
64 66 67 69 72 73 75 76 81 82 83 84 
85 86 87 88 95 97 98 100 101 103 105 106 
107 108 109 111 118 120 124 125 126 127 128 129 
132 133 134 135 136 137 139 146 148 149 152 154 
156 157 158 159 161 163 165 168 169 170 171 174 
175 177 178 183 187 188 189 192 193 197 198 199 
200 
107
3 4 5 8 10 11 12 13 15 21 22 23 
24 25 26 27 28 31 33 36 40 42 45 46 
49 50 51 54 55 57 59 60 61 63 66 67 
68 69 71 73 77 78 81 82 83 84 85 87 
92 93 94 95 96 97 98 101 104 105 107 108 
109 110 112 114 116 117 118 121 125 126 129 130 
132 134 136 138 139 140 141 143 146 147 148 150 
153 157 160 162 163 167 168 169 173 175 179 181 
182 183 186 189 190 191 192 194 195 199 200 
104
1 2 3 6 8 9 11 13 15 19 20 21 
24 32 34 38 39 40 44 47 49 52 55 59 
60 66 67 69 71 74 75 78 79 80 82 83 
85 86 88 90 95 97 98 101 102 104 106 108 
110 111 112 114 115 117 118 122 124 125 127 129 
130 131 132 133 134 136 137 140 143 145 148 149 
150 151 153 155 156 157 158 161 165 166 168 169 
171 172 174 175 176 177 179 180 181 182 183 184 
189 191 192 193 197 198 199 200 
