200 100
1 1 1 1 1 1 1 1 1 1 1 1 
1 1 1 1 1 1 1 1 1 1 1 1 
1 1 1 1 1 1 1 1 1 1 1 1 
1 1 1 1 1 1 1 1 1 1 1 1 
1 1 1 1 1 1 1 1 1 1 1 1 
1 1 1 1 1 1 1 1 1 1 1 1 
1 1 1 1 1 1 1 1 1 1 1 1 
1 1 1 1 1 1 1 1 1 1 1 1 
1 1 1 1 
30
1 3 4 7 9 13 15 18 21 24 29 33 
34 35 37 41 42 55 57 60 64 65 71 72 
74 77 80 87 92 93 
37
6 9 11 12 13 17 19 24 27 30 35 39 
42 45 46 47 53 55 57 58 61 63 67 68 
69 70 72 77 78 79 80 85 88 90 91 93 
97 
31
5 6 13 21 24 25 27 29 34 35 36 42 
45 46 49 50 51 55 69 72 80 81 84 85 
86 87 88 89 92 94 98 
31
1 3 9 10 11 13 15 19 23 24 25 34 
38 40 43 50 52 56 58 60 62 65 67 72 
77 78 80 83 93 95 99 
25
3 10 16 18 19 26 29 35 36 40 43 46 
48 50 58 63 65 70 72 77 80 90 91 92 
98 
34
1 4 5 6 7 10 14 19 30 33 35 36 
37 38 40 41 44 46 47 51 54 59 63 65 
66 68 71 76 79 82 89 91 92 99 
30
3 14 18 20 22 23 25 26 28 30 36 40 
41 46 51 56 60 62 64 69 70 71 72 73 
80 81 96 98 99 100 
27
3 5 6 9 10 12 19 22 24 29 30 31 
35 43 44 51 56 70 72 74 77 80 83 87 
92 94 99 
30
2 7 14 15 21 22 24 26 27 29 31 33 
37 38 39 40 48 51 54 60 62 63 72 75 
77 79 81 87 95 96 
28
6 8 10 11 17 31 42 43 50 53 55 56 
60 62 63 67 70 71 73 78 81 85 90 93 
94 97 98 100 
25
1 2 4 6 8 9 13 14 19 25 26 35 
40 42 45 49 57 58 62 65 69 78 83 89 
96 
27
1 4 5 10 11 12 13 14 16 20 26 30 
32 45 53 55 57 61 63 70 71 79 81 82 
83 92 100 
35
2 5 14 16 22 26 29 31 34 36 39 40 
46 47 50 52 54 55 56 60 62 65 72 74 
75 78 79 83 86 87 88 89 93 96 99 
26
1 5 7 13 14 23 24 34 35 36 37 40 
42 45 50 53 54 62 63 72 76 86 88 93 
98 100 
21
4 11 14 23 24 26 30 36 37 43 46 48 
49 50 54 57 61 78 79 83 92 
23
4 6 7 10 11 12 13 19 23 24 33 34 
43 52 60 66 71 72 75 88 90 91 94 
38
2 3 4 8 10 11 12 14 15 16 18 23 
33 35 37 38 39 40 46 47 52 53 54 56 
58 60 65 67 69 74 76 78 87 88 91 92 
94 99 
29
5 9 11 12 18 20 22 23 26 29 31 36 
38 43 46 47 54 55 56 58 61 70 73 76 
77 81 84 94 99 
24
6 17 22 23 27 29 31 36 42 45 47 50 
56 57 59 61 73 76 78 79 85 97 98 99 
31
1 5 6 7 11 12 13 14 23 24 25 36 
38 42 43 46 48 52 57 61 62 64 68 69 
71 86 89 90 95 96 99 
30
4 12 16 18 20 23 25 26 33 35 37 38 
39 52 61 62 66 71 72 74 76 77 79 80 
81 84 93 97 99 100 
38
3 5 7 12 14 18 20 21 28 29 30 32 
34 45 46 47 48 50 52 55 57 60 62 70 
76 77 78 80 81 85 89 91 94 95 96 98 
99 100 
28
3 14 19 21 24 25 28 30 39 41 46 47 
48 49 50 51 62 63 68 69 70 73 90 93 
94 95 96 98 
33
2 7 8 14 19 26 28 35 38 40 41 43 
46 47 48 49 50 52 54 59 62 64 67 71 
78 79 86 88 90 93 96 98 100 
27
5 11 14 15 19 20 24 25 27 45 47 49 
57 59 64 67 68 69 71 72 77 80 84 90 
91 92 100 
25
2 3 5 10 14 17 19 26 30 32 37 40 
43 46 53 58 62 66 67 69 72 73 76 85 
90 
29
6 9 15 19 21 23 31 32 34 42 43 45 
48 50 51 52 53 54 55 56 57 58 62 69 
74 85 90 94 97 
38
1 2 6 11 19 21 23 24 29 32 33 34 
35 38 40 42 43 45 47 49 52 53 56 57 
60 61 66 67 68 70 74 78 83 85 86 88 
94 100 
35
1 7 11 14 17 23 26 28 30 34 37 38 
39 40 43 45 46 49 51 52 59 60 63 70 
72 75 76 78 80 83 85 87 89 93 96 
33
4 8 9 10 13 17 24 33 34 36 40 42 
46 47 49 50 51 53 56 57 59 60 61 67 
69 72 85 87 89 91 95 96 99 
30
4 7 10 11 13 14 19 23 25 26 28 29 
33 41 43 44 46 52 58 59 63 65 68 71 
78 85 87 90 92 100 
26
3 5 8 10 22 25 30 31 33 36 41 42 
49 52 53 55 56 58 64 67 68 87 89 91 
92 98 
25
2 3 4 9 24 25 27 29 31 32 33 35 
40 48 59 60 66 76 79 83 89 93 94 96 
100 
24
9 11 14 20 21 23 31 38 39 41 43 45 
56 57 60 61 74 75 76 78 86 91 92 94 
28
1 6 14 16 26 27 31 32 36 40 50 54 
57 64 65 70 73 74 79 83 84 88 91 92 
94 96 97 100 
26
9 13 17 23 26 27 35 42 43 44 47 51 
52 54 55 60 61 62 65 69 78 80 89 90 
95 99 
25
2 10 12 15 21 26 32 35 37 39 41 46 
47 49 51 53 55 58 60 61 62 64 86 92 
95 
36
1 2 8 11 16 18 19 20 21 27 28 30 
32 35 38 39 42 43 45 46 49 53 61 62 
64 70 77 79 80 89 90 92 94 95 96 97 
34
1 3 4 5 6 10 17 24 25 29 31 32 
35 39 40 41 43 46 48 54 55 62 66 67 
68 75 78 80 84 89 90 91 97 99 
29
3 7 11 12 14 19 20 25 26 33 35 36 
42 43 44 51 52 53 54 55 62 63 72 79 
80 81 84 89 92 
33
3 8 9 12 16 24 25 27 28 30 33 35 
36 38 41 42 46 50 53 60 64 67 68 69 
71 73 75 78 79 83 84 89 97 
35
2 3 7 8 13 17 20 24 25 29 34 37 
44 45 46 50 53 54 56 57 58 59 63 64 
70 78 81 82 83 88 89 91 93 98 100 
30
1 3 4 5 12 17 20 21 24 26 27 35 
36 37 43 44 45 52 54 57 58 65 68 73 
86 89 92 93 96 99 
32
3 4 5 6 8 13 17 19 21 24 25 28 
29 30 32 33 40 41 42 44 52 54 63 66 
67 74 80 82 83 90 92 97 
25
1 2 3 5 7 11 14 25 33 38 40 41 
53 54 56 60 63 64 68 77 80 82 87 96 
98 
31
1 2 5 7 11 16 17 22 24 27 28 31 
33 35 42 46 55 57 58 64 71 75 80 82 
84 88 89 93 94 96 97 
35
1 4 7 11 15 16 17 19 20 22 30 35 
37 39 44 45 53 54 55 57 63 64 66 68 
70 72 75 76 77 78 79 80 84 85 99 
21
5 11 13 27 28 36 38 41 46 56 57 63 
68 74 77 78 80 91 92 95 96 
31
7 9 11 13 14 19 20 21 24 25 27 30 
33 34 35 36 37 40 41 48 49 53 67 73 
75 77 82 84 91 94 99 
28
4 7 15 19 27 28 29 37 38 47 48 49 
51 54 55 58 70 74 75 76 80 81 84 88 
89 90 91 95 
33
2 3 6 11 12 14 16 19 21 28 31 34 
36 39 43 46 51 53 56 60 63 64 70 71 
75 76 80 82 85 86 91 96 99 
34
3 4 11 12 14 18 20 27 31 32 35 37 
38 43 45 51 58 59 61 64 66 68 71 78 
83 85 87 88 92 95 96 97 98 99 
29
5 7 8 22 27 30 32 34 39 40 41 47 
49 51 58 60 62 64 76 77 80 84 85 86 
88 95 96 99 100 
23
2 14 19 32 33 35 38 45 49 54 56 62 
67 69 75 79 81 84 85 87 92 98 100 
30
2 5 8 10 12 13 14 19 22 24 25 30 
32 33 37 39 43 49 55 57 58 70 76 78 
90 91 92 93 94 97 
36
2 5 11 12 13 16 19 22 24 26 27 28 
29 32 36 37 39 48 50 51 53 56 62 66 
69 73 76 77 79 80 81 84 90 95 99 100 
30
3 10 11 12 13 15 19 23 25 31 36 37 
42 46 47 48 49 50 52 54 55 59 64 67 
68 74 75 86 88 92 
24
2 3 9 14 17 28 31 38 39 40 48 50 
54 58 60 63 74 75 76 87 93 96 97 99 
28
2 10 12 18 21 22 24 26 29 33 35 38 
46 49 53 54 55 62 63 64 65 68 71 72 
76 92 95 100 
29
3 4 6 8 12 16 21 25 30 32 33 34 
36 43 45 50 53 56 60 66 69 71 75 77 
80 81 85 91 100 
27
5 7 10 18 23 28 33 34 35 45 47 49 
50 59 60 63 65 69 72 78 79 82 84 86 
91 97 99 
31
1 3 7 14 16 17 20 22 23 25 27 28 
31 33 35 38 48 51 54 61 72 75 82 84 
85 86 87 90 91 92 93 
23
1 5 7 16 17 21 23 24 27 35 36 41 
42 47 52 54 56 62 73 80 87 98 99 
27
10 20 26 28 30 31 34 35 39 44 45 46 
49 51 54 66 74 75 86 87 89 90 91 94 
95 96 100 
31
3 10 12 13 15 19 25 29 32 33 34 36 
43 46 51 54 56 57 63 66 73 74 75 76 
85 89 90 91 95 96 99 
33
6 8 17 18 28 29 35 36 40 41 42 43 
49 53 55 57 58 60 62 65 72 73 77 79 
80 83 84 88 90 92 94 98 100 
31
1 2 5 19 23 26 28 31 32 34 35 38 
39 40 43 48 53 54 62 64 66 67 72 74 
76 78 82 87 94 98 99 
27
1 12 13 20 24 30 31 33 39 42 47 48 
56 59 63 64 66 69 73 75 85 86 88 93 
95 98 100 
30
4 7 9 10 18 19 22 28 29 41 42 43 
44 47 51 56 58 64 71 73 76 79 80 85 
88 89 92 95 96 97 
33
3 4 5 6 8 21 23 24 27 28 32 39 
44 46 47 50 55 57 58 63 70 71 72 76 
77 78 80 91 94 96 97 98 99 
34
3 6 8 12 14 16 19 23 25 26 31 33 
35 42 43 44 46 47 49 53 56 63 65 67 
72 76 77 82 83 88 90 97 98 99 
33
1 2 3 5 6 11 13 15 18 21 25 26 
29 31 35 39 46 48 61 62 63 64 69 70 
72 74 75 79 82 85 87 97 99 
29
3 4 5 8 9 10 15 28 31 32 35 37 
45 48 50 54 57 64 67 68 69 83 84 90 
93 97 98 99 100 
29
4 16 19 21 26 30 37 38 39 41 42 48 
51 52 54 55 63 65 71 73 75 79 81 83 
90 92 94 95 98 
27
1 3 7 9 11 14 15 22 24 29 32 33 
35 39 41 47 56 57 61 63 64 65 66 70 
92 95 100 
33
5 7 18 21 25 26 30 32 33 34 35 41 
43 44 46 53 54 58 64 67 69 70 71 76 
77 78 85 86 87 90 92 94 99 
21
6 11 15 17 18 19 21 27 28 29 31 35 
37 41 47 55 66 67 82 87 91 
26
1 2 4 9 17 21 25 26 27 34 37 39 
52 53 59 60 62 63 65 74 78 81 84 89 
91 100 
28
18 21 22 24 25 27 28 29 30 32 36 37 
46 47 49 55 56 61 63 66 68 73 76 78 
85 86 87 89 
23
4 11 14 19 20 22 25 38 41 45 49 56 
62 64 68 72 83 87 90 92 95 96 98 
27
6 26 27 33 34 36 37 40 44 49 51 53 
63 70 72 74 75 76 77 79 80 81 83 88 
89 92 94 
31
2 4 10 13 16 17 18 21 27 30 33 38 
42 43 47 48 53 62 68 70 71 76 77 78 
79 87 91 94 95 96 97 
27
5 6 9 12 14 15 17 21 22 25 35 39 
48 49 50 56 63 73 76 80 82 84 89 91 
94 96 100 
27
2 4 5 10 12 13 16 18 19 27 29 30 
35 40 42 54 63 66 75 79 81 85 89 91 
93 94 100 
28
1 6 7 17 21 24 27 29 39 43 52 53 
54 58 59 61 62 64 65 68 77 78 79 81 
83 94 98 99 
29
4 8 9 12 16 17 21 24 27 30 37 39 
40 46 47 48 55 61 63 64 66 70 71 78 
86 89 91 94 95 
32
2 3 4 9 16 21 24 25 26 36 42 43 
45 54 58 61 69 70 75 76 80 81 83 84 
89 90 91 93 95 97 98 99 
25
7 8 9 11 12 19 20 29 33 35 38 50 
55 57 61 64 67 71 72 75 76 79 96 98 
100 
23
13 17 25 29 30 32 35 36 41 42 43 48 
53 56 63 69 70 77 80 83 85 97 98 
34
2 3 5 15 22 25 26 29 33 34 37 39 
42 43 45 49 50 53 55 60 62 64 65 69 
72 75 77 79 81 82 85 87 89 100 
31
2 7 10 14 15 18 23 25 30 32 34 39 
44 46 48 49 50 56 61 62 64 65 68 74 
76 81 91 95 96 99 100 
28
1 4 6 9 11 13 14 17 18 24 28 30 
39 42 47 51 57 59 62 64 66 68 73 76 
80 87 93 100 
37
4 5 8 11 17 19 20 21 23 25 27 29 
30 32 36 39 45 47 50 53 60 64 65 67 
68 72 73 74 75 78 79 80 81 83 85 87 
96 
33
4 8 13 17 18 20 24 29 32 33 34 35 
36 37 41 44 47 49 50 61 63 64 71 73 
74 78 79 87 89 90 91 94 100 
37
3 4 6 13 14 16 18 22 29 30 34 35 
45 46 48 51 53 54 56 60 61 62 68 69 
73 74 75 77 80 82 85 88 91 92 93 95 
98 
28
2 10 16 18 24 25 26 28 34 40 42 43 
48 50 52 55 60 63 65 70 75 79 81 82 
85 88 90 95 
29
5 6 10 15 36 40 41 42 48 49 50 51 
53 54 60 62 63 64 67 72 76 80 82 86 
88 93 96 98 100 
30
2 15 16 17 21 30 41 43 46 48 49 50 
54 55 58 60 61 62 66 67 68 74 80 82 
83 84 90 93 99 100 
34
2 5 6 8 12 13 19 20 21 23 24 27 
35 36 39 47 49 51 53 54 59 61 65 69 
76 78 79 81 84 85 91 92 95 100 
28
1 5 16 22 27 32 33 34 35 36 41 49 
50 52 55 61 62 63 71 72 77 82 83 84 
88 89 93 95 
33
3 4 6 7 8 11 12 16 20 23 26 33 
37 38 40 41 42 44 46 49 51 56 60 63 
68 69 77 80 85 94 95 99 100 
36
2 6 19 21 22 24 27 28 33 36 39 42 
43 47 48 54 55 58 59 62 64 66 72 74 
76 77 79 80 84 87 88 90 91 95 98 99 
21
2 12 21 22 24 27 36 38 49 55 63 64 
65 67 70 74 82 84 88 89 93 
32
1 8 9 10 14 17 22 24 25 30 32 35 
37 40 41 43 47 49 54 60 61 62 63 68 
70 72 76 78 81 85 95 100 
30
3 5 7 9 10 11 12 23 27 28 30 33 
34 40 45 46 59 60 63 65 68 69 71 72 
75 76 78 87 93 100 
26
10 11 12 13 20 23 32 34 36 38 42 43 
45 49 50 52 53 56 60 67 70 71 83 93 
94 95 
35
5 7 8 11 12 16 21 22 26 31 33 36 
39 41 42 46 48 49 54 58 60 67 71 75 
76 79 83 84 86 87 91 92 97 98 100 
27
4 9 14 15 16 17 27 32 36 37 39 42 
48 50 55 62 70 75 80 81 82 85 86 91 
93 94 100 
28
7 8 15 23 26 29 34 36 37 39 45 49 
50 57 62 63 66 69 72 75 78 79 87 88 
90 95 97 98 
29
1 3 12 13 15 16 26 31 36 37 42 44 
46 47 50 52 56 57 58 59 68 69 85 88 
91 94 96 97 100 
30
4 15 19 26 27 29 32 35 37 39 41 44 
45 49 52 53 54 56 58 66 72 74 78 84 
87 88 89 91 92 97 
21
3 5 6 9 11 12 18 24 26 29 39 45 
49 50 53 58 64 70 73 82 95 
21
10 20 26 28 31 33 40 44 48 49 51 52 
61 63 64 66 70 85 87 90 94 
27
1 20 21 25 26 27 30 32 37 40 45 57 
60 61 64 70 71 72 79 80 82 88 90 95 
96 97 98 
29
3 7 8 9 10 14 17 18 25 29 31 35 
37 38 40 41 43 46 55 58 60 65 70 86 
89 90 94 97 98 
28
2 4 5 10 13 18 19 24 25 27 35 39 
42 45 49 52 63 68 70 72 78 79 82 87 
89 90 95 97 
34
2 5 6 9 10 11 12 15 17 21 30 37 
39 43 47 50 51 52 53 55 56 58 63 67 
71 74 75 77 80 83 87 92 95 97 
32
2 3 5 15 16 19 23 28 30 34 35 38 
40 42 47 52 53 54 59 60 62 64 65 67 
68 76 82 86 88 90 93 97 
31
4 9 10 11 12 15 18 22 26 31 32 33 
34 37 40 42 45 46 50 55 62 66 69 77 
80 84 85 89 92 94 100 
30
3 5 7 9 10 13 14 15 16 17 18 19 
23 28 30 31 37 45 58 60 63 65 68 69 
78 85 89 92 96 98 
33
2 4 5 6 13 20 24 26 33 34 35 37 
41 47 51 53 54 60 64 66 68 71 74 75 
76 78 81 87 88 90 91 95 96 
31
1 4 5 6 10 13 17 19 20 21 22 23 
25 27 33 34 36 44 46 48 50 53 58 61 
70 72 76 85 87 91 93 
32
1 8 11 13 18 19 26 33 35 37 44 45 
47 48 51 58 60 65 66 67 72 73 74 77 
85 86 90 91 92 94 99 100 
26
6 7 9 13 14 17 24 26 31 37 39 40 
41 44 47 53 56 59 62 68 74 77 90 91 
98 100 
31
7 8 13 14 17 19 27 29 34 35 36 37 
41 44 53 54 55 56 59 62 64 65 66 79 
81 83 91 92 95 98 100 
27
1 6 17 19 26 32 33 36 40 46 47 49 
50 55 56 58 59 60 66 72 76 91 95 96 
97 98 99 
29
2 6 13 14 15 17 18 19 20 22 27 29 
30 34 35 37 39 40 43 46 47 52 54 56 
64 65 67 89 96 
34
1 4 6 7 14 17 20 24 29 31 32 35 
41 46 48 50 55 56 57 66 67 72 73 74 
75 82 83 84 86 89 90 92 98 99 
26
1 3 9 11 20 24 28 31 32 34 37 38 
51 52 55 70 74 76 77 81 84 87 88 92 
94 96 
38
3 5 9 11 12 18 19 20 21 22 27 28 
33 34 36 37 53 57 58 59 60 62 63 64 
67 70 73 76 78 79 81 89 90 91 92 98 
99 100 
24
4 9 10 24 28 43 45 49 53 54 57 58 
68 80 83 87 90 91 93 94 95 96 99 100 
27
3 4 18 21 28 31 37 45 50 52 53 54 
57 58 59 67 71 75 76 77 80 86 87 90 
93 95 98 
29
5 9 10 13 17 22 24 28 29 31 34 36 
38 39 47 50 51 52 57 61 65 70 75 81 
88 91 96 98 100 
25
3 7 8 12 18 20 22 33 34 37 38 42 
43 47 54 55 59 62 71 72 81 85 86 93 
100 
27
1 7 12 17 18 24 28 32 34 37 39 42 
44 47 53 61 64 67 71 75 80 91 92 93 
94 95 99 
25
1 2 5 29 30 31 32 34 36 42 50 54 
58 59 64 69 71 73 76 84 92 95 96 97 
100 
33
5 9 11 12 15 16 19 20 21 22 27 28 
31 32 33 35 36 38 39 41 43 50 51 52 
54 57 72 73 74 75 77 92 96 
31
1 2 4 5 8 14 15 17 25 26 28 41 
43 48 51 56 59 63 67 68 69 71 76 80 
83 84 89 90 97 98 100 
29
1 3 5 10 12 16 32 41 43 44 51 57 
58 60 63 66 69 71 74 76 78 81 82 86 
90 91 93 95 98 
31
9 12 14 15 16 17 19 21 23 32 34 35 
38 40 42 49 50 63 65 66 69 74 76 77 
78 79 90 93 94 95 98 
31
6 11 12 14 17 21 22 24 25 26 27 32 
35 42 44 45 48 54 63 66 67 69 71 73 
74 75 76 77 97 98 100 
22
3 10 13 17 20 29 31 32 50 56 59 60 
63 64 70 75 77 79 86 89 93 99 
31
1 6 10 16 20 21 23 25 32 33 34 37 
38 42 45 46 48 49 53 54 55 68 72 75 
76 77 78 79 80 82 83 
21
4 8 22 32 35 36 37 38 39 42 45 46 
48 51 52 54 63 70 75 95 98 
28
2 4 18 32 39 40 41 46 48 50 51 53 
56 59 60 66 70 78 80 82 87 88 89 91 
92 95 98 100 
33
4 6 12 16 18 21 22 23 25 35 37 38 
54 58 61 62 63 67 69 70 73 74 76 78 
79 83 85 91 92 93 95 99 100 
34
1 3 7 9 10 13 17 20 21 24 26 28 
29 30 32 34 38 39 40 41 45 48 50 56 
64 66 68 72 76 87 89 90 99 100 
28
6 8 10 18 20 21 27 43 44 50 53 63 
65 69 70 71 72 75 76 78 80 82 83 84 
85 86 95 98 
32
7 16 21 24 27 31 33 35 40 42 45 50 
54 56 57 65 67 69 70 71 74 75 77 79 
81 84 85 86 88 94 96 100 
31
7 10 11 15 21 29 30 35 37 38 42 48 
49 51 61 62 64 65 66 68 72 73 75 79 
81 83 86 89 93 97 99 
32
2 5 9 11 13 26 27 30 31 37 38 39 
42 45 46 49 54 58 60 62 72 74 77 79 
82 88 89 91 93 95 96 99 
28
1 3 17 20 23 27 28 31 33 34 35 39 
40 58 60 65 68 71 73 75 77 81 84 87 
89 91 94 95 
27
1 5 6 18 20 21 22 24 26 27 28 30 
36 38 42 45 48 54 56 59 64 74 83 84 
88 90 99 
28
6 9 13 15 18 20 21 31 33 34 38 54 
55 56 62 63 64 65 69 70 72 75 77 78 
87 89 93 95 
31
4 5 7 11 12 13 16 17 25 27 29 30 
32 34 49 50 57 58 61 62 63 65 68 76 
77 79 82 84 92 93 100 
28
3 7 9 13 17 24 25 31 32 33 43 46 
47 53 56 57 58 62 65 67 69 72 73 79 
85 93 95 99 
28
1 3 6 15 22 27 30 31 32 36 42 43 
45 47 49 52 53 54 62 64 71 79 84 88 
90 93 94 95 
24
3 4 6 19 21 27 34 40 41 43 44 52 
62 63 67 71 74 75 88 90 96 97 98 99 
32
2 3 5 10 12 13 14 17 19 20 23 25 
27 28 32 35 36 41 44 45 48 50 56 69 
75 79 80 81 87 89 92 98 
22
6 7 8 10 14 23 29 40 42 46 49 57 
64 68 69 71 73 74 78 81 83 87 
28
1 2 3 5 8 10 14 29 32 35 44 45 
48 49 50 52 54 57 60 63 65 67 73 78 
83 89 92 96 
39
5 6 7 8 10 11 13 16 17 18 20 23 
29 31 34 36 38 41 43 45 46 48 49 50 
53 55 59 63 65 68 75 76 79 83 85 87 
92 96 100 
33
6 8 14 19 21 24 32 34 35 38 44 46 
48 50 52 55 56 59 60 63 64 70 74 75 
76 77 80 85 89 92 93 95 99 
21
3 13 15 22 23 25 32 35 43 47 51 52 
59 64 66 70 71 75 76 79 85 
35
1 12 15 20 25 28 30 32 34 36 38 39 
45 48 49 50 57 58 60 61 63 64 67 68 
74 75 76 78 81 86 87 90 92 98 99 
31
1 2 6 11 14 17 23 26 29 31 38 40 
46 50 51 53 56 60 69 71 75 76 77 78 
80 81 87 90 91 92 93 
28
2 14 16 19 22 23 29 31 33 36 38 41 
42 44 46 47 54 55 63 64 71 82 84 86 
87 88 97 99 
32
2 4 9 10 15 18 22 23 24 26 33 34 
36 37 40 44 50 53 54 63 66 70 74 75 
76 77 81 84 95 97 99 100 
25
3 7 9 11 15 17 21 23 27 28 29 33 
38 63 68 69 78 81 82 88 90 92 95 99 
100 
22
1 5 13 15 16 22 31 34 38 45 48 51 
52 53 56 66 73 81 82 86 91 92 
35
5 9 13 16 20 21 22 24 33 35 36 38 
39 46 50 60 62 64 65 67 68 70 71 74 
79 83 86 88 89 91 92 94 96 97 100 
36
2 8 14 18 25 26 27 31 32 35 36 37 
41 43 50 51 57 62 63 65 66 68 74 75 
81 82 85 87 88 89 91 94 95 96 98 100 
33
4 7 10 13 14 15 18 23 25 26 28 29 
30 33 34 37 50 54 56 59 60 69 71 76 
78 79 80 84 86 87 91 93 96 
31
12 13 15 16 17 18 19 20 22 26 29 30 
33 41 44 50 53 54 65 71 73 78 80 83 
84 89 90 92 94 96 98 
30
15 16 25 28 32 34 36 42 45 46 48 53 
55 57 64 65 68 70 72 75 77 81 82 84 
88 92 95 97 98 100 
32
5 6 7 10 16 17 18 20 21 26 27 29 
33 36 41 48 59 61 72 74 76 80 83 84 
87 88 89 94 95 96 98 99 
29
4 7 21 26 27 29 37 46 47 49 54 56 
59 60 62 64 67 71 72 76 79 81 83 85 
87 88 90 91 94 
30
1 2 3 4 9 13 15 18 21 23 24 28 
31 33 35 38 39 40 46 53 56 67 70 74 
75 78 79 83 94 96 
26
2 6 8 18 21 26 30 31 37 38 42 44 
47 48 50 64 66 67 69 70 76 80 88 90 
93 95 
22
1 13 14 19 21 22 23 25 35 47 54 57 
59 62 70 71 77 83 86 94 96 98 
27
4 6 10 12 26 27 30 31 37 39 43 44 
45 47 49 51 53 54 58 62 63 64 76 80 
83 88 100 
34
1 3 5 11 12 14 17 20 25 38 42 47 
49 51 54 56 65 69 73 75 76 77 79 82 
84 85 87 89 91 92 93 95 99 100 
33
1 11 12 26 29 34 38 41 42 48 49 53 
54 55 58 63 66 67 69 72 75 76 77 80 
84 85 86 87 89 90 96 97 100 
30
6 7 9 13 14 27 29 30 32 33 35 39 
41 44 51 55 56 57 62 63 65 74 75 76 
77 88 89 95 96 98 
23
2 8 17 18 19 21 24 31 34 35 40 41 
42 44 49 53 54 65 70 73 77 86 95 
34
2 3 6 8 16 19 20 21 22 28 29 30 
34 35 37 43 44 45 53 56 60 61 62 63 
65 66 70 75 80 85 87 88 89 100 
30
7 11 15 18 19 25 26 29 35 37 41 43 
44 49 50 60 62 63 65 67 68 69 72 74 
79 83 85 94 97 98 
26
2 6 11 14 21 22 26 34 41 42 45 46 
51 61 62 65 70 74 77 80 85 86 88 89 
95 98 
33
1 5 10 12 17 18 20 22 24 27 28 38 
39 40 44 47 48 54 55 60 62 63 65 67 
70 74 76 78 81 83 88 89 94 
34
2 6 11 12 16 18 19 22 23 27 28 32 
35 43 48 49 50 51 55 56 64 65 69 71 
75 76 79 80 81 87 90 95 98 99 
30
2 6 7 8 11 12 15 27 33 41 42 46 
48 50 54 58 61 62 63 66 68 72 76 80 
85 88 94 95 99 100 
33
2 18 20 22 23 25 26 31 34 40 43 44 
46 52 53 55 56 57 58 60 65 72 73 78 
79 81 82 83 84 88 89 91 93 
34
1 5 9 12 22 29 31 33 36 37 43 44 
47 50 51 56 57 60 61 62 72 73 74 75 
80 81 82 84 86 88 92 95 96 97 
26
2 4 6 7 10 14 22 25 31 32 34 36 
40 43 51 55 64 65 67 68 71 77 81 85 
88 95 
32
1 9 10 15 23 25 28 29 36 40 44 45 
46 50 52 56 57 62 65 71 72 74 77 79 
80 81 86 94 95 96 97 99 
25
7 9 12 15 21 25 26 30 31 32 34 35 
39 40 55 58 61 64 71 73 74 79 82 85 
87 
29
2 6 15 16 20 22 23 24 26 28 29 36 
37 39 46 53 59 68 69 71 73 74 79 83 
92 93 94 98 100 
42
1 2 7 8 10 13 18 19 20 21 22 24 
25 29 33 38 40 42 44 45 50 54 55 56 
58 62 64 67 68 69 73 76 79 83 85 86 
87 90 93 94 98 99 
30
3 4 7 8 17 21 22 27 28 29 30 34 
35 36 40 41 44 45 47 48 51 57 58 61 
66 71 75 93 94 100 
32
2 3 5 10 12 13 17 18 24 29 30 34 
37 40 43 46 49 50 54 56 60 64 65 66 
68 72 75 80 81 90 91 100 
