100 200
1 1 1 1 1 1 1 1 1 1 1 1 
1 1 1 1 1 1 1 1 1 1 1 1 
1 1 1 1 1 1 1 1 1 1 1 1 
1 1 1 1 1 1 1 1 1 1 1 1 
1 1 1 1 1 1 1 1 1 1 1 1 
1 1 1 1 1 1 1 1 1 1 1 1 
1 1 1 1 1 1 1 1 1 1 1 1 
1 1 1 1 1 1 1 1 1 1 1 1 
1 1 1 1 1 1 1 1 1 1 1 1 
1 1 1 1 1 1 1 1 1 1 1 1 
1 1 1 1 1 1 1 1 1 1 1 1 
1 1 1 1 1 1 1 1 1 1 1 1 
1 1 1 1 1 1 1 1 1 1 1 1 
1 1 1 1 1 1 1 1 1 1 1 1 
1 1 1 1 1 1 1 1 1 1 1 1 
1 1 1 1 1 1 1 1 1 1 1 1 
1 1 1 1 1 1 1 1 
103
1 2 4 7 9 10 12 13 16 17 19 20 
24 25 26 27 31 34 36 38 40 41 43 44 
49 51 52 54 58 59 60 62 63 64 66 76 
79 81 82 83 84 86 87 88 90 91 92 93 
94 99 101 104 105 109 110 112 114 117 118 119 
120 122 128 130 133 135 136 137 139 141 143 144 
150 151 152 153 154 156 157 158 160 161 162 165 
166 167 168 170 171 172 173 174 176 177 180 182 
186 189 192 193 196 197 200 
95
3 4 6 7 12 17 18 26 30 31 33 34 
35 36 38 39 42 43 45 49 50 52 57 58 
59 62 63 65 67 70 72 74 75 79 80 81 
86 87 88 92 94 97 98 99 100 101 103 104 
105 107 108 110 111 112 115 116 117 118 119 121 
123 124 125 126 127 128 132 133 134 137 138 139 
141 148 155 158 159 160 161 163 164 167 171 172 
173 175 180 181 182 184 186 187 191 194 198 
104
1 2 3 6 7 8 9 12 13 18 19 21 
23 24 25 26 27 29 30 31 34 36 37 38 
39 40 42 44 46 47 49 51 54 56 58 59 
64 66 68 69 70 72 73 74 75 76 79 80 
85 87 90 94 95 96 98 99 100 102 103 104 
105 107 108 109 110 112 113 114 117 118 120 122 
123 124 129 130 131 133 134 135 136 140 143 144 
146 147 148 150 156 161 163 165 166 168 173 176 
177 179 181 187 188 189 195 198 
101
1 3 5 6 9 11 12 15 16 19 24 25 
26 27 29 31 35 38 39 41 43 44 45 46 
49 52 53 56 58 59 63 65 66 68 70 72 
76 78 80 81 83 89 91 92 93 95 97 98 
100 101 102 105 106 113 114 117 121 122 123 125 
126 128 129 131 133 135 136 138 139 140 143 147 
149 150 151 153 154 155 159 160 162 164 166 168 
169 170 172 173 174 177 178 179 180 181 182 185 
186 194 196 197 198 
98
1 3 9 13 15 16 17 18 20 21 24 28 
29 30 31 35 40 42 44 45 46 47 48 49 
52 58 64 67 68 69 71 72 77 81 82 84 
85 86 93 94 96 98 99 100 101 104 107 108 
111 112 113 114 117 120 121 126 127 128 130 133 
136 137 139 140 146 148 149 151 153 155 157 159 
161 162 163 164 165 167 170 172 174 177 178 179 
180 181 183 184 186 187 188 189 191 193 194 195 
198 200 
97
5 6 9 10 13 17 18 19 20 24 25 26 
28 31 34 36 40 41 43 46 48 49 50 51 
59 60 61 65 66 68 70 71 72 75 78 80 
85 87 90 94 95 96 100 102 103 106 107 109 
110 111 114 115 117 118 123 125 127 131 132 134 
135 136 137 138 140 141 144 149 151 153 157 159 
160 162 163 164 166 169 170 171 172 173 175 176 
177 179 180 181 186 187 188 189 191 194 195 197 
198 
102
2 4 10 13 16 17 20 21 24 26 28 32 
35 38 41 42 43 44 45 48 51 53 55 56 
59 60 62 64 65 66 69 71 72 73 74 75 
76 78 79 82 83 85 88 90 91 93 94 95 
99 100 102 103 105 107 108 109 114 115 117 119 
120 121 122 127 130 131 132 135 138 144 145 152 
153 154 156 161 162 163 164 165 166 167 168 169 
170 172 173 174 176 177 178 179 181 187 188 190 
191 192 193 194 195 197 
93
1 7 8 9 10 12 15 17 18 21 23 24 
27 28 30 31 33 42 46 48 50 51 53 55 
57 58 59 60 62 68 69 70 72 73 75 76 
77 78 79 81 83 84 85 88 89 90 93 94 
97 98 99 101 104 107 110 111 113 115 116 117 
120 121 124 128 131 133 134 139 142 152 153 156 
159 161 163 166 168 170 174 175 177 179 180 183 
184 185 187 193 194 195 196 197 199 
96
1 2 8 9 11 13 16 18 19 20 22 25 
26 27 30 31 32 33 36 38 39 40 41 44 
46 49 51 52 53 54 55 57 58 59 60 63 
64 68 71 72 78 85 87 89 90 92 97 98 
99 101 102 103 104 105 106 108 109 110 111 112 
115 116 118 119 122 123 124 125 132 133 136 137 
139 140 145 147 150 151 154 155 157 158 164 170 
172 173 176 178 181 182 186 187 190 196 197 198 
99
1 3 6 7 8 9 12 14 15 17 23 24 
25 27 29 30 37 40 41 43 44 45 46 47 
48 50 52 53 54 55 56 57 58 59 60 66 
70 76 80 81 84 90 91 96 97 98 99 101 
102 103 104 106 108 109 110 111 113 115 116 117 
118 119 125 127 131 132 133 134 137 138 140 141 
143 144 149 153 155 156 157 159 160 163 165 166 
167 168 169 171 178 181 182 184 189 190 194 196 
197 199 200 
91
1 2 3 4 7 8 9 10 11 12 15 16 
20 24 26 27 30 33 37 38 39 41 42 44 
45 46 47 48 51 55 59 60 64 71 73 80 
81 82 83 85 86 89 90 95 98 101 103 109 
111 112 113 114 116 117 119 125 129 130 131 136 
138 139 140 141 146 147 149 150 157 159 160 161 
166 167 168 171 174 177 183 184 187 188 190 191 
192 193 194 195 196 197 200 
106
1 2 5 10 11 12 13 14 15 16 19 21 
22 23 26 27 31 32 33 37 38 40 41 43 
44 45 46 47 48 50 51 54 55 56 58 59 
60 61 63 64 66 68 71 72 73 74 78 80 
81 82 83 85 86 87 90 92 94 95 97 101 
104 108 113 114 117 118 119 120 121 124 126 128 
129 130 131 132 137 138 140 141 143 144 150 151 
156 157 159 161 162 163 164 166 168 169 172 174 
175 176 179 180 182 183 184 186 191 192 
100
2 4 5 8 9 10 11 12 17 18 20 22 
24 27 29 31 32 34 35 36 37 39 40 41 
42 46 47 52 54 55 56 58 59 63 67 68 
69 72 76 78 81 82 83 85 87 88 89 90 
93 95 96 97 98 101 103 104 107 109 110 111 
114 117 118 120 123 125 127 129 131 134 137 138 
140 142 143 144 146 147 148 149 150 157 161 162 
167 168 174 178 179 180 183 184 185 186 187 189 
190 192 196 199 
109
1 4 5 7 13 14 15 17 18 21 22 24 
25 26 27 32 34 35 36 37 39 41 42 43 
44 46 47 48 50 52 53 54 55 59 60 61 
64 69 71 72 74 76 78 79 80 82 83 85 
86 87 88 89 90 92 94 96 97 98 100 102 
103 104 106 108 111 113 114 115 116 120 122 123 
124 125 126 128 129 131 132 133 134 137 138 142 
144 152 155 156 158 160 161 162 165 168 169 170 
173 175 176 179 180 182 184 185 187 188 191 193 
196 
90
2 3 5 6 10 13 14 17 19 21 22 23 
24 28 29 33 34 35 36 38 39 41 42 45 
50 51 52 54 57 58 65 67 69 70 71 75 
76 77 79 81 82 84 86 87 88 89 91 92 
93 94 100 101 107 112 113 116 117 124 126 128 
131 132 134 136 138 139 143 145 146 150 152 159 
160 161 162 164 168 172 175 176 181 182 185 186 
191 193 196 197 198 200 
99
3 7 9 11 12 13 15 16 21 23 24 26 
29 30 31 32 33 34 35 37 39 40 41 43 
50 51 58 60 61 62 63 68 71 72 77 79 
81 82 83 84 89 90 91 92 93 94 95 96 
97 98 99 101 102 107 110 111 115 117 118 121 
122 123 125 127 128 132 135 136 139 140 142 144 
146 147 149 150 154 155 156 159 160 162 167 168 
170 173 174 175 178 179 181 183 186 187 188 189 
191 199 200 
111
3 4 5 8 9 10 11 15 16 17 18 23 
27 32 33 34 35 36 37 38 42 43 44 46 
49 50 54 56 57 58 60 61 62 64 65 67 
70 71 72 73 75 77 81 82 83 86 88 89 
91 94 95 96 97 99 100 102 103 105 106 111 
112 114 115 116 117 121 123 125 126 127 129 130 
131 133 135 136 138 139 140 141 142 145 146 147 
149 156 157 159 160 162 163 166 167 169 171 176 
179 180 181 182 184 185 186 189 190 191 195 196 
197 198 199 
106
1 4 5 7 9 11 13 15 16 18 19 20 
21 23 26 27 33 34 35 39 44 48 49 51 
52 53 54 55 56 58 60 62 65 68 69 71 
72 74 75 76 77 78 79 81 82 83 87 88 
91 94 97 99 101 102 104 105 106 108 110 111 
113 116 118 120 121 122 124 125 126 129 130 131 
133 134 135 136 138 140 141 142 143 145 146 147 
148 149 151 153 155 161 162 163 164 165 167 172 
174 180 181 183 188 192 194 195 197 200 
99
1 2 3 7 9 11 14 19 21 22 26 29 
30 31 33 34 35 37 39 40 41 42 43 44 
45 46 48 49 51 53 54 56 57 58 59 61 
62 63 65 66 68 70 72 76 77 82 83 84 
87 89 90 91 92 94 95 96 98 100 103 104 
107 108 112 113 114 119 120 121 123 128 130 131 
134 136 138 140 144 146 149 150 154 155 157 158 
163 165 166 169 171 173 174 175 180 181 182 192 
195 199 200 
98
1 2 5 8 11 12 14 19 24 28 31 33 
35 38 39 40 41 43 44 45 49 50 51 55 
57 58 60 63 65 68 70 72 73 74 75 76 
77 79 80 81 82 88 91 92 93 96 98 99 
101 102 104 105 106 110 111 112 119 120 121 123 
125 128 129 130 134 140 143 144 146 147 148 150 
155 157 158 159 161 164 165 167 170 171 172 173 
174 175 176 178 181 183 184 186 189 190 192 193 
195 197 
91
2 4 5 9 11 13 14 16 19 21 22 33 
45 47 48 50 52 53 55 56 60 61 62 63 
64 66 69 72 75 76 80 82 84 85 86 88 
89 90 93 94 95 98 99 101 102 105 106 107 
114 115 116 117 121 122 124 125 132 135 136 138 
143 145 147 150 151 152 153 155 156 161 162 163 
164 165 166 168 170 174 178 179 180 184 186 188 
189 191 193 194 195 196 198 
87
2 3 5 6 7 8 12 14 16 17 18 20 
21 23 26 27 28 30 32 33 35 36 39 41 
42 43 47 48 50 52 55 58 59 60 61 62 
65 69 72 78 82 86 88 89 90 94 100 102 
105 107 109 114 115 116 118 123 124 127 133 136 
138 141 142 143 146 149 151 155 158 159 163 165 
166 167 168 169 171 175 179 183 184 186 187 188 
189 193 194 
99
2 6 8 9 11 12 13 14 15 16 22 24 
25 27 29 31 33 34 39 40 42 43 50 51 
53 56 57 58 65 67 68 69 71 72 74 76 
78 79 81 84 87 89 90 93 95 96 100 101 
103 105 106 111 112 113 115 116 117 118 120 121 
123 125 126 128 129 131 132 135 136 138 140 141 
147 148 149 151 153 154 157 158 160 164 165 166 
167 171 177 179 180 181 182 183 185 189 192 193 
197 198 200 
104
3 7 8 11 12 13 15 20 21 24 25 27 
28 30 31 32 34 44 45 47 48 49 52 53 
54 60 62 63 64 66 67 68 71 72 74 75 
77 79 80 81 85 87 89 90 91 92 93 94 
95 97 98 101 105 106 109 114 117 118 121 124 
125 126 127 128 131 132 133 135 136 137 144 146 
147 148 150 151 154 155 157 158 160 161 163 164 
166 168 169 170 171 172 173 177 180 182 184 185 
187 188 189 190 193 195 197 200 
105
2 4 5 8 10 12 13 15 16 18 19 23 
27 32 34 36 37 38 39 41 45 48 51 52 
54 56 58 60 61 64 66 68 69 70 71 72 
73 75 76 79 81 82 84 85 86 90 91 92 
93 94 95 96 98 102 106 107 108 110 111 112 
114 118 120 121 122 123 125 129 131 135 137 138 
139 140 142 143 146 147 149 150 151 155 162 163 
164 170 173 174 175 176 178 179 180 181 182 183 
186 187 188 190 191 192 193 194 196 
100
4 5 6 7 17 20 22 23 24 25 26 28 
29 34 36 41 42 44 45 46 49 51 54 56 
62 63 65 66 67 68 70 71 73 76 77 78 
79 80 86 87 88 90 93 96 98 99 101 102 
103 104 105 106 107 109 112 113 114 115 116 117 
125 126 127 129 133 134 137 140 141 143 144 146 
150 151 152 154 155 156 161 166 168 170 171 174 
175 178 179 180 182 183 184 185 189 190 193 194 
195 197 198 199 
102
4 8 10 11 12 13 14 15 16 17 19 21 
22 30 32 33 35 36 39 42 43 48 49 52 
54 55 56 57 59 60 63 64 65 69 73 75 
77 79 81 82 85 88 89 92 93 96 97 98 
99 100 101 102 103 106 107 108 112 115 116 118 
120 121 123 124 126 128 129 130 131 133 136 137 
138 140 141 142 150 152 153 154 158 163 164 165 
166 170 173 174 175 179 180 182 183 184 185 187 
188 191 192 193 194 196 
92
3 4 6 8 11 12 16 17 23 24 26 27 
28 29 31 33 35 36 37 38 40 44 45 46 
48 49 51 53 57 58 60 61 65 68 70 76 
78 79 81 85 87 88 91 93 94 97 102 105 
107 108 109 112 118 119 124 129 131 134 136 138 
139 141 142 148 149 150 154 158 160 161 162 165 
170 171 172 173 174 175 177 180 181 182 183 184 
187 190 191 195 196 197 199 200 
95
1 3 4 6 9 10 14 17 19 20 22 23 
25 26 27 29 31 32 36 37 40 42 43 45 
47 48 49 51 53 54 55 59 65 71 74 77 
80 82 86 88 89 95 96 98 101 103 107 109 
110 112 113 114 115 116 121 123 125 126 128 129 
130 131 134 136 138 139 140 141 142 143 145 147 
148 149 150 154 155 161 163 166 168 174 175 177 
178 179 182 183 184 192 194 195 196 199 200 
109
1 6 7 8 10 11 13 14 15 16 18 22 
26 29 32 33 35 37 40 41 43 44 45 46 
49 50 52 55 57 61 62 63 69 70 71 72 
75 76 79 80 81 82 84 85 86 87 88 91 
92 93 94 97 98 99 101 102 103 104 105 106 
107 108 109 112 114 115 116 117 119 121 123 125 
126 128 129 131 132 134 135 140 141 143 144 145 
146 147 148 149 151 155 158 159 161 163 164 165 
166 170 173 175 176 185 186 187 188 190 198 199 
200 
123
3 5 6 8 11 12 13 14 16 18 19 20 
21 22 23 24 27 29 32 35 36 37 38 39 
40 42 43 44 49 50 51 52 53 54 57 62 
64 65 67 68 69 71 72 73 75 76 78 82 
84 86 89 90 91 93 96 97 98 99 101 102 
104 106 110 111 112 113 114 115 116 117 118 119 
121 123 126 128 130 131 132 133 134 139 140 141 
142 145 147 148 149 150 151 153 154 155 156 157 
158 159 160 162 164 165 170 171 174 179 180 181 
182 184 185 186 187 189 190 191 192 193 194 195 
196 197 198 
92
3 4 5 6 11 12 14 17 19 20 21 22 
23 27 29 30 32 33 34 39 40 41 42 43 
47 48 49 50 53 54 56 61 64 69 71 72 
74 75 76 77 79 83 85 86 87 89 91 94 
95 99 104 106 108 111 113 115 116 117 120 121 
123 125 128 136 137 138 140 141 143 154 160 161 
162 163 165 166 167 168 169 170 171 174 175 176 
184 185 187 189 190 191 192 198 
100
1 2 3 4 5 10 12 14 15 18 19 20 
21 22 26 27 28 29 32 33 36 37 38 39 
41 43 44 46 48 49 50 52 53 54 55 56 
57 59 65 67 69 70 71 73 75 78 81 83 
84 87 93 94 99 101 102 103 104 106 108 109 
110 112 113 115 117 118 122 125 133 138 140 143 
145 146 148 150 152 153 155 157 161 162 165 168 
169 171 173 174 176 178 181 183 185 188 189 192 
194 195 198 199 
101
2 5 6 7 9 10 15 16 18 19 20 21 
24 25 28 32 34 36 39 40 47 49 50 52 
55 56 57 62 63 64 66 67 69 70 71 72 
76 79 80 85 86 87 89 90 91 92 93 95 
97 100 102 104 105 108 111 112 116 117 120 122 
123 124 125 126 127 129 130 132 133 136 137 138 
139 141 142 143 144 145 147 156 157 161 163 165 
168 170 174 175 176 177 179 180 183 184 185 192 
193 195 196 199 200 
106
1 4 5 8 10 13 15 17 19 20 21 22 
23 24 27 32 36 38 39 40 42 43 44 46 
47 48 50 51 54 55 56 58 61 63 66 67 
68 69 70 71 73 74 75 76 80 85 87 88 
90 91 95 97 99 100 104 107 108 109 112 114 
117 119 120 121 124 126 128 130 132 134 136 137 
140 142 143 144 145 147 149 150 151 154 155 159 
160 161 163 164 165 166 167 168 170 171 174 178 
181 184 189 191 192 193 194 195 197 200 
103
1 4 5 6 8 9 10 11 12 14 16 17 
19 21 23 32 34 35 38 39 41 42 43 45 
46 49 51 54 55 56 57 60 63 65 66 69 
71 73 74 78 79 81 82 84 85 89 91 92 
95 97 98 101 105 107 108 110 111 117 118 119 
120 123 124 125 126 127 129 131 135 136 138 145 
146 148 149 152 153 154 158 159 160 162 163 164 
168 169 170 171 174 179 180 181 185 186 189 190 
191 192 193 194 198 199 200 
97
1 2 3 7 10 13 15 21 22 23 24 25 
27 33 35 39 46 52 53 55 57 58 59 62 
63 64 66 69 72 76 78 79 81 84 85 86 
87 88 90 93 94 95 98 101 103 104 105 107 
108 109 110 111 113 114 116 117 120 121 125 127 
128 131 134 139 141 143 144 149 150 151 153 154 
155 156 157 159 162 163 164 165 167 168 173 174 
175 177 178 179 181 183 184 186 189 192 194 196 
200 
94
2 3 4 5 6 11 13 15 16 17 18 19 
20 21 24 25 29 30 31 37 39 40 42 44 
47 49 50 51 52 53 56 58 60 61 65 66 
68 71 74 75 76 79 80 81 89 91 94 95 
97 98 104 105 106 107 108 109 110 115 116 120 
122 123 129 134 135 139 140 142 144 146 149 150 
151 152 153 154 155 157 163 164 165 169 178 180 
181 186 187 188 189 194 196 197 198 199 
110
2 3 5 6 9 12 16 18 19 20 22 23 
25 26 32 33 34 35 37 38 39 42 43 44 
46 47 48 51 55 57 58 61 62 66 68 70 
71 72 73 74 77 80 82 85 86 88 89 90 
91 92 94 95 96 102 105 106 107 108 109 111 
112 117 119 120 121 122 123 125 127 128 129 131 
133 135 138 141 143 144 147 149 150 152 154 155 
156 157 158 160 161 163 164 165 168 172 173 174 
175 178 182 183 185 192 193 194 195 196 197 198 
199 200 
104
1 3 4 6 7 8 12 13 14 19 20 21 
22 23 24 25 26 29 31 33 42 44 45 46 
47 48 50 53 56 57 58 59 60 62 66 67 
68 69 71 74 75 77 78 80 85 91 92 96 
98 99 100 102 103 104 105 107 109 111 112 115 
119 123 124 125 126 127 129 131 133 134 138 139 
140 141 142 147 149 150 151 153 156 157 158 161 
163 165 166 168 171 177 178 179 182 183 184 186 
187 189 190 193 195 196 198 199 
104
5 6 7 8 9 12 14 15 16 17 18 20 
21 23 26 27 28 30 31 35 37 38 40 42 
44 45 47 48 51 52 58 59 60 62 64 65 
66 69 71 73 75 78 80 83 90 91 92 93 
95 97 98 99 100 105 108 110 111 113 114 116 
117 118 119 122 123 124 126 127 128 130 131 134 
135 136 138 144 145 146 147 148 149 156 157 158 
160 165 169 170 171 172 174 177 178 179 180 181 
184 185 186 187 189 193 195 199 
102
3 6 8 9 11 15 16 18 20 21 22 23 
24 27 28 29 30 31 32 33 34 36 38 40 
41 43 47 48 49 53 57 58 62 63 64 65 
75 76 78 80 81 82 83 84 85 87 89 90 
91 92 95 97 99 100 101 104 105 106 107 112 
113 115 116 119 121 123 125 130 132 134 137 138 
140 143 144 145 150 151 153 155 158 159 161 162 
163 164 165 168 169 172 173 174 178 179 181 185 
186 188 189 198 199 200 
87
6 7 9 11 14 15 17 18 21 22 23 24 
26 27 32 33 41 43 46 49 51 54 58 62 
64 68 69 70 73 75 80 81 86 91 92 94 
95 96 97 101 102 103 105 106 108 109 117 118 
120 123 125 126 128 130 131 134 139 140 143 145 
147 149 151 154 156 162 167 168 171 172 174 177 
178 179 180 182 183 184 185 186 187 188 189 190 
195 198 200 
97
1 4 6 8 13 15 17 18 21 22 23 25 
27 28 29 33 34 35 37 40 42 46 48 50 
54 55 58 62 63 64 66 67 68 72 73 74 
76 77 79 81 82 83 85 86 87 88 90 91 
93 96 98 99 103 105 106 107 109 111 114 115 
116 118 120 121 123 126 128 131 135 138 139 142 
145 147 149 153 155 157 159 160 162 164 166 170 
171 173 176 178 179 182 184 185 186 188 194 197 
198 
85
2 3 5 7 8 9 10 14 15 18 19 21 
22 25 29 36 37 38 41 43 49 50 51 55 
57 59 61 65 69 71 73 75 77 78 79 81 
86 89 93 95 98 100 104 107 110 111 113 114 
115 117 118 127 128 130 132 135 137 141 142 144 
147 149 151 153 154 156 158 164 166 167 168 170 
173 174 175 177 184 186 189 190 192 193 195 196 
199 
91
4 5 6 9 10 12 13 16 19 21 23 24 
25 29 30 33 36 40 44 48 49 51 53 55 
56 59 60 62 63 65 66 70 71 74 75 76 
78 79 80 83 84 85 86 87 88 90 93 94 
99 101 102 103 109 112 115 118 119 122 124 125 
128 133 136 139 141 143 145 146 154 155 156 161 
163 165 166 167 169 170 172 174 178 179 180 181 
183 184 185 186 191 193 195 
118
1 2 4 6 7 8 9 11 12 16 17 20 
21 22 24 27 28 29 30 33 34 37 38 40 
41 44 47 48 49 50 53 57 58 59 60 61 
62 63 65 67 70 73 74 77 78 79 80 81 
84 85 86 87 89 90 92 93 94 96 100 102 
104 105 108 110 113 114 115 118 123 124 125 126 
127 128 129 130 131 133 134 136 140 141 142 144 
149 150 153 154 155 156 157 158 159 161 163 164 
165 168 169 171 173 174 175 176 178 179 180 181 
183 186 187 190 192 193 194 197 198 199 
100
1 4 7 8 11 16 17 18 19 20 22 23 
24 27 29 30 32 33 34 36 38 40 43 45 
46 47 48 49 51 53 54 56 57 58 59 60 
61 62 63 67 69 71 72 73 75 76 83 84 
87 88 91 92 96 97 98 101 102 106 107 108 
109 111 112 113 114 115 116 118 119 120 121 122 
123 127 131 133 134 137 138 140 143 146 147 149 
151 152 154 158 165 173 175 177 180 183 185 186 
187 188 189 199 
105
2 3 5 7 8 9 10 12 15 19 21 22 
23 25 26 27 28 29 32 34 35 36 38 39 
41 49 50 52 54 59 61 62 63 65 66 67 
69 71 72 73 75 78 80 82 83 84 85 87 
88 89 90 91 94 96 97 100 102 103 106 107 
108 112 113 114 115 116 117 118 121 122 123 126 
128 129 132 135 136 137 139 143 144 147 149 155 
157 159 160 163 165 166 167 169 170 171 177 178 
179 180 181 185 191 192 195 196 200 
98
4 8 14 17 21 22 24 25 26 28 30 32 
33 34 35 39 41 43 44 46 47 50 53 55 
56 60 62 63 65 66 67 71 76 77 81 82 
83 84 85 87 95 97 99 102 104 105 110 112 
115 116 118 119 122 124 125 127 128 130 131 132 
134 135 137 138 139 140 142 143 144 145 146 147 
149 151 152 153 155 156 157 159 160 163 167 168 
169 170 171 176 178 179 182 184 185 188 191 197 
198 200 
91
4 5 8 9 16 17 18 23 24 25 26 29 
30 32 34 38 39 46 49 50 52 53 54 55 
56 58 59 60 63 65 67 68 71 72 73 74 
75 81 83 84 85 86 94 95 101 105 106 107 
109 112 113 120 121 123 125 126 127 129 135 136 
140 141 142 144 146 147 148 149 153 155 156 157 
158 159 162 163 166 167 169 170 171 176 179 180 
181 184 189 193 194 199 200 
95
3 4 6 8 9 10 11 18 20 22 24 26 
28 31 32 36 43 47 48 50 51 54 56 57 
58 59 60 61 63 64 65 70 71 74 77 79 
80 81 84 85 92 93 94 95 97 99 100 101 
103 104 105 106 113 115 116 120 121 123 126 131 
136 138 140 141 142 145 146 149 154 158 159 161 
162 166 167 168 171 172 173 174 175 176 177 179 
181 182 185 186 188 189 191 193 195 196 197 
108
1 2 3 4 5 7 10 11 13 14 16 20 
21 22 23 26 30 31 40 41 44 47 49 53 
54 55 56 57 60 61 62 64 65 67 73 74 
75 77 78 79 80 81 83 85 89 92 93 94 
97 99 102 106 107 108 110 112 113 114 115 117 
119 121 123 124 128 131 133 135 137 139 140 145 
147 149 152 156 157 159 160 161 162 163 164 166 
167 169 170 171 173 174 175 176 177 178 179 180 
181 182 183 184 186 187 188 189 190 193 194 199 
99
2 3 6 7 11 12 14 15 17 18 20 24 
27 29 33 35 36 38 41 42 44 45 46 47 
48 49 50 51 54 55 60 61 62 64 67 68 
69 70 71 73 78 83 84 86 87 88 89 93 
94 97 98 103 106 107 109 114 117 119 120 121 
122 123 125 126 129 130 132 133 137 138 139 143 
144 145 146 147 149 153 155 157 159 162 163 164 
165 168 171 178 179 184 185 188 189 190 191 194 
195 198 200 
115
1 2 3 4 7 9 11 12 13 15 19 21 
23 26 27 28 29 30 33 34 35 36 39 40 
41 42 47 48 50 54 56 58 60 61 62 64 
65 66 69 70 71 73 74 75 77 78 81 82 
85 86 88 89 93 95 97 99 100 102 104 106 
107 109 110 111 112 115 118 121 122 124 126 128 
129 130 132 133 134 135 137 144 146 147 148 149 
151 152 154 156 157 158 159 160 165 167 168 169 
170 171 172 173 175 177 178 179 180 182 183 185 
189 191 193 194 195 197 198 
89
2 3 11 16 19 25 28 30 31 36 37 39 
41 42 45 46 56 58 63 64 65 66 68 69 
70 71 72 73 74 75 76 77 78 80 81 82 
83 88 89 91 93 97 98 100 103 105 107 111 
112 118 119 121 125 126 127 128 133 134 135 137 
142 144 145 148 149 150 152 153 154 155 158 160 
161 164 165 166 168 170 173 175 181 183 188 189 
190 192 194 195 199 
114
1 3 4 6 8 11 14 15 16 19 20 21 
22 23 26 27 30 33 34 37 40 41 42 45 
50 51 53 54 55 56 59 60 63 65 67 69 
73 74 75 76 77 78 79 80 82 83 84 88 
89 90 91 92 93 94 96 97 100 101 103 106 
108 109 110 111 112 113 114 115 116 120 121 124 
125 130 132 133 134 136 139 142 146 147 148 149 
153 155 156 157 159 162 163 164 165 166 167 168 
169 170 173 174 177 178 179 181 183 185 187 189 
190 193 196 197 198 199 
97
3 4 5 7 10 11 14 16 18 20 21 27 
29 30 31 35 36 37 38 39 41 43 45 46 
48 50 53 55 56 58 59 62 63 64 67 69 
70 71 72 76 80 83 84 85 86 89 90 91 
92 93 95 98 104 106 108 109 111 112 114 115 
118 119 120 124 126 128 130 133 135 138 139 147 
149 150 154 156 158 159 160 164 165 171 173 174 
175 182 183 187 188 190 192 194 195 196 197 198 
199 
101
2 3 5 7 13 15 16 18 20 22 24 25 
27 31 33 37 42 45 46 48 49 51 53 54 
55 56 57 58 60 63 67 69 71 72 73 74 
75 78 81 83 85 86 88 91 93 94 96 98 
99 101 102 109 111 112 113 117 119 121 122 126 
129 130 131 132 134 136 137 139 142 143 144 145 
148 153 156 157 159 160 161 162 164 166 167 168 
169 171 172 173 177 178 181 182 183 184 185 186 
189 193 197 198 199 
89
1 3 5 7 9 10 13 15 16 17 18 21 
25 26 27 29 32 33 34 38 40 44 45 49 
50 51 52 61 62 64 67 68 71 72 75 79 
80 81 84 86 87 88 89 91 93 94 97 98 
99 108 114 116 118 119 120 121 123 125 126 127 
129 130 137 139 140 141 147 149 151 154 155 158 
159 160 165 166 167 168 171 172 178 181 185 186 
191 192 193 194 197 
100
1 4 5 6 7 8 9 10 12 14 18 20 
21 28 29 32 33 35 36 39 40 42 43 49 
51 52 53 54 56 58 59 60 63 68 70 73 
75 77 79 83 84 85 86 88 92 94 95 98 
99 102 103 105 106 108 111 113 114 116 117 118 
119 120 121 125 126 131 132 134 136 141 142 144 
145 146 147 151 154 155 157 160 162 164 165 166 
167 170 171 173 175 176 177 183 184 186 190 191 
193 195 196 198 
98
2 4 6 9 12 19 26 29 31 32 33 34 
37 39 40 41 42 44 45 46 48 50 51 55 
56 57 58 61 62 65 69 71 75 76 77 78 
79 80 85 88 89 90 92 94 98 102 104 105 
107 108 111 112 117 119 121 122 123 125 127 128 
130 131 137 139 142 143 144 146 148 149 152 154 
156 157 159 161 162 168 170 172 174 175 176 178 
179 182 183 185 186 188 189 190 191 192 194 196 
197 200 
98
3 4 6 10 12 15 16 18 21 24 27 28 
29 30 33 34 38 39 40 42 43 44 46 47 
48 49 50 51 53 54 55 56 57 59 60 61 
63 65 66 67 69 70 73 77 79 83 84 85 
86 87 88 91 93 95 97 98 100 101 102 103 
104 107 108 109 110 112 113 114 115 116 121 122 
123 125 128 135 137 139 141 142 143 145 146 150 
154 161 163 164 167 170 171 175 177 186 195 196 
197 199 
98
5 6 7 8 9 11 12 14 15 19 24 25 
27 28 32 33 34 35 36 37 40 41 43 44 
46 50 52 57 58 60 61 62 64 65 66 68 
75 76 77 78 79 83 84 85 87 90 91 93 
95 96 98 100 101 102 109 110 119 120 122 123 
125 127 129 131 134 137 139 140 145 148 150 152 
153 154 155 156 159 160 164 167 169 170 172 173 
175 176 177 178 179 182 183 186 190 191 195 197 
198 199 
100
1 2 4 5 6 7 9 18 19 24 25 26 
27 28 30 31 35 36 37 41 42 43 44 51 
52 53 54 57 58 59 61 62 63 64 68 69 
71 72 73 74 77 81 83 86 87 89 94 101 
103 105 107 111 112 113 117 118 119 120 121 122 
123 124 125 127 129 131 132 134 139 141 143 146 
147 149 152 154 155 158 160 162 163 164 166 167 
169 171 172 173 175 176 177 183 185 187 192 195 
196 197 198 200 
103
1 2 3 4 6 7 9 10 11 13 15 16 
17 20 26 28 29 30 31 32 33 37 38 39 
43 44 47 48 50 52 53 55 56 57 58 59 
60 63 65 66 67 68 69 72 73 74 75 78 
81 82 83 85 86 88 93 97 98 100 103 105 
106 108 110 112 113 114 115 120 124 125 126 129 
130 133 134 136 137 140 144 145 151 153 154 157 
160 161 163 164 165 167 170 171 175 178 181 185 
186 188 189 192 193 197 199 
98
2 5 6 7 13 14 15 17 19 20 21 22 
24 25 26 30 32 33 34 35 38 39 46 47 
48 49 51 52 53 54 57 59 60 62 63 66 
71 76 80 81 86 87 88 89 90 91 92 94 
95 101 103 106 113 114 117 122 124 125 126 130 
131 132 134 136 137 138 139 140 141 143 145 147 
148 149 151 152 156 157 158 161 164 165 168 170 
173 175 176 179 182 184 187 190 191 192 194 195 
197 198 
111
1 3 4 5 6 9 11 12 14 15 18 23 
24 25 27 28 29 34 35 37 38 39 40 41 
43 45 46 47 49 50 51 54 58 59 60 67 
69 70 71 75 78 79 80 81 82 83 84 89 
90 94 95 99 100 101 103 104 107 108 109 112 
113 117 118 119 120 122 123 124 126 127 128 129 
131 134 135 136 137 138 139 141 142 147 148 151 
153 154 156 157 161 165 167 168 170 172 173 175 
176 177 178 179 181 183 187 188 189 191 193 195 
196 197 199 
100
2 3 5 7 8 11 15 16 17 21 24 25 
29 30 32 35 37 38 39 40 43 44 46 47 
48 50 51 52 53 54 57 59 61 62 63 65 
66 69 70 71 75 80 83 84 85 88 90 92 
94 96 99 100 101 104 106 108 109 111 113 115 
120 127 128 129 132 135 136 138 140 144 145 146 
148 151 157 158 160 161 163 165 166 167 168 169 
170 173 174 176 177 180 181 183 184 185 186 189 
191 195 199 200 
102
2 4 7 8 12 13 15 16 17 18 21 28 
30 32 35 37 38 40 42 44 46 47 50 51 
52 53 60 61 63 64 65 66 73 74 77 79 
80 82 83 86 87 89 92 94 95 98 99 102 
103 105 106 108 109 112 119 121 123 124 125 126 
127 128 129 130 133 135 136 140 142 143 145 147 
149 150 152 153 155 158 161 162 166 168 169 175 
176 177 178 179 180 181 182 184 186 188 191 192 
194 196 197 198 199 200 
114
1 2 4 5 7 8 10 11 13 16 17 20 
21 22 23 24 25 26 28 31 33 34 36 41 
42 43 47 48 53 54 56 57 58 59 61 62 
64 65 66 68 69 70 74 75 77 80 84 85 
86 87 88 89 91 92 93 94 102 104 107 109 
110 113 114 116 117 122 124 127 128 130 132 134 
136 137 138 139 140 141 144 145 146 149 150 151 
152 153 154 155 157 159 160 162 163 165 168 169 
171 172 174 175 176 178 183 184 186 188 189 190 
191 193 194 195 196 197 
101
2 3 4 6 7 8 9 13 15 17 18 21 
24 26 27 28 36 39 40 41 44 46 47 48 
51 52 54 62 63 64 66 70 71 72 73 75 
76 79 82 91 92 94 96 97 99 101 102 103 
105 107 108 109 111 116 117 121 123 125 126 127 
130 134 135 137 139 140 141 147 149 151 153 154 
156 157 159 160 161 162 163 164 165 166 167 168 
169 170 171 173 175 176 180 184 185 187 188 190 
193 194 195 198 200 
108
3 4 10 13 14 15 16 20 21 22 23 24 
25 26 28 29 30 31 33 35 38 39 40 42 
43 44 45 48 49 50 51 52 54 56 59 61 
62 63 64 65 74 78 80 81 84 86 92 93 
94 99 106 107 108 109 110 112 116 117 119 121 
124 125 126 128 129 130 131 132 134 136 137 138 
140 142 143 144 145 148 150 151 152 155 156 159 
163 167 170 171 172 173 178 179 180 182 183 184 
185 186 188 189 191 192 193 194 196 197 198 199 
109
2 7 8 9 11 12 15 17 18 19 23 24 
32 33 34 35 36 39 40 41 44 45 47 48 
49 55 56 57 58 59 61 62 67 69 70 72 
74 77 78 79 80 81 82 84 86 87 88 89 
90 91 92 95 96 97 98 99 102 103 104 105 
106 110 111 112 114 115 116 118 119 123 124 126 
128 130 136 137 140 141 142 145 147 148 149 151 
152 157 159 160 163 165 166 167 168 169 170 171 
175 180 184 185 186 187 189 191 193 196 198 199 
200 
104
2 5 7 8 11 12 14 17 18 20 21 23 
24 27 28 30 31 32 33 37 39 42 44 49 
53 55 57 58 59 63 65 68 72 73 74 75 
77 78 79 82 83 84 89 90 91 94 95 97 
101 103 104 105 107 108 109 111 113 114 115 116 
117 118 122 126 127 130 134 136 137 141 143 146 
147 148 150 151 152 153 155 156 157 158 159 161 
162 165 167 171 173 176 178 179 180 182 183 184 
185 192 193 194 197 198 199 200 
92
1 3 10 14 15 18 19 20 21 22 23 24 
26 27 28 33 35 36 38 39 40 41 42 44 
45 47 49 52 53 55 64 66 69 73 74 75 
76 78 79 84 85 88 90 91 92 93 94 95 
96 97 100 101 103 107 110 118 119 120 121 122 
123 125 128 130 134 135 138 141 142 146 153 154 
155 157 158 159 161 167 168 169 170 171 173 178 
180 182 183 187 188 190 193 194 
98
2 3 4 6 7 10 16 17 20 21 23 26 
27 28 30 35 36 42 45 48 51 52 53 54 
55 59 60 62 63 67 70 71 72 74 76 79 
80 83 84 87 88 89 90 91 92 93 94 95 
99 100 101 106 107 108 109 110 113 115 117 119 
121 125 128 131 134 135 137 139 140 142 143 144 
147 148 149 151 154 155 158 162 163 164 165 170 
172 174 175 177 179 181 183 184 186 187 188 194 
197 199 
108
1 2 3 4 5 8 9 10 11 13 14 16 
19 20 21 22 25 26 29 35 36 38 40 41 
42 43 48 49 50 51 52 55 56 57 58 61 
62 63 66 67 69 72 73 74 78 80 82 85 
94 95 97 100 102 104 106 107 108 110 111 113 
114 115 116 118 119 121 123 124 126 127 128 130 
134 135 137 139 143 146 147 150 153 155 157 159 
160 163 168 170 171 172 173 174 175 176 177 179 
180 184 188 189 190 191 193 194 196 197 198 199 
104
3 7 8 9 13 14 19 23 26 28 29 30 
31 35 36 37 38 40 41 42 43 44 47 48 
50 52 54 56 57 59 60 62 64 65 66 67 
68 71 73 75 76 77 84 86 88 89 90 91 
94 95 99 100 101 103 104 106 108 109 110 112 
113 114 116 119 122 124 125 126 133 134 135 138 
142 145 149 153 154 155 156 158 160 161 162 163 
165 168 169 174 175 176 177 181 183 184 187 188 
189 190 191 192 193 195 196 197 
95
3 4 5 7 8 9 10 12 13 15 21 22 
25 26 27 29 34 35 36 38 39 40 43 44 
47 48 50 55 56 58 60 62 63 64 65 66 
67 68 72 77 79 81 82 83 86 91 94 96 
97 99 102 103 105 106 112 113 115 116 117 119 
120 122 125 126 128 129 130 132 134 139 140 144 
145 149 150 151 152 155 156 158 160 161 165 168 
169 176 177 180 181 189 191 193 195 196 199 
112
1 2 4 5 6 7 8 9 10 11 12 13 
14 15 16 19 20 24 26 28 32 33 35 38 
39 40 42 43 44 50 51 52 53 56 57 59 
60 61 62 64 65 66 67 70 71 76 79 81 
83 87 88 89 90 93 94 95 96 97 98 99 
100 102 104 105 106 110 111 112 116 117 123 124 
125 126 128 129 133 135 136 138 140 141 142 143 
147 148 153 155 159 160 161 162 163 164 167 168 
170 172 173 174 176 177 181 182 183 184 186 188 
191 193 194 196 
101
1 3 5 6 7 9 11 13 16 17 18 21 
22 25 27 28 29 32 33 36 38 40 41 43 
44 46 47 49 51 53 55 58 59 60 66 67 
70 71 72 73 75 76 80 86 88 89 93 97 
98 103 104 107 110 115 116 117 121 124 125 126 
127 132 133 134 135 136 137 139 140 141 143 144 
145 147 148 150 152 154 155 156 157 159 160 162 
166 167 168 171 174 175 179 180 181 183 184 187 
190 195 197 198 200 
94
1 2 3 4 8 15 16 17 18 19 22 23 
26 27 29 30 34 35 36 37 40 43 45 50 
51 56 57 58 60 63 67 69 71 73 74 76 
77 79 83 85 86 87 88 89 92 93 95 96 
99 100 101 103 104 105 107 108 110 111 112 113 
115 116 120 121 124 125 126 128 132 133 136 137 
139 140 142 145 152 154 157 161 165 169 171 173 
174 178 179 181 183 185 186 191 192 200 
105
2 3 4 6 7 8 13 14 15 16 17 20 
21 22 24 25 28 29 30 32 33 34 36 37 
38 39 40 44 50 51 52 55 56 57 59 63 
64 65 66 67 69 70 72 73 75 78 79 81 
82 84 86 87 89 91 93 94 96 97 98 105 
106 107 108 109 110 111 112 113 116 119 120 123 
126 131 133 136 138 139 145 146 147 149 153 155 
156 158 160 161 163 164 165 166 167 168 171 173 
176 179 181 186 188 189 196 198 199 
96
4 10 11 19 21 26 27 29 30 31 34 37 
39 41 42 44 45 47 49 50 52 54 55 56 
58 61 62 63 64 65 66 69 72 74 78 79 
80 81 85 92 93 94 95 96 97 98 104 110 
114 116 117 119 121 125 127 131 132 134 137 138 
139 142 143 144 145 147 150 152 153 154 156 158 
159 160 163 164 169 170 171 172 173 175 176 177 
178 181 184 185 186 187 190 191 193 194 196 198 
100
1 2 5 7 8 10 11 13 14 16 18 20 
22 23 25 27 28 31 35 36 41 43 44 45 
46 48 49 50 51 53 54 55 56 57 58 60 
61 62 63 65 66 67 70 73 75 76 77 81 
86 90 91 92 97 98 101 103 105 107 112 115 
119 120 121 124 126 127 129 132 133 134 135 136 
137 138 140 143 145 150 151 157 159 161 162 163 
164 169 171 172 175 179 182 183 184 185 188 189 
194 195 197 198 
113
4 5 8 9 11 12 13 15 19 20 21 22 
24 26 27 29 30 32 34 37 39 43 45 52 
53 55 57 58 59 64 65 69 70 73 75 76 
77 78 79 84 86 88 89 91 93 94 96 97 
98 99 101 102 103 104 106 107 110 111 112 113 
115 118 119 120 121 127 131 133 136 138 139 140 
141 144 146 147 148 149 150 151 152 153 154 156 
157 158 159 161 162 163 164 165 166 167 168 170 
173 175 176 178 179 181 182 183 184 185 189 191 
192 193 194 196 199 
107
2 3 6 7 10 15 16 19 21 23 24 25 
27 28 29 30 34 35 37 38 39 40 42 44 
45 46 47 48 51 53 55 56 58 59 60 61 
62 64 65 67 69 70 71 73 75 76 79 84 
86 87 89 90 96 98 101 103 104 106 107 110 
116 117 118 121 122 124 125 128 130 133 134 135 
136 138 139 140 143 146 148 149 150 153 154 157 
158 167 168 170 173 175 177 179 180 182 183 187 
188 190 192 193 194 195 196 197 198 199 200 
105
1 2 3 4 5 6 9 11 12 17 24 26 
27 30 32 33 34 37 38 39 41 42 44 45 
46 47 49 50 52 53 54 55 57 59 60 61 
62 63 64 68 73 74 76 77 78 79 80 82 
83 85 86 88 90 92 96 97 99 103 108 113 
116 117 118 119 123 124 125 127 129 130 131 132 
134 135 137 138 139 143 144 146 150 151 152 155 
156 157 163 164 166 170 173 174 176 177 179 181 
184 185 190 192 195 196 198 199 200 
102
2 4 5 9 10 12 14 15 17 21 22 23 
24 25 27 30 31 32 33 34 35 38 39 43 
44 48 49 50 52 54 55 57 58 60 64 66 
67 70 73 74 75 77 85 87 89 90 92 94 
96 97 98 101 103 104 105 106 107 109 110 111 
112 113 114 118 119 120 122 124 125 127 129 132 
134 136 137 138 140 141 142 150 151 152 155 159 
161 162 163 165 169 175 176 178 182 184 185 186 
187 188 191 193 197 198 
90
5 8 9 14 18 22 23 24 29 30 31 34 
35 36 37 38 43 45 47 50 53 57 61 65 
66 67 72 77 80 84 85 88 91 93 95 96 
97 98 99 100 101 104 105 106 107 108 109 110 
111 113 118 119 121 122 126 129 133 138 139 141 
148 149 150 151 153 156 158 159 160 161 162 163 
165 167 168 176 178 183 185 186 187 188 190 193 
195 196 197 198 199 200 
97
3 11 13 15 16 17 19 21 24 27 28 32 
34 38 39 40 41 42 43 44 45 46 47 51 
52 57 59 60 61 62 68 69 70 71 74 75 
80 84 88 93 94 97 98 101 108 109 111 113 
114 117 118 122 123 127 128 129 130 132 134 137 
139 140 141 142 143 149 150 151 155 156 158 162 
163 165 166 167 168 170 171 172 173 174 175 176 
177 180 182 183 186 187 188 190 191 193 195 197 
199 
83
1 2 4 12 15 19 20 21 25 28 29 31 
33 37 38 39 41 45 47 49 54 56 58 60 
62 69 70 72 76 77 78 79 80 91 94 95 
97 99 101 105 108 110 112 114 115 118 121 122 
124 126 131 132 134 135 137 140 145 147 149 150 
152 153 155 156 158 159 160 163 164 165 171 172 
176 179 180 181 182 187 190 192 195 196 200 
94
1 5 6 8 9 10 17 18 20 21 23 30 
32 34 37 39 40 41 42 46 47 50 51 52 
53 54 55 57 58 59 62 68 69 72 74 76 
79 82 83 87 91 92 94 95 96 97 98 99 
101 102 106 107 110 114 117 123 124 125 126 127 
128 129 130 132 133 135 137 140 141 143 147 149 
150 154 160 166 167 168 173 174 178 180 181 182 
183 184 190 191 193 195 196 197 199 200 
105
1 2 3 5 6 8 10 11 13 16 18 20 
21 24 28 31 33 36 37 40 41 42 44 45 
47 48 49 51 52 53 54 57 58 59 60 62 
63 65 66 67 69 70 71 73 75 80 81 84 
87 88 92 94 95 96 97 101 102 103 104 106 
112 113 119 120 121 122 123 130 131 134 135 136 
144 145 147 149 155 156 157 158 159 160 167 168 
169 170 172 176 178 181 183 184 187 188 189 190 
191 192 193 194 195 197 198 199 200 
108
3 4 5 7 11 12 13 14 16 17 19 20 
23 25 27 28 29 30 31 34 38 39 40 41 
45 46 47 49 51 53 55 56 59 60 61 62 
65 68 70 75 76 77 78 79 82 83 85 87 
88 89 90 93 94 97 98 99 101 104 108 111 
114 115 117 119 120 122 124 126 127 131 132 133 
136 138 139 141 143 144 146 147 148 154 156 157 
159 160 162 163 164 165 167 168 169 170 171 174 
176 177 178 181 182 185 187 188 189 194 197 198 
100
2 3 4 7 8 9 11 15 17 20 21 22 
23 26 32 34 35 36 39 40 41 44 45 47 
48 52 53 54 60 62 66 67 74 75 76 77 
78 80 81 84 85 90 93 95 98 102 103 105 
107 108 112 114 115 117 118 119 123 124 125 127 
128 132 133 136 138 139 140 141 142 145 146 148 
149 151 152 153 158 159 163 164 166 167 171 173 
174 175 176 177 178 179 181 183 184 185 190 191 
193 196 198 199 
100
2 4 5 6 11 12 13 18 21 23 25 27 
29 32 34 36 38 40 41 43 49 50 54 55 
57 58 60 63 66 71 72 74 75 78 79 80 
83 85 87 91 93 96 97 99 100 101 102 105 
106 107 108 109 111 112 114 115 120 121 123 124 
126 127 131 136 137 139 140 143 144 145 147 148 
149 150 158 161 162 163 164 166 168 169 170 171 
173 176 178 179 180 181 188 189 190 193 194 195 
196 197 198 200 
88
1 8 10 11 12 13 14 15 17 20 21 26 
27 28 29 31 34 37 38 40 46 49 54 55 
60 62 63 69 70 71 72 73 74 80 81 83 
86 90 92 93 95 96 98 99 104 105 106 110 
114 115 117 120 125 126 127 131 135 136 137 139 
140 141 143 145 146 147 148 155 156 158 160 162 
169 171 173 174 178 179 183 185 187 188 189 190 
193 194 196 197 
101
3 5 8 9 10 11 12 13 15 16 17 18 
20 22 23 24 26 27 35 37 39 40 42 46 
49 55 57 58 59 60 63 64 65 68 69 72 
75 79 82 84 85 90 91 92 97 98 102 104 
106 107 108 109 110 113 115 117 118 122 124 126 
127 129 130 133 139 143 144 147 150 151 152 153 
155 156 160 162 163 164 165 167 169 172 175 176 
177 178 182 183 184 185 186 187 188 189 190 191 
194 196 197 198 200 
