100 200
1 1 1 1 1 1 1 1 1 1 1 1 
1 1 1 1 1 1 1 1 1 1 1 1 
1 1 1 1 1 1 1 1 1 1 1 1 
1 1 1 1 1 1 1 1 1 1 1 1 
1 1 1 1 1 1 1 1 1 1 1 1 
1 1 1 1 1 1 1 1 1 1 1 1 
1 1 1 1 1 1 1 1 1 1 1 1 
1 1 1 1 1 1 1 1 1 1 1 1 
1 1 1 1 1 1 1 1 1 1 1 1 
1 1 1 1 1 1 1 1 1 1 1 1 
1 1 1 1 1 1 1 1 1 1 1 1 
1 1 1 1 1 1 1 1 1 1 1 1 
1 1 1 1 1 1 1 1 1 1 1 1 
1 1 1 1 1 1 1 1 1 1 1 1 
1 1 1 1 1 1 1 1 1 1 1 1 
1 1 1 1 1 1 1 1 1 1 1 1 
1 1 1 1 1 1 1 1 
19
13 24 29 33 42 57 79 87 103 104 117 143 
146 159 162 174 181 193 200 
18
31 57 68 74 116 118 122 126 133 135 154 156 
167 178 187 189 193 196 
17
20 38 46 52 61 97 102 103 109 112 134 141 
144 151 163 173 199 
20
32 37 42 51 53 59 63 75 91 104 109 118 
127 133 147 154 155 164 189 190 
18
20 28 33 42 45 58 63 66 68 70 72 108 
115 137 159 169 198 199 
16
3 8 10 13 24 36 38 76 89 123 127 138 
140 145 183 198 
24
18 19 25 28 34 46 48 58 69 79 80 86 
94 101 105 119 123 126 138 168 180 188 196 197 
10
26 49 87 121 131 139 160 174 176 177 
15
8 26 31 39 40 80 101 104 109 139 144 150 
152 169 188 
21
8 20 31 34 36 47 71 76 77 97 100 106 
111 146 151 159 162 166 179 197 198 
18
1 4 31 32 34 36 52 58 64 80 90 92 
95 125 143 144 146 158 
20
16 29 30 46 63 69 70 74 85 98 119 127 
133 138 158 177 183 189 195 198 
23
1 7 8 10 13 24 29 37 87 88 107 118 
120 129 131 140 147 152 157 169 176 187 194 
24
6 7 22 35 53 69 72 73 100 101 104 114 
123 133 135 158 161 167 169 173 178 183 194 196 
24
12 24 33 34 39 45 51 73 84 88 91 109 
111 125 130 132 133 139 161 166 182 185 186 199 
29
1 4 11 14 18 30 45 69 70 73 77 87 
89 90 101 105 106 112 125 130 132 142 145 163 
164 173 175 186 191 
16
9 14 20 23 29 33 39 45 64 75 78 97 
98 131 158 195 
25
4 19 33 38 46 47 49 53 55 62 66 70 
80 84 88 117 126 128 131 146 149 150 174 188 
193 
16
6 32 35 41 44 59 63 71 73 130 143 145 
148 152 157 158 
21
5 7 12 13 20 25 31 48 50 57 84 86 
91 92 105 116 117 119 125 161 179 
17
2 7 9 13 16 26 38 48 73 74 85 97 
115 119 162 173 199 
24
1 6 16 22 28 31 36 46 47 64 70 94 
104 111 127 137 139 150 152 154 162 172 178 180 
13
38 48 64 67 90 117 129 158 160 164 165 168 
199 
23
1 9 11 22 26 31 39 66 71 74 89 118 
122 129 134 141 161 162 174 177 180 183 192 
16
12 16 22 34 52 65 70 99 102 105 122 130 
131 148 170 195 
14
26 38 68 92 100 102 111 116 118 124 147 154 
162 190 
14
1 5 26 46 50 71 76 123 125 143 150 176 
182 197 
16
29 30 47 56 86 94 97 101 114 117 134 138 
143 182 195 196 
25
11 19 21 37 48 82 90 92 97 100 107 112 
123 126 131 138 145 147 158 160 166 176 182 195 
197 
17
34 39 49 60 61 63 89 92 99 105 123 134 
142 144 145 152 154 
26
2 7 25 27 35 40 47 67 70 84 88 99 
108 120 121 125 134 153 156 160 167 168 169 173 
182 184 
22
4 6 14 22 36 38 39 44 46 52 63 72 
73 85 93 101 105 138 158 159 172 182 
23
15 19 20 48 51 60 63 71 79 86 99 105 
122 124 134 135 136 137 138 155 176 184 197 
16
9 12 15 20 38 52 71 72 80 95 134 135 
153 166 193 197 
17
6 13 14 16 45 47 48 85 87 93 109 130 
131 133 135 152 155 
18
11 40 44 47 54 66 76 86 93 95 97 108 
113 116 125 154 177 192 
19
32 35 47 51 59 60 109 123 124 128 129 135 
142 161 162 185 187 191 193 
16
5 13 43 44 55 58 63 68 76 91 102 127 
128 151 188 194 
15
2 10 23 33 49 71 78 93 101 112 126 135 
137 161 199 
19
5 27 35 62 69 79 91 107 116 120 128 140 
144 156 173 176 180 184 192 
22
29 33 36 50 53 57 64 66 74 83 103 110 
129 132 135 138 139 140 174 182 189 197 
27
2 6 22 23 38 47 50 67 83 86 95 100 
101 104 106 127 133 134 142 149 155 158 175 184 
185 188 189 
23
3 9 20 31 35 37 57 59 65 70 71 81 
84 100 120 130 132 136 144 146 153 166 193 
21
1 3 15 19 51 56 62 65 80 89 91 123 
127 145 148 149 160 174 178 187 190 
13
21 24 37 39 42 50 57 96 109 113 128 135 
149 
16
3 14 17 28 37 49 52 79 115 117 162 166 
167 173 186 190 
18
11 16 43 49 64 91 109 116 117 124 131 133 
153 164 165 171 175 199 
18
28 36 45 59 71 84 88 92 96 102 104 116 
120 124 155 166 176 192 
25
7 31 43 46 64 71 87 95 97 100 101 115 
126 129 131 141 144 147 151 167 173 181 182 197 
199 
19
5 16 19 27 36 47 61 65 90 96 102 111 
128 150 169 175 179 184 200 
21
1 3 5 7 20 37 54 61 72 91 93 114 
120 126 134 137 152 159 160 174 175 
16
7 11 39 75 81 97 112 117 122 130 141 142 
148 154 170 178 
20
20 24 29 33 37 38 41 84 87 96 101 105 
117 120 127 138 162 167 177 200 
21
2 3 4 6 14 21 47 57 61 78 80 83 
93 94 95 119 136 145 157 179 194 
25
2 8 9 16 33 41 57 60 65 68 89 91 
99 110 116 124 128 130 136 151 170 179 181 190 
193 
21
6 11 27 38 41 45 49 64 81 86 93 101 
102 139 144 153 157 170 176 179 199 
28
1 14 22 25 29 33 43 55 63 66 69 72 
79 82 87 95 98 99 108 117 120 128 142 166 
171 173 181 194 
23
3 7 16 20 29 30 37 39 44 62 84 85 
89 91 97 98 123 166 180 185 186 197 198 
22
2 14 24 34 39 41 60 61 66 86 102 105 
108 119 127 134 148 164 169 178 188 192 
21
5 36 37 49 58 78 87 100 103 106 109 120 
122 123 125 157 166 177 184 189 194 
20
1 7 8 9 49 52 58 60 83 89 130 132 
143 150 157 160 169 185 187 199 
23
4 6 11 18 20 51 67 69 76 84 102 122 
126 131 136 142 152 154 163 168 170 173 176 
13
11 39 41 58 64 77 91 98 130 135 146 158 
192 
26
13 22 44 56 64 83 89 98 100 103 107 112 
116 133 138 140 145 147 152 154 155 157 158 186 
198 200 
25
2 6 8 14 23 28 41 43 44 46 50 77 
91 96 98 102 112 116 118 140 144 149 155 160 
193 
21
12 19 24 31 34 36 40 41 49 53 56 75 
95 121 125 143 162 168 192 196 200 
25
22 25 38 40 45 58 61 63 67 82 96 97 
99 113 115 126 130 139 146 147 151 155 164 175 
189 
28
1 10 13 15 20 23 25 31 53 62 83 86 
88 90 91 94 104 105 111 117 119 126 150 156 
170 181 189 190 
20
3 10 38 47 51 58 59 67 71 91 97 115 
119 123 151 178 184 188 194 199 
19
5 46 52 54 60 62 74 77 79 83 89 130 
131 162 169 170 178 181 192 
27
22 34 35 42 44 60 61 66 71 79 82 88 
91 103 107 108 112 128 130 135 138 144 153 158 
159 164 192 
23
17 22 34 35 52 56 60 61 70 82 93 94 
104 115 120 138 143 159 169 173 176 185 191 
17
12 19 29 33 87 90 102 109 114 117 137 143 
167 168 176 180 186 
20
16 21 28 48 50 53 66 73 82 89 104 120 
127 132 168 173 182 187 195 198 
20
29 30 42 44 58 64 67 71 86 90 91 99 
101 134 137 168 191 193 197 200 
24
28 30 35 46 47 51 59 75 85 88 89 90 
92 99 124 133 148 151 156 167 180 192 196 197 
16
30 36 44 92 133 134 137 146 151 162 164 165 
166 181 185 187 
19
20 23 34 42 46 47 52 53 68 79 81 98 
101 114 133 165 166 194 197 
28
12 15 19 22 37 40 46 55 63 65 69 76 
77 86 91 92 98 109 113 131 135 146 150 156 
168 169 172 177 
27
4 10 22 23 31 32 42 43 45 50 61 65 
83 84 87 94 101 109 110 120 125 138 159 168 
177 183 196 
15
18 19 26 49 69 83 113 128 139 156 164 167 
174 187 200 
17
3 6 9 13 15 30 53 63 67 84 100 122 
127 141 145 184 187 
26
17 18 29 46 48 51 53 60 62 70 109 112 
118 140 146 153 155 157 162 170 172 181 190 193 
195 197 
18
9 34 36 37 39 54 57 88 110 125 141 147 
169 170 172 186 194 195 
23
2 11 13 38 44 55 61 71 77 86 87 97 
106 108 111 114 115 128 130 145 147 165 191 
17
37 41 47 49 52 64 69 126 144 149 153 156 
163 166 170 175 176 
17
12 16 22 29 31 81 109 111 116 126 130 172 
175 179 182 194 198 
16
14 15 29 34 59 67 94 104 105 117 125 128 
141 155 172 179 
16
8 55 67 68 70 74 92 97 101 104 132 137 
164 165 177 179 
21
13 34 42 62 68 86 100 102 104 118 122 126 
131 146 172 174 175 179 184 191 195 
18
9 18 26 29 49 51 68 82 101 120 127 130 
131 133 154 184 192 198 
20
10 25 29 31 32 47 56 73 80 91 108 111 
115 132 148 154 157 182 184 186 
18
12 13 27 44 45 53 62 65 74 78 85 103 
106 128 138 146 172 177 
18
5 37 50 66 73 74 76 80 90 99 105 120 
133 143 146 148 182 188 
16
2 27 34 40 69 83 84 94 97 104 122 124 
150 170 176 178 
27
1 9 11 13 20 29 36 38 43 47 48 50 
66 75 85 93 97 108 115 119 128 132 138 144 
152 155 186 
17
1 2 5 17 21 28 40 68 113 114 121 157 
164 167 187 194 198 
19
23 31 32 49 58 66 69 75 76 109 113 119 
127 147 155 158 168 178 190 
25
7 8 14 16 24 27 64 73 77 78 80 86 
104 111 115 128 141 142 146 154 156 176 184 186 
189 
17
27 50 57 85 89 93 101 108 110 117 136 150 
151 156 160 181 188 
