200 800
1 1 1 1 1 1 1 1 1 1 1 1 
1 1 1 1 1 1 1 1 1 1 1 1 
1 1 1 1 1 1 1 1 1 1 1 1 
1 1 1 1 1 1 1 1 1 1 1 1 
1 1 1 1 1 1 1 1 1 1 1 1 
1 1 1 1 1 1 1 1 1 1 1 1 
1 1 1 1 1 1 1 1 1 1 1 1 
1 1 1 1 1 1 1 1 1 1 1 1 
1 1 1 1 1 1 1 1 1 1 1 1 
1 1 1 1 1 1 1 1 1 1 1 1 
1 1 1 1 1 1 1 1 1 1 1 1 
1 1 1 1 1 1 1 1 1 1 1 1 
1 1 1 1 1 1 1 1 1 1 1 1 
1 1 1 1 1 1 1 1 1 1 1 1 
1 1 1 1 1 1 1 1 1 1 1 1 
1 1 1 1 1 1 1 1 1 1 1 1 
1 1 1 1 1 1 1 1 1 1 1 1 
1 1 1 1 1 1 1 1 1 1 1 1 
1 1 1 1 1 1 1 1 1 1 1 1 
1 1 1 1 1 1 1 1 1 1 1 1 
1 1 1 1 1 1 1 1 1 1 1 1 
1 1 1 1 1 1 1 1 1 1 1 1 
1 1 1 1 1 1 1 1 1 1 1 1 
1 1 1 1 1 1 1 1 1 1 1 1 
1 1 1 1 1 1 1 1 1 1 1 1 
1 1 1 1 1 1 1 1 1 1 1 1 
1 1 1 1 1 1 1 1 1 1 1 1 
1 1 1 1 1 1 1 1 1 1 1 1 
1 1 1 1 1 1 1 1 1 1 1 1 
1 1 1 1 1 1 1 1 1 1 1 1 
1 1 1 1 1 1 1 1 1 1 1 1 
1 1 1 1 1 1 1 1 1 1 1 1 
1 1 1 1 1 1 1 1 1 1 1 1 
1 1 1 1 1 1 1 1 1 1 1 1 
1 1 1 1 1 1 1 1 1 1 1 1 
1 1 1 1 1 1 1 1 1 1 1 1 
1 1 1 1 1 1 1 1 1 1 1 1 
1 1 1 1 1 1 1 1 1 1 1 1 
1 1 1 1 1 1 1 1 1 1 1 1 
1 1 1 1 1 1 1 1 1 1 1 1 
1 1 1 1 1 1 1 1 1 1 1 1 
1 1 1 1 1 1 1 1 1 1 1 1 
1 1 1 1 1 1 1 1 1 1 1 1 
1 1 1 1 1 1 1 1 1 1 1 1 
1 1 1 1 1 1 1 1 1 1 1 1 
1 1 1 1 1 1 1 1 1 1 1 1 
1 1 1 1 1 1 1 1 1 1 1 1 
1 1 1 1 1 1 1 1 1 1 1 1 
1 1 1 1 1 1 1 1 1 1 1 1 
1 1 1 1 1 1 1 1 1 1 1 1 
1 1 1 1 1 1 1 1 1 1 1 1 
1 1 1 1 1 1 1 1 1 1 1 1 
1 1 1 1 1 1 1 1 1 1 1 1 
1 1 1 1 1 1 1 1 1 1 1 1 
1 1 1 1 1 1 1 1 1 1 1 1 
1 1 1 1 1 1 1 1 1 1 1 1 
1 1 1 1 1 1 1 1 1 1 1 1 
1 1 1 1 1 1 1 1 1 1 1 1 
1 1 1 1 1 1 1 1 1 1 1 1 
1 1 1 1 1 1 1 1 1 1 1 1 
1 1 1 1 1 1 1 1 1 1 1 1 
1 1 1 1 1 1 1 1 1 1 1 1 
1 1 1 1 1 1 1 1 1 1 1 1 
1 1 1 1 1 1 1 1 1 1 1 1 
1 1 1 1 1 1 1 1 1 1 1 1 
1 1 1 1 1 1 1 1 1 1 1 1 
1 1 1 1 1 1 1 1 
79
2 8 10 16 18 47 51 72 73 76 88 89 
90 107 110 113 120 133 138 185 187 189 209 237 
240 241 245 253 255 275 295 306 312 316 323 331 
343 347 351 356 360 363 380 406 415 416 419 448 
459 462 472 481 485 506 515 545 554 561 564 566 
568 576 594 595 601 602 618 626 628 633 637 640 
642 647 706 728 793 799 800 
103
8 12 27 73 74 79 91 93 94 115 120 122 
135 144 145 146 150 157 160 161 183 185 194 196 
202 220 234 239 248 258 261 262 269 282 287 298 
304 307 311 317 323 341 344 347 354 359 375 379 
387 390 391 402 420 429 453 458 508 509 520 528 
533 548 553 555 558 564 570 574 579 589 594 627 
634 635 638 639 640 648 651 654 659 665 668 676 
677 678 686 687 698 700 710 715 717 725 728 747 
757 763 771 782 786 789 798 
82
5 6 28 42 67 74 91 93 100 105 107 114 
118 163 169 187 193 210 214 217 226 233 234 247 
254 263 271 272 279 298 305 310 318 325 330 359 
372 380 386 387 409 421 426 427 429 432 434 453 
482 502 505 515 520 521 527 535 557 558 566 567 
569 578 608 636 644 652 660 665 675 680 681 695 
701 709 713 722 723 724 748 752 772 778 
77
2 12 18 33 40 42 43 44 64 70 76 83 
125 145 151 156 158 169 171 182 192 199 207 223 
226 238 239 247 263 269 302 313 317 328 334 335 
350 360 380 388 389 449 454 464 465 476 480 494 
495 501 529 533 542 545 547 559 580 589 598 614 
622 629 631 646 657 663 680 687 701 712 717 721 
723 724 773 787 794 
87
34 38 45 59 66 69 74 82 93 111 112 150 
154 156 167 202 208 209 214 216 231 257 262 267 
268 272 292 299 306 337 349 360 366 381 396 411 
421 427 430 444 449 458 473 479 490 500 523 535 
538 542 543 553 556 563 566 579 584 594 610 611 
618 620 626 628 646 654 663 664 667 670 675 683 
685 699 701 704 705 706 715 726 741 747 748 767 
783 787 792 
85
30 39 52 66 67 73 75 78 85 90 93 127 
130 138 151 157 180 192 204 213 223 266 268 296 
302 310 318 321 325 330 332 344 346 350 360 370 
378 382 383 401 407 408 426 430 447 459 471 480 
508 515 522 538 552 553 568 570 598 599 602 604 
607 612 613 615 621 625 634 636 637 638 645 647 
648 652 668 687 688 725 735 745 752 760 766 772 
779 
87
20 22 28 32 35 36 39 43 46 63 65 74 
85 88 94 97 110 113 121 132 172 188 203 204 
222 227 230 233 241 254 265 276 282 295 304 348 
370 375 404 413 414 432 438 442 443 454 460 461 
479 491 501 506 510 517 527 529 537 538 551 575 
577 591 599 603 604 611 614 620 622 643 652 663 
671 674 710 719 727 729 733 737 738 739 751 754 
764 775 783 
70
27 34 46 56 60 84 94 120 121 136 152 153 
159 162 181 184 217 222 244 251 262 263 264 268 
291 294 300 306 335 360 365 374 380 385 395 406 
413 414 419 424 430 436 446 457 464 470 471 480 
504 514 555 584 595 600 622 630 648 649 678 688 
702 703 707 711 718 737 751 759 777 796 
80
16 24 30 31 39 46 50 61 71 73 79 88 
117 119 137 142 190 200 205 206 223 227 243 254 
263 265 273 293 298 300 323 326 328 335 359 367 
368 373 398 400 414 431 449 452 458 463 468 479 
494 499 500 506 511 515 518 581 585 589 597 636 
637 639 645 668 669 699 700 703 717 719 721 723 
747 766 768 773 775 783 790 794 
74
4 25 55 64 92 112 113 135 139 143 160 161 
193 196 212 218 226 229 238 239 242 265 279 293 
299 304 312 316 317 326 328 368 369 370 374 395 
399 419 436 460 462 470 477 490 524 531 552 559 
563 572 581 584 585 587 600 613 618 624 625 645 
656 658 662 687 690 691 698 707 720 736 739 743 
789 793 
88
2 13 24 38 51 52 57 80 85 86 108 109 
126 130 145 151 160 166 167 174 186 187 193 207 
209 226 228 230 251 253 254 258 266 288 289 294 
302 325 327 332 364 370 393 399 416 421 425 448 
454 458 462 464 498 500 505 513 517 524 525 527 
530 546 551 554 567 571 578 584 587 610 633 635 
649 651 654 656 658 668 691 695 706 715 719 729 
756 759 766 799 
92
3 8 10 13 15 16 17 23 28 32 38 49 
64 71 72 79 98 109 112 115 117 118 120 122 
143 148 149 159 164 181 223 229 232 239 240 257 
258 277 284 288 289 295 303 306 349 357 358 365 
366 371 373 382 394 400 403 417 449 455 463 468 
488 499 528 530 545 554 567 576 614 616 617 620 
633 650 655 664 667 672 673 691 698 705 709 713 
716 745 751 760 762 779 791 798 
75
1 3 7 25 42 43 73 78 86 96 118 121 
123 129 132 163 177 183 204 211 221 222 236 243 
253 255 281 283 299 300 319 361 378 392 394 401 
404 410 428 431 432 438 440 446 448 450 491 492 
500 528 558 571 582 595 598 607 629 631 639 652 
657 659 667 675 677 678 697 717 724 733 741 753 
756 757 780 
73
1 5 14 20 24 27 44 51 61 87 99 114 
115 119 123 124 127 132 140 142 162 170 180 183 
184 196 200 214 224 226 231 244 258 298 318 344 
347 355 365 399 408 426 481 489 513 517 518 528 
553 571 598 607 618 619 630 646 650 655 657 658 
659 675 680 708 717 734 746 754 765 778 779 789 
797 
76
7 12 15 19 21 23 57 74 77 93 97 111 
115 120 130 146 153 162 167 172 175 182 185 188 
223 250 251 256 258 269 270 369 381 386 394 402 
406 409 412 416 417 422 433 443 451 454 459 461 
464 468 478 481 482 486 490 493 494 516 543 544 
565 583 593 601 612 637 640 651 655 667 704 752 
762 763 771 780 
67
2 11 13 18 37 51 62 67 98 106 113 117 
138 142 145 147 158 162 168 185 186 192 198 210 
215 219 225 231 262 287 300 320 321 326 347 424 
453 465 494 506 519 526 530 533 536 543 552 564 
577 590 595 604 621 643 658 660 665 673 688 694 
698 710 752 768 773 784 790 
94
16 20 41 45 49 77 80 83 89 92 94 108 
117 134 140 153 189 191 195 200 205 208 217 241 
258 263 276 284 287 296 302 322 331 333 334 339 
341 345 354 366 378 389 398 403 425 430 433 436 
446 451 464 472 475 476 477 485 488 490 493 497 
504 516 518 520 541 557 565 569 605 613 615 616 
617 618 624 632 657 669 679 681 684 690 698 705 
707 718 727 735 754 756 763 768 771 774 
79
28 31 34 42 61 85 88 102 104 112 142 146 
148 151 156 158 159 173 177 210 216 218 228 234 
254 259 263 267 285 290 298 299 313 343 362 363 
367 382 388 408 416 423 447 465 468 484 503 512 
523 531 537 541 544 545 548 556 570 576 600 613 
627 630 633 641 642 657 659 660 668 688 693 697 
727 729 752 759 764 793 796 
84
13 15 27 31 41 52 54 69 73 83 87 89 
95 115 156 161 173 180 184 189 190 202 210 215 
228 233 242 250 258 259 266 279 285 297 298 310 
312 313 326 334 336 346 372 387 401 405 409 433 
449 453 464 466 487 488 492 500 507 521 522 558 
566 588 607 608 621 629 647 648 666 671 673 674 
677 679 693 724 725 728 742 748 754 757 774 792 
86
5 8 21 33 37 52 53 66 77 81 86 122 
130 189 191 211 232 233 239 247 253 258 260 264 
277 281 284 290 292 306 308 309 313 342 349 358 
365 383 391 395 400 407 414 453 457 464 471 472 
473 474 480 481 503 513 529 532 580 596 602 610 
612 619 620 621 633 647 659 663 665 689 690 704 
707 713 736 738 749 751 762 763 783 784 786 788 
794 797 
87
9 40 42 59 71 74 94 130 156 162 163 176 
209 212 216 226 227 229 233 234 240 244 256 264 
267 269 270 275 278 285 286 288 295 313 316 323 
333 337 340 344 345 348 365 384 392 394 405 406 
430 431 433 435 438 440 450 454 455 456 466 472 
475 483 496 502 521 551 553 554 558 562 592 606 
614 633 640 645 649 661 675 681 738 746 780 784 
792 794 795 
94
3 23 28 41 48 55 60 64 66 69 73 82 
91 102 106 132 135 142 147 151 167 173 194 195 
201 202 203 210 223 226 236 249 264 268 278 280 
286 289 293 296 297 303 304 305 315 316 322 323 
326 328 334 346 365 366 374 375 388 390 391 411 
445 452 461 521 524 538 550 551 554 590 616 619 
638 642 678 686 692 696 701 702 714 716 725 729 
730 735 741 753 761 765 781 783 795 796 
103
3 22 34 37 73 79 81 85 90 93 104 147 
177 189 193 195 207 212 216 228 229 233 242 252 
253 273 276 280 283 291 292 295 298 304 307 315 
317 323 329 335 352 358 364 366 375 398 414 419 
421 423 428 429 437 442 452 457 470 478 486 495 
530 537 540 551 556 573 574 586 589 591 593 595 
605 626 634 637 641 643 647 648 652 657 683 684 
690 691 696 697 700 701 706 708 716 719 726 728 
733 742 743 745 746 747 760 
83
14 15 20 29 30 37 52 54 63 67 77 83 
93 95 111 134 135 158 165 169 179 192 194 201 
207 214 218 254 258 259 277 304 306 308 319 327 
330 339 340 341 363 368 414 419 422 428 437 445 
451 459 464 465 467 499 502 503 532 540 543 551 
575 576 584 585 595 606 621 629 634 657 662 666 
669 675 679 686 690 691 699 731 745 776 782 
78
2 12 22 24 25 43 44 51 64 74 76 80 
82 85 119 141 147 149 163 196 198 206 214 218 
221 239 251 263 274 281 284 291 292 296 323 344 
361 364 369 382 387 388 390 401 415 416 418 442 
449 463 469 477 486 491 512 521 534 546 550 586 
604 615 628 655 657 661 671 686 687 689 707 724 
733 739 749 779 799 800 
77
21 34 80 96 100 101 107 110 112 117 142 151 
153 154 161 173 175 189 193 209 212 219 232 246 
259 262 267 274 292 300 304 316 318 323 335 347 
357 360 363 385 386 398 417 455 457 461 472 479 
488 508 515 517 545 547 556 570 585 589 599 605 
606 612 616 620 621 639 661 665 670 683 711 730 
731 744 758 772 795 
78
6 11 18 29 40 55 60 67 70 71 79 80 
89 119 136 152 160 176 177 178 190 201 205 208 
213 224 226 229 238 239 240 249 256 263 281 340 
353 355 358 377 389 390 395 398 420 422 490 496 
500 530 537 572 583 593 594 596 602 613 618 619 
620 642 645 649 664 675 687 694 702 740 742 750 
765 768 778 788 795 800 
90
7 9 25 32 33 40 45 53 58 78 83 88 
94 117 120 129 138 141 148 149 155 171 172 179 
190 195 201 202 204 212 216 220 222 229 240 246 
251 253 258 282 283 290 302 321 359 369 370 372 
377 396 407 420 426 444 459 462 464 480 484 495 
508 510 525 527 572 581 582 586 597 604 628 650 
671 672 674 697 701 703 715 719 721 727 734 741 
746 757 769 779 792 794 
61
2 17 32 60 63 75 104 130 138 148 151 155 
167 171 172 176 184 187 188 195 202 218 264 271 
274 285 291 298 319 320 357 394 396 397 421 435 
441 450 491 492 501 512 520 572 573 577 592 608 
626 641 643 654 661 663 677 692 736 742 743 762 
792 
76
2 14 33 40 45 49 53 54 57 58 70 78 
81 100 109 117 149 161 166 169 172 174 210 214 
218 221 224 243 247 249 251 278 279 306 320 328 
331 339 379 399 407 413 423 436 442 443 448 454 
458 463 465 468 469 482 513 514 516 536 537 565 
583 586 607 641 649 670 677 698 703 737 744 756 
764 769 779 781 
83
7 26 29 30 40 41 55 60 73 80 103 106 
124 138 139 142 151 159 163 166 176 179 180 183 
202 204 214 216 223 229 232 241 257 285 296 315 
318 350 355 363 377 379 409 413 414 419 425 431 
437 451 455 464 473 477 485 504 514 537 550 553 
573 577 608 612 613 619 644 649 664 668 672 686 
688 698 702 721 739 754 756 763 776 793 794 
64
46 54 82 90 94 120 132 139 153 169 182 189 
205 208 224 234 244 248 249 270 283 302 306 334 
343 344 357 359 397 442 448 449 452 469 498 499 
525 527 528 537 544 556 587 589 598 599 614 637 
648 649 658 664 673 695 697 716 720 741 757 768 
781 793 798 800 
77
10 18 30 50 60 64 83 99 105 113 114 136 
139 149 164 172 174 186 203 208 211 214 221 224 
240 265 274 289 306 307 328 343 360 384 386 396 
397 404 409 418 419 421 433 460 461 478 491 495 
504 524 530 534 544 545 562 567 571 576 581 584 
624 633 636 641 670 671 673 691 696 723 745 755 
771 775 777 796 799 
84
37 52 56 60 67 73 76 82 84 102 125 130 
140 142 148 149 156 162 183 185 188 202 220 241 
247 249 256 261 263 288 292 293 308 339 340 349 
365 375 379 380 399 402 416 417 425 428 429 431 
440 456 460 468 471 509 514 516 554 556 557 558 
576 577 589 596 611 628 631 639 643 653 671 681 
707 711 721 744 749 758 765 769 781 790 791 799 
77
5 11 13 16 51 56 73 76 103 114 150 153 
162 172 177 181 188 190 204 215 217 229 232 245 
255 267 278 290 309 310 364 379 382 394 418 424 
436 440 456 464 474 478 486 487 489 490 499 504 
538 545 554 559 580 590 602 608 617 618 621 625 
630 632 643 652 682 683 694 703 709 732 741 743 
744 769 771 777 790 
80
2 6 14 23 43 44 53 69 92 116 123 127 
131 135 145 152 155 163 190 194 195 214 240 242 
265 273 277 286 290 302 309 312 316 320 323 330 
366 367 368 393 400 403 406 409 410 412 417 443 
459 466 467 480 509 511 512 530 533 543 551 564 
565 566 594 595 604 669 670 681 697 712 713 717 
725 727 730 737 750 760 780 788 
83
8 16 24 33 35 36 38 54 61 63 70 73 
81 87 92 93 96 98 109 115 118 119 127 147 
151 162 168 171 185 193 196 202 204 216 231 261 
282 286 292 300 302 315 319 323 324 331 359 408 
412 414 434 439 441 444 450 466 468 484 487 495 
507 511 513 520 524 550 555 557 625 628 639 642 
655 666 682 714 729 741 748 753 761 781 796 
87
1 3 5 13 19 22 24 29 30 31 39 81 
82 93 94 96 116 131 141 157 158 164 210 211 
216 217 218 237 247 256 271 279 285 298 299 301 
339 341 349 358 367 382 388 392 397 399 400 404 
414 423 428 442 452 460 467 479 492 494 496 502 
507 516 537 541 553 562 564 565 567 574 578 589 
595 605 628 647 664 668 672 691 713 726 733 745 
750 751 766 
102
15 16 19 29 30 36 44 66 73 75 76 82 
87 89 95 96 99 102 122 123 127 145 147 156 
164 169 176 178 182 184 194 214 232 251 257 269 
271 295 300 305 306 335 339 356 359 373 383 386 
390 398 404 410 416 418 433 448 454 461 463 467 
495 514 525 538 542 543 556 562 586 588 598 601 
602 608 613 620 621 627 630 636 641 656 661 666 
676 677 697 699 712 723 729 732 733 742 749 759 
760 769 771 781 782 795 
92
3 36 37 46 52 53 67 89 107 112 121 130 
149 161 162 173 185 186 190 191 192 198 199 241 
242 243 256 278 286 297 323 331 337 340 342 353 
360 371 386 396 397 413 420 443 445 447 453 463 
477 484 492 494 505 508 509 522 526 536 540 545 
549 569 578 583 598 613 615 625 628 643 654 657 
674 679 686 695 697 701 711 721 722 738 742 745 
747 751 755 772 779 783 794 796 
77
2 7 9 10 29 32 49 52 57 70 76 80 
88 99 126 131 135 143 157 165 180 183 184 186 
208 218 241 252 253 268 269 280 312 329 334 341 
342 367 381 394 396 399 411 423 449 461 469 474 
481 490 501 504 509 524 538 540 549 554 591 596 
604 606 620 623 624 651 657 672 675 716 727 731 
750 770 787 788 796 
84
18 20 21 27 29 37 41 43 87 98 104 108 
122 128 134 139 146 159 161 163 179 187 198 211 
219 222 232 240 303 319 327 328 330 331 337 347 
349 353 369 372 398 414 417 433 444 457 461 464 
477 485 487 500 510 512 518 527 535 551 582 587 
600 609 615 630 639 640 643 651 653 656 657 701 
705 709 710 717 720 726 727 745 746 767 773 797 
84
4 6 9 10 30 33 38 46 66 80 88 99 
106 112 118 137 146 147 149 164 177 180 182 186 
192 207 210 213 234 258 270 277 300 301 303 319 
324 333 337 339 341 359 371 380 383 386 396 402 
406 411 413 423 439 453 472 479 484 485 491 498 
504 563 571 574 579 584 585 600 623 631 633 638 
643 661 676 683 685 693 740 749 779 783 787 790 
89
3 14 21 28 41 49 53 66 79 84 108 118 
126 131 135 141 157 162 233 250 266 274 284 287 
288 298 303 316 317 322 330 339 343 350 370 375 
376 384 394 402 409 410 430 433 436 448 449 460 
463 464 476 495 498 540 541 542 550 551 582 589 
599 618 626 631 633 639 646 653 655 656 666 676 
683 691 711 714 719 722 724 749 752 753 754 759 
763 768 771 779 780 
78
9 15 21 22 43 48 57 67 74 86 95 102 
122 130 147 155 161 167 170 186 208 212 215 216 
226 242 245 246 256 263 305 323 341 345 350 355 
360 364 369 371 374 380 381 408 423 439 440 453 
456 458 461 469 489 503 511 522 526 543 544 547 
586 591 614 627 628 637 642 662 667 693 702 703 
712 714 733 756 783 800 
83
10 12 30 41 53 54 55 67 83 84 98 101 
106 112 114 132 135 143 175 205 210 214 234 240 
241 254 256 280 281 291 293 309 316 324 325 333 
336 339 357 363 364 387 390 391 422 433 451 453 
467 486 498 507 513 524 527 533 545 550 555 566 
572 587 617 635 637 673 687 696 705 711 713 720 
722 731 733 734 735 738 741 759 776 793 798 
88
10 15 16 22 28 31 35 44 56 59 62 78 
79 95 97 138 153 161 164 208 218 225 228 249 
252 264 268 275 286 295 320 325 329 344 347 349 
350 353 360 364 374 381 389 402 420 430 447 469 
472 475 485 489 495 506 531 540 554 558 569 579 
584 586 587 599 616 622 636 640 650 653 666 673 
695 702 707 708 729 732 744 752 753 763 773 779 
783 791 793 795 
100
6 11 18 19 24 40 41 48 60 70 75 76 
96 105 116 142 143 144 166 170 179 185 188 195 
200 203 216 223 235 268 269 296 306 311 314 316 
318 319 322 342 349 364 370 375 402 403 404 420 
429 435 436 440 441 459 481 484 486 496 499 506 
507 509 513 515 519 530 541 553 555 567 577 596 
600 615 631 636 637 663 679 682 695 700 703 709 
712 720 730 732 733 734 744 745 746 757 762 766 
775 788 798 799 
71
16 21 39 51 65 66 82 91 105 113 126 130 
148 150 152 200 206 217 237 243 269 270 279 283 
286 287 296 297 318 327 353 355 368 391 393 404 
408 414 442 450 451 454 501 507 519 526 543 547 
549 551 553 567 588 594 637 652 657 664 673 675 
683 702 705 714 715 726 736 741 766 789 795 
99
3 7 9 20 24 31 32 45 57 61 67 84 
90 95 98 109 132 141 154 157 158 169 176 177 
192 201 211 212 225 230 244 265 268 270 293 295 
309 311 314 326 330 333 350 353 359 364 366 376 
379 381 387 394 395 417 427 436 464 472 484 488 
501 502 503 504 522 525 528 531 534 537 538 539 
541 593 610 639 653 658 660 666 667 675 678 684 
693 695 696 698 706 709 718 731 741 742 753 764 
774 783 785 
72
6 14 40 46 84 86 115 125 157 171 211 213 
224 225 236 239 254 274 291 306 315 325 336 358 
374 376 379 389 394 397 401 408 433 443 479 489 
492 502 504 520 542 550 553 554 567 570 584 586 
611 615 616 618 626 631 634 640 645 654 662 673 
684 693 706 707 728 745 751 753 759 772 790 797 
81
7 29 33 44 45 48 50 52 73 77 81 88 
99 108 117 125 131 135 173 174 183 193 218 219 
242 246 248 256 282 283 290 291 294 296 314 315 
328 329 341 360 374 399 411 423 443 447 448 449 
471 485 489 491 497 537 562 581 593 604 605 634 
638 648 671 685 694 706 707 712 714 728 746 749 
756 759 764 765 777 787 789 790 793 
82
3 4 8 22 25 41 49 62 67 80 82 83 
94 98 108 130 150 158 166 168 171 186 209 216 
219 239 248 254 258 269 289 290 314 317 321 326 
343 358 391 400 412 415 421 435 443 449 452 469 
470 480 489 490 506 517 536 538 550 564 569 582 
587 594 617 620 624 634 662 682 686 714 726 731 
739 747 748 749 750 758 767 775 786 787 
82
2 5 10 24 32 48 52 80 84 95 101 105 
120 122 128 135 140 170 171 174 192 204 207 238 
259 260 284 298 316 317 326 358 391 421 427 428 
438 460 471 481 484 492 511 515 521 522 528 541 
570 580 582 585 596 601 611 622 627 634 645 646 
654 671 675 676 680 683 698 699 702 707 710 711 
728 753 760 769 770 779 783 789 791 795 
68
2 6 33 55 59 65 103 106 110 129 130 138 
139 140 141 158 162 168 174 211 212 220 237 257 
266 269 290 298 301 323 330 358 393 412 417 434 
435 458 468 488 507 515 519 521 525 533 538 558 
565 567 585 586 588 593 594 605 667 686 687 691 
705 709 729 740 743 749 757 789 
84
26 32 37 44 77 79 84 102 110 114 125 135 
136 137 142 146 161 162 168 169 177 182 184 188 
198 211 224 243 244 250 278 282 286 288 302 310 
313 315 317 324 338 360 366 371 379 400 411 441 
453 456 459 463 465 476 500 522 523 532 560 584 
585 615 621 640 660 664 667 678 693 705 707 710 
711 723 729 732 741 745 751 755 782 789 794 800 
92
5 8 17 38 39 60 68 72 73 83 98 142 
152 158 159 162 170 185 186 194 211 212 220 224 
228 264 267 274 280 287 288 292 298 299 306 316 
325 327 337 345 347 374 375 385 386 387 389 417 
424 426 429 435 439 460 467 475 483 491 495 501 
508 521 526 531 544 554 558 565 595 602 604 614 
615 616 626 629 630 642 647 655 661 674 714 728 
730 732 737 755 786 789 791 800 
78
3 13 18 19 20 75 83 86 95 96 100 105 
128 142 147 149 157 160 165 178 199 200 202 203 
220 231 238 247 256 258 262 263 267 274 288 294 
314 318 331 339 350 363 380 383 396 399 405 416 
421 428 430 461 464 465 466 472 473 507 509 527 
556 585 609 613 622 624 635 636 640 641 648 650 
714 715 724 729 738 789 
90
3 18 19 24 49 53 72 101 102 109 115 119 
122 123 143 154 163 184 205 210 212 219 227 250 
258 268 289 310 318 322 323 358 360 380 381 382 
384 385 396 405 413 422 432 433 442 446 452 453 
459 465 468 470 490 502 505 512 533 543 545 547 
551 566 572 573 574 591 611 629 631 634 645 647 
662 679 691 704 722 724 727 731 748 750 751 759 
769 770 791 793 797 799 
87
9 14 40 44 46 50 54 71 91 106 125 136 
140 143 147 156 167 169 172 183 185 189 192 195 
197 198 207 218 222 257 287 291 294 298 304 308 
309 324 330 331 340 348 364 366 374 380 395 402 
418 425 429 432 433 436 440 443 453 466 468 472 
477 494 498 512 515 519 522 557 558 564 599 626 
630 644 656 673 688 704 710 713 749 760 774 778 
787 790 796 
77
1 9 20 23 34 48 56 83 94 101 102 112 
120 143 150 155 160 162 163 193 197 200 207 239 
261 288 294 313 321 348 354 355 364 372 385 389 
402 414 425 428 429 445 451 455 464 485 496 499 
500 508 516 523 524 535 536 539 541 545 548 564 
568 601 615 622 641 651 657 661 676 680 736 755 
758 764 777 780 798 
86
6 55 65 72 97 100 101 113 116 129 150 161 
165 173 176 193 194 199 223 239 264 273 283 286 
287 301 304 308 309 311 316 321 335 341 342 355 
364 367 368 369 376 386 420 424 428 429 434 437 
454 464 468 478 490 497 500 501 504 509 529 535 
548 566 584 585 594 595 619 622 647 648 657 664 
677 680 690 691 708 713 730 742 751 759 761 766 
783 795 
78
14 29 34 39 41 48 96 97 99 113 124 126 
147 153 157 171 200 204 207 210 223 246 266 292 
302 308 322 325 328 358 368 371 374 377 385 387 
388 392 417 444 445 452 456 468 478 486 487 495 
511 519 528 530 537 558 561 564 571 588 612 616 
627 633 642 646 649 652 662 679 707 713 727 743 
745 756 757 769 792 800 
87
18 28 35 44 47 55 102 112 117 122 134 142 
146 157 165 167 168 181 182 183 188 192 194 197 
199 208 214 230 236 249 261 276 279 283 292 308 
313 315 327 328 330 339 360 376 390 402 420 424 
441 468 478 496 502 504 505 508 512 514 521 525 
570 574 575 591 594 604 614 617 622 640 642 655 
660 662 667 671 685 701 703 723 725 729 734 736 
761 762 777 
72
11 21 44 52 63 74 88 99 100 112 119 131 
132 139 147 162 179 180 181 194 203 217 235 260 
266 267 273 285 290 298 328 347 350 368 374 377 
382 383 385 416 425 438 477 490 500 503 505 531 
536 547 549 555 560 562 564 565 566 584 598 604 
609 625 667 678 733 746 749 755 774 783 792 796 
81
4 5 26 28 63 81 119 126 133 173 183 198 
207 227 229 237 240 244 252 272 276 278 290 298 
305 315 320 331 343 363 364 378 384 394 396 408 
417 421 430 431 438 441 449 460 515 535 543 553 
563 566 574 585 595 602 610 614 618 635 645 648 
655 657 661 670 673 678 679 685 696 700 709 710 
714 718 726 746 750 758 767 771 780 
83
8 19 28 34 52 61 73 76 81 88 93 94 
97 109 113 114 124 132 188 210 211 222 236 241 
245 247 249 251 256 257 262 270 271 272 277 312 
325 332 336 340 352 356 366 371 375 383 391 416 
423 425 431 432 441 444 459 484 507 512 513 523 
548 552 561 587 594 607 608 615 634 636 637 654 
672 673 691 701 722 725 731 748 757 792 799 
85
22 28 30 41 51 64 65 77 79 97 100 101 
151 175 183 197 204 207 210 215 220 227 233 247 
265 290 292 293 300 309 349 365 377 378 395 397 
399 412 426 439 443 448 470 485 497 500 514 525 
527 547 552 562 578 579 591 593 598 601 627 631 
636 642 645 650 652 674 676 678 694 699 710 711 
716 728 739 747 748 754 760 761 768 772 782 785 
800 
79
19 29 35 44 48 79 90 93 99 110 117 118 
135 146 147 160 169 172 173 175 181 224 247 261 
278 280 281 282 285 294 302 310 325 329 346 352 
353 355 362 383 387 395 429 450 470 506 512 514 
518 521 524 532 540 544 558 581 591 595 613 614 
635 657 666 668 674 685 686 699 708 746 750 751 
754 763 764 765 787 790 793 
86
15 20 31 32 46 76 89 100 109 113 121 124 
138 140 164 174 179 181 188 236 241 262 272 280 
284 288 292 293 303 305 306 307 308 313 318 329 
337 351 363 367 385 387 394 400 403 410 421 428 
435 437 445 453 455 461 462 466 470 471 485 507 
539 547 551 576 587 598 611 616 644 654 676 684 
686 694 696 719 724 733 744 750 757 760 777 779 
780 798 
92
11 14 23 29 42 46 63 65 101 115 126 127 
141 153 167 175 197 205 206 221 227 228 257 262 
263 267 285 296 298 306 314 323 339 342 359 364 
385 394 400 423 432 433 451 459 464 482 493 498 
500 508 521 523 531 532 544 553 565 579 592 595 
600 604 609 611 613 623 627 654 657 665 673 683 
686 687 689 691 698 700 707 716 717 720 726 736 
739 743 773 783 789 790 791 795 
78
25 29 52 55 61 82 90 102 105 108 127 138 
143 156 158 162 177 188 199 203 212 218 219 224 
228 229 231 232 233 234 237 242 255 260 261 268 
286 288 291 300 315 321 330 331 357 367 397 405 
407 412 418 462 465 495 501 510 513 517 523 536 
546 550 551 554 561 578 597 628 639 662 663 667 
690 694 711 760 780 789 
91
5 9 25 35 42 52 74 81 82 83 101 105 
107 110 120 134 135 163 177 180 183 203 215 221 
230 232 233 244 270 274 277 283 287 291 302 314 
319 320 323 324 340 341 342 349 365 374 402 423 
443 445 478 488 489 514 519 538 539 548 561 582 
583 599 604 610 613 621 638 651 659 663 676 680 
684 693 696 699 702 715 721 729 732 735 737 740 
755 771 779 788 791 794 799 
82
23 41 45 50 52 59 62 86 88 91 101 107 
109 119 122 126 134 138 148 160 179 197 217 219 
220 221 222 237 239 242 272 278 290 291 330 335 
354 358 374 381 382 383 389 399 401 406 421 423 
426 447 465 480 506 512 519 531 534 555 561 570 
576 591 611 615 616 620 639 644 653 669 680 700 
741 742 749 750 757 760 763 765 780 789 
89
1 57 58 66 78 83 89 102 125 133 154 161 
164 174 176 181 206 210 223 225 228 230 240 242 
248 262 271 275 276 278 279 282 289 293 296 297 
307 318 341 343 357 371 380 384 426 430 439 454 
459 465 476 509 513 520 524 531 555 556 561 574 
576 578 579 580 582 593 598 607 610 619 625 626 
643 651 655 674 684 691 695 703 708 709 717 741 
751 762 770 772 800 
63
7 21 36 39 50 67 72 100 106 108 142 149 
160 165 178 188 201 205 206 223 226 231 258 264 
287 294 298 317 353 384 390 402 422 435 446 456 
460 466 506 509 526 534 535 549 555 606 611 614 
634 637 642 649 693 695 702 729 736 745 765 767 
779 786 799 
94
3 16 19 26 32 33 41 42 58 67 69 86 
97 99 111 115 125 132 140 159 162 181 209 213 
216 217 229 244 247 248 268 285 290 293 302 304 
331 337 355 369 374 397 402 412 419 450 457 472 
500 505 509 511 524 525 538 540 544 560 562 576 
579 594 597 599 601 602 605 608 622 629 637 643 
649 650 652 656 659 669 679 692 694 698 699 712 
718 726 728 736 747 758 762 772 781 787 
72
3 5 41 83 96 113 114 117 126 134 137 149 
170 180 184 209 216 228 235 242 258 260 282 298 
304 308 341 343 361 381 390 394 403 419 421 425 
426 444 455 465 468 469 485 499 524 526 537 539 
541 545 547 559 560 574 579 592 593 594 615 622 
631 634 655 660 667 685 717 718 731 732 739 793 
90
5 14 15 20 24 39 44 50 51 52 74 90 
100 102 103 105 106 111 118 123 124 128 133 136 
148 152 153 165 172 178 182 184 197 198 211 215 
223 254 256 260 262 286 300 302 303 311 326 342 
362 366 385 411 420 425 439 467 471 485 493 497 
510 518 525 529 533 540 545 549 580 613 615 624 
637 638 648 670 686 696 703 710 715 726 727 735 
746 748 749 791 795 796 
79
3 16 60 61 110 118 127 132 147 155 157 173 
175 177 186 187 191 193 200 201 208 224 234 239 
256 259 281 284 291 309 316 318 327 364 375 383 
397 409 416 418 428 451 454 457 462 463 470 511 
512 515 518 520 543 545 564 580 586 592 613 619 
626 644 654 667 672 673 680 687 708 718 720 721 
723 726 738 761 773 784 787 
77
1 12 28 34 36 50 57 75 79 86 89 96 
97 107 133 157 158 164 172 190 197 207 241 243 
245 255 263 268 288 301 310 316 323 326 343 344 
346 359 374 381 383 397 408 429 486 488 491 505 
507 517 528 543 553 560 569 572 588 592 593 597 
617 619 622 624 639 648 654 664 673 718 742 747 
755 772 780 781 784 
84
41 54 59 61 71 72 101 115 118 121 126 150 
178 212 218 238 248 250 252 257 270 274 276 281 
286 289 293 314 317 321 325 331 332 341 345 346 
353 364 367 374 379 392 399 403 413 420 424 425 
431 441 442 455 474 479 483 502 518 548 557 560 
568 570 576 597 603 635 643 645 666 689 690 692 
693 707 710 715 716 750 755 776 787 789 795 800 
88
3 5 14 15 29 31 52 57 86 102 112 124 
129 147 148 170 198 201 212 218 222 234 249 253 
255 257 260 263 275 292 307 308 312 320 332 342 
347 348 359 376 398 404 415 418 419 427 443 468 
471 488 491 501 504 510 512 515 530 548 556 563 
594 597 601 614 618 627 639 640 642 649 654 656 
657 659 661 673 682 695 718 721 728 742 755 756 
767 780 787 797 
95
15 16 29 43 49 66 75 77 81 101 102 116 
123 135 154 158 162 164 165 188 196 210 217 232 
233 235 239 256 259 276 287 288 294 321 333 335 
339 353 354 372 373 396 397 399 401 404 407 430 
448 450 458 459 463 465 466 477 479 484 488 489 
500 510 514 525 528 537 538 542 543 555 558 565 
566 574 602 607 610 619 621 638 646 648 649 665 
703 713 740 742 745 746 749 751 765 789 800 
72
2 4 20 34 38 46 59 73 78 106 121 131 
134 143 144 147 150 154 182 187 190 210 260 261 
269 280 318 322 327 339 341 371 390 391 422 435 
451 469 479 481 489 499 501 505 506 510 517 521 
553 580 583 590 598 599 603 609 620 627 645 649 
650 678 684 696 734 743 750 777 781 797 798 800 
74
5 17 32 37 53 62 64 69 77 79 91 97 
99 100 101 129 144 159 197 200 214 230 236 248 
249 280 282 293 297 299 332 338 340 345 373 376 
392 413 428 439 445 449 460 462 476 491 519 534 
540 550 569 578 610 625 639 641 643 649 673 689 
692 700 713 714 715 718 721 733 736 745 751 754 
765 768 
88
2 15 16 36 41 50 53 61 71 73 95 99 
104 106 126 142 155 174 176 180 184 194 199 209 
230 240 242 245 246 252 266 275 277 287 303 311 
315 318 319 325 330 336 339 342 353 371 376 383 
392 393 416 434 438 442 449 457 473 486 508 528 
537 549 551 559 573 579 583 587 613 627 633 645 
660 665 681 696 699 700 721 722 737 750 752 777 
779 785 798 800 
76
14 25 29 35 37 46 47 72 73 87 90 108 
113 114 137 142 151 153 174 175 185 203 212 261 
267 269 270 273 286 290 299 301 302 307 312 323 
332 358 359 379 413 416 428 463 468 471 475 480 
490 518 527 539 557 570 575 588 599 611 619 621 
625 635 638 642 647 648 659 678 688 708 714 733 
752 761 764 786 
85
6 18 40 42 47 55 60 68 70 103 118 119 
138 142 143 147 150 174 179 184 190 202 215 216 
221 223 227 229 243 245 250 252 261 278 307 317 
318 331 336 350 361 371 383 386 387 399 404 411 
415 422 463 472 485 487 489 513 539 577 587 589 
593 615 620 625 627 631 633 637 641 661 668 675 
676 705 707 718 722 732 741 745 746 755 776 790 
791 
78
9 16 24 36 37 44 48 54 79 87 92 119 
122 129 130 144 157 178 185 191 254 265 276 288 
291 305 307 313 335 338 348 353 356 396 402 404 
411 425 434 443 445 446 447 449 470 472 477 484 
502 503 513 517 533 546 548 550 564 569 574 585 
600 616 637 662 684 685 693 701 709 738 742 746 
758 761 763 775 783 799 
80
8 13 14 27 53 66 74 76 93 99 100 102 
108 160 187 199 204 215 228 243 251 255 258 260 
268 276 292 305 318 321 331 337 350 354 360 367 
382 405 410 420 432 436 475 491 494 495 512 522 
523 543 544 553 563 565 586 594 613 614 625 634 
636 642 696 697 711 721 722 724 735 745 754 758 
759 760 761 767 768 770 775 793 
65
6 19 26 34 75 84 98 99 102 117 128 130 
135 142 156 170 185 189 195 198 201 209 231 269 
293 296 314 335 341 363 383 399 402 426 433 451 
453 455 463 479 482 485 486 496 519 535 538 576 
608 611 619 634 662 676 698 709 736 739 741 752 
765 771 773 791 793 
86
4 10 16 21 25 28 41 46 75 100 101 104 
130 145 146 165 168 178 189 203 217 218 230 239 
270 274 293 300 312 324 327 328 358 360 371 386 
391 398 400 401 407 413 428 436 442 446 471 472 
491 496 506 521 555 557 569 577 583 586 592 601 
605 610 626 628 630 633 636 639 649 655 664 707 
708 711 717 725 733 735 750 752 768 769 774 778 
794 800 
70
51 62 66 67 85 99 110 123 127 140 153 163 
184 193 197 203 221 242 245 246 255 264 275 276 
277 287 291 331 333 339 361 365 377 385 388 392 
401 407 452 453 457 475 485 493 494 532 543 544 
550 574 580 592 607 615 618 633 646 649 650 673 
675 683 689 693 698 718 755 762 783 788 
82
8 28 38 41 57 65 77 80 87 90 94 118 
157 161 168 175 189 209 237 240 250 269 270 276 
295 297 301 303 331 334 337 339 356 372 376 398 
409 422 428 433 438 440 444 452 459 466 477 479 
484 507 527 531 549 561 572 573 576 580 588 600 
604 605 606 620 627 632 642 644 663 702 721 727 
735 750 753 767 769 774 776 780 785 787 
78
15 25 33 60 62 73 77 91 106 113 126 128 
133 147 155 158 181 226 240 241 254 269 270 285 
287 302 303 311 312 338 360 367 375 390 406 410 
411 412 417 430 446 472 502 503 513 537 541 545 
554 556 596 603 604 608 609 613 618 632 633 639 
640 663 671 684 687 693 703 714 716 720 722 728 
739 759 765 773 778 800 
81
1 39 40 61 66 73 85 90 96 104 115 137 
145 151 160 171 172 175 177 188 192 196 209 222 
225 229 230 238 247 254 267 271 277 287 290 320 
331 346 356 362 381 394 419 424 435 436 439 446 
457 463 481 512 517 527 541 543 557 561 571 575 
590 591 600 604 613 625 629 633 635 673 677 681 
698 711 719 728 738 745 748 760 773 
73
4 13 17 24 41 43 63 83 102 120 135 142 
146 180 198 202 212 220 222 224 235 239 241 242 
243 246 249 251 291 299 304 315 324 331 333 353 
385 399 402 411 421 437 457 491 495 517 518 520 
528 541 552 553 577 632 643 649 653 660 663 673 
677 700 723 736 743 746 761 773 775 777 786 787 
798 
75
7 11 17 32 55 59 60 64 98 99 129 148 
152 195 196 197 204 216 225 228 232 233 241 255 
260 262 265 280 311 312 324 334 342 344 350 352 
354 363 381 390 393 436 453 461 500 501 506 511 
536 560 566 584 585 601 616 618 626 629 631 633 
636 638 645 648 657 658 701 718 725 744 758 762 
784 785 792 
88
7 17 33 35 37 40 52 54 63 67 119 129 
132 134 140 144 145 154 165 167 169 176 183 191 
210 211 224 247 252 257 268 275 291 292 308 314 
320 324 326 334 345 387 390 391 406 414 428 430 
432 454 473 488 506 510 515 520 522 527 578 600 
607 610 616 643 649 651 653 661 667 689 701 703 
711 738 743 746 750 754 756 757 759 777 778 782 
783 791 795 800 
77
9 10 11 47 48 60 63 80 85 101 102 106 
112 121 137 143 153 161 168 169 184 186 188 192 
198 201 213 222 242 262 271 289 319 320 328 334 
343 344 349 359 379 412 446 454 478 493 500 506 
512 553 556 572 577 579 585 604 608 620 635 642 
647 649 667 673 681 685 688 707 709 711 716 723 
750 757 769 772 783 
85
4 13 26 29 35 40 55 62 64 77 107 115 
142 149 164 178 180 194 231 245 249 257 258 266 
269 271 273 279 289 292 314 317 320 330 332 335 
342 346 363 370 388 420 422 427 433 442 447 453 
456 470 474 518 522 525 536 552 556 560 582 589 
591 606 613 622 623 631 634 636 643 671 681 684 
686 707 728 737 747 748 750 752 762 767 768 780 
795 
60
7 42 61 98 108 116 124 129 136 143 157 160 
170 174 184 199 200 214 225 235 237 241 247 257 
262 279 282 283 299 323 342 345 366 393 397 403 
414 430 441 454 456 468 474 479 480 511 522 530 
561 574 591 597 660 670 676 677 685 702 721 781 
79
5 6 8 16 19 22 32 39 40 48 51 63 
110 120 142 143 158 159 174 178 197 207 209 229 
241 261 263 273 283 288 295 299 309 315 321 343 
357 370 374 375 379 389 396 418 430 431 435 445 
449 473 474 475 493 494 503 504 505 515 518 542 
551 572 574 584 595 619 632 633 634 641 660 686 
693 697 707 718 736 755 795 
77
1 7 8 12 16 21 34 37 57 63 66 73 
105 110 118 125 164 168 174 187 191 203 211 215 
234 238 239 245 253 254 262 291 296 310 317 330 
341 344 348 365 376 401 402 411 414 423 442 465 
472 476 494 513 523 534 554 556 558 616 621 623 
624 646 654 679 680 688 692 698 717 727 755 762 
763 764 785 795 797 
80
6 25 26 35 37 45 51 54 61 76 78 85 
89 93 97 102 114 119 131 153 162 185 199 210 
221 238 262 264 270 298 305 314 323 327 339 368 
377 379 381 385 400 414 417 431 432 435 444 456 
472 481 496 499 505 510 518 529 550 552 579 586 
594 608 629 630 646 649 668 675 692 703 709 719 
720 734 735 748 760 774 784 785 
67
7 35 44 63 65 70 74 80 81 98 107 111 
112 147 159 162 165 170 192 194 195 197 199 218 
257 258 272 275 295 319 326 335 344 352 362 363 
385 398 407 420 429 442 455 472 516 518 536 542 
557 560 570 581 596 597 641 649 650 675 679 689 
708 727 748 766 771 780 794 
70
6 14 17 48 66 79 91 96 102 126 134 158 
172 183 203 214 217 254 261 266 267 276 277 294 
295 301 302 303 325 356 380 382 388 393 409 419 
438 446 452 471 480 508 515 527 528 530 543 555 
588 594 605 607 616 626 635 636 642 657 664 667 
680 705 709 722 734 741 754 771 780 783 
62
6 18 44 90 115 152 154 155 163 169 171 183 
185 198 202 205 218 234 238 250 261 280 285 298 
308 321 325 334 339 342 344 346 352 372 373 395 
408 449 460 495 496 497 500 502 524 543 565 566 
627 628 643 646 658 677 721 736 738 745 762 766 
780 787 
81
3 21 23 32 45 46 58 68 70 72 73 74 
76 78 108 113 120 127 131 148 155 163 172 179 
184 186 188 196 197 202 213 215 218 223 245 250 
259 268 280 284 290 296 305 307 323 344 366 379 
392 393 394 398 415 427 441 458 461 463 494 503 
520 524 553 583 594 618 620 629 630 633 646 651 
669 709 716 734 736 754 765 771 782 
81
33 44 65 68 83 113 118 123 125 136 147 148 
167 183 189 191 194 200 212 217 230 241 245 256 
261 270 271 294 321 343 357 369 396 397 404 412 
423 434 464 492 531 533 536 541 552 553 561 564 
575 581 587 592 601 617 628 629 631 634 647 652 
659 662 697 711 712 713 718 720 721 723 725 734 
736 739 740 741 747 757 758 761 763 
94
7 8 11 26 28 32 36 37 47 54 73 80 
90 111 124 139 154 159 175 204 205 207 210 211 
217 224 226 228 231 235 237 242 248 257 261 272 
273 278 280 297 301 321 328 339 347 353 370 397 
401 403 408 424 429 433 439 441 456 474 483 498 
506 507 514 516 518 565 569 570 573 598 614 618 
634 639 643 645 662 666 668 671 675 690 699 713 
715 720 722 724 735 744 771 780 788 793 
81
4 12 25 28 31 37 49 65 70 78 81 83 
84 95 104 123 134 151 164 176 180 181 185 206 
208 213 230 231 232 234 241 246 253 273 276 278 
284 288 289 296 323 351 358 385 392 429 436 446 
467 471 505 516 525 529 533 560 569 571 584 587 
590 618 622 630 631 641 646 649 654 659 662 668 
695 722 727 733 736 747 768 790 793 
78
2 12 15 26 27 31 35 37 43 60 64 69 
76 87 95 105 107 120 122 124 152 154 163 174 
183 195 211 215 221 229 251 270 296 318 326 330 
337 343 347 361 362 363 368 370 373 395 396 403 
405 414 418 423 435 460 472 496 503 512 542 544 
570 587 615 616 628 629 636 660 664 668 671 673 
683 693 696 727 765 798 
100
2 3 16 20 23 27 32 35 42 46 65 71 
73 83 92 99 123 133 139 152 158 164 166 188 
193 211 218 224 225 228 229 241 249 252 253 257 
270 277 284 285 300 303 309 333 334 342 347 352 
360 363 369 374 378 396 399 419 431 434 435 436 
443 449 455 462 465 471 489 503 504 529 556 570 
582 591 595 607 610 626 633 638 657 664 667 672 
673 678 679 739 742 744 745 746 747 748 755 760 
761 769 782 789 
79
7 26 49 64 67 76 83 87 88 90 94 104 
109 111 146 152 189 192 199 208 210 213 221 227 
232 233 238 242 261 268 285 306 311 315 316 319 
328 331 347 353 355 371 372 385 393 401 407 446 
487 488 490 495 502 526 530 537 539 541 553 558 
579 582 605 606 636 637 656 672 682 694 700 714 
722 724 746 772 775 779 793 
75
19 22 31 36 43 44 54 61 74 87 89 95 
130 136 137 138 146 157 166 205 208 228 235 239 
244 273 276 288 294 305 310 313 314 320 344 353 
363 365 374 393 398 422 435 458 460 462 474 477 
519 524 526 535 542 554 562 563 571 574 580 584 
587 590 591 606 610 641 647 651 659 678 692 693 
714 754 791 
73
26 32 47 50 58 85 96 102 105 106 112 116 
120 121 144 146 159 161 166 172 194 214 215 224 
259 307 326 358 376 381 382 396 432 433 435 460 
465 468 483 488 495 501 509 534 546 551 559 563 
572 573 584 606 632 636 642 652 667 675 685 692 
700 703 710 725 726 730 760 762 765 768 770 774 
789 
86
8 28 41 59 88 105 112 129 134 136 146 157 
177 184 191 193 210 217 238 246 258 265 274 277 
282 292 298 304 308 312 315 316 317 321 322 325 
332 333 340 351 377 387 403 410 412 427 438 451 
457 467 468 477 491 498 499 513 516 518 519 521 
540 549 557 587 589 620 628 638 641 653 654 670 
673 676 680 685 691 709 710 723 728 759 787 788 
791 799 
73
16 18 31 42 85 91 98 101 112 121 128 144 
189 198 204 214 240 249 254 278 289 300 303 317 
363 383 396 402 420 427 434 447 453 456 468 476 
497 506 509 510 512 513 524 526 538 566 588 593 
609 612 615 616 635 646 649 652 657 673 685 691 
692 706 709 720 749 755 756 757 765 781 788 795 
796 
83
2 17 22 42 51 62 78 83 111 133 149 157 
168 175 177 201 203 221 227 234 249 254 259 264 
267 273 283 284 298 301 320 341 342 366 367 372 
376 386 398 403 404 422 426 431 433 445 456 467 
469 483 487 503 516 520 533 537 552 553 554 560 
572 579 585 588 597 612 628 637 639 655 662 667 
678 708 721 727 733 744 758 774 781 784 799 
93
2 3 29 32 38 42 47 57 65 91 93 96 
114 132 135 139 143 144 150 157 161 163 164 182 
193 197 198 201 228 230 236 247 248 271 276 294 
296 299 324 326 341 351 357 360 364 373 384 408 
413 431 438 447 449 469 479 485 492 493 512 515 
521 535 540 547 566 580 582 583 605 608 616 630 
632 637 643 649 650 660 664 677 685 687 714 744 
759 765 775 778 779 781 786 797 800 
71
13 14 49 60 67 78 93 94 119 122 125 131 
132 138 149 162 164 175 178 206 210 211 258 268 
273 275 280 303 313 316 326 367 369 378 392 394 
395 407 410 425 446 463 468 469 472 485 496 506 
532 540 543 548 558 568 585 592 599 610 611 619 
640 645 655 675 687 692 738 749 753 769 789 
63
16 44 45 62 69 79 103 139 141 154 163 176 
180 188 194 226 233 241 259 264 267 276 309 324 
325 327 332 340 343 382 399 407 424 441 442 443 
445 447 458 484 510 538 541 542 548 553 558 623 
627 640 646 658 668 673 682 704 716 747 758 764 
768 774 779 
84
3 17 26 28 33 43 47 49 63 65 66 69 
78 92 132 144 161 178 194 218 220 229 234 241 
248 277 286 289 295 300 310 312 313 319 322 332 
334 340 353 378 387 392 394 397 398 406 411 427 
454 457 472 476 478 500 501 522 525 555 570 572 
594 596 601 608 617 628 639 652 663 666 678 682 
686 692 697 701 703 707 708 728 732 733 768 779 
87
4 15 16 24 26 35 42 51 69 72 84 93 
115 120 126 135 150 160 170 188 193 198 203 216 
230 242 247 254 261 263 272 275 279 294 295 302 
311 326 339 344 367 368 392 396 406 425 432 461 
470 485 507 521 527 530 531 532 538 547 557 565 
586 590 592 598 608 625 645 651 673 674 678 684 
707 711 725 736 744 761 762 765 767 777 778 782 
783 789 796 
84
1 37 44 51 74 88 90 94 113 116 119 127 
132 153 159 160 161 180 185 186 206 210 229 233 
237 255 264 268 280 290 295 305 321 324 337 346 
360 373 381 394 399 404 413 454 457 465 471 477 
487 505 511 519 529 550 551 554 560 582 584 586 
590 595 603 612 620 625 638 647 661 668 696 702 
704 712 738 739 744 755 763 766 770 781 795 796 
81
8 23 24 33 34 37 39 40 77 99 100 113 
120 129 131 157 159 161 193 196 205 206 211 227 
257 258 269 298 332 333 334 366 369 371 376 395 
397 404 406 408 409 443 460 469 471 472 475 476 
493 497 503 518 524 543 546 556 558 566 575 578 
586 596 610 612 626 637 670 672 684 695 700 704 
711 722 730 768 781 787 789 790 795 
77
1 6 14 19 39 48 57 107 108 112 117 129 
136 157 159 160 161 162 181 184 194 206 207 211 
226 229 248 253 264 287 296 305 312 316 324 331 
342 344 358 374 383 393 410 433 447 470 475 484 
496 499 523 527 549 560 562 563 573 599 617 620 
625 637 639 642 660 686 707 723 726 745 760 766 
772 786 790 793 799 
88
1 5 23 30 31 32 37 59 67 69 73 101 
103 111 124 154 194 200 204 212 214 248 264 267 
270 272 277 285 287 300 308 309 315 321 324 355 
365 372 384 385 388 391 407 410 411 423 427 438 
449 450 461 465 470 489 495 498 505 521 522 527 
545 560 568 577 585 613 614 625 629 630 635 638 
643 645 653 656 664 668 700 711 714 720 726 728 
762 763 765 796 
92
4 13 34 39 47 50 65 72 79 95 106 107 
109 119 121 122 132 140 142 151 153 157 169 180 
193 194 202 204 214 222 260 264 270 301 315 320 
326 328 331 335 338 344 351 354 369 371 386 392 
399 406 407 412 419 424 429 449 453 455 457 458 
479 494 500 533 547 577 591 593 613 615 616 619 
629 634 662 671 677 685 686 695 697 700 709 734 
738 756 764 766 778 783 792 793 
79
6 12 39 41 43 65 82 100 111 118 122 128 
135 143 160 171 184 197 201 202 208 223 224 225 
239 244 246 253 259 268 287 302 319 331 378 440 
453 457 464 475 476 483 489 495 496 510 512 528 
548 555 570 573 574 588 594 599 601 602 622 633 
679 683 695 699 711 713 721 736 747 749 760 761 
763 764 774 775 786 792 795 
91
6 30 56 60 64 86 125 132 148 161 172 177 
178 179 185 190 197 199 201 204 205 210 221 226 
234 244 253 255 259 262 269 273 275 279 292 294 
313 314 322 323 328 331 339 345 346 355 360 362 
365 368 371 376 380 385 392 395 401 423 429 433 
460 477 489 492 493 512 537 540 559 567 576 584 
585 592 607 621 631 632 646 653 655 671 681 682 
712 730 736 743 744 754 780 
76
3 7 52 61 65 69 84 85 88 90 93 95 
115 179 194 203 209 221 248 270 272 275 276 289 
302 305 307 316 318 330 334 341 364 372 381 389 
397 399 422 429 470 472 480 481 498 507 522 531 
533 535 538 548 551 570 571 578 579 589 601 625 
628 633 646 658 683 687 689 734 742 744 751 754 
776 777 779 782 
75
5 9 39 45 60 62 71 75 76 93 115 137 
141 168 177 184 187 189 205 212 216 221 225 258 
263 270 276 295 298 299 304 309 332 337 338 380 
381 396 408 409 423 430 435 442 451 458 470 474 
478 487 497 501 528 540 543 561 566 587 596 597 
605 635 659 668 670 672 676 695 709 720 743 745 
760 775 797 
91
1 10 14 29 39 41 47 50 57 60 76 110 
111 117 142 149 158 178 180 182 190 200 203 204 
205 206 220 222 223 239 243 248 253 255 259 260 
261 283 306 308 329 332 340 341 357 358 360 364 
377 390 399 412 413 441 444 453 480 492 504 519 
520 526 555 561 583 591 603 605 619 634 637 639 
653 667 677 687 690 707 710 713 720 728 733 744 
753 756 771 772 774 777 778 
96
13 24 30 39 40 48 51 53 55 60 62 64 
74 76 88 100 104 115 123 141 166 173 192 202 
214 217 219 221 225 228 243 246 249 261 263 274 
280 284 286 310 323 340 344 360 367 368 374 382 
384 391 394 402 404 407 409 427 437 438 453 458 
462 478 510 525 531 532 534 553 570 580 587 588 
589 597 617 646 647 650 659 675 683 687 699 714 
721 725 727 731 737 742 747 762 769 774 797 798 
78
9 11 14 19 24 29 46 56 65 71 74 96 
103 108 115 117 118 120 134 156 157 159 168 173 
176 196 210 211 217 222 238 244 255 263 286 291 
302 312 326 336 363 374 398 438 440 466 472 487 
489 502 551 571 574 579 581 590 599 608 614 622 
628 638 640 648 656 658 660 669 677 698 716 728 
732 737 748 773 786 797 
87
12 21 33 34 41 62 69 79 83 85 101 114 
128 130 144 150 159 174 191 203 211 214 229 236 
241 247 249 257 274 279 283 296 299 311 312 361 
363 368 373 378 397 412 421 424 428 429 434 435 
440 443 451 466 473 482 496 497 498 507 536 538 
550 553 556 558 562 589 620 622 628 630 634 641 
678 688 694 701 706 719 725 741 746 753 765 785 
790 791 794 
89
1 4 17 19 26 29 32 34 38 41 52 63 
72 78 103 114 116 119 121 136 145 151 161 171 
181 222 239 246 251 264 282 285 309 321 330 333 
340 350 352 366 397 412 416 434 439 447 448 459 
478 481 486 487 497 507 518 528 543 545 546 584 
586 600 601 616 618 635 643 655 672 676 699 704 
705 711 723 726 732 733 734 745 751 763 770 773 
774 781 783 786 798 
92
44 52 78 124 133 154 156 159 160 163 171 177 
185 188 192 193 203 208 215 217 218 220 231 242 
252 253 271 298 300 310 315 317 345 361 365 372 
399 403 405 409 420 422 423 427 432 461 477 484 
489 491 501 520 522 525 527 530 532 533 545 546 
558 565 566 567 590 604 652 655 660 669 671 673 
675 678 693 698 701 702 708 709 711 713 723 754 
772 783 786 787 792 793 795 800 
82
9 13 18 29 30 34 41 45 66 96 106 130 
133 136 148 165 167 169 175 185 187 197 199 202 
203 210 211 247 259 272 275 297 299 329 330 331 
332 334 335 337 341 361 366 369 372 373 385 388 
396 398 411 412 448 457 459 461 472 475 489 522 
535 545 582 635 638 639 658 660 661 679 688 717 
722 732 740 743 747 749 751 752 787 788 
83
6 26 31 70 85 95 102 113 132 138 141 143 
144 147 152 179 180 191 203 216 232 237 255 260 
267 273 282 289 301 309 316 318 341 346 359 382 
398 413 418 426 428 448 459 471 479 493 496 530 
533 558 559 560 586 593 600 612 621 622 632 650 
654 660 662 665 668 672 677 686 692 695 698 709 
719 722 724 733 739 756 758 768 777 796 797 
69
11 20 30 31 62 77 102 108 113 119 131 137 
139 143 145 155 168 172 173 194 215 243 251 258 
288 296 309 312 314 318 320 327 331 338 361 376 
400 404 408 416 417 431 432 434 447 470 473 481 
493 496 553 584 589 597 599 620 629 631 635 655 
665 724 729 735 739 741 754 773 800 
65
1 21 37 73 88 102 104 115 116 128 150 183 
206 214 223 233 235 241 247 256 261 271 275 314 
317 321 348 354 364 369 373 376 382 390 429 434 
439 443 456 465 471 473 476 502 510 524 528 551 
576 587 591 592 648 651 653 656 658 696 698 722 
726 734 748 778 787 
83
11 19 21 24 37 47 51 57 59 106 127 131 
132 134 141 143 144 157 174 221 225 241 257 261 
262 265 278 279 280 296 317 318 322 335 363 365 
391 404 419 433 435 439 453 454 474 483 487 491 
512 520 543 557 563 577 580 604 605 635 644 650 
660 667 668 681 685 718 721 726 730 737 741 746 
748 752 756 757 759 765 776 779 781 786 787 
68
2 3 5 14 17 27 64 68 78 109 111 130 
184 186 203 218 228 230 231 248 256 261 262 274 
278 316 323 328 329 331 362 366 386 387 396 416 
420 456 457 467 475 483 485 488 495 544 567 596 
600 608 618 628 635 637 647 658 692 704 712 722 
728 734 759 760 766 767 775 796 
69
13 22 30 36 74 96 109 118 124 135 140 149 
155 158 162 167 171 187 195 197 212 216 217 224 
228 229 254 270 274 281 303 312 320 343 344 362 
377 380 401 420 436 452 460 496 521 537 551 553 
562 566 587 595 606 609 614 633 655 668 669 677 
683 684 686 694 747 749 759 762 795 
101
5 12 15 22 24 25 30 42 44 71 77 89 
92 107 118 125 133 135 144 148 154 156 163 173 
178 183 186 189 192 196 198 199 211 220 226 248 
257 259 260 269 274 276 292 308 311 312 314 325 
328 335 337 339 349 377 386 387 389 393 401 403 
404 407 410 415 421 449 454 455 471 473 503 505 
507 512 526 538 545 552 555 557 573 574 576 581 
587 604 613 619 643 666 692 695 698 710 730 731 
754 768 782 786 793 
86
3 11 15 34 42 44 50 55 77 87 94 99 
108 114 116 142 145 173 191 219 220 226 230 233 
235 241 251 256 258 259 263 267 274 344 348 359 
364 370 377 379 380 382 384 389 398 408 415 458 
474 480 482 488 489 497 507 510 511 525 527 538 
541 544 545 550 557 559 561 569 586 593 599 603 
620 622 625 630 642 647 666 690 698 745 749 754 
767 788 
82
22 26 69 79 80 85 116 120 125 129 137 138 
154 162 191 194 201 216 220 225 237 238 252 266 
267 274 278 280 291 298 319 322 323 331 346 348 
351 361 365 370 371 376 395 421 429 439 442 451 
478 481 494 495 509 525 532 548 556 573 589 603 
605 625 638 639 642 646 671 672 695 696 697 705 
706 736 747 756 757 759 766 777 783 794 
70
14 15 41 43 62 67 69 87 91 116 138 139 
142 159 175 176 183 193 214 220 237 253 269 279 
291 303 304 328 346 360 375 376 388 407 410 417 
468 470 477 494 500 503 519 531 539 541 544 545 
566 571 597 611 614 631 633 643 673 679 705 706 
708 710 726 731 753 775 776 779 785 796 
87
10 15 21 23 27 32 35 38 51 65 77 105 
106 109 111 124 142 161 174 181 182 219 232 233 
246 247 250 252 253 254 263 270 282 283 290 299 
312 322 334 342 349 351 366 373 379 391 395 413 
417 421 427 445 450 452 466 496 508 516 537 540 
553 561 563 582 583 592 599 608 619 633 638 663 
668 689 690 693 700 705 712 740 748 752 753 775 
776 790 792 
75
20 22 23 26 33 40 43 50 52 63 64 72 
104 108 109 115 118 136 140 143 195 196 215 227 
256 259 262 266 283 295 328 339 363 385 391 394 
398 399 401 402 416 428 440 446 459 469 482 501 
511 538 541 549 559 568 577 596 600 612 613 618 
623 625 639 661 680 691 702 706 715 718 720 722 
727 743 764 
86
24 29 34 42 49 52 56 59 61 65 73 93 
94 101 113 121 139 151 155 158 159 194 230 231 
237 255 272 275 308 316 319 323 340 341 344 352 
363 367 392 399 409 412 420 431 449 479 480 488 
493 495 500 502 517 524 528 529 533 556 565 577 
583 586 594 598 606 614 618 619 639 645 656 665 
674 687 691 692 698 704 721 740 742 749 772 786 
791 799 
71
12 33 49 67 83 86 92 97 102 121 130 142 
150 165 169 173 180 182 191 197 204 206 216 229 
233 235 237 239 245 249 261 271 299 301 346 357 
368 374 392 404 410 418 426 427 430 482 495 496 
504 512 543 546 550 555 559 597 603 604 610 629 
635 651 653 658 662 678 692 702 703 722 760 
68
60 62 76 78 79 80 81 86 87 110 127 133 
137 142 143 146 160 172 181 185 210 211 217 241 
247 257 267 276 279 293 302 304 308 310 323 327 
330 344 353 356 357 377 383 415 417 419 428 454 
473 477 486 526 543 559 566 581 604 611 659 672 
707 719 721 722 728 736 746 781 
72
17 30 64 85 101 128 133 134 140 148 165 187 
191 194 200 232 241 243 246 277 290 316 322 325 
334 347 358 368 398 409 410 412 417 426 428 438 
453 459 466 467 475 482 484 487 492 503 510 525 
526 533 544 558 560 567 580 587 590 601 615 620 
624 643 663 668 672 673 688 694 727 729 731 778 
73
6 7 16 25 35 40 50 51 57 76 89 96 
100 114 117 122 128 150 162 164 195 196 207 219 
240 241 265 267 279 280 285 286 328 340 362 368 
372 393 394 395 396 408 409 431 455 475 489 493 
494 495 506 522 526 540 547 552 556 574 577 588 
589 638 666 710 729 734 749 773 775 776 788 791 
795 
82
2 12 16 26 35 41 45 54 73 75 86 87 
102 108 109 111 128 135 150 155 166 181 187 188 
189 193 199 214 216 221 252 259 266 268 274 283 
289 300 319 321 324 327 344 345 346 370 380 399 
401 406 408 420 430 452 477 485 504 512 514 539 
546 548 553 591 610 615 627 628 652 664 666 668 
687 692 702 707 712 721 754 773 782 799 
70
17 20 59 81 106 115 121 123 128 137 155 165 
174 177 184 186 207 216 231 282 289 298 301 302 
303 318 319 346 361 362 377 378 386 400 431 435 
438 463 466 471 476 484 499 504 535 558 568 570 
574 591 592 613 618 628 635 638 649 660 661 676 
699 702 738 746 752 765 768 769 771 787 
70
2 13 14 32 53 63 69 82 104 112 120 126 
144 157 161 185 200 201 205 212 235 240 249 274 
277 300 301 306 332 343 344 350 354 384 433 434 
439 443 453 470 472 473 493 515 520 527 539 559 
571 578 601 618 622 647 652 654 664 666 667 681 
684 704 736 755 772 773 776 780 781 799 
74
20 38 59 90 112 115 116 119 120 136 143 147 
169 178 180 183 194 203 209 232 237 248 251 254 
258 259 261 267 276 299 316 326 335 344 347 350 
352 354 355 367 369 383 399 434 449 451 452 467 
507 515 533 543 547 548 573 592 612 637 640 648 
679 696 709 710 725 730 738 744 745 768 770 774 
796 799 
72
10 13 23 29 30 33 62 64 91 97 108 111 
117 145 154 170 174 177 199 202 222 241 269 270 
275 279 287 291 308 320 330 404 414 420 427 438 
441 474 489 497 513 521 547 552 559 574 575 577 
580 584 585 595 600 610 621 645 648 653 665 690 
692 702 719 729 741 744 745 751 763 779 782 799 
82
1 2 7 26 38 40 56 58 73 76 83 98 
109 116 117 145 155 158 173 192 198 210 235 249 
252 262 267 285 289 293 305 308 315 316 320 323 
331 340 345 346 355 373 374 382 394 395 409 429 
439 447 459 470 479 496 499 519 520 528 533 553 
554 558 566 591 600 607 612 631 633 647 664 678 
679 686 702 704 708 719 740 743 757 787 
75
16 40 54 64 85 93 96 97 118 122 180 189 
191 215 216 224 226 228 262 312 318 338 341 349 
358 366 368 375 381 405 407 408 423 425 427 429 
434 473 480 488 499 501 507 514 520 527 551 553 
554 558 568 583 588 594 624 640 644 659 662 665 
676 692 698 699 700 710 722 725 738 749 752 754 
784 798 799 
84
15 20 21 25 28 36 42 43 45 49 63 80 
81 84 108 119 121 127 143 162 165 179 180 186 
195 199 203 226 246 248 252 255 261 273 322 324 
353 359 364 380 390 398 405 408 426 427 447 466 
473 474 511 514 529 540 549 550 552 555 556 573 
588 602 603 606 610 619 637 643 649 651 661 672 
675 683 684 685 705 715 723 724 732 744 762 773 
85
16 24 39 42 68 89 99 102 113 120 134 136 
138 160 169 189 196 199 203 243 244 245 270 275 
280 304 305 310 315 316 317 319 321 329 340 341 
352 364 368 381 400 401 402 413 416 418 433 435 
452 464 465 466 496 509 524 534 540 548 551 562 
571 576 589 590 603 609 620 658 661 675 698 704 
706 709 710 725 728 733 737 741 742 746 755 768 
790 
89
17 25 33 37 43 59 74 75 80 91 95 98 
109 124 129 142 146 149 159 161 163 166 183 203 
216 219 222 223 239 240 247 253 263 276 278 307 
314 323 338 346 347 390 396 401 403 413 414 423 
424 430 438 462 465 466 468 478 481 492 500 512 
514 533 538 560 567 583 600 610 611 615 625 651 
666 679 680 687 698 709 712 713 719 742 745 753 
758 765 778 791 797 
81
15 29 31 35 49 58 73 80 100 108 118 124 
127 133 154 178 182 186 189 214 220 230 257 288 
313 322 328 341 347 348 349 355 361 384 395 412 
414 419 434 441 470 471 473 511 514 516 519 540 
551 557 566 597 599 609 615 640 642 649 650 666 
668 679 682 708 709 717 718 719 730 733 734 737 
759 763 764 767 768 770 781 783 785 
89
25 30 43 46 51 58 64 69 71 73 75 98 
108 120 123 126 127 128 134 145 158 162 166 167 
170 181 183 192 200 212 222 223 231 242 244 252 
282 285 319 321 322 324 328 331 341 344 357 359 
369 374 377 418 421 429 442 448 453 464 465 473 
497 500 501 502 512 523 527 539 554 564 581 585 
588 612 621 637 639 640 658 668 708 740 743 769 
776 787 788 790 793 
76
7 12 21 24 26 38 58 75 77 85 95 98 
105 112 115 118 128 139 155 157 158 163 184 215 
221 224 254 256 279 281 284 292 293 306 343 359 
371 398 401 452 457 473 477 479 488 496 501 506 
531 532 534 539 572 574 577 585 596 598 606 626 
640 646 647 660 665 677 697 714 738 749 773 780 
787 789 794 798 
77
19 29 45 52 72 90 92 98 101 102 112 134 
167 169 172 173 174 177 186 204 222 226 243 245 
251 254 265 266 277 287 309 339 358 365 377 392 
394 420 423 429 434 435 470 491 495 497 507 508 
511 512 519 539 542 546 547 568 580 581 613 629 
640 648 662 696 698 706 712 719 732 740 749 756 
758 761 768 793 799 
82
16 20 29 31 92 108 118 146 177 183 212 230 
234 241 243 255 267 268 269 309 313 314 319 320 
324 331 332 336 362 364 381 383 400 406 407 414 
415 420 427 437 438 444 445 453 463 480 484 502 
505 512 523 537 550 553 561 567 577 579 586 588 
598 610 622 635 636 639 647 651 668 670 679 684 
722 725 736 740 755 756 764 766 786 800 
96
15 18 21 25 26 54 70 74 77 93 107 115 
121 126 136 142 146 156 159 167 185 187 207 211 
221 228 240 246 247 253 264 266 269 301 323 326 
336 341 355 358 377 380 381 390 398 399 400 411 
416 424 433 439 452 454 460 465 475 491 493 503 
505 507 516 520 541 552 570 578 581 583 585 596 
597 600 601 626 627 628 650 658 660 664 667 681 
703 708 718 740 744 754 764 766 777 786 787 792 
87
8 11 14 61 74 76 86 107 118 131 144 146 
152 169 171 187 193 197 209 219 221 224 226 227 
234 235 241 255 260 264 266 275 278 292 299 313 
330 333 337 346 355 357 358 365 366 383 387 390 
395 403 410 426 427 434 454 459 461 468 485 487 
508 525 536 537 540 541 567 571 575 589 610 622 
643 651 671 722 726 731 741 742 752 759 764 776 
777 790 792 
72
14 16 34 44 49 57 60 64 66 72 83 96 
97 98 103 104 108 109 111 117 118 123 129 157 
164 193 196 204 220 233 267 287 289 295 296 319 
320 373 379 420 440 443 446 471 480 485 493 505 
532 541 556 557 558 567 572 578 582 597 598 599 
607 616 640 644 656 662 701 721 722 747 767 774 
66
23 33 54 75 106 107 118 126 127 139 161 178 
179 196 197 204 205 208 231 245 248 255 256 275 
283 288 293 306 311 320 357 378 379 388 402 406 
409 414 419 434 435 443 446 455 489 501 510 513 
519 538 539 540 562 580 581 590 626 639 653 663 
672 675 684 711 715 768 
74
4 8 9 16 24 31 39 49 55 64 73 80 
114 117 126 139 153 213 243 249 278 296 298 300 
303 306 308 311 316 324 351 354 359 384 385 387 
394 399 403 404 409 412 423 439 447 454 489 499 
515 519 524 528 561 574 582 585 620 627 632 645 
648 680 684 700 709 713 721 734 735 746 753 779 
783 794 
72
2 5 18 20 28 57 61 63 95 125 126 133 
140 143 147 154 164 165 178 189 191 193 205 207 
230 237 257 269 270 286 292 296 297 329 338 344 
354 360 385 401 416 420 428 446 455 495 512 520 
521 526 534 581 584 587 607 611 612 615 625 628 
629 639 651 660 674 688 713 727 730 752 763 780 
73
11 38 88 105 119 129 144 163 179 198 200 201 
214 221 242 257 268 281 282 286 293 314 320 322 
330 340 351 357 364 393 395 396 421 428 429 436 
437 443 446 453 465 468 499 507 524 536 538 540 
553 567 572 584 605 611 622 623 625 643 659 668 
672 675 677 690 695 699 709 755 757 779 790 791 
797 
94
9 11 16 24 26 50 65 69 83 84 101 105 
107 109 112 116 118 120 121 122 141 145 150 169 
174 178 181 195 203 220 221 229 233 238 240 248 
277 282 291 295 305 308 317 328 335 343 350 374 
384 385 394 395 415 432 438 444 458 477 478 520 
523 537 538 542 560 563 567 580 581 590 594 595 
602 605 624 627 639 651 654 661 672 674 680 689 
702 710 712 716 720 763 767 779 797 798 
72
12 13 23 35 37 49 78 91 95 102 108 116 
128 131 135 141 159 164 172 178 208 224 229 231 
240 265 287 295 296 300 309 319 324 330 335 346 
350 397 398 405 418 445 456 460 463 510 515 516 
518 534 546 567 568 582 634 636 651 668 678 698 
705 707 724 726 727 739 750 762 771 783 785 794 
89
9 15 45 56 71 76 80 85 115 152 171 188 
193 195 197 218 220 223 225 263 265 277 286 289 
292 301 309 321 325 331 339 360 365 366 369 386 
394 402 412 431 438 445 446 464 491 503 509 510 
520 530 532 537 539 540 547 550 555 556 564 565 
572 595 598 613 629 640 646 659 663 674 675 676 
681 683 689 693 701 707 716 728 733 744 748 753 
775 781 788 793 794 
66
21 31 52 55 63 77 93 96 109 110 116 133 
141 185 197 232 234 238 249 250 254 287 290 296 
297 312 316 324 331 366 373 409 410 411 415 445 
451 452 456 471 472 480 484 493 510 511 516 527 
544 552 571 572 590 604 617 637 642 645 658 669 
681 690 695 740 796 798 
75
4 31 35 65 68 75 84 95 99 104 110 121 
124 125 132 136 157 164 173 200 204 215 221 229 
231 232 241 250 275 279 291 301 312 319 330 332 
350 353 360 361 373 377 384 385 386 397 407 424 
431 455 476 483 503 530 535 549 553 600 601 621 
642 655 664 668 671 672 676 679 708 717 724 732 
746 778 785 
83
12 26 34 41 51 54 55 60 74 75 100 101 
102 111 113 118 125 140 155 165 169 174 191 202 
206 227 246 249 277 304 319 321 322 326 349 376 
386 388 401 409 416 450 452 470 472 480 482 488 
492 505 506 509 515 531 542 555 580 586 599 621 
643 645 650 655 678 680 698 704 723 726 732 745 
747 750 751 758 759 764 780 781 788 793 794 
85
6 15 29 37 40 42 48 51 54 66 72 86 
94 107 112 135 167 180 205 228 260 270 274 284 
302 304 313 319 332 341 359 398 400 402 417 419 
422 425 426 428 429 436 437 449 471 474 481 519 
523 544 545 547 579 583 586 595 611 635 638 639 
641 644 653 660 672 679 684 685 698 702 713 724 
731 736 738 740 743 745 752 768 776 783 784 790 
796 
86
1 8 21 41 47 71 73 75 103 106 135 138 
142 154 156 169 171 180 196 200 206 242 262 276 
286 302 305 312 321 327 358 363 370 374 392 394 
401 403 404 411 417 418 420 425 438 441 444 452 
454 457 464 471 484 529 533 534 539 545 548 553 
565 572 590 594 601 610 614 615 618 625 637 638 
662 693 708 724 725 744 747 753 767 768 775 777 
779 798 
89
15 30 34 49 67 69 71 79 85 107 108 125 
128 136 139 151 154 156 177 186 188 190 211 215 
223 228 235 238 242 244 247 250 256 257 263 266 
272 285 299 306 329 330 349 363 366 376 404 406 
420 422 426 427 432 451 460 481 485 494 499 502 
503 505 527 546 549 568 569 575 581 599 603 610 
629 634 641 652 655 656 670 681 682 703 706 715 
742 759 771 780 800 
74
9 28 31 71 72 73 83 88 89 95 118 127 
130 146 159 172 180 186 214 226 231 235 244 254 
258 262 278 286 290 301 306 309 331 332 333 361 
364 371 381 384 387 390 406 415 460 475 483 490 
491 492 494 506 511 517 527 536 541 564 592 606 
612 637 638 655 660 674 703 716 723 725 740 761 
766 784 
70
1 4 21 29 64 100 109 126 149 159 174 175 
179 186 191 192 195 196 211 214 223 226 239 242 
243 244 253 254 255 256 263 297 299 300 313 332 
337 340 342 346 408 424 433 436 448 453 470 500 
513 524 533 537 538 543 544 559 564 617 643 692 
693 719 732 744 745 762 780 781 785 789 
78
14 16 27 32 34 50 63 70 71 78 85 105 
107 109 110 111 112 121 135 139 148 172 198 208 
223 230 233 241 258 262 287 310 334 339 346 347 
370 391 425 426 427 432 447 468 480 482 502 512 
515 517 519 527 529 537 538 552 569 575 581 585 
592 599 612 617 622 651 653 669 675 705 719 723 
724 729 743 759 765 780 
78
6 10 20 22 34 44 54 71 89 113 115 153 
154 170 175 187 196 199 208 259 270 273 274 286 
317 339 342 352 361 375 377 381 382 383 385 387 
388 404 436 457 484 499 507 508 511 540 558 560 
564 576 579 582 589 590 594 595 613 617 622 637 
638 646 652 673 676 698 700 707 709 715 722 735 
748 752 755 763 770 774 
65
12 24 45 47 104 108 112 113 114 135 137 144 
151 167 204 212 217 226 260 265 272 277 310 328 
335 344 362 378 391 392 394 400 410 413 420 421 
422 426 441 444 454 481 494 502 503 529 554 578 
602 612 634 639 649 659 673 676 682 693 711 719 
726 760 766 770 785 
69
4 11 20 33 45 48 51 60 68 74 88 102 
110 120 122 124 125 128 129 132 139 160 176 220 
225 228 237 246 251 259 263 286 296 303 304 306 
336 337 348 386 389 390 406 407 432 434 438 441 
444 493 513 517 520 529 530 545 619 624 632 666 
688 696 698 720 753 762 765 773 790 
69
10 27 73 87 95 106 111 124 130 133 143 147 
156 169 176 184 188 211 217 218 226 237 252 262 
264 268 272 273 274 276 280 292 293 302 314 320 
330 336 343 354 364 400 418 430 467 472 476 478 
480 486 490 520 523 536 563 581 586 587 601 613 
616 646 708 717 721 726 748 776 779 
81
6 9 11 13 16 17 18 21 38 65 70 81 
92 97 99 116 127 138 150 168 180 188 191 200 
214 236 287 299 300 320 325 331 343 349 366 379 
381 416 429 430 442 464 472 474 489 493 502 507 
526 532 534 544 548 552 579 584 589 594 600 617 
623 629 642 655 661 674 675 677 680 709 712 714 
717 734 763 765 766 767 769 782 786 
64
3 16 18 26 35 52 56 88 102 107 116 117 
119 123 124 155 157 158 172 178 207 220 236 257 
272 274 282 287 313 326 328 352 367 368 371 412 
422 439 463 496 522 557 563 568 576 592 606 615 
644 657 659 669 690 692 697 699 714 720 740 746 
750 754 759 776 
99
7 19 23 29 32 38 47 51 64 68 73 82 
85 87 98 113 133 141 153 155 163 167 178 184 
194 211 231 251 254 257 259 260 261 283 287 295 
303 307 308 327 336 362 371 390 394 433 451 453 
454 463 466 468 471 475 479 484 488 503 511 515 
518 524 525 533 542 558 562 571 573 579 586 588 
594 595 602 607 610 643 678 681 686 699 700 716 
727 732 735 737 751 752 759 763 769 770 772 781 
783 787 794 
