200 100
1 1 1 1 1 1 1 1 1 1 1 1 
1 1 1 1 1 1 1 1 1 1 1 1 
1 1 1 1 1 1 1 1 1 1 1 1 
1 1 1 1 1 1 1 1 1 1 1 1 
1 1 1 1 1 1 1 1 1 1 1 1 
1 1 1 1 1 1 1 1 1 1 1 1 
1 1 1 1 1 1 1 1 1 1 1 1 
1 1 1 1 1 1 1 1 1 1 1 1 
1 1 1 1 
35
9 11 12 14 19 25 26 29 30 38 39 40 
41 43 44 49 50 53 55 56 58 60 63 66 
70 71 72 73 78 80 82 83 85 89 98 
41
2 3 5 8 9 10 16 17 18 19 22 23 
26 29 31 33 34 37 41 42 46 49 56 59 
60 62 66 68 69 71 72 74 75 76 77 80 
94 95 96 98 99 
36
2 7 10 11 12 13 14 15 16 20 21 22 
23 24 27 30 37 38 39 42 46 48 56 60 
70 73 77 80 83 84 88 92 94 96 97 100 
25
8 12 17 18 20 26 28 38 47 55 57 58 
60 61 67 68 73 78 83 84 85 88 93 97 
98 
29
4 5 7 8 10 13 18 19 20 22 28 30 
31 33 35 38 44 45 46 48 50 56 68 73 
77 78 87 95 100 
30
1 3 4 5 12 22 23 24 25 31 34 36 
47 48 54 58 61 64 69 71 72 73 77 78 
83 86 87 89 94 95 
30
3 14 15 19 21 25 31 36 37 38 39 41 
42 43 49 56 58 61 66 69 71 78 79 80 
81 82 83 86 89 96 
27
3 6 8 11 16 18 30 31 33 34 36 41 
47 51 52 54 60 69 73 77 78 86 90 92 
96 98 100 
37
3 4 5 6 8 13 14 16 17 18 19 20 
24 26 27 32 35 44 45 52 53 55 58 69 
73 76 77 83 84 85 86 88 90 91 95 97 
99 
34
3 7 8 14 16 17 19 21 23 24 25 33 
34 37 38 39 44 45 47 51 52 53 61 65 
66 70 73 76 78 83 85 86 87 92 
34
3 7 8 13 15 17 22 24 27 28 33 34 
36 37 40 43 44 46 49 52 53 55 56 61 
64 67 73 74 76 77 84 86 93 98 
28
3 5 7 11 17 20 22 28 31 36 37 39 
42 44 51 57 59 60 62 64 66 68 69 76 
82 86 88 89 
40
1 2 5 6 8 9 10 11 13 17 23 25 
28 29 30 31 33 35 40 42 43 46 47 49 
50 56 57 62 63 64 73 74 75 77 80 89 
92 94 98 100 
33
2 3 9 10 11 13 14 23 30 31 32 37 
38 41 46 48 54 55 57 58 61 62 67 69 
77 78 81 84 85 86 93 94 99 
25
3 4 12 24 29 32 34 35 37 41 47 50 
53 56 63 74 77 78 82 85 86 89 91 92 
99 
29
1 4 6 8 12 14 18 24 25 38 40 52 
59 63 65 67 68 70 71 72 73 81 86 90 
91 93 95 97 98 
32
5 6 7 9 12 13 14 15 17 19 23 24 
28 44 50 52 53 62 63 64 69 70 71 73 
75 79 85 86 88 92 95 97 
31
10 13 16 20 21 25 27 35 36 42 43 49 
50 52 56 57 61 62 63 64 70 72 79 81 
83 84 86 87 92 94 98 
30
11 12 14 15 20 23 24 26 31 36 40 42 
47 48 50 54 58 60 68 69 70 71 78 87 
88 91 92 93 97 100 
34
1 2 6 7 14 17 18 23 24 25 34 35 
36 39 42 43 45 51 53 56 59 63 68 71 
74 75 81 83 85 89 91 92 95 98 
30
9 12 15 19 21 23 27 31 32 35 39 40 
42 43 50 53 57 61 67 68 69 74 77 78 
80 85 89 92 96 100 
30
3 5 6 13 14 20 22 23 26 29 31 32 
34 39 40 43 44 50 56 57 61 66 71 76 
80 82 85 86 94 100 
27
2 7 8 15 17 20 21 22 25 33 34 35 
42 43 45 51 62 69 77 81 82 83 85 87 
89 93 94 
27
2 7 14 18 21 24 27 28 29 42 49 59 
61 64 65 66 69 75 76 78 80 85 86 89 
90 92 95 
29
6 10 11 16 20 25 29 31 33 35 39 40 
42 46 47 52 53 60 62 64 68 73 74 78 
80 85 86 89 96 
26
1 4 7 17 20 32 34 42 45 46 47 52 
54 55 59 60 64 71 77 79 85 90 91 95 
96 100 
34
2 9 23 25 26 28 32 33 34 36 39 40 
48 55 56 57 58 59 60 63 67 68 69 70 
71 76 78 79 80 85 87 88 89 90 
30
1 4 5 7 8 10 11 13 20 21 24 31 
35 36 41 44 47 48 49 56 59 60 67 68 
72 80 81 83 88 97 
36
2 5 9 12 16 18 19 20 24 25 26 33 
35 41 43 46 47 48 51 53 55 57 58 59 
62 65 66 68 73 78 79 80 82 87 88 96 
24
2 14 16 21 23 25 27 31 33 34 35 44 
46 51 56 61 69 74 75 77 81 92 96 100 
29
4 5 6 18 19 20 25 30 31 41 47 51 
52 54 56 58 60 64 65 66 78 80 81 83 
87 96 98 99 100 
34
4 5 6 7 12 21 22 28 30 35 38 39 
42 48 49 53 55 59 62 64 65 70 74 76 
81 82 84 86 87 93 94 96 97 100 
29
3 4 7 9 17 19 20 22 23 24 27 28 
30 38 39 41 43 46 57 63 64 71 77 87 
88 89 91 92 98 
39
1 4 7 8 9 10 13 14 18 21 23 35 
37 39 41 44 45 48 50 52 53 56 57 59 
60 61 62 64 70 72 74 80 83 89 90 91 
92 95 99 
33
2 3 4 7 16 17 18 19 22 23 27 30 
33 42 43 44 47 49 52 55 56 61 69 70 
73 76 78 79 80 86 90 92 99 
32
5 8 10 14 15 18 19 23 24 34 38 40 
41 47 49 50 51 58 61 64 69 70 75 77 
84 86 87 88 93 95 97 98 
37
3 8 10 11 13 15 18 19 22 28 31 33 
34 37 38 41 42 43 44 46 48 50 51 54 
56 57 62 63 79 80 86 87 90 92 93 94 
98 
30
5 6 8 12 13 15 16 19 27 29 30 31 
34 35 36 41 42 55 60 64 65 69 70 74 
76 77 80 83 85 94 
34
2 3 9 10 14 21 23 24 35 38 40 41 
42 45 47 50 51 54 56 59 60 64 65 66 
68 69 79 80 81 82 89 90 98 100 
26
1 4 13 14 17 18 20 24 26 30 40 49 
50 55 56 64 72 73 77 79 82 87 89 93 
96 100 
33
2 4 6 8 9 14 15 19 20 21 26 27 
37 38 40 41 42 45 46 47 51 55 59 61 
64 73 74 75 79 89 93 98 99 
30
1 2 5 6 7 8 9 16 19 22 23 28 
30 31 32 41 42 44 48 49 55 59 65 66 
76 77 80 87 92 100 
20
1 4 8 16 18 19 34 39 43 46 47 48 
55 56 58 60 66 70 92 96 
21
4 12 15 19 26 28 29 31 33 38 40 49 
53 57 65 66 80 82 88 98 100 
29
2 4 5 11 23 29 32 37 38 40 42 46 
47 53 55 57 58 61 65 68 73 75 76 78 
86 90 91 95 97 
33
2 3 5 8 16 17 20 21 22 25 27 31 
36 41 44 46 48 53 60 63 64 66 73 74 
75 76 83 84 85 89 94 98 100 
35
3 8 10 12 15 16 21 22 23 27 29 33 
34 39 40 41 42 48 50 54 60 61 62 65 
66 68 69 72 73 81 83 84 90 96 98 
26
8 10 13 14 18 23 24 26 33 34 39 43 
46 47 48 53 56 58 67 72 73 83 84 88 
91 97 
29
6 7 12 13 17 21 24 27 35 42 45 46 
51 59 60 62 65 66 71 73 74 79 80 81 
82 90 94 98 99 
32
2 7 8 9 12 13 14 16 17 21 22 24 
26 27 30 34 37 39 41 50 52 57 59 65 
76 77 83 86 88 92 97 99 
26
5 10 18 20 21 23 24 26 27 30 34 47 
48 53 60 66 67 72 73 78 81 84 85 91 
95 99 
26
6 10 11 12 14 15 16 23 32 34 38 39 
50 56 59 61 66 70 73 80 81 83 84 86 
91 100 
36
1 2 3 7 11 12 18 22 23 24 25 31 
34 40 41 42 44 47 48 49 52 54 60 62 
63 65 69 71 76 78 86 90 93 94 98 99 
31
11 16 19 20 24 25 28 31 35 36 37 41 
49 53 54 55 57 58 61 66 70 72 73 75 
76 79 82 83 95 98 99 
30
12 13 19 20 21 24 28 33 35 37 39 40 
42 44 48 52 53 60 63 66 71 72 75 77 
84 89 90 92 98 99 
32
1 7 17 18 21 24 26 30 32 35 37 38 
39 43 47 51 58 60 63 64 67 73 75 76 
77 84 87 88 90 91 93 99 
24
2 8 12 13 14 15 31 33 39 47 49 58 
61 71 72 77 79 83 84 85 86 89 93 100 
32
1 8 9 14 15 18 20 21 22 24 28 30 
37 39 41 44 48 49 53 57 58 66 73 74 
76 77 84 87 89 93 95 96 
22
2 9 14 17 20 22 26 30 40 41 42 44 
52 54 63 64 70 84 93 94 95 100 
31
2 3 5 13 14 18 19 21 27 28 32 35 
38 41 46 49 50 54 57 59 66 67 68 69 
72 79 81 83 93 96 98 
34
4 6 8 10 11 12 14 19 24 25 27 32 
38 39 41 44 47 55 58 59 60 61 70 73 
78 81 85 87 89 90 93 94 97 99 
27
1 4 5 9 10 18 21 22 24 30 31 34 
39 43 44 49 57 62 64 65 66 68 73 80 
87 90 98 
30
1 10 15 18 21 23 27 31 32 37 40 44 
45 48 51 52 58 59 60 64 79 80 83 85 
90 91 92 97 98 99 
34
1 2 4 9 13 14 16 17 18 20 22 26 
27 28 34 36 49 54 60 62 65 68 69 70 
73 77 85 86 89 90 91 92 96 97 
30
2 4 10 17 19 20 21 22 29 37 44 46 
47 50 51 56 59 60 62 69 76 79 82 83 
84 87 91 97 99 100 
27
3 11 12 14 16 25 27 28 36 39 40 43 
49 54 55 56 57 58 65 68 70 85 86 88 
89 92 99 
40
3 4 5 7 9 18 20 23 28 31 32 35 
37 39 41 44 45 46 47 50 51 54 56 57 
59 60 65 67 70 76 78 79 83 84 85 86 
89 93 95 97 
36
3 5 8 12 13 16 19 21 22 25 28 30 
33 36 37 38 40 41 44 49 52 53 54 57 
58 60 66 74 75 77 81 85 87 89 90 99 
29
15 17 23 32 33 37 38 39 44 47 48 55 
59 62 63 67 68 71 76 87 88 89 91 93 
95 96 97 99 100 
32
2 4 6 10 17 22 25 27 30 34 35 37 
40 41 43 45 46 49 51 53 55 63 65 72 
75 77 84 89 93 97 98 99 
30
3 6 9 13 16 17 19 25 26 27 28 31 
38 42 46 49 50 51 52 56 57 58 62 66 
67 68 73 78 87 93 
33
1 3 4 5 6 11 12 21 24 25 26 27 
32 33 36 37 40 41 44 45 47 50 51 54 
56 70 73 74 75 77 80 85 89 
28
3 14 20 25 35 37 42 44 46 50 51 54 
55 59 60 64 65 66 67 69 78 79 90 92 
93 97 98 99 
27
2 7 12 13 20 25 29 32 41 43 45 51 
53 55 60 63 65 66 68 70 72 76 85 91 
96 97 99 
29
3 6 7 9 11 14 15 16 17 19 22 23 
29 31 35 39 50 53 56 59 69 71 82 85 
86 87 94 97 98 
28
8 11 13 14 18 24 30 31 32 33 39 43 
48 50 57 60 68 69 79 80 81 82 83 85 
86 93 98 99 
35
1 5 7 9 12 16 21 22 23 24 28 29 
34 38 42 46 49 50 52 55 57 59 61 63 
67 72 73 75 79 83 84 87 93 95 96 
22
2 8 11 13 14 21 22 28 30 44 51 53 
54 63 65 68 70 72 78 82 86 91 
28
3 4 8 15 27 32 33 38 39 40 42 44 
46 50 52 54 56 59 60 68 71 86 87 90 
92 94 98 100 
36
3 6 11 12 14 16 19 21 22 23 25 26 
29 30 33 36 39 41 43 44 46 55 57 59 
61 62 64 70 73 75 76 80 82 84 88 93 
28
1 2 8 12 15 16 22 24 27 28 40 46 
47 49 52 56 61 63 65 67 68 71 72 77 
79 80 89 95 
25
7 8 15 18 23 36 41 47 48 51 54 56 
62 68 76 82 83 84 85 86 90 91 92 98 
100 
28
1 2 7 12 13 14 19 25 28 33 37 41 
43 48 53 56 61 65 68 69 75 81 87 88 
89 95 99 100 
29
1 3 6 10 14 18 19 24 33 35 36 37 
40 41 46 48 53 56 59 62 63 70 71 72 
76 80 82 84 92 
30
1 5 7 12 15 21 23 26 31 34 36 37 
42 46 47 54 57 64 66 67 68 74 75 79 
81 82 85 88 90 92 
29
3 5 10 11 13 18 21 25 26 34 37 45 
55 56 60 62 65 66 69 71 72 75 76 80 
84 88 89 94 98 
23
6 7 8 35 36 49 50 54 56 65 66 68 
69 73 75 78 80 82 85 88 92 95 98 
29
2 7 8 10 22 23 28 32 35 41 44 46 
54 55 56 69 70 74 75 76 78 82 85 86 
88 91 93 96 98 
38
1 3 4 10 13 23 24 27 28 29 30 34 
35 36 37 38 39 40 41 42 45 46 48 55 
59 64 65 66 72 77 79 88 90 91 94 95 
98 99 
31
2 5 9 11 15 17 25 28 29 30 33 48 
53 54 63 66 67 69 71 74 80 84 87 88 
90 91 92 93 94 95 99 
34
11 18 21 23 24 28 29 30 34 36 38 40 
41 42 47 48 53 55 58 61 62 66 67 70 
72 75 84 86 89 90 92 98 99 100 
29
1 2 3 5 6 13 28 29 32 34 36 38 
41 53 55 65 70 73 77 80 82 83 84 88 
92 94 97 99 100 
25
3 6 13 16 17 20 26 29 32 35 39 40 
45 52 53 55 58 62 73 77 82 94 95 96 
100 
37
2 8 9 17 18 21 25 26 27 36 37 38 
39 40 42 44 47 54 58 60 61 62 64 66 
67 68 70 76 77 78 80 81 83 86 89 92 
95 
25
18 21 23 26 37 38 41 42 43 44 45 46 
49 52 62 64 69 72 74 78 79 86 88 91 
100 
33
3 4 9 11 12 16 20 26 28 29 33 34 
35 36 40 41 48 52 57 58 59 66 69 70 
71 73 83 84 86 90 96 97 99 
29
1 2 3 8 9 14 16 19 21 25 27 34 
38 40 42 45 57 58 59 62 63 73 76 80 
83 85 87 88 89 
34
6 8 12 16 18 19 21 22 29 31 33 35 
36 37 41 44 46 48 53 54 55 60 61 65 
66 73 75 77 78 81 87 92 94 97 
35
5 6 10 16 18 20 22 27 29 31 32 35 
38 39 40 42 45 48 49 55 60 63 65 67 
73 75 80 81 82 88 89 93 94 95 96 
32
1 3 4 5 10 12 15 22 25 27 32 35 
36 37 38 39 43 53 55 61 62 65 69 78 
79 80 83 85 86 87 90 97 
22
1 8 16 18 34 35 42 44 45 48 59 63 
64 65 71 73 76 80 85 86 91 95 
26
1 3 13 16 17 22 30 32 36 37 40 42 
46 49 50 51 54 56 59 64 71 75 83 85 
93 95 
35
3 5 9 11 13 15 20 21 27 31 41 44 
45 46 54 55 60 62 63 64 66 68 71 72 
74 75 77 81 82 84 85 90 92 96 98 
31
2 8 14 16 18 22 24 25 27 29 30 32 
39 45 51 55 57 64 65 66 69 72 73 76 
84 86 89 90 92 93 99 
34
10 11 12 13 17 19 21 29 30 31 34 36 
39 40 42 43 47 52 57 59 62 64 65 68 
76 79 80 81 82 90 91 92 93 97 
37
4 5 10 11 15 16 18 27 29 32 35 36 
39 40 43 46 49 52 53 56 57 58 61 62 
64 65 67 70 73 79 80 82 83 84 89 94 
97 
28
2 9 13 14 15 20 25 27 35 37 38 44 
45 46 50 51 52 53 54 55 60 61 62 70 
74 78 83 94 
41
1 2 3 4 5 8 13 15 16 23 30 31 
34 35 46 49 50 53 57 60 62 70 72 74 
76 79 81 82 84 86 87 88 89 91 92 93 
94 95 96 97 100 
32
1 3 8 10 11 12 15 21 25 29 30 38 
39 48 53 59 61 62 65 70 71 72 74 76 
77 78 82 90 93 98 99 100 
27
4 6 9 19 25 26 27 28 29 44 54 55 
61 64 66 67 68 72 73 74 75 77 78 82 
86 94 98 
33
1 2 4 7 10 11 14 16 19 23 25 37 
39 40 42 43 45 46 47 50 55 57 66 67 
68 69 79 83 85 91 92 96 97 
32
3 5 6 8 9 10 14 15 20 22 23 29 
31 32 36 39 42 44 51 60 64 69 70 73 
75 76 81 84 90 92 97 98 
27
5 11 15 18 20 23 25 27 33 37 38 43 
44 50 52 59 67 69 75 79 82 84 87 90 
93 94 99 
25
1 2 3 5 7 11 34 38 40 42 45 47 
51 52 58 59 63 65 69 78 83 87 91 92 
95 
32
3 7 11 15 20 24 25 29 30 31 34 41 
42 43 46 48 50 52 54 56 57 59 60 63 
65 69 71 72 89 90 95 98 
22
3 4 6 10 18 20 27 36 38 39 41 42 
45 46 55 61 66 83 93 96 99 100 
37
2 6 10 15 17 18 19 21 22 23 26 30 
31 33 34 41 42 43 44 50 53 54 56 57 
61 63 67 71 72 75 79 83 88 89 96 98 
99 
33
4 5 6 10 21 25 27 28 32 35 40 41 
42 45 46 49 50 51 53 55 59 61 67 69 
72 80 84 87 89 92 93 99 100 
33
7 10 13 15 19 20 21 24 25 26 30 31 
33 36 40 41 42 47 48 50 52 55 56 65 
68 74 86 88 91 92 93 94 98 
26
3 4 6 15 17 18 19 24 35 41 50 51 
56 58 60 64 67 71 72 73 74 77 78 92 
97 99 
26
2 3 6 7 11 16 20 21 26 28 36 39 
45 47 54 57 64 65 72 74 78 85 88 89 
93 99 
36
6 7 8 9 14 15 24 33 35 36 38 39 
41 48 50 51 52 53 54 56 57 58 62 64 
66 74 76 77 78 79 80 86 90 91 99 100 
34
1 3 6 7 9 13 14 16 17 20 26 28 
34 37 39 40 41 45 46 48 52 54 56 59 
71 75 82 87 88 89 90 92 96 97 
31
1 5 6 7 15 18 19 22 29 30 31 33 
35 36 40 46 54 55 58 63 70 74 78 79 
80 83 85 86 89 95 99 
25
2 4 7 22 24 25 28 30 37 40 41 43 
48 49 53 67 73 83 85 87 95 96 97 98 
99 
29
8 11 16 18 20 26 27 30 33 34 37 45 
49 50 55 56 58 60 70 75 76 78 80 92 
93 94 96 99 100 
40
1 6 7 9 10 12 14 18 22 23 25 28 
29 31 32 33 38 44 46 53 55 56 60 62 
64 67 68 69 73 75 78 80 83 85 89 91 
94 96 99 100 
25
2 11 12 13 17 21 25 30 38 43 44 49 
51 61 63 69 74 83 85 87 88 92 95 97 
99 
34
1 4 5 8 10 11 13 14 18 20 22 33 
34 35 47 50 56 60 62 65 70 71 72 78 
82 83 86 89 94 95 96 97 98 99 
34
3 4 5 6 9 11 13 14 18 24 25 29 
38 43 46 47 52 55 63 64 68 69 72 73 
75 77 78 79 80 90 91 93 99 100 
23
3 4 6 8 9 14 17 18 20 21 26 32 
35 38 49 50 79 83 85 88 90 91 96 
27
3 12 21 24 27 32 34 42 43 44 46 48 
51 61 62 64 66 70 75 79 82 83 85 88 
89 96 98 
18
3 11 13 24 26 28 32 36 50 51 61 64 
70 71 72 86 94 98 
30
1 5 8 10 16 17 19 24 28 36 39 44 
46 49 51 53 58 59 60 61 63 65 67 76 
77 79 82 92 94 100 
32
2 4 7 8 11 13 15 17 20 21 32 35 
37 43 49 51 54 60 62 63 64 67 68 76 
79 82 83 84 88 92 93 100 
30
6 12 13 14 19 25 28 30 40 41 42 43 
44 47 52 54 61 63 64 65 66 70 73 76 
82 83 87 89 98 100 
26
4 12 22 35 36 37 39 45 48 49 51 53 
55 58 59 67 68 72 76 80 82 87 95 96 
98 99 
27
1 4 7 14 19 31 33 34 35 36 40 43 
44 46 51 57 60 67 69 74 76 82 85 89 
90 91 94 
28
4 14 15 17 22 25 31 34 36 37 38 40 
45 47 51 56 58 61 66 67 71 73 76 83 
91 93 96 97 
36
4 6 8 10 13 14 15 20 22 26 27 28 
31 32 39 40 42 44 45 49 51 60 62 63 
65 66 71 72 74 76 85 87 88 90 91 98 
22
4 6 7 9 10 12 16 22 32 41 43 55 
60 62 69 70 80 82 87 92 96 100 
34
5 8 12 13 14 15 23 29 30 31 32 44 
48 49 54 55 58 63 65 66 67 68 71 72 
74 79 82 87 88 91 92 93 95 96 
28
2 6 7 20 22 24 30 32 39 40 42 45 
46 51 52 56 61 69 75 82 88 89 90 91 
94 96 99 100 
34
5 9 11 16 18 19 23 24 26 28 29 32 
34 37 38 40 41 43 44 51 56 58 62 64 
70 71 77 79 80 81 86 89 91 96 
34
1 7 8 10 11 17 19 21 22 23 25 30 
31 42 43 45 50 51 56 63 72 76 77 80 
81 82 84 86 88 90 91 92 96 100 
35
11 16 20 21 25 26 30 31 33 36 37 38 
42 43 44 47 50 51 57 58 61 65 67 68 
71 73 75 83 84 86 87 88 90 93 94 
28
3 5 6 7 10 13 14 15 16 20 26 36 
37 44 49 52 55 57 65 66 76 78 83 86 
87 88 96 99 
31
8 9 10 16 17 19 21 23 27 35 38 43 
47 48 52 55 56 60 61 70 71 73 75 76 
79 82 84 86 87 93 94 
27
1 5 16 19 23 24 26 28 38 41 47 48 
52 60 61 62 63 65 66 68 72 74 80 82 
84 92 94 
33
1 4 6 8 14 15 21 22 25 29 36 37 
38 42 44 46 50 54 55 56 57 61 62 64 
65 67 69 80 85 86 90 92 99 
32
4 8 9 11 20 22 24 28 35 36 40 43 
46 49 55 60 61 62 68 69 71 73 74 79 
81 83 85 87 88 91 93 98 
34
1 2 5 8 24 25 30 31 35 38 41 43 
45 49 50 57 58 64 65 66 67 69 71 75 
76 77 83 84 87 93 95 97 98 99 
32
2 5 8 15 21 22 23 24 29 30 38 39 
41 42 47 49 51 52 54 59 62 63 65 69 
72 74 78 83 87 91 92 99 
31
5 7 9 11 13 15 25 26 27 28 30 33 
34 35 37 43 49 52 57 59 61 70 73 75 
77 79 80 81 92 98 100 
30
7 10 13 14 15 17 21 22 23 24 26 27 
31 32 37 46 51 56 58 59 60 67 69 70 
74 82 84 92 94 95 
30
1 5 8 15 16 20 22 23 26 41 44 46 
48 49 50 52 55 61 64 67 69 76 78 84 
88 91 95 96 98 99 
28
2 5 11 16 19 22 24 25 31 32 43 47 
48 52 55 57 62 63 65 69 77 79 84 85 
86 93 95 100 
24
1 2 3 6 7 9 14 17 29 34 43 50 
55 58 66 68 76 78 85 86 90 91 94 95 
32
11 15 16 24 28 31 36 37 38 40 46 47 
49 53 55 61 66 67 68 72 75 79 80 81 
83 84 85 91 93 94 97 100 
23
2 9 16 20 21 22 23 38 39 44 55 56 
57 60 63 70 72 75 78 89 93 94 99 
30
9 13 20 21 25 28 31 33 36 40 46 48 
49 54 56 57 60 62 65 67 68 70 76 81 
83 84 87 90 91 99 
28
5 9 13 14 16 22 26 32 35 36 39 40 
42 43 48 50 57 59 60 65 73 74 76 78 
80 88 90 92 
34
5 7 8 13 17 19 22 23 24 25 29 30 
31 32 33 36 37 42 43 51 56 60 61 62 
65 66 70 71 72 73 79 84 90 95 
25
1 5 8 17 18 24 27 33 42 48 50 61 
63 67 70 73 74 81 83 91 93 94 96 97 
100 
29
11 12 18 20 21 23 24 30 33 47 49 51 
53 56 67 76 77 78 79 83 85 86 87 89 
90 94 97 98 100 
31
8 9 10 12 15 31 35 39 42 43 51 52 
55 58 61 62 63 65 66 69 75 78 80 81 
84 87 92 93 95 97 98 
30
2 4 6 7 11 14 17 18 24 27 29 30 
43 47 54 56 59 60 61 66 71 77 80 81 
83 85 87 94 97 100 
32
6 11 14 15 16 24 29 33 34 35 37 39 
40 41 44 45 46 48 51 55 62 65 70 73 
80 81 85 86 88 89 93 95 
32
1 8 9 11 13 16 21 24 25 28 30 33 
34 37 38 39 42 43 44 45 46 47 51 61 
63 66 67 68 69 87 97 98 
33
5 6 7 9 10 11 20 22 30 35 36 37 
38 39 41 45 50 51 54 56 61 62 63 73 
77 78 86 89 91 94 95 96 97 
31
4 5 7 14 17 19 22 23 24 26 27 31 
32 33 35 36 39 40 42 47 58 62 63 66 
72 75 76 79 81 84 86 
31
8 12 16 19 23 24 25 31 33 34 36 38 
40 45 48 51 52 53 56 59 61 62 65 68 
74 77 80 81 85 87 100 
29
4 12 15 16 25 27 31 32 33 39 44 52 
53 65 66 68 74 75 77 79 81 82 84 85 
88 90 92 95 97 
31
1 5 13 15 17 20 21 22 30 33 35 42 
43 46 47 53 57 61 63 69 72 73 74 78 
81 85 91 92 94 95 98 
29
5 9 10 15 16 19 22 24 25 26 33 35 
42 46 48 49 62 64 72 73 75 80 81 86 
87 90 91 93 100 
29
4 6 12 23 24 40 41 43 46 52 57 60 
65 68 72 75 78 79 81 83 84 85 86 87 
90 91 94 98 100 
35
7 8 13 14 15 23 27 35 38 39 41 45 
47 48 51 53 54 55 56 61 63 65 69 72 
77 79 80 81 84 87 89 91 92 93 99 
33
1 6 7 9 10 12 18 22 24 26 27 32 
35 38 44 45 48 56 58 63 65 70 75 76 
78 80 82 87 90 92 93 94 100 
25
1 8 16 21 24 29 31 33 43 46 48 50 
53 54 57 59 60 63 68 70 71 74 88 90 
96 
33
5 6 7 14 21 24 27 40 42 43 44 48 
49 53 55 57 58 59 61 62 63 64 66 67 
72 74 80 83 85 88 92 94 98 
34
2 3 9 12 16 19 21 24 26 27 28 34 
35 38 41 43 46 53 55 58 59 65 68 71 
75 80 82 83 89 90 92 94 97 100 
28
2 4 10 18 19 30 32 33 38 39 52 57 
60 61 62 63 64 70 71 72 74 75 76 81 
82 86 91 95 
27
7 14 15 19 22 25 26 34 37 41 44 48 
51 53 56 57 58 61 65 67 69 74 78 79 
81 90 96 
23
6 10 11 12 14 15 17 26 28 48 54 56 
58 59 61 69 70 74 80 87 94 98 99 
33
4 5 10 13 16 19 20 24 28 30 31 34 
38 42 46 47 49 51 53 55 58 67 71 73 
74 75 77 80 82 88 92 94 96 
29
2 4 6 10 17 20 36 38 40 41 42 43 
48 50 52 55 63 65 68 77 79 81 84 88 
89 91 93 99 100 
26
12 13 16 17 26 31 32 34 36 40 44 52 
55 56 61 62 70 74 75 78 88 90 92 95 
96 98 
28
3 6 9 13 14 18 19 28 29 30 37 38 
40 43 47 50 52 55 58 61 66 71 78 90 
91 97 98 100 
29
1 2 3 5 6 7 11 20 27 28 34 39 
41 42 49 50 52 54 60 61 65 70 72 74 
78 82 84 88 97 
32
1 2 4 8 14 18 19 20 21 28 29 34 
36 39 44 49 52 53 54 56 57 60 68 69 
71 81 86 88 92 93 94 97 
29
2 3 6 13 14 15 27 28 30 31 36 37 
38 41 42 46 50 52 63 67 68 70 74 76 
81 84 89 93 99 
28
5 6 16 19 24 25 28 31 39 41 42 48 
49 56 59 67 68 70 72 76 79 80 83 88 
89 96 97 98 
27
2 8 10 11 14 16 21 40 46 49 52 53 
57 58 60 61 63 64 67 69 71 73 78 81 
90 91 94 
29
4 5 6 9 12 14 15 20 26 30 33 35 
36 41 44 45 46 50 55 66 68 75 78 82 
86 94 97 99 100 
31
3 6 7 11 13 15 17 18 19 21 22 26 
31 33 37 42 43 45 47 53 55 67 68 74 
79 86 91 93 96 97 99 
28
3 5 6 8 14 15 18 19 23 27 28 33 
40 44 48 51 55 57 58 65 69 73 78 79 
86 87 90 98 
28
4 5 8 11 13 15 19 22 23 28 31 38 
39 41 43 47 51 54 61 65 69 70 80 87 
89 90 97 99 
33
3 5 9 10 15 18 21 22 24 25 26 28 
30 35 37 39 40 47 53 56 58 59 60 63 
65 70 81 86 87 91 95 98 100 
27
1 3 5 9 11 13 16 22 26 27 31 37 
39 41 43 48 58 71 77 78 79 80 82 88 
89 90 95 
28
1 3 4 11 12 14 15 20 21 23 26 27 
31 32 35 51 52 53 57 59 68 72 76 78 
82 86 95 98 
