400 200
1 1 1 1 1 1 1 1 1 1 1 1 
1 1 1 1 1 1 1 1 1 1 1 1 
1 1 1 1 1 1 1 1 1 1 1 1 
1 1 1 1 1 1 1 1 1 1 1 1 
1 1 1 1 1 1 1 1 1 1 1 1 
1 1 1 1 1 1 1 1 1 1 1 1 
1 1 1 1 1 1 1 1 1 1 1 1 
1 1 1 1 1 1 1 1 1 1 1 1 
1 1 1 1 1 1 1 1 1 1 1 1 
1 1 1 1 1 1 1 1 1 1 1 1 
1 1 1 1 1 1 1 1 1 1 1 1 
1 1 1 1 1 1 1 1 1 1 1 1 
1 1 1 1 1 1 1 1 1 1 1 1 
1 1 1 1 1 1 1 1 1 1 1 1 
1 1 1 1 1 1 1 1 1 1 1 1 
1 1 1 1 1 1 1 1 1 1 1 1 
1 1 1 1 1 1 1 1 
23
33 35 41 48 50 52 56 60 64 71 85 98 
100 127 134 137 140 146 165 167 188 195 198 
17
3 6 12 17 27 34 36 46 74 94 103 129 
138 142 182 193 196 
19
15 16 26 29 48 55 56 62 73 76 92 140 
152 155 156 163 173 179 196 
19
13 18 46 58 63 80 84 89 90 116 127 143 
148 151 153 156 164 175 178 
17
3 15 21 27 28 30 48 68 70 89 139 157 
158 162 186 191 197 
21
5 9 15 18 29 31 36 45 84 86 91 101 
107 118 155 158 183 189 191 195 196 
19
58 66 73 81 82 86 88 95 99 106 125 135 
149 158 159 160 175 183 197 
24
23 24 26 28 37 53 57 60 69 83 85 88 
90 91 116 120 123 138 141 145 154 157 180 191 
20
26 29 31 41 53 67 84 89 90 98 119 122 
126 136 150 157 158 164 178 183 
22
5 12 25 31 33 54 55 57 58 59 60 82 
118 121 123 134 140 156 173 175 176 186 
22
26 32 41 44 51 53 56 58 68 76 81 92 
97 107 132 137 156 157 169 170 185 199 
15
20 26 42 49 52 54 56 63 75 103 128 155 
185 186 192 
22
6 7 12 15 26 29 32 37 41 43 44 67 
89 97 102 108 110 135 151 169 176 189 
17
19 31 37 40 41 57 71 99 102 122 127 151 
152 160 167 174 185 
22
11 15 24 25 27 30 47 52 67 69 123 125 
126 131 133 149 153 165 182 184 194 198 
14
6 14 17 21 52 82 86 111 129 145 155 156 
182 200 
18
3 8 13 19 22 47 59 62 79 82 83 85 
95 140 146 161 173 182 
15
1 6 24 34 35 43 77 87 111 118 119 126 
130 171 188 
21
1 3 11 18 25 32 40 54 64 65 73 90 
99 102 103 142 151 155 185 187 189 
16
3 5 14 19 20 28 55 57 64 88 97 99 
118 123 153 164 
19
4 8 10 30 33 56 68 116 122 132 138 144 
155 175 176 187 198 199 200 
19
3 17 28 39 58 75 85 89 92 97 104 110 
128 139 140 144 147 173 188 
15
4 29 44 49 54 82 90 98 114 130 131 148 
156 159 173 
14
17 54 63 69 77 81 82 86 96 105 129 135 
139 194 
22
4 15 18 22 37 44 57 68 72 79 83 91 
96 99 112 116 120 128 143 145 158 170 
20
19 45 56 59 61 70 76 77 79 82 95 116 
120 131 148 153 170 175 178 195 
29
9 21 34 35 44 45 46 48 49 50 58 60 
88 110 112 113 118 131 132 143 152 153 158 162 
181 185 186 192 200 
18
10 34 55 58 77 97 100 112 127 145 150 156 
167 175 178 190 191 200 
19
28 43 49 55 61 88 97 120 123 127 133 144 
146 148 149 153 156 169 185 
21
5 13 15 32 40 50 62 85 92 97 115 122 
127 138 155 162 170 175 194 197 198 
23
15 42 48 77 78 82 89 91 94 96 97 100 
111 118 141 145 157 165 166 172 175 184 197 
29
9 21 22 29 46 55 56 58 61 72 88 95 
101 104 107 121 124 125 128 145 147 150 156 173 
175 178 190 194 198 
18
8 18 27 32 63 86 101 105 112 125 142 161 
176 178 180 181 182 192 
21
5 12 21 27 30 33 44 53 57 81 91 103 
126 145 153 158 170 179 186 192 195 
17
3 11 21 25 49 57 80 81 97 99 136 141 
142 146 152 172 190 
14
33 55 62 69 76 102 109 114 120 148 153 185 
188 197 
24
6 9 20 24 28 34 53 58 65 76 80 90 
92 94 110 122 124 128 130 153 160 161 183 195 
19
7 14 17 29 31 45 68 74 101 108 119 132 
139 159 162 171 188 191 196 
18
2 15 29 40 46 52 60 63 89 92 96 129 
131 139 143 155 156 163 
22
2 7 9 17 19 20 29 35 56 62 66 93 
99 121 130 131 133 140 143 176 179 191 
15
16 22 33 59 68 88 91 101 102 103 116 151 
164 192 196 
23
7 12 14 28 38 44 46 53 70 78 79 98 
100 106 108 119 130 158 167 168 178 191 200 
20
17 49 57 68 75 81 91 101 113 120 125 128 
145 149 170 171 174 176 187 200 
26
7 14 20 39 50 52 54 67 80 81 102 114 
126 132 135 143 145 148 149 154 157 158 162 177 
182 194 
21
7 11 31 36 38 51 56 58 73 77 99 110 
116 131 144 145 156 162 170 172 193 
14
2 7 8 14 28 40 50 54 104 121 123 140 
164 176 
19
9 14 18 23 26 69 84 105 107 111 122 126 
128 132 144 157 160 161 180 
25
8 23 26 34 36 38 50 65 67 76 86 97 
102 111 132 154 155 158 161 163 175 176 191 195 
198 
21
16 18 24 25 32 46 59 67 69 71 73 88 
89 90 148 149 153 161 187 190 198 
21
6 7 30 31 39 62 63 96 102 103 114 117 
129 137 138 150 165 171 178 183 191 
23
13 16 40 51 62 68 75 90 93 96 106 126 
132 134 141 142 149 156 157 168 190 196 197 
18
28 39 64 65 70 76 91 105 106 107 121 127 
135 140 149 150 157 196 
22
9 14 17 25 29 31 39 43 57 63 64 78 
96 101 109 112 120 126 166 183 191 196 
19
10 13 25 27 28 40 42 46 76 78 81 87 
109 112 124 180 182 189 192 
18
1 3 6 17 23 54 101 130 132 141 142 152 
159 167 172 179 180 194 
25
6 8 11 37 40 43 44 45 49 51 69 71 
92 102 105 106 131 132 146 148 162 165 172 177 
182 
20
7 19 20 43 46 68 71 86 92 121 130 133 
151 157 179 182 187 189 197 199 
28
4 8 33 34 55 64 74 79 86 95 112 115 
134 148 149 150 152 154 157 162 168 170 173 174 
176 180 195 197 
23
8 9 12 13 21 26 29 45 59 69 81 85 
87 110 115 116 117 131 152 157 171 186 195 
19
3 17 31 41 54 77 93 98 99 139 141 142 
149 154 171 178 183 184 186 
25
9 11 15 30 40 45 63 82 85 89 98 111 
127 133 142 149 160 161 170 173 176 184 189 190 
200 
19
9 12 28 38 52 63 68 72 83 86 90 92 
113 133 136 150 172 176 180 
17
9 25 27 34 39 58 66 84 105 107 108 110 
114 121 123 158 187 
23
16 17 31 35 48 49 54 58 68 70 87 100 
109 111 122 136 139 143 151 164 165 166 167 
25
11 14 16 24 27 36 43 51 59 62 66 91 
93 108 119 125 127 138 141 157 165 167 171 177 
199 
14
12 13 24 26 40 55 56 84 86 92 102 134 
139 188 
23
5 6 10 50 63 78 82 99 100 107 111 123 
129 135 137 141 154 163 165 175 180 182 193 
24
4 8 15 20 23 24 40 41 45 54 63 78 
80 86 90 95 98 147 165 170 194 198 199 200 
13
42 63 69 73 74 80 96 100 146 148 155 166 
191 
25
10 22 30 33 41 43 57 63 64 68 79 93 
100 112 126 128 150 171 184 187 188 189 190 193 
197 
20
2 7 32 57 60 67 70 85 92 95 105 110 
119 123 143 148 149 163 168 175 
14
8 13 47 51 64 81 98 105 110 112 113 151 
163 185 
18
13 21 37 44 48 90 97 98 104 116 131 143 
151 169 175 176 178 180 
20
16 31 36 39 42 45 62 66 77 85 87 100 
104 115 131 139 149 153 155 168 
13
7 15 19 55 67 69 76 114 120 133 147 177 
178 
30
3 6 23 28 33 45 57 68 84 85 90 108 
111 115 120 122 124 132 135 143 153 158 164 171 
174 177 178 187 189 193 
22
13 30 33 34 46 67 85 115 119 123 127 130 
133 143 146 148 160 161 168 173 179 188 
13
25 34 46 49 58 67 82 83 86 88 107 172 
189 
19
7 21 25 41 43 51 52 62 81 88 91 94 
114 118 147 178 180 183 189 
19
13 17 21 36 40 73 85 99 105 110 119 123 
126 138 154 168 187 190 195 
21
12 18 22 38 41 46 47 91 96 97 122 126 
137 138 150 161 168 178 183 186 196 
26
1 5 8 12 21 27 32 62 86 93 99 100 
105 124 130 150 160 165 169 172 178 180 182 184 
185 193 
20
1 2 8 24 36 65 66 67 71 94 109 112 
122 124 146 151 161 172 195 196 
17
1 28 42 51 84 92 107 108 117 120 148 151 
163 172 175 183 199 
17
1 4 25 33 54 57 65 68 86 96 101 105 
132 157 167 170 171 
15
11 16 50 73 77 87 106 122 128 138 158 162 
168 174 186 
13
17 22 27 95 103 119 139 144 146 147 152 163 
175 
20
1 20 48 67 94 96 105 111 123 127 142 151 
152 154 156 160 161 166 177 197 
22
6 16 17 23 31 52 53 58 61 66 69 73 
92 93 100 102 105 109 122 196 197 198 
23
6 8 11 26 29 30 64 67 79 85 95 98 
99 100 112 131 132 134 136 143 147 167 191 
20
12 20 22 25 26 33 43 48 49 64 79 80 
103 106 123 136 162 170 194 199 
13
21 22 44 71 90 93 101 124 127 145 165 179 
198 
19
1 15 27 28 31 32 47 53 65 72 86 100 
115 136 151 159 161 182 199 
15
7 12 16 35 41 73 80 90 91 92 111 166 
167 172 181 
12
8 12 18 36 45 105 113 114 148 160 168 195 
15
11 19 50 62 77 80 98 100 103 113 125 146 
150 188 195 
24
13 29 35 38 43 44 49 50 62 77 82 90 
91 128 130 139 142 143 147 148 155 177 179 186 
18
7 27 28 33 41 58 71 73 85 87 99 117 
122 141 153 160 174 191 
24
6 15 23 30 56 59 60 67 70 71 75 90 
93 96 99 111 134 143 152 170 173 177 180 181 
21
6 30 41 48 66 74 79 90 99 112 116 125 
128 136 139 168 169 175 185 188 189 
18
5 10 16 46 53 61 65 81 82 94 96 101 
107 120 145 163 187 190 
12
13 18 19 34 37 59 90 104 121 155 164 192 
19
13 14 17 22 30 34 93 106 117 130 134 143 
144 177 178 181 182 198 199 
20
1 14 23 25 27 50 51 58 70 72 91 98 
102 104 120 130 142 155 157 195 
19
10 13 27 38 52 53 66 80 98 107 121 143 
149 164 169 175 177 191 199 
25
53 56 64 72 76 87 91 93 96 100 101 112 
115 118 128 131 136 140 145 153 156 158 164 168 
187 
27
10 11 22 33 42 43 57 67 68 81 86 93 
101 105 112 119 126 133 142 149 165 169 172 174 
180 184 198 
12
1 19 34 35 99 117 118 126 127 139 143 163 
24
15 20 29 35 44 47 51 68 72 88 91 93 
109 110 112 121 124 142 153 154 164 169 190 197 
19
9 17 21 42 45 46 48 72 76 80 101 107 
117 120 127 145 180 189 199 
22
30 46 48 64 68 74 82 87 90 97 100 102 
110 112 119 137 149 173 177 180 191 192 
24
1 4 5 9 27 30 42 51 55 64 71 76 
94 98 103 113 116 127 130 144 169 182 185 198 
18
4 7 20 55 60 62 91 94 99 118 121 126 
143 177 196 198 199 200 
19
15 17 28 35 43 47 61 75 118 119 125 129 
152 154 159 166 180 195 200 
22
6 9 12 19 26 39 53 71 79 82 86 87 
92 127 138 141 143 155 178 187 189 199 
18
14 18 27 31 37 52 54 55 64 78 88 107 
117 122 125 148 177 182 
26
6 8 10 18 20 33 39 48 49 93 99 100 
102 108 113 120 125 126 134 142 153 165 184 191 
193 198 
34
1 3 11 13 18 21 24 28 29 31 38 70 
72 86 100 113 114 119 121 124 126 127 130 131 
132 140 150 158 163 177 182 184 188 191 
17
3 10 20 21 28 37 42 45 50 56 63 98 
150 161 184 189 195 
15
5 13 14 90 100 103 114 131 150 157 162 163 
167 189 197 
22
6 24 26 45 50 60 61 81 83 85 86 91 
107 127 132 148 156 166 176 182 185 186 
15
21 24 29 34 43 49 56 70 88 91 103 116 
132 179 200 
24
8 17 22 29 37 58 65 68 69 70 75 77 
86 95 101 106 111 121 159 162 179 180 187 198 
24
2 13 17 39 72 79 80 90 94 100 106 108 
111 127 131 136 143 144 156 176 177 183 194 200 
21
15 24 28 38 44 51 59 63 68 72 75 83 
104 105 114 122 142 162 165 187 198 
19
4 9 20 21 22 36 37 49 54 57 87 89 
92 115 117 131 152 153 182 
27
3 12 17 19 25 34 38 40 41 47 60 76 
83 84 88 92 104 110 123 126 158 165 170 184 
188 197 199 
12
8 27 47 49 89 106 122 127 140 145 148 184 
20
1 6 11 19 50 62 92 114 116 120 125 132 
154 159 161 166 174 177 181 190 
15
8 16 25 31 74 86 95 98 107 123 130 135 
167 195 197 
16
1 35 36 38 53 62 71 97 102 106 116 123 
140 141 154 163 
15
4 8 13 14 21 35 73 74 78 136 152 169 
172 176 199 
19
1 38 40 43 53 56 73 77 99 109 112 119 
129 135 136 164 171 174 199 
13
7 17 54 66 67 68 96 102 153 160 171 199 
200 
18
28 33 48 64 70 74 86 90 96 114 117 142 
144 163 171 175 184 190 
23
3 9 14 17 24 26 30 50 72 93 100 119 
127 128 129 131 135 143 155 163 166 178 185 
23
5 39 49 50 52 55 64 65 76 81 93 103 
111 126 132 140 147 154 155 162 172 180 196 
26
2 14 37 39 48 49 58 67 72 78 86 96 
101 115 119 121 135 137 150 155 157 160 169 170 
172 193 
17
1 2 28 45 64 79 92 94 98 104 105 115 
119 169 178 190 191 
15
6 13 25 45 60 63 81 94 120 132 136 155 
160 188 191 
14
2 12 14 20 25 51 52 54 56 82 95 116 
171 200 
20
19 24 41 46 47 48 56 67 76 82 90 117 
128 146 151 157 163 174 180 194 
24
3 19 27 33 44 57 58 61 63 67 69 80 
108 121 137 142 150 170 172 176 180 184 188 195 
28
9 21 35 37 39 48 60 63 76 84 91 98 
102 107 110 111 118 135 138 151 158 168 169 172 
183 189 195 199 
12
28 70 85 100 117 125 128 152 164 173 181 193 
21
4 8 18 29 31 48 62 67 74 95 101 103 
128 131 134 135 145 152 160 187 189 
24
16 22 25 40 44 54 58 65 80 83 98 99 
103 113 119 125 127 145 158 160 168 169 174 177 
25
4 9 20 26 28 29 53 62 63 64 65 94 
103 111 125 126 127 129 136 143 147 158 163 177 
185 
22
1 11 18 45 47 51 58 60 74 78 94 125 
126 134 140 154 156 157 174 180 189 198 
19
10 23 27 29 50 60 73 74 93 118 121 135 
142 149 154 171 180 183 196 
20
7 17 27 32 47 66 67 82 95 98 103 112 
113 117 119 132 140 142 163 176 
20
11 19 21 31 36 48 55 58 60 67 103 106 
110 116 121 129 138 140 142 170 
12
15 55 103 110 112 118 120 143 158 167 183 194 
16
10 13 35 56 78 95 109 111 119 134 138 174 
180 181 184 195 
17
15 33 57 63 64 68 89 92 95 97 115 132 
148 166 182 184 200 
23
15 18 21 22 28 37 41 56 72 107 110 120 
123 125 151 158 160 164 165 170 173 178 193 
14
8 14 34 38 60 105 117 120 131 142 160 181 
185 199 
23
1 5 9 12 15 25 28 53 56 63 97 106 
110 126 133 137 153 164 177 180 192 197 200 
26
7 12 16 42 43 45 48 55 60 62 64 67 
79 115 119 134 138 145 149 174 179 181 188 195 
196 200 
13
38 46 65 66 72 81 95 109 152 189 194 198 
199 
23
25 27 39 40 46 65 72 80 96 109 120 122 
127 135 151 156 157 171 172 178 180 189 192 
18
11 20 38 53 66 69 70 80 92 95 103 105 
110 116 118 122 146 179 
15
9 20 56 99 100 109 110 112 123 136 140 174 
175 185 194 
26
3 22 26 46 52 54 55 59 60 65 72 91 
99 103 104 109 124 132 135 145 151 160 183 188 
190 193 
20
5 21 25 39 49 69 85 102 118 134 136 138 
149 160 166 184 185 186 189 200 
19
21 35 38 47 59 64 73 77 85 87 89 94 
97 109 134 150 174 182 192 
30
7 12 14 20 38 58 64 66 67 74 79 80 
85 89 94 97 107 112 113 114 115 123 126 147 
154 160 167 182 185 190 
16
7 29 38 45 58 68 87 89 105 112 118 141 
152 153 159 195 
28
1 2 28 32 41 44 56 61 63 74 79 87 
106 109 111 119 122 126 131 132 146 149 159 179 
184 187 192 197 
24
18 22 24 39 41 48 49 61 93 94 96 100 
114 120 121 129 135 145 148 159 190 193 197 198 
23
27 43 46 56 60 63 65 66 68 75 81 103 
112 118 120 123 134 146 158 159 170 171 174 
14
15 54 55 64 78 79 83 125 139 149 171 176 
180 195 
23
24 54 57 66 70 78 80 81 126 127 129 133 
142 150 156 172 175 177 185 189 196 197 198 
22
17 18 24 35 50 51 53 56 78 82 84 100 
108 109 128 131 137 138 148 158 159 170 
17
1 6 11 21 47 51 53 65 85 92 95 98 
105 137 142 157 196 
17
6 16 18 39 72 75 78 85 96 103 104 119 
126 142 160 190 198 
14
36 45 48 51 61 68 78 79 116 134 169 176 
181 198 
20
1 18 30 31 38 41 70 81 84 89 94 118 
129 133 152 153 154 156 182 189 
23
3 16 73 74 81 88 90 95 107 125 126 130 
133 152 154 162 165 185 189 195 196 197 200 
17
17 36 57 67 71 81 84 121 122 133 167 169 
170 181 184 187 200 
19
4 8 11 32 46 67 70 71 110 112 117 118 
136 144 159 163 186 192 200 
21
14 21 27 31 33 57 77 81 85 119 127 131 
144 145 149 151 153 154 155 157 184 
24
4 7 10 16 17 32 41 53 55 62 78 87 
98 102 111 116 133 141 149 151 154 167 184 200 
17
33 45 57 61 63 66 87 95 103 115 116 120 
135 136 154 157 194 
19
1 13 21 26 27 39 43 44 74 97 113 116 
132 139 157 190 196 197 200 
17
5 15 24 28 52 67 71 109 122 127 136 145 
146 172 183 189 192 
20
2 14 29 48 74 77 88 97 107 116 122 134 
138 155 156 158 186 193 197 199 
19
2 3 4 7 13 32 37 62 65 67 99 108 
124 143 166 178 181 185 188 
12
28 50 53 73 81 114 122 141 145 151 173 192 
15
6 40 49 59 62 84 104 114 117 132 159 164 
170 190 196 
21
1 6 9 16 29 31 51 57 70 75 104 119 
120 126 132 135 175 177 179 196 198 
19
5 49 50 52 59 67 68 82 90 98 103 108 
135 149 160 170 184 190 195 
26
21 26 33 61 65 69 70 71 77 82 88 93 
102 104 106 111 119 127 130 136 137 157 167 168 
175 176 
21
10 23 34 35 36 37 56 63 66 78 81 85 
110 115 119 135 159 170 183 186 189 
25
9 13 27 29 34 45 47 51 64 67 68 73 
74 77 83 88 92 95 119 123 137 155 177 179 
189 
19
10 12 18 26 29 30 51 53 63 67 70 72 
74 96 121 143 159 173 192 
14
14 15 23 57 60 81 104 106 126 139 170 182 
189 195 
19
4 25 29 35 44 64 74 77 110 115 148 167 
169 171 182 185 188 191 198 
22
18 21 23 25 38 47 68 72 85 90 98 99 
119 125 126 145 159 162 165 173 177 190 
19
19 48 68 75 86 112 113 115 127 143 144 158 
159 171 179 185 186 188 197 
23
2 23 41 45 48 64 66 79 109 113 123 134 
144 146 148 149 152 156 164 179 185 198 199 
16
24 26 34 63 64 69 77 81 93 96 139 141 
144 148 157 164 
18
4 36 41 60 67 80 81 91 93 96 98 102 
132 139 146 152 177 199 
25
4 12 14 27 29 38 41 44 45 48 57 72 
98 102 106 107 108 116 121 125 148 166 179 189 
199 
14
12 53 58 74 92 95 97 122 146 147 155 162 
180 193 
16
18 26 27 30 37 49 54 62 67 84 99 134 
138 139 168 169 
21
31 32 34 41 43 48 63 89 96 100 104 117 
146 151 161 162 165 171 178 184 185 
19
9 51 56 63 68 90 97 105 133 137 144 151 
154 163 164 184 186 197 198 
26
12 22 25 28 31 45 46 79 83 106 107 109 
115 122 138 139 140 161 163 167 173 181 186 188 
192 198 
19
6 14 24 28 33 35 49 55 56 78 79 80 
83 92 103 124 172 174 200 
18
6 11 13 26 43 52 62 67 81 100 129 130 
139 164 166 168 188 190 
16
3 6 23 32 35 61 84 95 106 113 117 163 
166 189 192 198 
15
2 6 22 25 34 89 100 103 111 127 138 144 
145 150 156 
18
1 3 5 29 39 46 49 65 102 121 123 124 
135 137 142 162 194 200 
13
24 36 54 65 82 83 133 145 168 172 182 189 
193 
22
28 33 38 55 66 92 97 102 115 122 125 135 
142 146 149 158 160 166 173 175 180 181 
19
4 11 20 31 37 43 47 54 63 64 92 98 
112 122 144 169 188 191 198 
25
8 9 23 34 43 51 60 70 83 85 96 104 
112 115 136 151 163 164 165 171 173 175 178 191 
200 
17
21 44 53 71 82 86 90 93 99 104 110 119 
126 143 167 179 183 
24
7 19 20 27 41 44 48 51 69 70 71 93 
102 118 139 147 162 163 165 166 176 177 186 200 
23
5 16 20 25 33 39 44 67 76 77 89 90 
97 104 117 140 142 144 149 162 171 174 181 
17
19 29 38 41 44 45 46 49 54 61 128 162 
164 169 176 195 198 
20
1 2 27 35 36 51 52 56 57 83 91 93 
94 97 101 115 138 156 161 193 
16
14 17 31 38 45 63 64 68 77 90 99 102 
117 123 141 151 
20
8 17 24 32 47 73 74 80 86 94 120 122 
133 142 145 146 159 165 192 199 
20
17 21 24 36 51 52 59 62 69 79 83 94 
100 105 108 116 121 138 166 193 
25
1 2 4 21 29 44 46 49 52 55 70 72 
90 94 100 109 133 134 140 143 155 162 182 186 
195 
22
2 18 20 26 31 51 63 67 68 82 96 104 
114 118 130 133 141 142 143 160 179 186 
20
14 33 35 42 49 81 82 85 98 111 118 126 
136 148 152 156 160 189 191 195 
23
2 10 24 30 54 58 68 71 73 81 111 115 
116 117 131 152 153 161 170 172 181 187 193 
27
3 10 12 14 18 32 36 41 54 60 68 69 
81 91 94 106 109 112 115 122 126 131 141 157 
173 192 199 
16
24 28 40 51 57 70 75 89 101 106 116 144 
168 177 183 184 
24
5 9 21 40 60 63 72 79 80 82 87 92 
99 106 111 126 133 135 145 146 151 157 179 200 
14
14 84 88 90 101 110 114 115 133 157 169 170 
174 176 
19
16 20 21 36 44 53 55 60 79 84 85 89 
90 93 96 117 125 127 170 
23
2 11 17 21 24 26 29 54 62 75 76 82 
94 115 117 135 136 144 157 162 167 170 197 
21
8 25 26 29 54 77 79 97 98 103 133 135 
141 146 148 149 152 163 167 196 197 
20
25 27 37 45 49 51 85 92 100 103 112 118 
120 121 154 169 172 183 194 196 
16
12 33 51 52 53 68 79 88 92 127 137 143 
147 149 156 157 
25
1 15 19 23 41 55 58 69 81 111 112 114 
116 119 131 141 149 157 163 178 180 184 194 196 
200 
27
1 15 19 30 34 38 41 54 57 58 60 64 
66 96 107 108 110 117 134 136 140 144 148 153 
164 176 177 
20
6 11 22 30 34 52 57 73 77 83 84 90 
94 102 144 151 157 166 172 200 
19
1 19 25 33 78 79 81 94 106 108 112 123 
124 146 148 178 187 191 192 
16
34 38 47 50 51 53 76 83 97 102 108 118 
174 179 188 193 
22
2 27 41 54 56 62 72 79 84 101 104 105 
106 109 115 120 125 155 161 179 187 191 
25
9 11 15 26 29 37 42 72 85 98 102 108 
115 118 120 131 144 148 149 153 156 169 185 190 
196 
19
3 12 18 21 32 47 53 78 100 113 117 138 
147 161 179 182 186 194 197 
22
5 7 14 15 19 24 27 38 43 44 53 55 
65 90 96 100 132 145 146 150 163 182 
22
19 20 21 31 43 48 63 67 68 93 97 101 
105 106 123 134 153 164 175 177 181 188 
16
42 44 45 81 93 94 126 130 132 137 139 154 
159 166 168 178 
20
19 26 35 45 55 80 84 95 106 132 138 140 
141 146 153 162 172 178 183 192 
20
5 20 21 25 39 40 44 49 51 55 57 64 
69 79 86 138 146 147 150 161 
19
20 35 46 48 55 70 72 81 86 94 128 145 
148 149 152 174 180 187 197 
27
6 30 31 32 42 45 52 57 58 64 66 75 
78 81 85 92 105 112 113 126 134 137 151 170 
173 179 193 
14
4 18 33 35 44 61 64 73 75 158 179 188 
196 198 
26
2 3 17 18 21 22 40 82 87 96 98 102 
103 104 115 122 123 130 132 145 154 181 183 185 
186 190 
18
14 15 30 53 61 78 85 87 88 89 92 97 
107 132 140 151 177 189 
23
1 13 29 37 38 45 56 60 69 78 82 88 
99 102 109 114 127 149 152 165 178 182 183 
16
2 37 52 57 101 106 114 123 130 141 152 171 
176 177 191 195 
14
2 27 35 52 73 101 109 125 133 136 155 160 
166 183 
16
6 7 13 27 31 35 36 107 109 117 126 127 
132 156 183 194 
17
11 18 43 53 89 105 108 110 113 130 135 136 
151 155 161 179 200 
31
2 20 22 27 28 40 46 47 48 51 60 73 
81 89 95 100 101 117 126 127 149 150 154 157 
175 176 177 185 189 194 199 
16
9 11 25 30 49 61 62 87 101 108 117 146 
154 155 168 197 
21
24 25 30 50 51 54 74 79 94 102 103 129 
135 137 143 145 155 164 177 179 186 
23
3 5 14 16 19 21 39 49 70 77 94 96 
109 111 126 144 149 164 174 180 186 187 195 
17
6 25 49 51 56 58 62 63 79 112 113 127 
131 147 153 183 187 
26
14 25 29 37 41 65 66 67 69 72 79 87 
98 105 108 112 117 121 129 131 157 163 164 169 
174 181 
24
4 6 15 17 32 38 43 57 60 68 71 86 
110 115 116 120 124 132 134 153 166 176 193 197 
19
2 3 4 20 35 37 38 47 56 60 64 124 
127 131 135 157 158 175 192 
15
35 38 45 57 62 63 97 104 108 114 144 148 
162 168 197 
17
1 2 26 29 30 32 44 69 91 113 132 134 
135 137 141 175 189 
27
5 7 12 16 26 32 34 55 57 75 90 92 
99 110 113 131 141 152 170 176 182 183 186 193 
194 195 196 
17
7 10 38 46 57 94 102 120 132 142 143 144 
173 185 187 194 199 
30
7 19 21 22 42 46 48 65 66 75 78 86 
91 95 107 124 130 140 144 147 150 154 160 167 
169 170 172 174 180 191 
21
3 29 40 45 49 50 63 69 93 94 110 115 
128 135 137 140 150 155 159 167 197 
13
1 7 30 42 51 80 81 83 99 117 119 124 
136 
25
4 16 19 28 71 77 82 84 96 100 104 109 
116 120 129 142 143 153 156 161 168 178 180 187 
195 
18
10 35 39 45 51 69 70 78 96 149 151 158 
160 162 167 170 174 189 
17
10 15 18 26 46 57 88 91 93 95 135 164 
173 179 183 192 196 
16
3 15 66 76 100 106 109 114 119 125 128 136 
148 172 177 200 
25
4 13 17 23 68 70 71 79 93 103 104 117 
120 128 130 131 137 143 145 157 182 188 189 196 
198 
16
21 25 26 41 49 63 84 103 124 125 133 149 
163 164 166 185 
15
8 31 55 63 91 98 107 112 116 161 166 171 
175 178 179 
18
1 2 7 8 66 74 82 95 105 107 132 148 
154 158 162 174 183 199 
22
18 31 32 48 55 58 60 73 76 81 89 90 
108 136 139 146 148 159 171 188 189 199 
27
14 16 19 21 24 28 41 43 59 62 73 75 
96 98 99 100 110 112 115 131 137 140 148 157 
164 166 186 
10
20 65 94 105 111 120 141 142 150 154 
14
31 35 39 42 45 118 121 122 158 162 167 178 
187 196 
20
56 59 65 66 68 75 91 92 93 95 102 117 
127 131 172 174 178 184 191 194 
18
18 24 48 54 61 64 76 95 104 111 123 128 
139 143 164 167 184 197 
20
2 12 25 45 53 69 76 80 81 84 112 118 
120 130 141 146 156 161 190 195 
28
5 7 12 26 33 42 51 65 68 79 82 88 
96 106 117 123 124 125 136 137 138 140 159 170 
172 173 175 179 
17
10 26 31 32 35 39 54 58 71 74 88 105 
112 118 131 160 167 
19
12 14 17 34 47 56 59 62 68 78 147 151 
169 173 185 187 188 192 196 
15
1 14 16 28 44 54 74 97 103 110 158 171 
194 196 199 
18
14 16 69 71 75 78 96 101 107 115 118 121 
138 143 147 155 190 194 
26
9 26 27 31 43 47 48 59 71 79 80 92 
95 108 109 110 118 119 120 123 129 145 148 152 
177 192 
24
7 10 34 36 40 53 58 62 73 97 99 101 
105 108 137 141 147 164 169 178 181 183 186 199 
23
9 14 16 36 52 53 71 75 95 99 106 113 
124 130 135 140 145 146 152 153 165 192 200 
12
1 6 8 10 62 89 94 99 141 161 183 184 
28
3 4 11 34 38 40 41 67 69 70 73 74 
77 83 84 87 92 101 116 126 143 144 145 167 
178 180 192 196 
16
8 37 60 65 88 104 123 133 141 152 160 166 
171 186 189 200 
12
9 42 49 92 106 110 126 130 135 159 168 188 
23
14 15 23 27 30 34 41 49 51 68 76 83 
87 89 96 104 106 132 137 153 158 179 197 
20
5 14 15 16 39 47 77 79 84 92 94 104 
108 121 126 127 134 148 168 179 
17
10 15 30 44 54 73 75 86 98 100 101 119 
132 163 174 185 195 
23
9 15 17 43 62 77 80 85 110 116 119 122 
127 131 138 149 154 163 168 173 174 193 199 
14
30 57 69 80 101 107 117 126 132 160 169 184 
189 194 
19
3 8 10 14 36 44 73 76 81 85 89 95 
110 121 135 151 166 168 170 
20
2 12 16 27 34 41 58 83 90 93 102 120 
132 134 135 138 167 174 188 191 
22
1 2 4 6 38 40 61 62 64 82 105 107 
148 156 157 165 166 168 169 173 178 198 
21
9 19 20 27 46 51 52 55 68 72 87 93 
94 113 116 117 127 169 178 192 199 
16
16 30 37 40 50 51 53 88 89 96 104 112 
128 143 177 184 
19
5 23 50 53 56 58 60 67 85 90 134 149 
154 158 159 166 173 178 199 
26
5 10 19 32 41 54 55 59 92 96 100 109 
114 116 117 121 127 134 139 152 159 165 167 170 
187 200 
19
14 18 19 22 25 44 53 54 57 79 86 110 
120 121 126 128 130 184 188 
16
4 14 35 39 49 54 60 63 69 74 118 121 
128 138 152 179 
16
18 20 23 28 32 59 75 82 101 113 134 145 
158 176 182 199 
11
23 39 61 90 93 134 153 157 159 178 186 
17
1 7 30 33 60 77 87 116 135 144 157 158 
162 171 172 182 189 
39
3 10 16 17 21 22 24 34 41 51 57 61 
71 73 76 77 85 88 95 97 98 105 109 110 
119 120 122 133 139 146 149 151 167 177 179 191 
196 197 198 
18
12 17 29 49 51 68 87 95 116 120 124 125 
130 161 168 188 191 198 
15
2 17 31 34 58 85 93 110 116 139 147 151 
165 166 175 
18
4 24 45 52 89 90 91 105 118 125 134 137 
148 157 159 163 164 196 
22
11 14 24 33 45 59 60 79 98 107 124 130 
148 149 162 178 181 189 190 191 194 199 
19
6 16 17 31 38 56 68 72 78 90 101 102 
104 107 118 150 167 177 197 
17
2 5 20 31 40 46 63 91 101 102 105 111 
115 118 126 166 187 
11
50 65 87 99 124 125 162 169 176 179 181 
15
20 34 45 56 95 96 119 129 141 151 152 157 
158 185 192 
15
16 19 42 44 46 76 104 114 120 129 130 143 
144 196 198 
17
11 21 52 68 75 84 92 99 103 109 112 113 
124 128 150 158 168 
22
1 6 7 11 17 23 25 40 51 62 90 93 
105 111 129 130 144 146 171 172 184 197 
21
9 16 35 39 43 51 60 61 68 73 80 82 
113 115 122 131 159 174 176 182 197 
21
18 23 29 31 76 78 81 93 99 104 105 106 
119 121 139 150 159 181 182 187 191 
25
11 19 21 38 47 56 59 64 66 70 80 94 
99 101 109 114 127 128 135 146 147 155 180 183 
200 
15
8 9 17 49 50 52 58 80 81 89 122 128 
132 140 186 
19
3 20 25 26 33 56 69 75 87 96 97 112 
124 150 172 178 179 181 183 
22
10 14 15 23 45 57 77 80 86 88 99 113 
123 140 149 150 158 161 162 173 182 197 
14
5 29 41 45 50 64 70 86 100 141 142 182 
191 192 
24
4 11 13 21 22 23 24 34 40 41 60 68 
77 89 115 134 140 159 172 176 184 186 196 199 
20
11 15 25 29 38 39 60 75 84 85 94 101 
127 133 136 140 190 194 196 197 
22
19 20 28 30 41 43 44 82 86 92 107 110 
129 134 135 144 146 150 154 156 159 179 
21
23 24 30 33 34 61 62 64 83 97 110 112 
113 128 141 156 160 179 182 188 198 
14
8 19 20 33 77 84 89 112 118 132 142 154 
164 196 
9
4 8 23 24 29 73 97 100 129 
24
7 12 19 23 25 35 40 55 63 78 100 106 
113 115 116 130 136 144 154 161 174 182 198 200 
17
2 26 30 38 42 50 64 70 104 109 127 172 
175 179 186 192 193 
25
20 24 25 29 48 66 70 71 78 86 99 102 
106 112 113 114 127 146 149 157 177 183 188 190 
191 
22
4 13 15 20 48 70 72 79 86 89 115 122 
124 127 129 133 134 144 148 167 181 191 
32
8 16 26 27 31 54 65 69 76 79 80 89 
97 98 99 100 110 113 120 121 126 131 135 138 
145 147 157 159 161 163 187 191 
16
6 7 15 39 42 60 63 84 98 110 118 120 
148 173 175 196 
18
1 10 21 22 26 57 74 75 82 125 128 134 
162 166 169 194 196 199 
14
3 23 28 34 35 55 64 66 72 78 81 88 
124 158 
22
2 7 9 13 19 24 25 35 41 47 62 64 
71 86 94 106 109 137 143 150 151 178 
24
11 14 18 23 28 36 38 53 54 66 86 90 
96 107 114 117 118 136 148 153 157 176 182 195 
22
32 34 46 53 55 65 85 102 106 111 119 124 
133 158 162 167 168 178 186 188 191 195 
9
3 21 47 54 66 119 157 170 174 
16
7 29 30 38 74 76 111 115 131 134 147 155 
181 191 196 200 
20
1 20 21 37 38 50 60 71 74 77 80 85 
103 113 131 139 143 156 158 161 
20
2 18 31 32 69 85 89 93 97 122 128 153 
154 156 163 170 175 183 192 198 
23
7 18 26 30 32 41 43 49 61 65 67 73 
81 84 89 93 96 98 107 108 130 153 170 
19
3 24 58 112 121 125 126 137 141 151 154 156 
161 163 168 178 179 182 188 
15
4 14 35 50 75 118 126 140 141 150 158 159 
172 180 182 
15
46 69 82 86 98 106 130 133 142 147 161 162 
164 184 187 
26
20 28 33 35 46 54 56 60 67 73 74 88 
96 100 115 126 127 135 138 149 154 162 182 186 
189 192 
23
23 29 42 46 48 63 66 78 81 89 99 112 
130 135 136 142 146 152 155 160 161 177 182 
18
21 35 36 39 48 50 51 65 130 144 148 168 
169 174 183 184 191 195 
26
20 24 29 32 42 60 61 64 78 82 87 88 
94 103 112 130 135 138 141 142 145 154 158 163 
190 192 
19
39 49 51 57 75 78 81 89 108 118 120 124 
142 145 167 173 187 188 189 
18
59 65 93 102 107 114 122 127 129 145 149 161 
166 167 173 188 198 199 
21
5 28 33 60 84 93 106 107 116 117 119 123 
127 131 135 144 150 163 174 182 196 
26
7 10 16 21 34 45 54 56 57 68 69 76 
79 83 94 101 105 111 112 138 141 152 159 177 
197 198 
15
4 9 19 25 31 33 53 58 82 93 115 153 
156 167 190 
16
11 18 31 33 43 51 57 94 97 111 117 135 
140 150 171 188 
22
9 10 11 19 27 33 43 58 62 74 79 83 
100 107 113 139 140 144 153 154 179 191 
25
1 2 6 15 18 31 34 41 43 45 58 76 
84 90 101 104 112 123 143 149 150 162 165 166 
194 
24
6 26 29 30 54 73 79 100 105 108 113 114 
129 134 141 143 149 151 163 176 183 191 197 200 
14
20 32 41 49 89 90 99 120 133 135 136 154 
161 177 
15
4 20 26 30 39 70 74 76 91 120 133 137 
142 179 195 
22
5 10 14 24 28 33 43 47 63 67 68 71 
90 96 111 121 126 133 161 163 165 178 
17
12 19 25 35 37 54 79 80 109 115 118 125 
138 142 149 155 197 
17
13 36 43 63 67 75 81 82 87 99 108 109 
111 141 143 188 195 
19
19 24 28 29 30 40 45 51 59 79 89 105 
111 123 131 138 150 195 198 
15
8 9 23 31 66 95 96 108 118 156 164 166 
169 179 191 
13
58 66 72 90 103 112 115 145 150 151 176 196 
200 
19
5 9 22 39 45 47 51 60 64 70 88 92 
96 112 125 139 161 175 198 
21
6 36 44 47 56 66 69 74 92 108 138 143 
152 153 158 160 174 175 181 190 200 
19
7 9 12 41 43 50 59 64 129 133 135 141 
146 151 153 167 176 185 191 
16
5 14 25 26 30 46 49 53 91 93 103 110 
138 149 189 191 
20
16 23 31 33 45 50 56 61 68 75 85 94 
107 139 147 157 172 174 186 188 
21
19 23 25 27 31 36 39 68 74 76 80 97 
105 112 113 119 163 164 182 183 200 
20
6 17 32 33 41 42 50 51 64 90 106 141 
151 154 174 184 194 195 196 198 
17
12 15 30 32 35 39 56 64 69 121 123 132 
133 160 181 189 191 
13
45 56 61 62 63 65 94 98 100 107 132 158 
192 
20
15 27 28 47 56 64 69 76 87 110 113 117 
137 138 141 147 153 163 167 180 
20
27 49 51 66 71 76 92 97 114 116 119 121 
122 131 136 138 140 162 185 199 
18
34 58 60 64 67 69 80 107 124 150 165 167 
169 174 183 184 185 187 
19
21 25 53 56 60 68 74 77 78 92 97 117 
126 136 137 147 160 182 183 
20
2 12 21 46 47 70 81 82 87 103 121 122 
130 131 138 139 151 167 184 189 
