200 200
1 1 1 1 1 1 1 1 1 1 1 1 
1 1 1 1 1 1 1 1 1 1 1 1 
1 1 1 1 1 1 1 1 1 1 1 1 
1 1 1 1 1 1 1 1 1 1 1 1 
1 1 1 1 1 1 1 1 1 1 1 1 
1 1 1 1 1 1 1 1 1 1 1 1 
1 1 1 1 1 1 1 1 1 1 1 1 
1 1 1 1 1 1 1 1 1 1 1 1 
1 1 1 1 1 1 1 1 1 1 1 1 
1 1 1 1 1 1 1 1 1 1 1 1 
1 1 1 1 1 1 1 1 1 1 1 1 
1 1 1 1 1 1 1 1 1 1 1 1 
1 1 1 1 1 1 1 1 1 1 1 1 
1 1 1 1 1 1 1 1 1 1 1 1 
1 1 1 1 1 1 1 1 1 1 1 1 
1 1 1 1 1 1 1 1 1 1 1 1 
1 1 1 1 1 1 1 1 
11
10 11 35 43 52 67 76 109 119 120 169 
23
2 16 17 24 26 31 33 35 40 44 53 54 
57 66 77 87 91 106 119 130 183 185 200 
23
3 31 41 44 58 71 84 95 118 123 124 141 
147 150 155 156 157 158 168 169 179 191 193 
21
4 28 49 53 63 64 65 66 68 79 88 93 
97 108 110 112 123 148 151 152 197 
25
4 11 21 27 30 31 49 54 60 64 67 70 
84 89 93 95 117 133 143 145 148 155 159 180 
191 
23
18 35 39 52 63 67 75 77 85 86 98 101 
112 123 129 149 157 163 164 166 170 181 196 
25
13 22 32 37 46 49 54 65 70 88 135 141 
144 145 160 165 174 178 179 185 186 187 188 191 
194 
24
4 17 40 45 61 68 75 77 80 81 87 99 
113 117 121 124 140 144 154 158 160 162 169 171 
20
5 13 24 30 55 65 66 72 92 99 123 129 
131 132 134 138 162 172 189 194 
16
6 9 26 29 31 39 57 64 82 106 142 158 
172 189 192 197 
17
3 5 10 16 27 32 37 41 72 78 81 98 
115 125 147 178 180 
19
18 26 27 31 50 104 106 119 122 132 140 154 
158 159 164 170 172 185 194 
22
12 29 37 39 67 78 85 99 102 116 125 142 
151 156 161 167 173 177 182 186 198 200 
20
10 13 15 18 21 50 60 62 96 109 131 139 
143 156 163 167 174 179 187 199 
24
12 17 31 38 42 57 70 76 86 99 107 112 
123 145 154 158 165 168 178 185 191 193 197 199 
13
5 23 46 54 82 91 92 103 124 125 156 163 
187 
14
4 13 20 35 48 84 93 122 152 156 158 181 
191 196 
19
31 77 101 102 105 127 136 137 146 155 169 171 
175 181 184 185 189 192 198 
7
74 95 107 135 149 162 181 
19
10 22 29 33 40 49 54 76 104 122 125 133 
147 159 168 175 176 177 178 
18
14 16 24 48 50 55 77 86 97 106 119 123 
131 137 152 163 189 195 
19
2 4 8 39 66 70 92 96 102 107 108 113 
149 150 151 160 161 176 196 
25
10 11 24 26 29 39 42 57 68 79 85 89 
95 102 131 142 148 160 161 162 169 178 182 185 
187 
19
6 24 32 54 55 78 80 84 96 102 104 106 
112 155 177 181 189 192 197 
21
25 31 32 41 43 49 60 64 65 66 83 86 
105 116 119 149 153 159 165 167 196 
22
15 18 30 45 50 59 61 72 76 98 143 145 
148 150 160 181 182 186 188 197 198 200 
21
8 12 14 23 28 45 55 76 85 87 102 107 
109 121 137 146 161 173 182 188 200 
19
10 14 18 32 60 63 78 84 86 95 97 99 
102 104 117 129 180 183 189 
20
1 6 34 35 40 73 76 96 101 110 111 119 
133 142 145 151 162 179 180 193 
17
5 31 35 36 45 61 64 67 72 79 103 115 
119 164 166 174 195 
19
12 18 25 32 33 39 62 71 77 88 110 121 
139 144 149 151 163 166 184 
14
45 67 68 74 79 122 127 140 141 144 156 169 
173 197 
17
12 56 59 64 93 96 100 101 106 113 120 123 
138 164 173 181 191 
30
10 18 25 26 34 42 45 48 57 64 71 72 
73 88 100 106 111 119 131 132 146 161 163 165 
166 168 189 194 197 198 
19
4 18 37 61 67 72 82 111 120 129 131 143 
147 151 156 165 179 181 199 
23
3 28 39 42 44 52 57 76 79 82 93 95 
99 123 124 133 138 142 145 146 172 183 194 
21
3 11 18 20 26 50 60 61 82 107 128 138 
143 149 155 156 157 164 166 182 194 
25
1 2 7 57 58 85 91 94 96 98 99 105 
118 120 125 145 153 154 156 159 161 165 167 179 
187 
24
2 6 25 44 62 64 65 68 74 81 84 93 
97 108 114 118 119 123 136 160 164 171 179 200 
20
16 19 25 30 42 44 60 64 81 95 111 127 
135 170 173 174 175 181 183 193 
21
17 21 22 30 31 56 69 73 83 87 101 111 
133 143 144 155 156 172 176 179 198 
28
2 24 25 45 47 52 56 65 68 71 77 105 
107 114 128 136 137 148 149 158 163 165 176 178 
190 191 196 199 
20
4 35 39 52 58 61 69 75 81 89 93 95 
105 108 109 112 117 137 164 192 
17
8 12 16 18 22 58 107 109 117 140 141 146 
156 180 185 189 197 
16
4 10 13 49 69 86 104 128 139 153 161 167 
170 188 191 200 
25
6 15 19 20 36 40 43 57 73 74 106 108 
116 127 138 144 149 155 157 161 169 170 178 189 
195 
14
32 39 51 64 96 103 104 105 110 114 116 165 
172 175 
19
27 31 36 39 40 47 48 64 87 95 115 118 
120 135 159 160 161 177 178 
18
13 31 57 72 93 97 100 101 118 133 136 137 
142 157 170 171 182 183 
20
24 29 36 43 48 49 92 110 116 121 122 125 
126 139 150 151 152 161 180 189 
24
1 5 6 22 29 41 73 92 101 103 112 121 
133 136 139 155 158 170 175 183 187 191 197 200 
16
36 41 45 76 90 107 131 141 144 165 169 171 
184 186 197 199 
23
8 31 39 55 68 74 92 105 112 113 121 124 
150 154 159 167 169 174 178 179 180 189 192 
18
5 13 27 38 39 51 57 58 61 83 86 117 
122 143 151 168 177 183 
11
13 33 48 60 63 82 93 147 156 161 194 
16
2 31 33 43 57 68 79 87 92 102 114 118 
145 156 162 183 
15
21 46 59 68 99 106 107 119 123 161 167 169 
182 184 198 
12
26 41 47 50 56 83 85 101 107 110 137 142 
17
21 51 63 71 95 98 109 140 144 157 160 161 
163 164 180 184 197 
28
3 23 26 31 37 39 42 49 50 64 72 80 
90 91 100 110 132 140 144 145 149 158 159 160 
170 179 187 193 
23
6 13 22 38 41 45 49 54 65 68 77 79 
87 97 99 120 148 156 166 167 169 187 192 
19
8 12 16 44 53 59 67 73 75 78 107 120 
139 154 163 170 176 187 189 
21
23 29 32 60 62 63 92 97 105 113 152 160 
163 175 177 179 180 189 191 196 198 
17
7 14 23 67 85 90 101 105 108 112 152 161 
162 174 180 183 193 
20
2 11 13 16 23 24 29 55 61 67 70 75 
78 88 107 109 128 130 171 199 
25
4 15 28 47 50 63 64 69 75 77 97 102 
106 111 127 163 164 170 174 182 184 191 192 196 
199 
13
39 44 46 53 92 98 109 112 118 155 157 179 
199 
15
10 13 29 40 70 73 87 112 117 130 138 143 
166 198 199 
24
16 18 19 21 31 38 64 81 90 97 104 108 
115 133 135 136 165 173 174 178 183 187 188 200 
13
25 55 61 68 69 104 120 121 122 136 147 152 
178 
24
10 14 22 26 32 36 38 53 54 58 61 65 
71 72 83 89 98 114 117 135 149 184 193 198 
26
1 8 16 30 45 49 53 56 67 71 77 78 
92 93 94 95 99 103 117 125 129 140 158 173 
187 188 
33
12 17 23 34 37 39 41 47 48 57 60 72 
75 77 81 82 94 102 104 108 112 114 118 123 
129 133 136 155 159 163 165 167 193 
24
3 13 23 27 43 47 64 74 75 86 90 104 
112 116 124 133 136 141 152 166 177 183 185 199 
18
12 13 22 27 30 84 88 97 108 121 131 132 
164 167 188 189 194 196 
17
9 20 21 23 39 40 64 66 88 96 116 124 
160 175 179 183 187 
23
13 18 19 24 30 32 35 45 49 53 57 60 
66 90 114 123 137 144 145 148 174 177 186 
24
8 10 15 17 24 29 43 59 62 70 100 104 
108 113 118 119 126 154 170 171 176 190 194 200 
18
9 10 27 44 64 73 74 79 121 130 133 143 
150 165 172 176 178 188 
19
14 38 44 53 78 100 117 121 126 129 137 140 
148 152 153 186 187 191 194 
22
3 5 6 7 16 29 33 52 63 67 71 85 
86 89 99 108 114 155 156 177 185 198 
23
1 16 19 22 55 69 101 102 110 112 123 148 
151 154 156 164 166 169 177 193 194 196 200 
17
4 5 32 40 42 58 119 122 125 128 130 135 
138 139 150 154 188 
18
3 8 20 40 44 90 103 105 107 113 118 129 
144 146 154 158 191 197 
20
5 9 29 33 45 81 90 92 93 101 108 113 
118 131 140 144 154 185 188 197 
22
6 10 11 27 43 49 59 68 70 93 108 109 
129 138 145 147 149 150 169 170 175 178 
21
2 3 21 31 34 37 47 94 99 116 132 136 
142 152 157 169 170 174 176 199 200 
22
27 28 35 45 56 58 60 64 67 98 109 112 
116 117 118 127 144 160 162 170 176 190 
31
10 12 15 17 18 25 32 35 39 62 63 65 
73 104 106 113 117 122 123 126 132 143 156 157 
158 164 173 176 184 192 193 
16
1 38 68 76 77 93 100 103 105 113 125 151 
175 187 188 190 
20
20 30 34 39 43 44 54 63 69 72 114 126 
135 136 153 158 167 178 181 188 
20
2 6 9 10 15 28 33 76 104 109 136 137 
139 145 147 150 158 167 172 198 
18
1 17 31 34 58 68 80 90 105 117 126 139 
149 157 172 178 185 192 
18
22 42 51 56 76 91 97 108 117 155 167 170 
179 181 183 196 197 200 
24
13 15 37 48 49 60 65 75 85 86 91 107 
112 113 123 139 150 151 157 171 172 173 186 198 
18
1 19 26 30 33 54 82 84 102 111 113 122 
123 144 149 152 171 178 
22
2 26 45 47 48 58 63 72 86 92 99 101 
109 110 119 133 135 140 144 157 165 200 
17
4 5 14 29 34 40 56 79 98 99 130 133 
150 160 165 168 169 
19
5 13 24 25 34 40 45 71 73 76 79 81 
99 103 107 119 139 142 158 
20
1 9 20 25 27 30 33 57 79 105 106 111 
117 125 130 131 147 155 162 171 
19
7 17 29 39 40 48 75 78 84 85 90 123 
127 160 167 168 177 182 191 
26
31 32 53 58 59 61 70 78 81 88 95 104 
112 117 122 124 134 140 141 147 150 155 160 161 
162 192 
17
18 21 22 59 61 72 99 121 130 134 158 165 
168 170 173 176 200 
17
8 14 20 46 72 78 107 132 134 153 156 164 
165 168 188 189 200 
16
16 23 40 41 71 88 100 124 133 136 145 151 
153 160 175 190 
17
5 6 10 21 28 35 55 58 65 70 100 113 
114 121 137 153 166 
23
2 24 26 30 50 65 66 69 76 81 88 91 
96 122 123 125 138 151 152 168 175 181 187 
23
1 2 9 13 42 43 53 74 79 93 115 119 
124 131 142 147 156 165 184 187 196 198 200 
30
1 14 16 22 36 41 42 45 48 66 73 88 
92 109 110 115 119 127 128 132 140 147 149 153 
164 171 176 179 180 199 
16
8 24 33 64 68 90 91 92 103 107 134 142 
154 159 194 199 
17
3 20 21 25 71 84 109 116 121 130 138 162 
169 182 192 193 196 
13
12 51 63 64 82 94 105 107 108 131 143 170 
173 
18
1 3 4 23 31 44 78 83 92 103 111 121 
134 146 158 166 177 181 
21
1 7 10 11 26 31 35 46 57 63 71 77 
83 93 96 114 146 149 152 188 199 
20
27 32 33 37 49 71 84 114 118 126 130 143 
148 160 165 171 192 193 198 199 
23
6 21 25 29 33 35 47 50 95 98 100 114 
118 124 127 151 154 165 175 176 179 183 197 
11
68 81 104 109 116 135 143 153 176 181 192 
22
3 7 13 19 22 32 60 62 63 69 87 89 
96 108 128 136 143 145 146 147 164 187 
20
3 21 26 27 44 49 54 56 60 79 80 107 
117 121 131 133 136 144 154 181 
25
9 14 25 29 41 44 45 55 57 58 65 76 
77 95 96 107 129 141 161 167 172 186 190 196 
199 
23
26 38 40 41 47 53 65 69 72 96 99 122 
128 133 138 144 148 158 166 192 196 198 200 
18
1 13 28 34 40 49 59 63 68 82 89 91 
97 110 123 126 150 189 
17
6 16 26 28 41 64 71 72 74 87 96 116 
126 174 186 188 199 
26
20 30 48 51 58 59 62 64 68 76 85 92 
99 111 125 129 134 138 140 156 160 166 167 187 
196 197 
14
22 30 52 56 61 63 78 98 120 134 136 141 
143 187 
16
13 14 21 34 41 50 77 78 96 104 150 159 
168 170 190 196 
13
1 17 24 33 71 72 76 83 104 125 137 146 
164 
24
11 28 46 47 48 62 65 84 87 102 103 104 
112 117 133 135 141 142 146 150 157 172 187 190 
18
50 61 87 88 111 121 122 126 128 138 139 148 
159 162 168 185 197 198 
19
8 18 24 29 34 42 69 77 86 95 113 118 
128 141 155 161 166 176 190 
23
1 9 16 24 36 38 52 67 77 78 92 96 
105 118 135 138 146 173 175 181 187 195 198 
15
17 20 23 58 63 70 71 78 83 85 109 119 
129 160 163 
20
12 13 16 30 34 39 44 52 79 81 93 155 
157 170 172 174 183 190 194 195 
17
7 23 28 30 40 49 50 53 78 85 95 138 
144 156 185 192 198 
29
2 6 18 27 31 32 39 42 43 45 54 81 
83 93 102 114 122 138 142 147 154 157 163 168 
177 178 191 192 193 
18
2 6 12 45 46 70 82 108 112 120 130 131 
137 146 172 175 178 198 
12
7 19 22 38 78 111 113 116 126 171 172 193 
23
12 15 17 21 24 26 34 42 47 51 53 54 
79 83 93 101 103 115 124 143 146 150 174 
26
9 25 27 28 38 41 44 45 57 61 69 72 
79 91 100 101 107 112 125 138 144 168 178 191 
192 196 
20
3 9 33 40 67 69 75 84 87 100 108 112 
142 143 147 150 173 180 196 197 
20
16 18 23 27 29 30 60 67 68 71 73 81 
84 134 142 144 145 146 150 167 
16
20 30 54 55 59 60 105 124 151 163 173 175 
181 182 184 196 
17
14 38 60 62 74 85 90 93 116 125 128 135 
136 139 145 162 165 
13
14 23 24 59 70 85 88 108 140 148 151 162 
172 
27
27 36 38 47 51 53 59 69 73 74 76 77 
79 89 98 100 109 110 121 136 142 147 157 170 
173 186 190 
20
28 44 66 71 72 77 87 90 96 100 116 131 
135 142 151 153 154 166 183 197 
18
7 9 36 37 50 62 71 75 83 102 109 120 
127 133 145 151 180 190 
15
2 41 65 68 75 85 118 128 141 162 164 178 
183 184 186 
23
4 22 32 37 39 53 56 58 59 76 86 103 
108 115 130 132 133 149 153 161 162 177 183 
22
1 2 3 8 17 22 31 35 46 50 63 81 
94 104 108 111 112 114 144 156 184 199 
22
1 4 5 15 16 29 33 34 35 37 70 76 
86 88 98 105 106 134 142 150 172 181 
17
7 10 17 22 24 42 43 62 78 84 85 97 
114 127 133 186 196 
21
25 30 31 45 49 51 64 72 92 95 125 161 
163 166 173 174 175 184 190 191 197 
19
2 9 19 23 31 34 36 39 61 75 85 94 
99 129 135 162 164 165 179 
22
18 44 52 59 60 62 64 65 78 90 96 107 
121 123 127 131 139 155 167 176 178 197 
24
2 5 10 12 43 53 79 80 89 91 96 109 
111 118 133 136 141 143 147 157 162 169 174 184 
21
10 12 18 24 30 31 34 35 41 49 60 71 
77 80 82 84 87 106 156 158 172 
30
5 18 19 22 23 45 49 52 59 74 83 90 
95 96 113 114 117 119 131 142 151 154 162 163 
171 173 176 190 191 200 
16
6 28 50 54 83 84 102 116 120 136 138 166 
168 180 195 196 
23
1 15 20 28 42 50 60 74 77 83 98 100 
114 130 131 157 167 170 177 181 182 186 188 
16
4 5 31 32 39 69 89 102 114 136 138 139 
145 147 151 163 
19
21 26 27 37 43 44 55 66 70 78 89 91 
96 105 126 134 149 153 169 
24
3 9 18 24 27 42 45 52 53 92 104 107 
109 110 121 131 139 144 146 174 177 180 197 199 
21
14 16 21 30 37 67 68 69 77 84 89 100 
112 119 127 153 164 181 183 189 194 
24
7 9 11 15 17 20 38 52 61 69 85 100 
108 120 122 126 127 130 142 144 147 160 169 184 
9
22 61 74 102 141 162 169 180 192 
19
1 19 36 41 50 52 53 71 74 81 87 97 
109 157 183 185 192 193 199 
15
6 19 37 42 64 74 86 98 113 115 143 146 
156 177 194 
23
15 28 31 32 63 68 87 95 97 104 107 113 
115 117 119 130 141 143 150 157 165 189 191 
27
1 16 23 24 32 33 34 50 60 65 78 82 
83 98 116 133 135 136 142 143 152 168 175 183 
184 186 194 
20
5 7 26 32 34 39 44 53 57 73 80 91 
97 114 139 141 149 172 192 200 
15
1 4 5 30 39 57 61 99 124 139 164 171 
184 193 195 
18
5 8 25 32 45 58 62 75 80 88 127 148 
157 173 181 187 192 194 
19
15 25 55 60 68 87 97 103 104 106 108 115 
132 139 153 158 164 168 188 
20
5 23 24 42 52 73 92 103 106 110 113 115 
129 131 134 162 180 185 187 199 
17
11 21 30 41 48 58 76 77 93 96 156 162 
167 187 191 192 194 
17
26 42 47 56 64 68 76 81 83 95 106 133 
154 156 160 163 184 
23
14 16 26 30 33 48 56 59 60 63 67 77 
79 123 126 128 154 156 165 176 179 187 193 
20
3 4 12 15 32 53 58 62 78 82 85 95 
102 107 109 148 150 151 174 183 
24
25 26 37 42 44 46 52 57 63 72 81 86 
91 93 108 110 113 114 115 125 144 164 177 185 
19
2 13 19 34 42 70 78 83 88 96 97 107 
109 121 127 136 153 166 199 
22
25 37 38 44 45 51 55 60 77 79 96 102 
127 128 130 132 145 157 168 177 178 199 
17
44 54 69 85 91 104 113 116 127 136 137 142 
144 155 160 165 179 
17
1 15 18 30 44 56 58 67 80 109 117 129 
158 182 186 188 194 
23
9 10 15 25 32 35 40 47 52 56 69 76 
78 80 81 91 119 149 168 173 190 193 200 
19
5 44 46 51 61 70 77 80 85 93 94 96 
106 109 116 154 160 174 190 
23
10 12 25 33 36 51 55 58 64 72 96 127 
137 158 165 171 177 178 184 188 189 190 193 
27
3 5 9 21 25 35 58 68 77 93 94 102 
115 127 129 130 144 160 161 164 172 178 179 181 
186 196 198 
22
4 11 34 39 46 48 51 57 59 70 98 107 
135 151 159 162 164 167 168 173 174 181 
19
13 20 24 33 37 43 45 50 52 55 65 71 
72 122 153 165 170 182 184 
24
51 57 60 75 81 82 84 104 107 111 114 117 
121 125 135 143 144 152 170 174 178 189 193 195 
23
34 38 45 51 57 59 67 74 85 88 100 109 
116 126 128 130 139 141 163 168 185 192 193 
17
9 23 38 39 52 60 80 92 97 99 122 125 
157 163 167 192 193 
26
2 12 24 30 36 40 52 66 68 87 97 112 
123 132 133 134 142 143 163 166 172 176 181 183 
190 191 
16
7 14 17 37 50 53 68 82 98 107 117 133 
137 159 160 188 
15
30 34 90 93 97 107 108 133 152 160 167 171 
172 190 195 
21
7 25 27 45 52 62 69 71 84 90 93 94 
96 102 107 113 116 126 142 175 182 
20
5 17 25 26 27 28 31 42 58 79 92 103 
108 124 129 139 180 182 183 198 
24
15 17 53 57 67 68 74 80 82 93 120 128 
136 138 145 147 154 160 161 166 167 188 189 200 
24
4 20 23 30 34 36 42 62 65 87 88 91 
113 114 115 116 122 131 139 150 154 168 191 196 
