100 200
1 1 1 1 1 1 1 1 1 1 1 1 
1 1 1 1 1 1 1 1 1 1 1 1 
1 1 1 1 1 1 1 1 1 1 1 1 
1 1 1 1 1 1 1 1 1 1 1 1 
1 1 1 1 1 1 1 1 1 1 1 1 
1 1 1 1 1 1 1 1 1 1 1 1 
1 1 1 1 1 1 1 1 1 1 1 1 
1 1 1 1 1 1 1 1 1 1 1 1 
1 1 1 1 1 1 1 1 1 1 1 1 
1 1 1 1 1 1 1 1 1 1 1 1 
1 1 1 1 1 1 1 1 1 1 1 1 
1 1 1 1 1 1 1 1 1 1 1 1 
1 1 1 1 1 1 1 1 1 1 1 1 
1 1 1 1 1 1 1 1 1 1 1 1 
1 1 1 1 1 1 1 1 1 1 1 1 
1 1 1 1 1 1 1 1 1 1 1 1 
1 1 1 1 1 1 1 1 
57
1 2 9 10 12 14 15 19 29 30 31 35 
42 43 46 50 53 54 62 64 78 80 81 83 
91 93 94 100 103 106 108 110 114 115 117 118 
121 123 126 129 131 132 133 140 141 143 145 151 
156 159 161 178 182 185 190 193 199 
71
2 3 4 5 12 15 16 22 23 24 27 30 
31 40 41 43 44 46 52 53 54 59 60 63 
64 67 75 77 78 80 82 87 93 96 98 101 
102 105 110 111 112 114 115 119 120 124 125 126 
136 137 138 140 141 144 151 156 163 167 168 171 
173 174 175 177 180 181 182 183 186 188 194 
64
1 2 6 10 20 27 28 38 39 40 43 45 
50 54 59 60 61 69 70 74 76 80 81 84 
87 94 95 98 100 101 102 104 109 114 118 121 
122 123 125 126 138 141 144 146 151 152 153 154 
155 157 159 162 164 169 170 171 173 174 175 177 
178 180 181 190 
63
2 10 12 16 18 20 24 25 28 29 30 31 
32 39 45 57 58 59 62 66 67 77 85 89 
98 100 103 104 113 116 117 118 123 125 127 130 
133 134 139 141 148 150 153 154 158 162 163 164 
165 170 171 173 174 177 178 181 184 187 188 190 
195 199 200 
70
1 3 5 9 13 17 23 27 29 34 38 39 
41 42 43 46 47 48 49 52 57 61 64 67 
71 72 74 76 77 82 89 91 92 95 97 98 
99 102 107 109 110 119 128 131 135 138 140 144 
146 147 149 150 152 153 155 158 161 163 165 167 
172 177 179 186 191 193 196 197 198 199 
62
2 4 5 7 17 18 21 24 27 34 35 38 
39 45 46 49 52 53 59 66 68 75 78 80 
85 94 95 97 98 100 101 104 109 114 115 117 
119 120 125 129 131 133 134 135 136 139 147 157 
158 165 168 169 172 173 185 187 188 190 191 192 
194 195 
63
8 10 13 22 23 25 40 41 44 47 50 52 
53 58 60 64 66 68 71 72 73 76 78 79 
80 83 90 91 92 95 96 111 113 115 116 118 
122 123 124 126 134 147 148 149 153 154 156 157 
161 162 165 171 172 173 174 175 176 178 181 182 
194 195 196 
62
3 11 12 14 15 24 28 30 31 33 34 37 
46 54 58 59 60 61 63 72 75 76 84 88 
90 91 95 104 106 114 115 117 119 120 125 126 
127 128 130 131 134 135 139 150 153 154 156 157 
164 165 167 168 169 170 173 180 181 187 188 191 
193 199 
60
3 5 7 14 17 21 24 26 28 31 34 39 
40 42 47 48 55 58 62 67 71 77 80 81 
89 91 92 96 97 99 102 103 104 105 107 117 
120 122 123 124 126 131 135 140 143 145 146 151 
152 153 156 159 162 166 177 179 185 189 192 198 
69
4 5 8 9 12 13 14 15 18 21 25 27 
30 36 39 43 46 54 58 59 67 70 74 76 
77 84 85 88 90 91 93 94 95 96 101 102 
106 117 118 119 122 125 126 127 130 131 132 133 
134 135 138 140 141 147 149 150 154 155 159 164 
171 172 174 175 187 189 192 195 199 
48
5 8 9 13 14 23 29 39 42 45 46 49 
51 53 55 56 57 58 60 62 72 73 78 82 
88 91 92 97 100 101 112 118 121 124 130 131 
136 146 151 156 159 168 180 181 183 191 195 199 
55
2 8 10 12 13 18 25 29 34 35 42 59 
60 61 62 65 66 68 69 79 82 89 94 104 
106 110 111 112 118 124 125 127 128 130 133 135 
137 140 141 151 152 155 156 158 159 160 165 179 
181 185 186 193 194 197 199 
54
1 2 5 7 10 18 19 27 29 30 32 34 
43 47 48 50 51 54 61 62 77 79 80 86 
95 97 108 112 114 117 118 121 125 127 129 145 
151 159 167 168 174 175 178 179 180 181 182 186 
187 189 192 193 196 199 
57
5 7 10 12 21 23 24 31 39 41 45 48 
50 60 67 70 75 79 80 81 87 90 93 96 
101 104 105 107 110 111 114 117 118 120 121 123 
125 129 131 132 133 135 137 140 146 157 160 168 
173 175 177 181 182 185 195 198 199 
60
4 6 10 15 16 20 23 24 26 28 29 30 
31 32 34 37 39 41 42 43 50 51 52 56 
63 66 67 68 71 75 80 85 91 92 101 103 
109 114 116 117 120 123 124 127 128 131 138 145 
146 147 161 170 171 180 181 185 186 188 195 197 
63
6 7 11 16 18 28 29 30 36 39 42 43 
44 48 49 55 56 59 60 65 66 72 80 82 
83 84 89 101 108 109 113 119 123 126 131 135 
137 139 140 141 145 147 155 156 157 158 159 162 
163 164 167 169 171 172 174 180 183 186 190 191 
197 199 200 
62
5 6 9 11 15 18 23 24 25 34 39 42 
45 48 52 53 58 59 62 64 65 68 71 73 
77 88 89 90 92 97 100 101 104 106 107 114 
125 128 129 130 133 136 142 144 147 148 150 152 
153 156 158 160 163 171 174 176 183 185 195 198 
199 200 
69
1 5 7 11 12 13 14 17 22 23 27 31 
40 41 42 46 48 49 52 57 58 62 63 68 
70 75 77 78 85 91 95 96 99 102 104 105 
112 119 122 123 124 127 132 133 135 137 145 152 
153 155 158 159 164 166 168 171 173 180 182 183 
185 187 188 191 192 193 195 197 200 
55
2 3 6 12 16 18 20 26 32 34 38 44 
46 47 48 53 55 57 59 60 64 72 73 79 
82 84 88 90 93 102 103 106 112 113 115 116 
125 133 135 136 140 149 151 155 158 159 160 169 
170 177 180 182 186 190 191 
65
9 11 13 16 18 28 31 32 35 37 41 47 
56 58 59 62 66 69 70 72 74 75 76 80 
82 84 85 87 96 103 104 108 109 111 112 114 
117 118 119 121 123 124 127 136 142 143 144 147 
148 149 152 153 155 156 158 161 164 166 168 174 
178 186 190 191 198 
61
5 6 14 15 17 20 21 22 27 29 30 31 
35 36 43 52 53 58 59 61 63 66 69 73 
84 85 88 89 92 102 103 104 105 107 112 115 
117 120 128 129 130 131 133 136 141 148 152 171 
172 174 176 183 187 188 189 190 192 193 196 198 
199 
56
2 8 13 14 17 19 24 27 31 39 41 44 
47 51 55 58 59 61 63 64 68 72 73 79 
81 86 88 98 100 103 109 110 111 118 123 126 
132 137 138 145 146 149 158 165 167 175 176 182 
184 187 188 189 191 192 199 200 
57
2 4 5 8 9 10 12 14 17 19 26 27 
28 31 41 47 48 49 52 59 62 75 76 77 
79 81 84 89 91 92 95 97 98 102 109 111 
114 115 117 120 125 127 128 133 146 147 149 150 
155 158 160 166 180 184 191 198 200 
63
5 6 7 10 13 14 23 27 30 31 35 38 
42 43 46 48 52 53 54 58 63 64 72 73 
80 88 91 92 94 95 96 99 104 105 110 115 
116 122 123 134 139 141 153 156 159 160 161 163 
165 167 168 170 173 175 179 183 186 190 191 193 
198 199 200 
58
8 12 19 21 22 24 25 36 38 43 51 52 
53 55 57 58 63 67 68 69 71 72 74 76 
78 82 85 90 93 98 99 103 105 109 111 117 
125 128 129 134 138 140 147 150 151 153 162 164 
171 172 174 177 178 181 184 191 193 199 
63
1 2 5 9 11 12 14 16 17 19 22 24 
26 28 29 33 41 42 43 48 50 55 56 58 
59 60 65 74 75 80 81 84 89 99 101 112 
113 117 119 132 136 137 144 145 149 155 160 164 
167 168 169 170 173 175 176 185 188 189 191 192 
194 195 199 
60
3 5 7 16 17 18 21 22 26 28 31 32 
35 36 38 39 42 46 57 58 63 64 74 77 
79 86 90 91 92 94 99 106 108 109 114 118 
120 127 135 138 139 143 148 149 150 157 161 165 
166 168 172 174 178 182 187 190 192 193 194 200 
65
2 10 12 18 19 21 23 26 28 31 34 36 
38 40 42 45 49 50 54 55 56 60 65 70 
71 73 74 77 82 84 87 89 92 93 95 101 
104 105 112 113 114 120 122 124 126 129 131 134 
136 137 145 153 157 163 173 174 176 180 182 183 
190 191 192 199 200 
64
2 6 11 12 13 16 18 19 22 23 27 28 
29 30 34 38 40 41 45 47 49 50 53 56 
60 61 65 70 74 75 76 79 87 89 94 95 
97 100 102 109 110 111 113 118 120 121 132 133 
142 146 147 150 151 163 164 168 172 173 180 181 
182 187 194 198 
62
1 3 4 5 6 7 11 12 17 18 19 21 
23 27 29 30 31 33 48 49 50 52 58 60 
65 68 75 76 77 78 79 82 83 94 95 111 
117 120 126 128 130 131 133 137 140 156 159 161 
162 163 166 171 173 174 175 181 187 194 195 197 
199 200 
61
2 3 5 6 7 8 9 12 15 19 20 21 
28 29 31 35 39 40 43 44 46 49 53 55 
57 58 62 63 70 72 81 89 90 91 95 96 
99 103 105 106 107 112 115 119 120 123 126 129 
135 138 139 144 147 153 155 160 162 168 182 187 
194 
61
1 3 14 24 28 32 37 38 39 42 47 48 
50 51 52 53 54 55 56 57 58 61 62 64 
67 74 81 82 83 88 96 101 102 103 106 119 
121 123 126 130 131 136 137 138 147 148 153 156 
161 165 169 170 171 175 179 182 183 185 189 190 
195 
61
2 3 4 10 12 22 23 26 32 35 36 41 
42 48 54 57 60 68 71 72 74 75 84 94 
95 96 97 99 101 103 115 116 120 125 126 127 
128 131 132 134 137 140 142 144 145 151 156 159 
166 167 168 173 175 177 183 184 188 193 194 197 
198 
57
4 5 6 7 8 14 17 20 21 24 34 35 
53 55 57 58 60 63 64 68 74 75 76 80 
87 90 91 92 93 96 104 105 107 109 111 114 
117 118 120 128 133 136 141 143 153 159 160 162 
164 173 174 178 183 186 187 190 197 
67
1 5 10 13 15 16 21 23 28 35 36 37 
38 39 49 50 51 53 58 61 63 66 67 69 
72 73 74 78 79 82 84 85 87 93 94 95 
98 99 100 105 109 119 120 121 123 126 127 129 
130 134 142 144 148 152 159 163 167 170 179 181 
182 186 189 193 197 198 200 
61
5 9 10 11 13 15 20 22 25 39 41 42 
43 49 55 57 60 71 79 81 85 87 88 89 
92 96 97 100 104 107 108 109 110 112 117 120 
126 127 129 130 133 137 140 141 143 145 151 158 
159 165 168 169 172 176 181 187 188 189 190 195 
198 
58
2 4 8 10 14 21 24 30 37 41 45 51 
57 62 69 70 71 72 74 75 79 84 89 91 
94 97 100 101 103 111 124 126 129 134 137 146 
148 150 154 157 160 161 165 166 168 171 175 176 
177 178 180 181 182 183 190 191 192 196 
64
5 11 13 17 18 19 20 28 34 38 40 41 
46 53 57 61 69 70 72 74 78 79 83 84 
86 90 95 99 104 108 110 116 118 120 121 126 
127 128 129 130 131 133 135 139 147 151 152 153 
154 157 158 168 169 174 175 177 181 183 185 190 
191 192 194 195 
64
2 3 8 9 10 13 18 21 26 28 32 38 
41 42 48 57 65 66 67 69 70 71 76 77 
79 80 81 90 94 95 97 98 105 110 123 124 
125 126 127 132 139 141 147 150 151 152 154 156 
160 162 163 165 167 174 177 178 180 181 184 185 
189 197 198 199 
61
1 3 4 5 9 13 16 18 26 29 33 34 
35 38 40 43 46 50 51 53 56 57 58 62 
63 67 71 82 91 93 96 98 102 104 106 112 
116 117 120 124 125 129 132 133 135 139 142 144 
145 150 156 158 163 171 175 185 187 190 194 198 
199 
76
1 2 4 5 6 8 10 12 14 19 23 28 
32 33 35 39 43 45 46 53 54 56 60 61 
64 67 74 75 78 82 91 93 94 95 96 99 
100 106 109 110 111 118 119 121 123 124 125 132 
135 139 145 146 147 148 149 150 151 154 155 156 
157 158 164 167 171 180 184 185 187 191 192 193 
195 197 198 200 
54
11 14 17 18 20 21 22 25 26 38 41 42 
51 57 61 69 70 72 73 79 89 93 95 98 
100 101 108 110 111 116 118 120 125 126 128 129 
134 136 140 144 153 157 158 159 164 168 178 182 
184 185 192 193 194 200 
60
6 12 15 16 19 21 23 26 29 33 38 43 
46 49 50 57 61 63 64 65 68 69 70 71 
76 78 82 83 87 89 90 96 100 101 105 107 
109 118 124 126 127 132 136 145 146 148 161 162 
163 165 167 169 176 184 185 193 194 195 197 198 
68
2 5 6 7 8 12 13 16 20 21 22 27 
29 32 38 40 44 46 47 49 51 66 68 70 
73 76 78 84 85 86 87 88 89 90 96 98 
101 103 106 116 117 120 122 123 129 131 134 135 
137 138 141 146 153 155 157 158 163 164 170 178 
186 189 190 192 193 194 198 200 
52
4 7 14 20 25 26 27 28 29 36 39 41 
46 48 50 54 56 60 69 70 85 89 90 93 
97 98 100 101 106 109 111 116 117 119 123 129 
132 135 141 142 147 168 169 171 173 179 182 191 
196 197 199 200 
60
1 13 14 21 22 23 24 30 32 36 39 46 
47 51 58 65 66 67 68 70 72 73 76 82 
87 88 93 94 96 100 101 110 111 112 114 120 
123 130 131 132 141 143 145 146 147 151 152 156 
157 165 166 173 174 176 183 186 189 191 196 200 
64
1 3 6 8 10 11 12 14 21 29 32 33 
42 43 45 48 53 54 55 59 60 61 63 65 
67 71 74 75 80 83 85 88 89 91 96 98 
100 102 106 108 109 111 123 125 128 129 130 132 
138 141 143 146 150 151 153 157 173 182 185 187 
189 192 197 198 
61
3 17 20 21 23 32 34 36 42 43 45 46 
48 50 54 55 58 60 61 65 66 67 68 71 
74 76 77 79 80 81 83 85 94 108 113 114 
115 118 125 129 136 142 143 145 147 148 151 154 
155 156 164 167 173 175 177 181 184 186 187 199 
200 
55
17 22 24 25 32 38 41 42 48 52 55 56 
58 59 60 63 68 72 77 83 88 89 90 92 
95 99 100 108 113 114 116 117 119 121 128 130 
132 133 142 145 148 150 152 153 163 164 165 169 
170 171 176 186 189 191 193 
57
2 4 7 14 15 17 27 30 34 37 38 39 
40 45 49 54 60 63 67 68 74 76 79 83 
86 87 94 95 107 109 113 114 118 123 131 132 
141 142 144 151 153 155 157 158 163 164 170 174 
177 179 185 188 190 191 196 199 200 
67
2 4 5 11 12 14 19 21 22 31 33 36 
38 41 42 43 47 53 58 59 60 61 64 65 
66 68 71 74 75 76 78 80 81 82 87 88 
89 94 106 107 109 112 113 121 124 125 126 129 
132 134 135 137 138 141 147 152 153 155 168 170 
172 175 177 178 186 193 196 
53
1 7 11 15 17 20 21 24 30 39 40 41 
51 53 57 58 59 60 70 78 80 86 88 98 
99 102 105 109 110 113 115 116 126 127 128 129 
131 140 141 142 148 149 150 157 158 160 168 172 
174 178 182 185 187 
62
2 3 11 17 18 24 27 29 34 35 49 50 
52 53 57 58 62 63 76 77 80 82 83 85 
90 94 95 102 108 112 113 115 117 118 119 125 
126 127 128 133 142 152 153 154 157 160 161 162 
167 168 172 173 176 178 179 183 188 190 192 196 
197 198 
68
1 2 5 6 7 10 11 15 17 24 26 34 
40 41 47 50 51 53 54 56 57 58 60 62 
64 71 81 84 88 92 94 103 112 117 119 123 
125 127 129 130 131 132 135 141 143 146 149 150 
153 158 159 161 163 165 169 172 173 175 178 179 
180 182 183 192 194 195 198 199 
67
2 6 10 11 13 15 19 24 25 28 29 32 
33 34 35 42 44 45 46 52 58 60 63 66 
71 73 82 84 91 94 98 101 106 107 111 112 
116 117 127 128 129 131 133 137 139 147 148 149 
152 153 155 161 165 166 173 176 177 179 182 188 
190 193 194 195 196 199 200 
56
9 17 18 20 21 30 31 36 46 52 55 57 
60 63 64 66 75 76 81 85 86 94 105 107 
113 115 116 118 121 123 126 132 134 136 137 140 
145 149 150 157 162 163 168 170 173 175 176 177 
178 179 181 184 187 188 190 193 
61
3 4 6 7 10 12 13 17 18 27 31 32 
34 35 39 43 47 51 55 56 58 63 64 66 
69 72 73 74 77 78 91 99 104 115 118 119 
120 130 133 139 140 145 147 155 158 161 164 167 
169 171 173 178 179 180 187 189 190 193 196 197 
199 
62
3 4 6 7 13 17 20 23 31 33 35 36 
37 41 50 51 53 56 57 58 59 60 61 65 
66 77 78 86 88 102 103 108 119 121 124 126 
129 132 136 138 141 143 148 149 151 154 157 159 
164 167 168 169 172 177 182 185 186 189 190 193 
194 195 
63
3 8 10 13 15 18 22 23 24 25 26 36 
37 43 48 50 54 57 59 65 67 73 74 76 
78 79 85 87 90 91 95 97 98 103 106 110 
111 121 122 130 133 137 138 144 148 151 152 153 
156 157 158 166 168 170 176 179 186 188 190 192 
193 194 195 
60
9 11 12 14 17 24 26 27 31 34 35 37 
38 40 42 45 50 51 54 55 58 65 67 73 
79 81 83 93 95 96 97 103 107 108 110 113 
122 123 124 125 137 138 145 148 151 153 155 160 
161 163 164 166 167 168 171 180 186 189 194 196 
66
3 6 7 22 23 27 28 30 34 36 38 39 
40 44 48 51 53 54 60 64 65 68 78 85 
87 88 91 100 101 102 107 109 110 111 113 115 
123 124 127 128 129 134 136 142 143 145 151 152 
155 157 164 165 170 172 176 178 183 184 185 187 
188 190 191 192 195 197 
56
7 11 15 17 19 25 30 31 36 41 42 43 
46 47 48 50 52 54 56 62 63 71 73 74 
76 87 97 98 111 113 117 121 123 124 133 134 
141 143 154 156 161 162 164 167 168 170 172 177 
178 183 185 193 196 197 198 200 
57
1 3 4 5 7 8 11 12 14 16 18 20 
24 26 29 32 35 36 37 40 44 53 56 62 
64 65 68 73 79 84 85 90 93 94 95 96 
105 108 115 116 123 125 131 139 143 148 154 158 
162 167 168 169 179 181 182 186 193 
65
10 16 18 30 32 35 38 39 41 43 45 49 
54 59 63 68 69 70 71 73 74 78 79 80 
87 89 91 95 96 98 102 103 106 110 111 114 
115 116 118 119 127 128 129 132 135 137 145 160 
161 162 164 166 168 169 170 172 173 178 180 181 
186 187 188 192 195 
54
1 7 13 14 15 23 27 29 30 31 33 37 
38 42 43 44 49 50 52 57 58 59 60 74 
79 81 83 88 93 99 104 105 106 109 110 117 
119 122 128 133 134 137 138 146 151 153 154 156 
160 176 177 181 189 190 
62
5 8 21 22 24 29 31 32 33 35 39 43 
49 53 60 63 64 65 71 74 75 76 80 81 
84 87 89 90 93 96 98 110 120 124 132 133 
134 137 139 140 141 142 144 148 154 155 156 158 
161 162 163 165 166 168 175 179 183 185 190 191 
195 196 
65
1 3 4 5 13 18 19 20 23 28 29 30 
37 40 45 46 48 52 55 57 59 63 71 76 
80 84 85 89 93 96 97 99 100 104 106 109 
114 123 124 129 130 133 135 139 146 149 154 156 
157 159 161 164 165 167 170 174 177 179 183 184 
189 192 193 197 200 
56
1 4 10 14 17 19 21 22 23 29 30 31 
33 39 40 48 52 57 59 66 67 69 70 79 
81 88 96 97 102 111 112 114 121 126 129 133 
135 137 141 144 145 150 157 159 170 171 174 176 
183 187 188 189 191 194 197 199 
62
5 13 17 21 28 31 34 37 45 47 49 50 
52 53 54 57 61 62 67 71 74 76 82 85 
86 89 94 95 97 98 100 102 103 104 105 107 
109 122 130 131 139 144 145 154 157 159 160 163 
169 174 175 176 178 183 186 187 188 191 196 197 
199 200 
56
1 2 7 11 13 16 22 28 29 30 32 36 
39 41 50 53 55 56 57 59 68 70 73 74 
78 83 87 91 94 96 101 107 119 120 121 125 
135 138 147 151 159 162 169 170 172 173 174 181 
182 183 188 189 192 193 196 197 
66
4 6 7 9 10 13 14 15 22 23 24 26 
30 32 33 40 43 44 46 47 48 49 50 53 
54 56 65 66 68 70 72 73 75 81 83 89 
91 92 93 102 117 118 121 124 130 134 135 155 
157 162 166 168 170 173 174 177 178 180 183 185 
186 187 189 190 192 196 
54
3 9 13 18 24 26 29 30 31 37 41 42 
43 54 56 58 60 61 62 64 65 69 73 78 
80 101 103 105 109 110 113 118 123 125 127 135 
137 139 140 143 150 154 160 163 164 166 176 177 
179 180 185 189 195 198 
62
1 10 11 16 17 18 22 26 32 33 35 39 
41 44 47 54 56 57 58 60 68 69 72 78 
79 83 90 91 92 95 97 98 105 111 113 114 
116 117 119 123 125 127 141 142 143 144 146 148 
149 155 158 159 161 163 169 175 181 182 192 193 
195 198 
61
2 3 7 13 14 23 25 27 28 30 31 32 
35 49 51 55 57 59 60 62 65 69 72 73 
75 77 82 83 85 88 95 97 101 103 106 107 
119 122 123 128 133 141 143 146 147 149 154 157 
162 164 167 168 169 174 178 182 184 188 189 192 
199 
51
8 20 24 25 30 32 34 36 37 41 42 47 
62 64 67 68 72 78 84 87 90 97 99 101 
114 115 117 118 120 121 125 126 128 130 131 133 
142 145 150 152 162 165 167 170 173 180 185 190 
195 196 197 
53
8 13 16 18 20 23 25 27 31 34 36 38 
39 40 42 44 49 55 62 67 70 72 73 74 
78 81 89 90 92 104 106 107 109 115 120 123 
129 131 139 142 145 146 147 148 150 153 158 160 
163 167 171 180 181 
59
6 9 16 18 33 34 41 44 46 52 56 60 
61 64 65 67 71 77 78 79 88 89 92 94 
95 99 101 103 106 107 108 112 113 122 123 125 
127 134 135 137 140 141 145 147 153 154 156 162 
164 171 174 175 176 183 184 194 197 198 199 
60
2 9 11 15 16 18 19 22 23 27 28 37 
38 42 47 58 64 66 67 72 75 78 80 92 
96 97 98 100 101 103 107 108 111 112 113 115 
116 117 122 123 125 127 130 140 148 161 162 163 
166 168 169 172 177 179 180 181 185 186 190 200 
58
3 8 14 18 19 20 24 29 35 37 43 45 
47 48 53 54 55 56 58 71 74 76 78 80 
83 88 95 99 102 111 117 118 119 126 129 130 
133 134 139 142 146 148 154 157 158 159 160 163 
165 166 177 178 185 189 191 193 196 198 
44
2 3 5 6 9 11 15 18 19 23 35 36 
38 41 53 56 68 77 80 86 89 93 96 97 
98 103 112 115 118 119 125 128 129 132 148 152 
153 156 159 171 186 188 189 199 
66
1 3 6 7 9 11 15 16 18 19 32 34 
35 37 38 40 45 49 50 52 54 61 62 66 
69 70 72 76 78 79 81 85 86 89 102 104 
105 106 107 109 113 114 119 122 123 124 125 132 
135 138 150 151 153 158 159 162 166 167 168 171 
176 183 187 190 191 193 
61
3 5 10 12 13 17 21 25 26 29 30 37 
38 48 49 52 54 55 57 64 65 71 72 77 
79 80 84 86 89 90 94 108 119 121 124 125 
131 132 135 137 138 144 145 146 149 154 158 163 
164 165 169 172 173 176 179 184 185 186 194 195 
196 
59
4 11 12 15 31 35 37 38 39 40 41 42 
44 51 52 55 58 62 65 66 69 70 72 76 
79 80 82 85 88 94 96 106 112 116 117 118 
121 124 130 133 135 138 144 147 152 156 157 159 
163 164 166 168 169 171 175 178 183 196 198 
58
3 9 15 18 21 22 24 27 32 33 37 40 
41 52 57 58 60 63 64 82 83 85 91 93 
95 98 99 103 107 110 116 118 119 121 122 127 
128 133 134 137 138 143 145 147 149 153 154 157 
162 164 165 168 171 182 193 194 197 200 
56
2 9 13 14 26 29 38 54 58 60 61 69 
70 71 72 77 79 81 82 87 88 93 96 99 
112 113 114 117 125 127 130 133 135 145 146 147 
148 149 150 152 153 154 155 156 162 166 173 175 
176 177 181 182 184 196 197 199 
59
4 6 20 23 24 25 26 29 32 34 46 52 
54 56 59 63 64 67 68 70 73 75 76 79 
80 83 84 101 104 106 109 112 117 121 124 125 
132 133 135 137 139 141 144 145 146 152 159 162 
165 168 172 173 177 180 181 186 193 198 200 
64
1 7 10 16 18 21 22 26 27 31 34 37 
39 45 46 53 61 64 70 73 75 76 77 84 
85 89 93 94 97 99 100 104 107 112 113 115 
116 121 124 125 129 131 133 135 137 139 140 143 
145 153 155 156 158 161 163 164 168 169 171 172 
176 178 181 183 
69
2 5 7 13 19 27 29 30 35 36 39 40 
47 48 49 51 56 57 58 62 76 79 82 83 
84 88 89 91 96 97 98 103 104 114 117 120 
121 122 123 124 129 130 132 134 137 139 144 145 
147 152 153 154 156 157 161 163 164 167 173 179 
181 183 186 187 189 191 194 196 200 
60
2 6 12 14 15 18 19 25 27 29 30 33 
36 38 40 42 46 48 49 51 53 54 55 61 
66 72 74 80 84 85 88 94 96 98 99 102 
105 107 109 114 116 117 120 122 125 132 134 136 
144 149 151 155 163 169 173 178 180 194 196 200 
50
2 3 6 17 20 26 34 38 39 45 46 52 
65 67 70 71 73 74 77 79 82 90 94 95 
98 100 102 107 112 113 115 116 119 121 123 125 
129 134 139 142 145 149 153 158 161 172 175 193 
195 198 
48
1 8 11 18 25 26 31 38 39 43 45 50 
61 63 72 78 79 80 91 95 96 102 105 115 
128 134 135 144 147 148 157 159 164 166 169 172 
175 176 180 181 185 186 191 193 196 198 199 200 
73
6 10 11 12 18 21 23 24 26 27 29 30 
36 37 39 47 52 53 54 55 56 58 60 64 
65 71 73 76 79 82 84 87 90 91 97 98 
99 102 104 110 113 114 117 118 119 121 130 131 
132 136 139 141 142 144 153 154 155 160 161 164 
167 170 171 174 175 177 178 179 181 186 188 196 
199 
65
2 9 19 23 24 27 28 34 39 41 43 47 
53 55 58 60 61 65 67 68 69 74 76 77 
81 83 86 88 91 92 93 94 98 101 102 104 
106 111 113 114 119 129 132 134 135 138 140 141 
146 148 151 153 159 164 166 168 170 173 175 176 
183 189 191 195 200 
60
14 15 18 19 21 22 23 24 26 29 33 38 
42 43 44 46 47 48 50 52 53 57 59 70 
71 80 87 96 102 110 111 117 120 121 124 129 
130 131 132 136 141 146 147 148 149 153 154 156 
161 163 165 167 169 173 176 181 182 184 189 199 
50
2 8 11 14 16 20 21 24 25 28 29 31 
38 40 41 46 47 49 55 63 70 71 72 77 
79 84 87 110 114 118 119 121 131 134 135 139 
140 149 156 165 167 171 173 175 186 187 190 191 
193 200 
60
1 8 9 11 12 22 33 35 39 46 48 55 
59 62 64 67 70 78 79 80 83 87 88 89 
94 102 103 105 107 108 110 115 116 125 127 129 
133 138 139 144 148 150 155 157 158 160 163 166 
170 172 176 177 180 185 186 189 193 194 197 198 
65
2 4 6 11 23 25 32 41 42 47 51 55 
56 57 58 60 63 65 76 80 81 84 91 92 
93 95 96 97 100 101 105 106 108 110 111 113 
118 123 124 128 130 133 135 138 139 149 152 156 
158 163 164 165 172 175 177 181 182 183 184 189 
192 193 194 196 197 
64
2 3 7 10 12 14 16 19 22 25 26 27 
39 51 52 54 58 63 72 74 82 83 88 90 
91 96 97 98 101 103 106 108 111 112 114 118 
119 125 131 132 133 134 135 137 138 140 145 152 
154 156 162 163 172 174 175 176 178 180 181 183 
186 188 193 200 
62
1 2 6 7 9 10 11 13 16 17 19 25 
31 33 37 38 41 49 50 54 59 60 63 67 
70 76 79 80 84 88 91 92 94 101 108 109 
113 118 119 121 122 127 132 133 136 142 144 147 
149 151 153 154 156 158 166 171 189 190 191 197 
199 200 
55
16 28 30 32 36 38 41 43 48 55 56 57 
59 60 62 66 70 72 73 79 85 87 91 92 
93 96 97 98 101 103 105 106 107 108 111 113 
117 127 136 144 146 147 149 153 155 158 168 169 
179 180 184 185 188 190 200 
