200 200
1 1 1 1 1 1 1 1 1 1 1 1 
1 1 1 1 1 1 1 1 1 1 1 1 
1 1 1 1 1 1 1 1 1 1 1 1 
1 1 1 1 1 1 1 1 1 1 1 1 
1 1 1 1 1 1 1 1 1 1 1 1 
1 1 1 1 1 1 1 1 1 1 1 1 
1 1 1 1 1 1 1 1 1 1 1 1 
1 1 1 1 1 1 1 1 1 1 1 1 
1 1 1 1 1 1 1 1 1 1 1 1 
1 1 1 1 1 1 1 1 1 1 1 1 
1 1 1 1 1 1 1 1 1 1 1 1 
1 1 1 1 1 1 1 1 1 1 1 1 
1 1 1 1 1 1 1 1 1 1 1 1 
1 1 1 1 1 1 1 1 1 1 1 1 
1 1 1 1 1 1 1 1 1 1 1 1 
1 1 1 1 1 1 1 1 1 1 1 1 
1 1 1 1 1 1 1 1 
17
25 34 37 45 49 70 98 99 113 123 132 146 
148 169 172 180 181 
16
3 8 50 57 65 77 90 96 112 127 139 153 
156 160 179 180 
10
25 58 62 80 104 133 149 151 158 160 
19
12 16 41 49 53 54 84 88 97 99 120 121 
123 140 151 169 171 173 184 
17
16 22 37 60 68 77 95 103 106 114 126 133 
140 164 185 192 196 
20
13 21 28 36 52 63 64 94 99 102 105 117 
119 122 128 134 167 168 170 193 
12
1 36 44 46 49 88 105 109 134 160 192 194 
16
14 16 20 21 22 25 56 79 84 100 102 109 
115 131 133 189 
16
2 8 13 17 20 23 30 33 55 64 90 113 
147 157 167 189 
18
3 9 13 44 45 49 58 62 63 73 80 88 
127 137 162 178 179 187 
18
7 14 21 29 30 35 39 51 58 62 71 74 
84 101 138 162 163 185 
16
63 64 69 70 76 87 88 99 110 126 140 150 
158 159 160 161 
18
16 25 36 52 58 60 84 89 91 121 125 128 
143 145 149 176 182 185 
18
6 8 16 36 63 103 105 106 108 112 118 119 
141 155 162 182 186 199 
25
16 19 28 47 49 65 71 73 78 92 96 107 
111 123 127 141 142 144 154 160 169 175 179 196 
197 
14
6 14 15 16 26 31 41 67 77 108 138 149 
151 188 
23
2 8 9 12 27 40 43 52 57 68 76 78 
79 84 90 91 98 100 104 141 177 179 185 
18
4 5 7 14 31 61 88 90 96 107 109 114 
152 162 165 169 175 178 
19
27 37 44 55 59 64 66 67 75 76 79 104 
111 130 138 141 146 162 185 
23
15 21 28 34 35 37 38 41 49 80 84 87 
106 108 112 117 124 125 156 177 179 182 191 
22
8 11 13 15 25 30 46 50 53 74 83 84 
111 119 120 145 148 172 184 189 193 194 
18
8 11 18 40 54 77 83 88 102 103 112 124 
137 140 150 164 165 182 
18
3 23 30 34 64 67 70 81 95 111 112 115 
121 122 133 175 193 196 
20
8 22 34 59 75 82 85 92 101 104 109 120 
121 125 126 129 144 148 178 180 
20
35 38 39 51 63 71 75 77 88 99 100 104 
124 143 152 170 178 182 187 190 
25
1 2 11 13 14 33 39 45 47 57 65 66 
79 83 95 134 142 146 149 153 157 169 177 181 
182 
13
26 39 43 49 66 73 89 94 104 118 120 143 
161 
19
4 7 10 13 31 44 61 62 63 70 75 79 
93 102 104 128 174 176 186 
21
14 17 21 32 47 54 57 76 79 85 95 98 
111 123 138 150 168 169 183 194 199 
24
2 8 17 50 62 72 74 78 88 91 101 103 
106 115 123 151 153 157 161 162 172 184 192 198 
26
2 5 24 33 35 37 41 56 59 61 63 67 
69 70 76 84 102 105 111 131 143 147 151 164 
172 197 
14
1 5 34 50 115 118 126 146 151 156 161 170 
174 176 
17
19 39 51 56 62 78 84 103 107 119 128 136 
144 145 147 161 176 
15
6 13 46 57 76 87 93 106 109 112 120 138 
149 167 189 
15
27 32 61 73 76 96 126 132 133 135 144 146 
158 159 179 
23
9 14 20 31 49 55 68 69 82 85 110 119 
134 152 153 159 162 163 166 185 189 193 195 
21
1 29 66 80 92 97 98 99 109 110 112 131 
133 134 135 145 147 154 171 189 196 
19
2 31 44 61 69 80 90 96 116 119 121 135 
139 154 161 163 183 186 191 
19
6 12 15 16 22 35 44 46 67 76 84 106 
145 154 156 157 175 181 189 
31
11 13 26 28 32 36 46 66 67 71 75 79 
82 85 93 101 114 120 124 129 132 139 141 147 
148 154 158 161 177 187 192 
21
11 22 23 36 42 52 56 57 59 119 126 138 
147 158 160 164 175 176 179 193 197 
17
13 17 27 29 34 60 74 87 89 104 105 155 
163 171 172 177 185 
19
2 23 40 45 53 54 61 64 72 76 86 87 
102 103 106 129 171 191 194 
24
6 11 36 38 48 64 69 72 87 89 97 99 
111 123 132 136 137 142 156 165 175 178 182 187 
18
13 17 18 24 25 33 36 38 39 58 70 75 
77 85 145 148 164 193 
20
10 26 32 38 44 51 66 77 86 88 102 112 
125 134 150 162 163 188 190 193 
20
1 12 27 40 48 82 84 87 88 93 129 142 
162 172 175 176 181 184 187 190 
25
22 26 37 47 52 67 68 72 76 77 80 84 
93 97 101 109 113 127 129 134 149 157 176 192 
194 
22
6 16 29 34 45 48 63 74 88 98 100 105 
106 109 122 123 136 162 170 182 187 192 
27
1 6 9 15 39 47 58 73 81 82 87 91 
106 111 115 117 121 133 145 152 164 170 173 182 
186 188 190 
21
2 17 23 28 32 40 50 57 63 83 87 97 
99 124 135 137 141 155 174 177 178 
23
4 10 12 15 23 29 33 34 75 78 83 98 
101 105 106 134 137 145 149 159 170 174 200 
21
2 38 43 46 54 55 64 91 98 110 114 135 
146 182 184 185 188 189 193 199 200 
18
17 31 45 48 49 68 72 92 94 104 108 146 
161 179 185 188 199 200 
18
8 15 28 29 49 61 69 72 83 92 94 100 
136 139 148 151 155 193 
17
15 23 46 63 81 90 102 109 113 118 122 124 
157 161 170 172 187 
18
9 30 33 42 46 54 60 75 78 106 113 125 
129 150 162 164 175 177 
25
2 5 7 10 20 24 39 47 68 81 87 92 
107 113 115 116 119 120 133 140 149 154 167 169 
197 
21
1 6 8 11 25 29 68 82 103 106 139 157 
159 167 170 174 177 182 183 185 193 
16
19 26 34 43 50 53 61 76 78 79 89 120 
148 154 157 179 
22
1 5 6 8 16 18 23 28 51 60 72 80 
82 89 96 109 124 125 129 151 177 197 
13
7 30 31 35 43 48 66 81 94 134 145 160 
162 
21
12 14 16 33 67 98 101 107 125 128 132 135 
136 142 147 149 151 155 168 179 184 
17
8 11 14 24 45 73 89 96 110 111 118 126 
144 147 174 191 198 
19
5 12 17 28 30 56 57 83 100 103 110 135 
144 151 159 169 174 193 200 
24
5 23 25 30 34 37 46 56 59 71 83 89 
100 119 129 145 147 150 158 164 165 179 184 188 
17
3 13 33 44 48 50 77 78 97 110 112 136 
140 149 167 170 190 
21
3 14 15 22 31 57 65 70 85 88 100 108 
113 129 139 142 150 158 168 187 191 
23
13 23 28 31 40 51 52 81 87 94 102 113 
114 123 145 149 154 165 167 175 185 189 197 
23
21 24 28 51 55 57 71 73 80 91 101 103 
110 134 146 155 158 164 167 176 177 182 194 
14
4 23 39 42 45 60 68 94 102 112 116 152 
160 192 
22
15 39 43 44 52 56 59 67 72 73 75 94 
96 98 111 116 131 135 136 156 162 188 
20
3 32 36 47 48 53 54 57 60 81 88 103 
115 122 142 146 154 155 166 195 
16
21 36 39 40 46 47 55 110 136 139 146 164 
173 179 190 193 
21
13 27 30 49 55 67 78 79 86 92 96 128 
136 140 142 147 150 164 172 179 184 
16
3 34 35 36 50 64 108 113 114 120 130 133 
135 145 189 198 
22
6 27 32 36 50 58 61 79 85 89 98 100 
116 124 125 127 148 151 157 182 184 192 
16
6 9 45 52 85 94 124 152 158 166 173 176 
181 194 197 199 
25
5 18 28 35 40 41 42 56 70 82 83 94 
97 100 124 127 134 139 144 148 154 158 170 182 
199 
16
5 11 19 25 28 46 66 68 109 112 118 138 
141 147 177 186 
18
27 28 56 68 70 71 82 90 101 103 110 116 
117 122 134 157 174 198 
20
2 3 4 7 12 13 53 54 56 63 106 112 
121 137 152 153 167 171 174 190 
20
3 8 19 44 48 50 51 55 73 76 79 90 
100 102 121 150 179 183 196 198 
18
18 24 35 50 65 70 105 106 126 136 141 147 
150 152 180 183 189 200 
20
10 11 32 34 44 45 66 74 84 96 97 99 
102 129 142 150 165 180 183 189 
23
15 17 43 51 56 67 73 83 86 89 97 100 
101 103 107 128 130 177 182 188 190 191 195 
21
11 12 22 45 48 61 77 82 109 113 122 129 
131 137 157 164 175 177 181 192 197 
20
18 24 25 26 31 35 37 45 50 53 56 61 
63 99 109 128 149 178 193 194 
12
1 15 44 84 88 126 156 162 175 183 187 195 
28
8 18 29 30 34 41 55 72 76 77 81 84 
94 100 107 109 115 116 118 136 140 145 149 157 
172 179 184 190 
22
2 13 33 45 63 65 71 86 88 100 107 118 
128 138 143 147 176 179 181 192 194 195 
23
2 9 19 20 23 29 34 40 45 69 85 86 
88 93 100 124 136 140 142 147 151 176 184 
22
12 21 25 35 73 77 88 99 100 113 121 122 
128 131 134 149 150 156 166 169 175 194 
28
5 18 19 26 27 42 50 54 66 82 83 84 
92 93 104 114 128 130 131 147 157 160 162 175 
180 187 190 192 
12
1 3 23 29 79 96 121 122 123 136 181 185 
23
9 14 22 37 40 49 58 63 82 96 98 106 
119 123 126 129 137 143 159 160 163 173 187 
21
15 17 22 26 32 46 47 54 64 65 66 78 
85 110 113 129 143 154 161 167 195 
13
18 32 62 72 81 101 103 129 132 164 181 182 
188 
19
12 13 35 55 65 76 106 114 115 116 119 125 
128 134 136 155 161 173 187 
21
5 23 26 27 56 64 66 94 99 123 125 131 
135 139 151 163 174 181 182 197 198 
20
2 8 12 16 19 47 48 50 52 55 67 100 
106 108 119 124 154 156 161 175 
27
1 10 18 19 20 21 27 31 32 42 44 57 
64 65 66 71 84 86 101 132 149 160 178 179 
184 186 198 
18
7 24 48 53 54 55 115 116 122 126 139 146 
166 167 176 179 186 197 
15
18 21 48 58 61 78 101 131 140 143 151 163 
175 184 198 
17
11 23 30 33 37 39 80 103 105 113 123 134 
135 147 176 185 196 
17
6 10 16 37 59 84 109 113 125 126 148 154 
160 167 187 195 196 
17
8 9 28 29 33 38 40 51 52 71 124 140 
147 154 178 194 200 
18
25 26 32 34 44 82 88 103 107 109 121 141 
142 149 151 164 169 195 
16
1 3 30 40 50 51 53 77 78 84 110 111 
115 153 181 199 
17
3 14 35 58 61 76 77 89 98 103 119 137 
142 151 170 180 191 
22
30 43 66 71 77 85 88 92 93 97 100 109 
110 116 117 122 143 148 149 159 172 174 
17
3 5 19 46 60 68 75 87 118 121 122 140 
146 156 162 170 182 
17
9 16 36 44 49 56 89 101 111 113 121 134 
142 163 182 186 199 
14
6 35 42 48 50 53 68 83 91 130 152 172 
187 199 
19
2 6 16 17 47 53 80 84 103 106 139 154 
155 165 167 168 185 197 199 
18
8 16 34 68 74 99 103 115 121 122 133 170 
174 179 180 192 196 198 
17
1 15 18 21 33 65 70 73 82 121 131 139 
145 156 161 175 198 
22
3 4 9 13 26 28 36 37 50 67 78 95 
96 111 119 133 138 140 143 145 181 189 
24
14 24 26 31 44 46 64 72 78 80 87 104 
119 144 146 167 168 169 188 191 195 196 199 200 
18
4 8 48 80 87 103 113 142 144 149 150 161 
163 176 178 182 188 193 
18
6 8 18 24 35 40 49 82 95 104 111 123 
127 131 135 162 172 192 
15
8 11 15 81 97 98 118 125 127 138 172 185 
191 195 199 
18
13 27 28 50 62 64 72 88 92 93 96 116 
118 128 131 135 136 161 
23
5 9 31 35 36 46 47 66 79 82 87 93 
101 107 115 125 132 135 146 168 174 181 200 
19
26 44 56 68 72 77 97 102 133 135 136 139 
148 150 153 183 195 196 197 
18
6 12 38 40 66 70 96 102 110 122 124 130 
134 154 164 169 185 194 
22
3 17 30 43 55 70 80 82 92 94 96 97 
108 110 115 123 126 159 166 175 195 197 
22
3 9 43 44 55 64 71 77 78 111 113 116 
125 143 144 150 158 168 169 171 173 183 
13
14 56 88 104 110 121 126 152 157 162 180 183 
196 
19
6 7 11 15 59 62 64 68 82 111 112 131 
132 143 145 159 160 164 196 
18
3 7 29 48 66 69 73 74 90 103 126 131 
139 148 160 167 172 177 
26
2 5 36 41 43 53 54 57 62 88 94 114 
118 123 126 129 141 150 161 165 170 172 173 177 
184 186 
23
3 6 8 10 24 35 39 44 61 76 85 88 
90 126 127 129 145 160 161 184 194 196 198 
19
57 63 68 78 84 87 105 109 110 127 128 132 
143 151 155 157 171 177 179 
20
1 5 12 38 44 57 58 60 75 102 110 119 
141 146 152 157 175 181 190 198 
15
5 15 17 43 55 66 74 82 104 105 108 140 
145 183 190 
16
22 33 54 57 61 70 72 78 79 126 133 154 
169 174 178 190 
26
13 15 23 25 26 40 57 59 74 80 92 95 
113 116 119 139 140 164 165 167 168 169 177 187 
191 195 
21
5 11 33 40 48 55 61 68 104 109 113 114 
126 128 146 156 159 161 169 177 197 
24
27 30 36 53 58 65 71 82 86 101 106 107 
118 130 133 134 135 157 163 176 185 192 198 199 
17
1 3 28 29 33 44 46 67 81 93 99 105 
119 140 141 166 168 
26
4 13 18 24 36 37 44 50 56 63 80 82 
94 99 105 127 146 148 156 157 181 187 195 196 
197 198 
14
19 39 50 78 89 108 111 122 134 142 166 169 
171 198 
24
14 25 27 32 33 43 56 74 79 80 85 88 
93 113 116 126 127 145 151 154 162 172 177 184 
18
5 29 43 50 63 64 77 90 94 103 105 111 
116 118 122 129 190 191 
21
8 11 22 34 45 48 49 51 56 83 87 88 
97 104 130 143 144 147 166 170 175 
20
6 53 55 67 80 82 105 106 107 115 126 143 
144 145 157 161 173 185 191 200 
18
3 6 11 17 39 59 84 88 112 127 137 138 
151 154 183 189 191 192 
20
3 16 33 40 55 75 76 78 91 92 96 98 
148 153 154 155 161 162 174 198 
20
1 4 6 19 23 24 36 39 51 71 78 117 
121 142 145 168 174 181 184 199 
21
1 16 26 35 50 73 85 86 93 106 114 120 
121 127 131 135 178 182 190 193 196 
18
1 3 21 23 43 91 97 116 118 124 130 132 
139 147 159 166 170 185 
27
5 10 31 44 57 60 67 71 87 104 109 112 
116 117 123 124 125 126 134 154 174 184 188 190 
193 196 198 
19
3 9 15 28 43 63 74 100 108 120 122 124 
152 164 166 172 186 192 198 
22
3 4 14 34 60 63 65 67 74 81 82 100 
101 104 111 115 130 140 160 165 176 184 
23
9 11 26 59 75 90 96 107 127 128 131 132 
140 142 151 170 171 178 179 188 191 192 200 
15
3 17 22 37 45 75 108 120 147 149 165 166 
171 176 200 
16
20 26 39 51 61 62 79 87 90 96 141 142 
145 149 178 192 
23
11 36 43 44 45 53 64 91 99 101 121 129 
132 133 136 143 153 170 185 189 193 198 200 
36
5 9 12 13 15 36 42 55 57 60 62 64 
65 69 72 73 84 88 89 90 93 94 96 97 
98 114 131 142 144 152 167 175 178 183 185 190 
24
19 39 43 51 62 72 86 90 92 94 100 103 
104 131 144 148 149 151 153 166 170 173 179 187 
23
8 27 28 38 41 64 67 91 104 110 116 123 
137 148 163 164 165 172 175 176 180 189 191 
20
9 35 38 43 71 83 88 96 101 118 122 129 
133 134 139 149 151 154 162 200 
15
7 9 17 18 32 41 62 98 112 114 127 145 
159 187 200 
24
1 2 12 15 17 25 30 36 37 51 64 73 
100 131 133 135 140 141 151 161 173 176 178 189 
19
9 13 19 21 24 37 39 45 62 69 81 83 
86 153 181 183 185 186 195 
20
5 12 35 39 52 64 68 72 74 103 114 121 
127 132 133 141 169 186 195 197 
22
10 17 23 30 32 50 52 59 79 82 86 91 
96 101 128 134 144 152 157 160 177 194 
18
28 30 35 57 58 69 73 89 97 105 109 115 
134 149 162 172 173 187 
17
2 4 8 12 44 62 68 71 75 77 106 110 
118 119 184 186 196 
23
1 36 50 51 55 58 68 74 80 90 96 108 
111 135 157 160 165 170 182 183 193 198 200 
22
9 19 25 28 30 33 49 57 65 76 85 95 
100 101 108 115 126 135 162 172 185 186 
20
5 7 8 9 12 17 27 36 43 70 80 86 
117 122 123 143 144 145 154 187 
19
11 22 25 38 74 86 100 117 126 145 151 155 
158 163 177 185 196 199 200 
17
1 15 36 45 49 70 76 77 78 113 117 124 
129 136 141 147 195 
20
6 21 36 41 54 56 63 64 71 88 90 98 
122 126 127 135 156 166 181 197 
20
1 8 25 28 29 35 36 39 59 71 92 94 
102 113 114 120 146 153 157 189 
16
1 2 8 17 27 86 88 100 110 113 138 141 
148 153 178 195 
17
12 22 24 55 56 73 75 76 98 100 111 120 
125 148 151 184 199 
20
17 26 39 45 56 57 64 66 68 73 76 94 
103 108 117 123 163 167 177 185 
14
19 49 57 62 68 71 77 79 98 104 109 164 
185 197 
23
7 15 16 17 19 27 33 46 62 67 77 84 
85 105 106 109 112 124 128 143 166 177 187 
22
3 14 23 36 39 75 85 87 92 110 119 129 
131 132 134 142 146 150 172 176 186 197 
17
9 14 28 30 31 32 48 75 79 93 96 103 
120 129 156 172 188 
22
10 17 23 45 47 59 63 64 83 91 94 95 
96 109 121 122 130 137 139 143 165 180 
22
4 11 16 17 18 19 41 44 49 53 59 66 
69 83 95 103 104 113 142 171 177 193 
22
5 16 27 41 48 56 57 58 66 72 76 88 
102 151 158 163 169 176 177 180 191 193 
19
28 29 35 37 65 69 91 96 107 127 136 139 
141 145 146 151 161 164 166 
16
14 24 28 29 57 79 81 99 101 108 109 141 
160 176 182 185 
23
6 16 19 30 46 63 66 73 87 89 108 109 
121 126 137 138 141 145 151 154 158 186 192 
21
16 50 51 64 68 71 74 87 91 94 108 115 
123 127 129 138 140 169 170 188 189 
16
5 22 29 30 51 61 80 85 86 100 119 156 
157 159 161 181 
19
21 28 34 35 38 40 65 67 97 110 115 122 
136 148 150 151 153 161 177 
14
21 33 36 56 59 65 67 75 105 114 117 160 
199 200 
27
10 12 14 21 22 26 33 40 42 44 56 70 
76 87 94 101 102 107 108 111 114 117 121 130 
133 160 168 
23
11 12 33 38 73 79 84 88 90 91 105 108 
115 117 146 154 155 163 165 179 182 183 184 
18
1 9 16 17 34 43 48 49 71 77 90 105 
124 139 146 176 178 195 
20
5 7 10 28 36 44 68 72 76 88 119 127 
141 158 166 175 181 195 196 198 
17
11 13 16 25 29 47 48 54 73 81 119 126 
138 154 157 166 176 
22
21 45 58 66 71 77 80 90 96 98 110 117 
126 129 144 146 156 169 170 175 180 189 
