400 200
1 1 1 1 1 1 1 1 1 1 1 1 
1 1 1 1 1 1 1 1 1 1 1 1 
1 1 1 1 1 1 1 1 1 1 1 1 
1 1 1 1 1 1 1 1 1 1 1 1 
1 1 1 1 1 1 1 1 1 1 1 1 
1 1 1 1 1 1 1 1 1 1 1 1 
1 1 1 1 1 1 1 1 1 1 1 1 
1 1 1 1 1 1 1 1 1 1 1 1 
1 1 1 1 1 1 1 1 1 1 1 1 
1 1 1 1 1 1 1 1 1 1 1 1 
1 1 1 1 1 1 1 1 1 1 1 1 
1 1 1 1 1 1 1 1 1 1 1 1 
1 1 1 1 1 1 1 1 1 1 1 1 
1 1 1 1 1 1 1 1 1 1 1 1 
1 1 1 1 1 1 1 1 1 1 1 1 
1 1 1 1 1 1 1 1 1 1 1 1 
1 1 1 1 1 1 1 1 
23
4 14 17 21 31 39 41 47 61 63 70 89 
101 120 136 138 144 146 147 148 159 174 184 
18
28 29 36 46 47 62 69 85 92 106 108 121 
151 160 174 177 184 197 
23
19 35 39 40 41 49 53 59 61 71 109 110 
111 112 119 130 143 145 170 180 182 187 189 
19
16 23 33 38 53 58 65 88 105 115 124 126 
128 148 175 186 188 196 198 
17
18 30 35 36 37 40 42 45 92 96 104 136 
137 143 147 150 173 
10
19 37 39 60 75 87 88 110 135 165 
20
7 15 19 41 47 51 52 65 70 73 82 91 
92 94 123 135 148 173 188 196 
14
18 32 34 58 60 73 78 85 100 109 110 148 
156 181 
22
1 16 24 34 36 43 49 61 62 63 65 76 
84 97 111 126 135 151 177 192 197 200 
24
1 23 27 31 33 41 42 44 58 71 101 110 
112 131 144 153 155 162 169 173 177 182 190 197 
13
6 22 30 37 52 68 74 93 119 141 164 193 
198 
26
5 6 15 17 28 33 34 49 64 75 83 84 
87 93 103 109 112 116 134 145 154 161 163 171 
174 196 
26
15 16 18 33 35 37 41 46 72 91 100 108 
113 116 128 129 148 149 150 152 168 170 173 175 
176 179 
11
55 88 94 101 108 109 122 127 149 159 164 
16
30 56 58 59 78 136 138 150 159 164 171 174 
181 184 187 197 
11
10 34 54 71 97 101 102 106 134 138 176 
15
25 41 43 69 85 89 92 104 125 135 141 167 
170 182 194 
15
16 20 41 46 52 99 120 137 159 162 163 164 
179 181 200 
24
1 3 14 30 33 48 55 56 75 107 111 119 
121 143 147 152 158 162 166 168 176 179 190 192 
22
2 20 25 31 39 47 50 77 78 81 88 107 
126 128 130 132 140 172 185 186 196 200 
24
2 11 16 21 22 37 40 42 45 68 72 76 
77 83 113 126 127 135 141 145 158 163 187 197 
19
13 15 22 36 37 38 44 54 57 60 63 80 
94 95 101 104 150 166 167 
18
11 18 30 41 64 70 74 96 111 116 123 125 
134 147 150 159 160 168 
21
1 6 9 36 41 59 69 71 73 85 87 89 
95 164 168 174 184 193 195 196 199 
18
14 23 78 86 98 103 106 113 115 117 125 145 
146 156 168 174 185 195 
10
24 49 60 62 68 98 103 130 156 198 
17
7 10 16 18 32 40 68 73 82 90 95 107 
141 156 187 188 190 
17
9 31 37 44 84 85 90 93 98 102 126 141 
157 160 170 180 191 
18
16 20 32 39 46 51 52 55 59 89 95 105 
111 125 144 176 188 194 
23
7 21 31 37 51 54 72 84 85 95 96 100 
117 121 124 147 148 153 156 169 178 188 195 
21
23 30 69 78 91 100 108 115 132 137 143 147 
148 154 160 163 178 187 188 194 198 
28
11 12 20 28 33 48 63 68 71 76 85 86 
89 90 92 96 111 122 123 130 133 137 149 153 
177 183 188 191 
19
8 9 57 67 71 84 101 119 121 129 147 149 
168 171 175 182 184 194 196 
21
1 7 14 22 32 34 63 71 85 96 110 118 
138 139 145 166 189 191 193 195 197 
22
3 4 20 37 39 45 52 67 68 79 90 91 
124 141 142 144 162 175 179 183 191 198 
19
25 36 78 80 85 93 101 126 128 130 136 148 
149 156 170 180 184 189 199 
12
30 45 47 61 74 84 98 103 119 136 144 171 
20
15 33 40 42 63 66 73 81 83 120 129 134 
141 155 173 177 188 192 193 195 
15
2 8 24 31 38 68 83 84 109 124 131 134 
171 188 196 
21
26 35 48 68 113 120 121 124 128 137 142 151 
153 156 166 175 176 186 188 190 198 
18
7 18 26 45 59 61 75 120 128 133 156 160 
168 184 185 186 189 195 
19
16 26 30 35 54 60 95 96 103 104 117 124 
141 153 166 172 173 186 189 
27
2 23 36 39 45 51 53 59 70 92 106 113 
119 130 131 133 134 135 140 145 150 153 161 170 
175 176 195 
29
13 14 16 20 27 29 35 45 57 58 61 69 
71 81 84 89 97 99 107 108 109 113 114 154 
156 158 176 183 195 
23
13 20 21 32 43 52 75 97 98 103 120 124 
131 138 145 151 155 157 158 159 160 187 194 
14
1 4 28 32 53 61 84 99 107 131 151 156 
181 184 
20
6 9 11 33 40 46 48 56 59 62 69 76 
82 88 122 152 171 175 189 193 
13
3 6 56 84 89 113 114 126 157 167 168 176 
185 
25
5 17 26 30 32 34 35 38 50 51 67 101 
115 124 128 134 142 145 172 175 186 189 194 198 
199 
18
18 25 32 38 46 56 104 115 117 122 131 140 
162 168 169 180 183 192 
25
4 18 40 47 52 55 60 65 82 85 93 100 
103 126 129 133 145 146 166 169 170 187 188 195 
200 
22
3 5 30 53 62 65 70 73 74 82 83 97 
103 112 117 144 157 168 182 188 196 198 
18
13 38 59 75 84 96 100 102 106 112 114 119 
145 156 157 170 178 180 
24
5 13 20 23 32 35 48 67 83 88 97 113 
118 119 122 131 136 144 169 178 182 193 197 199 
25
2 7 14 21 27 28 31 40 63 64 66 93 
104 107 114 118 122 124 147 154 158 175 178 180 
192 
17
1 2 18 40 57 70 85 87 91 98 112 113 
125 156 177 182 190 
24
27 43 48 59 60 65 79 80 82 93 94 95 
118 128 149 158 167 171 173 189 194 195 196 197 
28
11 13 24 40 45 47 54 55 59 61 77 78 
79 82 84 93 100 123 132 139 141 162 165 174 
181 183 193 194 
21
28 59 73 77 80 107 123 127 129 136 137 139 
150 153 162 163 165 168 172 177 184 
19
1 19 25 37 42 61 68 71 75 86 107 127 
133 137 173 174 179 182 199 
23
36 42 49 52 61 64 67 74 79 80 81 83 
117 119 125 135 138 145 154 163 177 184 199 
15
6 10 40 61 63 66 72 78 128 144 159 167 
170 182 193 
18
17 22 36 46 54 63 65 68 74 79 84 107 
113 144 148 150 165 183 
25
14 20 22 26 29 30 43 45 47 52 61 70 
79 104 121 122 144 146 155 159 174 180 182 183 
195 
22
8 12 36 49 56 57 72 87 102 109 119 135 
136 139 141 145 147 149 181 182 196 197 
16
1 40 45 55 64 91 100 114 115 121 127 129 
133 147 164 187 
23
4 30 32 45 51 76 80 84 94 101 102 104 
111 121 122 130 147 151 160 174 183 194 196 
16
1 9 17 37 81 102 123 133 134 144 152 168 
170 172 182 196 
16
26 46 49 55 68 71 75 108 128 138 141 144 
153 166 167 189 
25
3 10 13 33 37 74 82 84 92 107 114 126 
128 131 132 143 146 152 155 165 170 171 178 193 
194 
20
1 8 16 22 27 32 41 42 59 68 89 95 
124 163 175 177 179 185 192 200 
14
12 31 41 68 91 93 124 137 144 158 171 174 
179 189 
23
19 20 34 36 52 53 55 63 68 77 81 93 
95 102 104 111 121 166 181 190 195 196 197 
18
6 22 32 33 38 46 59 89 103 129 131 133 
135 163 164 173 179 187 
14
6 13 34 43 45 87 116 145 147 165 175 192 
194 198 
20
7 8 10 11 16 28 45 60 62 71 77 78 
85 127 146 158 161 173 179 195 
26
9 10 11 23 46 51 58 72 75 83 87 103 
104 106 108 109 114 117 118 135 142 146 154 184 
185 197 
20
12 13 26 28 46 54 55 61 82 83 108 109 
113 117 124 150 179 190 193 198 
22
8 19 35 42 51 56 57 59 60 65 85 118 
122 124 135 139 156 160 167 171 183 197 
16
42 50 51 52 55 57 88 103 108 112 129 138 
177 179 191 196 
24
6 27 40 41 63 73 89 91 104 107 108 109 
119 123 124 133 140 147 148 153 160 168 184 188 
19
9 25 29 32 48 52 65 69 75 76 92 102 
136 137 142 148 164 190 200 
21
3 6 14 31 36 64 68 78 111 119 125 129 
141 145 147 164 169 172 175 194 199 
20
2 5 24 36 51 61 70 104 108 122 133 136 
142 147 155 156 165 171 172 191 
27
1 3 7 11 16 38 59 61 63 68 73 74 
78 81 88 89 103 105 120 121 125 138 155 171 
173 179 180 
18
1 15 26 47 51 60 62 103 108 111 121 134 
139 148 181 188 193 196 
20
4 8 9 11 19 38 44 81 99 106 112 114 
116 124 131 141 145 161 176 198 
21
2 19 42 46 52 79 88 101 148 150 152 153 
164 166 167 168 186 192 193 194 199 
20
6 10 12 14 15 20 30 43 54 61 79 95 
111 121 152 159 181 184 191 200 
19
2 3 6 8 14 18 23 41 42 68 72 85 
100 108 145 146 148 169 193 
32
2 13 17 43 48 60 62 71 73 78 80 83 
85 93 94 112 115 119 137 138 140 141 146 147 
158 161 168 172 173 176 188 198 
17
3 5 9 26 30 60 80 91 121 128 134 146 
147 150 153 197 199 
24
8 9 11 15 29 39 45 64 66 70 80 81 
84 96 98 125 128 133 138 145 148 173 179 194 
25
1 6 13 25 35 41 73 74 75 89 102 106 
114 117 119 147 151 161 162 163 165 178 181 196 
198 
15
4 37 42 61 85 111 123 132 165 168 179 180 
189 194 198 
20
3 28 41 45 49 53 56 82 88 91 107 113 
114 139 140 142 153 166 192 193 
28
5 10 14 16 21 23 25 30 32 36 37 44 
45 57 75 93 101 121 136 140 141 143 147 153 
155 161 172 181 
26
2 22 35 52 54 62 65 66 68 69 70 76 
89 97 115 116 127 133 135 141 146 152 153 172 
187 190 
25
2 4 5 15 32 38 45 63 66 67 71 80 
93 94 95 97 110 120 125 126 128 132 165 190 
195 
20
31 38 45 49 54 57 81 91 114 121 126 132 
150 161 166 171 176 181 183 199 
17
8 14 34 35 49 59 98 102 114 122 127 147 
148 158 180 194 196 
12
5 12 29 31 53 93 102 108 113 139 153 163 
12
39 44 66 80 102 117 130 153 158 182 183 194 
13
10 43 44 60 67 80 91 107 152 156 159 161 
191 
16
15 16 32 48 76 80 82 89 94 101 104 130 
156 174 196 198 
20
1 2 13 25 46 66 69 74 81 82 92 103 
122 124 136 166 169 181 191 198 
20
8 11 13 37 64 70 74 79 89 102 117 121 
131 136 157 166 177 182 186 196 
17
9 25 44 54 56 58 70 133 134 148 149 154 
157 167 180 186 196 
13
4 29 30 32 98 106 108 139 142 152 153 159 
161 
20
1 24 32 40 41 57 63 79 82 92 103 104 
106 108 119 128 140 145 160 172 
20
7 17 36 47 48 74 75 77 90 110 113 147 
150 157 158 161 167 173 176 194 
17
6 16 19 23 33 36 74 88 93 107 140 147 
152 154 159 162 175 
23
2 6 7 11 29 31 33 47 55 66 77 83 
96 103 104 108 126 127 134 139 151 155 180 
28
6 16 19 29 46 51 59 66 71 72 81 87 
89 99 100 104 111 121 125 145 157 163 181 186 
187 191 192 195 
25
6 24 44 47 48 62 71 72 83 88 90 91 
94 101 104 106 111 118 148 163 174 178 180 182 
199 
19
7 11 16 28 29 34 41 57 59 74 96 100 
106 113 127 129 134 186 188 
18
1 4 36 43 50 60 70 85 119 123 139 152 
171 172 177 182 186 195 
19
10 13 22 23 27 58 63 71 105 125 126 132 
155 157 162 168 181 189 191 
22
15 22 31 34 35 36 45 46 55 58 60 65 
74 84 97 110 114 137 164 166 183 190 
20
11 15 19 21 36 42 44 53 57 77 80 86 
93 95 102 110 160 180 199 200 
25
1 11 21 36 42 48 49 53 55 66 72 74 
80 91 96 121 122 123 138 139 142 148 152 170 
176 
26
20 33 42 43 51 53 59 63 79 89 107 108 
113 119 121 126 127 132 134 164 171 182 185 191 
192 198 
16
20 21 24 72 82 83 94 102 107 109 114 138 
144 153 173 184 
17
1 17 18 58 72 85 87 91 102 115 116 131 
135 140 156 166 177 
19
17 41 58 60 66 69 73 82 86 97 129 135 
136 138 144 160 189 192 196 
21
3 5 11 17 37 54 71 76 92 94 102 122 
125 135 149 152 170 182 186 193 198 
15
4 8 59 68 71 89 100 130 134 137 140 143 
185 196 197 
26
1 7 10 16 17 36 39 45 61 77 82 94 
106 110 113 114 120 127 128 132 158 162 163 174 
175 178 
24
2 23 31 34 46 63 66 70 81 92 97 108 
113 116 128 132 145 159 167 177 185 186 195 199 
24
7 15 38 48 65 68 70 71 88 103 122 128 
129 133 142 147 148 150 167 177 195 198 199 200 
15
8 47 51 53 71 88 114 124 142 145 162 173 
193 195 196 
24
2 17 18 19 26 29 33 89 92 96 104 114 
125 126 133 136 139 140 150 153 167 186 194 200 
16
1 33 43 51 63 68 119 135 138 144 158 165 
173 180 191 194 
17
24 26 31 37 44 48 53 58 82 118 129 141 
146 154 156 157 182 
20
6 25 35 39 52 61 84 96 98 116 133 148 
153 158 159 186 187 193 196 198 
21
6 13 22 45 60 62 90 92 97 98 108 110 
138 159 163 165 175 176 179 189 197 
18
4 37 43 45 46 70 79 85 91 93 97 106 
107 121 149 162 183 196 
20
7 17 19 31 57 68 80 81 85 110 127 128 
133 138 139 140 153 158 188 193 
26
13 37 57 58 59 69 71 74 78 79 83 100 
103 105 106 107 109 113 118 132 139 146 173 180 
183 191 
20
5 7 11 28 33 42 50 54 58 60 72 76 
87 93 97 98 100 109 120 147 
21
4 19 43 46 70 80 98 105 109 122 125 126 
127 139 141 146 148 152 171 180 198 
22
19 25 27 31 39 50 52 55 64 65 80 87 
88 89 90 98 105 107 108 166 188 199 
25
13 17 18 22 36 42 47 60 67 91 94 97 
101 127 149 159 163 167 179 188 190 192 195 198 
199 
16
3 6 17 18 22 24 45 53 57 74 83 97 
140 152 172 198 
22
7 8 13 20 25 35 39 45 46 68 71 73 
94 113 118 119 136 144 155 178 179 197 
27
26 34 35 36 40 46 50 70 74 83 96 98 
107 122 124 137 140 142 146 155 156 158 165 175 
195 197 199 
13
26 54 62 99 109 122 140 150 165 173 177 189 
197 
22
7 12 36 42 60 64 76 87 91 95 97 101 
111 127 146 157 162 171 176 187 188 198 
13
4 15 40 45 69 74 80 81 106 113 159 171 
173 
17
27 47 61 64 65 75 97 99 120 126 143 152 
157 158 183 186 193 
25
17 19 35 70 71 73 75 78 82 85 86 92 
104 107 114 117 130 132 136 170 173 183 187 198 
199 
13
21 23 45 55 63 67 92 95 105 112 146 174 
185 
24
8 27 38 47 59 68 69 71 75 83 89 94 
125 133 153 158 160 164 169 171 173 178 185 192 
25
10 18 19 21 58 69 72 74 77 83 84 89 
94 95 98 102 105 111 113 147 150 151 152 179 
183 
25
11 25 50 56 61 75 97 102 114 118 123 132 
135 145 148 149 151 155 159 162 166 177 183 186 
196 
22
5 8 21 24 39 40 46 57 64 79 80 81 
103 114 122 125 133 141 163 166 170 175 
18
13 23 28 33 48 53 64 68 83 117 124 128 
145 150 152 164 168 189 
21
12 22 28 43 45 62 67 70 88 96 121 126 
131 132 140 160 176 179 184 187 196 
23
11 13 21 22 26 34 36 38 61 96 119 123 
125 126 132 134 142 145 146 148 160 179 199 
16
2 6 19 39 67 85 114 117 118 122 133 142 
155 167 170 181 
21
23 28 29 37 41 47 65 82 87 111 115 118 
130 132 139 146 154 163 166 179 186 
18
6 12 22 50 51 75 86 88 98 115 124 125 
137 142 151 157 187 189 
19
10 14 16 38 59 67 68 88 92 99 109 114 
128 148 154 156 161 174 197 
22
4 10 13 21 45 52 53 61 66 79 115 119 
120 128 141 149 162 164 167 172 175 186 
18
27 39 53 56 91 98 102 110 120 129 142 143 
146 166 171 172 174 190 
22
2 5 16 21 30 43 45 48 61 68 71 86 
97 108 113 115 134 144 171 176 187 193 
18
11 13 38 49 72 78 79 80 96 104 142 166 
169 178 180 191 197 200 
17
1 6 9 24 30 35 57 84 91 100 106 110 
155 157 182 191 197 
22
2 14 22 31 35 44 46 57 63 81 86 88 
106 108 150 160 170 176 178 186 188 192 
28
5 11 25 43 47 51 52 56 59 64 65 74 
81 84 86 112 116 120 131 134 138 142 149 162 
167 173 194 199 
19
1 2 7 12 16 21 27 35 43 49 53 70 
92 127 129 130 164 184 190 
27
7 8 14 19 27 34 37 54 62 64 67 89 
92 93 102 109 127 133 138 146 148 165 173 177 
183 194 197 
21
2 13 40 47 49 59 72 75 83 96 100 131 
134 143 154 157 161 166 169 184 197 
18
12 23 49 56 61 69 80 93 99 102 103 105 
107 129 142 172 174 196 
24
13 28 30 46 49 50 52 58 59 70 74 116 
123 124 141 145 147 152 153 155 167 173 183 197 
15
5 30 61 97 108 109 114 116 118 135 137 146 
152 157 177 
13
27 32 43 44 64 96 134 139 158 164 166 170 
192 
26
4 10 11 27 35 37 42 47 53 68 70 77 
79 106 142 152 154 156 158 159 163 173 175 177 
193 198 
24
15 16 25 29 30 42 43 48 50 54 72 73 
77 80 83 101 107 119 126 136 174 176 177 178 
18
9 19 23 37 46 60 63 64 75 83 96 137 
158 163 170 193 194 200 
22
3 10 31 41 57 63 71 81 91 105 109 111 
120 129 136 141 178 179 184 185 186 190 
14
4 10 18 46 104 120 126 129 130 151 160 170 
181 196 
25
2 3 9 12 15 22 23 26 27 36 59 60 
77 85 97 100 103 113 127 137 139 156 165 167 
181 
20
11 18 21 35 43 51 59 61 63 90 96 104 
108 121 124 144 148 166 187 200 
20
4 7 9 22 41 48 50 57 74 79 104 107 
114 117 129 147 155 166 177 181 
18
3 12 59 62 107 110 113 126 129 138 143 154 
158 159 162 181 187 193 
28
7 18 26 27 32 42 46 47 52 59 76 80 
83 94 98 117 128 130 137 149 155 156 165 167 
168 179 180 188 
20
2 5 15 39 50 67 85 86 95 96 97 101 
123 135 153 169 170 180 185 192 
16
1 25 26 35 64 65 94 108 112 122 158 159 
178 181 184 200 
22
3 5 6 12 14 32 35 66 86 97 113 156 
166 169 178 179 181 182 184 192 195 200 
20
16 31 46 55 64 70 83 94 100 122 128 135 
139 142 144 169 177 178 181 190 
21
6 34 36 48 54 76 83 86 87 96 100 112 
119 130 134 149 153 159 171 177 193 
18
4 8 18 22 24 49 89 104 125 135 147 156 
158 170 178 179 191 200 
23
1 17 42 54 55 60 66 73 76 84 102 109 
120 129 133 153 155 156 166 167 191 192 196 
19
14 44 58 59 63 69 80 86 105 106 110 117 
120 126 129 139 140 162 167 
24
4 6 14 17 26 65 68 79 81 88 90 110 
112 124 131 138 139 147 151 152 157 163 188 195 
19
5 25 27 38 43 44 51 53 56 58 80 83 
97 141 155 183 185 190 196 
23
1 2 4 6 13 22 30 41 46 50 53 66 
78 81 86 95 102 110 111 119 121 169 173 
25
2 13 19 24 25 33 35 43 44 55 64 69 
75 96 98 120 124 129 135 151 153 157 180 181 
198 
22
1 14 25 31 34 52 56 78 86 87 104 105 
108 118 123 128 134 138 139 145 167 195 
18
10 17 19 20 33 49 51 66 85 93 100 113 
136 148 156 177 181 194 
22
11 12 20 27 31 36 38 47 56 81 89 115 
155 156 161 170 173 176 181 184 186 195 
13
18 32 33 38 46 48 63 114 118 150 158 163 
197 
14
31 59 73 92 94 116 120 125 127 153 162 173 
187 192 
16
7 9 62 87 89 91 120 125 142 147 156 161 
170 175 185 186 
17
17 28 58 85 86 90 93 114 116 135 137 140 
149 172 180 194 199 
13
6 7 94 99 106 107 115 120 134 135 136 183 
199 
22
2 10 16 17 44 66 77 105 113 119 121 128 
129 135 147 149 170 173 175 181 190 200 
30
2 4 10 16 26 27 29 30 32 40 43 74 
85 95 103 104 114 115 130 143 151 153 166 174 
175 178 180 183 190 195 
22
4 9 22 23 35 51 55 86 98 99 105 112 
121 126 135 138 145 150 158 160 177 200 
23
7 15 20 29 33 36 37 43 45 56 60 63 
77 89 94 95 115 143 150 151 159 176 199 
13
4 29 47 69 89 90 104 109 119 137 149 157 
174 
22
3 25 27 32 49 53 57 64 66 76 78 82 
92 95 103 113 125 143 151 154 161 178 
17
7 9 14 30 33 42 47 51 58 64 73 98 
106 107 160 189 195 
23
7 15 23 29 32 43 59 62 83 93 94 110 
115 117 134 139 143 144 170 174 192 195 197 
17
10 14 26 27 35 39 43 51 83 85 87 124 
134 138 152 174 188 
16
6 11 20 22 35 39 73 87 90 97 101 102 
120 153 180 190 
19
10 12 21 27 42 83 84 125 127 133 137 151 
157 165 175 178 187 188 191 
14
8 43 65 72 90 133 143 148 153 178 182 186 
187 193 
18
2 28 38 45 47 83 89 93 104 105 120 123 
137 154 159 179 181 196 
17
1 36 41 54 58 60 66 70 92 94 121 125 
130 145 149 157 175 
21
2 18 24 26 42 44 49 55 90 91 93 111 
120 121 134 138 165 168 177 181 196 
26
10 11 13 27 34 40 42 48 49 86 89 98 
99 114 117 131 146 152 159 163 170 178 179 186 
190 198 
21
1 3 4 12 17 29 75 81 87 96 110 115 
128 138 153 162 172 183 186 190 200 
19
3 18 25 26 33 38 48 71 72 102 113 137 
138 141 142 153 158 166 180 
19
7 22 48 50 59 62 84 91 93 110 115 117 
120 125 133 145 158 175 189 
23
1 12 15 40 45 60 64 66 69 89 105 108 
112 115 124 138 140 151 160 166 187 197 199 
23
28 38 42 53 57 65 68 75 77 88 91 101 
114 115 121 135 141 145 150 152 188 192 198 
19
13 42 53 82 126 128 129 135 136 144 148 155 
162 166 168 175 185 193 197 
28
4 14 16 20 32 42 45 48 49 52 58 68 
92 96 105 108 112 122 123 132 135 138 141 143 
161 162 166 189 
18
12 18 35 39 66 79 118 122 134 138 139 160 
178 184 188 189 196 199 
17
41 48 58 63 77 95 99 106 115 118 121 130 
132 136 159 175 193 
19
5 11 39 42 52 56 78 82 108 112 119 141 
145 147 161 164 166 172 193 
12
15 53 76 92 97 134 141 150 155 159 162 195 
14
1 2 8 16 68 76 83 103 105 141 156 183 
184 186 
14
5 14 16 54 58 76 78 82 84 92 99 125 
156 168 
27
5 8 15 21 47 63 73 79 93 99 100 107 
121 140 150 151 158 161 167 168 172 176 177 185 
191 195 196 
17
1 9 17 22 27 46 58 68 84 90 106 115 
120 139 173 176 192 
24
11 20 33 46 51 64 76 90 93 105 114 129 
132 134 136 144 149 151 152 164 175 181 194 197 
26
9 12 13 21 30 32 33 53 55 59 62 66 
88 89 90 100 110 134 159 173 176 182 185 191 
196 198 
15
11 19 29 44 57 74 79 84 106 142 163 171 
185 188 200 
16
16 20 23 34 49 67 100 109 112 114 119 139 
140 157 159 194 
23
20 32 40 48 50 58 59 74 87 95 97 103 
107 124 128 130 133 148 152 156 179 180 181 
20
14 17 20 23 35 47 57 60 65 68 79 99 
114 126 132 148 162 170 186 197 
11
13 27 55 59 73 97 108 132 142 154 198 
13
14 34 53 68 81 95 101 103 119 129 131 171 
195 
22
3 9 15 20 36 41 54 64 89 96 98 103 
113 126 134 142 151 155 174 189 196 198 
24
2 5 8 12 18 33 35 52 55 60 83 103 
105 112 116 122 134 136 137 146 154 159 176 181 
21
16 25 31 32 34 43 48 56 58 68 71 81 
92 93 111 113 126 142 143 145 166 
21
6 11 15 64 65 67 68 82 89 90 103 104 
107 117 119 134 141 142 176 193 196 
17
17 19 23 30 49 67 75 79 85 95 105 135 
148 149 181 190 199 
20
4 36 44 46 58 64 66 79 85 87 95 104 
142 155 164 178 182 183 198 200 
15
19 30 45 47 58 69 75 87 115 144 151 180 
181 185 192 
27
1 13 15 26 44 55 56 60 67 73 76 79 
91 108 126 131 141 142 147 148 149 154 162 170 
180 191 195 
25
19 30 51 61 64 68 75 76 77 88 105 107 
115 119 124 131 134 135 137 141 144 154 181 185 
190 
26
10 13 18 30 38 44 45 54 60 72 76 77 
79 82 98 100 108 109 144 146 155 169 177 182 
189 200 
12
6 20 24 35 36 57 82 92 93 145 154 194 
12
63 75 90 99 114 140 145 157 159 165 189 192 
21
21 22 28 31 33 47 59 61 65 86 87 94 
122 126 139 148 172 176 183 193 199 
20
1 3 4 7 15 50 67 80 85 91 108 116 
119 131 168 174 176 181 189 195 
16
9 24 29 44 60 90 106 125 136 143 158 159 
171 173 182 192 
17
1 23 80 84 90 92 107 108 114 140 165 173 
174 179 181 199 200 
19
1 17 18 40 41 67 83 91 117 128 135 145 
151 153 155 168 169 186 193 
15
4 6 21 24 26 63 71 83 89 94 146 147 
150 172 173 
13
16 21 28 31 46 50 51 57 98 142 159 177 
182 
21
1 4 5 12 13 14 21 25 40 52 60 74 
88 102 104 121 127 147 149 164 185 
16
3 4 15 28 31 44 51 61 71 115 116 127 
132 133 136 164 
23
5 8 14 25 27 39 73 80 85 95 96 102 
103 104 119 126 138 141 155 170 176 181 182 
11
23 33 45 69 86 117 120 145 148 163 174 
16
39 41 44 53 68 80 82 89 93 126 127 132 
187 188 191 197 
18
5 9 25 27 51 55 58 60 72 83 90 128 
142 152 162 181 184 186 
23
2 7 8 29 30 39 48 60 62 70 73 82 
88 93 109 131 152 162 163 172 179 196 198 
20
4 15 17 29 31 33 41 53 71 76 84 86 
105 117 135 156 162 163 182 197 
21
16 39 41 51 52 62 71 75 82 93 100 104 
118 121 122 123 124 157 167 173 179 
14
7 12 29 35 54 74 77 103 106 147 151 157 
166 197 
21
26 40 46 53 61 62 74 76 77 88 92 106 
119 121 122 135 137 160 184 188 195 
27
8 29 31 35 38 39 40 49 54 56 61 64 
71 74 77 78 95 97 98 104 116 122 124 126 
129 160 173 
28
33 35 36 48 49 52 54 55 56 64 65 77 
80 91 106 115 133 140 143 151 157 159 160 164 
168 184 185 194 
17
16 21 28 33 34 46 54 62 86 100 114 138 
147 162 166 188 199 
20
2 5 36 60 61 65 66 74 82 84 93 96 
114 115 126 161 165 172 176 200 
14
3 8 13 28 34 41 43 79 110 147 154 159 
164 190 
21
7 14 44 73 76 80 81 82 88 95 98 109 
123 126 139 145 155 172 180 183 200 
24
8 12 25 28 29 46 49 56 58 62 80 85 
94 105 131 150 154 156 164 168 171 181 188 195 
15
41 63 77 91 98 114 123 128 134 137 140 143 
148 153 197 
21
5 17 24 31 34 37 65 66 82 84 106 116 
136 147 157 163 169 170 187 188 200 
20
12 23 47 64 66 70 87 90 94 103 109 152 
153 157 163 175 178 179 183 188 
25
5 23 33 35 40 43 55 57 65 70 74 87 
88 92 110 119 138 155 165 166 169 173 174 186 
196 
14
22 51 54 55 56 71 86 103 117 118 145 164 
177 197 
18
7 13 16 19 20 22 36 43 44 89 93 98 
115 126 155 176 177 182 
24
7 15 19 31 40 57 61 72 83 94 115 118 
123 129 136 137 139 146 158 165 189 190 197 199 
27
3 4 7 8 22 27 36 43 53 60 64 85 
91 96 100 102 111 115 118 122 140 141 142 150 
155 181 198 
24
13 14 29 30 39 64 81 88 94 96 101 112 
115 117 122 133 156 158 170 174 177 179 190 193 
16
13 17 30 31 39 45 46 53 63 93 111 117 
129 136 146 163 
24
5 7 18 23 31 43 55 63 71 79 86 91 
93 108 120 121 127 131 138 144 167 169 182 198 
18
5 6 8 9 22 39 41 45 52 63 83 104 
135 148 155 166 186 188 
17
3 8 20 28 46 48 52 54 64 75 103 105 
111 132 133 141 186 
20
14 16 18 49 50 56 78 79 94 104 120 123 
127 128 133 137 165 179 182 191 
28
12 15 19 21 22 29 30 41 51 56 61 69 
73 91 101 102 112 114 121 127 129 132 150 155 
173 174 196 199 
21
6 9 10 12 45 51 60 78 81 84 87 96 
122 133 139 140 142 148 175 177 178 
13
17 20 27 67 69 79 81 105 112 142 162 171 
191 
11
4 26 27 75 79 82 107 144 169 172 184 
17
9 32 33 34 42 51 52 77 80 87 98 104 
117 127 190 194 197 
20
1 6 10 12 25 32 50 51 52 59 63 64 
95 122 140 144 151 164 183 195 
16
4 7 15 16 66 75 76 88 96 107 121 133 
162 189 193 194 
22
15 20 49 52 54 58 69 71 72 80 101 116 
118 135 145 146 171 172 174 175 176 193 
18
11 36 40 45 53 55 58 59 64 68 97 106 
107 110 140 150 177 196 
14
4 14 21 53 57 74 86 99 111 117 119 122 
128 149 
20
5 27 46 58 62 87 91 92 93 103 125 141 
142 143 159 164 168 176 180 197 
25
6 9 11 17 22 28 32 36 42 56 71 73 
77 82 101 103 105 108 109 123 151 157 184 190 
199 
16
16 23 28 44 53 83 85 88 104 105 122 138 
142 144 162 192 
22
12 23 26 43 45 46 56 62 64 84 94 101 
104 105 107 114 144 147 149 165 174 179 
19
1 2 16 62 69 77 79 109 114 115 116 125 
131 144 156 165 172 176 180 
14
2 5 10 20 34 47 49 69 90 95 97 162 
174 179 
21
17 19 34 40 42 43 44 57 62 74 77 87 
95 105 137 145 156 158 191 193 199 
19
13 24 31 49 54 61 69 72 76 78 98 121 
129 134 165 167 175 189 200 
22
17 23 25 31 46 48 51 66 68 86 90 109 
125 134 136 139 148 158 159 169 173 187 
18
20 35 38 64 66 78 80 96 128 129 146 157 
158 182 188 197 198 199 
17
3 34 35 39 43 45 51 55 68 74 83 84 
101 158 170 180 190 
18
12 18 34 41 50 59 68 76 86 87 90 92 
93 99 145 164 168 180 
20
6 8 27 40 46 58 66 74 77 92 107 111 
149 158 163 175 182 191 193 196 
18
2 4 10 11 17 20 25 46 54 70 106 128 
138 159 180 182 188 194 
19
12 34 58 65 78 80 81 104 107 120 126 127 
129 155 156 157 163 168 171 
19
12 19 20 32 82 87 88 122 125 129 132 137 
145 148 153 165 173 188 198 
21
11 14 25 26 29 30 43 44 70 77 86 94 
98 107 114 150 169 170 171 173 196 
23
6 10 25 37 44 49 57 59 70 78 79 93 
99 119 129 130 157 162 165 173 178 195 200 
29
1 3 9 14 16 18 31 33 38 40 41 47 
56 72 87 105 125 139 141 142 145 146 155 156 
157 161 174 178 182 
19
15 19 25 31 40 52 60 77 86 90 92 96 
112 115 146 175 180 194 195 
15
24 59 60 71 83 87 96 103 123 131 134 140 
143 146 147 
29
11 20 39 42 50 61 68 70 74 81 85 94 
100 101 107 108 119 124 125 126 128 134 136 150 
158 161 174 182 186 
24
15 17 18 42 48 51 59 63 69 71 82 84 
89 103 113 125 127 130 138 144 157 171 172 192 
23
8 34 50 76 83 92 98 99 100 102 105 115 
117 129 131 132 135 137 138 144 146 147 185 
16
6 19 26 38 53 68 79 86 103 123 129 145 
148 167 174 181 
22
7 14 35 48 66 69 72 74 77 78 79 83 
95 102 110 119 132 144 145 161 163 170 
26
22 27 37 41 46 49 65 71 79 80 81 88 
89 95 105 114 119 135 138 142 149 154 175 181 
193 194 
20
9 17 21 40 48 53 64 70 80 87 99 107 
109 134 142 144 163 165 180 185 
22
3 4 22 25 41 56 61 68 69 73 76 88 
89 116 117 123 130 137 151 157 160 182 
23
12 25 39 41 42 50 51 65 68 77 80 85 
88 102 104 116 127 142 148 154 172 174 191 
18
3 22 25 31 33 39 57 60 67 85 95 119 
143 147 159 165 179 198 
19
6 10 12 21 25 42 76 80 83 90 105 106 
121 124 152 160 172 177 185 
15
7 28 79 96 125 129 136 138 143 153 173 175 
180 191 195 
15
5 8 10 16 31 34 79 101 127 129 145 160 
163 170 178 
19
6 18 24 38 40 43 72 92 97 112 123 141 
148 150 161 178 194 195 199 
14
46 53 59 63 85 91 115 141 147 156 167 169 
171 172 
30
4 12 27 34 42 55 65 66 67 72 78 88 
94 100 106 117 118 119 121 124 126 129 137 139 
141 145 150 156 195 198 
15
3 27 45 57 63 107 120 137 154 166 169 173 
176 187 193 
17
7 11 17 20 35 61 62 66 68 89 98 110 
114 118 123 129 194 
25
2 16 17 23 49 56 62 68 78 99 100 104 
106 117 121 123 126 136 152 158 169 172 176 194 
196 
23
2 6 19 33 36 40 48 52 57 63 97 108 
118 138 142 145 146 149 153 164 182 194 196 
24
5 19 24 30 35 48 63 66 69 97 99 101 
113 116 124 132 139 142 152 156 184 185 190 197 
11
7 16 25 41 54 66 113 155 169 174 200 
18
7 11 38 42 45 54 68 75 88 115 127 131 
147 158 171 172 189 199 
17
6 18 27 42 50 53 55 59 89 132 138 140 
155 166 174 179 197 
18
8 45 67 69 75 77 88 98 106 110 124 126 
129 154 184 190 192 199 
22
7 13 25 44 49 78 99 104 105 124 125 126 
127 135 147 153 164 167 169 177 183 199 
28
4 14 32 34 40 41 60 65 77 81 83 85 
88 96 100 101 103 120 140 146 160 171 176 178 
184 189 198 200 
19
10 12 31 34 37 71 85 96 99 101 108 113 
128 130 135 140 144 165 166 
26
3 23 26 33 40 45 48 53 57 72 80 81 
96 100 110 115 129 148 157 159 164 168 169 179 
189 192 
16
6 17 21 23 36 42 45 53 55 63 70 98 
156 172 178 196 
23
43 48 72 75 76 78 87 92 98 110 132 144 
145 146 155 160 170 174 179 182 191 198 200 
25
8 10 14 36 37 48 70 74 95 99 111 114 
120 129 135 145 148 150 155 160 179 182 183 184 
195 
17
5 21 35 52 56 69 72 87 95 112 114 117 
128 131 165 184 188 
23
1 52 67 75 78 83 96 103 125 130 134 141 
145 157 161 168 170 171 174 176 184 189 199 
13
13 15 91 98 119 137 141 161 162 180 183 199 
200 
24
1 3 11 29 37 39 43 73 77 79 96 97 
100 107 112 114 118 126 140 142 165 184 185 196 
29
2 18 25 33 46 54 55 58 65 69 75 91 
102 103 117 120 126 128 137 157 164 166 173 175 
184 186 192 198 199 
21
1 10 12 24 26 33 41 52 64 65 77 86 
99 125 132 152 157 176 185 190 196 
18
4 19 20 26 29 68 99 101 111 123 128 129 
135 152 164 170 178 185 
19
33 34 46 57 72 79 85 89 92 101 107 111 
114 139 150 157 163 177 183 
22
9 41 42 43 66 73 79 81 89 90 96 103 
114 124 152 158 161 168 169 175 179 182 
18
2 4 9 24 25 55 73 81 95 101 114 122 
129 130 136 173 175 200 
19
10 12 13 17 40 42 43 53 66 77 86 98 
104 111 113 131 134 156 161 
20
10 17 22 31 36 47 56 80 99 106 108 112 
114 118 122 130 144 145 155 178 
22
2 4 19 21 31 53 54 66 67 76 116 130 
132 134 139 144 148 154 165 188 193 200 
22
8 10 24 39 40 44 53 63 76 84 92 108 
113 123 129 139 144 147 165 182 196 198 
20
4 5 11 13 18 21 27 50 59 68 82 88 
106 111 119 122 130 140 170 173 
18
11 12 16 17 20 21 27 30 57 65 89 92 
107 133 135 139 166 199 
19
21 26 47 56 74 78 89 98 105 108 111 120 
121 134 158 172 189 191 198 
22
14 16 29 71 79 81 91 98 109 113 129 136 
142 148 152 154 156 165 171 177 184 186 
18
1 5 11 18 26 34 49 82 86 98 102 103 
123 145 179 189 194 199 
17
3 11 69 79 80 86 89 90 112 132 133 142 
147 149 158 163 172 
14
8 17 23 24 58 80 96 102 104 111 141 160 
180 183 
23
5 10 18 32 46 58 64 73 89 101 103 105 
112 123 128 135 136 139 141 145 157 160 190 
20
3 4 11 12 26 29 38 41 51 52 67 79 
85 91 94 106 137 143 195 197 
23
26 28 37 41 44 48 53 58 64 72 75 80 
89 95 117 121 137 145 152 160 168 181 182 
24
16 26 27 29 36 38 44 90 96 122 126 145 
147 150 154 155 156 158 159 163 172 183 188 192 
14
5 13 41 51 54 69 72 75 103 120 137 142 
180 197 
16
5 12 14 16 30 73 74 114 135 156 158 163 
164 177 181 186 
24
7 11 28 35 46 51 53 57 63 69 75 86 
89 96 101 118 131 138 143 150 155 172 175 183 
19
14 17 18 31 45 62 68 77 101 106 113 115 
124 126 129 148 150 168 169 
30
10 14 20 26 28 36 38 46 49 55 66 67 
72 81 83 88 105 110 115 130 141 143 146 150 
152 161 166 169 183 188 
23
8 13 31 45 61 64 71 75 76 86 88 90 
91 98 109 118 121 129 143 163 165 166 191 
17
18 24 37 47 65 76 87 88 89 105 119 134 
147 154 155 156 184 
23
17 18 22 32 43 44 58 63 64 71 78 91 
93 94 103 116 126 161 165 175 177 193 199 
19
7 28 36 39 51 52 61 65 72 81 83 90 
94 97 102 127 172 181 186 
19
6 14 26 49 80 81 89 117 121 136 137 143 
145 147 153 158 187 190 199 
20
4 7 11 15 27 43 52 58 75 106 107 112 
120 125 142 154 155 161 162 189 
19
15 36 50 70 76 83 86 95 105 106 112 151 
152 154 168 176 182 192 200 
20
20 48 49 58 63 65 75 98 105 108 126 134 
138 145 148 150 161 168 169 171 
22
14 23 29 38 40 62 63 65 66 75 87 106 
130 136 138 154 162 163 169 176 183 198 
22
2 8 27 29 30 44 47 51 55 60 76 92 
93 95 96 111 114 149 162 164 192 199 
