200 400
1 1 1 1 1 1 1 1 1 1 1 1 
1 1 1 1 1 1 1 1 1 1 1 1 
1 1 1 1 1 1 1 1 1 1 1 1 
1 1 1 1 1 1 1 1 1 1 1 1 
1 1 1 1 1 1 1 1 1 1 1 1 
1 1 1 1 1 1 1 1 1 1 1 1 
1 1 1 1 1 1 1 1 1 1 1 1 
1 1 1 1 1 1 1 1 1 1 1 1 
1 1 1 1 1 1 1 1 1 1 1 1 
1 1 1 1 1 1 1 1 1 1 1 1 
1 1 1 1 1 1 1 1 1 1 1 1 
1 1 1 1 1 1 1 1 1 1 1 1 
1 1 1 1 1 1 1 1 1 1 1 1 
1 1 1 1 1 1 1 1 1 1 1 1 
1 1 1 1 1 1 1 1 1 1 1 1 
1 1 1 1 1 1 1 1 1 1 1 1 
1 1 1 1 1 1 1 1 1 1 1 1 
1 1 1 1 1 1 1 1 1 1 1 1 
1 1 1 1 1 1 1 1 1 1 1 1 
1 1 1 1 1 1 1 1 1 1 1 1 
1 1 1 1 1 1 1 1 1 1 1 1 
1 1 1 1 1 1 1 1 1 1 1 1 
1 1 1 1 1 1 1 1 1 1 1 1 
1 1 1 1 1 1 1 1 1 1 1 1 
1 1 1 1 1 1 1 1 1 1 1 1 
1 1 1 1 1 1 1 1 1 1 1 1 
1 1 1 1 1 1 1 1 1 1 1 1 
1 1 1 1 1 1 1 1 1 1 1 1 
1 1 1 1 1 1 1 1 1 1 1 1 
1 1 1 1 1 1 1 1 1 1 1 1 
1 1 1 1 1 1 1 1 1 1 1 1 
1 1 1 1 1 1 1 1 1 1 1 1 
1 1 1 1 1 1 1 1 1 1 1 1 
1 1 1 1 
106
3 10 11 14 19 22 25 26 27 28 31 34 
39 45 46 49 57 64 65 67 72 75 76 77 
79 80 101 102 110 114 120 121 124 125 128 129 
132 135 136 137 139 142 147 156 159 161 163 165 
178 179 183 185 192 195 199 203 209 211 215 216 
222 223 230 231 236 238 246 253 254 257 259 263 
265 270 272 277 285 289 293 294 296 302 307 309 
310 311 312 313 314 318 322 325 337 340 342 345 
348 349 356 360 367 377 378 381 383 385 
139
2 3 8 11 13 15 16 17 20 21 23 24 
27 34 47 49 50 51 52 53 60 61 65 66 
68 69 70 71 72 74 89 90 93 100 111 112 
123 129 136 137 138 140 141 146 149 152 157 159 
160 161 164 166 170 172 174 176 179 183 184 186 
188 195 201 207 209 213 217 221 222 226 227 229 
233 235 237 238 240 244 247 249 250 253 265 266 
268 269 274 275 277 281 284 286 289 292 294 296 
297 299 300 306 308 310 312 314 316 317 320 321 
326 327 328 331 332 333 338 342 344 347 353 355 
356 358 361 364 365 368 371 372 373 374 375 379 
381 384 385 390 392 398 400 
107
1 4 7 11 17 26 27 30 33 38 41 47 
49 50 52 55 57 59 66 70 75 86 90 93 
95 102 104 105 112 115 117 120 121 122 129 134 
140 143 153 157 158 159 160 163 164 168 170 171 
172 177 189 192 196 199 212 215 216 218 225 226 
235 239 242 249 255 256 259 262 264 272 273 282 
285 287 288 290 292 294 300 314 318 319 321 322 
323 324 328 329 338 339 343 344 345 350 355 360 
363 366 371 372 378 382 390 392 394 396 399 
119
2 7 10 12 13 18 20 21 22 26 27 32 
35 38 39 42 53 55 58 60 63 70 71 74 
80 86 87 88 89 102 106 116 124 131 136 139 
142 145 148 149 161 162 164 165 168 169 171 172 
175 176 177 178 180 181 184 188 198 199 201 203 
205 208 209 211 212 216 218 219 221 230 232 233 
235 253 257 259 263 264 265 267 268 275 277 280 
281 283 290 291 293 298 299 308 312 315 318 321 
324 325 326 327 329 330 335 340 344 350 353 360 
361 365 372 373 376 385 387 390 391 393 396 
127
1 13 25 26 30 34 36 40 41 51 55 59 
61 63 72 74 75 81 83 84 86 88 89 90 
91 97 99 102 104 107 108 109 118 119 121 128 
132 136 139 142 144 153 157 158 164 165 169 171 
173 175 177 179 181 184 189 192 193 194 199 200 
201 202 205 206 207 209 216 219 227 229 232 233 
241 244 250 251 253 254 255 258 259 260 264 266 
270 271 282 283 287 290 298 299 304 306 308 313 
315 316 320 321 323 324 327 328 330 341 343 346 
349 350 351 355 359 360 364 365 367 368 369 374 
376 384 385 389 391 392 400 
123
4 6 7 11 12 13 14 15 17 18 22 23 
27 30 32 36 37 38 42 43 44 45 52 54 
59 60 66 69 82 84 86 87 88 90 92 96 
98 99 101 102 103 105 106 115 119 123 124 129 
130 131 138 145 152 154 156 162 165 171 172 174 
175 176 178 180 183 186 187 189 195 198 204 210 
218 231 232 233 240 244 249 257 259 260 262 266 
280 287 292 293 297 300 303 304 305 309 314 315 
318 319 320 321 322 323 327 328 330 341 346 351 
352 357 363 376 379 381 385 386 389 391 392 393 
396 398 399 
124
7 17 23 25 33 34 37 39 41 43 53 54 
56 59 60 61 64 65 66 70 75 76 81 86 
92 98 99 105 113 116 122 124 128 129 136 138 
142 149 150 153 154 160 161 162 163 167 169 170 
173 174 176 177 179 185 187 188 191 194 199 200 
202 203 204 205 210 221 227 228 231 234 237 242 
247 250 251 252 260 262 270 271 272 274 276 281 
284 286 289 291 293 296 300 307 310 311 313 314 
322 327 333 338 339 345 348 349 351 352 354 360 
363 364 366 368 369 370 373 380 386 387 388 391 
393 395 397 398 
114
1 9 14 15 23 31 36 38 40 42 46 47 
48 50 56 58 59 60 63 68 71 72 73 75 
77 81 82 90 94 106 110 114 116 119 120 122 
123 124 131 133 145 147 149 150 156 159 163 164 
166 167 169 175 177 178 179 186 193 195 197 201 
213 220 222 224 226 231 232 233 240 245 248 252 
253 258 263 267 271 272 277 281 285 289 292 295 
301 302 303 304 307 312 316 317 323 325 327 333 
334 336 340 344 349 350 352 353 357 361 362 368 
382 383 385 386 391 396 
119
11 13 15 18 20 22 23 26 27 29 34 38 
45 46 47 51 54 57 60 63 67 71 73 74 
83 84 91 92 97 100 102 111 112 117 118 121 
128 129 135 137 140 145 150 153 156 157 161 163 
164 166 171 175 177 179 180 182 193 201 203 204 
209 210 211 214 216 222 224 230 233 244 247 250 
251 254 255 256 263 268 271 273 278 283 284 288 
290 294 299 305 306 309 317 319 322 327 332 333 
338 342 344 346 348 351 353 357 358 362 363 365 
367 369 371 372 373 376 377 381 382 386 393 
127
3 17 19 20 21 26 27 29 30 32 36 37 
46 47 48 53 54 56 60 68 70 72 79 81 
89 90 94 95 101 102 105 114 115 116 119 122 
123 132 137 139 145 146 154 156 162 165 166 172 
173 176 181 183 185 186 192 197 199 207 210 213 
214 215 220 223 227 231 233 235 236 237 242 243 
246 250 253 258 260 261 267 268 271 272 275 278 
279 280 283 286 292 293 294 307 311 312 314 315 
317 318 320 323 328 331 332 333 334 336 341 342 
343 344 345 349 354 355 357 358 361 365 368 373 
375 379 380 386 387 396 398 
118
7 9 15 19 20 21 22 28 30 35 36 45 
47 55 56 57 68 71 76 85 87 96 101 113 
114 115 118 119 123 126 127 128 130 133 135 136 
140 143 144 145 146 151 152 153 155 167 170 171 
173 174 178 181 190 195 203 207 223 230 233 236 
237 241 245 248 249 252 253 254 256 257 259 268 
270 272 273 274 275 278 279 280 288 290 293 298 
301 303 309 310 311 318 320 321 322 325 330 332 
333 339 342 345 346 347 354 355 358 363 364 367 
368 375 377 378 379 381 388 389 390 392 
121
8 10 11 14 17 20 21 22 23 27 28 32 
37 39 41 42 45 46 49 56 58 62 67 74 
78 80 81 85 88 92 95 98 99 100 107 112 
113 121 122 124 127 128 132 142 144 148 152 160 
163 167 171 176 178 179 183 184 185 186 187 194 
200 202 203 204 206 211 212 220 232 234 238 241 
242 249 252 255 258 261 263 267 269 270 275 278 
283 285 287 292 294 296 298 301 302 303 305 315 
318 319 325 326 329 332 341 342 343 351 352 353 
356 360 363 365 366 370 375 376 378 383 395 397 
400 
127
7 9 13 23 24 25 27 30 33 34 48 49 
51 52 53 58 62 64 66 72 73 77 80 81 
86 92 96 97 99 105 108 109 112 118 121 128 
130 132 134 136 137 143 144 147 151 153 159 160 
161 162 168 171 173 176 179 186 196 200 201 204 
209 211 218 219 220 221 222 234 240 241 245 246 
247 248 249 251 267 272 273 274 275 277 280 284 
285 286 287 288 293 296 301 303 307 309 310 314 
315 316 318 325 328 335 337 338 339 340 341 342 
345 346 347 350 355 361 363 364 366 368 369 375 
381 383 385 391 392 394 396 
105
6 7 11 17 20 21 23 25 26 31 33 34 
38 39 40 44 46 60 62 72 73 75 77 79 
82 85 91 92 99 102 105 110 115 121 124 126 
127 144 146 153 154 155 161 169 170 176 177 182 
185 189 190 198 199 204 205 208 216 228 231 233 
236 238 239 247 249 260 261 267 268 269 271 272 
273 276 277 281 282 299 301 305 309 311 314 317 
319 321 325 327 330 336 342 343 353 355 356 361 
371 372 374 377 390 391 392 394 399 
119
5 12 14 20 23 25 30 31 33 37 38 39 
46 47 50 51 52 54 59 61 62 64 71 72 
78 82 83 86 90 92 94 95 96 103 106 109 
111 112 114 115 120 122 128 130 131 135 138 140 
141 142 147 151 152 153 154 155 162 166 169 172 
176 179 181 182 188 195 199 204 206 211 212 213 
215 218 223 224 230 231 235 238 239 244 245 246 
249 252 255 257 258 260 263 265 268 276 286 294 
303 306 309 320 330 331 334 337 338 344 346 348 
353 357 368 374 376 378 379 383 388 394 396 
129
3 5 6 7 8 12 13 17 26 27 31 33 
39 40 42 49 57 58 59 60 62 70 71 75 
78 82 86 88 90 91 93 99 100 101 109 112 
113 115 117 118 128 129 132 138 139 141 142 144 
147 148 149 151 155 156 158 159 160 161 163 164 
170 173 174 175 177 178 181 182 187 193 194 197 
198 203 204 205 206 217 221 223 227 230 233 236 
237 238 241 242 247 257 258 259 263 265 269 270 
280 281 285 293 296 302 311 313 316 322 323 328 
329 330 331 332 333 334 344 350 352 355 359 360 
366 367 369 383 385 390 393 395 400 
123
2 7 8 9 12 17 22 23 24 25 27 28 
29 30 32 34 38 46 49 50 56 65 70 71 
74 75 85 89 92 95 97 98 100 101 103 104 
107 108 111 112 114 119 122 125 130 135 137 138 
141 145 147 154 164 167 174 183 190 195 198 200 
202 203 207 208 209 211 212 214 223 225 226 228 
229 230 231 236 239 242 243 245 247 251 258 259 
261 262 263 265 271 272 277 278 287 295 302 310 
319 322 327 331 335 336 338 345 346 350 351 355 
358 360 364 370 376 377 378 379 381 385 389 395 
396 398 399 
113
4 5 6 7 8 9 18 20 22 23 26 30 
35 41 47 49 50 57 62 64 66 68 73 74 
85 91 93 94 95 99 101 103 105 106 107 109 
114 116 118 120 124 127 129 130 136 139 144 146 
148 149 159 163 167 170 171 174 187 190 191 195 
197 198 201 202 205 210 216 224 226 227 229 232 
233 236 247 254 258 259 267 271 278 281 289 297 
300 301 302 308 312 316 319 322 328 329 330 333 
336 342 344 345 354 359 360 369 373 376 379 381 
386 388 391 398 399 
120
1 6 7 11 13 24 26 27 28 29 36 40 
41 42 44 50 51 53 54 55 57 59 61 64 
69 74 75 78 82 85 98 99 101 106 108 116 
117 130 131 137 145 148 158 159 165 167 170 171 
172 173 175 176 179 185 186 187 190 197 199 201 
205 206 207 210 213 215 224 226 228 230 233 237 
240 242 248 250 251 253 254 257 259 264 266 267 
277 279 281 282 284 285 288 290 292 293 299 310 
316 319 321 322 329 331 334 340 341 345 348 349 
350 362 365 369 370 376 378 379 387 391 395 400 
104
2 4 9 13 17 19 20 26 28 29 31 32 
34 35 37 39 42 44 49 58 59 63 64 66 
71 76 81 82 84 91 94 95 106 110 111 117 
121 126 135 137 141 154 170 178 181 182 185 193 
195 197 200 201 207 212 213 216 218 219 234 238 
239 252 253 261 269 271 275 282 284 286 287 288 
290 297 299 302 306 309 315 317 319 321 322 325 
327 331 332 333 336 337 338 340 342 347 354 355 
361 369 374 382 390 391 397 398 
103
1 9 12 13 15 16 17 20 22 27 31 37 
49 51 58 65 74 77 78 84 90 95 99 100 
103 104 106 113 120 123 126 135 144 145 149 150 
153 155 156 158 163 165 167 175 179 183 186 190 
193 196 197 202 206 207 209 210 213 216 224 231 
239 242 245 246 248 249 253 254 258 269 277 281 
285 292 296 307 309 329 333 336 337 339 345 346 
348 349 360 362 365 367 368 374 377 383 385 387 
392 395 396 397 398 399 400 
127
2 6 9 14 15 21 22 23 24 26 29 31 
32 33 40 41 43 44 46 48 49 51 52 55 
57 59 61 62 63 65 66 71 74 79 81 83 
91 93 94 95 97 98 99 105 107 114 117 122 
126 129 131 135 136 137 144 145 146 157 164 165 
168 171 172 190 191 194 196 197 200 204 205 206 
207 208 212 213 218 228 230 234 238 240 242 246 
248 250 257 258 263 264 265 271 275 281 283 285 
302 308 309 311 313 318 323 326 327 329 330 333 
340 341 344 347 348 353 360 363 367 368 372 373 
376 378 385 387 390 394 396 
114
2 3 4 7 15 18 20 23 28 29 35 39 
40 41 58 62 63 65 67 68 72 73 75 86 
88 94 95 97 101 102 105 106 107 108 111 113 
120 125 130 135 137 141 143 156 158 161 167 169 
176 177 182 184 185 188 193 194 196 204 206 210 
211 212 216 218 220 221 224 229 230 231 239 240 
244 249 250 257 259 260 262 268 269 272 289 293 
294 296 303 306 311 313 316 320 321 323 331 335 
336 341 347 351 353 357 358 361 364 365 371 378 
380 383 384 385 390 392 
124
5 9 12 13 15 20 22 24 35 41 42 43 
46 48 49 57 60 61 65 67 70 76 79 84 
86 87 91 98 100 105 109 111 114 117 118 120 
128 137 141 145 147 150 154 158 159 160 163 164 
166 167 168 171 175 176 178 179 183 184 186 187 
191 196 200 208 209 211 213 214 215 218 219 221 
223 227 228 231 236 237 242 245 246 247 248 252 
253 255 262 264 270 273 275 278 286 287 290 293 
298 300 302 309 310 313 315 317 318 319 320 322 
323 327 331 334 335 343 351 360 363 371 372 380 
388 392 394 399 
116
8 11 19 24 28 35 46 47 50 51 53 57 
59 66 67 71 74 75 77 78 79 80 83 84 
85 93 96 108 115 119 121 124 131 136 139 141 
147 148 151 157 159 162 165 167 171 177 183 189 
192 197 202 209 212 215 217 218 219 224 225 237 
238 239 242 248 254 255 264 267 269 270 271 273 
274 275 280 283 284 288 292 294 298 303 304 310 
313 319 324 325 328 330 331 338 340 342 344 347 
349 353 354 356 360 364 367 369 370 372 373 383 
386 388 391 392 393 395 397 399 
133
1 2 7 8 9 11 20 21 25 36 37 38 
39 44 51 53 57 60 64 69 75 76 78 80 
84 85 87 92 93 95 96 97 105 106 107 108 
109 113 115 117 118 119 120 122 124 125 127 128 
130 133 135 136 138 139 144 149 150 153 160 168 
170 172 174 180 186 188 192 193 196 201 203 205 
209 216 219 223 225 226 228 232 233 236 237 238 
240 241 255 259 261 264 269 273 275 276 285 286 
287 290 292 294 296 298 305 307 309 314 316 317 
320 328 332 335 340 341 342 344 346 350 352 363 
368 372 378 382 384 385 387 389 391 394 397 399 
400 
113
1 3 6 7 11 12 13 16 21 22 23 25 
28 33 40 43 47 52 53 57 59 62 66 77 
79 80 85 87 89 90 93 94 97 99 102 108 
109 112 119 120 139 144 149 150 153 155 157 158 
160 162 164 168 170 171 172 173 177 178 180 181 
190 195 196 197 200 202 206 213 215 223 225 231 
232 236 244 251 257 266 269 275 276 281 282 297 
298 300 305 307 310 313 317 321 324 331 332 333 
335 339 342 344 348 353 354 361 367 373 376 378 
381 382 383 384 390 
115
2 4 5 14 18 20 21 22 25 26 28 33 
34 35 37 40 42 49 51 57 61 66 70 71 
74 75 77 85 87 88 95 102 103 104 109 110 
112 114 120 125 126 127 130 132 134 136 138 139 
140 142 144 148 150 152 159 161 162 163 165 170 
176 179 180 187 189 202 203 205 212 213 218 220 
224 227 232 246 247 251 254 262 266 268 271 274 
279 281 282 288 289 291 297 298 301 312 313 322 
324 332 333 336 337 343 345 359 362 364 369 370 
371 379 381 383 385 389 400 
115
3 4 12 13 23 24 26 32 33 36 42 44 
54 55 58 59 60 62 65 72 73 77 81 82 
83 84 85 92 95 99 100 102 106 118 119 122 
123 125 130 133 137 141 143 144 146 152 153 155 
156 157 158 162 163 171 175 178 182 184 196 197 
199 221 225 228 232 233 235 236 237 238 240 243 
257 258 270 271 283 284 287 290 292 294 295 297 
300 302 305 306 309 310 311 316 321 325 330 331 
332 338 339 343 350 359 360 363 364 366 371 372 
373 375 381 388 391 392 395 
126
2 4 6 9 15 20 21 22 29 31 32 39 
41 43 44 48 50 56 61 62 73 74 84 86 
87 88 91 98 108 109 117 119 122 127 132 133 
137 142 145 150 159 160 161 163 164 167 168 176 
187 188 194 196 198 201 203 206 208 209 213 214 
220 221 224 227 230 236 237 240 242 244 246 249 
250 251 255 256 259 261 264 265 266 267 272 277 
280 282 284 285 288 293 295 296 297 298 301 305 
306 308 311 318 320 321 324 330 331 335 337 338 
343 344 347 348 350 351 352 353 369 371 374 378 
379 380 383 386 393 397 
126
2 3 12 18 21 23 24 25 28 31 33 35 
43 44 45 46 52 53 56 60 62 78 84 85 
90 95 98 99 101 105 108 109 110 115 117 120 
121 122 134 141 143 144 146 153 155 161 162 167 
168 173 175 176 179 182 183 187 189 190 194 200 
201 210 215 216 220 222 223 228 231 233 234 238 
250 257 258 260 261 265 266 268 271 276 277 278 
283 284 285 288 289 291 293 298 300 301 302 304 
310 312 313 315 318 323 325 330 332 333 336 338 
340 343 345 349 350 352 355 360 361 362 367 374 
377 378 380 384 387 398 
121
2 4 7 14 15 21 25 27 28 36 38 42 
44 45 47 49 50 54 57 63 70 73 80 81 
83 84 89 92 98 99 102 103 107 108 112 113 
115 119 120 124 128 133 136 137 140 141 146 147 
148 154 158 159 164 167 170 173 177 178 180 182 
184 189 194 195 196 199 203 204 209 210 221 228 
233 236 240 243 244 248 250 251 252 254 258 260 
262 265 266 276 277 278 286 288 289 295 299 301 
302 307 309 310 319 320 330 331 335 336 361 362 
363 366 370 371 374 381 382 384 386 387 388 389 
399 
131
4 6 8 15 17 18 20 25 26 28 33 35 
39 48 49 50 56 62 65 75 79 84 86 89 
95 98 103 106 109 110 112 113 114 116 118 120 
122 125 128 135 136 138 141 144 147 148 152 153 
156 157 167 168 172 174 176 180 188 189 193 200 
202 203 204 209 210 217 219 221 224 228 229 235 
240 242 244 246 250 252 259 261 263 264 265 267 
273 276 282 285 289 292 293 300 301 304 307 312 
313 315 317 321 322 323 327 328 332 335 337 339 
340 343 345 346 348 349 353 356 357 358 365 366 
369 371 372 373 376 380 383 386 388 391 397 
118
2 12 13 18 19 31 32 34 35 40 46 48 
51 57 59 62 63 65 66 74 78 79 80 81 
86 89 91 96 106 107 111 112 114 119 124 129 
131 132 134 137 143 146 147 149 150 152 154 155 
167 170 178 182 186 191 193 197 199 203 204 205 
208 209 212 213 222 225 226 234 237 243 244 245 
246 249 251 265 267 268 270 276 281 283 288 289 
290 291 293 296 297 299 302 306 310 313 322 328 
335 337 346 347 349 352 354 360 361 364 366 369 
370 372 378 381 384 388 394 396 399 400 
104
8 9 19 21 23 39 41 44 45 46 59 63 
64 74 81 82 83 97 102 103 106 110 114 116 
121 122 124 126 129 130 131 133 136 137 140 141 
143 149 150 157 160 161 164 170 174 175 183 184 
189 197 201 208 221 227 230 233 237 242 243 247 
249 253 255 262 264 266 268 269 270 273 274 275 
288 289 298 302 305 307 309 315 318 323 325 327 
334 335 338 342 344 347 350 351 353 354 358 361 
366 369 370 375 384 385 392 395 
124
8 9 10 17 18 27 28 29 30 32 37 38 
39 40 41 46 48 50 51 54 57 67 70 71 
72 73 77 78 79 84 86 87 89 92 93 96 
99 100 105 109 111 115 117 120 124 125 126 128 
134 135 140 143 148 158 160 161 170 176 179 186 
189 190 194 195 198 201 203 212 221 225 230 231 
232 233 236 238 240 241 242 249 253 257 262 264 
266 269 273 274 277 278 279 284 292 293 299 302 
303 305 308 310 319 320 326 330 332 339 343 350 
353 354 360 362 365 366 372 376 378 385 390 392 
394 398 399 400 
130
3 4 5 7 13 14 22 25 26 27 45 55 
56 57 58 60 62 63 65 66 73 74 84 85 
89 91 96 100 103 104 111 115 116 119 123 127 
128 131 132 135 146 147 150 151 156 159 167 171 
174 182 186 187 188 191 193 194 195 197 199 200 
202 203 206 210 222 223 226 230 237 238 246 250 
251 253 254 256 261 262 264 267 269 270 271 272 
283 286 288 289 291 292 296 300 301 302 304 306 
307 315 316 320 322 325 326 330 332 333 340 342 
343 344 346 353 356 357 361 364 367 374 377 378 
381 383 385 386 387 389 390 393 396 397 
130
2 6 9 10 14 29 31 34 36 38 44 45 
47 48 51 54 58 59 60 61 68 72 75 81 
86 87 90 95 96 100 101 102 107 110 116 117 
118 120 124 125 126 127 129 133 141 143 153 154 
156 164 168 169 170 171 174 175 176 180 182 185 
193 204 207 208 210 211 212 217 220 221 222 223 
224 225 232 235 237 238 239 243 246 249 250 254 
256 257 258 262 268 272 277 284 285 288 291 294 
295 296 301 304 305 306 309 310 318 319 320 321 
325 326 331 332 336 337 339 345 352 353 359 360 
361 364 366 367 369 371 377 382 387 393 
106
1 10 11 12 13 14 21 27 35 36 37 40 
47 48 56 61 63 70 72 79 80 86 87 106 
107 114 119 121 124 125 127 131 134 137 141 143 
150 151 155 159 164 165 169 171 172 182 183 189 
192 194 195 197 200 204 219 224 230 231 232 237 
239 243 244 246 247 251 253 255 256 262 263 265 
266 270 272 273 276 284 289 294 307 309 310 313 
316 322 326 328 330 332 333 337 338 339 341 348 
352 354 356 363 364 374 377 379 391 397 
127
5 6 9 10 13 18 19 20 26 34 35 44 
47 48 56 57 58 72 76 77 78 79 82 87 
92 96 98 99 100 102 103 105 106 110 111 113 
119 121 123 124 125 128 129 130 134 140 141 144 
148 149 151 152 153 154 160 163 168 170 172 173 
175 177 178 179 181 185 187 189 193 196 197 198 
205 208 210 213 216 219 222 223 226 237 238 241 
251 257 263 269 270 271 273 274 275 279 288 298 
302 308 312 313 316 324 325 331 333 334 336 340 
342 351 354 356 358 362 367 371 373 375 376 379 
382 386 388 389 394 397 399 
128
1 5 16 18 19 23 27 31 36 37 42 44 
50 53 54 59 60 61 62 63 64 69 73 80 
82 83 84 87 90 93 94 95 100 101 106 108 
114 116 119 121 125 132 135 137 143 144 145 146 
150 151 152 156 160 162 164 165 167 168 172 173 
174 175 176 177 185 192 194 197 200 201 211 216 
217 219 222 225 226 234 238 242 243 244 246 247 
249 257 258 265 266 267 270 272 274 276 279 282 
285 286 288 296 301 310 312 314 318 319 321 325 
329 333 335 336 343 345 348 350 352 355 358 363 
366 370 383 384 389 391 393 399 
118
1 4 9 16 17 20 24 25 30 31 33 42 
46 47 52 55 56 58 62 63 74 75 84 87 
89 93 98 101 104 107 108 109 110 113 114 119 
120 121 123 128 130 134 135 138 152 160 161 162 
165 167 168 170 174 185 192 198 199 203 204 207 
226 234 239 243 250 251 252 254 257 260 262 264 
265 267 268 269 270 289 290 297 299 300 303 305 
306 315 316 317 318 320 322 323 324 329 333 336 
338 340 342 343 346 354 364 365 368 371 374 376 
381 385 387 390 392 394 396 397 399 400 
116
2 4 6 10 12 13 17 19 21 24 33 36 
38 39 45 53 55 64 68 71 74 78 81 83 
88 105 106 110 113 117 118 121 122 123 125 126 
127 128 142 146 149 151 158 167 168 170 171 172 
176 177 181 189 190 194 197 198 200 204 210 212 
214 215 229 230 231 236 238 239 244 251 254 256 
259 265 268 269 272 273 281 283 290 291 293 296 
300 303 305 306 307 309 310 314 322 324 325 328 
330 331 334 339 340 341 349 354 361 369 372 376 
379 384 386 387 390 391 393 396 
138
6 8 10 11 13 14 19 24 28 34 35 38 
40 46 56 57 60 63 66 73 75 77 78 81 
82 83 85 96 102 107 111 112 114 116 120 121 
123 124 127 131 133 134 136 139 140 141 143 144 
149 153 158 164 167 169 171 172 173 175 176 177 
178 184 185 188 193 198 199 200 201 205 207 212 
216 217 218 225 229 232 238 241 244 250 251 256 
260 261 267 268 270 271 281 284 285 287 288 289 
291 293 294 296 297 298 299 304 308 309 311 313 
317 318 320 322 323 325 326 327 329 349 350 352 
355 356 357 365 367 372 375 376 377 379 381 386 
387 389 390 391 393 396 
122
13 20 23 24 26 27 29 30 31 33 35 42 
44 46 48 50 53 58 70 71 74 75 76 78 
80 85 86 87 89 93 96 97 98 100 101 102 
108 112 116 120 122 123 126 131 147 148 155 158 
159 164 171 173 180 181 183 188 193 208 209 212 
214 216 217 219 221 226 227 228 230 239 240 242 
243 245 246 247 249 251 256 259 261 265 268 274 
278 281 286 287 288 290 292 294 301 309 311 312 
314 318 320 322 324 327 329 335 337 343 344 350 
354 356 359 363 364 367 369 371 372 381 387 392 
394 395 
117
2 12 14 15 17 21 22 24 25 33 40 43 
45 46 49 50 51 55 58 66 69 71 72 75 
78 83 84 87 88 92 93 97 104 107 111 112 
117 118 120 121 123 124 126 132 139 143 145 148 
149 152 160 161 162 167 178 179 188 190 195 197 
199 202 203 206 208 212 213 214 217 223 227 234 
242 243 247 253 260 264 267 271 272 274 278 279 
283 287 289 294 295 304 305 318 320 321 327 329 
330 338 340 341 343 344 347 350 358 362 371 373 
376 379 383 387 389 391 395 396 398 
137
2 7 10 17 18 19 21 25 28 29 34 35 
38 39 40 41 46 49 53 54 57 58 61 64 
68 76 78 79 80 82 86 90 93 94 99 100 
106 107 111 114 118 119 121 126 136 137 138 142 
145 151 157 158 162 163 164 165 171 177 178 180 
182 187 188 189 194 195 197 200 201 204 207 208 
209 213 214 215 218 220 221 222 226 227 234 236 
241 243 244 245 246 251 256 260 266 269 271 280 
282 284 287 288 289 292 293 294 297 299 302 307 
309 310 311 315 317 322 323 325 340 341 342 344 
346 348 354 359 362 363 367 368 369 375 386 387 
389 391 394 395 399 
117
4 9 11 13 15 19 27 34 39 42 45 47 
60 63 64 65 72 76 78 79 84 86 87 91 
93 95 102 105 107 108 109 116 121 123 124 125 
127 129 130 131 134 138 144 147 148 149 154 155 
157 159 167 176 178 179 180 185 191 193 195 196 
199 204 207 208 210 211 219 220 221 230 235 237 
238 240 242 246 251 252 256 258 261 279 280 281 
284 286 294 295 300 301 303 307 308 309 314 318 
320 325 328 330 334 336 339 340 341 342 343 358 
359 370 372 375 379 385 389 396 399 
123
3 4 10 11 16 17 18 19 22 27 28 41 
44 49 52 53 56 60 61 62 65 70 72 73 
76 77 79 82 83 84 88 91 93 95 99 101 
111 112 113 116 118 119 122 124 127 132 137 140 
143 145 150 151 152 154 155 157 158 161 163 164 
166 183 186 189 192 196 200 202 210 213 218 223 
227 228 231 234 237 243 251 259 260 261 262 263 
267 268 272 276 281 285 288 297 306 308 310 313 
314 315 318 319 321 322 323 324 326 329 338 349 
363 367 374 375 377 379 380 384 387 392 394 396 
397 398 400 
114
1 5 8 10 11 13 14 17 18 22 24 27 
31 33 38 42 46 49 56 61 72 74 77 82 
84 85 87 90 91 95 96 98 102 103 108 114 
116 119 122 125 126 127 130 135 140 147 148 151 
152 153 158 160 162 166 170 171 172 176 178 182 
184 188 191 196 199 200 206 214 216 218 232 234 
236 237 238 242 248 250 254 256 261 265 269 271 
272 275 278 281 286 287 289 296 297 298 304 311 
312 314 317 320 326 329 338 340 351 352 354 366 
370 374 378 389 397 400 
112
2 5 10 20 21 23 27 29 30 32 33 35 
36 42 43 46 63 66 68 75 76 79 80 82 
86 98 102 108 114 120 124 130 134 135 137 139 
144 146 148 149 156 159 162 166 168 169 170 176 
178 180 191 200 202 203 205 208 209 212 213 216 
219 222 224 226 227 239 241 249 250 255 257 261 
263 266 267 268 271 278 280 282 283 299 305 306 
309 311 313 317 331 332 333 335 336 338 339 341 
344 346 352 353 355 358 360 361 371 376 379 385 
392 393 397 398 
128
3 5 7 10 20 21 22 27 30 32 37 40 
41 42 45 55 57 60 63 65 68 70 72 74 
77 83 85 87 89 100 101 104 108 110 112 114 
119 121 123 128 130 131 133 134 135 136 143 144 
146 148 149 150 155 156 158 161 168 179 181 185 
192 193 194 196 197 198 199 203 207 208 214 220 
225 228 232 235 236 245 247 256 257 259 264 268 
272 273 274 277 279 280 290 293 296 297 304 305 
306 307 312 313 314 318 320 323 325 326 327 328 
336 337 339 341 342 345 348 361 363 364 366 369 
371 373 381 382 384 392 395 397 
123
2 6 7 10 12 14 17 18 21 22 29 32 
37 41 42 45 46 50 52 53 56 57 62 65 
67 70 78 79 85 87 102 105 106 107 109 113 
116 119 129 130 132 133 134 136 138 139 141 142 
143 144 151 153 154 157 158 160 164 167 170 174 
175 177 180 181 185 186 189 191 193 194 195 200 
201 202 203 210 212 217 222 224 225 227 229 230 
236 237 238 239 250 256 258 259 267 276 277 282 
286 292 295 298 306 308 322 330 332 340 345 347 
349 350 351 354 358 361 365 366 368 374 376 392 
398 399 400 
113
2 9 13 14 15 23 28 30 32 35 37 46 
47 49 58 66 69 76 81 83 89 95 98 100 
102 105 109 111 115 118 120 123 124 128 129 130 
133 136 146 151 152 154 155 160 161 162 164 166 
168 179 181 182 183 184 187 188 194 196 198 199 
200 202 211 212 217 219 220 222 231 232 233 234 
237 243 244 250 251 255 256 259 264 266 268 269 
276 277 283 287 290 292 296 300 305 309 311 315 
324 332 338 340 341 368 372 374 375 377 379 380 
387 394 398 399 400 
117
13 15 17 23 25 28 37 38 42 46 51 52 
54 55 64 65 68 72 74 80 89 90 94 98 
100 102 104 110 112 113 117 118 131 139 140 142 
143 149 150 153 155 158 159 166 168 170 171 173 
174 181 184 185 188 189 190 191 197 198 199 200 
208 211 214 216 217 220 222 230 232 235 236 237 
238 242 244 245 248 250 252 255 259 265 272 278 
284 288 289 297 299 301 304 308 309 314 315 316 
318 325 328 337 339 342 347 351 362 364 370 373 
374 377 379 384 387 390 392 397 398 
109
13 14 16 30 36 46 49 51 58 59 61 62 
64 78 79 92 95 107 109 114 130 132 136 137 
139 140 142 147 149 152 154 156 160 161 163 166 
178 179 189 197 199 202 204 206 209 211 213 214 
217 222 225 227 231 237 239 241 244 245 246 249 
251 254 257 265 267 269 274 276 278 279 290 291 
297 301 302 304 310 317 321 323 325 329 330 335 
339 344 346 349 351 352 353 355 356 360 361 362 
364 366 371 377 379 383 387 388 389 390 391 394 
400 
109
5 15 19 21 25 27 33 40 44 48 49 51 
63 64 66 67 79 80 81 82 85 93 102 104 
105 106 107 109 111 113 119 122 124 125 126 127 
131 132 133 135 136 140 141 150 151 166 167 175 
178 184 185 190 193 196 200 202 209 212 218 229 
230 231 233 236 242 243 246 254 255 257 260 262 
264 267 270 274 277 279 285 290 291 301 305 311 
313 315 319 325 328 330 335 340 343 344 353 354 
362 368 369 372 375 377 379 385 386 390 391 396 
400 
139
3 5 11 13 17 19 26 28 34 35 36 40 
43 45 46 47 51 54 59 63 67 68 69 71 
73 76 77 78 83 84 85 92 94 99 104 113 
115 116 119 122 124 128 129 130 133 135 138 139 
140 143 145 146 147 148 149 158 159 160 161 167 
168 169 171 172 174 176 177 179 181 183 184 187 
188 190 192 194 198 199 201 203 205 206 208 209 
210 211 212 213 214 226 228 230 241 242 247 252 
258 259 262 264 270 271 275 276 279 281 286 287 
289 292 293 304 306 308 312 318 320 321 327 330 
333 342 345 350 356 359 361 363 370 371 372 377 
380 383 384 385 386 388 394 
115
8 10 16 17 18 19 21 27 40 43 45 47 
49 52 56 58 59 61 66 70 74 75 83 84 
96 98 100 101 105 108 111 114 115 120 124 126 
127 128 130 131 134 136 140 146 149 164 171 173 
175 178 182 188 189 190 194 196 197 199 206 207 
217 218 220 225 229 230 233 246 249 251 257 262 
263 264 267 274 276 277 278 285 286 289 293 294 
295 297 299 300 304 310 313 314 321 322 324 329 
336 338 339 346 357 358 361 366 371 372 373 375 
385 386 388 392 394 396 399 
124
8 10 11 14 16 18 20 21 28 29 35 38 
40 49 51 55 56 57 58 62 63 64 65 71 
74 76 77 80 83 85 86 87 93 95 101 102 
113 116 117 125 133 138 139 143 144 146 152 157 
160 165 177 181 186 192 194 202 205 206 209 211 
212 219 221 223 224 227 229 231 232 234 235 242 
245 251 252 254 256 258 260 261 267 272 273 276 
280 282 284 285 287 288 296 304 306 308 320 325 
328 329 333 336 337 344 347 348 355 356 357 360 
363 367 368 370 372 373 379 382 384 385 388 391 
392 394 398 400 
117
5 6 7 11 13 15 16 17 20 22 23 24 
25 28 31 36 40 48 49 53 63 64 72 76 
78 81 82 84 89 92 94 95 98 99 100 109 
112 121 130 134 138 139 141 146 155 158 162 166 
170 172 173 175 176 179 181 182 185 192 193 194 
196 198 202 207 210 212 214 217 224 226 231 232 
239 242 246 256 260 265 269 273 277 281 285 290 
297 298 299 300 305 307 309 312 316 325 326 327 
330 333 336 340 344 351 352 357 362 371 372 374 
375 377 384 386 388 392 394 399 400 
129
3 5 8 15 17 18 20 21 24 27 32 34 
40 41 49 51 52 53 57 58 64 67 69 75 
76 81 85 86 87 88 89 94 100 101 102 104 
105 106 110 119 122 125 126 128 129 131 134 140 
143 145 146 150 152 156 162 166 174 177 179 183 
187 189 192 193 194 197 200 202 207 211 212 213 
214 215 222 224 229 230 235 240 241 243 246 248 
249 255 256 257 259 261 262 263 264 265 270 271 
284 285 288 295 297 299 306 309 310 313 317 318 
323 324 328 329 333 335 338 343 344 346 350 352 
371 375 378 379 382 384 386 387 398 
119
1 8 9 10 14 15 17 25 41 45 51 52 
53 61 64 66 71 72 85 86 87 88 89 90 
91 95 97 101 103 104 106 108 112 114 119 127 
133 135 139 140 144 152 153 154 162 164 165 170 
171 179 182 183 184 187 192 198 210 213 215 219 
221 225 232 239 240 242 245 246 251 252 253 257 
258 261 265 266 267 268 272 275 276 280 281 282 
283 284 288 294 295 300 301 303 308 309 310 318 
321 322 328 332 334 336 340 346 348 354 362 363 
365 366 368 373 378 379 382 383 385 388 398 
118
2 4 19 20 22 24 25 26 29 31 34 35 
36 38 39 51 55 58 59 61 66 67 68 72 
74 76 77 78 79 80 81 84 86 87 88 94 
95 100 106 110 115 121 122 123 124 125 126 127 
130 135 143 144 145 149 152 164 167 173 176 177 
182 190 191 192 205 206 210 212 213 214 217 220 
224 229 233 236 238 245 248 249 265 277 280 284 
286 287 288 289 293 294 295 296 297 303 304 305 
307 308 309 312 313 320 329 337 343 344 360 367 
370 371 372 380 383 388 389 390 394 400 
109
5 6 8 12 18 19 21 22 23 24 25 34 
37 39 55 56 57 58 61 62 64 66 69 71 
74 80 81 82 84 85 87 90 94 98 101 104 
108 113 120 129 137 140 144 145 146 153 160 162 
167 172 184 186 187 189 192 194 196 198 200 202 
203 208 211 215 231 238 241 243 246 248 249 251 
253 254 258 261 264 272 288 295 298 305 306 311 
312 313 315 316 317 323 325 327 336 346 347 349 
350 354 358 359 360 362 372 378 379 385 387 390 
399 
121
5 6 9 11 12 14 18 19 21 26 29 33 
34 38 47 49 51 52 57 60 61 64 65 66 
69 70 74 76 77 79 85 91 93 96 97 99 
113 123 126 128 131 135 138 144 145 146 148 153 
154 155 164 180 182 188 191 195 196 198 204 206 
207 209 219 223 226 230 232 236 241 242 243 247 
249 250 251 252 253 258 266 267 274 275 280 285 
288 289 293 294 297 304 312 314 316 317 318 321 
324 329 340 348 350 352 353 354 355 356 359 360 
365 369 371 375 379 382 385 386 394 395 397 398 
400 
124
1 2 4 8 9 10 11 13 14 17 18 21 
24 25 27 28 31 33 37 39 49 54 58 63 
65 68 77 78 81 86 87 99 101 103 107 109 
113 114 122 123 128 130 133 135 137 144 145 151 
152 161 164 165 168 174 175 178 179 181 192 194 
200 205 212 218 226 227 228 230 232 235 241 242 
245 246 249 253 255 256 258 262 263 264 269 272 
274 275 276 278 279 280 285 288 291 295 298 302 
311 315 320 322 323 325 326 329 331 345 357 358 
359 362 364 365 366 369 371 376 380 384 385 388 
389 391 396 398 
122
4 5 7 10 14 15 16 21 25 26 27 31 
32 33 34 36 39 40 43 47 48 49 51 57 
64 67 71 73 76 78 79 80 96 102 104 105 
110 112 113 114 118 120 129 135 139 142 144 146 
150 157 159 160 167 168 178 181 183 184 185 187 
192 194 204 211 213 217 220 224 233 236 237 246 
248 249 252 253 255 256 258 262 274 282 283 288 
290 296 297 298 299 306 310 312 315 316 326 330 
333 343 344 346 347 352 355 358 359 360 363 369 
370 373 375 376 377 378 379 382 384 389 393 394 
395 398 
126
5 7 11 12 13 14 15 27 28 29 31 50 
51 52 55 56 60 65 66 72 73 74 75 76 
83 86 95 98 101 102 104 105 107 111 113 117 
118 120 123 126 137 142 144 150 151 152 154 155 
156 158 163 173 174 176 183 185 188 196 198 203 
204 217 225 227 228 229 234 236 238 244 247 249 
250 251 253 254 256 260 261 262 265 268 274 284 
286 287 289 291 293 294 295 296 298 299 301 302 
304 305 307 308 310 314 321 322 325 326 329 331 
333 335 336 338 339 342 347 351 352 356 359 378 
381 386 388 389 393 398 
109
2 5 7 12 14 15 20 21 24 25 32 38 
40 41 43 47 49 52 54 55 56 63 66 68 
70 73 74 77 85 93 94 103 104 110 111 115 
123 126 131 135 136 139 143 152 158 159 164 168 
171 177 178 186 190 205 211 213 215 217 218 222 
223 224 226 230 231 240 241 242 243 250 265 273 
278 284 289 293 294 296 301 307 311 312 316 318 
320 321 323 329 332 334 335 338 344 349 350 359 
367 370 371 374 377 387 388 390 392 395 397 398 
400 
108
1 2 4 6 9 18 20 32 34 37 44 50 
51 52 54 57 58 63 68 69 75 76 77 80 
87 89 96 108 110 116 124 125 132 133 138 143 
146 149 154 156 158 160 161 166 167 170 174 175 
178 183 186 188 189 193 194 196 209 210 217 222 
223 224 230 235 238 239 248 250 251 252 253 265 
271 272 278 279 290 293 297 298 301 309 311 312 
313 314 315 318 332 336 342 346 348 353 356 357 
359 360 364 374 380 383 386 389 392 394 398 400 
123
6 8 18 22 27 28 34 36 38 46 48 49 
53 55 60 63 65 67 71 73 76 77 78 82 
84 85 86 87 88 97 100 103 105 106 108 113 
116 133 134 135 136 142 145 148 150 153 155 156 
157 158 159 160 173 175 176 177 179 181 182 186 
187 191 203 206 207 211 214 225 238 239 240 241 
253 258 260 261 269 271 276 277 278 279 280 282 
283 289 293 297 305 308 311 313 315 317 318 323 
325 326 331 333 334 335 336 342 346 347 356 361 
363 365 366 369 372 380 384 386 388 392 393 396 
397 398 399 
128
2 4 7 9 15 17 20 21 28 31 32 38 
39 44 45 49 50 51 53 57 67 71 82 83 
87 94 95 96 99 103 104 108 113 116 118 126 
127 128 130 134 135 136 139 141 143 144 146 147 
151 155 157 163 169 170 176 179 182 183 185 189 
192 195 200 204 206 207 213 218 219 224 226 228 
229 233 236 238 240 241 244 245 251 252 259 265 
275 277 278 281 284 285 288 290 292 295 299 303 
304 305 307 314 318 320 321 323 324 328 329 330 
331 339 340 341 346 352 357 358 361 363 372 375 
377 384 390 392 395 396 399 400 
116
23 26 28 29 31 32 33 39 40 41 45 48 
53 54 55 56 57 61 63 67 70 73 83 87 
88 91 92 98 101 107 108 112 114 118 126 128 
135 140 144 145 150 152 153 155 156 157 163 167 
178 179 187 196 198 202 210 211 213 216 223 225 
229 234 236 238 240 242 246 251 252 253 255 256 
258 261 264 270 277 278 279 280 282 284 287 290 
292 302 306 307 309 313 317 320 321 325 326 328 
332 334 335 340 342 343 346 347 348 350 352 367 
369 381 385 386 388 392 396 398 
100
3 5 11 12 16 17 20 31 40 42 45 48 
62 73 75 88 89 90 92 94 98 99 100 103 
109 111 116 120 122 123 124 125 126 127 134 136 
137 141 150 151 153 155 156 157 159 163 167 171 
172 177 185 192 193 194 195 196 197 199 221 223 
225 228 235 237 239 242 245 246 248 253 261 263 
270 277 278 279 286 290 306 309 310 318 334 336 
341 346 349 357 358 362 363 364 367 368 370 373 
377 384 390 399 
118
2 6 8 11 13 14 20 26 31 32 43 44 
47 51 53 59 62 67 69 71 72 74 76 77 
81 82 85 86 89 103 104 108 109 110 111 116 
120 122 126 127 130 134 137 138 139 144 146 149 
151 156 157 160 163 166 179 181 182 183 184 189 
194 199 201 206 213 218 220 221 222 227 230 231 
232 233 240 243 245 249 266 277 281 284 285 286 
288 295 296 301 303 306 311 312 313 315 320 322 
323 328 330 339 345 346 348 350 351 353 356 357 
369 370 379 381 383 387 392 393 395 399 
136
1 6 8 10 11 13 16 18 20 24 27 34 
38 40 41 42 50 51 53 54 57 58 59 63 
65 66 73 78 79 84 86 87 91 92 97 99 
100 101 102 103 117 122 124 129 132 140 142 144 
145 147 150 166 167 170 172 175 178 183 184 188 
189 190 192 195 196 198 199 202 203 210 218 220 
226 227 230 231 232 233 234 241 246 248 250 253 
254 255 258 265 272 274 277 278 280 281 282 283 
284 285 286 287 292 295 299 300 303 308 315 318 
325 327 333 336 338 339 340 343 344 345 350 354 
355 357 360 362 363 368 370 371 378 380 383 389 
390 391 396 400 
107
5 7 8 15 17 18 27 29 30 31 34 36 
37 39 46 48 50 51 53 55 67 69 70 73 
77 80 82 85 91 97 99 100 103 104 109 110 
127 137 139 141 142 146 147 158 181 182 184 187 
195 196 198 202 208 211 212 213 217 220 221 227 
230 231 234 235 240 244 245 246 250 251 267 269 
273 275 291 292 295 298 301 309 310 320 324 327 
328 331 333 343 344 347 348 350 361 362 371 374 
375 377 379 381 383 384 385 388 389 390 397 
122
1 2 4 5 6 18 28 29 34 35 36 45 
50 59 61 63 66 67 71 74 81 82 85 88 
92 94 95 102 103 105 108 119 120 122 126 128 
131 134 139 140 145 146 148 149 150 152 153 157 
172 174 175 177 178 179 180 182 188 189 196 202 
206 209 215 219 236 237 239 244 246 247 250 253 
254 259 262 266 272 274 275 277 289 291 293 296 
297 299 300 301 302 306 309 310 311 313 315 316 
322 325 326 328 330 336 338 341 346 348 350 354 
355 362 369 375 376 377 380 385 387 391 392 393 
395 397 
115
6 29 34 40 41 44 46 50 53 55 58 61 
68 69 73 76 77 89 96 97 98 101 109 113 
117 120 121 123 124 130 141 148 149 152 153 154 
156 157 161 168 169 172 176 179 181 184 186 200 
201 203 208 209 213 216 219 220 224 227 237 239 
240 242 246 250 253 254 259 261 264 265 269 271 
276 279 282 284 286 289 295 298 304 312 313 318 
319 321 323 327 328 330 333 335 336 338 339 345 
350 351 353 354 358 359 363 366 368 371 372 375 
379 382 384 386 389 391 394 
139
2 3 5 8 11 12 22 23 29 33 35 41 
43 48 50 51 57 60 61 62 63 64 65 66 
75 76 77 82 86 87 88 89 92 98 100 103 
105 112 114 115 117 119 123 127 131 133 134 136 
141 143 146 148 149 153 155 157 160 171 172 174 
176 178 182 183 184 186 188 193 198 200 201 203 
205 207 208 211 212 215 221 223 226 228 236 238 
244 245 247 249 256 260 268 274 277 281 283 284 
287 288 289 291 297 303 304 309 311 314 317 318 
320 325 327 332 335 338 342 343 345 348 350 353 
356 362 363 366 368 369 370 372 380 383 384 387 
388 390 393 394 398 399 400 
131
1 8 9 10 12 16 17 19 21 23 24 25 
27 30 34 35 36 41 44 46 51 53 56 60 
61 65 66 68 70 71 78 81 89 95 96 97 
99 111 112 115 116 117 118 119 127 129 130 133 
140 141 144 145 146 148 149 152 154 159 165 166 
168 170 176 177 178 183 186 189 191 193 194 199 
200 201 207 209 210 211 215 216 217 221 222 238 
241 242 243 244 254 256 257 259 267 270 276 277 
280 281 283 284 295 297 299 301 303 305 310 311 
313 316 318 322 326 329 330 334 338 342 344 346 
352 357 358 360 364 367 377 378 389 391 398 
121
6 7 9 15 16 18 26 28 34 43 44 48 
49 56 57 58 70 71 75 77 86 89 96 99 
100 101 108 116 120 121 123 127 129 132 133 139 
144 145 148 149 150 152 153 154 158 168 171 173 
176 185 188 191 192 201 203 208 212 213 217 218 
223 226 229 234 239 241 245 250 253 255 259 261 
262 263 267 268 269 274 276 283 284 286 287 290 
291 293 295 301 302 307 309 310 320 326 327 328 
338 339 341 342 343 344 345 348 350 354 360 362 
364 366 367 369 371 380 384 385 389 392 395 396 
397 
95
1 2 8 9 11 12 17 20 22 25 27 31 
37 45 47 48 51 52 56 57 62 66 69 76 
80 88 89 93 96 98 101 103 104 110 112 113 
119 121 125 129 131 132 137 138 141 143 163 167 
171 174 184 185 187 194 208 209 211 219 228 236 
237 242 247 251 253 266 274 275 279 281 284 289 
290 295 300 302 305 308 311 313 325 331 332 336 
342 344 345 365 368 369 370 373 378 379 385 
110
3 5 12 14 15 16 17 18 20 22 29 31 
32 36 38 42 43 48 51 54 56 62 66 73 
79 81 86 87 93 96 100 103 111 118 121 122 
133 152 154 155 160 161 163 167 177 179 182 187 
191 193 195 199 202 203 208 209 214 220 231 232 
237 240 243 244 260 261 266 270 271 277 281 285 
286 288 291 296 298 304 309 310 311 312 313 316 
326 330 331 335 337 338 340 341 343 352 353 354 
358 361 365 367 375 379 383 384 389 390 391 394 
395 399 
110
2 3 4 21 22 23 24 25 27 32 34 38 
40 42 45 47 58 61 64 73 77 84 90 93 
99 101 102 106 108 112 114 119 121 125 129 130 
131 132 134 140 142 144 146 148 162 163 165 166 
172 182 188 191 195 198 199 200 201 202 205 211 
217 218 223 227 229 231 234 235 237 240 242 244 
245 246 249 250 251 254 255 261 265 267 270 271 
276 279 282 292 305 308 310 314 316 321 324 336 
354 358 361 362 369 370 371 374 380 382 384 390 
394 399 
123
3 4 5 7 13 24 25 26 29 30 31 33 
38 41 44 48 49 53 54 61 64 65 69 74 
75 76 78 81 82 85 87 90 91 105 106 115 
120 121 123 128 129 133 134 146 154 155 161 162 
164 167 169 170 171 180 182 183 184 193 194 196 
198 199 201 203 207 208 210 211 213 214 218 219 
226 228 232 237 241 242 243 245 252 259 261 262 
264 266 269 274 276 279 280 283 290 291 305 307 
310 312 317 320 330 332 333 335 336 338 339 340 
342 353 356 359 364 371 374 375 379 380 381 383 
385 395 397 
132
2 3 10 11 12 16 18 22 25 30 31 33 
36 39 43 49 54 57 63 67 68 70 73 80 
84 85 86 92 99 102 103 104 105 108 109 112 
114 117 119 120 121 123 126 128 136 137 141 146 
148 149 156 157 158 162 165 166 169 175 176 182 
192 194 196 197 198 202 204 206 212 216 219 222 
223 230 231 232 233 236 240 245 247 249 252 253 
254 256 258 259 264 271 272 273 278 279 280 284 
294 295 297 298 302 304 314 317 323 328 335 336 
341 343 346 347 349 356 357 359 360 362 363 365 
367 369 374 376 377 378 387 395 396 398 399 400 
106
2 5 8 13 14 18 22 26 38 40 46 47 
51 53 57 59 64 65 66 82 83 84 85 86 
88 90 93 100 103 106 107 110 114 117 124 129 
134 138 144 145 147 149 152 160 162 164 165 166 
170 171 176 178 183 184 186 187 188 189 191 194 
199 200 201 207 208 220 229 232 234 235 237 252 
259 262 264 266 273 275 284 287 289 291 292 302 
303 312 313 326 334 343 345 347 349 350 360 363 
364 370 372 375 377 379 380 385 387 391 
111
3 10 12 14 17 18 22 26 27 28 35 38 
40 42 46 48 53 74 75 81 87 93 96 97 
98 100 101 105 114 120 127 128 133 134 135 138 
141 142 154 157 158 163 164 167 170 176 177 179 
180 185 186 187 188 193 194 196 198 200 207 209 
211 219 222 228 232 234 237 238 240 247 249 252 
254 258 259 268 282 287 288 291 296 301 305 306 
313 315 316 321 323 330 336 340 346 348 349 351 
353 358 364 366 371 373 376 378 381 385 390 394 
395 397 400 
124
2 3 4 6 7 16 21 24 30 33 41 43 
45 46 50 54 55 61 63 65 66 68 76 78 
79 83 87 89 90 92 93 94 102 104 105 107 
109 121 122 125 130 133 136 145 149 151 155 156 
157 161 162 164 170 172 176 181 183 186 189 192 
195 199 200 201 204 208 214 223 226 227 230 235 
236 238 240 241 242 244 250 251 255 260 276 278 
280 283 285 286 287 288 291 292 297 298 300 308 
313 317 324 328 333 341 342 343 345 347 351 355 
356 359 363 369 371 372 373 375 376 379 383 386 
393 394 395 400 
107
8 15 18 20 21 22 23 30 34 38 43 54 
63 71 76 78 82 85 89 94 103 104 105 108 
111 113 119 122 123 124 127 132 133 134 138 139 
143 145 146 147 152 158 159 161 163 171 175 179 
181 186 192 193 194 195 196 199 202 207 208 209 
223 237 244 251 253 254 263 264 266 274 275 278 
280 284 285 286 287 293 296 297 300 301 303 304 
311 319 320 321 329 331 332 333 342 345 349 354 
355 357 359 365 366 368 375 377 380 382 393 
105
2 3 4 5 6 7 12 13 16 17 19 20 
25 28 30 40 42 44 47 48 50 51 57 59 
65 74 76 82 85 91 96 99 105 106 108 114 
128 137 145 146 149 151 152 153 162 165 179 180 
182 184 187 192 194 195 198 201 204 206 220 221 
223 226 230 240 245 250 252 254 259 262 263 267 
270 272 273 277 283 293 294 295 297 300 307 308 
311 315 317 326 329 330 334 343 345 350 354 358 
363 365 369 371 385 386 387 395 397 
99
4 8 18 21 22 29 40 42 44 48 52 60 
69 72 74 75 77 78 79 80 83 87 90 94 
99 104 106 120 121 125 126 128 131 140 141 143 
144 151 152 157 161 165 176 179 183 199 203 204 
209 210 214 218 220 222 224 227 229 230 236 241 
269 273 274 281 284 292 293 294 295 297 299 301 
308 312 314 317 318 319 320 321 336 342 343 346 
348 350 355 357 358 359 360 362 364 372 373 388 
389 390 397 
118
1 3 4 10 11 13 14 15 26 29 31 34 
39 41 42 43 50 55 61 64 67 68 71 72 
80 81 82 84 85 86 90 91 92 93 108 110 
112 113 115 116 117 119 120 121 124 131 133 136 
138 145 146 148 150 157 158 161 164 169 172 174 
176 188 192 200 201 203 204 213 221 224 228 233 
235 239 241 243 247 248 254 256 257 258 260 263 
264 265 267 269 282 286 291 292 297 301 312 313 
314 316 318 319 322 324 326 333 344 350 351 354 
355 356 361 369 371 372 386 387 388 394 
104
5 8 14 17 23 29 33 35 40 42 45 48 
57 60 64 68 73 76 84 86 98 100 101 102 
112 113 115 126 132 133 142 143 145 151 158 159 
160 161 167 172 178 184 186 196 197 199 203 207 
211 217 219 223 229 230 231 238 241 242 249 250 
251 255 265 268 271 273 275 276 283 289 290 291 
293 294 295 298 300 303 306 308 315 326 331 332 
333 337 342 346 354 355 356 358 360 362 366 370 
371 373 375 381 386 392 393 398 
114
1 2 10 14 15 22 28 32 40 45 50 51 
54 65 71 73 76 80 84 85 92 94 95 97 
100 106 107 108 109 116 119 120 121 122 123 126 
128 132 133 137 138 139 140 146 148 151 152 153 
154 155 158 161 169 170 174 177 185 190 196 197 
202 203 204 205 217 222 223 225 230 232 237 239 
241 246 249 254 255 260 263 264 267 270 276 279 
286 292 293 294 295 298 299 301 302 310 312 314 
316 319 321 322 327 331 347 348 354 363 367 374 
382 384 388 390 392 395 
119
5 14 16 31 35 38 41 42 45 53 56 58 
60 61 65 68 69 70 71 73 74 75 76 78 
83 85 89 91 92 94 95 96 97 98 99 101 
104 107 112 113 116 121 123 129 131 132 133 137 
140 154 156 159 163 164 165 169 171 174 175 176 
186 193 198 200 202 205 206 207 211 220 234 236 
239 241 242 245 246 261 269 271 277 278 280 285 
297 299 301 302 303 308 309 310 315 319 326 327 
330 331 339 346 348 349 353 354 356 358 369 370 
374 376 378 379 380 384 390 392 393 395 398 
118
3 4 8 11 15 20 22 25 26 30 34 36 
37 40 41 42 47 51 52 54 61 62 67 71 
73 75 82 83 84 85 89 96 98 99 102 103 
106 110 115 116 129 133 139 140 148 149 152 161 
164 168 170 173 180 185 187 189 197 200 204 207 
209 212 214 215 216 221 223 227 236 243 244 250 
253 254 255 256 258 259 264 270 287 291 293 294 
295 297 303 312 313 314 315 325 327 328 332 334 
337 338 342 344 345 356 358 359 360 362 364 366 
367 370 381 384 386 389 390 391 393 399 
122
4 7 9 14 16 25 29 35 37 46 47 53 
58 69 71 72 74 80 81 82 83 84 87 91 
93 95 96 102 107 110 114 115 119 121 124 127 
129 132 135 138 139 152 157 161 162 166 167 170 
174 175 185 189 190 191 193 196 200 204 205 207 
208 211 220 222 226 229 231 235 237 238 239 241 
244 248 249 252 255 256 257 259 262 263 265 266 
267 269 272 274 277 280 284 285 286 289 298 305 
317 323 328 331 333 336 339 343 345 352 354 355 
357 358 361 369 371 372 373 380 381 383 384 390 
393 395 
120
9 10 13 17 25 28 32 34 41 43 57 62 
65 69 70 71 72 73 74 78 79 82 87 89 
92 93 99 104 110 114 117 120 124 129 130 133 
135 137 142 148 149 150 153 155 158 160 167 169 
174 175 176 177 180 183 186 187 190 193 195 196 
197 198 201 203 205 208 211 212 213 221 224 226 
231 234 236 237 239 242 243 246 252 256 257 267 
273 274 275 277 283 288 292 293 295 298 299 303 
304 309 311 318 321 324 329 335 337 341 343 351 
359 362 366 369 374 378 380 382 385 387 393 397 
116
1 2 5 12 13 14 15 16 28 30 32 37 
41 48 52 54 56 62 69 71 82 83 86 87 
92 101 103 106 108 109 111 112 114 119 120 124 
126 127 129 132 138 141 143 147 148 155 160 162 
165 169 170 171 174 175 182 188 189 191 196 198 
206 209 210 212 217 227 230 233 234 238 246 252 
255 256 257 259 273 280 283 287 288 297 299 302 
306 320 321 322 324 326 329 332 341 342 343 355 
357 362 363 365 367 368 371 373 375 379 381 382 
383 384 386 390 392 395 396 397 
123
3 6 13 15 18 22 26 31 32 35 36 40 
41 43 44 49 59 62 64 69 70 73 74 75 
76 84 89 91 93 99 101 102 111 116 124 130 
132 135 136 137 142 146 149 150 153 155 157 163 
166 168 169 170 172 179 182 188 190 191 195 203 
205 206 212 213 214 216 217 220 221 223 224 228 
231 239 240 242 244 253 255 260 263 267 269 270 
272 274 275 277 280 283 285 298 306 307 311 313 
315 317 319 326 328 330 333 337 341 347 350 355 
356 362 364 365 366 372 374 379 380 381 383 385 
386 393 399 
116
2 8 12 16 25 27 28 29 33 35 37 39 
41 44 46 47 49 56 62 69 70 74 75 82 
85 88 95 97 100 102 104 105 106 110 117 119 
120 126 128 129 135 136 140 141 142 143 144 147 
152 155 161 162 165 168 176 177 178 180 181 182 
183 199 206 209 215 216 221 224 226 230 231 232 
233 237 245 247 250 252 254 269 270 273 278 279 
283 285 286 287 290 291 294 296 298 301 303 308 
309 322 331 334 335 336 340 343 348 350 356 357 
360 364 376 380 384 385 399 400 
96
4 9 16 20 25 33 34 37 41 42 43 53 
55 63 68 69 70 71 77 82 90 94 107 108 
114 118 120 124 131 137 139 140 142 144 149 151 
152 157 159 164 166 176 178 190 193 196 197 201 
203 204 205 207 211 215 218 219 222 225 242 243 
245 253 256 259 264 272 273 282 290 295 312 317 
328 334 335 340 342 343 345 351 356 360 361 363 
364 368 370 373 377 378 379 384 385 387 390 393 
106
7 8 15 17 23 26 33 36 39 43 67 68 
71 74 77 79 81 83 89 92 93 95 99 107 
110 111 114 118 122 124 125 134 139 140 144 145 
150 155 158 159 163 167 169 171 179 188 189 195 
197 206 212 215 219 223 226 236 241 250 252 256 
258 265 268 271 274 295 296 297 309 312 313 314 
315 316 318 319 324 326 335 336 337 339 341 347 
348 349 352 358 360 363 364 365 367 371 372 373 
376 377 378 379 382 383 388 391 397 398 
113
8 13 18 30 31 32 39 42 43 47 50 51 
64 65 73 74 79 81 85 88 89 91 94 95 
96 98 99 104 105 110 113 114 115 121 122 131 
132 138 139 141 147 148 149 154 161 164 167 169 
176 181 183 187 192 194 202 205 206 207 212 218 
224 225 228 234 235 238 239 243 246 250 260 264 
265 269 273 277 284 290 296 299 305 308 311 316 
318 321 323 324 328 330 335 336 338 340 345 347 
348 349 353 358 364 370 371 372 378 379 380 387 
391 392 393 394 400 
113
2 4 5 11 12 13 17 19 27 29 31 39 
45 48 51 52 59 67 68 69 70 78 80 82 
85 87 88 97 99 101 102 103 105 107 112 113 
117 119 120 121 136 138 139 140 141 144 147 148 
150 161 162 166 175 177 178 180 182 185 188 194 
200 204 205 214 218 219 226 228 232 238 239 240 
244 250 251 261 262 266 268 272 273 277 283 297 
300 303 313 315 316 320 323 326 328 338 340 341 
346 356 357 358 364 368 373 374 375 380 381 384 
385 391 396 398 400 
116
3 11 19 20 27 28 32 33 34 36 39 40 
42 43 48 52 55 56 58 63 64 67 69 72 
73 74 76 82 85 90 91 101 107 110 119 121 
123 127 133 142 143 147 155 160 166 178 182 188 
189 194 195 198 199 202 209 212 213 214 220 226 
232 233 235 236 237 238 241 248 254 255 256 257 
258 259 263 270 274 275 283 284 286 290 291 294 
296 301 305 307 309 311 313 315 321 322 323 325 
328 329 338 339 346 347 350 352 354 355 356 360 
363 364 375 377 378 383 390 391 
130
3 9 10 11 18 19 27 28 29 30 34 36 
37 42 44 46 51 54 55 57 62 63 64 65 
68 69 70 71 75 80 87 94 103 106 109 111 
112 118 122 123 125 134 138 139 142 147 149 150 
153 154 155 156 167 168 169 172 175 176 179 182 
185 188 191 194 197 198 201 207 209 210 215 223 
224 225 227 228 230 231 238 251 255 256 257 259 
260 261 262 265 266 280 281 286 291 293 296 299 
300 302 304 308 309 310 312 313 315 318 320 328 
335 341 344 345 347 351 355 360 362 363 366 368 
373 379 380 383 385 386 389 392 394 400 
119
1 6 8 11 15 21 22 24 25 31 32 35 
37 40 47 49 61 64 68 71 72 74 83 84 
86 91 108 113 114 115 118 120 122 125 129 133 
136 144 145 146 147 148 149 153 159 162 167 169 
170 172 175 176 177 179 181 190 194 195 209 210 
211 212 219 220 223 225 227 230 231 235 239 251 
254 255 259 260 267 268 269 276 280 281 289 292 
295 297 299 300 303 305 307 309 325 330 332 336 
337 338 343 344 345 348 351 353 361 362 363 367 
377 379 382 383 384 386 387 388 389 391 395 
123
7 9 10 21 23 25 28 37 38 40 41 45 
49 61 65 66 69 70 73 74 75 76 81 82 
84 87 89 90 96 97 99 101 105 111 112 117 
123 127 143 147 148 149 152 155 156 157 159 161 
162 165 167 170 175 177 182 183 186 187 191 193 
197 199 205 206 208 211 213 218 219 220 227 233 
234 237 239 242 243 249 251 253 258 259 261 271 
274 275 280 281 283 293 298 303 304 307 309 311 
312 314 320 326 335 336 339 341 345 347 354 361 
363 366 369 377 378 379 382 386 387 388 391 392 
394 397 400 
117
4 7 8 19 23 25 29 34 36 51 54 58 
60 61 65 67 71 78 80 88 93 96 97 98 
100 104 111 112 113 118 119 121 122 125 133 134 
138 141 143 144 147 148 150 151 155 159 160 162 
164 167 168 170 171 177 180 185 186 189 196 198 
200 206 207 208 210 215 219 220 222 226 227 229 
231 235 236 238 241 245 251 252 253 257 262 263 
267 271 273 277 280 282 283 287 300 301 302 303 
307 320 328 339 341 342 348 349 350 351 352 358 
364 371 372 376 379 386 391 395 396 
120
4 5 7 9 12 16 17 19 30 32 34 37 
42 46 50 51 54 56 58 60 65 80 81 82 
86 88 91 92 107 110 111 119 120 121 122 124 
125 126 133 134 141 148 150 154 157 159 163 165 
169 172 173 174 175 178 179 183 191 198 205 207 
208 209 216 217 220 228 230 232 233 235 238 244 
245 246 247 248 250 251 254 256 257 263 264 268 
272 276 280 282 286 288 290 291 299 309 310 311 
312 317 326 333 340 343 346 347 351 360 362 369 
370 371 373 375 379 380 384 385 387 389 390 394 
119
1 7 8 9 13 16 17 23 26 33 36 40 
43 44 45 48 53 56 59 60 61 62 70 75 
76 77 85 88 89 91 93 94 95 98 100 101 
108 114 127 136 137 142 143 145 146 147 150 151 
153 161 175 179 180 188 197 201 202 207 213 218 
219 220 221 222 228 229 232 234 235 246 248 252 
254 258 261 262 263 268 270 271 275 285 286 288 
291 299 302 304 310 311 319 323 324 327 330 334 
338 340 341 343 344 346 347 350 352 360 369 374 
376 381 382 383 384 387 388 391 395 397 398 
131
2 3 4 5 9 10 17 22 23 25 30 31 
32 34 39 41 43 44 48 49 51 52 56 57 
60 63 67 71 73 74 76 77 78 82 85 90 
97 100 101 103 104 106 109 113 121 122 123 125 
127 128 131 134 139 141 146 149 150 156 158 161 
162 165 167 168 169 171 172 179 182 186 188 191 
192 193 195 202 203 217 224 227 228 231 232 234 
236 238 239 247 248 249 253 254 256 261 264 266 
267 268 270 275 278 279 285 288 289 291 293 299 
300 302 305 309 310 311 313 318 319 320 322 345 
351 352 353 357 363 367 372 378 382 385 396 
131
1 2 4 7 10 11 18 20 22 24 25 28 
32 35 36 37 38 40 41 44 48 51 52 53 
54 63 66 77 80 85 89 93 101 107 116 118 
124 125 129 131 133 134 137 138 141 142 147 149 
156 158 159 160 161 162 163 167 168 169 175 179 
184 187 190 191 198 202 205 206 207 208 212 214 
216 217 220 225 226 231 234 237 241 246 247 252 
258 262 266 272 273 277 278 279 280 284 286 291 
292 293 296 305 308 309 310 311 312 313 315 321 
322 324 326 331 338 342 350 351 358 359 360 364 
365 366 377 380 382 383 386 390 392 394 395 
111
4 5 7 10 16 20 21 24 25 27 36 37 
38 44 51 63 65 69 78 80 83 85 87 91 
101 103 104 109 114 115 118 132 139 141 144 146 
153 154 158 159 160 164 165 166 172 179 182 183 
187 188 189 195 202 206 209 212 213 215 221 223 
224 231 234 237 241 242 248 249 251 257 258 259 
262 267 268 272 274 275 277 279 288 291 295 300 
312 314 315 317 320 326 337 340 344 346 348 350 
351 353 355 357 362 363 366 372 374 379 384 386 
390 391 393 
124
1 8 13 14 15 20 21 23 26 34 39 43 
50 52 57 64 70 75 76 80 82 84 86 92 
97 100 107 110 112 115 116 118 119 122 124 126 
127 128 130 131 135 136 139 147 148 152 155 156 
157 160 164 175 176 180 191 196 198 199 205 207 
216 217 219 222 224 226 230 234 235 236 238 240 
242 245 250 252 254 255 256 260 263 266 267 270 
274 276 280 281 282 285 286 287 293 298 300 304 
307 312 315 319 324 327 328 329 331 332 339 340 
343 344 345 348 349 352 355 356 360 377 384 385 
386 390 398 400 
124
1 2 3 8 9 11 12 15 17 24 32 41 
48 49 55 57 60 63 66 67 68 71 76 77 
78 81 85 87 89 91 92 94 100 103 105 106 
109 110 117 118 121 127 130 132 135 137 143 146 
148 152 156 159 165 166 172 175 179 180 191 196 
197 205 210 211 212 217 219 220 223 224 230 239 
247 248 252 253 254 257 258 259 262 263 268 274 
277 278 279 284 288 290 297 299 300 306 307 308 
311 312 319 320 321 322 325 327 328 331 335 336 
346 349 351 352 357 362 364 369 378 382 385 389 
391 392 393 400 
117
4 11 16 17 21 24 26 32 37 42 43 51 
53 57 58 61 65 67 69 70 76 86 88 96 
101 102 105 106 107 114 125 129 130 131 135 137 
138 139 145 147 149 150 155 158 159 160 161 162 
163 165 170 174 176 177 178 180 185 186 190 192 
194 196 197 201 204 206 207 208 209 210 213 215 
216 221 222 229 237 239 241 244 246 247 249 251 
254 264 269 272 273 282 286 290 298 301 303 308 
310 318 319 326 328 330 331 332 336 339 342 345 
351 360 371 374 380 387 393 396 397 
104
1 10 13 16 24 27 28 29 34 35 40 44 
48 54 63 65 70 73 76 81 82 85 87 89 
91 93 94 103 105 108 109 111 119 124 138 140 
148 150 153 154 158 159 161 166 172 173 174 175 
186 187 188 193 196 197 198 199 200 206 207 208 
210 211 220 224 232 234 235 240 242 246 251 255 
262 266 269 270 278 279 285 286 287 288 289 291 
294 296 300 301 310 313 319 320 324 333 339 350 
376 377 383 386 389 390 391 392 
118
7 10 16 21 23 38 41 42 43 47 52 54 
55 58 60 61 62 65 68 76 84 86 88 94 
96 99 102 109 110 111 117 118 120 125 126 130 
131 138 144 145 149 151 158 165 169 172 174 179 
181 187 188 190 194 195 201 208 211 215 216 218 
219 221 224 230 235 236 238 239 248 251 253 256 
261 263 264 266 273 275 277 279 280 286 289 292 
295 300 301 302 303 306 308 311 314 316 320 327 
328 329 333 337 338 341 343 345 346 357 362 366 
367 373 374 376 377 384 386 389 390 392 
116
4 5 10 17 19 22 23 25 29 38 41 42 
48 49 50 55 57 61 63 66 67 80 82 85 
88 90 93 96 100 101 102 103 110 114 122 125 
127 129 133 135 137 138 144 145 146 147 148 151 
157 158 159 166 167 169 170 176 186 188 189 191 
196 197 199 200 204 210 212 214 215 217 220 226 
228 230 232 234 235 238 244 251 254 257 258 259 
270 271 277 279 284 285 297 298 305 308 311 315 
319 321 324 329 333 336 338 342 344 349 352 358 
363 367 371 372 374 386 391 395 
118
2 9 23 27 30 32 34 38 41 42 43 45 
46 47 48 49 60 62 64 65 66 69 70 72 
73 74 77 79 80 85 87 92 96 97 100 106 
108 110 111 112 118 120 122 124 126 130 132 135 
141 142 143 147 149 150 161 165 166 184 186 191 
196 198 199 208 209 216 219 225 233 235 237 243 
244 246 250 254 256 257 258 260 265 267 269 273 
275 276 281 285 287 290 296 299 302 304 306 310 
315 316 325 333 334 337 338 346 348 358 370 371 
372 373 377 378 381 383 384 385 387 400 
113
2 6 8 12 16 20 22 26 27 33 34 35 
39 42 43 44 45 49 50 52 61 62 65 67 
73 74 78 79 87 92 98 102 103 108 111 113 
119 121 124 132 142 147 148 156 157 162 165 166 
167 170 171 174 175 177 179 180 185 188 190 192 
195 196 198 210 212 226 228 229 241 244 247 254 
255 258 262 265 274 279 282 283 288 289 291 292 
293 308 311 314 315 316 325 326 329 333 335 336 
339 343 349 353 354 355 358 364 366 371 374 382 
384 386 394 395 400 
103
1 4 7 9 11 14 19 20 22 31 40 44 
45 50 52 54 66 73 79 80 93 96 97 106 
111 113 117 119 126 127 132 133 140 141 150 152 
156 157 160 162 169 174 176 178 186 188 189 195 
209 213 223 225 228 230 239 240 243 246 249 252 
253 254 260 261 266 268 270 271 277 281 285 287 
291 294 295 299 307 311 312 313 316 317 326 338 
339 340 346 354 357 358 360 361 362 363 364 367 
377 389 393 394 395 396 399 
113
3 4 14 18 19 22 23 25 26 27 28 30 
35 38 47 48 51 58 61 63 70 73 77 78 
80 89 93 98 113 121 123 128 129 130 136 138 
139 140 142 152 158 159 160 169 182 186 188 190 
193 201 202 203 205 207 211 212 213 216 219 222 
226 229 237 245 246 250 255 258 260 262 264 268 
269 270 272 274 280 283 287 288 289 295 297 298 
301 304 305 313 320 322 326 328 331 335 336 341 
346 347 350 354 355 358 360 364 372 380 381 384 
391 392 393 396 400 
132
5 6 7 10 12 14 17 18 21 26 27 31 
32 33 35 36 38 41 42 44 45 46 47 51 
52 54 55 64 65 69 75 79 80 81 83 84 
85 87 92 93 96 99 100 102 107 108 112 119 
127 133 137 142 146 147 153 155 159 160 162 163 
165 171 177 180 181 187 191 192 195 197 198 199 
201 204 205 207 211 214 216 219 223 225 226 228 
230 233 234 235 236 238 242 244 247 248 255 258 
260 261 266 267 288 289 299 302 307 310 317 320 
321 324 327 334 335 345 346 354 361 363 364 366 
371 374 381 384 385 387 389 390 391 394 398 400 
133
2 4 9 12 15 18 19 20 29 31 35 36 
37 39 42 45 46 48 49 50 51 53 56 65 
72 74 82 83 85 87 88 89 91 92 97 98 
102 103 104 105 107 108 112 113 117 121 122 132 
140 144 147 148 149 152 153 155 158 160 164 165 
166 167 170 174 180 181 185 187 188 190 193 197 
207 208 209 210 220 226 228 231 239 242 243 246 
251 252 253 255 259 262 265 269 271 273 275 278 
280 283 284 285 294 296 301 302 307 316 318 320 
322 324 326 327 328 336 337 346 347 349 357 361 
362 365 366 369 370 372 375 377 378 383 384 395 
400 
133
1 2 3 5 8 15 16 21 23 25 26 27 
30 32 38 39 45 50 52 56 58 59 60 66 
68 70 72 75 83 84 85 90 93 94 99 102 
104 107 108 111 113 114 115 116 118 120 121 122 
125 133 134 136 140 141 144 146 149 150 153 156 
161 163 167 171 174 177 178 181 184 191 193 198 
212 213 218 224 226 227 229 236 237 239 241 243 
244 245 246 247 250 252 257 260 261 264 265 269 
271 272 285 289 291 292 295 303 305 306 308 309 
312 314 323 324 335 337 342 343 344 347 355 370 
373 375 377 378 381 383 386 388 389 390 393 396 
397 
127
7 9 12 15 16 17 18 19 23 24 35 41 
43 46 47 53 56 59 62 66 68 71 72 73 
74 76 77 86 87 88 93 95 97 100 103 106 
107 108 114 115 128 132 140 141 144 155 160 162 
166 170 174 183 190 191 192 195 200 202 207 209 
214 215 216 222 229 232 234 236 237 238 239 240 
252 258 260 262 263 268 277 278 281 285 286 289 
290 291 292 293 295 296 298 299 301 305 306 312 
313 315 323 325 326 327 328 330 331 337 338 341 
343 345 352 355 357 358 360 362 364 367 368 371 
376 383 384 388 389 390 392 
119
1 3 6 7 9 10 13 16 18 21 22 23 
24 28 36 37 42 43 44 45 52 54 55 69 
71 72 74 75 86 93 94 99 100 101 104 111 
119 120 127 131 132 134 137 138 140 142 143 150 
154 156 161 162 167 176 177 181 182 183 187 190 
192 193 196 198 201 208 209 210 212 215 220 234 
235 236 237 238 241 245 246 247 251 252 259 260 
262 264 265 268 277 282 288 293 295 296 307 309 
310 311 314 317 325 336 339 341 344 353 356 360 
365 369 376 378 379 381 388 389 393 396 397 
134
4 5 7 15 23 24 27 28 36 38 40 47 
54 57 59 61 63 66 73 74 78 79 83 86 
88 91 95 97 100 101 103 105 108 111 114 119 
121 123 124 128 129 131 133 134 139 142 145 146 
148 150 152 155 157 158 159 167 175 176 182 183 
185 187 190 191 194 202 205 206 210 211 213 219 
227 230 238 243 249 250 254 257 259 262 263 264 
266 268 271 276 277 279 280 282 283 284 288 295 
297 300 304 308 309 311 322 324 325 326 328 332 
334 336 337 339 343 344 348 351 358 364 366 368 
369 371 372 376 380 381 383 386 388 391 392 397 
398 400 
104
16 18 19 25 28 30 33 35 36 37 39 40 
41 42 52 55 64 69 70 74 75 86 87 88 
91 93 98 100 103 105 107 110 113 114 115 116 
122 123 132 135 147 152 154 164 167 169 174 176 
177 180 181 184 187 191 193 194 198 202 213 215 
218 219 221 225 226 228 229 236 240 252 263 265 
300 302 303 304 305 311 313 318 319 327 328 332 
333 340 343 346 351 352 353 354 355 368 371 372 
375 376 378 380 386 392 396 398 
108
2 17 18 21 23 25 26 28 32 35 36 37 
39 46 49 55 60 67 71 73 74 77 80 82 
84 92 95 103 105 121 125 126 131 133 144 147 
149 153 158 162 165 177 179 182 187 188 196 197 
201 205 216 217 227 230 232 236 237 238 242 243 
247 248 249 252 256 258 265 267 272 275 279 281 
282 283 286 287 288 296 299 300 303 304 315 316 
317 321 322 323 329 330 332 333 335 336 338 342 
344 350 352 353 360 361 362 370 379 381 387 400 
108
3 4 10 11 14 17 22 25 28 35 37 40 
44 46 48 54 62 64 67 69 73 75 77 82 
83 86 98 102 103 104 105 110 111 114 119 120 
122 127 129 136 140 142 143 144 147 149 155 156 
158 161 163 167 173 178 182 183 184 187 190 192 
195 196 200 209 214 217 219 221 224 227 236 238 
241 247 248 251 254 256 260 271 273 275 277 279 
285 288 295 301 305 315 320 321 323 324 330 334 
336 337 347 348 351 361 366 380 389 392 395 398 
122
3 7 8 11 19 24 25 26 28 33 39 43 
44 46 47 55 57 62 64 68 71 73 74 75 
78 79 81 82 89 95 98 101 107 114 116 121 
126 135 136 140 142 144 150 154 155 156 163 166 
168 170 173 177 182 184 186 188 189 191 197 200 
204 205 208 214 215 218 219 225 227 228 229 237 
245 251 253 254 255 256 263 264 271 274 275 279 
280 285 286 291 292 294 295 304 306 309 310 312 
320 324 328 333 335 336 339 342 344 346 348 350 
358 362 364 369 374 377 379 381 383 385 388 389 
392 393 
134
1 5 8 10 15 20 21 22 28 30 32 36 
37 38 41 42 45 48 52 53 54 56 57 62 
68 71 74 75 76 77 79 80 81 82 86 88 
92 93 95 97 100 108 113 116 117 119 120 125 
126 127 141 147 148 153 155 156 158 161 165 167 
174 178 180 184 185 186 187 189 190 194 197 199 
203 204 206 215 219 220 223 227 231 234 235 236 
238 241 242 245 246 252 257 259 260 261 267 273 
278 282 284 286 290 291 293 301 303 312 313 318 
319 320 326 329 330 331 332 333 339 344 346 353 
354 357 360 361 364 365 369 378 383 385 388 394 
397 400 
133
3 4 9 11 12 15 16 17 20 24 29 32 
33 36 38 44 49 55 56 61 62 68 71 72 
75 80 81 82 83 85 86 91 93 102 109 111 
123 124 126 135 136 138 140 143 153 155 161 163 
165 167 169 170 172 175 180 181 183 184 190 191 
195 196 200 203 210 212 213 220 222 224 226 230 
232 233 238 240 241 243 245 247 254 259 260 262 
265 267 268 270 271 272 273 275 278 280 282 284 
292 295 298 301 304 309 312 313 317 321 326 329 
330 341 343 344 349 351 353 359 361 363 364 366 
367 370 372 374 377 381 382 384 385 387 395 397 
399 
108
1 3 5 7 9 10 11 13 14 16 17 18 
20 24 25 34 36 38 41 45 46 53 58 64 
76 78 79 81 82 92 96 104 105 108 112 120 
123 126 132 137 138 145 148 151 153 155 157 160 
161 164 165 168 169 171 172 174 175 188 192 194 
195 196 197 200 213 215 220 222 225 234 243 246 
254 255 256 262 263 264 275 281 284 290 299 305 
314 322 327 331 332 335 338 340 342 343 348 349 
354 355 362 367 370 375 379 381 388 390 397 398 
113
3 9 10 14 15 17 18 19 28 30 31 38 
39 42 47 48 49 52 53 57 62 64 68 69 
71 74 78 80 82 88 89 100 101 102 103 105 
107 108 111 117 118 119 124 128 132 133 136 137 
142 143 148 149 151 153 162 170 173 178 180 181 
186 190 191 202 208 209 212 215 217 218 219 222 
224 225 227 236 237 245 247 249 253 254 256 261 
262 266 274 275 289 293 296 313 316 320 322 330 
338 340 341 344 345 355 358 362 364 365 366 371 
378 380 382 399 400 
113
1 22 24 25 31 36 38 39 40 43 45 46 
55 56 57 61 64 66 69 71 74 75 81 84 
87 89 91 94 96 97 103 105 113 117 118 123 
126 127 131 138 139 144 148 150 151 152 154 158 
165 169 172 175 176 183 192 205 207 208 212 213 
214 218 220 222 225 234 235 244 250 254 256 259 
261 265 266 268 273 274 284 288 292 295 301 302 
304 306 312 316 324 325 327 328 333 336 337 338 
340 345 352 353 367 372 375 376 378 380 388 389 
390 395 396 397 400 
109
1 2 5 6 7 15 30 33 34 46 50 52 
54 55 59 60 66 68 71 72 77 79 92 94 
97 99 102 107 108 110 119 123 126 127 131 136 
140 143 144 150 151 158 159 162 163 165 166 168 
169 172 173 174 177 178 180 184 190 194 200 208 
214 215 216 218 221 225 229 233 239 244 250 252 
253 255 264 265 268 272 274 283 286 291 292 295 
302 309 317 322 328 330 332 339 343 345 347 350 
351 354 355 358 369 374 380 382 383 391 392 398 
400 
108
2 3 8 9 10 19 21 24 29 30 33 36 
43 48 51 61 62 81 87 96 99 100 101 106 
108 116 122 129 146 148 150 152 156 160 162 167 
171 172 175 177 178 183 186 188 189 190 192 193 
194 195 197 208 219 223 225 226 228 229 230 243 
245 248 255 257 258 261 264 268 269 270 272 274 
285 287 290 292 300 306 307 311 314 318 324 327 
331 333 338 341 343 346 348 351 352 358 359 360 
366 376 382 383 385 387 389 390 391 393 395 400 
119
5 8 10 18 22 25 27 31 32 34 35 37 
39 41 42 44 46 50 55 64 65 67 72 76 
79 80 81 84 90 97 103 104 106 108 110 114 
127 129 135 137 147 150 152 154 157 165 169 176 
179 180 187 189 190 194 196 200 204 212 213 214 
215 219 220 221 222 224 225 227 240 242 243 244 
247 248 251 258 268 283 284 286 287 292 300 301 
305 309 313 314 319 323 324 326 327 332 333 334 
343 345 353 357 363 365 366 367 369 374 376 379 
383 384 385 387 390 391 392 393 397 399 400 
128
2 3 4 5 6 7 9 11 12 14 15 16 
18 22 24 26 28 34 39 46 48 50 55 56 
59 72 74 75 78 79 83 88 89 94 98 104 
108 111 116 118 119 120 122 126 127 132 134 136 
139 143 147 152 154 156 159 162 168 172 175 183 
193 195 197 205 206 213 214 217 218 219 223 227 
229 236 237 243 255 264 268 276 280 281 285 286 
288 291 292 293 294 297 299 300 301 302 305 308 
309 314 316 317 318 320 323 329 330 334 342 345 
347 348 349 357 358 360 361 367 373 374 378 383 
384 385 386 387 389 395 396 398 
122
4 6 16 18 19 20 21 27 29 30 32 38 
45 50 51 52 58 59 60 61 65 68 76 82 
89 95 100 101 104 106 114 115 119 124 125 130 
131 132 138 139 141 143 148 150 151 152 154 157 
158 160 161 163 170 174 175 177 178 180 188 190 
191 194 196 198 199 201 206 207 210 219 221 227 
228 229 237 243 244 253 255 256 261 271 274 275 
277 278 283 294 296 297 305 310 311 318 321 322 
326 328 329 330 331 333 334 337 338 339 340 341 
343 346 351 354 357 366 369 376 378 382 383 384 
389 400 
125
5 8 12 15 16 17 19 29 30 31 35 39 
40 41 42 50 52 53 54 55 58 62 63 64 
66 67 71 72 73 76 82 83 84 88 92 94 
98 104 109 111 114 117 126 131 132 133 134 135 
136 138 145 148 155 159 160 162 169 170 172 179 
181 182 186 189 190 191 192 195 200 201 209 211 
215 216 218 222 227 234 238 241 246 251 252 256 
257 258 259 262 263 266 280 284 286 287 288 290 
294 296 301 302 303 305 307 308 312 317 322 323 
324 331 334 339 347 348 356 359 363 369 374 377 
380 382 383 390 399 
132
4 5 8 9 11 12 13 17 18 32 33 35 
36 41 42 49 51 52 54 59 61 62 64 65 
69 73 77 80 83 88 89 94 100 102 104 105 
106 112 113 114 118 119 120 121 129 133 134 135 
136 138 140 141 144 147 151 154 155 157 160 165 
166 167 169 170 171 173 178 180 184 186 187 188 
190 193 196 204 207 223 225 226 232 239 243 246 
247 248 249 254 259 260 263 264 265 279 280 281 
282 283 285 291 293 302 309 314 324 325 332 339 
343 344 348 351 357 360 361 362 363 365 366 367 
369 370 373 374 375 381 383 384 393 396 398 400 
120
3 5 11 17 18 20 22 25 33 37 39 42 
47 54 57 63 68 70 75 76 87 88 92 95 
98 100 101 111 120 128 129 130 138 140 142 143 
144 145 146 147 148 149 150 156 159 160 167 174 
176 177 181 182 183 185 186 190 193 198 207 209 
211 212 214 217 220 228 229 231 237 240 244 245 
248 251 252 255 261 264 272 274 275 277 279 287 
290 291 293 295 296 298 304 307 310 313 317 322 
326 335 336 339 340 342 345 346 348 351 365 373 
374 375 377 380 383 384 386 388 392 393 394 397 
119
6 12 14 23 29 33 36 39 42 45 64 67 
68 69 71 76 77 85 88 91 96 98 100 106 
111 113 115 118 121 124 126 128 131 132 133 135 
136 138 139 147 149 151 154 157 160 163 169 171 
173 177 178 181 182 184 188 193 195 196 198 203 
209 211 214 217 219 229 231 236 244 247 254 256 
260 266 268 275 277 279 281 282 283 286 287 293 
304 306 308 309 317 319 320 322 323 329 330 331 
332 333 335 336 337 338 339 346 347 351 353 354 
357 359 374 376 380 387 388 397 398 399 400 
129
1 4 5 8 10 12 14 18 23 24 31 34 
39 40 47 50 56 57 58 62 63 68 73 75 
77 81 83 90 91 92 93 96 101 106 107 114 
120 124 130 136 137 139 143 145 148 152 153 155 
156 159 161 166 173 175 176 178 180 182 183 185 
193 194 197 202 204 205 206 207 209 210 220 223 
228 233 237 240 242 248 249 254 259 260 262 264 
271 273 277 278 281 286 287 288 290 292 294 297 
308 310 316 318 319 321 322 326 328 330 331 336 
337 338 340 341 342 345 348 349 355 356 358 359 
363 368 371 374 386 389 390 393 394 
112
2 7 11 13 17 20 26 28 65 73 74 75 
81 85 88 93 95 103 104 105 106 107 112 116 
118 120 124 125 127 130 133 134 136 137 143 146 
148 149 150 151 154 158 161 162 164 167 171 178 
179 183 184 186 193 197 199 202 208 211 214 218 
219 223 227 232 234 240 242 243 251 254 255 258 
266 267 269 274 282 285 289 290 291 293 299 302 
308 313 319 322 323 324 326 331 335 336 341 345 
346 352 353 357 361 366 367 368 376 383 384 386 
393 394 396 397 
104
1 13 18 19 26 33 34 36 40 44 48 49 
51 54 55 56 57 58 59 61 65 66 69 70 
74 83 84 95 98 99 102 103 106 118 128 131 
142 144 149 156 157 159 160 170 175 178 179 185 
186 189 191 193 195 196 197 200 203 207 209 213 
225 231 232 234 238 241 253 266 271 275 277 285 
289 291 294 299 303 306 313 316 322 323 324 327 
328 331 332 333 334 337 344 353 354 358 371 379 
381 384 386 389 391 393 395 399 
126
1 3 10 11 12 13 15 18 20 21 32 34 
39 40 43 47 48 51 55 59 60 64 68 70 
72 74 85 86 93 99 107 109 110 111 126 132 
135 136 139 144 146 147 148 149 150 151 152 160 
165 168 173 174 175 177 180 184 186 187 188 189 
191 192 193 198 200 203 209 211 213 215 216 219 
224 227 230 232 233 234 235 236 237 241 242 244 
253 254 256 266 267 270 271 276 278 281 283 288 
291 292 293 294 295 304 305 306 308 317 319 320 
324 328 340 343 350 351 354 359 362 366 372 374 
375 377 379 391 393 395 
135
5 6 7 9 12 17 18 23 32 38 39 41 
43 47 49 51 54 55 58 64 65 66 69 70 
71 77 78 81 82 85 88 89 90 94 97 103 
104 105 108 110 113 115 117 119 120 125 128 129 
131 137 142 143 144 147 149 150 151 152 156 157 
160 164 170 176 177 179 181 183 188 189 190 194 
199 208 209 215 217 219 220 227 229 239 243 252 
255 265 269 272 273 275 280 282 284 286 294 297 
298 303 304 307 309 312 314 316 319 321 323 324 
325 330 334 338 342 343 344 345 349 351 352 353 
354 359 360 363 366 369 375 376 385 386 395 396 
398 399 400 
118
1 3 5 12 16 21 22 23 32 36 37 38 
41 43 45 47 55 57 59 63 65 68 72 74 
76 80 82 83 92 93 95 100 102 103 108 109 
111 113 124 125 130 138 140 148 150 154 156 158 
159 162 166 168 171 173 174 177 183 185 186 195 
196 197 198 200 201 210 211 216 217 220 221 222 
229 233 240 247 254 266 268 269 273 274 284 286 
288 289 290 294 303 307 309 310 311 314 318 321 
324 330 331 332 338 351 352 359 362 363 364 369 
376 378 380 388 389 391 393 395 398 399 
123
4 5 6 10 11 12 14 15 18 19 24 28 
30 33 39 46 50 52 56 58 59 62 72 73 
74 76 78 79 80 85 86 87 88 89 99 100 
102 104 107 110 113 115 119 120 122 123 126 127 
128 131 134 138 140 147 149 151 154 155 156 158 
161 162 164 171 191 192 196 202 214 217 218 222 
224 230 231 232 242 245 249 250 251 254 258 259 
262 264 265 267 270 272 280 282 301 302 305 307 
308 314 315 326 329 330 333 334 336 340 341 344 
350 351 352 354 357 362 364 366 368 369 370 371 
373 377 389 
108
1 2 4 10 17 28 31 33 34 35 41 42 
44 46 52 55 59 61 62 67 68 69 71 74 
76 77 78 81 82 94 99 100 106 108 111 117 
123 124 126 130 132 138 147 149 170 176 178 179 
189 190 194 197 199 202 203 205 209 213 216 221 
235 238 240 243 250 252 261 264 265 269 271 274 
278 283 285 287 289 296 299 300 301 302 306 307 
317 320 323 330 337 347 351 352 356 359 361 363 
366 367 375 378 380 381 386 387 388 391 393 394 
116
1 2 6 10 15 21 29 33 34 35 41 44 
45 47 55 57 59 62 77 79 83 87 92 94 
99 104 105 106 107 111 114 118 123 125 126 127 
128 134 136 137 139 143 150 152 161 167 169 179 
180 181 183 190 199 201 206 221 223 227 229 232 
235 237 243 249 252 254 265 268 269 272 276 277 
281 290 291 300 301 302 304 307 310 311 315 317 
318 321 322 326 327 328 330 333 336 338 340 341 
343 345 346 348 349 352 356 358 364 366 369 370 
371 375 379 382 383 392 399 400 
144
1 4 5 7 8 9 10 11 18 23 24 28 
36 37 40 43 45 46 48 52 54 55 56 57 
58 59 62 68 69 76 82 84 86 89 94 95 
96 99 102 103 105 106 108 110 115 121 128 134 
135 139 140 142 143 148 150 153 155 161 162 164 
166 167 169 171 172 175 176 178 183 186 191 194 
196 197 198 199 204 205 209 210 211 212 217 218 
219 220 224 227 228 232 234 235 237 246 248 249 
250 251 257 259 260 263 264 268 270 272 277 284 
285 290 292 295 303 304 305 313 315 321 327 330 
333 340 343 344 346 348 349 351 358 360 361 364 
366 369 371 374 376 378 379 383 390 395 399 400 
122
4 6 14 15 16 24 28 29 30 34 35 41 
44 45 52 53 55 56 57 59 61 68 70 73 
74 81 83 85 86 87 89 90 96 100 101 109 
110 112 113 115 121 125 128 129 130 131 133 134 
136 137 144 145 150 152 153 154 155 159 163 166 
169 170 171 177 180 181 182 183 189 197 199 202 
204 208 210 213 214 215 223 227 228 230 232 239 
244 245 248 257 263 274 276 280 284 295 298 305 
309 313 314 315 318 319 321 322 323 326 336 350 
352 356 358 373 377 385 388 390 391 393 395 396 
397 400 
126
2 3 8 9 11 14 15 16 17 19 25 26 
27 28 29 33 35 37 43 46 51 54 55 57 
58 63 68 73 77 80 84 87 89 91 92 94 
96 97 103 112 115 118 120 122 126 129 132 136 
137 139 140 142 144 145 149 151 166 173 174 176 
177 181 183 186 188 190 197 198 201 203 205 207 
208 211 212 214 219 227 228 232 237 240 244 247 
251 255 256 257 262 264 265 267 270 274 275 276 
278 281 291 303 304 306 308 309 315 318 321 322 
327 329 332 341 351 353 354 358 360 364 371 377 
378 383 390 393 395 399 
132
1 3 4 5 9 20 24 27 28 32 33 39 
42 46 48 49 59 64 66 67 68 70 74 76 
81 84 89 90 92 93 98 99 104 113 119 122 
125 127 131 132 133 134 135 138 140 145 146 148 
151 158 161 162 166 167 169 175 179 181 182 184 
186 191 192 194 195 196 202 204 207 208 209 215 
219 225 226 227 228 229 233 236 241 242 244 249 
250 251 258 261 263 267 268 270 278 282 285 287 
296 297 301 306 308 312 314 315 317 320 321 324 
327 328 330 332 335 341 342 344 345 347 348 349 
350 356 357 361 365 367 370 377 379 383 399 400 
129
6 7 8 11 17 25 27 28 32 40 42 46 
49 56 62 64 65 74 75 77 79 87 88 90 
91 92 93 95 98 101 105 108 117 118 119 125 
131 132 136 137 138 139 143 144 145 146 153 156 
157 158 161 162 166 167 168 178 181 182 183 190 
191 192 194 201 204 206 208 209 210 214 215 216 
218 220 222 223 225 230 232 233 236 243 244 246 
251 253 256 258 267 271 273 275 281 284 288 289 
290 293 294 296 298 300 308 311 313 318 319 326 
329 336 338 339 340 341 347 348 354 356 363 364 
367 370 371 372 377 381 392 397 398 
117
1 2 4 7 9 11 16 21 22 26 28 33 
34 39 43 50 51 57 58 59 60 62 63 67 
72 78 81 94 96 105 107 110 112 119 123 128 
131 135 139 140 141 144 147 150 153 158 160 163 
167 174 179 182 187 188 196 200 201 202 204 206 
213 214 216 217 224 226 227 229 234 236 242 246 
247 248 250 252 256 264 269 276 277 279 285 286 
294 296 298 301 306 309 311 313 315 324 327 332 
333 335 342 355 360 363 364 366 369 371 373 374 
377 378 383 385 388 390 391 392 399 
129
3 4 5 6 12 13 14 15 20 21 23 24 
27 31 38 44 46 48 50 52 53 58 59 63 
68 69 74 78 80 85 94 95 96 100 102 110 
117 127 128 130 133 139 141 150 159 160 166 167 
169 170 173 174 175 176 184 187 189 192 196 199 
203 204 205 211 213 215 216 218 225 226 229 230 
233 236 237 242 244 245 255 259 262 264 265 266 
267 270 273 275 281 285 286 287 288 290 293 304 
305 309 314 321 322 324 329 330 332 333 337 338 
339 342 346 348 350 356 361 363 364 366 371 374 
375 379 386 387 388 389 393 397 400 
115
1 5 11 12 21 25 28 29 34 35 36 39 
44 51 53 59 60 62 66 67 68 73 74 76 
78 79 80 83 90 92 97 104 108 110 119 131 
133 140 142 144 145 150 154 155 156 160 165 167 
171 172 174 177 183 186 188 191 194 200 202 205 
206 210 211 214 217 220 221 230 231 235 243 244 
245 247 262 269 271 272 273 276 282 290 293 296 
298 300 302 305 307 311 312 318 319 320 323 330 
333 335 336 337 343 346 348 349 352 357 360 367 
377 378 384 386 391 393 395 
121
3 4 7 9 11 13 14 16 19 20 21 29 
31 40 42 45 48 49 54 55 58 65 71 92 
93 96 100 103 106 109 110 111 113 115 116 118 
122 124 127 129 132 140 141 143 151 159 165 166 
169 172 174 183 186 188 190 192 194 195 196 199 
200 202 204 205 211 213 224 230 231 233 236 238 
244 245 247 253 257 258 260 262 264 269 270 274 
276 282 285 286 290 294 299 302 309 311 312 316 
318 323 324 325 328 340 342 350 351 354 358 365 
368 370 371 374 377 378 383 384 387 388 391 392 
398 
117
1 3 8 10 13 15 21 26 31 47 53 58 
59 67 69 75 81 83 89 90 91 94 96 97 
102 104 107 108 121 122 124 132 133 137 144 147 
150 153 154 155 159 161 162 172 176 177 183 197 
200 201 202 205 213 214 216 218 219 225 233 234 
237 242 245 246 247 249 250 254 256 263 264 268 
272 276 278 288 289 290 291 294 296 300 304 308 
309 318 324 325 326 336 337 338 340 346 347 349 
350 353 354 359 360 362 366 369 372 373 374 375 
377 379 381 383 386 388 389 392 397 
129
2 3 4 7 12 13 14 20 25 34 38 39 
41 45 46 47 48 49 50 51 52 53 55 57 
58 62 66 69 71 79 81 82 84 87 101 103 
107 108 113 119 121 127 138 139 143 145 147 148 
150 153 155 156 158 159 164 169 170 175 176 179 
181 184 187 191 192 200 205 207 213 216 232 233 
244 247 249 251 252 253 257 262 264 269 270 276 
278 283 286 287 297 298 299 301 303 304 308 309 
312 313 316 320 321 322 324 325 327 329 333 340 
343 350 352 353 355 363 364 366 367 374 375 378 
379 384 385 387 390 393 394 396 398 
129
4 6 8 10 13 20 21 22 23 24 26 31 
35 36 41 50 52 54 56 59 60 65 69 75 
76 77 87 89 90 93 98 99 100 102 105 110 
112 113 114 126 128 129 132 140 146 148 149 153 
155 156 157 160 164 166 168 170 172 173 174 184 
186 187 189 191 193 198 200 201 202 203 207 208 
209 211 212 213 215 219 220 227 229 232 235 237 
244 245 246 251 256 257 259 261 265 267 269 276 
279 288 290 296 303 304 306 310 311 316 317 318 
319 320 322 325 334 336 338 339 343 346 360 366 
375 379 381 384 388 391 392 394 395 
125
5 8 9 12 14 18 20 21 26 28 38 39 
40 41 43 45 49 51 52 57 58 61 63 65 
70 77 78 79 80 85 86 93 94 95 99 104 
112 113 115 117 119 126 127 129 130 133 137 141 
143 145 151 153 155 157 160 164 166 167 168 170 
171 173 175 177 178 179 182 189 197 199 202 203 
207 208 215 221 223 224 229 233 236 239 241 245 
246 248 252 254 255 259 262 263 268 272 281 282 
285 286 289 291 292 305 309 311 312 315 317 324 
325 332 338 344 346 347 348 349 354 358 361 363 
369 371 377 386 396 
127
8 12 13 17 19 26 27 31 32 33 35 38 
40 44 45 51 55 57 59 61 67 68 72 74 
75 78 84 85 88 89 95 97 98 101 102 108 
109 110 111 112 121 125 130 134 139 140 141 142 
147 157 162 164 170 172 177 178 183 187 191 192 
195 198 203 207 218 219 227 230 232 234 236 237 
238 239 243 251 257 258 259 262 263 268 269 272 
278 281 286 288 292 293 297 298 307 308 314 315 
323 324 325 326 327 328 331 336 344 346 347 349 
354 355 359 361 363 365 370 371 373 377 378 384 
387 388 389 391 393 394 396 
110
1 2 4 13 28 31 36 37 38 41 42 44 
45 48 49 50 51 56 58 65 67 71 73 76 
86 91 93 100 103 105 108 109 117 118 127 129 
133 142 148 149 153 154 155 162 163 170 174 176 
178 180 187 188 194 196 198 201 204 209 211 214 
216 217 218 220 231 240 243 246 247 249 251 254 
262 263 266 268 273 294 296 297 299 304 307 310 
314 316 317 322 325 326 327 334 341 342 349 350 
351 356 364 367 369 377 378 380 384 385 390 391 
393 398 
98
4 5 9 12 14 18 19 24 25 30 31 35 
43 55 56 58 59 61 62 65 73 76 77 78 
80 88 89 91 95 102 103 104 105 123 125 127 
131 133 134 136 140 151 154 155 165 166 168 177 
178 179 181 185 187 189 190 191 196 200 201 208 
212 217 220 225 227 228 229 231 242 244 255 263 
264 269 270 279 285 290 302 304 307 315 318 326 
329 331 335 341 346 353 355 357 374 375 376 377 
380 385 
115
3 5 6 9 14 16 17 25 26 28 29 32 
33 35 40 41 43 46 49 50 51 53 54 55 
59 67 68 69 71 77 84 86 87 89 95 97 
100 107 110 113 121 122 125 128 134 137 139 140 
148 153 154 185 187 190 196 199 201 203 205 208 
209 210 211 212 213 215 222 225 227 231 236 243 
246 255 263 266 274 278 282 283 286 287 291 292 
293 294 296 298 300 307 311 318 321 324 328 340 
341 342 343 345 347 348 355 356 367 368 370 373 
374 378 380 388 390 393 396 
121
2 4 7 13 21 28 34 35 37 38 39 41 
42 44 45 54 57 58 61 78 79 80 81 86 
90 95 97 99 101 103 104 109 112 113 117 126 
129 133 134 135 136 145 152 161 163 168 171 172 
174 179 181 183 188 189 192 194 199 201 206 208 
210 212 213 216 217 222 223 229 230 240 251 252 
253 263 264 266 270 272 277 283 284 285 290 291 
293 296 297 298 299 302 304 307 308 309 316 319 
321 324 326 328 329 330 336 346 351 354 364 366 
367 369 376 378 380 383 385 389 392 393 394 396 
397 
125
1 5 10 11 12 14 15 17 19 22 29 33 
35 43 47 52 55 56 60 65 74 80 81 85 
86 94 99 101 102 105 110 122 126 130 133 136 
139 141 145 147 154 155 157 158 160 161 162 163 
169 171 172 179 180 181 182 184 186 187 189 193 
196 200 203 204 207 208 211 224 231 232 235 237 
240 244 249 250 254 262 266 267 268 274 280 281 
282 283 289 292 296 297 301 304 305 306 307 308 
319 323 324 331 332 340 344 348 351 352 353 355 
356 360 361 364 367 368 370 373 374 379 382 388 
392 393 395 396 400 
133
4 5 6 7 9 12 13 14 22 24 25 28 
30 31 36 39 42 43 46 47 51 54 59 60 
63 68 70 73 74 75 77 79 86 87 92 94 
98 100 105 107 110 111 112 120 129 131 133 139 
140 141 145 151 154 156 160 164 168 169 179 188 
189 190 191 192 196 197 198 199 200 203 216 222 
224 228 230 233 234 245 248 251 259 260 264 265 
269 270 274 276 277 282 283 284 287 289 292 294 
300 302 310 316 320 322 325 330 335 336 337 340 
341 344 349 352 353 354 355 360 361 364 365 367 
368 373 379 380 381 383 386 387 388 389 391 396 
398 
127
16 17 18 23 28 29 31 34 35 36 37 44 
48 53 55 59 66 68 69 72 83 84 85 87 
90 101 102 104 105 108 111 115 118 119 124 128 
131 132 133 134 142 145 146 148 151 154 156 158 
165 169 171 176 182 188 190 191 199 201 202 204 
205 208 212 218 220 222 224 226 231 235 236 246 
247 252 254 259 272 274 275 276 277 279 281 282 
283 284 285 290 292 296 297 302 303 306 307 308 
313 314 316 319 320 321 322 325 328 329 330 334 
339 340 347 349 352 353 354 360 361 362 365 366 
373 380 388 390 392 395 397 
112
3 6 14 28 35 38 41 42 45 46 56 59 
64 66 67 69 73 74 77 83 86 95 98 110 
112 113 114 121 126 136 138 139 140 143 147 148 
149 151 154 155 157 159 166 167 171 172 177 178 
180 187 194 197 212 214 215 216 229 231 234 242 
244 245 246 251 256 258 259 261 262 264 265 268 
269 274 281 282 286 287 294 295 296 297 300 304 
305 310 311 312 314 319 327 328 332 333 339 345 
346 348 349 351 354 358 363 369 372 373 374 378 
379 387 395 397 
111
4 5 14 16 18 21 23 24 25 27 34 38 
41 42 51 52 61 63 67 69 75 77 80 86 
95 96 104 107 109 115 118 120 130 133 135 136 
141 146 150 156 157 162 164 165 166 178 183 187 
190 192 201 202 209 210 211 213 216 217 220 224 
227 229 230 232 233 237 239 240 244 246 250 255 
256 258 264 266 267 274 278 279 287 288 292 295 
296 297 305 306 315 325 335 336 338 345 350 352 
353 361 366 368 369 370 373 376 384 388 390 391 
393 395 400 
141
5 9 12 16 22 23 24 27 29 30 31 32 
34 36 38 39 42 52 55 56 60 62 63 65 
67 68 71 72 75 79 80 82 88 89 94 98 
109 110 111 113 114 115 116 117 120 122 132 133 
134 138 142 147 148 150 151 154 156 157 161 165 
170 171 176 177 178 179 180 181 184 188 189 194 
195 201 202 203 204 205 211 223 226 227 228 229 
230 233 234 239 240 243 245 247 257 261 263 267 
268 269 271 275 279 283 286 287 288 290 291 292 
295 296 301 303 304 305 307 308 309 320 324 325 
330 338 339 341 343 345 348 353 360 361 366 367 
370 372 384 389 391 394 395 396 400 
132
6 7 9 12 19 20 21 22 26 28 29 37 
38 41 43 45 47 52 56 59 61 63 65 66 
71 75 85 87 90 91 92 93 102 103 105 110 
113 117 118 121 124 126 127 128 132 133 134 146 
151 153 154 155 158 162 165 170 184 185 190 194 
199 203 205 208 209 213 217 220 222 231 240 241 
244 246 253 258 259 262 263 266 269 271 272 274 
276 279 282 283 289 290 296 297 298 304 308 310 
311 316 318 321 322 327 329 333 335 336 337 340 
341 342 343 344 345 348 351 352 354 355 358 359 
364 369 370 372 377 378 380 386 390 394 395 400 
132
1 3 7 10 12 13 17 18 22 24 26 31 
35 36 37 38 45 47 48 55 56 61 64 66 
72 74 77 79 81 85 88 89 95 97 99 104 
108 110 113 116 117 123 124 125 128 129 138 139 
141 142 147 148 152 156 169 173 175 176 181 182 
183 184 186 191 196 198 201 204 207 209 211 213 
220 222 223 231 232 234 240 241 249 251 253 254 
255 257 258 261 263 265 266 269 270 272 276 281 
284 285 293 297 298 301 302 308 311 313 316 318 
320 323 324 326 333 334 336 343 346 347 350 352 
354 355 357 362 363 376 377 382 390 392 398 400 
117
3 7 9 16 18 20 21 26 30 35 36 38 
39 40 43 44 60 66 68 69 70 73 77 83 
88 89 90 91 97 99 103 105 106 107 108 113 
117 121 123 124 129 130 131 137 140 142 145 147 
149 165 168 173 175 180 181 182 183 186 188 190 
191 193 197 199 200 207 208 212 215 222 224 227 
232 236 237 239 245 249 250 255 259 261 263 264 
266 273 274 286 293 295 298 299 307 309 311 317 
319 325 330 337 338 341 342 343 345 346 347 348 
354 364 369 370 373 379 392 397 398 
105
5 9 11 12 13 16 17 24 27 32 40 41 
50 51 53 54 59 61 62 63 64 65 70 74 
75 77 79 82 85 94 97 99 102 110 114 115 
116 118 127 130 131 134 138 140 143 147 148 149 
151 154 155 168 170 190 193 195 197 198 199 201 
211 212 213 215 221 228 230 234 236 249 250 254 
263 276 278 283 284 301 302 306 318 319 320 327 
330 338 350 352 358 359 365 366 367 368 374 376 
377 378 380 386 387 394 395 396 398 
137
4 6 7 9 10 11 18 22 25 30 33 34 
35 37 43 49 53 63 65 67 69 70 72 73 
76 78 79 84 87 89 90 91 95 96 98 99 
102 103 104 107 108 110 112 114 119 124 125 134 
135 136 140 145 149 150 152 156 157 165 170 176 
178 179 185 186 188 189 191 195 197 200 207 211 
213 215 216 220 221 224 227 231 233 236 238 244 
246 251 253 255 257 261 262 264 269 272 273 277 
280 283 284 288 290 295 297 298 300 301 306 309 
310 312 316 317 327 330 333 340 343 347 351 358 
359 363 365 366 371 372 374 375 378 379 382 386 
387 390 391 392 399 
128
4 5 7 10 15 18 20 26 30 31 34 35 
39 46 53 55 57 60 63 69 73 82 85 88 
91 92 93 97 98 99 103 106 115 116 122 124 
126 127 133 134 137 138 144 150 152 153 156 161 
164 165 168 175 180 181 182 183 184 185 186 193 
196 199 204 207 213 215 219 222 226 229 236 239 
240 247 252 257 261 262 265 267 268 271 277 278 
279 283 286 288 289 293 297 298 299 301 303 308 
309 319 320 323 331 332 333 338 343 345 349 350 
353 361 362 364 365 366 373 380 382 383 384 385 
387 390 392 395 396 397 398 399 
118
3 6 8 14 17 20 26 30 33 36 42 43 
51 55 66 69 72 75 78 81 82 84 92 96 
98 99 101 102 104 106 110 116 120 121 130 139 
141 153 157 158 159 162 163 164 169 173 175 178 
182 188 189 195 204 206 211 217 220 221 223 231 
232 239 243 247 253 255 256 259 260 261 266 269 
270 272 274 275 281 282 287 292 294 297 300 302 
304 305 310 311 315 317 318 320 323 326 327 330 
331 334 336 342 343 346 347 348 351 353 359 363 
365 368 371 373 376 379 381 384 385 397 
121
8 12 14 16 18 21 25 26 28 32 33 39 
44 46 48 56 59 63 64 73 77 87 89 90 
93 96 98 99 101 103 105 108 110 121 125 126 
129 133 138 142 144 145 148 153 158 160 162 164 
167 171 175 177 178 179 187 189 190 191 192 194 
197 200 201 203 206 209 211 219 227 235 237 238 
242 247 248 252 254 258 259 260 264 266 268 271 
273 279 283 285 290 293 294 301 302 304 305 307 
308 313 315 317 318 331 332 333 335 341 342 343 
347 352 355 366 370 374 375 386 389 390 397 398 
400 
137
6 16 17 19 20 21 23 27 29 31 33 37 
38 40 41 43 51 52 55 58 59 60 61 62 
63 69 70 73 74 80 81 82 85 87 89 93 
95 97 98 101 102 103 106 107 108 112 113 114 
118 126 139 141 142 143 146 152 160 162 163 164 
166 168 169 170 171 178 179 182 183 184 186 187 
191 192 196 207 210 211 213 215 217 219 220 221 
223 227 228 230 231 232 235 238 242 247 251 259 
265 273 276 281 286 287 288 289 298 299 301 306 
308 309 312 326 327 329 334 336 343 350 352 360 
361 366 367 370 376 377 379 382 384 385 389 390 
391 393 394 396 398 
119
3 4 11 13 17 20 21 24 27 30 31 33 
38 45 49 50 53 55 60 61 65 66 67 70 
71 74 75 82 85 92 100 101 104 112 113 116 
134 141 143 147 148 149 151 154 155 165 170 172 
179 183 185 186 187 192 193 196 199 201 203 204 
214 215 221 226 228 232 238 245 246 257 258 259 
261 262 265 266 268 269 270 272 273 276 278 279 
282 283 284 286 288 290 296 298 300 302 303 305 
306 317 322 323 325 332 335 339 343 349 360 362 
366 373 374 381 383 385 387 388 391 397 398 
116
10 11 12 13 19 26 27 35 39 42 47 50 
53 58 70 71 74 75 78 83 87 89 94 95 
100 110 114 118 124 125 127 130 131 137 138 145 
146 147 148 151 154 162 168 171 176 179 181 183 
187 188 189 191 192 200 205 206 207 212 213 214 
216 219 224 230 234 239 243 247 251 253 262 265 
269 273 275 276 277 279 280 282 286 289 294 296 
297 301 302 303 305 307 322 324 329 332 334 336 
339 343 345 348 350 352 358 360 365 369 372 374 
375 376 377 378 381 394 397 398 
126
11 16 17 18 22 24 25 30 36 38 40 41 
42 47 48 49 50 54 62 63 65 69 76 78 
85 87 94 100 101 102 105 106 114 120 121 124 
126 130 137 138 139 140 141 143 148 153 156 158 
159 160 162 163 164 165 167 168 175 180 181 185 
186 187 192 193 196 198 203 206 207 210 214 218 
222 224 226 234 235 239 241 245 251 252 253 255 
264 265 266 268 272 280 281 282 284 286 290 292 
295 299 303 305 306 308 326 327 331 338 340 350 
353 354 359 361 364 368 373 375 376 377 385 386 
391 392 394 395 396 398 
117
3 8 11 13 15 16 18 19 20 22 25 26 
27 28 36 37 42 47 48 51 57 58 59 60 
61 63 64 66 69 71 78 84 87 89 96 97 
100 101 105 112 113 120 125 127 131 132 133 147 
148 150 155 156 158 161 165 166 168 178 179 183 
186 192 196 208 210 212 221 222 230 236 242 243 
246 251 252 266 268 269 273 280 283 289 290 291 
294 295 296 298 300 307 309 311 312 313 314 320 
330 331 333 336 337 340 350 352 353 358 360 362 
364 367 372 376 380 388 391 393 396 
115
8 9 10 15 16 19 34 35 37 46 47 50 
54 57 59 63 70 72 74 75 80 82 93 94 
98 100 101 112 114 115 116 119 124 126 129 134 
135 137 147 148 151 155 157 158 159 169 171 176 
178 180 189 192 193 206 207 210 214 222 225 231 
232 233 234 239 241 244 245 248 250 252 253 254 
257 260 262 264 265 267 270 274 278 280 281 284 
287 288 292 296 302 317 318 321 323 326 331 341 
343 349 351 354 357 361 364 366 367 371 372 378 
381 383 384 385 390 393 397 
135
4 5 8 10 11 13 23 24 25 26 30 31 
33 43 54 55 58 61 66 67 71 72 75 79 
82 88 90 92 94 98 99 100 101 102 103 106 
107 112 113 114 120 126 128 137 139 140 141 146 
155 156 159 164 168 169 172 173 174 177 180 183 
184 186 187 190 199 201 203 204 207 210 211 212 
213 214 216 217 219 220 221 222 223 225 227 236 
240 242 244 247 255 257 258 260 270 272 273 274 
278 280 282 283 286 292 294 299 301 302 303 304 
313 314 317 321 322 331 335 337 342 343 345 347 
348 351 358 360 361 365 373 374 378 379 383 391 
392 395 397 
