200 400
1 1 1 1 1 1 1 1 1 1 1 1 
1 1 1 1 1 1 1 1 1 1 1 1 
1 1 1 1 1 1 1 1 1 1 1 1 
1 1 1 1 1 1 1 1 1 1 1 1 
1 1 1 1 1 1 1 1 1 1 1 1 
1 1 1 1 1 1 1 1 1 1 1 1 
1 1 1 1 1 1 1 1 1 1 1 1 
1 1 1 1 1 1 1 1 1 1 1 1 
1 1 1 1 1 1 1 1 1 1 1 1 
1 1 1 1 1 1 1 1 1 1 1 1 
1 1 1 1 1 1 1 1 1 1 1 1 
1 1 1 1 1 1 1 1 1 1 1 1 
1 1 1 1 1 1 1 1 1 1 1 1 
1 1 1 1 1 1 1 1 1 1 1 1 
1 1 1 1 1 1 1 1 1 1 1 1 
1 1 1 1 1 1 1 1 1 1 1 1 
1 1 1 1 1 1 1 1 1 1 1 1 
1 1 1 1 1 1 1 1 1 1 1 1 
1 1 1 1 1 1 1 1 1 1 1 1 
1 1 1 1 1 1 1 1 1 1 1 1 
1 1 1 1 1 1 1 1 1 1 1 1 
1 1 1 1 1 1 1 1 1 1 1 1 
1 1 1 1 1 1 1 1 1 1 1 1 
1 1 1 1 1 1 1 1 1 1 1 1 
1 1 1 1 1 1 1 1 1 1 1 1 
1 1 1 1 1 1 1 1 1 1 1 1 
1 1 1 1 1 1 1 1 1 1 1 1 
1 1 1 1 1 1 1 1 1 1 1 1 
1 1 1 1 1 1 1 1 1 1 1 1 
1 1 1 1 1 1 1 1 1 1 1 1 
1 1 1 1 1 1 1 1 1 1 1 1 
1 1 1 1 1 1 1 1 1 1 1 1 
1 1 1 1 1 1 1 1 1 1 1 1 
1 1 1 1 
121
1 2 4 5 6 7 10 11 18 26 30 33 
35 36 38 39 40 42 50 52 54 58 64 68 
69 72 74 78 79 80 87 94 96 100 104 105 
116 121 123 126 128 133 140 142 144 145 146 147 
151 154 159 160 161 174 181 183 188 191 194 196 
201 203 205 207 209 212 216 219 231 233 242 249 
250 251 252 260 261 262 264 271 272 274 275 280 
281 283 287 290 292 296 298 299 304 307 324 325 
329 331 332 335 341 344 346 353 360 362 365 367 
371 374 378 379 380 382 387 389 390 392 395 398 
400 
131
4 13 18 20 22 23 26 29 43 45 46 52 
61 66 68 69 71 72 76 78 81 86 89 90 
91 93 96 99 101 106 109 112 114 116 117 124 
125 128 130 131 132 134 135 140 142 143 144 153 
154 169 171 172 174 176 177 178 179 184 187 188 
191 194 196 203 206 209 212 213 215 216 217 218 
219 224 225 228 234 236 246 249 251 252 254 257 
258 260 262 263 269 271 283 285 290 297 299 301 
303 304 312 319 321 322 324 325 330 331 332 334 
335 340 344 346 348 349 352 353 355 359 360 367 
373 375 378 380 384 388 389 391 392 393 398 
141
6 8 14 17 18 24 26 27 29 33 40 44 
51 57 58 59 60 62 66 67 71 72 75 79 
80 85 89 92 96 97 98 101 103 104 105 106 
107 108 112 115 116 119 120 122 123 125 129 130 
133 135 136 137 139 144 147 148 149 151 154 157 
159 160 164 167 171 172 174 177 179 180 181 191 
196 199 200 202 203 205 206 207 208 213 216 217 
221 222 225 229 237 238 242 245 250 253 258 265 
272 278 279 282 283 286 291 294 295 298 299 304 
305 306 309 312 314 318 327 331 332 335 337 338 
343 350 351 352 356 358 359 364 366 367 373 374 
378 382 383 385 389 393 395 399 400 
119
1 4 5 10 11 17 18 22 30 31 33 34 
37 43 45 47 50 52 53 55 58 59 73 82 
83 87 88 98 99 108 109 120 125 129 130 134 
141 143 144 145 146 148 151 152 154 155 157 160 
167 171 172 173 177 179 180 190 192 193 196 197 
199 203 206 212 214 215 220 228 229 232 233 234 
236 238 239 242 243 246 252 253 257 260 262 264 
267 268 270 278 283 286 290 291 294 300 308 315 
316 317 318 319 327 329 332 333 347 349 354 361 
363 364 367 375 376 381 386 388 389 392 398 
117
7 10 13 15 19 20 24 25 38 40 42 46 
47 49 54 58 61 68 71 74 77 78 79 81 
83 84 87 91 92 96 99 105 107 108 115 117 
118 130 136 142 148 150 154 156 157 160 161 162 
166 169 172 174 177 180 186 189 190 194 200 202 
204 205 210 211 214 216 220 222 224 225 227 228 
230 235 236 237 239 244 246 247 254 258 260 261 
263 268 271 274 278 281 282 284 286 294 310 315 
316 318 325 327 331 337 342 345 349 354 356 361 
362 370 374 375 386 393 394 395 397 
126
5 6 7 13 19 22 26 35 36 38 39 40 
43 50 52 60 63 64 66 72 80 81 86 93 
95 97 98 103 106 107 109 110 112 118 131 133 
135 137 140 147 151 152 154 163 172 174 181 184 
187 188 190 196 200 201 206 207 210 213 215 220 
222 225 227 229 230 234 237 238 241 243 250 251 
253 257 258 260 264 266 267 268 274 276 288 289 
292 293 299 302 304 305 308 312 314 316 317 320 
321 324 326 328 333 337 338 341 343 348 352 358 
359 361 363 364 370 372 373 375 379 380 383 384 
390 393 397 398 399 400 
105
4 6 7 12 17 21 23 39 41 52 55 58 
69 70 71 95 97 98 100 106 109 110 111 112 
114 115 121 128 129 132 134 137 141 143 146 155 
164 165 169 172 177 187 193 196 199 204 205 209 
219 220 221 223 227 228 229 233 234 240 241 243 
245 248 251 253 257 264 265 266 269 271 275 279 
281 285 294 301 304 305 317 319 320 324 328 329 
333 335 338 339 347 355 363 368 370 372 374 376 
377 383 384 385 390 391 393 396 397 
133
3 17 24 30 34 37 41 43 44 45 47 54 
57 58 60 68 70 73 75 76 77 78 82 88 
89 91 94 96 101 105 106 107 110 112 114 116 
118 123 125 127 128 133 135 145 149 159 162 163 
165 172 175 183 185 187 189 191 192 193 196 197 
199 200 205 206 213 214 228 232 233 238 239 242 
243 244 250 253 254 255 257 261 263 265 266 269 
271 274 275 277 278 287 288 290 293 298 300 301 
306 307 308 312 314 315 321 322 323 327 329 330 
332 334 337 339 341 346 347 348 353 358 359 364 
366 372 373 378 379 381 382 383 385 387 391 393 
396 
117
2 3 5 12 14 17 19 21 22 24 27 29 
31 34 35 39 40 46 47 52 53 59 60 64 
77 78 79 82 83 84 87 91 94 97 99 101 
103 106 107 108 109 110 116 118 119 120 122 125 
133 135 143 151 152 153 154 156 157 160 166 170 
173 174 179 185 189 190 198 203 208 209 214 219 
223 224 226 232 234 237 241 242 246 247 260 264 
265 274 278 282 296 299 306 312 313 321 325 328 
330 334 337 338 343 345 347 351 359 363 365 370 
377 380 382 384 388 389 390 395 399 
120
4 9 10 15 22 24 25 26 31 33 34 35 
46 47 49 50 55 57 59 61 74 75 86 87 
95 104 106 107 110 115 117 119 120 129 130 131 
132 133 140 147 149 150 151 155 156 157 161 164 
165 167 172 175 178 180 185 187 189 190 192 193 
196 198 201 204 205 212 215 216 217 222 227 228 
230 234 239 242 249 250 251 257 259 265 269 271 
272 278 280 283 288 293 294 297 298 303 304 305 
306 311 313 318 320 322 335 336 345 348 361 363 
367 369 372 374 377 381 384 386 387 391 398 399 
111
9 14 18 25 27 34 36 49 50 54 56 61 
65 71 72 77 80 90 92 96 97 99 100 101 
102 104 106 109 113 114 122 126 130 131 136 138 
142 145 146 150 151 156 157 161 163 164 166 169 
170 174 175 179 186 191 196 197 202 211 212 213 
215 217 221 225 226 228 229 231 233 234 237 239 
241 242 244 245 246 247 248 250 253 255 265 271 
280 292 301 310 314 316 318 319 320 323 341 351 
353 355 356 357 361 365 371 375 377 382 384 388 
389 390 393 
108
1 3 12 14 15 21 23 24 26 29 32 34 
45 46 47 49 53 56 59 60 63 64 66 69 
72 74 76 81 83 85 89 91 94 97 99 101 
110 116 117 120 121 123 128 136 137 140 148 151 
154 158 160 164 166 167 173 176 181 191 194 198 
210 213 214 215 216 217 218 220 225 229 232 237 
238 240 242 243 254 260 268 274 280 282 284 289 
304 305 306 310 312 327 329 331 332 337 338 340 
343 351 353 354 356 358 363 371 374 375 389 396 
111
13 15 16 17 19 26 35 40 41 42 44 46 
50 51 57 64 66 69 70 72 74 77 81 87 
91 96 97 103 105 115 120 122 124 128 129 130 
147 154 162 164 170 172 174 175 179 180 182 183 
187 195 196 197 205 206 209 210 214 216 217 219 
224 235 236 237 238 242 244 250 262 276 281 282 
293 299 300 301 308 309 311 319 320 321 322 323 
324 325 327 330 337 338 340 341 342 349 350 356 
357 361 368 370 374 379 380 383 384 385 386 392 
394 395 399 
112
1 4 9 12 14 15 17 19 21 28 30 34 
36 44 46 47 51 55 56 69 72 74 76 84 
85 88 93 94 96 102 106 110 114 117 123 126 
129 132 133 139 140 141 142 143 144 147 153 155 
161 164 165 172 177 179 181 185 186 194 199 200 
202 204 206 211 215 217 220 221 227 230 231 232 
244 260 261 264 270 271 275 277 278 279 280 281 
284 286 290 298 301 302 303 305 309 318 320 327 
329 330 331 335 336 337 340 341 345 355 373 378 
380 381 394 397 
116
2 7 8 10 12 13 15 16 23 24 45 46 
48 49 50 57 58 63 65 68 72 82 84 88 
94 97 104 108 110 114 116 117 120 121 123 127 
130 134 138 141 147 149 155 157 159 161 162 171 
173 174 177 178 181 184 189 190 193 200 209 212 
218 219 224 226 232 242 243 244 246 249 256 257 
259 260 261 263 266 267 270 274 279 285 286 287 
297 301 304 305 309 310 313 315 316 318 323 324 
326 330 337 338 340 343 352 356 362 367 369 377 
378 379 383 384 386 391 394 400 
110
2 6 14 19 22 23 25 27 31 32 35 37 
40 41 45 46 53 56 59 60 69 77 80 90 
95 98 105 108 113 114 120 129 130 136 138 141 
144 152 153 155 156 159 161 163 169 175 177 179 
183 185 190 200 201 207 216 220 221 222 229 235 
241 244 245 247 252 255 258 263 269 271 273 281 
283 284 288 289 290 293 294 296 298 305 307 310 
314 315 321 322 323 328 332 341 342 343 349 356 
357 360 364 367 368 369 371 375 376 377 382 385 
386 388 
125
1 6 9 13 16 18 22 29 31 37 41 46 
47 52 55 56 58 59 60 62 67 68 71 73 
75 76 80 81 82 85 87 93 97 100 106 109 
110 111 115 116 117 120 124 129 134 135 140 143 
144 146 149 159 166 168 171 172 175 179 181 184 
185 187 188 189 194 195 197 203 204 206 211 216 
220 229 236 237 242 251 256 259 261 264 265 268 
269 271 273 274 275 277 278 282 283 287 289 290 
291 292 294 301 306 312 316 318 321 330 336 338 
343 345 346 351 352 355 358 363 364 366 373 379 
386 387 393 394 395 
129
1 2 7 11 15 18 20 27 29 32 38 41 
42 45 46 48 52 53 54 55 56 57 60 64 
67 69 70 71 72 74 78 79 83 86 87 88 
91 97 101 104 107 110 112 120 131 133 134 136 
138 139 140 141 142 152 157 158 164 175 176 177 
178 179 182 184 187 189 197 198 200 202 206 209 
210 215 216 217 218 221 222 223 224 225 228 229 
231 234 236 250 252 255 256 258 261 264 269 272 
274 277 280 281 292 294 299 301 303 305 311 317 
321 325 326 328 330 331 332 333 334 343 353 354 
358 362 364 370 373 378 379 391 398 
124
2 4 7 8 9 11 12 17 19 23 24 25 
26 29 31 32 36 41 42 48 49 52 53 60 
61 63 65 69 78 81 82 90 93 98 99 102 
112 116 117 123 129 132 133 134 135 136 137 144 
145 148 150 153 154 158 162 163 164 166 178 186 
188 190 202 204 205 208 212 218 228 230 231 232 
233 234 235 240 242 244 249 250 252 255 258 263 
265 266 273 274 277 278 281 282 287 288 292 293 
299 301 305 306 310 312 317 325 332 338 347 349 
351 354 360 361 363 367 368 375 376 379 384 387 
390 391 392 393 
128
5 8 12 16 23 25 35 36 42 44 48 49 
52 53 54 62 63 64 66 68 69 80 84 92 
93 97 99 103 104 106 108 109 111 116 121 123 
126 129 131 139 142 146 148 157 161 167 168 170 
171 172 175 177 178 179 182 183 191 202 204 209 
210 211 216 219 227 230 231 234 235 236 237 242 
244 245 249 254 256 257 258 263 268 269 271 272 
275 276 280 281 284 289 295 296 298 300 304 305 
308 311 313 316 318 319 323 333 335 338 340 341 
343 345 347 349 351 353 355 360 361 373 374 375 
377 379 382 384 388 396 397 400 
122
1 4 5 9 11 14 15 17 19 23 29 31 
33 34 35 36 41 42 45 51 52 53 55 59 
62 73 74 81 82 88 95 96 97 108 111 114 
115 119 121 127 134 138 141 143 144 145 147 150 
156 160 162 164 168 173 176 179 182 189 191 192 
199 201 202 205 218 220 222 223 225 228 231 232 
237 239 241 243 246 256 257 259 264 268 270 278 
279 283 286 287 288 289 290 294 295 297 299 303 
307 312 319 326 329 331 335 339 346 348 349 354 
357 363 365 367 369 371 372 375 376 379 384 394 
398 399 
127
4 10 17 22 23 25 31 45 46 52 59 61 
62 63 70 72 75 77 79 85 88 89 93 96 
97 102 103 109 115 117 118 121 123 124 126 132 
133 135 140 144 152 154 158 159 162 171 175 179 
185 187 194 197 199 204 205 207 208 209 221 222 
224 225 226 228 233 235 236 238 239 242 248 250 
253 254 259 261 263 264 272 274 278 279 280 284 
286 287 288 291 296 299 300 301 308 319 320 322 
324 325 326 328 329 331 333 335 338 341 342 344 
345 347 354 363 364 365 368 371 372 374 378 381 
385 386 387 393 395 396 398 
124
4 6 11 15 19 27 30 34 37 40 41 43 
44 45 48 57 59 61 63 65 68 70 71 73 
75 79 87 89 95 98 105 106 107 109 111 114 
118 119 120 122 125 127 130 131 133 136 142 145 
146 147 148 157 158 163 169 172 179 191 192 195 
196 197 202 203 206 220 222 225 234 235 236 237 
243 244 246 250 251 255 258 260 262 268 270 271 
279 281 286 289 290 291 292 299 302 311 316 318 
321 325 331 339 342 343 347 350 351 353 355 358 
359 363 371 372 375 377 379 381 383 384 386 388 
390 396 398 399 
122
1 2 3 7 8 13 14 18 20 21 22 24 
25 26 43 47 51 55 56 57 60 62 65 66 
72 73 80 84 88 100 103 104 109 110 112 113 
125 126 133 137 139 149 152 154 155 159 160 162 
165 166 168 171 173 174 177 179 180 183 188 192 
195 201 203 208 210 212 213 224 229 234 235 240 
245 246 249 251 252 258 261 262 263 264 268 273 
276 278 281 284 292 295 299 301 304 305 310 313 
314 316 318 320 322 324 326 330 331 334 343 346 
347 348 349 351 353 355 359 364 365 369 370 373 
376 385 
125
1 4 5 10 12 15 33 34 43 44 51 55 
57 60 65 68 70 71 74 79 85 87 88 90 
99 109 112 114 119 122 123 125 132 135 143 145 
146 156 159 160 161 166 169 170 171 172 176 177 
182 185 186 187 188 190 192 194 203 205 207 208 
209 211 212 220 223 225 227 236 242 249 252 255 
257 258 262 266 267 268 270 272 278 282 283 284 
285 287 295 296 299 305 307 308 310 312 314 315 
321 326 329 335 336 337 340 345 346 347 348 351 
352 354 356 363 367 368 371 373 376 377 379 382 
383 384 386 388 396 
131
1 6 7 8 11 16 20 31 33 37 38 39 
40 43 50 53 56 66 67 69 71 72 77 80 
83 85 86 90 93 94 96 102 103 104 108 109 
111 113 121 122 124 126 128 130 139 144 147 151 
152 154 155 158 161 169 172 174 175 178 185 186 
190 191 196 201 203 205 206 212 213 216 218 219 
228 230 231 233 234 237 238 242 244 246 248 261 
263 264 267 268 271 280 283 284 290 294 297 298 
299 300 312 314 317 318 319 321 325 326 327 328 
329 338 340 341 343 346 347 353 354 357 362 363 
365 375 377 378 387 390 392 393 394 395 397 
109
3 4 5 8 9 11 18 22 23 25 26 30 
31 32 35 36 37 44 46 56 57 60 63 65 
70 71 72 79 82 86 88 91 93 108 111 112 
113 121 125 127 129 134 136 139 140 141 142 145 
146 154 156 161 162 165 170 173 174 177 178 179 
180 184 186 188 189 192 194 197 200 210 215 219 
223 226 228 230 242 249 250 259 260 265 269 274 
277 281 286 288 292 296 297 310 318 323 324 325 
340 345 363 369 372 376 379 383 392 396 397 399 
400 
104
1 4 8 12 14 16 26 27 28 29 35 36 
37 38 39 40 41 43 44 48 49 53 58 60 
66 69 70 71 73 77 80 88 89 90 105 109 
111 112 123 133 136 141 144 145 146 147 152 158 
160 173 174 177 188 189 193 195 200 201 213 216 
223 225 227 230 231 245 246 250 271 274 282 284 
286 288 299 301 303 306 309 310 314 321 322 324 
332 337 339 341 349 354 357 358 359 362 368 374 
376 378 379 381 393 395 396 397 
117
1 6 10 19 26 27 30 31 45 47 48 54 
62 63 68 71 77 82 87 88 91 93 94 98 
101 111 117 121 127 129 131 135 137 143 145 151 
153 154 155 159 160 161 163 165 175 176 177 179 
180 184 193 194 198 199 202 203 207 214 216 220 
221 226 235 237 239 243 245 247 249 252 262 266 
268 270 272 275 278 281 283 285 288 290 291 295 
301 309 312 318 321 331 332 341 343 345 347 350 
351 354 356 357 362 364 368 371 372 376 378 380 
381 383 384 385 388 389 391 394 399 
122
2 3 4 7 10 13 17 25 26 28 32 34 
40 45 48 51 55 57 63 65 70 76 77 78 
79 84 85 88 94 97 102 103 104 105 109 110 
114 117 125 127 130 137 138 142 144 149 151 154 
161 162 164 175 182 190 193 197 198 200 201 202 
205 207 211 212 213 217 227 228 246 248 249 250 
252 254 261 266 267 273 274 275 278 279 281 285 
286 287 289 290 291 299 307 311 319 323 326 330 
332 333 334 339 342 344 349 352 357 358 360 362 
363 367 368 370 373 375 377 381 382 385 390 393 
394 396 
110
12 14 18 19 22 27 30 33 35 36 39 49 
57 59 60 71 76 77 79 82 83 84 86 94 
96 97 101 102 106 109 112 113 114 117 120 122 
124 125 139 140 146 148 149 150 155 157 161 165 
166 171 173 184 187 188 194 204 209 213 219 220 
221 223 224 228 230 234 235 236 246 248 261 275 
280 281 282 284 289 294 296 300 301 307 312 316 
317 328 329 330 332 335 339 341 343 347 350 355 
358 365 366 369 371 372 373 378 379 380 393 398 
399 400 
115
4 5 15 16 17 21 24 26 31 41 44 48 
49 50 51 56 58 61 64 67 68 71 72 74 
75 76 80 85 86 91 95 96 97 98 99 103 
106 111 112 114 117 122 124 134 135 137 138 140 
141 147 148 150 158 162 164 167 168 169 170 180 
182 187 190 191 192 193 204 207 210 212 217 222 
226 229 230 231 235 241 243 253 254 260 261 262 
280 283 288 294 303 305 309 311 313 314 320 324 
329 335 336 337 351 361 362 364 367 368 370 371 
376 377 387 389 393 394 398 
119
3 8 11 12 13 21 23 24 25 26 28 32 
33 35 40 41 47 49 55 58 60 61 64 65 
70 72 73 75 79 82 87 90 92 93 96 101 
102 105 106 107 108 111 112 114 116 117 122 128 
133 137 138 143 144 147 148 150 152 153 155 157 
165 166 169 172 176 181 187 189 200 203 204 208 
215 225 230 232 233 234 242 244 247 248 249 256 
260 267 269 275 278 282 284 290 303 305 306 312 
319 321 322 323 324 325 331 349 354 355 358 368 
371 375 380 381 382 386 392 393 395 396 398 
117
1 3 5 6 7 8 13 17 18 21 22 29 
30 38 41 43 45 50 52 53 54 56 59 64 
69 70 72 79 87 88 93 102 103 104 109 111 
112 119 121 124 131 132 135 138 141 155 156 159 
162 163 164 170 175 178 179 183 185 188 193 194 
206 207 211 212 216 217 220 222 230 233 236 242 
249 257 262 264 265 267 271 274 276 277 279 282 
284 286 287 289 295 299 302 304 308 312 315 328 
330 332 347 348 349 351 355 366 368 370 374 375 
376 378 382 388 389 390 394 395 398 
134
1 4 9 11 14 27 28 30 31 32 34 39 
40 43 47 48 50 51 55 56 61 62 63 64 
67 68 77 79 88 104 106 107 110 115 117 118 
121 126 130 131 133 134 136 139 141 146 151 156 
159 166 168 171 172 174 175 176 180 182 185 186 
187 188 192 193 194 195 197 198 203 205 207 211 
213 214 215 221 223 225 226 231 232 234 238 239 
249 255 261 263 265 266 267 269 272 273 275 280 
288 291 294 298 303 307 313 316 321 323 327 330 
335 337 338 339 342 344 345 346 347 355 359 365 
371 374 377 378 379 381 382 384 387 389 390 393 
399 400 
119
2 4 5 11 13 14 15 21 23 24 26 29 
40 41 44 46 47 55 66 71 72 73 74 77 
80 84 86 87 91 92 95 101 104 107 108 109 
112 116 120 124 129 133 137 139 143 144 145 147 
149 151 165 169 170 174 175 179 183 184 185 187 
194 201 213 215 218 224 229 230 231 236 242 246 
255 257 263 264 265 269 270 271 277 278 279 290 
293 296 297 303 308 313 316 318 319 329 333 335 
343 345 347 349 350 355 359 361 362 364 365 366 
379 380 383 384 385 386 390 391 392 397 399 
107
2 11 15 19 21 22 31 39 50 51 60 61 
68 69 70 71 74 77 81 84 88 89 93 94 
95 101 112 114 117 120 123 125 130 131 137 139 
146 147 150 153 158 161 163 167 172 174 175 180 
182 188 191 197 200 201 202 215 217 220 225 226 
227 229 231 238 245 253 254 256 260 262 269 275 
276 281 284 286 290 295 296 298 302 304 320 322 
323 326 327 329 333 336 345 354 358 359 360 367 
373 375 377 378 382 387 388 389 390 393 394 
115
2 5 7 11 15 16 21 23 36 37 39 42 
43 48 51 52 53 60 63 69 71 75 78 79 
81 85 89 96 97 99 101 102 106 108 114 117 
118 119 121 124 127 129 134 135 137 151 152 153 
171 174 176 179 180 182 184 187 192 197 198 200 
206 210 214 215 216 218 223 224 226 227 235 242 
243 244 247 252 254 259 263 264 266 268 271 272 
273 278 285 286 287 294 295 323 325 331 332 335 
337 345 346 348 349 352 353 355 357 358 360 362 
363 370 375 376 383 395 400 
118
1 2 3 4 5 12 14 18 30 31 37 41 
48 52 53 54 56 57 58 59 62 63 64 67 
72 80 81 82 83 88 90 91 92 96 101 107 
109 110 112 113 118 119 122 125 127 133 135 137 
140 143 145 149 156 160 161 167 178 181 186 190 
203 204 207 213 216 221 222 223 225 227 228 234 
236 237 244 253 255 256 257 260 262 263 265 273 
276 278 287 292 298 299 305 308 315 325 327 329 
334 335 343 344 345 346 350 352 353 354 356 361 
364 368 376 379 381 384 391 397 398 400 
121
4 8 14 16 19 20 23 26 39 42 45 50 
51 53 54 62 64 68 69 70 77 78 83 84 
86 91 96 101 103 105 106 113 115 116 126 127 
128 133 143 149 159 160 165 166 168 171 172 179 
182 186 188 190 191 194 198 200 202 203 204 209 
211 215 219 222 223 224 226 227 228 229 230 232 
235 237 241 248 254 255 258 263 264 265 281 286 
287 292 293 296 299 300 309 314 315 321 323 326 
327 328 330 332 339 349 351 353 354 355 358 360 
361 363 367 369 371 373 374 375 384 385 386 393 
400 
115
2 4 5 6 7 18 25 31 32 34 36 38 
39 40 42 44 45 51 59 75 79 80 81 83 
89 94 101 104 106 107 109 117 123 125 126 127 
133 144 146 151 155 161 165 166 169 174 176 178 
191 201 202 204 206 211 214 218 223 224 227 228 
230 233 238 239 240 246 247 250 251 254 261 267 
268 273 278 279 280 286 289 291 295 297 298 300 
302 305 312 314 317 321 324 330 335 337 338 340 
341 347 351 354 363 368 371 373 375 376 379 387 
390 393 394 396 398 399 400 
114
3 6 27 31 32 37 38 41 50 56 57 59 
60 62 71 73 75 77 79 81 82 84 85 88 
91 99 100 102 104 105 107 108 111 117 125 127 
129 132 149 155 158 166 167 168 170 171 178 183 
184 185 190 194 196 199 200 201 202 203 204 207 
208 210 215 222 223 227 228 230 242 245 254 256 
257 265 266 274 284 286 287 291 292 300 305 306 
307 310 312 314 315 320 322 326 329 333 337 338 
349 355 357 358 361 362 365 366 370 374 377 379 
388 390 392 393 396 398 
115
5 15 24 26 28 29 30 33 40 44 45 46 
49 50 51 55 58 59 68 69 71 77 78 81 
84 85 87 88 91 94 96 97 105 110 114 117 
121 127 130 137 141 142 143 150 152 153 157 160 
166 167 168 170 171 175 178 183 190 192 193 197 
200 204 209 210 211 217 220 222 223 228 234 236 
244 246 249 250 253 255 257 258 259 265 273 274 
283 285 287 288 292 297 298 306 313 325 330 331 
338 348 350 351 354 357 361 365 368 369 371 379 
380 381 384 386 390 394 400 
115
2 3 5 6 14 19 20 22 26 30 33 34 
41 43 46 49 55 62 67 70 76 78 80 82 
83 84 87 97 98 105 106 107 118 125 129 130 
131 132 137 139 140 142 144 148 150 152 156 157 
158 161 165 171 172 173 174 184 189 192 193 194 
203 208 213 219 225 229 231 232 237 238 239 241 
246 249 258 261 262 264 266 276 280 282 288 290 
291 294 295 297 300 303 308 312 318 322 326 327 
328 330 349 354 355 359 362 364 371 378 384 387 
389 390 391 394 395 398 399 
124
1 3 5 6 8 20 26 35 36 43 44 47 
58 59 60 63 67 68 69 70 71 80 85 87 
90 98 101 106 107 110 112 114 115 117 120 122 
131 139 141 145 146 150 151 152 155 157 160 161 
163 181 183 187 195 198 203 204 209 211 213 219 
223 226 236 241 243 248 249 252 258 264 266 268 
274 275 279 282 285 288 290 291 294 295 298 299 
300 301 306 309 315 316 319 325 327 328 330 334 
335 342 345 346 348 349 350 354 356 357 358 361 
365 366 367 369 371 378 381 385 386 387 391 394 
395 397 398 399 
123
5 8 9 12 14 17 25 26 29 30 34 37 
40 42 43 44 45 47 48 52 61 62 65 66 
69 70 71 74 81 84 92 93 95 96 97 108 
111 114 115 118 126 128 131 132 133 138 139 147 
155 161 162 163 167 168 170 180 181 185 186 190 
192 196 201 203 208 213 214 219 221 225 226 227 
228 230 231 235 236 240 260 262 269 270 273 276 
289 291 293 295 297 302 309 314 317 318 323 326 
328 329 330 333 339 340 343 344 347 351 353 358 
364 367 369 372 373 376 379 380 382 384 386 387 
392 394 399 
135
6 8 12 17 18 20 21 29 37 42 46 48 
52 58 59 61 65 66 68 69 75 77 79 80 
81 87 89 94 98 101 103 108 109 112 117 118 
121 123 125 126 131 134 145 146 148 149 151 157 
159 162 165 168 169 179 182 188 190 191 195 196 
197 201 202 203 206 208 209 212 213 218 219 220 
222 223 225 227 229 231 234 235 236 244 247 250 
255 265 266 267 269 275 276 277 278 279 283 285 
287 290 294 300 303 305 306 310 315 318 322 328 
329 331 334 335 338 339 341 346 348 357 358 362 
365 370 376 378 379 380 381 385 386 388 389 394 
395 398 400 
100
2 4 10 11 12 13 15 22 30 43 45 46 
49 51 52 55 61 65 71 74 79 81 90 92 
93 100 108 110 112 115 116 133 134 140 152 153 
154 155 156 162 165 168 169 174 175 176 178 186 
194 195 204 208 209 210 211 219 226 229 231 233 
235 237 242 259 263 265 268 276 278 280 281 285 
286 291 292 298 300 301 315 316 318 320 324 327 
330 333 340 343 345 358 359 361 362 368 369 374 
377 383 388 395 
120
1 8 9 19 20 31 35 36 37 38 41 43 
48 53 55 60 62 71 77 78 79 80 87 94 
95 97 103 104 115 117 118 121 128 130 140 147 
151 152 153 154 157 160 161 171 173 179 180 181 
183 189 190 202 205 207 208 209 210 211 212 215 
216 222 229 232 235 237 241 247 248 249 255 257 
264 268 269 276 278 280 283 287 290 293 296 297 
299 302 306 307 309 310 312 313 314 321 322 326 
327 328 330 333 337 341 348 350 353 357 359 361 
365 367 371 372 375 377 386 387 391 395 397 398 
123
1 4 14 17 19 20 23 24 26 27 29 32 
33 35 37 40 52 58 61 69 72 73 83 85 
87 89 90 92 93 95 97 104 106 109 110 111 
113 114 115 116 123 124 129 130 132 138 139 142 
151 152 154 155 161 164 170 171 176 177 178 179 
183 184 186 187 194 195 197 200 204 213 215 216 
221 222 225 228 229 233 236 237 242 244 249 253 
260 261 262 266 269 274 284 291 294 298 299 304 
310 312 315 319 322 323 325 330 334 337 341 345 
346 348 360 363 364 370 372 385 387 391 392 393 
395 399 400 
101
1 2 8 10 13 14 17 18 19 23 26 28 
31 39 44 49 59 61 62 66 69 70 79 83 
87 96 98 102 107 112 115 117 119 120 121 129 
130 131 132 136 137 139 140 142 143 147 148 151 
152 156 168 169 170 173 179 180 181 184 189 197 
228 235 241 245 254 259 266 267 268 269 270 272 
276 279 285 288 294 297 303 306 308 311 318 324 
332 335 339 354 355 356 362 363 367 368 369 371 
373 377 380 388 395 
108
25 29 34 39 46 48 55 59 61 62 67 70 
81 84 85 86 89 93 97 98 100 105 108 111 
119 123 129 134 135 136 137 144 145 148 150 152 
159 160 161 163 164 170 181 182 188 190 191 192 
205 211 212 217 224 225 227 230 231 234 235 237 
238 240 242 245 250 259 261 262 263 264 266 272 
282 283 285 294 295 305 306 308 312 314 318 319 
323 329 333 336 345 348 355 356 359 362 363 364 
375 376 379 380 383 384 390 391 393 394 397 398 
123
2 4 6 8 12 13 14 16 17 19 38 44 
47 50 54 55 56 57 59 61 63 64 65 66 
77 81 85 87 88 90 99 101 105 106 108 112 
114 115 117 122 123 124 131 134 136 138 139 143 
144 145 151 154 157 163 170 175 176 180 181 183 
186 190 192 193 196 198 200 203 207 208 214 218 
220 221 224 226 231 232 233 236 242 243 251 257 
260 266 275 276 281 288 291 296 297 301 302 303 
304 307 309 314 315 316 319 322 324 330 333 339 
340 349 353 354 355 361 362 364 365 368 376 387 
392 396 398 
122
1 10 12 13 19 20 21 22 23 25 30 36 
38 44 46 48 49 53 55 56 57 61 64 65 
67 68 69 70 76 77 80 82 85 91 95 96 
100 101 106 110 111 114 119 121 128 129 131 132 
135 137 140 147 152 153 162 165 169 171 172 173 
177 184 188 191 195 198 204 212 220 221 224 226 
229 239 240 241 243 245 246 248 249 250 251 252 
253 254 256 279 282 283 285 289 302 311 312 313 
323 328 331 340 342 345 346 347 354 358 363 366 
368 371 372 373 377 378 380 382 384 385 386 391 
393 398 
111
8 12 26 27 28 34 37 46 47 50 51 54 
56 57 59 63 67 72 76 80 81 82 97 99 
102 105 108 109 110 112 114 115 119 127 130 138 
140 142 146 151 155 159 165 166 167 168 171 174 
176 178 180 183 184 185 201 204 206 212 219 228 
232 242 246 252 253 258 259 260 261 262 265 268 
271 287 290 291 293 294 295 297 301 304 309 311 
313 317 319 320 326 327 329 333 334 336 340 352 
355 357 364 367 368 370 373 376 379 382 386 387 
388 393 398 
123
1 3 4 23 24 25 29 31 39 43 44 48 
54 57 58 64 66 68 69 80 81 88 89 93 
94 97 99 102 107 110 113 121 126 137 140 143 
145 150 153 155 157 159 161 162 167 173 179 181 
182 186 189 192 193 195 198 199 203 205 213 216 
217 219 221 223 226 228 231 233 235 238 239 244 
250 253 254 255 264 269 271 272 276 277 278 280 
281 283 284 287 288 291 294 297 301 302 303 305 
307 308 311 312 318 320 329 332 333 337 351 355 
362 364 368 370 371 373 379 382 386 387 393 394 
395 396 397 
131
3 5 6 8 9 10 11 12 19 20 21 26 
30 36 37 39 40 44 51 52 63 66 68 69 
74 75 91 92 95 96 106 110 111 114 115 117 
128 129 134 136 137 145 149 150 152 159 160 161 
162 164 167 171 172 174 176 180 181 184 185 187 
188 194 199 200 201 204 207 209 210 213 214 217 
224 225 226 233 234 238 243 244 254 256 260 261 
262 264 267 270 274 275 277 278 279 282 284 285 
286 287 288 291 295 296 298 301 311 316 317 319 
320 322 324 326 327 337 341 343 344 346 347 348 
349 359 367 386 393 394 395 396 397 398 399 
123
1 2 3 4 5 7 9 10 11 14 15 16 
21 29 38 40 42 45 47 49 51 52 54 60 
61 67 68 69 70 72 74 81 82 90 93 95 
101 107 108 109 115 118 119 124 125 126 127 128 
129 131 142 145 146 148 159 167 169 175 180 182 
188 189 192 194 195 198 201 203 204 208 210 211 
212 213 219 224 226 227 233 234 238 246 253 266 
267 272 273 274 279 281 284 288 295 296 303 306 
308 315 321 323 326 331 332 339 340 345 346 347 
349 353 354 361 367 369 371 373 374 382 387 388 
390 398 399 
113
2 3 6 7 16 17 19 21 22 23 24 26 
34 37 40 42 45 52 55 56 64 65 66 71 
78 81 84 86 87 90 95 96 98 108 109 110 
111 112 115 120 127 150 155 156 158 160 163 169 
172 173 175 177 179 188 189 191 192 196 197 199 
200 201 202 206 208 227 230 232 235 237 247 251 
260 263 264 266 270 282 290 293 294 296 305 306 
309 313 318 324 335 337 338 339 347 355 356 361 
363 364 366 367 371 375 377 380 381 385 389 390 
394 396 397 399 400 
119
3 5 8 11 13 14 15 17 19 24 26 29 
36 39 40 41 42 49 56 57 58 60 62 64 
65 73 74 75 84 85 89 103 110 113 116 118 
126 129 133 134 135 137 145 146 148 152 159 164 
166 169 178 179 180 181 187 188 191 193 194 195 
198 204 210 211 224 234 235 239 243 244 249 251 
254 257 259 261 263 270 275 276 277 286 287 292 
293 296 297 305 309 310 311 312 315 316 323 326 
327 331 332 333 334 337 341 342 349 350 351 359 
362 364 368 371 379 381 382 385 391 396 400 
114
3 10 11 13 16 19 24 25 26 27 32 36 
37 41 44 50 57 58 62 64 74 76 80 83 
86 87 91 100 101 102 105 107 112 115 117 128 
129 130 133 134 139 141 145 147 149 151 158 162 
180 181 184 185 187 189 190 202 205 206 207 211 
218 221 233 237 239 245 247 250 251 259 261 264 
266 268 270 273 275 278 279 283 285 295 297 301 
308 312 314 319 320 323 326 332 333 341 345 352 
354 359 360 364 366 367 370 374 377 378 381 388 
389 390 392 394 395 398 
117
1 3 5 9 12 15 16 19 23 30 32 34 
36 40 49 50 52 56 59 64 68 73 76 78 
82 85 92 93 98 108 109 113 118 120 124 129 
133 134 136 141 146 147 153 164 165 166 167 168 
169 172 185 188 197 204 207 208 211 212 213 214 
218 221 223 227 228 229 235 239 240 242 245 247 
250 257 260 262 270 271 276 277 290 293 297 306 
307 312 314 315 317 321 322 332 333 337 338 340 
341 343 345 348 350 357 360 365 366 372 374 376 
377 383 386 388 390 391 394 399 400 
122
2 16 20 26 27 33 34 36 37 51 53 64 
70 71 73 77 80 83 86 87 94 95 96 98 
103 109 110 111 118 119 121 122 127 128 131 132 
133 135 137 140 143 145 146 148 149 157 159 160 
161 162 163 164 170 172 175 179 180 181 182 184 
192 198 199 204 215 218 223 229 232 235 236 237 
241 243 248 249 251 253 256 260 265 269 277 281 
285 286 289 291 294 297 298 300 305 308 326 327 
329 334 335 336 337 338 339 340 341 343 348 349 
350 352 357 360 365 367 372 378 382 383 389 393 
395 396 
118
2 4 7 8 13 14 17 24 27 29 35 40 
41 43 44 45 50 52 53 56 57 67 70 73 
74 84 87 92 96 98 104 127 131 134 140 146 
153 154 156 158 159 163 167 171 175 178 180 187 
192 195 197 202 204 207 208 209 214 215 216 217 
222 223 228 232 234 235 239 246 249 252 257 258 
267 270 273 274 280 286 287 290 292 293 295 305 
307 309 313 316 319 323 324 325 328 329 330 332 
337 339 340 342 343 346 348 354 355 365 366 367 
369 370 374 380 384 386 388 392 394 399 
107
9 12 15 18 22 26 28 29 33 34 37 38 
43 52 53 55 59 61 62 69 76 77 78 80 
81 82 87 89 91 94 95 96 98 99 101 102 
107 114 115 118 119 123 129 130 132 134 137 140 
142 146 150 151 154 158 163 166 168 171 172 174 
177 190 192 193 195 196 201 203 208 218 221 229 
232 238 240 242 244 245 251 254 262 271 272 274 
278 282 290 295 305 306 319 321 330 334 336 351 
353 361 366 367 368 380 383 384 385 394 398 
115
4 18 20 22 23 28 29 32 40 42 44 48 
49 50 53 54 56 57 59 78 79 80 81 85 
87 89 91 95 96 100 106 120 121 125 126 128 
131 134 139 143 145 148 156 158 162 167 170 172 
173 180 181 182 184 185 191 193 199 201 204 206 
208 209 212 213 218 222 228 230 231 235 236 237 
242 243 246 247 251 260 276 278 285 287 292 293 
296 300 302 309 313 315 316 319 326 331 332 335 
340 343 345 346 351 352 353 354 355 362 363 364 
365 368 373 380 393 398 400 
121
5 6 11 15 16 17 20 27 31 32 34 37 
39 41 45 46 47 48 50 51 53 55 58 59 
60 62 63 67 68 73 76 80 81 88 93 94 
95 96 97 98 100 104 113 114 116 122 123 133 
151 157 158 162 167 169 176 188 190 192 194 197 
198 199 201 202 203 209 212 215 216 219 220 238 
243 245 246 247 249 253 262 267 269 275 284 291 
302 303 304 308 311 315 317 321 323 324 327 330 
331 332 351 355 356 357 362 364 365 366 368 369 
370 371 375 377 378 379 380 381 382 385 389 390 
396 
123
2 4 5 8 12 15 17 20 29 33 37 40 
45 50 54 73 75 80 81 83 85 86 92 93 
99 100 104 105 109 118 120 122 126 132 134 137 
139 141 148 149 150 153 158 159 161 163 165 172 
175 178 179 182 189 196 201 208 216 218 220 224 
226 228 232 233 236 237 238 241 245 248 250 252 
260 261 263 269 270 275 276 278 281 282 283 284 
287 288 299 305 306 310 311 312 313 315 318 326 
329 334 335 336 338 342 344 345 346 349 350 351 
355 356 357 361 362 363 370 373 381 382 384 388 
392 397 398 
119
1 8 9 12 13 18 27 29 30 34 36 37 
43 45 53 55 58 60 61 63 65 68 70 72 
74 75 76 77 83 88 98 103 104 116 120 122 
127 128 135 137 139 142 143 145 157 165 167 169 
170 174 177 179 180 182 183 184 187 190 191 193 
195 198 201 203 204 206 207 209 215 220 222 224 
225 228 231 238 240 242 249 251 254 264 266 272 
285 290 295 304 307 308 312 313 314 316 317 323 
324 326 334 335 336 338 340 347 355 357 360 363 
364 365 367 373 375 378 380 386 389 390 393 
132
6 10 11 14 22 23 25 28 32 38 40 42 
44 47 48 51 54 55 56 58 61 63 67 71 
72 74 78 81 84 85 86 89 92 96 98 101 
102 104 108 110 112 114 116 117 118 119 120 123 
125 128 130 135 139 141 143 144 146 147 155 156 
159 177 179 180 183 188 191 194 196 202 204 208 
212 216 219 223 228 231 234 235 237 241 245 248 
249 251 252 254 258 259 260 262 264 265 272 273 
275 280 281 283 286 293 296 301 302 310 314 315 
316 323 325 328 329 331 335 340 342 343 346 354 
357 365 369 372 379 382 391 392 393 394 396 397 
111
1 5 7 11 15 18 23 29 31 36 47 49 
56 63 66 67 71 74 75 78 83 87 90 94 
96 99 102 105 106 111 112 124 126 129 131 132 
137 140 141 145 150 154 159 161 166 167 180 183 
185 194 198 201 202 203 211 212 214 216 217 223 
226 230 232 241 243 244 249 256 264 265 269 271 
276 279 280 281 283 284 286 287 292 298 299 302 
303 305 312 322 324 325 329 333 334 338 341 343 
344 348 349 351 352 355 357 358 360 362 366 374 
390 395 398 
96
2 4 7 12 15 17 19 24 26 27 30 33 
38 39 43 45 46 48 53 56 59 61 77 79 
82 100 101 102 109 114 119 123 129 134 135 152 
153 157 166 168 171 176 177 178 183 187 188 196 
198 210 211 213 218 228 231 236 237 238 239 245 
250 251 260 263 266 268 273 274 277 279 285 289 
291 305 306 308 309 317 321 322 325 343 347 352 
360 364 377 382 383 384 391 392 393 395 396 397 
128
3 12 13 15 18 22 26 28 35 38 54 57 
58 59 66 68 71 80 83 85 89 90 91 92 
94 99 103 105 112 113 115 116 123 124 138 141 
142 147 150 153 157 165 166 168 169 176 178 180 
182 183 185 191 193 195 201 204 206 207 210 215 
221 223 226 229 230 232 234 235 240 241 242 243 
249 253 254 255 256 258 260 261 263 267 271 274 
278 280 284 286 290 292 293 296 300 301 304 307 
308 309 312 313 320 324 329 334 341 342 345 347 
351 352 354 356 357 359 362 366 372 373 374 375 
377 380 387 389 391 394 397 398 
122
1 4 5 6 7 10 14 15 18 19 28 30 
42 43 46 47 52 57 58 65 70 73 75 91 
93 94 96 99 101 102 104 106 112 114 117 118 
119 120 129 131 133 134 136 140 141 142 143 145 
147 148 152 155 164 165 171 183 187 190 191 197 
198 199 201 204 207 210 211 212 214 216 220 222 
225 234 237 241 247 248 251 257 264 271 280 281 
283 289 293 295 298 299 310 313 317 321 322 323 
327 329 331 333 338 346 348 349 356 357 362 364 
368 370 371 372 375 379 380 384 388 391 396 397 
398 400 
129
2 3 6 8 9 10 14 16 19 25 27 31 
33 34 35 36 40 42 48 50 55 56 59 63 
69 72 73 76 77 81 83 84 87 89 94 98 
99 101 103 108 123 124 127 130 131 132 133 138 
139 142 153 154 155 157 161 163 164 165 167 170 
171 172 173 174 175 178 179 181 182 183 193 198 
200 203 205 206 209 213 215 216 219 222 227 229 
234 235 237 240 241 247 248 250 256 261 264 279 
286 299 301 303 304 308 309 310 312 316 321 330 
331 332 333 335 336 337 343 344 350 351 355 356 
364 366 368 370 374 380 384 391 395 
108
3 8 11 15 22 26 28 31 34 38 41 46 
54 55 61 66 80 81 84 85 91 93 97 100 
103 107 108 109 114 117 123 134 136 138 139 142 
144 147 151 152 157 160 167 168 170 171 178 183 
184 187 188 190 192 195 196 197 203 211 214 221 
226 231 232 235 236 237 244 249 252 254 255 259 
260 266 276 277 278 283 284 291 293 297 298 300 
306 310 314 316 318 320 322 326 333 338 346 347 
352 356 361 370 373 374 375 384 389 390 397 400 
117
5 6 14 17 26 27 30 41 44 45 46 49 
54 55 56 61 66 67 68 71 76 77 79 86 
93 94 96 97 105 106 108 112 116 121 122 125 
126 127 129 132 133 135 140 144 155 156 158 159 
160 168 169 171 174 187 189 190 191 197 208 209 
213 214 215 219 223 227 230 231 232 235 245 246 
247 248 254 258 262 263 267 273 285 290 294 301 
302 312 318 323 325 326 333 335 339 340 341 344 
345 347 351 352 355 356 357 364 367 368 374 375 
378 382 385 389 391 393 394 395 396 
114
4 5 8 10 15 18 19 21 26 30 37 45 
51 53 54 59 65 66 69 70 73 74 83 85 
86 96 99 101 103 104 108 109 110 115 117 119 
121 123 128 130 131 133 144 146 151 152 154 156 
158 159 167 169 170 177 182 183 184 190 196 198 
205 208 210 211 212 213 214 215 220 229 231 246 
253 256 263 265 266 267 270 274 275 277 278 286 
288 290 294 295 300 306 309 313 320 333 334 336 
339 342 347 350 359 362 367 373 375 376 382 385 
387 388 389 391 392 394 
133
4 9 21 23 27 28 29 32 35 37 39 41 
52 58 61 62 63 66 69 72 74 77 78 80 
81 83 85 86 88 98 99 100 115 117 126 127 
128 131 132 137 141 146 147 149 151 155 157 158 
161 162 165 167 168 171 176 178 180 182 186 187 
188 189 190 192 194 196 199 200 201 202 208 211 
218 222 223 225 228 234 235 236 239 242 243 245 
251 259 261 265 271 274 276 278 280 282 283 284 
290 293 294 295 307 310 312 315 318 327 331 332 
338 343 345 346 347 348 352 355 357 363 366 368 
370 371 372 375 376 378 383 387 388 389 391 392 
394 
122
8 9 12 17 19 22 23 24 26 27 28 32 
42 45 48 49 51 53 57 65 67 69 75 78 
81 82 85 87 88 89 90 93 96 102 103 104 
107 111 116 122 127 128 131 134 137 138 139 142 
145 148 152 153 154 161 165 172 175 184 188 194 
195 198 201 207 215 219 221 224 228 231 235 236 
240 241 243 246 250 251 258 259 260 263 264 268 
270 277 278 280 287 293 296 306 308 309 323 324 
330 333 336 340 352 356 357 361 366 368 370 373 
374 376 377 382 384 385 388 389 392 393 395 397 
399 400 
113
1 2 11 14 19 30 31 34 37 51 54 56 
58 59 64 67 68 73 75 77 79 80 82 84 
93 104 105 112 114 117 118 121 123 127 129 130 
131 136 138 147 150 155 161 163 169 171 173 176 
181 184 191 194 196 201 206 207 208 210 212 213 
219 221 225 227 230 232 239 241 243 245 247 248 
250 264 267 270 274 277 281 284 288 291 292 296 
300 302 306 307 309 313 314 315 317 319 320 325 
326 327 341 342 343 347 354 361 365 366 368 374 
392 395 396 397 400 
122
7 8 19 28 32 39 41 42 49 51 59 60 
63 67 70 71 72 73 74 78 82 94 95 101 
103 113 118 119 120 125 126 128 129 130 133 134 
138 140 143 144 147 150 151 162 165 170 172 173 
176 178 179 183 184 187 188 191 192 194 195 199 
200 201 211 213 215 216 217 220 230 232 235 239 
244 250 252 254 258 260 261 273 279 286 287 293 
294 296 297 300 305 306 315 318 319 322 324 330 
331 332 340 341 342 345 346 351 355 356 357 360 
361 363 377 378 379 380 383 386 387 388 390 395 
397 399 
119
1 3 5 6 10 13 14 15 16 19 29 39 
40 41 44 45 53 62 63 64 65 70 75 76 
77 79 80 86 87 88 90 94 95 96 99 103 
104 114 115 118 119 123 127 132 135 137 140 146 
147 148 149 150 156 158 160 163 170 171 172 175 
176 182 183 187 193 196 200 201 207 208 209 210 
212 214 216 222 229 235 239 249 254 266 273 279 
286 289 291 295 296 300 308 314 320 321 322 325 
327 333 335 340 341 342 364 366 368 370 371 372 
373 375 377 378 381 384 387 389 394 397 399 
116
3 6 12 13 18 20 33 38 40 44 48 51 
59 62 63 64 72 79 83 84 90 94 97 98 
99 111 113 115 116 120 132 134 141 143 145 148 
149 153 156 157 159 167 171 176 181 184 185 189 
190 192 197 199 201 204 208 209 210 213 215 216 
218 224 226 234 235 236 240 241 242 243 246 250 
251 253 257 265 267 275 281 283 284 287 290 293 
295 296 297 300 303 308 313 320 321 325 329 332 
334 337 347 348 349 356 357 362 368 377 380 382 
384 385 386 388 390 397 399 400 
116
4 11 13 17 21 23 27 31 34 37 38 39 
41 45 47 50 51 56 57 58 64 68 74 75 
84 88 92 95 100 105 106 108 109 113 114 122 
125 131 132 134 136 140 141 145 148 150 155 157 
158 161 163 165 172 181 182 185 186 193 194 197 
202 204 207 208 211 214 217 219 224 227 232 235 
238 242 244 246 248 249 254 255 260 269 270 272 
274 275 278 281 283 284 287 288 292 296 305 310 
312 318 323 328 337 344 346 350 351 352 354 355 
356 358 368 369 394 395 398 399 
141
1 3 4 9 10 13 15 16 17 20 21 22 
23 26 29 30 31 39 42 43 45 47 51 61 
62 65 72 74 84 89 94 95 97 101 103 105 
106 109 113 115 119 123 124 129 131 133 135 136 
137 138 148 153 156 157 162 169 170 171 172 173 
175 178 182 186 187 196 199 202 203 204 205 206 
212 213 218 220 222 223 224 226 229 230 233 239 
243 247 248 249 254 261 262 264 265 268 275 278 
279 280 286 287 291 293 302 304 305 307 309 310 
311 312 317 318 322 327 333 335 337 339 347 349 
351 354 361 363 364 368 371 372 376 378 384 387 
388 389 390 391 393 394 396 397 399 
105
4 7 8 12 15 16 23 27 32 37 51 52 
53 62 63 71 74 77 82 88 90 98 100 102 
103 104 109 113 115 121 133 134 135 139 143 144 
147 149 154 156 158 160 169 170 172 177 180 182 
193 194 202 205 212 220 221 229 232 233 234 235 
237 240 248 249 254 256 261 262 265 267 269 270 
272 273 275 279 284 285 286 291 292 296 300 306 
308 315 317 318 320 322 327 339 343 354 355 359 
360 361 362 381 385 388 392 396 400 
129
1 2 3 4 6 8 10 18 23 24 30 31 
32 36 43 50 53 59 60 63 65 66 69 72 
84 85 86 91 95 102 104 107 110 111 112 114 
117 132 133 134 136 137 138 140 144 147 155 163 
164 173 175 178 179 183 185 186 189 190 191 193 
197 199 200 202 203 204 205 210 211 212 215 223 
227 236 238 241 242 244 251 262 263 264 265 270 
283 286 287 288 291 292 296 303 309 312 313 314 
319 321 323 324 328 329 333 335 336 337 349 351 
352 353 355 356 367 368 369 370 371 372 373 375 
377 378 385 387 392 395 396 397 398 
111
2 3 8 11 12 15 23 25 30 31 38 39 
40 42 46 49 51 52 53 60 61 63 66 73 
75 77 79 81 82 85 87 92 95 98 101 102 
103 111 119 120 122 124 126 131 135 137 144 150 
151 155 156 157 158 159 165 168 171 175 186 187 
192 194 197 209 213 216 222 223 225 226 229 230 
232 236 260 262 265 266 269 271 272 273 280 283 
285 287 294 295 296 297 303 309 310 318 327 330 
345 347 353 354 355 362 363 364 366 369 371 381 
392 398 399 
129
11 14 15 19 22 23 26 28 33 36 37 38 
41 57 58 59 62 65 66 67 68 69 70 77 
79 81 82 83 84 88 89 91 92 94 98 102 
127 128 129 130 131 133 136 137 138 141 143 144 
149 152 153 154 155 159 160 163 167 168 170 171 
173 174 176 182 189 204 206 209 211 219 223 225 
234 236 238 239 244 250 253 254 255 258 259 262 
264 265 266 277 279 282 283 284 289 290 291 298 
299 304 312 313 316 319 327 330 332 334 335 340 
346 350 351 352 357 360 363 368 370 372 375 378 
382 383 384 387 390 391 394 395 398 
112
5 9 10 20 26 28 35 38 39 41 42 44 
45 51 57 59 63 68 72 73 81 86 88 96 
97 98 100 103 105 108 109 113 117 118 125 127 
128 133 135 136 138 139 147 150 151 154 159 164 
173 174 175 178 179 181 182 183 186 188 189 195 
199 200 201 208 212 217 219 224 226 228 230 231 
242 243 251 253 265 266 267 268 270 271 273 284 
287 292 293 294 299 301 305 308 316 327 334 336 
339 341 349 350 354 359 367 368 370 377 384 387 
391 392 393 394 
122
8 11 14 15 21 24 25 32 35 38 40 44 
45 51 54 60 62 65 67 69 72 74 75 77 
79 81 83 87 88 89 93 95 99 102 103 104 
105 110 111 113 115 116 117 120 123 129 143 144 
145 153 154 159 160 162 163 166 167 168 189 191 
196 200 201 207 208 211 212 214 215 219 225 228 
230 231 233 247 251 256 258 261 262 265 270 275 
276 281 283 284 289 301 304 306 308 311 314 319 
321 322 326 333 335 339 343 344 350 351 352 356 
358 360 361 363 365 373 374 379 384 386 389 394 
395 398 
105
3 4 8 9 10 13 16 22 23 25 30 31 
40 47 60 61 64 65 76 78 83 85 91 93 
95 96 97 106 107 110 116 122 123 124 125 128 
133 143 151 152 154 158 161 179 180 183 190 195 
198 199 200 203 213 219 220 222 223 227 229 233 
236 237 241 244 246 251 252 255 258 259 268 271 
272 274 278 279 281 287 299 303 307 308 311 312 
313 317 319 323 333 338 341 343 344 351 352 354 
356 357 359 360 370 373 378 383 396 
116
2 3 5 13 18 29 35 41 42 44 50 52 
55 56 61 63 64 67 71 73 77 83 85 87 
88 90 91 96 99 100 101 102 103 104 112 119 
120 121 123 124 135 136 140 142 144 149 155 159 
164 167 170 177 180 184 186 187 192 200 204 207 
210 214 216 223 235 236 237 238 239 241 247 251 
259 260 261 264 270 275 276 277 278 282 283 285 
286 287 297 298 299 302 303 304 307 309 312 317 
319 324 333 336 341 344 345 347 353 362 367 377 
382 383 386 387 392 393 394 397 
118
3 4 6 14 23 29 32 35 37 39 41 42 
43 45 47 49 52 55 58 59 61 66 71 73 
81 86 90 92 94 98 99 101 102 103 104 106 
107 114 119 120 126 128 129 136 138 142 145 153 
154 156 157 159 172 175 176 177 181 202 203 204 
207 216 221 222 226 228 233 234 236 239 240 241 
244 251 254 256 262 267 268 271 275 293 294 297 
298 303 306 311 313 316 317 320 321 329 331 341 
342 349 350 352 353 358 360 361 364 365 366 367 
371 373 375 380 385 390 394 397 399 400 
128
1 12 13 15 16 17 18 19 20 25 28 35 
36 37 38 39 41 44 49 51 56 58 63 75 
80 89 90 96 105 106 109 112 114 116 117 119 
120 126 127 130 133 134 135 140 144 145 148 151 
152 153 157 158 161 162 163 172 181 182 185 189 
192 199 204 205 206 207 208 215 217 219 229 236 
240 244 246 250 258 261 262 263 269 271 274 277 
279 281 282 284 285 287 291 292 295 299 300 303 
307 310 311 312 313 314 318 322 326 327 330 335 
339 341 345 347 348 349 350 351 354 360 361 366 
369 378 382 386 387 390 391 400 
127
1 2 3 5 9 12 15 16 20 21 23 28 
29 32 35 37 38 41 44 46 49 51 52 55 
66 67 73 75 78 81 83 86 87 91 99 106 
107 118 121 123 124 126 127 129 138 141 142 143 
149 154 157 160 161 166 167 168 170 171 172 176 
180 181 182 183 188 190 192 193 201 203 206 207 
208 211 216 218 222 232 233 237 238 242 244 248 
250 256 258 259 261 264 266 267 272 277 282 283 
284 288 291 293 298 299 304 312 313 320 321 323 
332 334 343 347 351 353 362 364 373 376 383 384 
387 391 392 394 395 396 397 
104
2 5 9 12 13 14 19 21 22 26 27 28 
29 30 46 50 52 61 62 64 66 70 73 74 
82 85 86 90 91 99 101 103 107 109 116 122 
123 127 132 134 136 144 145 151 152 159 163 164 
166 172 175 187 197 200 202 205 206 214 215 221 
233 238 239 243 244 248 251 254 260 268 271 273 
275 278 279 283 295 296 298 301 303 307 309 324 
325 326 331 333 338 343 344 346 347 350 352 354 
366 371 372 375 380 383 394 397 
121
1 2 3 6 16 17 21 24 27 29 31 34 
38 39 41 42 45 47 48 51 59 61 64 68 
73 74 79 87 88 95 96 99 100 105 108 112 
113 114 119 121 123 124 132 145 148 150 152 153 
161 163 171 172 174 177 180 183 184 186 188 191 
200 201 207 208 211 212 221 225 230 231 240 241 
243 244 258 262 263 267 269 270 281 283 285 286 
292 295 296 301 306 307 312 317 318 322 325 326 
330 333 336 338 339 340 341 344 346 349 350 358 
362 363 364 368 370 371 375 376 385 387 389 398 
400 
122
2 4 11 12 14 17 18 19 24 29 32 38 
41 45 49 55 58 62 68 72 76 77 78 79 
81 87 88 90 96 97 98 100 101 103 105 112 
113 115 117 118 121 124 125 126 133 134 137 142 
144 154 158 159 161 166 168 169 170 171 173 177 
180 182 183 184 190 192 196 198 205 206 211 215 
223 224 225 226 229 232 233 239 241 244 245 257 
262 269 270 275 278 290 293 299 302 304 305 309 
313 314 317 322 324 331 332 336 338 340 344 345 
354 355 359 361 363 366 367 371 376 380 381 389 
391 398 
127
2 4 5 10 12 14 16 18 21 27 47 48 
49 50 51 52 54 59 60 64 65 71 72 73 
76 78 80 81 84 87 90 92 105 106 108 112 
114 120 128 130 132 134 137 138 142 143 145 149 
152 154 156 157 160 163 165 167 174 175 179 180 
187 189 192 194 195 202 204 214 215 216 217 219 
221 226 228 229 231 232 233 234 235 237 244 245 
254 260 261 262 263 265 268 269 271 275 278 283 
292 293 296 300 303 304 305 308 313 319 322 326 
328 335 338 344 347 354 356 358 362 363 367 371 
377 379 383 387 388 389 400 
116
8 9 10 11 14 15 18 28 32 36 41 45 
46 48 74 79 82 86 91 93 94 96 100 101 
103 107 111 112 113 115 117 118 122 124 130 135 
142 143 146 148 150 156 162 164 168 169 170 174 
182 184 185 191 192 193 198 199 201 202 203 205 
206 207 208 213 217 222 224 232 234 240 246 248 
253 257 258 260 263 265 266 267 269 273 275 276 
279 284 293 298 302 306 310 314 316 320 325 326 
327 328 334 344 349 351 352 353 354 356 361 364 
366 372 373 380 384 391 393 394 
113
1 8 11 12 13 14 16 18 20 28 29 35 
37 38 42 44 50 51 52 55 63 66 71 77 
85 92 97 98 103 110 113 116 118 124 128 129 
131 132 134 135 138 142 145 146 149 152 156 158 
162 164 169 179 181 182 185 196 198 201 208 213 
217 226 228 233 234 235 239 241 243 244 249 250 
251 253 267 268 269 271 272 276 278 281 283 286 
287 290 291 292 295 296 301 306 320 323 331 332 
333 334 353 356 360 366 369 371 380 383 384 387 
388 390 391 392 397 
123
9 11 23 25 34 35 37 38 39 41 52 54 
56 58 59 67 69 73 78 79 82 85 87 88 
93 95 97 98 99 105 106 111 113 116 123 126 
128 139 142 143 147 149 153 157 159 161 162 165 
169 170 174 181 189 191 192 195 200 203 206 208 
210 212 215 216 217 222 223 224 226 230 232 239 
243 244 245 247 249 252 254 258 263 264 268 270 
279 280 281 282 287 288 290 295 296 297 299 302 
304 306 310 311 312 313 317 322 327 329 335 340 
342 344 349 350 354 361 370 372 373 377 379 388 
390 391 399 
106
1 2 3 13 16 24 25 31 32 33 40 44 
46 47 53 58 60 64 72 74 75 82 88 101 
102 103 105 113 119 121 123 124 126 131 132 148 
154 155 166 169 170 171 174 175 185 193 194 198 
206 210 212 220 223 227 228 233 239 240 243 244 
246 251 252 254 255 257 261 263 264 266 269 272 
277 285 287 292 301 302 303 304 307 308 313 315 
317 321 326 330 333 344 349 351 352 356 358 359 
362 366 373 376 381 385 387 390 392 400 
122
2 3 4 7 9 11 12 14 18 19 20 21 
22 23 25 26 31 33 35 37 43 45 47 49 
51 52 53 56 63 65 73 77 80 84 89 93 
94 97 98 99 100 106 113 122 125 127 128 133 
141 142 150 151 152 153 157 160 169 171 174 176 
187 188 190 191 193 198 202 203 211 212 216 219 
221 224 232 236 240 242 253 257 258 260 265 268 
269 273 278 280 281 284 288 290 291 301 304 307 
309 316 319 323 327 333 344 349 351 352 354 356 
358 361 362 364 366 368 372 374 378 383 389 392 
394 396 
121
7 19 21 33 34 37 40 42 46 50 53 56 
58 59 60 63 64 65 69 70 74 77 81 85 
87 88 94 95 100 104 105 109 113 116 125 139 
148 149 151 152 153 155 157 159 160 162 169 175 
176 177 181 183 185 186 189 193 199 200 204 207 
210 217 225 232 234 236 237 242 244 246 247 251 
253 255 256 257 259 261 263 264 267 271 273 274 
277 286 287 292 297 300 301 303 307 313 314 318 
320 321 323 328 329 332 337 339 350 351 352 355 
365 366 368 369 370 376 381 386 388 389 393 395 
396 
108
2 11 15 21 22 25 29 31 35 42 45 46 
49 52 60 63 70 72 75 79 80 82 86 91 
92 93 95 101 102 104 113 114 116 117 119 120 
138 139 145 149 154 160 162 163 165 166 167 172 
173 174 176 185 189 190 194 201 203 204 206 208 
212 220 227 229 234 235 236 240 241 242 248 251 
252 261 262 264 269 271 276 277 278 282 283 291 
295 298 305 308 310 312 322 323 329 341 344 347 
349 352 357 359 361 362 372 378 385 397 398 400 
118
2 6 16 20 23 24 26 27 29 40 41 46 
50 51 52 57 58 60 67 68 70 72 74 76 
77 78 79 84 90 97 101 102 105 106 107 114 
115 117 118 119 121 141 145 146 149 150 151 152 
154 157 159 161 170 174 176 180 181 189 197 202 
205 207 209 210 212 213 214 216 218 219 221 225 
232 233 234 236 241 242 243 255 260 261 263 266 
267 270 271 272 276 284 286 289 302 304 307 309 
310 313 314 316 320 327 329 334 337 345 348 360 
365 367 368 371 373 375 383 385 388 389 
113
1 2 3 4 10 13 14 20 21 24 27 31 
34 36 37 39 44 48 50 54 55 58 67 74 
78 79 80 82 86 90 99 102 110 111 112 114 
116 117 118 122 126 134 135 136 148 149 151 152 
154 157 158 162 166 167 171 174 182 190 199 203 
206 208 209 213 214 217 218 220 225 232 233 236 
241 242 245 251 260 270 271 274 275 276 277 278 
282 286 288 294 295 298 301 313 314 321 322 323 
327 334 335 340 341 342 346 347 350 355 357 359 
370 371 381 388 389 
131
4 12 15 17 25 28 32 41 42 47 49 56 
60 62 64 81 83 84 85 86 88 90 91 92 
97 106 109 111 115 116 120 123 126 127 131 132 
135 141 143 144 146 155 156 162 167 170 171 172 
173 176 179 183 184 185 188 190 193 195 198 203 
204 211 212 215 218 222 223 224 231 232 234 235 
236 237 242 243 248 249 252 253 254 256 257 265 
266 272 273 274 275 277 279 280 288 289 291 292 
293 295 300 304 308 310 313 317 319 322 324 330 
331 337 342 347 349 351 354 355 357 359 361 365 
369 371 372 378 383 386 387 389 391 397 400 
119
1 6 8 10 11 15 16 17 18 21 23 26 
38 46 49 52 53 55 56 57 60 61 63 68 
73 75 80 86 88 90 93 97 101 102 104 105 
109 111 114 115 116 124 126 129 131 138 142 143 
145 146 149 150 153 158 160 165 169 170 175 180 
185 188 194 195 200 206 209 217 224 229 230 238 
240 246 252 256 261 269 276 278 289 293 295 309 
310 311 319 320 321 322 324 326 327 328 331 332 
333 337 338 341 345 347 349 351 352 355 360 363 
369 370 372 374 378 379 381 386 388 395 396 
111
1 2 6 12 16 17 18 19 29 30 43 45 
47 51 57 68 77 83 86 89 90 91 93 100 
103 104 110 112 118 119 120 128 129 131 132 134 
141 152 153 154 155 161 176 179 180 181 185 188 
191 192 195 197 198 215 217 218 221 224 227 229 
231 234 236 243 245 250 257 259 261 263 267 269 
271 272 273 274 278 279 281 285 286 290 295 299 
300 305 325 329 330 336 339 341 342 345 350 351 
355 361 365 366 367 368 374 375 378 382 383 386 
387 397 398 
135
4 5 16 17 19 20 22 24 34 35 46 47 
48 50 55 58 60 62 68 69 71 72 73 74 
78 83 85 86 95 96 100 106 107 109 111 112 
117 126 129 131 132 139 143 145 150 151 157 158 
160 161 162 164 165 169 174 175 178 181 185 189 
190 191 193 194 195 201 202 204 205 206 211 213 
219 220 221 225 232 241 243 245 247 250 251 252 
253 255 259 264 266 267 268 270 272 273 275 278 
281 287 291 299 300 305 308 311 313 315 316 317 
323 325 326 328 329 331 332 341 342 352 357 366 
367 370 371 374 375 376 379 383 385 387 388 389 
394 398 399 
110
2 5 7 9 11 13 16 23 28 34 38 39 
41 43 49 50 57 62 68 71 75 76 77 87 
89 90 91 101 108 122 126 130 137 139 141 144 
145 149 151 152 154 157 164 167 171 172 174 181 
182 185 190 200 201 209 214 219 223 228 229 230 
241 244 247 249 252 254 255 256 260 261 270 272 
273 274 275 279 284 285 286 288 294 298 303 310 
313 314 318 325 326 333 335 337 339 344 345 350 
355 359 361 366 368 375 377 380 385 388 389 394 
397 400 
100
9 10 12 18 20 31 36 37 40 54 57 61 
62 63 64 66 70 74 85 89 90 99 100 101 
102 103 112 116 118 119 121 123 132 138 146 147 
150 151 152 157 164 169 171 172 181 183 191 194 
195 197 198 202 204 205 211 217 220 226 240 252 
253 254 255 258 261 262 265 273 274 276 280 285 
293 303 304 306 308 310 311 315 326 331 338 340 
342 343 344 350 356 360 364 365 368 371 372 378 
379 384 385 393 
111
2 12 14 16 17 21 22 30 31 32 36 37 
43 45 47 48 49 57 59 62 65 73 81 86 
87 95 98 103 104 105 106 109 111 113 126 127 
129 132 136 138 141 151 155 157 160 171 174 175 
178 180 196 198 200 206 207 213 215 216 218 221 
223 224 228 229 232 233 235 237 241 242 247 248 
249 250 263 265 266 267 271 276 280 281 284 285 
288 289 290 293 300 305 306 311 312 313 325 331 
333 342 349 354 359 364 366 367 372 376 387 388 
391 397 400 
115
1 14 16 23 26 27 30 36 38 40 42 53 
56 57 58 61 63 64 68 69 72 73 74 75 
77 85 89 93 95 101 109 110 111 112 113 114 
115 116 117 122 127 130 134 135 140 144 147 151 
153 154 156 157 163 164 166 167 174 176 177 180 
185 190 191 198 199 203 204 214 227 233 238 239 
243 245 248 250 253 256 264 267 272 273 274 275 
284 286 288 291 292 294 302 303 305 308 311 314 
318 322 324 325 332 343 348 352 359 367 368 371 
372 374 380 388 393 395 400 
118
7 8 10 14 29 30 31 32 38 45 55 57 
59 62 63 64 72 75 80 86 88 93 103 109 
111 112 113 115 118 122 123 124 126 134 135 137 
142 143 147 148 152 155 157 160 161 163 164 168 
170 171 172 178 181 186 190 193 194 196 204 208 
211 218 220 225 229 236 238 239 247 250 252 255 
269 271 277 285 287 288 291 292 300 301 302 303 
306 309 311 314 316 317 318 319 323 324 332 336 
338 339 346 350 355 356 358 360 361 362 363 366 
367 370 373 375 376 381 383 387 397 399 
125
1 3 9 10 11 12 15 27 28 36 37 40 
44 56 58 71 72 74 75 79 81 83 84 88 
90 91 94 95 110 113 116 120 122 123 124 127 
128 131 132 137 142 143 147 150 152 154 156 157 
160 161 164 168 174 178 182 183 185 186 187 190 
196 199 200 205 208 211 212 218 219 221 224 228 
229 231 233 234 244 248 249 250 251 253 263 264 
267 269 275 288 289 290 294 298 300 305 308 311 
314 316 317 321 324 327 330 335 344 345 350 351 
352 354 356 359 360 365 372 373 374 379 388 389 
393 395 397 398 400 
122
11 13 15 16 18 21 24 25 26 32 36 37 
39 40 42 43 47 48 57 62 64 65 73 74 
75 84 88 90 91 93 95 96 99 101 105 107 
113 119 120 124 125 127 128 130 133 136 138 149 
153 156 164 166 167 170 172 174 176 178 179 181 
182 185 188 189 195 198 199 203 219 229 237 238 
240 246 250 252 253 257 267 270 274 276 278 281 
282 286 289 290 297 302 306 307 309 311 320 322 
323 325 326 329 330 331 332 337 342 344 346 351 
352 357 361 366 368 373 375 377 381 386 389 391 
392 400 
121
9 10 14 18 20 23 33 35 40 41 45 46 
49 50 51 55 57 60 61 67 71 73 75 77 
78 80 82 83 85 86 90 91 93 94 95 99 
105 109 111 113 119 122 124 125 128 134 142 144 
148 151 157 158 167 179 184 185 186 187 194 197 
198 200 203 206 209 210 213 214 215 223 227 234 
248 254 256 258 260 261 262 266 267 272 274 276 
283 284 286 288 290 291 292 297 298 299 301 302 
303 304 307 311 312 313 316 318 325 330 332 337 
340 347 356 357 358 360 371 372 373 380 384 390 
393 
105
2 5 20 23 30 32 36 37 39 42 45 48 
49 55 58 59 61 64 66 67 69 77 81 87 
98 101 103 104 105 109 117 119 120 121 123 132 
133 136 146 147 148 155 156 157 161 166 167 171 
172 174 184 185 187 190 201 208 209 212 213 215 
216 222 226 227 230 233 234 236 239 242 244 248 
249 250 252 254 255 266 268 270 276 277 286 288 
296 299 313 316 320 325 329 333 338 339 342 343 
356 360 362 364 366 378 386 395 399 
140
5 9 15 17 19 20 25 27 28 29 33 36 
37 39 40 41 48 50 52 55 57 62 65 70 
75 76 80 81 82 88 92 93 98 100 105 108 
110 111 114 115 118 120 121 123 124 139 142 145 
148 150 153 160 167 168 169 170 175 176 180 181 
186 187 189 194 195 197 201 202 206 212 219 221 
223 227 228 229 230 233 239 240 243 248 249 250 
253 255 257 264 266 267 268 269 270 271 272 273 
274 278 280 282 285 286 289 290 291 292 294 300 
301 308 310 311 321 325 326 330 332 333 336 338 
341 342 345 346 349 354 355 358 360 363 370 373 
378 382 384 386 387 388 392 397 
110
4 10 13 19 44 51 52 62 72 77 78 80 
81 86 87 90 94 109 113 122 125 129 134 141 
142 144 148 149 150 151 153 157 159 160 164 168 
173 177 178 179 182 184 188 189 190 191 192 197 
199 204 205 207 208 212 213 214 217 222 223 224 
225 226 227 234 240 243 244 247 250 251 252 260 
263 266 270 273 274 279 283 285 289 292 294 296 
307 311 314 317 323 328 330 332 333 334 340 341 
343 346 352 353 356 357 361 375 379 387 388 391 
393 398 
113
1 2 3 8 15 16 24 32 34 48 51 55 
57 62 67 68 70 72 73 75 79 82 88 89 
91 92 93 96 98 99 103 108 111 112 122 123 
128 140 141 142 144 148 151 153 154 157 160 163 
165 167 168 185 186 188 191 196 201 204 208 209 
212 214 216 217 223 227 243 245 247 253 259 262 
273 277 282 287 294 297 298 299 307 311 316 317 
318 319 321 325 326 327 338 339 341 345 346 347 
349 355 357 363 364 367 370 372 374 377 384 387 
390 392 394 395 399 
130
3 5 7 11 18 20 22 23 24 25 28 31 
34 36 37 39 44 47 52 56 58 62 68 70 
75 78 82 89 90 91 92 94 98 101 102 103 
111 113 116 122 123 124 127 128 129 136 138 140 
142 145 147 149 152 154 158 160 161 164 167 175 
179 180 182 185 190 192 196 197 200 201 202 203 
205 209 224 227 235 239 240 250 257 260 267 268 
273 275 278 281 283 285 286 288 290 291 296 301 
302 306 310 313 318 319 325 326 328 334 342 343 
345 349 350 351 352 353 354 356 366 369 373 375 
378 380 381 385 386 387 388 396 398 399 
129
1 10 12 16 17 20 21 22 24 27 29 39 
43 44 47 48 50 51 53 56 57 60 65 66 
71 73 77 78 79 82 86 87 89 93 96 97 
109 110 116 117 120 121 130 133 135 136 137 139 
143 145 149 152 153 159 163 169 170 172 174 176 
180 192 195 197 199 200 203 206 209 210 212 215 
225 228 230 232 234 238 240 244 247 251 252 254 
256 259 261 266 271 273 274 275 277 278 280 282 
284 291 296 299 308 309 312 313 314 318 321 324 
325 327 330 338 340 344 345 346 357 360 361 362 
366 369 372 374 378 379 380 390 398 
109
1 5 6 14 22 24 28 32 34 38 42 47 
54 56 61 63 80 82 86 87 88 109 110 120 
123 124 125 126 129 130 136 140 144 153 159 160 
163 166 167 170 172 173 174 176 178 179 180 184 
189 193 196 199 200 205 208 210 211 215 217 218 
223 224 226 231 238 239 240 242 243 251 254 261 
263 265 269 272 275 279 284 285 286 295 299 300 
303 306 321 325 327 328 330 332 333 347 348 349 
359 365 368 369 375 377 381 385 386 391 392 397 
399 
127
4 17 18 25 27 29 36 38 41 51 55 57 
59 60 61 62 68 69 70 72 73 80 86 87 
89 92 94 96 97 98 104 106 108 111 113 115 
116 117 120 121 123 126 132 134 135 138 146 151 
154 156 157 160 161 164 166 170 171 175 177 178 
185 187 189 190 192 199 200 203 208 210 216 217 
220 225 235 237 239 241 242 243 246 256 260 263 
264 267 272 275 282 285 287 290 291 292 295 298 
304 308 310 313 315 317 329 336 339 341 345 346 
348 352 353 356 358 361 362 364 366 367 376 377 
379 386 388 390 392 396 399 
112
2 5 11 12 13 18 21 23 25 32 33 34 
35 47 57 59 63 64 69 70 71 75 79 84 
85 88 90 93 94 98 99 101 103 105 111 112 
113 119 125 126 133 141 146 150 155 158 164 165 
171 176 192 194 201 202 207 210 213 219 222 225 
232 234 236 238 240 249 251 253 254 255 258 260 
264 265 271 278 279 281 283 289 290 291 313 316 
319 320 321 333 334 335 342 347 349 353 354 355 
356 364 365 366 368 373 374 376 380 382 383 384 
386 388 391 395 
120
2 6 10 12 14 15 23 24 25 26 28 35 
36 37 38 47 48 49 56 66 75 78 80 81 
82 83 84 86 89 90 92 93 96 98 100 102 
103 106 110 114 116 128 134 136 139 140 147 150 
155 161 166 168 169 171 175 178 179 182 184 191 
199 206 210 213 216 223 231 232 236 240 242 244 
246 249 250 259 261 263 272 276 278 283 285 288 
292 293 296 298 306 309 310 314 319 321 323 325 
327 328 333 334 337 338 339 341 344 347 351 358 
359 362 363 369 370 372 374 375 384 387 391 393 
108
5 10 11 14 16 25 28 32 35 45 47 52 
54 56 58 60 71 72 76 80 81 83 85 94 
96 105 106 115 123 126 128 129 133 139 140 146 
153 155 158 165 171 176 177 178 179 185 190 192 
193 195 200 207 211 212 213 226 228 229 230 236 
237 240 249 252 260 262 266 276 277 278 279 282 
284 287 300 303 312 316 317 319 328 331 332 344 
348 352 353 356 357 359 363 364 365 366 369 376 
377 379 382 383 385 386 389 393 395 397 398 399 
137
2 3 5 6 11 13 14 16 22 24 30 33 
38 39 43 45 52 54 55 56 58 65 67 69 
74 84 85 88 92 95 97 99 103 109 110 111 
114 118 119 122 123 129 130 132 133 137 140 146 
147 149 152 153 157 160 163 164 165 166 171 176 
180 182 184 187 196 197 199 200 201 203 208 209 
211 221 223 225 226 233 234 237 241 249 250 254 
260 261 263 266 274 278 279 280 285 292 293 294 
295 297 298 299 304 306 313 314 315 319 321 323 
328 329 330 331 332 333 335 336 337 340 341 343 
345 346 347 353 354 361 362 368 369 378 383 384 
385 393 396 399 400 
120
2 3 4 8 10 12 14 16 20 23 26 27 
28 33 37 39 41 42 45 49 50 52 55 57 
59 61 66 70 74 75 79 83 84 87 93 103 
107 110 111 119 120 124 133 135 136 138 140 148 
149 155 156 161 163 164 168 169 170 172 174 175 
176 179 180 182 186 188 191 193 195 202 203 205 
206 209 211 215 221 225 232 234 242 246 250 251 
253 261 263 267 269 272 273 283 286 292 293 295 
302 305 306 308 316 329 338 339 340 347 348 350 
352 353 357 364 371 372 373 380 382 388 391 393 
105
4 8 13 14 18 19 25 26 27 29 30 31 
33 34 39 40 43 46 47 52 54 56 62 65 
69 71 72 73 74 78 79 80 84 85 88 94 
96 97 100 104 119 125 126 127 128 131 136 147 
156 157 164 166 169 170 175 180 181 182 188 198 
199 200 210 211 212 216 218 222 224 236 237 240 
241 242 245 252 258 265 266 267 270 281 284 285 
288 292 295 296 299 307 309 311 316 320 323 327 
329 337 344 348 355 361 362 373 385 
105
1 4 9 11 19 22 37 52 56 58 64 66 
69 75 76 77 80 84 88 90 103 105 109 111 
115 117 125 127 131 132 135 136 137 139 142 144 
147 151 152 155 157 161 162 166 171 172 180 182 
184 185 193 194 197 200 203 205 207 208 211 213 
219 220 225 227 228 231 232 242 243 245 250 251 
258 268 269 271 278 286 290 292 294 300 307 321 
327 331 334 335 336 340 341 343 353 357 359 363 
367 368 370 371 389 394 395 396 397 
111
9 11 14 19 21 26 27 34 35 36 41 47 
51 53 59 60 61 62 65 66 67 73 79 81 
85 86 94 98 100 101 104 105 111 112 115 116 
118 124 129 132 135 136 142 144 146 150 153 157 
162 163 165 167 171 175 183 187 196 197 202 203 
211 214 215 217 222 229 231 241 242 243 252 260 
262 263 274 275 277 281 287 291 292 294 295 296 
300 302 307 309 314 316 320 321 324 326 328 330 
331 334 346 352 354 357 363 364 368 377 379 380 
382 385 396 
108
7 8 10 16 20 21 22 24 25 26 27 31 
37 40 45 47 48 51 56 60 73 74 76 79 
84 87 89 99 104 105 106 108 109 110 112 114 
117 118 120 121 124 126 127 129 130 132 134 136 
141 148 152 155 160 163 175 176 181 185 194 196 
197 213 216 221 224 229 238 239 240 245 248 250 
251 252 262 263 265 266 270 276 286 288 310 313 
319 321 322 329 338 339 348 354 356 360 361 364 
368 370 373 377 379 380 384 388 389 393 397 398 
121
7 9 10 12 24 26 34 36 43 45 47 48 
51 55 56 59 62 67 69 72 73 74 80 81 
84 88 89 91 98 103 105 106 112 115 119 125 
130 133 138 143 144 158 160 163 167 171 174 175 
182 184 189 190 192 194 198 201 202 203 206 207 
210 211 216 218 219 223 227 229 230 236 240 242 
247 249 256 257 258 259 261 262 263 264 267 270 
273 274 275 279 282 287 288 292 303 305 306 307 
310 315 323 325 332 336 338 342 344 347 349 359 
361 368 375 380 383 384 387 389 390 391 397 398 
400 
107
1 3 4 9 10 12 15 16 22 25 35 43 
49 52 54 57 60 63 69 85 86 88 97 99 
100 103 104 106 116 120 122 124 131 134 138 139 
142 143 148 151 155 163 164 166 167 176 180 181 
182 184 186 189 191 194 195 197 200 202 206 208 
212 219 226 231 232 239 240 243 244 246 247 248 
249 251 256 260 265 266 269 281 282 284 287 288 
291 318 324 326 333 335 339 341 342 344 347 349 
356 359 361 363 365 368 373 380 386 392 397 
122
1 3 4 7 8 15 16 19 21 25 26 27 
31 34 38 40 43 51 71 75 76 78 84 87 
92 95 106 108 112 116 124 129 130 131 132 134 
138 140 146 152 153 157 159 161 162 163 166 171 
172 174 175 176 177 181 183 190 193 196 205 207 
208 214 215 222 226 228 230 231 233 237 240 242 
245 248 250 251 257 260 261 266 270 272 277 279 
280 281 284 289 290 294 300 304 307 311 318 319 
320 322 323 326 328 333 335 342 344 345 353 359 
364 368 370 374 377 378 379 380 381 385 387 396 
398 399 
119
3 5 9 13 17 20 23 30 35 40 42 45 
48 49 58 59 62 68 72 75 78 80 87 92 
94 100 103 105 109 111 112 113 118 121 123 129 
135 138 139 141 149 150 151 156 157 162 163 164 
165 166 167 168 169 171 174 175 186 187 190 197 
199 200 201 203 210 221 223 224 227 228 231 232 
233 236 237 243 244 245 260 261 263 264 268 272 
274 281 285 289 293 294 297 302 308 310 315 317 
319 320 321 324 330 332 335 342 346 348 353 356 
358 359 360 369 376 377 380 383 392 393 397 
120
1 3 10 11 12 18 19 20 21 22 23 26 
28 31 43 47 48 51 52 60 61 67 74 80 
81 83 85 89 90 95 96 99 100 103 110 111 
114 117 125 126 127 132 142 144 145 147 149 151 
155 157 160 178 181 184 188 190 194 195 198 201 
205 209 215 225 228 230 236 239 240 246 248 250 
252 253 255 261 263 267 274 277 284 287 290 293 
295 298 299 305 309 310 311 312 313 314 316 319 
321 322 326 331 332 334 339 340 341 342 350 351 
356 359 363 377 379 386 387 389 394 396 397 400 
113
1 3 5 12 13 14 18 21 23 26 28 31 
34 37 38 48 60 62 64 72 76 78 81 82 
84 86 88 91 93 104 107 109 110 113 114 116 
117 123 124 125 141 152 153 155 156 157 161 163 
172 174 184 189 190 198 204 207 209 214 217 219 
221 222 223 230 233 234 235 237 239 240 241 242 
246 248 249 250 251 255 259 260 264 265 267 269 
277 280 286 302 314 317 324 326 330 333 335 338 
339 344 346 347 349 350 351 356 367 372 373 374 
383 393 394 398 399 
122
3 9 11 14 15 16 17 18 19 23 25 27 
29 31 32 34 37 38 46 48 51 53 54 55 
58 65 69 71 72 76 77 82 85 88 91 99 
101 107 113 123 125 126 127 129 131 132 135 136 
138 148 149 157 158 160 162 166 167 171 174 187 
192 194 196 197 198 202 203 204 212 213 217 225 
226 240 241 244 249 254 255 256 259 260 263 264 
265 267 271 272 274 277 280 282 285 290 294 302 
307 313 314 319 323 324 325 329 333 334 341 344 
346 347 350 352 363 364 368 369 372 383 388 392 
395 399 
126
1 4 10 12 14 19 24 28 32 33 34 36 
39 43 44 50 53 55 57 61 63 70 72 73 
75 77 78 82 83 85 87 93 97 101 104 107 
115 117 120 121 130 146 148 151 152 155 161 162 
163 166 167 169 170 175 179 186 189 190 194 200 
201 202 207 208 209 217 218 220 226 229 231 232 
233 238 239 245 246 252 253 256 257 258 262 263 
264 266 269 275 276 277 279 284 287 291 292 293 
296 301 303 307 308 311 317 322 326 328 333 334 
337 344 346 347 353 356 359 364 365 366 371 381 
382 383 384 390 396 400 
125
5 6 7 13 16 17 18 19 22 29 31 32 
35 36 38 39 42 44 46 51 52 55 56 58 
60 61 66 74 75 78 79 80 81 87 90 94 
95 96 97 99 101 102 103 104 113 114 116 117 
118 119 125 126 130 133 135 138 142 146 147 148 
150 153 155 161 170 171 172 174 178 180 181 183 
185 189 197 198 199 201 213 222 224 233 239 242 
243 245 246 247 252 254 264 265 267 278 279 280 
281 288 289 298 306 308 312 315 318 322 332 336 
337 344 345 348 349 352 354 357 365 369 377 382 
383 389 396 397 400 
137
1 2 4 9 12 17 20 22 25 26 33 40 
42 44 45 47 48 57 62 68 69 73 75 76 
77 82 83 84 85 86 92 94 97 98 103 106 
113 115 118 119 121 130 134 142 146 149 150 152 
154 155 156 159 166 167 171 173 177 179 187 188 
195 196 201 202 206 209 210 211 212 213 214 216 
218 219 220 227 229 231 234 235 241 242 243 247 
252 255 259 260 265 267 269 270 271 274 278 280 
282 286 290 300 306 307 308 309 313 318 320 322 
324 325 326 327 328 329 330 331 333 335 339 340 
342 346 350 355 357 360 370 374 377 380 381 383 
389 392 395 398 400 
114
3 5 13 18 19 20 21 24 28 33 37 40 
42 44 45 51 52 54 58 61 63 67 68 69 
74 77 80 83 89 91 100 109 111 117 118 120 
123 126 127 133 134 137 139 143 144 145 148 149 
151 152 156 161 165 166 167 177 178 180 183 188 
193 195 199 200 202 205 206 220 223 226 230 235 
237 243 245 247 248 263 271 272 273 277 278 281 
284 287 292 302 306 310 312 314 316 317 319 323 
332 338 339 341 342 345 351 360 362 368 370 373 
377 378 388 389 392 395 
113
4 11 13 14 20 22 23 25 29 33 37 39 
40 42 47 56 57 66 68 78 87 97 99 102 
105 106 110 112 113 118 119 120 122 125 130 132 
133 136 139 142 148 152 154 155 156 160 161 164 
165 169 174 176 177 179 180 182 191 193 195 196 
204 210 212 215 217 219 220 221 223 225 241 242 
245 250 254 256 265 266 268 273 288 289 290 294 
297 298 300 303 304 310 317 318 319 320 323 325 
328 331 336 342 345 360 363 366 373 374 375 377 
381 383 387 390 398 
123
11 14 18 20 25 27 28 31 34 36 38 40 
42 53 54 55 58 66 67 69 72 73 76 81 
86 87 88 90 91 94 98 109 110 114 118 119 
123 124 131 134 135 136 141 143 146 150 152 153 
154 155 156 158 161 173 174 176 178 180 185 186 
190 194 195 197 201 202 203 205 209 214 217 223 
224 233 234 239 241 242 243 256 275 276 277 282 
283 285 286 290 291 295 297 298 299 302 304 305 
308 311 316 317 319 328 329 337 339 342 344 355 
364 365 368 370 374 376 378 381 383 384 385 392 
393 395 397 
132
5 7 8 10 15 16 24 25 31 34 35 39 
41 42 43 45 46 48 52 56 59 62 66 69 
70 71 75 77 79 81 85 92 96 101 108 110 
115 119 120 122 123 133 140 141 142 145 147 148 
152 154 155 161 162 165 168 173 177 179 183 184 
187 188 192 193 197 199 202 203 205 206 208 210 
218 219 220 223 230 232 233 235 238 239 250 255 
258 260 264 269 270 272 275 276 278 280 295 297 
298 299 300 302 305 306 307 308 309 312 314 316 
318 328 329 332 337 342 344 349 350 352 356 358 
362 363 368 380 382 384 385 387 389 391 396 398 
140
2 4 6 7 9 10 20 21 22 23 24 26 
29 32 36 38 39 40 43 53 57 59 60 62 
65 66 67 71 73 77 81 83 88 90 93 96 
101 102 105 106 107 108 110 114 116 117 129 131 
134 136 137 138 139 144 150 151 155 156 160 163 
164 168 174 178 180 181 182 193 194 199 205 209 
210 212 216 218 221 222 224 225 228 230 233 241 
242 244 248 252 258 259 260 263 264 265 267 268 
274 275 277 281 285 287 288 289 298 303 306 311 
315 319 321 323 327 335 340 343 344 345 347 351 
353 355 356 357 359 362 363 365 367 373 375 378 
379 386 387 388 391 395 397 400 
125
1 7 9 13 16 19 20 22 23 24 27 28 
29 31 32 33 36 41 43 44 47 48 55 57 
59 62 69 72 75 76 81 82 89 90 91 92 
95 97 101 102 107 112 118 120 121 122 126 129 
136 144 158 164 165 170 172 175 176 178 186 187 
190 191 192 193 198 199 200 204 207 208 209 212 
216 222 225 231 232 233 235 240 241 245 247 261 
262 263 266 267 270 272 276 280 281 293 295 300 
303 305 306 313 314 315 323 324 325 332 333 339 
340 342 343 346 353 359 360 375 378 379 385 387 
388 393 394 397 399 
119
8 9 15 23 26 32 36 44 45 46 55 56 
57 58 60 73 78 83 84 86 89 90 91 97 
98 99 100 103 104 105 106 109 110 113 126 135 
139 142 150 151 158 165 167 171 172 173 175 176 
178 181 182 183 184 185 190 192 195 196 199 201 
204 206 208 212 216 225 226 231 234 236 238 242 
246 249 254 255 258 269 270 271 272 276 277 285 
286 287 291 292 293 295 297 305 308 312 315 316 
317 319 322 331 334 337 339 343 344 350 358 359 
371 374 375 378 385 388 389 390 391 393 396 
128
3 5 7 16 19 21 22 23 28 29 32 40 
41 42 43 46 48 49 53 55 57 64 65 66 
69 72 77 79 81 82 85 89 92 94 95 100 
105 113 115 122 123 124 125 126 128 129 138 143 
145 146 149 151 153 155 157 158 160 165 168 170 
176 178 187 189 191 198 199 206 216 217 219 221 
222 232 237 238 241 246 247 248 257 259 263 265 
267 268 272 282 286 291 292 295 297 299 300 301 
302 304 310 311 315 320 321 322 331 332 339 340 
342 345 347 352 356 363 365 366 369 370 372 373 
375 382 388 392 393 395 397 399 
119
1 2 5 12 13 19 33 40 41 46 47 49 
54 57 60 61 63 64 67 72 74 76 79 83 
84 87 90 91 93 95 96 97 107 108 113 115 
117 122 125 126 128 129 131 136 149 150 151 154 
155 161 168 169 172 176 178 180 183 190 191 192 
193 196 205 207 212 223 224 226 227 233 234 236 
237 238 254 258 264 267 268 269 271 277 278 288 
291 300 302 305 306 310 314 320 327 328 334 336 
338 339 340 343 344 345 347 349 353 354 355 359 
361 362 370 371 374 378 379 381 390 395 397 
122
1 4 5 12 15 16 17 19 20 23 46 48 
49 50 51 53 57 58 60 66 67 71 72 74 
80 87 90 92 94 100 105 109 112 117 124 128 
133 135 136 138 139 142 147 152 153 154 156 159 
161 165 167 168 169 171 172 176 179 180 183 190 
191 195 197 199 203 208 212 215 219 222 223 231 
237 238 248 251 253 256 260 263 264 265 269 272 
273 279 280 282 284 285 286 287 294 298 300 304 
309 314 315 316 328 330 333 335 342 343 346 354 
356 360 367 372 374 375 380 382 387 389 391 394 
398 399 
120
2 8 16 17 21 22 27 28 32 36 40 41 
43 44 45 49 55 57 58 61 63 64 67 69 
75 77 78 85 86 89 92 100 105 108 109 118 
120 121 123 126 133 136 138 146 152 153 155 156 
160 167 168 169 176 177 193 194 196 198 199 202 
205 207 209 211 212 219 223 230 231 232 233 239 
243 244 246 251 252 265 267 268 272 275 276 278 
279 280 281 284 285 289 290 291 296 298 300 307 
316 320 326 331 333 335 341 345 346 355 358 366 
367 368 373 375 380 383 384 386 387 394 396 397 
118
6 7 11 12 16 19 20 34 36 40 43 49 
51 54 55 59 63 68 76 84 88 89 91 94 
99 101 104 105 107 114 124 129 130 133 136 144 
146 154 159 161 168 169 170 172 176 179 180 182 
185 186 190 195 196 197 201 207 208 210 211 219 
224 226 227 229 230 232 233 242 243 245 260 261 
264 269 270 274 278 284 286 288 289 291 292 293 
294 300 301 302 306 314 318 319 322 323 326 328 
330 332 333 336 337 339 342 343 344 347 351 353 
360 363 367 381 382 384 387 389 392 393 
115
1 3 4 11 13 14 15 17 18 20 22 33 
34 40 43 55 56 58 59 60 62 64 68 71 
79 82 86 88 99 100 107 108 109 110 111 115 
116 120 122 125 132 133 136 148 152 153 160 161 
163 164 165 167 175 176 180 185 189 199 200 203 
208 210 213 218 225 226 230 232 238 240 241 243 
245 249 253 256 257 259 265 269 270 274 277 288 
289 290 292 293 296 298 299 300 301 307 308 310 
313 322 325 328 333 335 337 340 341 354 356 360 
366 369 384 386 391 396 399 
113
6 11 13 17 18 22 30 31 32 34 42 44 
45 50 59 71 82 85 86 94 99 105 109 111 
113 114 117 119 121 122 124 128 130 131 135 140 
143 144 148 150 152 166 169 172 175 180 181 182 
186 190 194 198 203 204 205 206 209 211 213 229 
231 234 240 247 252 253 255 257 258 259 263 274 
276 278 280 281 282 283 299 300 308 311 312 314 
320 323 324 328 332 333 338 339 342 346 347 350 
352 353 360 363 366 367 368 370 371 373 376 381 
383 384 388 393 400 
105
4 7 10 15 16 20 29 39 49 53 54 58 
59 62 65 66 70 74 85 87 93 95 103 108 
114 117 118 119 124 126 135 139 141 144 146 148 
150 152 154 161 162 163 164 178 179 180 182 183 
197 204 205 206 208 210 213 218 225 227 230 233 
237 239 240 241 250 251 252 257 258 262 264 267 
271 272 275 276 277 288 300 301 306 307 313 320 
327 334 337 340 344 346 348 352 363 365 372 382 
383 384 385 387 388 389 390 396 397 
137
4 5 6 9 14 17 25 26 27 31 34 41 
45 46 47 48 50 56 67 70 73 74 76 80 
84 86 87 88 89 98 106 108 110 112 116 118 
121 123 127 130 134 135 146 152 153 155 156 157 
159 160 170 178 179 182 184 188 190 194 198 200 
203 206 207 209 214 215 216 221 223 225 227 230 
232 237 239 244 245 251 253 254 257 258 259 263 
266 268 269 273 274 276 277 278 281 285 286 296 
301 307 309 311 314 316 317 319 320 323 327 329 
330 333 334 336 342 343 344 345 348 349 350 351 
353 355 358 363 370 374 375 376 377 378 383 384 
388 390 394 397 400 
117
2 3 11 14 16 17 22 24 28 29 33 35 
37 38 40 43 44 48 49 50 53 54 57 59 
62 64 65 70 76 81 87 91 97 98 103 104 
106 110 114 120 127 132 136 141 154 161 163 170 
171 173 174 175 180 185 187 189 191 194 195 198 
201 202 210 214 215 216 217 222 223 225 229 232 
234 236 238 240 244 246 247 250 260 268 269 273 
280 283 285 286 287 295 299 300 302 303 305 306 
312 314 315 316 320 322 328 330 332 337 346 353 
356 362 370 379 380 383 386 387 396 
122
6 7 8 11 13 14 15 16 19 20 21 30 
32 34 38 39 40 41 42 43 47 49 51 52 
53 56 69 83 84 90 95 101 106 109 110 112 
115 116 122 124 125 126 132 134 137 138 142 146 
152 155 156 158 163 168 172 177 190 192 195 200 
202 210 215 218 219 223 225 231 236 237 239 240 
241 244 246 247 252 256 257 259 260 264 265 268 
269 271 275 278 279 281 282 296 301 305 310 314 
323 331 335 338 339 340 341 344 351 352 354 355 
356 359 360 362 363 368 370 371 372 383 386 387 
389 399 
129
2 3 5 6 7 10 11 18 19 24 29 30 
34 35 37 40 41 42 44 45 48 53 55 57 
58 73 75 79 83 91 93 98 101 104 110 116 
124 127 129 130 132 134 136 140 142 148 152 154 
159 163 165 166 168 170 185 189 191 200 204 209 
211 214 216 218 219 224 225 226 230 233 236 238 
241 242 252 257 264 265 270 285 287 290 293 294 
297 298 306 309 311 313 314 315 323 324 328 329 
331 332 334 335 336 342 343 344 345 352 354 356 
357 358 360 363 364 367 368 372 378 382 383 384 
385 386 391 392 393 395 396 397 398 
115
6 10 13 17 31 36 39 40 43 47 48 50 
52 53 54 56 61 62 65 68 72 73 76 80 
83 85 86 96 111 112 115 117 119 121 125 127 
128 131 133 136 138 139 140 142 154 157 162 163 
164 165 166 167 173 174 179 181 184 185 186 193 
195 196 197 202 205 206 209 210 214 215 224 234 
244 246 248 249 251 252 254 256 258 259 262 265 
268 278 283 284 287 288 298 301 303 304 312 315 
324 327 332 333 339 349 351 353 362 364 365 369 
370 371 374 386 389 392 396 
125
1 2 5 8 11 17 18 20 22 23 25 35 
40 41 53 54 56 62 63 65 67 71 78 82 
84 87 96 98 104 110 112 116 118 119 124 127 
128 129 130 131 132 136 138 139 141 143 146 148 
155 156 159 160 162 167 171 172 184 185 186 198 
203 204 211 214 215 220 221 226 229 238 239 242 
244 246 260 262 263 265 268 269 270 271 273 275 
281 285 292 295 298 300 304 305 307 310 311 314 
316 318 320 322 323 327 329 331 335 336 338 340 
346 348 350 352 356 359 360 366 370 384 387 390 
391 392 394 397 400 
117
8 11 16 20 21 23 28 31 34 36 40 42 
44 45 53 64 68 73 75 79 80 83 89 92 
102 110 111 112 122 123 124 131 132 150 152 153 
155 157 158 164 165 168 171 176 178 180 182 184 
186 188 189 199 202 207 208 212 217 222 224 225 
233 234 238 239 250 257 258 263 265 270 271 272 
274 277 278 279 285 286 289 291 293 298 300 301 
306 311 313 315 317 318 320 321 322 325 327 328 
332 335 343 347 357 360 361 369 370 371 372 375 
376 377 379 382 384 388 393 397 400 
121
8 11 17 30 35 37 40 43 44 45 48 49 
50 53 65 66 73 78 79 81 82 86 95 102 
105 106 107 117 120 123 125 132 136 138 141 142 
144 148 149 154 162 164 168 171 174 176 180 181 
185 187 192 193 196 199 202 207 213 215 224 226 
227 239 242 243 244 245 248 249 253 259 263 269 
270 276 277 279 282 283 285 286 293 294 295 296 
301 302 303 311 313 316 317 321 322 323 324 325 
327 331 333 335 341 344 345 347 352 354 355 356 
358 359 360 361 364 368 378 379 381 382 383 386 
388 
117
7 11 13 15 18 22 24 26 40 44 46 51 
52 54 56 57 62 65 69 75 77 80 84 88 
90 95 98 100 108 121 124 125 129 132 134 146 
147 148 149 150 152 153 156 160 163 166 170 176 
181 182 188 191 192 195 197 200 201 202 204 205 
208 211 221 222 224 232 233 235 241 245 248 249 
256 259 260 261 265 270 271 272 276 279 280 281 
282 285 290 291 292 295 297 302 303 319 323 325 
331 333 344 347 348 350 351 353 355 356 359 361 
372 375 379 381 384 387 391 393 399 
125
2 3 7 8 9 14 22 28 30 32 33 36 
37 38 40 41 42 46 47 53 62 64 68 70 
78 79 86 88 91 98 100 101 103 109 111 115 
117 119 120 123 124 127 129 133 134 135 139 149 
150 151 152 159 162 167 171 173 174 175 177 181 
182 183 187 193 194 195 196 200 202 205 211 220 
223 225 226 229 232 234 237 240 244 246 258 260 
262 263 266 269 272 277 278 282 287 295 297 299 
304 306 307 316 317 318 320 323 326 327 332 334 
335 338 340 342 346 351 353 356 364 375 383 388 
390 391 393 396 397 
118
2 3 6 17 19 20 23 30 33 35 36 43 
51 52 55 58 61 65 67 76 85 87 89 94 
96 101 103 108 115 118 121 126 129 132 135 143 
146 147 149 151 152 154 157 158 165 166 169 171 
173 177 182 183 186 187 190 191 193 194 196 203 
211 215 218 222 224 226 231 233 239 244 245 250 
251 257 258 260 265 267 273 281 282 290 291 293 
300 302 304 307 308 315 317 318 319 321 322 323 
327 329 330 336 337 342 343 346 347 350 351 361 
362 368 371 374 379 385 386 388 394 399 
129
2 5 9 14 15 17 19 21 27 33 34 38 
40 42 48 52 55 56 60 62 68 80 86 89 
90 96 97 99 103 109 111 112 113 115 116 118 
121 122 130 131 133 138 139 143 151 153 156 157 
166 168 169 180 181 186 188 189 194 195 197 199 
204 207 212 214 228 229 233 235 236 237 241 244 
248 250 254 256 258 259 261 262 263 264 271 275 
276 277 281 287 288 291 294 296 300 303 308 311 
316 318 321 322 323 326 327 334 335 336 337 338 
339 341 343 344 346 351 354 358 362 373 374 375 
376 377 381 382 386 388 391 394 395 
133
4 8 11 15 17 18 20 25 27 29 32 34 
35 37 39 42 45 48 56 59 65 67 68 70 
75 76 77 82 84 86 87 93 95 98 103 108 
109 110 111 117 118 119 120 121 125 134 137 140 
141 144 145 147 152 156 166 169 173 177 179 180 
186 188 189 192 195 196 199 202 203 207 218 221 
223 227 230 236 237 239 241 242 245 248 251 253 
254 260 265 268 269 273 274 275 277 285 287 288 
291 299 303 307 308 310 315 316 318 320 324 326 
328 329 331 332 334 337 341 342 343 344 350 353 
366 367 374 376 377 382 384 385 387 389 390 398 
400 
126
6 10 11 12 14 19 20 22 23 24 26 28 
32 40 52 53 55 59 60 72 73 76 77 80 
86 87 89 90 95 97 99 101 102 106 107 108 
109 110 117 124 125 126 138 141 143 145 150 154 
157 158 160 162 163 164 169 173 175 176 182 188 
190 191 192 193 208 209 219 227 229 230 239 240 
242 247 249 252 253 255 256 258 259 261 263 266 
270 271 272 273 274 277 278 279 281 284 287 290 
293 298 299 301 305 320 321 323 324 331 337 345 
355 356 359 363 364 366 368 371 373 374 380 382 
384 389 390 394 395 397 
116
7 8 14 16 17 19 20 25 30 34 35 40 
47 54 56 57 63 66 74 80 86 91 92 100 
103 104 112 115 116 120 123 126 128 130 133 134 
138 146 147 148 154 156 159 162 163 164 169 175 
177 179 185 187 191 192 196 201 203 205 206 210 
211 214 215 218 221 225 233 234 235 238 239 240 
243 246 247 249 251 256 257 258 260 265 267 275 
281 286 293 295 298 299 310 312 313 316 319 329 
332 336 337 338 343 345 357 358 360 368 370 371 
381 382 383 385 386 387 399 400 
104
2 7 11 12 18 20 21 30 32 37 39 49 
51 56 60 61 66 69 71 73 75 76 81 83 
86 100 103 104 105 112 117 118 120 125 129 131 
134 138 140 141 143 147 154 156 158 160 163 165 
166 168 173 183 185 188 190 197 200 201 204 206 
208 214 220 223 232 233 234 235 237 238 247 252 
254 258 267 271 286 289 294 295 299 300 304 312 
316 317 318 321 326 332 335 339 342 349 354 355 
364 377 380 383 385 390 394 399 
96
2 8 9 12 13 15 16 19 20 25 32 34 
36 39 45 52 59 63 70 78 85 95 98 102 
103 110 112 116 118 120 121 123 125 136 138 139 
144 148 150 162 163 169 170 179 180 187 193 195 
196 199 200 202 205 215 220 229 230 235 246 249 
253 258 261 279 284 287 289 291 294 295 297 298 
300 301 306 310 321 323 327 338 343 346 351 353 
357 361 370 371 372 374 377 380 390 392 398 399 
127
2 3 4 6 7 10 15 16 17 21 28 29 
35 37 40 41 43 50 65 67 76 77 81 83 
86 88 89 92 93 94 97 101 114 118 125 128 
130 133 136 143 147 151 152 157 158 163 165 173 
174 182 186 189 190 197 198 200 207 208 212 214 
216 217 218 227 231 235 243 245 247 249 252 253 
255 256 258 260 262 264 275 276 278 284 288 292 
294 298 300 301 304 306 307 313 325 326 327 330 
331 332 338 340 343 345 347 349 351 354 361 362 
364 365 368 370 374 376 377 378 379 382 383 384 
385 387 388 389 392 394 396 
111
1 3 5 8 11 14 16 20 27 31 32 36 
40 41 42 43 45 51 68 77 86 90 91 92 
95 98 99 100 103 104 105 108 111 114 118 120 
121 125 128 131 135 136 142 148 149 154 158 165 
169 171 173 180 181 187 188 191 195 203 205 206 
208 209 218 223 227 228 229 236 238 239 240 242 
243 253 254 257 259 265 268 272 276 290 293 299 
302 303 304 311 314 316 319 325 326 329 330 334 
349 352 353 356 360 366 372 373 374 385 387 390 
393 394 399 
123
3 4 6 7 8 11 15 17 18 20 22 23 
26 30 33 36 37 38 42 45 46 48 52 55 
56 57 62 66 68 76 78 80 84 86 96 97 
98 103 104 106 108 110 111 112 118 119 120 124 
125 127 128 130 131 132 134 136 138 141 145 148 
150 155 156 160 162 163 168 169 172 190 194 201 
202 210 215 223 226 229 230 231 235 238 241 244 
248 249 250 253 254 255 256 262 265 279 297 298 
302 304 308 311 314 315 316 321 325 330 331 332 
334 336 341 344 346 351 352 355 356 357 361 368 
379 388 391 
115
2 7 8 9 10 11 12 13 15 16 17 18 
20 23 25 27 29 30 32 34 39 44 45 46 
48 55 56 57 58 59 64 68 70 73 74 81 
85 86 87 88 91 92 93 98 99 100 103 104 
108 117 119 120 121 125 127 132 140 144 146 150 
168 169 174 176 181 183 184 188 191 193 199 206 
211 214 216 220 222 228 240 242 243 253 260 263 
275 281 287 295 300 301 306 313 324 327 334 335 
341 344 345 346 349 351 355 359 360 374 378 381 
383 384 386 388 390 391 396 
135
2 4 8 10 12 13 16 17 21 24 25 27 
29 42 43 44 46 48 54 56 61 67 68 73 
74 75 79 80 81 84 87 88 92 93 96 101 
104 106 108 110 112 116 119 127 132 137 138 141 
149 156 163 165 170 176 180 187 188 193 195 199 
200 202 204 210 211 212 215 223 227 228 229 230 
231 233 236 237 238 244 249 250 257 264 268 271 
274 278 281 285 286 290 291 292 294 295 296 297 
302 303 304 305 306 307 311 316 317 318 319 324 
329 330 331 333 334 343 344 347 349 350 351 353 
358 361 365 367 375 378 379 380 383 385 388 389 
391 393 395 
120
5 6 16 18 24 26 43 50 56 64 67 70 
75 76 77 78 79 83 93 94 98 101 102 105 
107 109 114 115 116 117 118 122 123 124 126 133 
137 141 149 151 152 156 157 159 161 163 164 165 
166 177 178 182 187 197 200 205 218 220 224 229 
232 239 240 241 243 244 246 252 259 260 261 262 
264 265 267 270 272 273 276 279 281 283 285 287 
288 292 293 294 295 308 311 317 333 341 342 343 
348 353 355 356 357 358 359 365 367 369 377 378 
379 382 384 385 389 391 392 393 396 397 398 399 
119
1 2 7 9 13 15 20 22 23 27 28 29 
31 37 40 43 45 46 59 63 67 72 73 75 
79 83 85 86 89 92 93 94 98 102 109 115 
121 122 123 130 134 140 142 148 152 153 159 161 
163 164 166 170 172 180 186 187 193 194 198 203 
211 212 214 217 218 221 223 227 229 240 250 257 
258 259 260 262 264 265 267 269 271 273 275 279 
281 284 292 295 298 300 315 321 323 325 330 333 
336 338 343 344 346 348 358 360 365 374 375 377 
379 380 381 382 384 387 390 391 397 399 400 
107
2 9 24 28 39 41 44 49 50 51 60 62 
65 67 69 70 72 77 78 83 85 90 92 96 
98 99 104 106 109 110 112 118 119 126 127 130 
133 136 140 141 143 151 163 168 173 182 185 187 
189 194 198 200 201 202 204 223 224 227 228 232 
234 236 237 245 248 252 256 258 264 265 268 272 
282 284 295 297 300 305 310 311 313 322 329 330 
332 345 352 357 360 362 366 369 372 374 376 377 
379 381 383 385 389 391 392 393 396 398 399 
112
1 2 3 9 10 22 23 29 30 35 41 42 
51 55 60 63 64 65 68 71 74 76 77 79 
80 89 93 109 110 111 118 119 120 121 124 125 
126 127 129 135 142 145 146 149 160 161 162 165 
166 171 178 180 182 184 189 191 206 208 209 210 
220 222 224 225 226 230 235 238 240 247 249 251 
258 268 271 272 276 277 282 284 286 291 298 301 
302 304 307 311 315 319 327 329 330 331 332 335 
337 342 347 352 355 367 369 371 373 374 380 382 
386 387 392 395 
117
1 8 14 17 18 22 23 25 26 27 30 36 
46 47 48 49 55 60 63 68 70 74 75 77 
83 88 90 91 94 95 98 99 101 104 112 113 
116 120 122 126 136 140 141 142 144 145 148 156 
159 161 167 173 174 175 179 189 190 191 192 193 
197 207 209 216 219 221 222 223 228 230 234 236 
238 243 245 255 256 261 268 269 270 271 272 273 
283 285 289 292 296 300 302 303 305 311 313 320 
321 338 346 347 349 353 355 358 359 365 366 368 
369 371 373 377 392 393 395 396 397 
117
1 6 9 13 18 19 20 23 26 28 29 32 
34 37 38 47 50 53 57 58 59 61 72 74 
75 77 80 82 83 85 87 91 96 97 98 100 
101 102 112 119 123 125 128 143 148 153 159 163 
165 169 173 176 178 180 187 188 203 205 207 208 
210 211 212 214 215 216 218 220 221 223 224 226 
227 228 229 237 239 240 242 246 249 263 265 273 
280 289 291 293 299 301 303 305 315 318 322 323 
331 334 339 340 343 345 347 349 350 355 359 363 
364 368 375 379 382 383 386 387 391 
108
1 7 10 16 23 25 29 30 33 38 39 40 
43 46 53 55 62 65 73 77 78 80 81 85 
87 94 95 101 104 105 112 113 114 115 117 125 
127 139 141 144 146 159 161 168 169 170 171 173 
177 181 182 186 190 191 192 207 209 210 212 215 
219 223 230 231 235 236 244 248 250 254 255 261 
262 267 275 281 285 287 293 298 299 304 311 314 
320 321 325 326 337 338 351 355 358 360 363 366 
369 379 381 383 384 386 388 391 393 394 395 398 
144
1 7 8 10 11 12 13 16 17 18 20 26 
28 29 35 36 37 39 44 45 48 49 51 53 
67 68 69 71 72 74 75 78 79 82 83 84 
89 94 96 99 100 105 108 113 115 117 122 123 
126 127 134 138 141 143 145 146 147 150 151 153 
160 162 166 170 172 175 184 185 191 192 193 197 
205 208 211 214 216 218 225 226 228 230 231 232 
236 238 249 250 252 253 255 257 258 259 260 261 
266 273 274 275 276 277 278 280 281 288 291 292 
293 294 296 301 303 304 305 311 312 314 316 320 
321 324 330 333 335 337 338 342 343 349 360 363 
365 370 372 374 377 378 379 386 391 392 394 400 
118
2 4 6 11 15 17 19 20 21 29 33 34 
35 38 39 40 43 47 50 54 56 71 76 77 
78 90 93 95 98 100 110 112 114 117 118 127 
131 133 134 138 142 147 151 153 156 157 163 167 
170 171 175 176 179 180 183 184 189 194 196 198 
199 206 207 209 211 215 216 217 220 224 226 228 
230 232 241 243 247 248 251 255 264 267 268 274 
275 280 284 288 289 294 297 298 300 301 307 308 
312 326 329 330 338 339 341 342 344 345 350 355 
362 363 366 370 373 376 377 388 390 393 
117
2 4 6 9 11 12 13 16 19 25 27 29 
30 32 33 38 44 45 46 50 53 54 59 62 
64 66 69 73 76 78 79 80 81 91 94 108 
110 111 112 116 117 119 122 123 124 136 138 143 
159 170 171 172 174 175 177 178 179 183 185 187 
197 199 207 210 214 215 222 223 225 227 230 233 
244 249 250 251 255 271 274 278 279 281 283 284 
292 293 294 296 300 301 303 316 317 319 320 322 
323 327 329 331 340 342 348 349 350 352 356 357 
358 361 365 372 383 384 391 397 400 
118
7 8 11 16 18 19 21 24 29 30 31 32 
33 42 49 51 57 59 60 64 69 71 77 78 
79 83 92 95 96 106 108 109 113 120 122 126 
129 130 134 135 136 139 145 151 156 159 161 163 
167 169 170 171 175 176 181 182 186 189 192 200 
201 205 208 209 218 222 223 224 225 229 235 242 
245 246 248 249 252 253 261 262 264 265 268 273 
274 278 280 282 287 289 291 299 302 308 311 312 
314 323 325 328 329 330 334 335 337 343 349 351 
352 354 355 357 358 363 373 382 385 395 
122
2 5 13 14 18 23 30 36 55 61 62 64 
65 68 73 80 82 89 90 91 92 96 97 98 
104 105 111 116 121 123 124 130 134 140 145 147 
148 154 155 156 162 163 164 165 167 169 172 181 
185 190 191 194 195 197 202 203 204 207 217 220 
222 225 228 230 233 234 235 238 241 242 243 254 
259 261 263 267 271 273 275 278 279 287 288 289 
291 294 297 300 301 302 304 306 313 321 323 327 
330 331 334 335 340 341 347 348 349 350 363 364 
366 367 371 372 373 375 377 379 380 383 386 388 
396 398 
131
2 4 5 7 9 14 15 16 19 23 26 27 
29 36 38 42 46 47 54 55 56 57 60 65 
68 70 76 80 81 84 85 86 87 91 97 105 
106 107 109 110 117 125 128 129 130 133 138 144 
148 151 157 158 160 164 168 172 174 175 176 178 
180 181 182 193 194 195 197 198 207 211 215 218 
223 227 235 240 241 248 257 260 262 268 271 272 
277 280 282 283 284 287 291 294 295 299 300 306 
307 309 311 313 315 317 322 325 331 332 337 339 
340 343 346 348 350 352 353 357 360 363 367 369 
371 377 379 381 385 388 389 393 395 397 399 
118
3 6 8 11 20 23 26 27 31 33 35 37 
38 40 44 46 50 54 57 59 60 65 69 72 
75 76 77 81 82 83 85 86 93 95 97 98 
104 106 111 113 119 121 122 123 130 131 133 136 
137 145 150 155 156 157 158 159 161 163 170 177 
180 183 187 193 194 202 216 218 220 221 224 229 
234 238 252 256 258 260 261 262 268 276 284 286 
291 294 295 299 301 306 307 309 312 313 316 319 
324 332 334 335 337 338 342 345 347 348 357 358 
361 364 366 368 369 370 381 382 383 386 
