400 200
1 1 1 1 1 1 1 1 1 1 1 1 
1 1 1 1 1 1 1 1 1 1 1 1 
1 1 1 1 1 1 1 1 1 1 1 1 
1 1 1 1 1 1 1 1 1 1 1 1 
1 1 1 1 1 1 1 1 1 1 1 1 
1 1 1 1 1 1 1 1 1 1 1 1 
1 1 1 1 1 1 1 1 1 1 1 1 
1 1 1 1 1 1 1 1 1 1 1 1 
1 1 1 1 1 1 1 1 1 1 1 1 
1 1 1 1 1 1 1 1 1 1 1 1 
1 1 1 1 1 1 1 1 1 1 1 1 
1 1 1 1 1 1 1 1 1 1 1 1 
1 1 1 1 1 1 1 1 1 1 1 1 
1 1 1 1 1 1 1 1 1 1 1 1 
1 1 1 1 1 1 1 1 1 1 1 1 
1 1 1 1 1 1 1 1 1 1 1 1 
1 1 1 1 1 1 1 1 
15
30 52 61 81 116 138 139 146 155 164 170 181 
187 192 196 
15
12 17 30 39 48 51 56 77 110 129 132 155 
156 157 197 
21
3 8 27 40 48 56 60 62 90 99 106 121 
138 141 144 147 149 163 175 187 195 
19
8 14 16 27 29 35 49 52 62 69 73 102 
108 122 170 174 176 179 197 
19
6 20 27 31 38 41 53 60 65 68 83 93 
133 134 156 167 176 192 200 
21
7 31 35 51 55 56 63 68 81 94 107 109 
115 117 118 133 138 150 163 168 200 
14
7 10 17 31 43 87 94 95 97 113 114 161 
169 181 
23
2 3 16 20 29 38 42 89 98 106 120 121 
126 130 134 137 143 159 161 162 177 185 200 
17
2 11 48 77 78 89 103 118 129 130 134 140 
165 170 173 193 199 
21
15 17 19 22 23 29 32 38 44 60 66 82 
88 89 90 92 100 133 143 154 179 
15
6 22 32 45 46 49 71 73 75 107 122 136 
159 183 199 
24
8 41 66 84 85 86 87 90 91 97 100 101 
111 114 117 131 132 134 158 162 184 186 189 200 
25
1 21 30 32 39 44 45 46 48 87 88 95 
102 104 108 132 139 142 144 147 152 166 167 173 
197 
22
3 15 27 28 35 37 51 61 71 74 75 79 
94 99 103 108 115 159 174 183 189 194 
19
8 9 13 39 56 63 65 73 78 86 94 96 
127 129 153 156 165 183 188 
18
13 18 24 42 53 56 73 84 93 97 105 121 
125 143 144 146 147 168 
18
10 30 44 45 46 48 66 74 75 84 87 95 
108 115 146 149 174 192 
19
4 12 25 28 39 51 63 96 113 122 123 127 
151 158 165 181 182 189 194 
18
5 35 36 42 44 46 66 70 71 92 99 111 
115 142 158 161 177 186 
18
17 20 35 38 57 64 89 90 111 117 127 132 
146 149 152 175 186 192 
20
8 18 19 24 53 79 96 105 111 112 113 116 
136 148 155 165 170 181 183 200 
23
17 25 26 43 61 63 65 72 74 79 83 91 
92 96 106 114 120 124 140 179 185 188 200 
25
4 5 7 12 34 35 36 37 50 67 77 79 
82 85 97 111 115 118 133 138 139 148 153 171 
195 
23
6 8 16 19 26 33 44 47 58 62 65 73 
81 87 99 126 133 135 139 142 145 184 199 
17
6 14 23 35 58 60 82 91 97 109 112 122 
140 147 152 176 197 
16
19 30 51 56 65 70 72 79 100 104 131 158 
160 167 168 181 
26
7 11 16 28 30 40 48 50 58 61 64 66 
102 104 114 123 132 140 143 147 151 155 164 167 
177 192 
28
1 6 13 16 22 24 30 65 84 85 92 93 
94 97 104 105 118 126 132 136 142 161 172 191 
193 195 196 198 
20
8 32 38 48 49 57 65 76 81 88 95 97 
105 115 116 131 138 167 185 200 
19
10 21 25 29 30 34 42 52 70 71 72 85 
93 100 121 167 174 177 191 
20
1 21 23 39 42 47 49 71 84 89 106 114 
124 128 129 163 172 175 191 199 
13
2 38 46 78 79 91 126 131 140 145 164 166 
182 
26
9 15 31 39 41 42 52 67 68 70 77 82 
93 95 121 125 129 130 132 136 138 156 157 159 
174 183 
20
22 24 59 80 94 96 101 111 117 130 132 140 
149 159 163 164 179 187 198 200 
24
3 7 22 27 29 50 53 58 65 77 81 86 
87 95 97 101 114 119 152 164 171 178 182 196 
14
26 36 49 68 70 74 93 95 110 135 142 162 
198 200 
20
9 24 32 42 45 47 54 64 72 75 82 84 
88 97 98 108 138 169 191 193 
22
19 38 46 47 64 80 89 102 106 116 119 124 
126 130 143 145 149 150 152 173 176 185 
23
14 29 34 36 45 49 53 57 63 80 83 95 
96 99 114 119 126 133 139 146 147 151 162 
28
9 18 23 37 43 46 52 54 56 61 62 63 
78 79 80 86 96 106 117 118 135 141 149 155 
160 189 193 199 
18
7 10 13 14 16 50 56 58 64 75 91 92 
97 141 147 158 174 187 
21
40 46 54 66 72 81 91 94 99 118 122 124 
125 132 141 151 154 161 173 176 180 
26
1 12 36 42 58 66 79 81 85 88 91 96 
100 103 109 114 130 135 141 142 153 159 173 178 
179 198 
24
8 10 30 35 44 57 69 72 77 86 90 145 
160 161 163 167 169 175 181 182 188 193 199 200 
28
20 28 44 54 56 62 68 70 73 74 78 79 
83 107 144 146 152 154 158 159 172 174 175 176 
178 183 185 190 
20
11 31 66 72 97 100 101 121 139 141 151 159 
163 166 168 187 188 190 196 200 
17
3 27 31 37 50 77 78 95 107 112 118 134 
139 155 160 164 168 
20
8 9 15 48 53 56 66 84 92 98 120 140 
160 166 167 177 180 188 191 197 
17
17 41 44 45 58 77 79 84 85 87 90 103 
115 154 187 189 194 
18
7 8 29 36 38 41 57 92 95 97 101 105 
106 127 137 167 173 179 
18
1 8 27 48 73 102 110 132 139 143 150 153 
154 160 168 176 178 196 
17
22 26 29 47 70 90 96 97 99 116 118 122 
133 167 171 179 189 
22
4 6 13 17 24 25 27 31 43 56 60 63 
76 86 90 100 111 113 132 137 145 169 
19
8 15 32 65 78 96 106 113 115 139 144 146 
166 168 178 179 187 196 198 
15
2 36 37 51 53 60 73 91 92 109 122 156 
160 174 193 
21
7 24 38 39 52 62 70 73 89 92 102 103 
108 114 115 118 125 153 166 169 190 
19
9 24 32 43 57 67 70 78 82 84 104 137 
140 144 160 173 179 192 200 
20
1 15 24 38 47 57 74 94 101 107 108 109 
118 143 145 149 152 162 171 176 
21
1 18 26 28 40 52 71 79 80 82 90 119 
136 139 140 144 150 159 163 185 197 
21
2 6 8 10 11 12 19 31 33 60 62 68 
90 112 125 131 147 169 173 175 200 
19
2 7 17 21 22 23 30 33 44 54 97 129 
133 148 164 174 178 179 194 
17
5 28 37 40 49 68 85 91 97 115 118 128 
143 157 189 190 200 
25
8 15 28 34 42 57 64 93 96 108 111 124 
140 141 150 158 159 166 171 173 182 190 192 199 
200 
23
9 18 52 53 56 63 77 82 89 93 100 113 
128 130 137 143 144 150 155 159 184 188 189 
21
15 19 54 61 64 65 69 71 73 99 106 109 
117 118 141 148 149 171 175 189 195 
19
3 14 21 38 49 57 74 78 87 89 112 114 
139 141 152 173 178 187 197 
23
5 14 15 28 39 45 65 68 69 77 98 103 
108 113 119 121 130 134 152 154 170 199 200 
22
7 30 44 52 65 67 72 97 109 114 121 122 
124 129 132 134 150 158 170 190 193 195 
22
16 23 25 30 56 58 60 73 83 86 104 118 
121 127 133 149 152 154 164 169 172 191 
18
15 17 31 33 41 67 90 91 94 98 116 124 
139 146 168 171 193 194 
27
12 13 14 15 18 23 32 37 40 42 44 55 
56 66 83 86 88 117 128 151 156 160 161 162 
171 191 192 
18
8 13 18 32 44 54 56 60 69 71 78 97 
100 101 128 163 173 200 
15
9 23 27 37 57 61 80 108 119 141 146 154 
161 165 174 
22
18 22 25 38 41 44 57 60 76 82 83 89 
103 105 108 109 138 141 149 157 177 182 
14
32 33 49 50 51 53 74 85 123 127 130 167 
184 196 
16
2 23 28 37 41 42 90 107 115 119 139 144 
167 180 181 194 
26
39 45 49 50 53 58 64 66 71 91 109 141 
143 148 160 167 174 176 179 181 186 187 194 195 
197 200 
19
5 11 19 44 45 46 51 63 68 71 81 82 
122 134 161 163 167 184 198 
30
2 4 5 10 12 18 41 42 45 47 54 67 
82 96 109 112 113 114 120 132 135 142 145 149 
154 163 175 179 191 199 
13
6 9 14 21 25 37 62 64 70 118 131 142 
194 
24
1 14 22 28 30 42 52 55 59 65 79 86 
88 97 107 114 117 125 126 140 164 165 167 183 
18
9 13 16 18 32 42 50 70 79 80 91 96 
121 135 146 160 179 194 
22
7 23 25 34 36 49 55 75 79 80 81 87 
107 110 137 142 148 154 157 162 175 186 
20
13 21 25 35 37 41 50 52 55 67 73 104 
113 120 133 136 169 179 188 190 
23
3 15 19 23 41 42 47 54 84 85 106 117 
121 124 128 135 141 144 154 169 170 186 194 
16
31 34 44 47 63 68 72 80 107 119 124 128 
131 138 149 197 
21
3 17 27 44 53 59 66 67 95 99 100 101 
104 105 130 148 157 160 163 194 200 
16
12 29 41 69 72 79 94 113 114 117 167 170 
171 172 180 192 
21
11 13 15 45 46 51 63 79 81 86 88 95 
131 138 142 150 157 158 177 178 184 
19
10 11 17 20 24 25 27 34 44 47 51 59 
67 93 108 142 161 177 187 
15
23 39 46 57 63 78 80 103 115 126 136 153 
157 163 191 
26
12 26 42 45 52 54 57 60 76 88 103 106 
107 109 111 122 123 140 146 153 159 161 167 171 
175 180 
19
3 18 20 56 72 83 89 97 110 114 119 134 
135 159 165 186 193 195 198 
16
4 7 36 49 55 58 65 68 84 94 108 112 
123 153 154 192 
18
11 12 13 16 33 38 53 66 83 96 109 117 
119 120 127 161 185 187 
16
6 12 33 51 101 109 113 125 138 153 160 162 
169 175 183 192 
15
6 81 119 122 136 137 142 154 155 168 175 178 
185 187 193 
18
1 10 49 65 67 79 81 84 105 109 126 132 
147 167 178 179 191 197 
19
7 21 34 45 63 87 97 101 102 104 125 136 
149 157 165 185 190 192 194 
25
12 17 22 31 33 37 47 54 63 75 85 109 
126 133 143 145 147 152 169 175 176 182 184 189 
198 
25
12 24 39 48 52 65 76 98 108 114 122 143 
152 153 154 155 156 158 174 179 181 184 193 196 
200 
19
16 18 19 40 81 82 88 98 106 116 117 129 
148 149 153 156 161 164 175 
13
8 11 37 40 47 55 61 65 86 126 129 164 
183 
25
5 18 20 30 35 46 47 52 56 73 76 80 
85 87 97 101 108 114 120 122 127 151 173 185 
193 
16
10 45 46 65 100 102 103 109 115 119 124 131 
139 179 185 191 
19
7 11 15 28 36 39 44 46 72 81 84 96 
126 128 140 141 164 183 197 
18
14 16 26 39 49 55 101 127 128 134 136 141 
156 158 185 195 198 199 
21
41 42 44 48 52 61 63 68 84 117 119 129 
130 133 162 174 180 181 183 187 199 
12
6 19 60 61 103 125 126 133 145 146 154 185 
20
14 17 21 49 77 83 87 91 94 102 104 121 
122 146 158 162 168 174 175 188 
23
1 3 6 8 31 39 51 56 58 75 83 85 
87 88 90 118 148 157 179 180 182 189 190 
17
16 23 31 44 48 52 70 82 102 123 128 136 
155 159 169 175 192 
21
18 24 28 46 64 71 78 79 101 111 118 139 
155 157 167 171 174 175 181 186 198 
18
1 8 20 60 65 71 87 90 104 112 118 142 
147 161 164 191 192 200 
19
10 13 19 38 43 44 46 57 63 66 79 107 
125 141 146 159 175 182 196 
18
2 49 51 60 69 85 87 98 99 104 110 114 
116 126 151 176 193 196 
22
3 45 70 71 79 90 92 95 97 103 108 113 
119 122 127 142 154 160 162 176 180 197 
22
6 9 19 28 40 72 83 89 94 118 121 131 
133 134 156 159 166 169 172 174 187 197 
19
11 15 16 36 38 40 78 80 93 102 130 134 
141 153 160 162 163 171 191 
20
7 9 17 27 42 45 71 75 78 93 96 106 
114 116 128 129 134 164 184 193 
25
1 34 36 39 44 77 83 86 87 89 105 107 
111 112 113 126 142 165 170 178 179 188 192 195 
196 
18
1 14 79 83 87 96 99 104 122 125 142 156 
162 165 168 179 180 197 
20
8 9 38 48 75 76 95 106 118 123 124 133 
141 146 148 160 166 167 172 186 
26
3 7 10 14 22 23 24 41 48 59 78 83 
86 109 112 114 118 125 127 145 164 167 172 174 
177 191 
25
10 44 54 55 56 71 73 86 90 93 99 101 
111 116 126 127 130 134 136 137 146 166 171 184 
194 
19
7 21 22 31 46 47 49 51 54 59 64 66 
90 111 114 123 151 157 190 
24
3 8 11 14 16 17 25 55 67 68 71 72 
75 84 102 115 131 140 154 162 168 172 187 196 
20
23 27 29 37 52 58 72 78 79 84 102 115 
116 121 131 148 154 161 171 199 
22
1 2 5 19 22 24 35 39 49 69 82 105 
123 125 154 158 163 168 179 180 182 184 
26
4 10 12 18 19 32 35 65 67 70 78 82 
90 96 144 153 155 158 161 165 169 174 182 186 
191 200 
22
11 14 17 20 29 30 68 70 78 95 99 108 
128 133 137 142 143 148 153 175 177 183 
18
5 9 37 42 43 70 87 99 115 120 129 154 
156 159 160 168 172 191 
19
8 84 85 94 103 105 106 107 108 116 130 134 
137 154 160 164 179 180 182 
22
14 18 20 32 47 49 54 60 79 86 87 97 
108 123 131 145 146 152 158 160 177 178 
19
8 14 19 22 38 39 40 57 67 88 107 111 
121 123 129 143 149 157 174 
24
1 3 7 13 21 24 26 47 49 67 68 73 
101 102 103 115 117 132 134 140 141 150 164 185 
25
8 24 37 40 43 49 50 51 52 61 66 69 
85 103 105 106 113 115 117 121 134 144 162 179 
188 
14
8 10 44 52 58 119 121 148 149 153 171 173 
181 183 
14
34 38 54 60 61 62 70 108 112 119 126 134 
137 141 
21
12 14 19 24 27 51 60 64 65 78 94 96 
98 119 142 156 157 170 178 185 190 
23
15 19 23 32 37 39 53 57 64 69 72 78 
108 116 119 122 124 131 144 153 167 172 188 
22
19 22 25 28 45 49 52 73 75 94 101 120 
121 124 132 151 160 171 172 179 180 196 
14
2 4 13 21 44 49 95 120 122 123 138 149 
186 187 
26
39 42 45 46 49 50 57 59 61 69 82 92 
93 95 114 132 134 144 146 156 163 165 169 176 
181 199 
16
6 13 23 30 62 63 93 108 123 127 137 140 
156 181 185 189 
20
23 27 30 36 37 38 41 58 72 83 100 111 
120 122 123 127 143 150 165 197 
16
17 24 49 52 81 84 98 99 102 104 110 129 
132 139 151 160 
27
3 5 10 11 19 26 31 36 47 61 62 78 
80 99 114 119 132 140 152 153 154 156 159 168 
169 190 192 
27
18 20 25 27 31 45 53 67 72 75 78 86 
99 104 114 116 117 126 130 133 150 159 163 173 
182 193 198 
22
2 13 16 19 21 26 27 56 81 83 92 95 
96 100 103 108 162 169 188 192 197 199 
25
10 18 26 43 50 60 74 82 83 85 87 90 
91 96 108 119 127 141 143 158 163 177 178 192 
195 
16
16 23 30 37 56 63 64 67 69 90 102 125 
127 160 169 196 
18
3 13 27 56 68 74 80 98 105 119 132 133 
144 154 163 167 179 189 
27
3 13 16 20 26 40 59 62 66 70 82 84 
93 94 103 107 116 121 132 133 141 152 159 162 
173 177 192 
26
12 22 25 32 44 46 57 62 68 76 91 96 
103 106 111 126 129 130 133 144 154 158 160 179 
182 198 
14
13 24 31 33 82 83 122 142 150 171 175 191 
193 200 
22
3 6 8 11 30 48 60 62 86 108 111 112 
114 117 131 140 154 158 163 176 178 192 
23
2 10 11 15 27 31 32 37 55 56 64 69 
95 113 114 116 123 144 149 160 165 168 173 
12
1 16 21 39 75 85 93 101 135 163 172 188 
23
16 23 29 30 33 35 49 67 90 95 110 119 
129 139 148 154 163 173 174 176 178 190 199 
23
4 7 11 23 32 36 38 57 58 61 85 90 
117 134 148 149 163 169 170 176 179 183 199 
20
1 2 21 29 53 76 83 88 94 98 105 119 
136 137 139 161 168 180 185 188 
24
11 12 24 25 51 56 58 61 70 79 85 90 
101 125 136 139 142 144 145 152 153 168 173 195 
22
16 17 19 25 45 47 56 64 68 85 86 87 
97 117 123 124 143 145 149 170 172 175 
16
30 37 55 62 64 67 78 84 85 86 106 112 
113 131 135 153 
18
2 29 34 57 67 90 119 123 129 137 138 141 
142 159 161 193 195 198 
26
2 3 23 26 29 30 35 45 46 48 62 69 
72 74 85 92 103 106 114 133 145 160 171 172 
197 200 
18
16 37 47 89 91 98 102 114 126 132 140 156 
160 163 164 184 186 188 
14
11 22 32 57 85 98 105 115 120 130 150 173 
184 198 
13
11 13 38 44 66 73 74 120 124 183 186 190 
196 
17
7 29 42 43 51 53 59 79 81 96 102 122 
141 154 158 170 192 
21
25 34 36 50 54 60 65 66 67 68 69 72 
93 97 99 109 140 144 152 169 182 
24
19 20 38 40 50 55 57 60 67 86 88 89 
90 93 95 96 100 109 130 132 146 173 174 195 
19
2 42 65 73 76 78 81 83 102 111 118 121 
124 135 139 146 166 171 190 
18
6 8 20 30 37 40 46 53 64 87 92 95 
97 109 157 165 183 190 
20
6 24 27 31 56 62 68 70 83 97 100 102 
139 141 154 161 167 169 184 185 
21
12 22 23 24 32 34 74 77 78 80 86 92 
94 122 123 139 143 145 171 187 197 
21
4 10 26 28 38 50 52 56 75 90 91 121 
125 141 142 144 151 155 170 176 180 
21
8 20 25 50 67 77 83 91 95 97 99 146 
164 168 174 184 185 190 191 199 200 
16
4 6 8 11 27 28 39 41 59 106 109 113 
142 160 164 190 
20
14 20 23 58 60 61 66 68 71 79 86 95 
104 105 118 141 142 149 168 199 
15
4 8 32 34 56 70 93 103 134 146 163 168 
176 190 196 
14
5 34 41 47 70 78 93 114 128 131 133 151 
153 160 
27
1 7 11 21 26 28 33 34 40 43 55 60 
68 72 75 78 98 107 111 113 114 127 142 164 
172 197 199 
20
48 49 51 57 69 77 92 94 99 105 109 116 
136 143 154 158 168 169 176 197 
25
4 19 52 59 63 67 68 75 76 78 79 82 
88 97 101 127 138 143 151 164 177 180 185 194 
200 
20
2 3 18 26 41 62 80 82 86 91 98 110 
112 117 122 123 146 161 166 200 
20
3 4 43 49 55 56 57 61 71 87 104 126 
135 141 155 162 183 191 192 197 
17
6 10 13 18 20 26 44 45 71 73 118 124 
132 159 163 176 188 
19
5 17 48 55 61 63 73 90 98 105 107 109 
147 162 164 172 173 174 185 
17
17 24 30 48 56 76 85 92 97 119 147 148 
157 165 180 186 195 
23
7 9 28 42 64 81 84 88 95 99 103 113 
121 124 139 147 148 149 155 159 162 171 183 
21
3 14 41 84 91 98 101 103 112 117 134 136 
141 147 150 151 152 155 165 189 191 
22
12 13 16 29 32 33 36 54 58 60 62 64 
68 90 112 116 122 133 151 167 173 177 
17
13 17 23 27 38 39 40 79 86 87 95 116 
127 135 138 157 177 
25
24 28 46 52 53 57 59 60 63 65 91 100 
105 107 116 117 122 131 135 140 149 155 162 182 
184 
21
2 6 12 17 44 57 75 80 88 93 96 103 
121 144 155 156 162 163 176 182 190 
12
24 27 47 52 77 121 124 130 131 158 173 186 
20
37 66 81 82 102 107 111 124 125 132 141 142 
143 156 164 167 178 193 198 199 
23
9 18 26 33 35 51 58 75 76 89 93 94 
98 113 119 120 124 152 155 162 179 183 197 
28
2 3 8 9 10 21 34 42 49 52 60 63 
64 85 92 101 103 116 117 144 151 155 164 172 
181 187 190 192 
30
2 7 9 28 35 37 38 45 47 48 51 58 
62 69 81 84 93 97 106 113 120 131 146 152 
164 172 174 180 183 197 
21
20 26 27 35 36 43 44 46 63 85 86 89 
96 123 126 130 132 133 172 192 194 
26
16 27 35 36 39 45 53 54 58 62 65 81 
87 101 102 110 136 137 153 165 171 173 183 186 
194 199 
22
40 42 57 60 61 76 90 91 109 110 112 116 
159 163 171 173 179 180 183 194 195 199 
12
3 22 27 36 56 92 105 132 143 148 153 154 
26
2 6 13 30 55 59 62 74 83 89 90 99 
111 116 125 146 150 151 152 153 165 166 174 190 
191 196 
27
4 21 25 44 47 62 67 69 78 91 92 96 
108 113 128 131 140 145 157 159 162 169 174 183 
185 188 200 
21
10 12 21 26 41 48 64 74 79 93 105 134 
154 155 156 169 179 180 188 192 199 
20
1 35 38 41 61 65 85 89 97 99 105 110 
118 131 134 139 140 143 150 193 
21
9 13 23 43 46 48 49 70 80 95 108 118 
121 122 138 143 145 161 168 192 197 
16
1 12 39 42 46 49 63 71 79 83 84 112 
131 144 182 194 
17
1 17 20 36 46 56 61 65 77 93 111 113 
118 128 146 158 167 
17
9 15 20 79 96 100 102 111 112 120 130 146 
155 160 161 164 186 
17
8 28 46 48 56 65 87 90 117 138 142 150 
153 154 161 167 168 
21
7 27 35 41 46 59 65 67 74 78 82 88 
94 104 106 127 138 157 164 178 182 
24
15 30 33 42 66 67 70 76 82 96 102 110 
112 117 127 167 169 181 184 186 191 194 199 200 
20
26 60 62 63 67 75 103 107 109 114 119 123 
126 133 149 163 165 167 194 200 
23
7 11 31 42 44 53 68 69 102 103 111 114 
124 153 155 157 170 180 183 187 189 196 200 
17
15 32 33 43 46 49 90 105 106 109 113 135 
172 179 183 193 194 
18
2 41 63 81 84 92 100 102 120 128 158 159 
172 174 179 183 186 198 
20
12 16 18 24 42 58 60 62 82 86 93 96 
127 129 146 149 152 161 174 196 
21
1 17 29 37 46 48 70 76 95 101 108 111 
115 127 128 135 148 174 179 192 197 
23
3 4 10 14 24 32 64 71 73 85 92 96 
102 121 122 123 129 138 143 153 156 192 197 
21
17 31 46 55 65 70 71 73 118 123 127 131 
135 147 162 163 173 175 180 189 191 
20
4 5 8 13 53 80 90 118 125 133 136 142 
155 156 167 172 173 188 189 190 
14
6 7 49 58 62 66 83 98 101 103 111 120 
164 181 
18
3 11 13 16 30 35 40 45 53 62 91 98 
111 128 149 168 172 191 
16
3 15 16 20 26 34 60 67 86 120 124 138 
154 163 169 186 
19
4 15 34 56 61 77 86 94 114 124 125 144 
151 155 160 176 181 191 192 
25
8 9 22 25 26 30 39 56 58 63 66 71 
111 112 113 115 129 145 146 149 152 155 181 188 
194 
18
10 12 26 71 73 83 94 95 105 108 112 117 
125 135 140 159 180 185 
20
10 25 26 27 48 51 52 53 55 90 94 107 
115 131 132 146 154 177 192 194 
26
8 32 34 41 45 53 60 61 66 77 86 89 
103 111 112 119 134 140 153 157 164 179 182 187 
197 200 
30
3 11 12 18 19 21 37 41 44 47 66 74 
77 78 80 82 90 95 104 126 133 134 137 146 
152 161 165 186 198 200 
19
14 26 35 56 58 65 79 86 90 105 107 109 
135 149 151 154 171 173 180 
20
5 6 47 68 80 81 94 95 96 98 114 122 
124 129 130 153 156 188 189 190 
20
13 19 23 36 41 53 54 59 94 98 108 110 
112 127 129 134 142 154 171 187 
17
27 33 41 50 93 94 98 117 118 134 146 149 
152 155 186 187 190 
19
5 10 77 85 87 88 135 142 143 154 159 165 
169 170 173 177 179 189 195 
24
1 6 24 29 41 44 54 57 66 67 68 69 
77 88 89 105 127 132 135 148 156 173 177 188 
18
21 33 67 89 112 116 117 118 130 131 132 137 
142 143 158 175 191 199 
21
27 42 54 56 85 86 93 94 111 121 122 127 
131 132 137 142 155 159 180 188 190 
27
5 8 10 20 33 41 44 53 56 71 72 73 
77 81 89 123 125 126 133 136 159 162 163 164 
167 189 191 
21
12 20 37 39 47 54 60 65 66 73 85 87 
95 122 128 146 148 149 153 163 184 
21
21 22 30 34 35 39 56 68 70 96 111 113 
119 138 151 158 169 175 190 193 198 
27
13 14 18 20 24 26 34 35 52 63 72 74 
80 97 112 121 131 140 144 150 152 174 175 183 
185 197 198 
19
6 12 31 33 35 38 45 52 56 71 79 93 
96 107 123 128 137 145 150 
22
4 37 40 42 52 63 82 89 104 112 116 117 
124 129 134 136 142 151 168 179 186 198 
14
19 46 51 52 73 86 99 105 115 121 155 178 
183 199 
25
6 11 16 17 18 22 23 26 39 50 59 71 
72 73 101 102 106 107 118 131 137 148 152 175 
190 
25
24 27 33 37 38 53 56 63 67 76 97 98 
105 120 135 158 164 165 166 168 177 185 187 189 
199 
27
21 30 35 55 66 81 84 90 95 103 107 109 
115 120 122 131 147 149 157 163 165 168 174 185 
188 193 200 
19
23 42 47 49 50 98 100 108 128 151 161 164 
167 171 175 178 183 190 200 
24
10 19 27 36 44 45 58 60 62 65 68 84 
96 98 110 118 129 132 139 155 156 162 180 190 
23
11 25 36 39 41 49 50 51 67 73 90 98 
106 107 124 125 129 154 158 159 160 166 169 
22
4 6 19 25 39 58 61 91 94 97 134 144 
146 151 161 167 171 172 179 185 186 193 
28
8 17 26 31 36 59 61 77 78 86 99 107 
108 110 116 123 134 145 146 149 152 153 157 179 
182 189 193 195 
16
13 21 43 55 72 81 96 105 116 128 136 145 
158 161 178 180 
19
15 21 27 29 31 37 51 67 71 85 96 99 
107 129 142 153 156 163 189 
27
9 15 17 33 35 37 38 39 44 52 55 56 
58 81 82 97 111 115 119 130 143 146 149 153 
172 183 184 
17
14 25 39 42 45 54 87 95 112 118 121 128 
143 152 158 160 171 
21
7 20 29 35 51 53 59 88 96 97 118 131 
140 146 160 164 166 169 176 178 194 
22
17 26 28 36 41 47 48 51 60 61 64 74 
87 103 120 130 132 142 148 154 169 194 
17
18 22 44 49 71 73 88 95 108 123 132 153 
156 161 166 185 188 
13
11 15 25 55 69 74 88 104 105 111 147 154 
195 
17
29 44 45 72 80 105 111 121 123 141 143 159 
162 169 191 192 196 
18
2 3 40 56 65 95 98 113 120 122 123 137 
144 161 166 175 188 199 
17
12 21 38 42 54 57 67 79 108 110 166 170 
177 181 193 197 198 
20
4 22 27 43 47 58 66 85 90 97 107 116 
120 136 142 143 146 161 183 192 
13
11 20 23 27 81 82 94 100 151 157 166 176 
178 
26
8 10 16 20 22 23 24 36 39 60 71 92 
93 95 117 123 124 134 136 142 155 161 174 175 
183 185 
21
3 8 18 43 45 59 61 68 90 109 112 120 
123 131 151 153 162 164 171 173 193 
23
6 7 18 38 41 63 67 69 76 79 88 90 
93 133 139 140 147 149 157 158 173 186 196 
25
7 9 20 22 27 37 58 61 64 75 80 82 
94 95 99 116 133 136 143 150 152 165 174 183 
200 
18
7 20 22 24 30 32 53 62 68 72 114 152 
155 163 168 169 179 191 
17
9 21 54 66 68 69 74 87 98 100 115 135 
143 145 150 185 200 
18
40 56 76 78 82 89 97 106 110 111 114 124 
138 144 158 162 181 200 
24
7 8 26 36 50 58 61 66 76 80 103 110 
119 121 128 133 134 146 157 165 170 182 190 194 
35
1 11 19 25 28 39 40 41 53 54 59 66 
72 75 82 83 84 91 94 103 105 108 120 123 
127 128 140 158 168 174 175 190 192 195 200 
19
2 7 29 47 54 61 67 82 84 88 91 92 
115 135 150 158 173 180 189 
22
2 17 23 30 37 40 53 94 106 115 117 129 
135 139 143 148 149 152 154 159 163 178 
21
1 2 4 37 44 51 54 60 71 72 79 80 
92 103 104 110 133 159 164 178 192 
24
1 14 21 27 51 67 76 84 96 101 105 118 
120 129 132 141 146 148 156 157 158 159 192 199 
17
12 24 32 60 80 88 93 113 138 149 154 165 
168 169 181 183 184 
18
6 34 50 51 53 65 68 71 75 80 96 105 
108 111 112 115 118 179 
16
3 11 14 24 30 36 42 47 58 83 95 101 
124 137 140 161 
14
12 25 78 80 121 132 133 134 139 150 159 171 
174 177 
30
1 3 7 16 17 28 37 43 51 52 55 65 
73 110 113 114 137 147 151 153 157 158 159 161 
167 177 190 194 196 200 
23
29 37 43 47 53 56 68 82 90 98 104 115 
131 137 138 145 162 168 170 181 182 185 193 
18
3 12 16 29 31 48 50 65 70 72 79 96 
117 118 147 162 172 193 
23
1 15 19 27 33 38 55 58 77 81 85 95 
108 141 143 153 156 159 161 168 187 189 190 
28
8 12 17 26 49 61 62 66 73 78 79 80 
84 93 100 115 118 124 129 138 149 165 172 177 
180 185 192 195 
19
13 15 35 40 69 72 75 76 78 80 83 108 
123 135 154 157 166 176 188 
17
16 22 28 64 76 77 94 95 104 111 113 139 
153 154 165 169 195 
23
22 24 34 40 46 58 60 66 72 88 107 131 
138 141 142 154 156 167 175 176 178 181 199 
18
14 19 33 39 49 52 53 79 91 117 118 119 
121 137 172 177 190 192 
18
4 19 25 28 87 118 121 128 132 138 144 150 
153 159 163 172 190 194 
25
1 2 16 18 32 37 38 41 44 53 56 65 
80 88 92 96 102 111 119 136 138 170 175 183 
197 
19
3 21 27 31 44 52 60 87 97 100 102 107 
112 122 127 144 176 188 195 
30
1 3 20 26 37 41 54 55 59 60 69 70 
81 83 93 96 102 107 125 131 138 139 140 149 
153 169 173 186 189 194 
18
39 49 55 73 107 109 113 119 120 124 151 156 
173 176 177 188 196 197 
16
2 7 9 17 29 42 69 95 114 124 127 144 
147 158 169 199 
16
4 13 16 37 52 62 63 77 94 103 105 110 
127 185 188 192 
15
8 13 24 43 44 66 69 70 84 106 109 121 
166 190 200 
23
1 2 22 29 37 51 59 70 76 85 94 95 
102 103 120 131 139 149 165 180 181 182 194 
18
6 19 26 27 48 50 70 82 83 85 91 128 
151 159 183 187 188 190 
23
19 28 30 32 45 48 55 60 71 87 100 103 
107 126 129 141 158 162 164 177 179 189 191 
15
2 24 30 34 44 47 74 79 105 130 147 163 
186 196 198 
14
17 29 36 43 63 96 122 123 131 135 141 148 
163 185 
27
7 16 17 30 44 46 58 65 86 88 99 106 
111 118 119 121 122 123 125 134 137 141 143 158 
162 166 186 
18
1 6 15 20 54 56 61 62 72 101 105 132 
151 165 168 178 192 199 
19
4 27 56 57 60 70 71 79 86 91 124 143 
153 161 166 173 174 175 178 
20
8 16 24 26 33 69 72 74 99 109 118 119 
127 133 138 158 167 177 186 198 
29
5 14 25 36 44 46 50 58 59 63 72 79 
85 99 104 116 119 120 126 135 157 160 166 176 
180 183 189 196 200 
16
6 11 20 40 77 101 115 117 124 138 145 151 
154 157 159 176 
19
10 22 28 30 33 36 50 58 75 88 97 113 
123 134 136 140 149 161 188 
17
12 13 14 40 53 84 96 102 148 158 160 164 
184 186 187 193 196 
14
3 39 61 87 88 91 93 96 140 143 150 156 
171 175 
26
6 24 38 43 64 68 77 81 86 88 96 98 
109 118 122 129 133 135 141 143 148 159 161 168 
186 187 
24
2 7 30 37 52 61 68 69 75 85 90 93 
99 114 116 134 136 137 140 144 160 171 188 195 
19
1 12 15 17 26 46 52 54 73 78 100 113 
168 170 177 182 188 196 197 
27
2 26 31 33 37 38 45 48 55 58 78 81 
84 86 90 105 116 117 133 135 136 143 144 173 
178 179 197 
21
2 3 22 28 34 38 58 65 87 88 91 105 
109 114 116 125 147 157 185 192 195 
29
7 21 22 43 47 52 53 57 58 59 81 83 
85 90 97 116 123 126 129 132 133 136 139 142 
153 159 170 175 189 
24
12 20 21 24 41 45 50 70 75 80 85 87 
92 94 97 99 126 128 136 150 152 164 193 199 
19
2 5 10 11 12 48 49 75 85 91 101 103 
120 124 129 160 187 192 195 
14
4 12 18 24 47 59 84 90 104 107 142 148 
151 194 
22
2 12 19 28 38 42 69 72 76 90 98 115 
119 123 124 126 138 151 161 169 188 190 
21
3 34 44 48 53 58 59 75 76 96 106 123 
124 136 144 151 152 179 182 185 192 
22
1 8 15 27 31 38 39 74 77 81 88 89 
90 103 116 123 129 138 160 170 174 176 
20
6 9 29 34 38 45 47 55 62 88 101 104 
108 115 123 149 168 172 186 193 
17
24 38 44 51 71 78 79 94 110 116 134 148 
149 150 175 181 184 
18
14 16 18 27 30 53 60 86 101 103 105 110 
113 120 129 152 153 172 
19
2 13 14 34 45 60 65 71 72 73 91 115 
130 131 132 158 160 182 188 
17
8 29 46 62 65 74 80 102 105 109 146 150 
158 178 180 190 198 
25
5 9 15 22 35 36 37 51 52 69 70 73 
75 99 111 125 127 138 141 162 169 175 180 195 
198 
20
8 12 13 36 53 65 81 91 93 100 113 119 
129 138 145 154 169 192 193 199 
10
10 16 24 35 51 74 84 154 164 168 
27
4 9 17 22 32 51 52 57 62 67 71 78 
80 82 90 102 112 114 126 139 160 168 173 179 
183 187 198 
31
2 3 9 10 12 19 21 23 33 43 48 53 
55 61 66 80 87 99 106 131 150 153 167 169 
170 173 175 177 181 186 191 
27
17 31 35 44 48 51 61 62 64 74 78 80 
87 99 102 118 128 131 133 138 142 149 169 172 
189 192 198 
14
26 52 73 75 77 78 94 114 134 135 143 153 
154 169 
22
23 39 57 87 88 91 94 114 122 125 141 152 
154 158 165 167 168 173 181 193 195 199 
18
9 18 20 27 32 76 80 89 91 102 104 125 
127 135 141 148 156 178 
22
2 6 14 15 17 24 53 56 64 67 87 103 
116 119 132 139 143 159 165 170 179 180 
18
5 16 25 42 45 48 54 55 71 77 84 89 
107 108 162 171 172 194 
19
2 9 13 38 44 62 69 76 84 97 103 133 
145 149 160 171 177 184 186 
14
9 38 51 53 71 82 83 91 112 113 115 130 
135 150 
16
13 57 66 70 82 93 94 98 106 108 109 111 
152 161 163 185 
15
31 40 56 63 71 95 108 139 158 167 174 176 
180 185 197 
24
16 36 39 48 66 76 79 83 85 91 96 103 
105 107 111 134 138 142 147 160 163 166 173 191 
19
9 10 70 71 72 73 74 102 104 110 130 135 
145 152 168 174 177 197 198 
27
11 22 23 30 36 39 44 60 63 65 67 70 
76 78 81 83 86 92 94 115 137 142 144 148 
182 192 200 
21
1 3 10 18 31 35 54 85 92 100 102 108 
117 119 121 132 141 162 164 189 199 
32
2 5 7 11 31 32 45 53 67 75 87 93 
95 99 100 104 107 108 110 117 125 131 132 136 
142 145 146 157 166 180 194 198 
17
10 20 39 47 51 73 85 88 117 124 126 138 
153 160 164 173 186 
17
3 4 21 23 26 86 93 96 103 116 132 154 
163 185 192 199 200 
21
23 34 35 56 59 83 85 93 94 99 100 105 
139 152 157 158 160 180 187 193 198 
29
2 6 15 28 33 44 53 73 77 79 82 83 
90 93 98 112 119 120 131 141 149 153 155 156 
162 177 178 194 198 
19
3 14 25 43 53 69 72 73 76 108 109 113 
133 143 151 168 169 180 194 
17
11 21 23 47 61 70 100 111 120 136 138 139 
147 162 164 187 194 
16
26 28 39 54 57 59 91 101 104 116 154 158 
166 186 188 194 
20
11 37 43 58 67 76 91 122 124 125 141 152 
154 162 166 177 181 185 191 196 
27
3 6 13 15 20 40 44 50 52 58 70 78 
79 80 87 90 93 103 116 150 152 170 173 183 
192 193 196 
20
7 8 30 34 52 65 81 87 96 124 127 130 
131 142 159 168 170 173 185 195 
19
8 18 24 26 49 52 69 72 76 79 87 119 
131 132 134 162 186 190 191 
18
1 20 24 26 38 43 57 91 118 123 132 155 
160 164 181 189 193 198 
16
23 29 38 85 86 91 92 120 133 143 152 175 
180 182 191 193 
16
3 13 28 60 61 68 106 118 119 141 151 158 
159 160 169 188 
22
8 10 20 26 31 33 64 67 75 77 80 101 
103 117 120 146 151 154 175 180 181 197 
22
27 28 29 33 34 44 45 80 86 87 105 111 
115 142 148 155 161 162 176 184 186 197 
23
1 10 14 56 71 72 77 86 98 111 129 140 
142 145 152 154 160 161 172 183 186 188 194 
19
2 20 27 30 36 45 56 67 69 72 117 118 
148 150 169 186 189 197 198 
17
14 20 32 34 46 68 88 96 99 104 107 108 
132 133 172 181 188 
14
41 56 59 80 90 133 138 139 155 156 160 171 
176 179 
17
13 33 54 64 74 84 85 98 102 123 137 145 
158 167 180 194 196 
16
8 22 29 33 41 42 73 77 97 104 123 124 
130 137 147 154 
22
10 15 22 27 45 57 70 72 73 74 82 92 
97 112 114 125 139 145 161 176 177 186 
17
5 28 41 42 45 51 86 91 94 101 145 148 
149 161 174 175 190 
29
2 8 9 13 15 20 21 23 27 34 46 48 
49 55 58 64 65 70 82 86 91 93 124 126 
146 177 189 199 200 
24
4 14 28 42 47 48 93 94 96 100 112 117 
119 123 128 135 148 172 181 189 192 194 195 198 
7
74 91 93 110 156 187 196 
21
33 45 49 54 59 83 88 104 111 114 117 122 
128 135 138 146 148 154 173 176 195 
23
4 10 25 26 28 36 38 64 70 71 81 82 
87 90 130 134 148 152 173 174 190 192 199 
16
5 17 28 45 60 65 67 91 94 96 102 124 
133 152 158 175 
17
6 22 25 30 42 51 67 83 89 90 98 103 
112 139 143 148 171 
23
12 13 23 25 31 39 40 57 62 75 98 100 
101 103 107 133 154 163 167 188 194 195 196 
18
1 21 23 30 53 58 65 71 81 105 107 113 
114 141 143 188 190 200 
23
12 31 56 73 82 91 95 96 105 112 126 130 
143 149 159 161 163 166 183 193 194 197 200 
21
3 6 22 24 25 50 58 67 93 97 108 125 
131 133 143 146 176 180 184 189 195 
18
7 14 15 27 30 31 45 51 52 88 99 102 
120 125 147 160 164 196 
28
3 14 29 30 47 50 61 70 76 77 78 80 
85 87 93 98 99 114 126 137 160 166 168 169 
183 186 187 193 
14
10 36 69 80 81 83 92 96 99 110 113 140 
165 171 
24
9 26 36 60 63 76 77 78 86 87 109 118 
120 121 124 126 128 131 133 142 144 152 155 195 
17
10 39 56 72 74 78 85 99 106 114 137 146 
152 157 158 172 189 
18
5 6 17 20 28 41 55 79 104 111 115 124 
125 127 158 172 178 198 
24
3 5 8 10 17 19 21 36 41 42 76 87 
113 114 120 125 129 135 138 156 157 163 169 198 
19
7 16 41 57 58 67 75 82 95 103 105 117 
119 123 130 133 134 152 169 
17
4 10 12 13 25 43 54 70 72 88 101 110 
118 135 142 168 185 
