100 200
1 1 1 1 1 1 1 1 1 1 1 1 
1 1 1 1 1 1 1 1 1 1 1 1 
1 1 1 1 1 1 1 1 1 1 1 1 
1 1 1 1 1 1 1 1 1 1 1 1 
1 1 1 1 1 1 1 1 1 1 1 1 
1 1 1 1 1 1 1 1 1 1 1 1 
1 1 1 1 1 1 1 1 1 1 1 1 
1 1 1 1 1 1 1 1 1 1 1 1 
1 1 1 1 1 1 1 1 1 1 1 1 
1 1 1 1 1 1 1 1 1 1 1 1 
1 1 1 1 1 1 1 1 1 1 1 1 
1 1 1 1 1 1 1 1 1 1 1 1 
1 1 1 1 1 1 1 1 1 1 1 1 
1 1 1 1 1 1 1 1 1 1 1 1 
1 1 1 1 1 1 1 1 1 1 1 1 
1 1 1 1 1 1 1 1 1 1 1 1 
1 1 1 1 1 1 1 1 
18
15 27 40 47 49 57 63 72 73 75 80 113 
130 146 167 168 170 187 
17
2 28 42 48 82 83 84 86 87 89 93 98 
103 124 171 190 195 
16
17 19 22 33 38 62 85 91 100 101 107 113 
138 177 182 191 
21
7 20 58 60 66 72 74 79 97 99 102 115 
129 130 132 139 142 152 157 169 177 
18
1 3 14 15 21 26 46 52 76 79 83 85 
86 107 118 126 188 191 
25
2 11 23 26 29 36 39 41 50 57 79 80 
82 93 96 112 115 120 123 135 162 182 187 193 
198 
20
2 20 27 30 42 48 51 69 76 90 99 114 
149 156 158 168 171 182 194 197 
20
3 11 22 25 28 31 37 40 49 51 54 95 
98 100 129 135 165 181 194 198 
18
44 75 76 84 93 95 102 123 126 127 131 148 
156 166 172 174 181 188 
21
18 28 29 31 37 42 79 92 94 98 106 109 
114 133 134 135 147 148 151 152 191 
24
2 16 22 29 30 32 59 64 89 90 113 131 
137 140 142 158 162 179 182 185 186 191 195 198 
20
11 20 29 30 31 40 47 61 62 86 97 106 
115 122 127 137 141 145 178 179 
22
9 10 26 35 55 59 67 69 77 79 83 86 
97 116 126 127 129 164 175 185 190 196 
20
13 25 27 30 47 51 53 64 73 82 90 101 
130 146 158 169 189 191 196 198 
16
13 19 23 46 61 74 81 91 103 112 125 131 
132 142 155 180 
20
3 5 19 30 33 34 36 37 71 77 79 84 
88 99 106 119 129 137 163 192 
29
6 19 26 28 29 36 42 46 59 82 84 97 
101 102 103 104 106 132 133 138 139 147 148 149 
159 162 183 196 198 
21
11 20 24 40 53 61 82 90 91 92 98 103 
120 127 128 129 151 154 180 186 193 
18
21 52 54 56 70 86 97 99 103 125 131 146 
153 172 179 180 193 194 
16
14 17 46 51 91 105 118 126 129 143 145 159 
160 164 182 200 
18
6 15 29 30 31 44 50 87 95 96 98 103 
112 130 137 138 184 190 
17
4 23 24 42 43 56 73 74 80 90 101 108 
115 122 148 181 190 
18
2 13 16 21 30 53 60 62 70 77 97 104 
113 127 141 177 179 180 
15
3 18 32 34 39 46 56 58 70 73 148 170 
173 176 177 
21
6 18 32 34 37 43 55 60 64 69 71 90 
94 105 118 134 149 154 156 162 193 
22
1 20 27 31 37 47 51 68 70 79 83 89 
98 100 114 125 126 130 164 165 173 174 
19
30 39 40 41 73 84 85 89 91 92 100 106 
114 120 128 162 165 172 184 
28
13 15 25 28 34 55 59 65 71 73 78 79 
81 101 105 117 124 126 134 139 149 151 161 163 
168 176 187 191 
17
2 15 25 36 44 60 70 83 88 108 115 116 
148 153 160 168 191 
21
20 33 34 37 40 54 60 62 65 67 72 89 
99 117 130 137 148 169 170 179 187 
17
4 7 19 22 26 37 49 51 93 105 114 121 
130 176 181 183 199 
20
1 8 10 34 37 42 84 97 120 123 125 135 
138 148 157 169 179 184 195 199 
13
16 21 24 45 49 63 75 77 80 107 176 182 
185 
18
7 8 10 20 26 33 38 44 49 54 63 67 
115 134 172 174 188 199 
11
5 8 48 103 150 154 169 176 178 186 196 
23
2 10 21 22 25 28 30 33 53 56 70 79 
95 122 124 130 137 146 147 168 181 187 196 
19
4 8 17 24 31 59 82 86 88 103 105 109 
131 141 143 158 170 177 193 
22
6 34 44 47 61 84 97 113 130 131 138 141 
142 153 162 165 176 178 181 186 188 200 
17
18 22 27 31 47 52 63 67 72 106 122 140 
146 167 189 192 195 
21
3 7 22 24 34 36 56 64 71 101 102 104 
111 125 131 141 143 154 161 174 195 
18
11 40 45 81 83 87 99 101 105 108 141 143 
150 165 179 191 194 200 
22
5 12 35 39 40 44 55 62 70 80 82 121 
128 139 142 148 158 160 165 175 187 189 
18
9 20 22 26 46 49 55 64 75 104 119 126 
169 174 176 184 196 200 
24
11 26 32 45 58 61 62 75 82 85 94 100 
103 125 130 138 140 143 157 158 176 182 191 199 
16
20 35 36 46 51 55 56 80 111 117 131 132 
167 170 187 189 
26
2 3 10 25 51 53 55 57 58 65 70 76 
81 83 84 120 125 136 139 141 154 157 166 167 
168 191 
22
9 25 33 57 68 71 83 86 88 95 96 113 
114 116 129 136 138 140 148 171 177 187 
25
1 8 26 32 42 51 58 63 65 89 93 94 
101 104 105 115 125 129 139 143 144 159 167 168 
197 
16
1 11 28 33 43 68 71 77 90 105 111 126 
129 143 186 194 
19
5 8 21 23 39 53 57 65 88 90 105 109 
127 138 142 162 183 191 200 
20
7 8 14 27 29 38 41 49 51 64 77 83 
84 85 104 114 139 163 169 190 
22
8 27 28 38 45 73 88 97 98 124 131 132 
134 140 158 160 164 173 185 193 195 196 
16
6 29 47 62 65 68 108 113 134 144 145 146 
166 169 189 191 
18
5 11 20 33 40 44 50 53 68 71 79 85 
95 105 130 131 141 164 
14
4 7 9 16 45 74 103 111 114 170 171 173 
187 195 
24
4 5 9 15 18 27 31 54 62 66 71 98 
102 113 122 128 135 138 145 154 155 166 174 190 
21
7 14 18 34 44 54 68 71 91 93 102 114 
117 118 146 156 159 163 170 177 192 
17
17 22 58 64 66 74 77 83 90 102 125 132 
141 143 148 159 174 
19
4 13 34 37 43 48 49 66 77 101 118 136 
147 152 155 164 183 193 197 
24
10 15 18 32 39 47 53 54 57 58 81 94 
96 110 117 122 127 129 139 149 157 170 193 199 
22
8 28 43 48 55 56 61 69 71 75 81 113 
121 122 125 127 130 142 143 149 161 173 
19
2 9 19 26 30 39 48 54 58 65 107 130 
134 139 159 174 179 182 196 
19
40 42 53 60 65 70 78 93 104 115 123 127 
135 163 165 168 170 173 177 
16
16 18 41 44 61 85 97 98 130 131 133 171 
172 178 179 187 
21
9 24 25 28 39 41 43 54 66 86 88 103 
106 123 124 139 148 153 158 166 170 
22
2 5 18 19 21 30 33 49 75 79 81 87 
91 95 99 100 124 131 148 149 157 195 
21
1 22 23 39 79 81 83 84 99 100 116 117 
127 137 142 154 166 171 178 182 186 
21
6 7 18 30 35 43 55 69 75 79 83 133 
136 138 140 151 152 168 178 183 190 
24
3 7 9 11 49 62 64 68 82 84 107 109 
121 122 127 139 142 147 149 165 169 177 186 188 
26
8 30 33 34 49 54 60 61 62 63 66 67 
77 80 85 90 102 110 111 119 144 150 166 183 
198 200 
16
2 17 28 49 73 106 110 130 140 144 150 158 
160 173 195 198 
17
12 20 28 41 47 53 58 74 94 98 115 122 
130 144 175 176 191 
16
7 8 11 26 29 49 61 82 96 127 128 142 
155 160 176 193 
15
6 30 44 94 122 132 133 136 140 156 167 171 
177 182 190 
20
1 17 29 44 58 68 74 83 86 92 107 112 
117 124 128 154 168 182 193 195 
16
19 26 35 57 60 63 80 89 97 103 107 111 
117 132 146 181 
18
4 5 41 43 57 60 67 80 83 87 103 122 
134 140 142 158 161 181 
32
2 3 13 21 24 25 35 39 48 54 55 77 
102 110 113 114 115 116 121 122 127 128 143 158 
169 176 177 181 194 195 198 200 
16
11 20 27 31 50 58 68 76 77 106 108 146 
156 161 174 189 
19
2 7 9 35 43 44 106 114 127 140 141 152 
154 160 165 172 174 180 186 
24
1 25 26 29 32 49 63 66 72 93 96 119 
127 129 133 139 149 154 161 164 169 177 198 200 
21
23 26 29 30 57 93 96 104 107 109 114 123 
136 148 166 168 169 174 181 183 197 
21
20 24 40 52 54 55 63 65 69 75 100 103 
115 116 130 147 151 153 160 165 175 
22
6 12 19 36 62 65 75 88 100 101 113 139 
140 145 149 161 169 171 172 173 180 189 
20
3 13 35 45 55 61 70 73 103 105 123 134 
147 151 154 161 175 178 181 190 
20
3 10 22 47 100 110 118 123 131 134 135 159 
170 181 183 184 186 187 191 200 
18
4 14 24 31 49 90 108 115 123 127 129 132 
134 146 155 156 178 189 
17
18 28 60 67 118 119 134 136 140 150 152 157 
159 176 182 187 199 
18
4 5 24 35 40 63 64 65 77 79 80 93 
137 166 176 189 194 200 
16
9 19 21 25 55 85 100 104 133 138 140 146 
149 152 165 169 
13
7 31 36 51 53 79 117 118 139 149 167 184 
187 
14
12 19 22 23 30 37 52 58 65 111 135 163 
188 192 
20
58 75 76 81 84 89 90 100 101 102 111 112 
119 121 125 129 155 163 176 192 
18
22 40 42 48 62 73 88 101 102 108 124 127 
134 145 149 156 193 199 
19
2 5 12 25 31 32 51 59 65 66 75 81 
94 107 119 130 135 141 151 
22
1 2 27 31 38 53 65 70 72 99 105 116 
121 123 126 130 137 145 149 160 180 194 
25
1 14 23 27 34 35 48 52 70 74 77 111 
112 117 128 137 142 146 157 161 168 179 184 187 
194 
12
5 17 33 65 68 88 92 126 147 148 187 193 
18
8 12 14 16 24 51 75 87 110 114 135 139 
150 165 172 173 184 191 
21
6 31 39 65 77 100 101 103 105 116 123 146 
149 150 160 165 166 182 187 191 199 
