800 200
1 1 1 1 1 1 1 1 1 1 1 1 
1 1 1 1 1 1 1 1 1 1 1 1 
1 1 1 1 1 1 1 1 1 1 1 1 
1 1 1 1 1 1 1 1 1 1 1 1 
1 1 1 1 1 1 1 1 1 1 1 1 
1 1 1 1 1 1 1 1 1 1 1 1 
1 1 1 1 1 1 1 1 1 1 1 1 
1 1 1 1 1 1 1 1 1 1 1 1 
1 1 1 1 1 1 1 1 1 1 1 1 
1 1 1 1 1 1 1 1 1 1 1 1 
1 1 1 1 1 1 1 1 1 1 1 1 
1 1 1 1 1 1 1 1 1 1 1 1 
1 1 1 1 1 1 1 1 1 1 1 1 
1 1 1 1 1 1 1 1 1 1 1 1 
1 1 1 1 1 1 1 1 1 1 1 1 
1 1 1 1 1 1 1 1 1 1 1 1 
1 1 1 1 1 1 1 1 
22
2 14 21 24 25 31 32 62 76 81 93 108 
109 134 136 138 139 148 153 171 185 199 
20
4 19 26 28 32 34 40 55 60 66 67 70 
78 85 121 124 130 143 150 171 
18
30 41 44 48 49 54 60 81 82 86 95 105 
116 118 140 172 176 185 
17
30 50 84 86 104 106 121 130 131 133 141 143 
152 164 165 196 197 
15
6 46 71 74 84 98 106 117 124 134 136 147 
182 184 199 
21
39 55 57 59 78 100 102 113 136 137 142 148 
149 150 172 176 178 183 184 188 199 
19
19 23 48 62 64 74 78 83 90 103 117 120 
127 139 148 153 161 197 199 
19
6 19 28 30 34 35 45 53 67 68 87 90 
117 118 154 155 160 164 166 
16
38 60 68 70 78 97 100 102 104 121 132 155 
167 188 196 197 
13
4 15 17 29 75 109 117 153 161 191 192 196 
200 
15
3 5 17 30 57 58 69 82 128 136 143 186 
189 190 196 
14
23 70 78 83 86 89 99 101 118 119 120 136 
177 193 
21
2 5 6 15 28 36 39 48 53 62 66 76 
77 91 94 136 153 162 169 170 197 
22
7 14 17 26 30 37 40 41 50 57 82 90 
95 107 110 117 125 137 142 147 152 164 
16
16 39 40 42 56 59 65 80 83 92 114 126 
175 178 187 199 
16
17 18 33 41 71 97 109 120 138 141 143 149 
168 170 181 189 
20
3 12 13 24 29 49 52 55 93 97 102 109 
121 134 139 140 143 149 192 196 
16
3 12 15 16 20 52 64 74 79 83 97 102 
158 159 182 186 
15
1 6 13 14 26 41 53 60 66 92 115 149 
156 157 180 
15
15 20 27 28 38 39 56 62 65 87 107 119 
163 165 198 
17
5 8 38 41 45 65 77 110 112 131 135 165 
169 173 174 184 198 
22
22 28 32 36 71 72 74 82 89 100 106 116 
144 148 156 158 164 170 174 187 189 198 
19
11 13 34 43 49 51 55 68 74 75 101 103 
136 144 146 153 164 172 200 
19
1 5 9 18 25 41 43 49 57 65 73 95 
122 127 151 158 163 186 197 
15
1 13 28 29 47 50 71 74 85 86 96 124 
129 146 195 
19
1 42 50 51 56 67 87 94 101 123 139 142 
160 171 176 186 190 193 194 
20
43 46 56 61 68 78 83 103 115 122 123 137 
145 146 147 154 155 161 174 182 
16
50 65 66 69 86 99 105 119 122 136 147 151 
164 185 195 198 
21
8 9 12 18 32 35 55 56 63 93 114 119 
120 122 124 131 157 161 163 173 195 
16
17 25 32 35 41 48 73 141 158 159 160 170 
178 182 183 185 
17
2 9 20 35 51 54 55 58 62 66 78 81 
82 85 93 121 196 
24
9 18 26 34 47 51 60 63 85 87 100 113 
121 123 125 126 130 136 137 151 157 163 176 197 
18
11 14 18 19 31 35 43 45 60 110 114 118 
152 154 171 174 197 198 
23
1 2 4 8 10 17 35 46 66 67 82 83 
90 106 112 116 123 144 150 157 162 177 183 
22
3 5 23 28 44 45 46 58 88 96 115 119 
122 137 143 150 152 160 171 172 177 198 
19
17 20 27 43 61 68 80 86 95 99 114 130 
144 148 149 159 163 166 186 
17
8 23 34 56 76 85 99 114 115 127 135 139 
156 170 178 179 190 
25
7 10 17 26 28 33 38 46 47 61 66 67 
72 80 86 95 122 159 161 165 181 188 195 196 
198 
25
7 13 15 21 29 32 36 39 56 67 78 79 
92 94 111 115 123 126 129 155 168 175 179 195 
200 
19
11 36 40 41 46 55 62 82 87 98 111 112 
117 158 164 169 184 187 197 
20
7 14 18 20 30 33 41 69 82 94 97 106 
115 120 133 140 142 146 150 171 
19
6 23 50 64 67 72 81 85 103 109 125 132 
138 140 150 158 175 194 199 
19
12 18 19 20 21 28 49 60 65 68 71 74 
79 80 81 94 134 141 149 
24
16 17 38 39 50 55 58 70 92 98 105 112 
130 162 165 166 169 171 182 183 191 194 198 200 
21
24 35 45 47 56 58 59 63 68 78 86 96 
123 124 133 135 155 178 181 191 200 
21
13 14 19 20 25 29 30 31 37 38 47 54 
63 72 95 132 133 146 168 183 195 
17
20 27 35 37 49 55 58 60 61 96 106 107 
117 145 147 168 185 
16
5 9 14 16 51 77 82 104 106 127 128 136 
153 160 180 183 
12
4 13 61 71 90 115 150 160 161 184 185 191 
25
1 2 9 14 18 21 22 24 26 41 42 70 
71 83 91 106 108 112 136 142 150 158 169 176 
186 
26
6 12 25 33 50 56 60 65 69 80 93 95 
115 126 132 134 137 138 142 155 157 166 183 186 
190 197 
26
15 24 30 36 59 62 66 93 94 95 105 111 
113 115 120 121 125 132 139 154 159 182 183 193 
196 197 
29
2 5 9 17 19 25 33 42 47 60 69 70 
78 88 105 108 123 129 130 133 136 138 160 165 
166 169 183 189 199 
19
3 12 17 34 51 62 73 95 132 137 141 147 
148 154 158 161 165 167 197 
18
2 6 9 17 44 73 79 121 129 146 149 155 
157 168 172 185 196 200 
11
9 27 45 56 64 66 67 96 126 136 200 
13
16 29 39 40 41 42 54 55 66 109 129 168 
184 
17
8 9 35 38 39 45 47 55 84 99 109 120 
142 167 176 192 200 
18
1 7 22 24 25 40 51 58 65 82 85 90 
108 109 129 133 144 167 
11
23 89 90 115 125 126 143 157 160 171 185 
23
3 27 31 54 61 64 65 84 86 87 91 99 
109 120 129 130 131 134 140 143 144 154 185 
15
7 8 56 57 63 64 85 93 118 121 144 151 
184 193 200 
28
18 23 24 27 33 37 42 49 56 60 77 80 
82 86 90 91 105 112 138 140 145 156 160 165 
173 175 176 192 
19
5 15 21 44 49 66 79 80 89 93 97 142 
153 159 169 189 191 192 197 
20
4 14 17 23 42 46 48 50 53 94 105 109 
115 122 132 160 168 173 174 185 
19
2 8 27 33 35 42 48 62 73 104 136 149 
152 155 162 164 171 186 187 
9
33 37 52 67 88 97 138 147 158 
15
15 16 19 20 32 70 96 110 116 120 121 129 
138 167 199 
17
18 21 28 37 46 58 66 69 70 76 79 95 
111 123 179 186 199 
32
19 20 22 24 29 34 42 46 51 67 69 72 
74 91 105 110 112 118 131 132 138 151 152 171 
172 177 179 180 185 191 199 200 
21
22 26 43 46 51 70 100 102 112 114 123 128 
133 170 171 172 174 177 186 192 197 
22
5 16 23 25 31 32 50 55 57 63 73 89 
104 106 109 112 113 125 136 150 165 194 
25
1 4 7 13 18 21 24 44 49 56 58 85 
88 106 123 125 127 137 143 144 152 169 179 185 
198 
23
5 8 14 30 57 61 66 72 76 81 84 87 
97 119 132 143 149 160 162 179 180 183 197 
17
11 66 71 75 76 78 85 107 110 112 113 116 
117 126 131 147 175 
20
14 23 24 31 33 39 43 53 55 64 70 74 
84 88 96 124 125 132 161 170 
22
7 15 32 52 56 58 67 86 96 117 128 134 
148 160 161 167 171 174 179 195 196 198 
16
19 60 72 87 88 93 94 114 115 118 119 130 
149 157 168 190 
17
5 7 26 34 36 43 45 49 54 60 69 80 
95 161 173 186 199 
22
17 21 26 34 47 54 61 67 72 78 80 113 
128 136 143 146 153 169 171 180 185 188 
16
15 25 27 31 32 46 73 78 97 100 141 154 
163 171 172 177 
18
12 15 24 33 40 52 61 66 70 72 77 83 
90 109 141 169 179 180 
22
28 35 41 61 62 63 69 71 78 80 81 87 
91 108 126 138 142 146 163 164 167 182 
20
4 32 38 45 51 52 68 81 88 89 111 131 
132 148 158 177 189 192 193 198 
20
3 10 33 45 63 66 75 83 95 119 124 133 
138 152 156 157 159 168 184 193 
25
9 17 19 22 28 30 33 47 58 72 75 81 
83 90 95 104 111 115 119 126 157 166 167 194 
196 
17
8 21 34 35 73 88 109 130 140 143 158 163 
173 175 187 193 195 
20
11 14 21 25 27 40 92 118 133 141 146 152 
158 162 170 172 174 185 196 200 
16
2 15 47 48 53 54 59 61 94 102 109 124 
125 136 196 197 
18
19 59 62 65 83 89 108 112 116 118 122 124 
126 133 176 180 190 197 
20
4 15 20 30 44 51 55 57 71 83 86 100 
121 122 140 147 153 176 179 194 
17
8 39 43 47 50 79 80 82 117 119 120 128 
139 152 178 192 193 
17
14 20 30 37 52 55 60 75 98 99 125 136 
164 170 189 197 200 
20
2 16 18 26 27 30 37 41 50 66 70 84 
97 101 103 112 141 144 191 193 
24
1 4 5 8 13 14 17 20 54 58 68 72 
94 123 124 131 151 153 162 173 180 182 186 200 
20
2 26 44 54 61 63 66 73 79 87 107 109 
115 132 145 146 151 164 177 189 
16
34 35 45 51 79 81 86 99 107 129 133 148 
150 160 174 175 
20
31 34 43 45 47 56 57 62 75 86 97 104 
116 118 123 157 159 175 179 200 
15
9 23 32 33 39 51 53 69 73 89 109 118 
142 171 180 
11
4 56 76 113 124 139 146 149 165 182 197 
14
15 19 21 35 58 63 126 130 141 146 154 156 
163 179 
20
5 19 28 43 51 59 70 79 88 95 97 103 
119 129 149 154 161 170 177 199 
21
5 9 13 15 24 29 34 65 71 74 79 80 
88 124 134 137 144 154 181 188 200 
17
7 18 21 41 50 60 68 73 75 76 87 99 
105 110 147 150 171 
15
8 27 33 36 65 69 77 79 83 95 111 122 
144 158 195 
17
4 15 48 52 61 71 77 81 84 85 97 113 
135 141 167 180 190 
24
9 17 26 27 32 37 40 41 52 53 65 67 
84 92 113 129 134 138 145 153 167 180 184 192 
27
20 22 27 38 46 57 62 65 70 72 74 84 
86 89 92 98 100 108 138 142 154 162 164 170 
173 180 196 
17
14 33 38 76 80 86 93 94 96 107 117 140 
145 171 193 199 200 
20
8 14 17 24 29 37 47 69 72 76 78 79 
100 120 127 157 159 172 176 194 
21
2 14 22 29 38 43 48 59 63 73 74 89 
102 103 119 125 138 158 162 167 193 
24
15 29 43 60 71 75 77 88 98 113 119 122 
123 124 135 149 151 158 165 177 180 182 186 192 
10
6 9 89 105 138 150 155 156 157 184 
17
18 21 35 44 67 72 92 97 103 111 123 133 
169 180 181 183 189 
11
19 33 44 49 57 61 151 163 166 194 196 
29
6 7 11 15 25 37 39 41 48 50 63 68 
70 71 78 86 94 95 104 108 116 123 130 133 
138 157 180 194 198 
19
4 13 15 36 39 47 59 83 85 103 123 137 
144 151 158 162 175 177 178 
19
4 6 9 47 79 87 95 117 123 156 157 163 
171 173 177 178 191 196 199 
15
6 8 15 17 18 46 66 82 83 93 96 133 
139 159 169 
18
11 13 21 23 26 30 54 71 80 93 99 115 
126 133 139 167 170 199 
23
3 6 7 19 23 25 27 40 49 54 67 75 
78 88 93 136 142 145 159 177 178 182 198 
19
15 20 25 29 32 47 71 95 100 108 113 125 
148 149 162 171 172 193 199 
15
17 19 31 44 46 66 72 73 84 90 102 107 
170 184 191 
15
17 19 78 90 101 109 115 144 146 148 153 166 
181 182 187 
21
1 11 14 25 34 37 39 40 57 59 81 104 
117 122 136 144 147 148 171 187 191 
21
28 36 40 48 58 60 61 75 76 89 91 102 
104 105 118 147 159 161 166 180 189 
13
4 50 71 72 82 83 88 124 131 142 145 147 
155 
14
23 26 53 62 84 96 118 131 141 142 158 167 
182 189 
18
20 36 39 43 45 68 81 91 95 98 103 105 
122 142 165 171 172 173 
20
4 23 24 31 40 76 85 93 103 136 138 142 
150 154 160 164 177 185 187 193 
20
12 13 25 29 40 54 58 72 75 80 95 106 
122 131 139 155 166 168 173 174 
19
22 25 30 40 56 66 67 79 104 109 117 118 
124 134 136 149 168 175 189 
22
1 3 7 31 36 41 54 55 63 79 92 101 
103 112 125 151 168 192 194 195 197 199 
19
10 14 23 24 37 43 48 55 66 107 108 114 
132 143 145 148 166 172 182 
19
4 23 32 33 56 64 75 79 81 97 105 112 
113 119 130 146 185 186 187 
22
2 19 26 28 31 38 44 46 64 69 73 84 
88 96 114 118 123 128 154 157 159 198 
20
16 23 38 39 45 46 50 52 55 65 93 102 
118 121 139 147 149 153 171 174 
22
4 10 20 25 28 77 93 99 105 114 135 137 
138 144 149 154 159 163 176 177 183 187 
21
33 47 57 72 80 97 99 101 102 110 117 120 
139 145 163 171 174 176 187 193 194 
19
13 15 53 76 82 86 94 102 113 129 130 136 
138 142 177 178 181 183 194 
27
4 7 17 38 40 53 62 72 79 92 95 108 
116 118 119 127 130 131 139 148 152 155 159 168 
172 177 200 
18
2 18 23 44 69 73 98 102 105 109 114 120 
128 144 151 183 193 197 
24
9 19 20 26 28 39 47 48 49 98 102 107 
110 119 136 137 138 149 155 170 174 175 180 187 
22
1 13 18 19 53 62 66 71 93 102 113 116 
119 133 140 154 165 167 172 177 182 184 
19
12 24 33 38 51 57 75 76 87 90 96 121 
122 143 148 155 159 174 194 
16
4 9 26 54 59 87 108 109 118 119 126 133 
161 172 193 196 
20
1 5 25 51 69 79 105 108 119 130 140 144 
145 148 153 154 164 165 169 183 
17
16 18 43 50 52 62 63 68 70 82 84 113 
114 124 146 167 171 
18
4 14 17 19 27 36 39 46 52 75 101 118 
125 150 151 161 164 193 
20
7 12 13 33 41 75 89 108 114 138 145 154 
167 170 179 187 191 192 194 198 
24
3 9 11 16 19 28 43 44 56 66 78 79 
81 86 100 118 123 133 137 164 171 189 195 200 
22
7 12 22 39 44 50 59 64 72 84 98 105 
116 120 132 139 143 146 153 182 191 197 
17
15 21 22 28 37 53 56 59 67 73 75 98 
108 111 114 124 163 
22
13 41 57 58 65 82 89 94 97 103 132 145 
148 149 157 168 174 175 176 182 197 198 
14
29 42 54 101 108 110 116 118 132 144 145 159 
170 189 
17
5 32 37 44 79 85 88 104 125 140 157 161 
166 177 189 197 199 
12
10 31 66 107 126 132 138 143 163 164 185 191 
20
7 11 25 32 36 41 42 43 50 89 90 94 
117 139 157 158 164 180 190 196 
13
20 26 27 47 55 56 90 125 151 156 163 181 
187 
21
2 7 14 15 19 23 34 36 43 57 74 76 
90 101 117 124 139 162 173 191 199 
20
2 3 17 22 28 34 44 48 55 91 97 110 
115 116 117 127 129 139 162 164 
23
11 20 35 43 51 60 63 65 77 78 82 87 
99 113 117 119 125 128 130 140 178 181 191 
23
3 4 6 35 47 61 72 75 84 87 93 110 
116 118 119 127 133 160 171 172 188 194 196 
20
2 16 17 21 33 38 49 66 67 80 101 103 
114 117 126 129 148 151 163 176 
24
5 12 13 14 20 28 36 46 58 61 72 94 
100 106 151 158 163 170 173 178 186 188 191 192 
15
9 11 18 21 52 61 72 88 111 119 120 126 
131 146 177 
20
18 44 47 52 57 67 68 72 107 110 124 140 
144 150 155 159 166 176 185 188 
19
1 3 8 17 34 44 50 54 56 58 61 79 
94 109 110 139 144 192 195 
19
1 11 12 18 20 25 27 35 42 50 57 103 
116 133 139 158 160 163 171 
21
3 6 19 27 36 39 45 47 56 84 85 90 
91 132 134 145 154 155 174 177 191 
19
7 8 15 20 27 30 58 70 95 103 106 107 
140 142 155 178 181 183 188 
18
1 7 25 52 54 56 61 74 86 92 111 126 
130 147 163 172 175 192 
21
9 23 24 26 33 36 41 51 82 87 93 99 
112 142 151 153 157 159 168 170 191 
27
5 26 29 34 57 64 73 74 79 81 90 98 
102 103 109 115 128 133 148 152 153 162 164 167 
173 182 188 
16
16 18 43 46 50 55 63 73 74 81 84 117 
134 160 174 175 
19
3 8 41 43 46 53 57 95 106 110 112 114 
118 146 165 174 177 181 195 
22
8 22 33 34 36 49 56 60 62 67 70 74 
77 79 89 112 117 123 145 158 180 184 
31
4 6 9 17 31 45 58 61 71 77 85 86 
96 97 111 115 125 128 138 139 146 151 156 162 
163 174 179 186 190 191 196 
19
51 60 63 69 79 95 99 103 126 137 156 157 
159 167 187 195 197 198 200 
25
4 5 17 27 38 40 43 56 75 76 89 94 
105 108 111 113 115 119 132 150 152 154 156 157 
193 
22
10 43 50 54 78 91 104 111 124 125 133 141 
149 151 152 153 172 174 188 189 197 198 
17
5 11 27 31 43 65 68 76 83 87 94 103 
104 132 146 170 171 
19
9 10 12 23 40 79 88 89 94 96 124 126 
139 165 174 179 182 186 192 
22
5 23 25 32 48 50 57 58 67 73 78 85 
106 107 116 117 133 157 159 176 190 196 
24
22 31 50 64 71 75 83 87 103 104 110 121 
122 125 127 143 163 167 168 181 183 185 186 193 
17
20 31 33 38 44 45 46 57 73 78 84 141 
161 169 171 185 196 
16
27 40 48 79 94 103 111 114 116 121 146 155 
160 169 171 190 
18
15 28 43 65 68 88 94 95 107 121 124 135 
144 157 162 183 186 194 
25
6 16 20 26 31 43 46 49 57 64 67 84 
94 96 103 112 132 137 147 155 158 166 167 169 
171 
25
10 21 31 42 51 68 79 80 82 98 105 107 
113 132 136 142 154 155 162 163 166 176 177 193 
195 
17
4 7 8 19 20 36 50 63 103 114 129 161 
176 181 184 187 194 
19
3 16 23 25 29 48 72 91 93 102 111 115 
123 127 136 151 154 165 167 
27
22 42 49 50 71 75 78 92 94 107 114 115 
118 120 131 138 144 145 155 165 169 175 177 178 
179 180 181 
13
6 40 43 74 86 104 116 152 153 159 162 185 
196 
22
5 33 72 83 87 109 120 126 127 129 130 133 
136 152 155 157 163 170 177 181 182 194 
17
1 36 52 55 62 70 81 85 96 99 111 123 
151 154 182 184 185 
17
2 33 37 42 67 77 78 117 120 125 137 141 
160 167 173 186 195 
22
15 22 26 39 83 84 90 91 100 105 119 125 
126 130 147 155 159 166 167 188 196 197 
20
11 15 20 22 31 37 51 53 59 66 75 83 
88 96 109 123 141 167 189 196 
24
8 11 28 29 32 36 38 49 54 71 88 94 
99 110 117 133 154 162 168 173 181 186 191 195 
17
2 9 16 18 49 64 75 100 102 110 117 127 
128 138 150 152 164 
23
11 15 18 22 28 44 66 82 87 94 118 123 
124 126 132 133 167 170 174 184 185 191 192 
28
11 12 13 44 51 66 69 70 75 91 93 97 
103 110 112 119 127 128 131 135 138 144 145 151 
177 180 184 196 
24
1 2 6 7 23 27 38 45 47 51 54 70 
102 104 111 143 146 152 153 158 162 171 179 182 
15
48 49 50 62 69 86 93 115 125 128 132 140 
141 143 184 
24
6 10 13 30 38 48 54 58 67 77 89 130 
134 140 141 142 157 171 172 178 180 181 184 200 
24
8 16 20 22 52 54 60 67 72 75 92 99 
106 110 140 141 146 157 158 159 162 181 187 189 
25
13 22 35 39 42 50 51 53 57 69 81 106 
113 121 130 133 136 144 145 152 160 161 173 188 
193 
24
16 41 53 64 66 73 76 77 83 88 103 111 
113 125 128 143 151 156 164 165 182 183 186 192 
20
2 11 33 37 51 53 75 78 89 113 117 139 
140 142 143 162 179 184 191 199 
17
21 23 24 38 41 44 55 59 68 73 89 90 
113 132 172 178 195 
22
9 17 22 33 50 56 66 67 80 84 87 88 
90 95 98 100 115 118 122 155 164 176 
23
15 23 27 35 41 45 54 55 66 77 84 85 
104 108 110 120 126 159 166 169 172 176 180 
20
5 20 27 58 64 70 75 102 103 112 118 123 
125 136 147 153 158 176 191 196 
20
14 53 68 79 91 93 94 105 106 108 112 117 
119 124 148 160 165 192 197 198 
15
11 19 27 51 68 75 81 90 108 127 151 158 
166 189 199 
20
5 14 21 25 26 32 48 56 67 76 83 88 
95 104 116 145 147 149 168 188 
20
9 14 27 43 45 48 51 52 57 60 66 76 
80 82 99 113 116 152 180 195 
16
5 21 25 40 65 68 72 86 94 107 108 139 
140 143 157 188 
19
13 17 19 30 50 56 61 69 80 82 130 147 
148 149 150 165 167 184 185 
19
3 12 13 42 43 51 74 77 79 84 87 127 
130 141 147 151 158 170 183 
21
9 15 18 22 52 55 77 94 103 122 123 136 
137 141 143 149 151 154 156 162 174 
20
14 35 40 53 78 82 86 87 108 124 128 142 
143 146 152 167 186 189 195 196 
27
3 7 20 39 43 54 55 57 72 81 92 93 
95 101 103 105 116 124 135 142 146 156 186 191 
196 197 200 
16
2 17 27 35 56 65 89 94 95 110 112 136 
143 144 177 189 
17
3 9 23 25 27 40 44 75 85 99 107 108 
143 160 164 193 200 
18
4 5 14 26 43 44 45 51 68 76 77 83 
106 132 137 154 163 200 
21
11 20 22 27 41 44 64 81 89 91 92 96 
106 130 147 150 152 154 156 179 183 
22
7 10 30 40 45 61 64 66 84 86 90 97 
101 128 141 142 154 156 165 170 184 186 
24
1 28 40 63 80 82 84 85 91 93 102 103 
110 117 119 122 129 131 155 158 176 180 196 200 
19
7 10 23 34 46 61 78 114 115 118 145 149 
150 155 158 159 186 196 199 
24
12 19 24 30 36 42 49 62 65 71 77 80 
87 102 107 109 113 119 132 139 142 178 184 197 
23
16 17 23 38 42 46 48 52 53 59 68 73 
113 116 130 131 132 148 167 172 173 188 192 
27
2 15 23 27 32 43 45 48 49 51 56 66 
68 88 95 114 121 123 128 135 146 168 184 186 
191 193 198 
19
54 66 81 82 86 92 94 96 101 112 119 140 
143 147 177 187 191 198 199 
16
4 20 24 38 43 65 73 94 114 131 147 159 
169 178 184 192 
24
15 38 48 54 63 74 85 91 103 111 119 121 
123 126 130 135 136 146 147 149 153 157 167 198 
22
7 13 21 31 33 48 57 77 91 94 97 98 
107 109 115 124 142 146 152 169 189 191 
27
4 12 18 20 38 40 47 49 59 68 78 80 
101 104 112 115 147 149 152 155 163 166 169 173 
183 192 199 
27
16 24 31 34 37 45 48 51 65 69 81 89 
96 103 104 108 118 139 142 151 152 158 175 178 
179 192 199 
29
20 37 41 43 48 50 51 53 57 58 66 68 
71 82 98 101 102 120 134 137 141 146 154 175 
176 181 184 187 188 
19
30 48 49 61 65 76 77 83 91 95 102 117 
122 124 135 142 148 149 160 
17
26 43 44 60 66 80 82 96 121 127 158 161 
168 170 179 185 188 
20
2 5 24 30 32 44 50 52 66 68 74 108 
121 153 157 165 172 175 184 199 
11
52 62 91 106 112 116 126 147 165 166 175 
26
3 32 35 36 38 48 49 59 66 73 79 83 
107 115 124 132 141 146 155 156 162 177 182 186 
188 189 
21
12 24 25 37 43 45 47 52 64 68 87 89 
96 100 113 133 142 174 177 186 187 
19
5 6 12 13 48 50 54 71 83 89 101 122 
137 150 153 154 168 175 199 
23
16 26 27 33 42 67 70 76 84 85 93 95 
100 104 107 148 161 173 176 191 193 194 196 
22
15 16 25 43 46 67 70 73 92 103 104 107 
113 126 131 143 147 154 159 160 164 188 
20
3 8 28 63 72 79 96 102 112 134 135 142 
146 148 180 182 184 189 198 200 
13
14 21 35 43 52 55 58 83 91 103 155 185 
193 
20
14 19 37 53 64 69 93 99 101 107 139 144 
157 159 165 173 182 188 192 198 
20
24 52 55 56 69 75 78 79 81 85 116 125 
143 161 163 172 185 187 189 199 
18
2 16 37 58 66 68 80 82 118 146 147 155 
157 169 176 177 179 188 
20
38 46 56 64 68 69 79 97 103 112 121 129 
134 145 154 166 174 183 194 198 
16
14 25 31 48 56 69 74 82 86 88 112 157 
160 183 187 189 
11
22 66 67 83 99 119 152 158 165 181 190 
23
12 15 23 28 29 32 35 44 54 65 79 83 
85 88 112 141 149 171 173 175 180 192 194 
11
10 21 60 75 76 82 121 122 132 154 184 
17
7 25 26 55 56 74 76 85 108 125 130 137 
149 161 165 180 200 
23
13 15 25 37 40 42 46 50 81 98 114 118 
127 139 142 153 157 169 176 178 180 192 197 
17
4 39 47 86 102 110 116 129 130 132 139 144 
146 153 176 183 199 
17
13 18 32 43 49 90 103 110 116 118 134 136 
158 159 161 169 173 
20
5 7 14 22 29 53 55 64 65 75 86 93 
118 140 150 175 176 178 179 196 
30
5 10 28 29 30 32 34 38 42 49 59 65 
66 67 69 84 85 91 99 110 113 123 149 164 
168 174 177 180 188 189 
18
2 3 7 32 39 65 70 75 89 105 112 114 
128 150 153 159 171 182 
27
25 28 32 33 36 41 52 58 67 72 76 90 
100 103 120 131 132 133 140 156 159 164 168 178 
195 198 199 
26
3 12 18 22 31 41 44 47 65 67 68 70 
73 79 82 95 102 123 128 150 152 171 180 191 
197 198 
19
11 14 23 34 41 46 58 59 68 69 73 90 
91 121 151 170 182 197 199 
6
67 103 123 128 141 144 
15
6 12 39 44 70 72 75 80 99 119 124 135 
148 153 165 
21
2 5 17 22 44 60 85 87 91 94 102 104 
105 117 132 151 166 170 173 178 192 
25
6 9 16 20 25 27 31 40 41 44 53 54 
67 68 70 90 93 97 118 130 142 150 163 173 
181 
15
4 11 16 25 48 63 71 72 84 92 121 126 
131 165 175 
14
9 14 24 25 29 40 44 49 70 95 111 127 
129 140 
27
6 8 10 25 29 44 46 49 53 54 59 60 
61 84 96 103 112 123 126 127 137 139 153 177 
192 199 200 
19
15 57 67 94 106 112 117 143 159 160 164 168 
169 172 179 186 189 195 200 
17
20 27 35 75 76 87 130 145 156 158 162 168 
180 181 184 190 197 
20
6 12 16 35 42 49 64 71 84 125 127 131 
146 154 160 166 179 188 195 196 
25
2 13 21 27 39 48 50 60 66 71 73 92 
97 119 129 130 151 159 161 166 167 171 173 181 
199 
22
3 5 40 41 52 56 58 79 84 94 98 109 
119 120 140 152 186 190 192 193 199 200 
23
5 6 8 11 13 35 36 39 47 56 70 71 
88 97 131 141 149 153 172 176 179 188 190 
20
17 22 32 37 40 56 66 70 73 83 100 108 
109 123 127 138 146 171 194 195 
19
24 42 44 46 65 84 87 100 108 123 133 154 
161 164 166 177 178 185 200 
23
6 7 10 21 42 46 66 79 83 95 96 111 
123 137 140 146 151 158 168 176 177 189 190 
10
29 32 45 92 95 113 126 138 156 183 
16
1 8 33 34 44 55 66 76 78 81 83 97 
103 151 186 194 
12
5 46 47 90 118 150 161 163 165 171 177 199 
26
16 20 21 34 38 42 44 48 55 56 59 69 
76 104 118 142 145 149 163 168 179 180 182 186 
195 198 
19
11 23 39 47 65 72 85 101 103 110 112 124 
128 129 144 168 173 179 199 
19
10 31 49 53 59 65 70 90 100 104 107 112 
118 121 123 159 191 193 195 
19
3 4 9 14 44 53 57 93 94 95 97 100 
134 137 147 148 161 172 175 
21
6 8 14 24 25 53 61 64 66 93 107 115 
128 132 144 150 154 161 170 174 198 
11
30 44 48 55 56 75 97 132 138 140 166 
22
1 21 33 44 61 79 80 85 88 89 113 126 
133 146 147 150 153 164 167 183 193 199 
20
19 56 62 65 68 70 79 102 112 126 144 151 
154 157 158 163 167 173 174 194 
18
45 53 54 59 62 65 69 79 90 93 99 109 
122 132 172 184 194 198 
13
9 10 16 28 35 46 64 67 90 130 152 157 
165 
18
26 29 31 36 56 71 80 89 119 129 133 154 
163 168 176 179 180 199 
19
7 17 30 31 35 58 60 61 102 112 113 121 
122 126 136 147 150 179 191 
21
1 7 17 22 26 30 33 34 45 81 93 95 
98 132 146 149 160 176 191 194 196 
25
16 30 41 43 57 75 79 81 83 88 94 107 
109 122 123 144 149 154 161 166 167 170 178 183 
196 
21
25 30 32 42 47 49 76 80 103 104 135 139 
148 155 169 174 181 182 196 198 200 
20
17 21 34 51 58 63 74 75 93 115 116 147 
148 154 158 159 172 176 188 199 
20
18 33 46 47 48 50 58 66 76 80 85 103 
104 109 134 167 171 172 177 185 
14
51 62 85 87 94 98 101 117 136 139 181 182 
186 187 
15
17 20 31 37 52 54 60 68 89 122 128 144 
157 170 177 
30
8 10 13 16 17 18 19 22 29 49 51 56 
57 61 66 79 95 109 117 124 156 160 165 174 
179 180 181 182 195 198 
21
2 3 11 16 35 44 52 62 76 111 112 114 
128 132 137 145 150 154 156 182 188 
17
1 23 46 67 87 98 104 122 125 133 141 148 
151 164 182 189 197 
25
4 9 34 35 39 41 51 58 76 80 82 86 
91 97 109 113 114 115 117 121 161 166 183 193 
198 
25
4 5 6 20 27 33 37 45 56 57 68 72 
79 83 87 100 102 103 110 138 139 142 161 164 
166 
13
6 23 37 52 59 113 129 146 173 175 179 181 
188 
16
7 26 34 39 51 55 102 112 136 149 160 161 
165 170 172 179 
20
12 19 20 28 36 46 74 82 95 111 120 134 
138 140 149 151 165 176 184 196 
19
21 26 31 42 58 66 81 103 110 131 148 152 
154 157 183 194 197 198 200 
23
6 14 16 22 43 52 53 59 61 72 73 88 
91 128 129 148 162 163 169 170 191 196 197 
26
7 14 15 27 32 34 46 49 51 53 59 66 
68 72 78 79 112 145 147 161 172 173 174 185 
188 190 
24
13 15 18 23 35 36 39 44 55 65 90 107 
113 120 125 149 151 157 158 168 170 174 194 199 
22
8 22 30 40 43 48 56 91 96 110 115 128 
129 134 141 155 174 176 183 188 189 195 
16
2 8 9 20 24 43 62 92 99 111 112 128 
134 138 144 175 
18
3 33 42 47 51 52 71 79 82 89 94 109 
139 157 163 165 171 199 
16
6 20 23 30 64 71 83 126 128 147 150 153 
162 166 188 193 
20
38 50 69 77 87 92 96 101 103 108 110 128 
130 145 148 155 170 186 189 194 
33
9 11 16 22 36 42 45 63 73 76 85 89 
92 95 101 102 107 112 114 116 120 126 128 130 
141 150 157 160 187 189 192 194 198 
20
6 50 56 63 68 69 73 76 83 85 94 108 
134 149 169 171 172 179 181 200 
22
10 16 26 29 51 66 70 83 84 94 100 118 
119 122 126 149 151 160 161 172 186 190 
22
3 19 33 37 49 67 74 76 79 86 87 103 
109 116 137 150 151 153 163 169 176 192 
16
3 4 23 34 43 47 70 92 127 130 135 139 
147 169 194 199 
12
7 32 83 94 110 117 135 140 150 158 162 164 
22
8 14 36 48 60 62 77 79 87 94 97 106 
111 124 126 129 139 153 156 169 178 195 
19
3 6 14 16 23 30 32 49 50 64 76 99 
132 153 162 172 175 181 194 
32
8 13 25 27 32 52 53 55 68 73 84 89 
92 95 97 99 115 119 121 122 124 129 139 149 
155 159 181 185 186 188 197 198 
16
16 18 45 56 66 67 78 95 109 116 136 150 
156 162 182 190 
23
9 14 33 36 37 56 69 90 93 117 122 127 
129 137 153 159 161 165 175 176 178 196 200 
19
34 65 78 84 92 98 103 116 141 142 144 150 
157 160 167 169 175 182 197 
25
6 7 9 15 19 29 37 46 48 49 52 72 
80 103 109 116 120 141 154 158 159 166 172 177 
187 
15
15 48 54 83 86 94 98 127 128 135 143 149 
155 160 179 
19
10 19 39 44 52 54 72 76 92 103 111 119 
123 124 127 128 188 190 193 
25
1 32 33 39 50 55 58 59 60 65 68 70 
71 78 98 107 130 132 144 150 156 159 162 166 
195 
25
2 15 22 25 27 34 45 49 61 68 70 75 
78 83 91 92 93 100 112 113 123 127 129 149 
167 
19
9 22 34 53 60 106 117 127 135 143 150 153 
161 165 175 177 186 191 196 
24
5 6 7 22 26 42 46 48 51 75 88 96 
98 102 106 120 131 132 149 174 178 180 190 200 
26
8 14 19 21 25 30 33 34 42 50 53 66 
79 88 109 132 139 141 154 156 164 168 182 185 
192 193 
23
7 9 10 12 18 22 46 59 78 84 94 95 
97 99 102 104 105 135 149 152 158 182 186 
22
1 10 16 17 21 25 47 62 69 86 92 102 
105 138 148 156 159 168 175 194 195 198 
13
10 14 19 20 47 54 98 155 169 186 187 195 
198 
25
15 24 35 36 43 45 55 58 59 78 80 81 
83 92 96 103 124 125 136 163 171 174 192 196 
197 
29
3 4 25 41 48 56 57 62 63 67 70 77 
88 101 105 110 111 114 124 125 136 139 146 150 
151 153 161 176 182 
15
18 26 27 43 66 90 93 95 101 120 124 142 
172 174 193 
20
12 70 71 81 87 88 108 116 120 122 130 132 
139 142 143 152 167 171 180 193 
23
6 19 22 23 33 60 63 67 77 94 99 100 
105 108 113 114 115 118 139 149 169 173 197 
28
2 9 22 35 37 55 58 63 64 73 87 91 
109 110 119 121 123 132 135 137 139 150 154 156 
159 160 175 194 
18
20 23 26 27 49 51 106 114 148 151 163 171 
175 176 181 185 192 199 
20
15 21 29 32 37 46 59 61 65 76 84 87 
112 123 128 134 169 170 181 183 
28
4 25 32 35 38 42 51 52 63 70 77 80 
84 95 98 108 124 127 129 132 135 145 151 153 
158 162 172 177 
33
1 6 12 13 17 26 37 44 48 59 60 68 
104 115 117 124 126 130 131 132 138 141 149 152 
173 174 175 176 182 191 192 193 197 
23
2 4 28 29 37 52 56 57 64 72 109 113 
116 131 139 147 156 171 179 182 184 185 197 
15
15 22 29 35 42 55 91 105 163 164 165 169 
179 181 194 
22
13 21 23 32 33 45 54 73 84 100 115 121 
122 130 135 151 158 180 185 187 195 196 
17
19 20 33 55 82 102 105 113 116 121 136 144 
148 167 172 173 190 
20
3 33 36 57 72 91 94 96 107 110 114 121 
160 163 165 170 171 172 181 194 
25
7 21 34 37 47 48 53 62 72 75 80 85 
105 108 110 121 130 132 134 138 166 172 181 195 
196 
22
1 7 16 31 32 39 40 43 57 61 102 115 
127 136 140 143 145 150 156 173 187 192 
18
10 14 26 39 40 44 58 64 78 87 96 112 
131 141 176 178 186 188 
16
1 16 65 68 98 105 109 111 120 131 132 133 
152 153 173 197 
30
7 9 13 27 35 40 47 63 67 73 80 86 
92 93 98 100 102 103 109 120 122 124 127 132 
140 142 148 158 165 181 
22
6 8 10 24 29 41 48 55 61 81 92 106 
107 115 134 138 153 155 163 166 172 195 
24
14 25 57 61 68 70 83 85 86 90 93 104 
121 138 144 156 167 174 177 178 184 187 190 195 
13
2 36 39 53 84 107 127 132 134 137 172 182 
200 
15
1 3 18 28 34 36 66 87 124 141 151 152 
168 174 189 
18
13 25 65 66 82 91 112 117 127 130 141 144 
148 171 173 174 184 199 
26
7 11 13 29 36 38 46 54 72 77 81 93 
102 107 109 111 112 128 145 146 159 164 169 170 
181 189 
27
22 25 26 28 29 40 60 69 70 71 78 85 
86 107 109 113 137 139 141 148 152 154 156 177 
183 186 191 
21
2 15 23 33 42 44 50 62 63 64 72 81 
84 90 91 99 114 130 140 159 199 
20
4 28 43 54 66 73 77 79 80 89 90 92 
127 147 152 159 171 177 181 187 
21
7 12 14 27 36 39 54 61 62 86 89 90 
99 105 116 137 156 168 182 193 195 
25
27 28 31 34 43 67 73 77 82 85 89 94 
117 126 127 166 171 173 174 180 188 190 193 194 
199 
20
12 42 45 52 54 56 83 93 106 107 121 135 
137 139 151 166 172 175 189 197 
27
10 12 28 33 35 37 39 41 51 60 73 97 
101 103 107 112 118 120 135 141 145 164 167 182 
186 191 194 
23
2 7 19 23 26 37 38 46 53 73 76 77 
78 88 112 136 145 148 166 169 170 171 198 
16
7 8 26 48 69 72 84 102 103 139 141 142 
145 151 175 187 
18
30 31 52 66 85 97 98 104 115 122 127 129 
131 141 146 163 177 188 
29
2 11 16 18 20 30 44 57 58 71 77 86 
95 98 119 124 126 129 139 145 149 152 174 178 
183 185 189 193 199 
20
46 52 54 58 62 88 92 94 98 104 118 130 
136 142 143 169 173 176 191 200 
18
5 7 16 18 36 42 73 95 101 119 137 138 
152 163 172 190 194 196 
19
25 46 48 53 69 83 86 88 99 105 129 139 
151 155 163 165 184 187 195 
13
7 38 51 57 84 112 113 131 132 169 173 191 
198 
19
12 14 19 20 21 35 46 55 67 73 83 92 
96 118 142 153 172 180 188 
24
9 14 22 27 49 68 77 86 96 118 119 121 
131 144 147 150 152 157 171 177 182 190 192 195 
17
17 24 37 39 65 72 85 108 116 119 122 159 
167 176 181 185 188 
22
2 16 23 38 57 58 67 77 83 87 88 105 
112 114 128 130 133 142 145 149 169 191 
14
4 8 13 46 64 88 109 110 111 120 133 170 
177 180 
26
15 20 31 33 35 37 47 50 52 54 62 74 
82 89 91 121 127 133 136 139 141 152 161 173 
185 196 
24
8 25 28 32 34 36 43 55 57 64 67 72 
75 108 124 137 146 150 167 171 178 181 188 193 
19
8 20 22 56 77 79 85 95 98 100 104 114 
137 140 164 171 178 187 194 
25
4 8 12 15 21 41 48 50 53 61 65 66 
78 85 99 100 107 121 122 125 139 149 160 181 
193 
26
3 13 18 20 23 29 38 40 44 51 64 72 
75 85 92 102 130 133 135 136 160 171 173 183 
190 196 
26
3 10 14 31 32 38 43 51 71 73 80 97 
100 102 107 116 123 124 125 135 139 152 170 180 
182 196 
24
3 5 12 13 17 28 30 42 45 51 54 65 
71 72 93 98 105 113 120 122 148 165 171 190 
16
18 22 43 62 64 75 77 82 111 121 127 173 
175 188 190 192 
16
5 9 29 38 60 77 88 98 108 121 144 150 
163 168 178 193 
27
1 15 16 22 26 33 36 40 46 49 57 60 
62 83 87 93 107 122 126 132 151 153 163 167 
168 175 183 
15
13 16 19 25 33 37 44 65 84 87 121 144 
156 174 194 
20
10 12 25 29 33 60 64 68 75 76 95 106 
110 120 129 135 153 155 157 194 
23
6 32 53 54 55 61 62 79 81 83 95 100 
106 122 125 126 140 146 150 165 180 181 200 
17
2 26 62 67 78 94 115 129 136 141 146 183 
185 189 193 196 198 
17
9 20 31 38 40 43 47 73 81 124 129 156 
160 175 178 186 192 
22
7 9 13 16 19 29 38 44 63 71 75 81 
87 90 107 108 119 132 147 154 187 200 
22
13 22 25 27 31 35 49 52 55 60 68 70 
112 132 134 135 143 164 168 174 175 184 
28
3 5 9 15 27 28 45 48 52 80 84 97 
98 105 110 115 116 119 128 152 159 161 163 167 
170 171 178 187 
16
3 8 20 61 68 70 77 78 86 108 115 123 
156 166 174 183 
18
5 15 20 68 120 122 124 129 130 143 149 157 
158 171 182 183 184 191 
22
2 16 23 31 40 41 45 46 51 95 109 114 
119 120 137 139 144 149 151 170 172 191 
19
6 11 29 44 48 54 66 74 77 79 94 112 
128 135 153 174 179 183 197 
16
7 32 33 35 42 74 81 105 119 142 143 152 
155 160 174 198 
19
4 5 10 13 35 51 57 63 89 92 94 102 
103 116 147 163 164 175 197 
16
42 43 83 85 91 96 97 104 106 107 110 122 
150 152 166 172 
23
7 19 23 24 28 41 51 52 58 74 86 92 
96 102 106 107 122 125 131 132 148 158 192 
16
5 9 12 14 17 22 33 35 86 94 110 115 
132 135 150 200 
14
11 17 32 49 51 57 58 59 76 89 98 110 
176 189 
17
1 29 66 70 76 89 98 119 121 129 139 149 
164 180 182 186 199 
16
6 24 26 48 55 109 126 132 148 149 154 161 
163 164 166 170 
24
22 28 29 36 44 46 48 77 86 89 95 105 
119 124 126 131 132 164 168 169 171 178 187 193 
18
20 28 33 45 52 61 65 80 81 86 105 114 
132 143 145 146 161 185 
19
13 36 37 46 51 53 60 71 74 75 104 124 
127 136 140 153 156 164 189 
20
18 22 28 30 43 48 54 63 64 65 100 104 
128 133 134 139 145 159 170 176 
18
6 10 32 43 50 81 92 101 114 119 122 126 
137 158 163 169 188 197 
21
1 4 10 29 38 48 61 64 75 116 117 120 
133 140 145 148 150 155 164 186 195 
20
15 21 29 30 32 54 58 61 63 75 80 104 
108 109 113 117 124 125 159 161 
19
11 25 47 53 91 106 107 108 113 124 130 134 
140 152 164 181 186 192 198 
20
3 28 30 31 40 56 76 88 104 105 113 117 
119 140 142 153 155 163 188 197 
21
15 27 35 39 53 55 60 64 80 90 103 119 
125 134 139 149 166 172 187 188 195 
17
11 42 47 54 57 71 82 87 89 99 110 120 
123 142 158 187 193 
9
12 63 129 136 142 144 166 188 198 
26
2 11 12 29 35 36 38 47 66 94 95 105 
110 111 127 132 141 148 153 155 158 164 174 176 
180 196 
20
33 50 53 54 81 92 106 111 115 119 121 142 
151 163 164 169 176 187 195 200 
19
2 17 38 66 70 84 91 93 94 108 131 140 
159 172 180 183 192 194 200 
18
17 42 61 71 92 98 102 104 110 111 113 114 
124 129 149 160 168 174 
17
7 13 26 32 54 56 64 73 105 136 137 151 
160 181 188 196 198 
13
6 43 52 55 93 97 109 130 137 143 147 160 
168 
25
2 4 9 29 31 66 74 81 88 92 95 102 
105 107 117 118 120 123 124 125 126 130 158 165 
174 
18
13 28 42 61 63 72 86 99 122 127 132 150 
154 158 165 166 194 197 
23
1 2 14 57 75 80 81 88 89 93 96 101 
109 112 118 131 135 144 156 163 166 170 171 
16
26 34 73 76 83 96 114 119 120 147 158 166 
169 175 196 198 
18
4 5 8 27 48 50 74 75 95 106 119 133 
151 153 163 170 176 180 
18
3 10 20 23 43 61 78 105 106 115 122 132 
137 143 149 152 159 179 
17
6 10 15 24 27 35 60 73 106 124 128 130 
135 138 144 172 177 
27
1 13 14 19 64 67 76 80 86 87 94 95 
107 108 111 122 130 145 148 149 150 156 162 170 
172 191 195 
14
13 41 47 57 62 64 68 92 94 152 170 173 
188 194 
12
6 27 52 69 79 103 121 127 138 145 163 183 
20
14 16 32 37 41 50 71 72 83 95 97 102 
128 142 155 168 175 183 186 194 
20
14 20 21 28 60 63 76 100 113 118 140 157 
159 163 164 173 179 187 189 195 
22
3 4 15 16 42 46 70 75 82 83 96 98 
109 121 123 128 135 151 161 169 187 191 
28
16 18 25 28 29 35 37 41 42 63 64 68 
73 81 85 88 93 105 120 130 137 143 152 158 
164 178 192 200 
15
7 35 51 58 73 89 111 120 129 154 165 168 
174 176 182 
23
6 14 26 47 54 61 69 87 88 102 108 114 
117 123 130 133 152 160 172 178 184 190 200 
18
4 7 27 41 74 75 80 99 118 122 133 146 
154 159 172 181 184 196 
17
1 8 19 21 40 50 62 73 94 104 106 137 
149 168 184 193 197 
24
8 28 32 33 44 53 58 66 69 97 137 138 
142 144 146 148 151 166 167 178 179 183 190 193 
24
14 30 34 46 51 52 64 66 69 78 91 92 
103 110 134 139 144 146 147 149 166 176 181 193 
24
29 35 40 43 50 61 68 80 83 93 102 111 
114 116 126 130 136 144 152 161 169 188 189 191 
17
4 30 42 49 54 76 88 100 109 132 133 144 
147 155 183 199 200 
19
19 30 38 47 53 57 59 61 109 115 116 117 
129 134 151 171 172 182 189 
19
40 41 45 46 47 60 83 85 97 100 105 148 
155 159 161 165 190 194 199 
23
2 19 39 54 68 71 85 88 92 98 99 104 
106 109 116 121 127 128 132 155 158 163 182 
19
3 20 25 48 62 74 94 95 104 115 132 141 
142 151 166 173 177 191 197 
28
6 16 26 27 32 33 36 41 45 49 51 55 
61 71 79 91 98 105 106 111 117 127 139 154 
157 168 195 196 
16
28 39 46 52 55 58 63 72 97 119 134 149 
171 185 187 190 
21
20 25 50 52 58 84 89 100 103 111 112 123 
124 131 134 138 153 163 172 181 191 
26
14 19 22 45 47 48 74 77 84 85 90 95 
110 111 114 120 129 136 140 149 171 182 187 188 
190 192 
16
11 35 63 74 88 100 126 130 139 145 147 153 
154 167 183 184 
19
2 22 51 68 71 73 74 83 84 91 94 100 
107 125 147 157 159 163 168 
23
11 19 36 39 40 43 48 52 59 62 66 68 
82 110 119 138 146 153 175 177 181 189 194 
21
2 24 45 64 77 89 93 100 105 117 122 129 
131 136 137 149 155 158 166 170 199 
17
4 11 20 37 49 65 72 95 108 111 115 122 
132 141 161 168 180 
26
15 16 20 42 45 57 58 60 66 73 77 83 
100 107 108 110 115 118 124 130 134 136 153 161 
180 181 
21
8 19 21 28 32 54 61 78 80 105 108 111 
113 136 142 145 164 166 173 175 185 
12
3 9 19 61 63 64 75 78 126 130 148 163 
24
3 27 29 34 51 67 75 87 105 111 116 121 
127 140 145 148 150 153 155 162 168 176 190 200 
11
3 20 33 35 73 79 91 148 149 164 179 
22
17 19 20 28 30 37 41 61 78 82 93 108 
123 130 135 141 144 145 158 168 170 185 
18
2 3 19 29 32 34 56 71 77 89 104 137 
151 155 158 191 194 199 
19
12 13 15 18 41 44 47 59 87 118 125 137 
139 150 153 163 172 180 192 
15
22 26 35 36 40 45 76 88 95 127 129 158 
185 195 197 
17
8 18 41 46 50 56 90 99 103 133 135 136 
145 150 162 195 200 
18
8 28 37 41 44 55 64 84 92 98 120 123 
132 154 157 178 181 192 
26
8 15 23 38 74 76 80 86 104 105 113 114 
115 120 123 129 133 135 141 142 147 156 163 166 
169 177 
23
11 14 41 55 63 65 100 103 108 114 124 136 
139 141 144 146 157 171 186 191 194 195 198 
17
2 7 11 43 68 72 73 98 99 110 123 132 
149 151 180 184 197 
25
4 24 26 31 35 39 41 53 64 79 87 91 
92 98 106 115 158 173 176 182 183 184 190 193 
196 
10
6 22 111 122 138 147 176 189 198 200 
19
7 33 38 50 57 66 70 79 103 107 110 112 
127 132 167 175 185 198 200 
19
7 13 14 26 35 47 53 63 74 75 78 88 
115 149 157 178 181 183 199 
20
18 32 55 59 64 66 70 72 76 77 93 95 
103 104 114 115 124 149 174 183 
26
17 19 21 36 40 42 43 45 51 61 65 75 
84 89 125 129 139 140 142 148 149 161 164 169 
173 191 
16
23 37 59 71 72 76 78 85 113 134 149 152 
154 156 169 196 
13
45 48 49 57 60 65 78 85 101 118 135 141 
175 
24
15 28 29 43 44 49 51 53 56 57 59 64 
67 91 92 95 97 113 117 141 150 162 179 185 
19
9 13 21 34 35 44 50 58 65 77 93 106 
111 136 156 158 161 168 179 
20
3 8 51 64 73 76 80 83 90 94 105 112 
117 134 136 151 155 173 175 198 
20
27 44 45 50 52 60 64 69 77 79 111 125 
133 134 152 162 163 164 179 192 
21
1 2 19 21 39 50 58 86 101 110 111 129 
148 156 158 160 161 168 171 186 188 
19
3 5 6 23 24 30 31 84 91 95 100 106 
150 151 158 168 183 189 199 
18
7 14 23 37 46 65 74 80 82 103 105 127 
133 143 151 173 185 199 
18
11 29 35 38 70 71 85 99 121 131 137 149 
150 152 166 180 194 198 
15
1 5 23 41 52 99 102 107 123 129 139 148 
179 182 189 
22
5 7 13 15 34 59 63 74 85 112 120 135 
136 138 149 156 161 164 178 191 194 195 
13
28 31 33 39 51 52 79 116 134 142 167 192 
195 
21
6 9 29 32 39 43 66 78 79 102 106 113 
116 127 130 135 149 163 178 198 199 
20
2 3 33 47 62 68 78 79 94 99 107 118 
126 128 140 149 151 155 168 197 
19
10 20 22 25 28 34 50 71 82 95 103 111 
117 131 142 148 155 168 194 
16
1 3 9 21 36 47 77 91 108 110 122 124 
163 181 189 196 
14
20 30 43 52 81 106 109 114 132 145 152 174 
185 186 
14
2 14 15 33 44 47 52 81 89 95 140 144 
162 178 
25
4 26 27 28 34 39 40 42 69 76 82 84 
95 109 136 140 141 142 149 159 168 192 193 198 
199 
22
20 22 23 27 28 52 59 66 104 106 112 116 
117 118 120 127 142 150 163 168 196 199 
19
13 19 20 25 26 40 63 67 71 95 96 116 
121 132 139 145 161 174 198 
17
27 34 36 41 55 56 66 79 83 114 118 127 
157 168 172 181 195 
18
8 19 45 55 69 77 82 88 89 90 93 106 
110 119 128 131 139 151 
22
17 35 36 37 40 51 53 54 62 72 82 92 
107 112 123 130 134 140 154 157 166 168 
17
7 25 34 44 46 59 77 95 119 120 121 123 
140 150 153 170 200 
18
4 6 40 53 55 77 87 89 92 109 110 116 
125 139 144 159 160 192 
11
19 36 71 86 115 124 127 164 174 178 196 
22
3 12 21 39 45 46 68 74 78 87 99 100 
101 114 121 124 145 154 180 186 191 192 
24
1 10 11 26 51 53 54 61 62 64 73 83 
93 107 117 125 127 134 155 156 158 165 174 176 
22
9 12 14 17 22 45 74 78 85 87 101 102 
106 119 122 123 124 130 148 156 175 181 
12
7 15 34 41 82 95 107 112 120 145 154 196 
19
1 22 26 46 54 77 89 105 118 138 146 153 
156 165 168 170 174 178 188 
21
11 14 17 41 48 57 59 62 63 65 76 77 
81 122 129 147 164 178 179 195 200 
25
8 14 17 29 30 35 66 68 70 72 76 79 
84 86 88 92 101 108 114 123 131 150 180 185 
187 
16
7 15 24 27 44 64 81 83 96 101 132 153 
163 164 184 190 
18
6 17 26 37 51 55 65 67 81 86 123 164 
169 175 179 180 192 195 
13
5 9 22 24 29 38 77 119 131 138 144 171 
184 
13
5 9 29 31 53 83 97 113 157 193 194 198 
199 
14
2 11 19 31 45 51 82 105 147 163 164 181 
186 195 
23
5 12 34 51 69 74 87 88 107 111 112 142 
143 145 150 163 169 173 177 178 183 184 189 
15
20 25 36 60 65 82 111 115 136 150 154 165 
169 177 200 
19
11 28 63 70 81 85 106 107 120 145 146 154 
163 164 169 171 172 186 198 
16
12 13 31 33 49 61 106 111 113 140 141 144 
159 167 171 188 
23
2 4 14 15 36 38 44 50 66 72 77 79 
95 117 123 136 146 148 152 161 165 170 175 
22
1 2 27 39 44 66 73 76 95 105 106 108 
110 126 131 138 141 170 176 179 187 196 
18
35 51 53 59 60 65 91 96 106 116 117 121 
138 157 159 177 184 199 
16
15 33 56 60 113 131 133 135 138 139 154 157 
164 167 179 191 
15
27 39 46 53 57 90 97 100 114 132 134 143 
160 164 191 
19
5 20 23 28 50 78 82 110 119 123 124 128 
130 132 143 146 151 177 180 
22
9 11 14 33 53 54 65 67 68 72 73 94 
105 118 124 130 141 144 162 167 172 194 
19
35 36 38 39 44 62 66 99 110 113 115 135 
140 151 157 163 177 193 196 
21
29 52 67 68 72 73 76 79 95 103 108 119 
153 154 157 162 168 176 184 187 190 
19
7 16 17 20 27 33 50 87 91 109 111 116 
126 142 153 157 161 184 193 
11
4 45 53 58 86 107 111 123 136 140 185 
9
4 19 70 86 109 113 162 168 176 
18
1 7 13 47 61 76 96 102 114 115 116 124 
138 147 148 171 191 199 
19
16 38 66 71 88 92 97 102 109 113 125 134 
135 138 146 151 156 168 178 
15
1 20 55 71 79 85 101 135 142 166 175 179 
185 197 198 
19
7 9 28 35 46 53 89 96 97 106 113 126 
127 132 133 141 148 177 194 
23
5 7 12 16 28 29 50 51 56 68 121 126 
133 145 149 151 157 158 167 173 181 189 190 
13
5 14 17 30 82 89 97 130 144 148 164 180 
200 
27
8 11 18 20 25 37 40 47 49 50 52 63 
65 74 78 99 118 125 130 133 135 152 171 176 
178 193 194 
23
2 4 5 7 24 27 56 61 65 82 91 93 
94 104 115 141 144 154 158 162 165 181 189 
23
1 11 16 18 26 53 67 77 94 106 110 115 
116 126 129 144 149 157 167 168 175 178 195 
16
2 12 43 48 62 69 77 96 109 114 132 144 
163 166 171 199 
23
11 17 18 45 46 64 65 66 80 83 88 103 
111 113 116 117 149 159 162 173 174 181 186 
22
1 18 26 37 46 64 72 78 83 101 107 110 
112 121 128 142 150 173 175 182 183 194 
17
9 19 34 46 55 78 81 94 110 119 126 141 
151 158 184 193 197 
21
8 12 36 39 44 50 52 64 69 71 77 85 
105 112 137 141 161 169 173 189 198 
28
4 9 16 20 24 30 34 35 40 42 43 53 
62 74 76 77 86 95 125 127 131 158 160 165 
166 175 185 195 
16
8 15 31 43 46 47 62 77 100 119 150 152 
177 184 192 200 
24
1 6 17 22 35 39 45 49 61 91 97 110 
113 132 134 143 150 166 167 169 175 179 193 195 
17
15 41 48 53 54 75 85 91 98 100 112 140 
156 161 184 195 196 
21
7 9 12 46 61 79 87 89 98 101 109 110 
127 155 158 163 165 167 177 185 200 
20
11 24 34 38 55 64 72 90 96 119 125 163 
171 178 180 185 188 189 190 196 
26
2 9 14 40 44 48 57 58 65 88 90 103 
104 125 135 138 139 145 157 164 165 168 177 179 
180 181 
17
1 10 11 12 21 46 48 51 56 63 101 116 
128 152 174 190 200 
19
10 20 21 39 43 56 64 66 80 84 101 116 
131 147 151 171 177 186 188 
23
10 15 33 50 61 62 66 73 78 86 87 93 
99 101 123 137 154 155 160 183 188 190 198 
16
4 29 32 36 40 51 64 74 95 106 114 134 
158 184 185 195 
19
1 10 15 22 25 51 84 89 91 117 119 120 
132 136 138 140 142 156 195 
22
10 15 19 31 61 72 79 93 98 100 107 117 
148 151 159 161 171 177 183 185 186 195 
16
8 11 26 31 65 71 72 74 88 90 137 151 
160 166 185 189 
23
7 27 28 34 44 55 57 70 90 102 104 111 
116 129 134 146 164 168 180 181 189 192 197 
18
4 11 16 38 76 81 109 118 141 145 162 165 
171 174 175 177 193 198 
18
37 48 53 100 105 115 135 138 141 145 152 162 
166 170 180 181 187 198 
20
16 17 22 48 49 52 59 64 95 96 112 115 
141 143 151 157 179 190 191 196 
21
1 15 20 27 41 52 65 67 68 79 80 100 
104 105 114 131 133 155 157 175 181 
21
4 8 13 15 31 42 51 58 59 63 68 71 
72 85 100 108 114 128 143 193 196 
14
1 8 19 23 29 46 47 127 129 152 153 155 
156 164 
15
13 38 39 45 49 64 67 68 94 103 116 120 
136 162 176 
23
3 9 19 26 37 44 62 66 75 85 90 100 
105 126 135 156 167 174 179 180 181 192 195 
17
4 14 16 29 35 38 44 57 74 104 119 138 
144 165 168 184 199 
20
5 14 25 35 38 44 74 82 83 87 93 94 
99 102 110 134 146 155 168 175 
25
1 14 29 31 34 39 40 42 47 52 53 63 
65 68 72 90 128 137 138 141 149 155 167 172 
187 
22
8 17 23 29 33 45 47 55 59 86 91 94 
114 128 130 138 153 167 179 182 192 193 
16
32 33 81 83 85 96 102 107 111 122 152 157 
161 170 191 197 
15
6 39 77 101 111 115 127 128 133 137 158 161 
162 163 200 
14
4 16 22 66 77 82 85 89 90 103 135 158 
165 178 
19
25 37 43 57 75 93 94 106 123 133 135 149 
157 159 173 178 186 188 199 
30
6 11 16 20 21 34 43 54 59 62 65 69 
75 76 90 93 96 111 118 119 124 125 143 146 
148 163 177 183 185 187 
24
6 9 10 11 29 30 34 41 56 67 69 75 
81 85 88 104 124 127 134 139 144 155 169 193 
22
1 49 62 67 71 73 80 112 113 118 121 125 
137 156 159 170 174 177 180 182 188 190 
24
4 23 27 28 35 37 51 53 56 101 109 114 
121 135 148 165 168 173 178 185 186 192 193 196 
21
7 9 12 18 22 68 91 101 109 111 132 146 
147 148 154 157 161 172 182 184 188 
30
1 7 8 9 11 15 28 38 39 49 57 58 
63 70 79 106 116 117 119 129 140 147 150 165 
167 170 190 193 196 197 
12
25 27 31 42 82 83 86 119 131 137 161 165 
15
22 29 72 75 85 88 98 111 121 122 132 136 
143 167 177 
24
4 12 15 18 20 23 38 44 56 83 89 96 
102 104 107 117 120 154 172 177 183 185 187 194 
27
9 23 25 37 65 71 73 76 80 84 85 90 
102 114 117 122 140 151 153 154 173 175 178 180 
190 196 197 
9
9 37 46 54 77 83 93 140 198 
20
7 10 13 17 19 30 35 51 52 65 67 88 
107 117 121 142 148 164 194 199 
18
16 25 45 48 74 81 87 108 119 124 138 159 
167 171 172 194 197 199 
17
17 42 45 47 72 91 102 122 125 127 131 134 
146 170 171 181 193 
22
2 5 8 11 21 25 29 36 48 52 63 101 
111 112 113 114 121 140 143 144 171 198 
18
9 28 38 39 85 87 90 101 107 138 152 159 
178 179 183 184 187 197 
21
2 3 6 25 36 37 40 44 56 61 65 66 
71 84 120 126 141 169 190 194 198 
18
15 23 27 37 39 54 60 99 112 118 130 132 
137 142 164 172 186 198 
25
2 9 19 20 34 35 36 51 63 74 81 82 
83 107 126 127 138 143 151 161 170 171 179 184 
185 
15
8 19 22 28 32 35 45 62 80 92 129 136 
139 150 192 
34
4 6 11 14 15 19 21 22 29 37 40 41 
42 63 64 65 67 71 76 81 86 102 113 122 
123 132 137 139 160 173 181 183 185 200 
23
9 38 46 71 72 78 79 82 84 93 99 116 
117 139 146 148 150 155 164 165 170 180 184 
22
5 30 32 41 52 68 71 76 84 92 99 106 
121 138 146 161 175 180 183 193 194 196 
23
3 4 13 14 18 19 38 40 47 54 55 57 
73 77 114 122 123 134 150 164 178 187 190 
13
2 7 8 36 50 63 89 101 120 142 163 173 
190 
26
9 25 30 36 51 58 63 69 72 79 87 95 
99 101 105 106 128 139 143 146 147 162 166 181 
182 195 
25
5 6 14 17 19 26 30 41 43 45 67 79 
98 116 127 135 145 152 159 165 173 176 184 193 
195 
19
17 33 39 51 66 73 81 84 86 91 106 110 
111 138 162 163 176 181 197 
22
15 58 70 75 82 83 84 85 92 106 118 126 
131 133 134 137 148 163 167 171 180 184 
14
22 31 39 45 46 59 68 87 102 105 134 146 
158 172 
18
9 18 20 28 53 71 89 101 134 139 141 148 
149 167 171 172 177 193 
28
1 12 13 22 28 32 50 51 63 66 68 69 
72 79 84 100 107 114 119 126 131 132 150 155 
158 171 190 195 
22
10 11 12 23 44 68 70 73 77 94 117 125 
130 136 142 157 164 167 169 173 176 191 
19
13 24 36 59 66 75 87 88 90 100 110 117 
125 157 162 180 185 192 195 
26
3 5 6 18 22 31 49 52 57 61 66 67 
77 93 102 103 104 116 117 129 138 154 157 158 
170 194 
21
7 15 19 22 39 40 43 73 80 94 102 109 
110 117 125 149 152 168 194 195 196 
24
14 28 34 37 50 68 83 94 96 106 118 123 
125 129 142 143 144 145 148 155 165 175 182 192 
13
5 51 55 73 93 109 110 131 160 174 177 182 
195 
22
9 10 27 34 36 57 59 72 84 85 89 96 
97 115 116 119 129 167 183 186 187 197 
20
3 7 9 10 27 33 35 44 60 74 76 83 
89 96 115 125 160 163 164 170 
20
9 10 17 47 86 88 92 94 118 122 123 125 
143 149 155 160 161 163 168 185 
14
19 39 69 72 100 118 129 138 139 144 162 173 
188 199 
18
11 13 16 24 28 31 35 53 74 94 95 115 
119 120 132 141 151 199 
13
16 31 38 45 47 55 104 122 129 155 174 183 
198 
24
2 6 26 28 30 36 38 41 50 64 79 80 
115 133 134 136 147 150 155 170 179 198 199 200 
15
45 50 61 73 86 107 109 118 123 133 166 169 
171 184 190 
19
9 20 21 47 48 67 75 76 101 108 109 123 
126 128 133 159 164 191 195 
23
2 6 8 10 29 37 42 51 58 62 66 76 
79 91 100 101 110 124 128 133 159 187 191 
13
8 17 18 29 39 57 83 86 116 122 174 181 
198 
24
1 6 19 25 26 35 48 56 62 64 75 77 
82 101 106 114 130 144 149 150 175 178 190 191 
21
1 8 13 14 16 32 50 53 54 60 77 81 
95 128 137 155 160 161 169 183 198 
24
5 13 17 35 37 38 55 63 69 88 111 112 
118 128 140 155 157 177 183 184 185 186 198 200 
16
1 5 23 71 76 85 88 101 103 105 116 125 
139 154 175 182 
16
2 14 24 29 60 66 81 83 85 103 111 137 
146 155 163 199 
14
39 66 72 85 92 95 118 134 137 139 140 145 
187 193 
29
2 13 17 20 21 30 34 47 53 56 59 60 
67 68 69 95 96 101 124 127 129 142 146 151 
156 157 162 171 178 
14
7 12 28 47 63 79 105 112 125 141 161 167 
175 190 
16
7 8 11 25 40 54 60 67 68 77 94 147 
159 175 180 197 
18
7 17 28 30 33 46 49 58 75 84 85 94 
96 112 123 148 150 180 
23
6 17 24 25 27 33 38 41 54 57 60 68 
76 88 94 105 121 124 138 143 174 179 199 
17
16 52 74 79 80 116 128 138 141 143 156 163 
164 167 172 179 184 
25
6 13 34 40 50 51 57 64 68 95 99 100 
106 118 119 123 135 137 140 155 157 160 174 187 
193 
18
22 30 38 40 51 52 62 81 83 85 106 124 
135 147 161 179 183 185 
20
19 46 59 62 67 78 82 94 99 108 110 116 
124 139 141 164 167 173 176 180 
11
5 36 66 70 77 81 84 115 146 151 187 
24
13 27 36 54 56 69 73 89 103 105 107 108 
129 154 158 160 165 166 173 174 178 180 191 193 
20
11 23 39 40 60 63 66 84 118 133 138 140 
145 150 156 165 170 187 193 197 
18
8 20 22 27 30 31 35 40 59 64 77 84 
113 115 133 143 181 192 
27
2 9 21 22 42 60 72 84 86 87 88 96 
97 99 101 103 119 131 133 135 138 139 147 148 
157 158 194 
18
7 10 11 13 19 31 44 49 52 73 98 103 
127 152 158 174 192 198 
20
5 10 15 20 24 33 54 69 100 111 121 135 
140 148 149 155 158 170 172 174 
24
27 28 52 53 61 64 75 82 85 93 103 108 
150 154 155 165 167 169 173 179 185 189 196 199 
12
9 30 36 44 48 58 62 81 84 108 128 160 
19
1 16 42 46 59 62 83 86 89 91 92 95 
106 132 135 136 147 167 181 
22
5 15 41 48 60 62 66 72 77 86 87 100 
104 131 143 172 173 177 181 186 193 198 
26
9 13 17 44 59 60 70 76 78 84 87 104 
110 112 115 117 119 124 135 166 175 178 184 186 
192 200 
25
14 15 22 23 24 57 61 66 69 75 87 88 
102 104 107 118 124 138 150 164 180 186 187 190 
199 
21
11 18 26 29 32 39 50 61 67 68 87 110 
118 121 123 129 131 143 147 160 189 
24
10 13 29 34 37 44 45 54 59 65 68 81 
82 84 88 92 103 106 108 109 117 131 134 143 
24
1 8 15 23 33 54 56 59 69 93 101 106 
124 126 127 142 156 168 171 181 188 194 197 200 
16
15 25 56 58 62 66 74 80 84 102 106 126 
139 145 154 170 
21
5 24 32 35 62 64 72 76 82 85 110 111 
123 147 148 153 171 175 176 187 192 
19
9 17 32 42 46 54 72 87 102 127 131 132 
147 157 160 170 182 183 188 
19
5 26 27 37 44 50 62 97 105 114 122 140 
154 161 163 173 181 188 197 
25
2 3 6 7 9 11 39 54 60 63 70 76 
86 87 98 106 108 117 119 151 155 177 183 185 
193 
18
16 24 34 39 72 81 84 108 116 120 127 130 
134 138 157 169 180 191 
14
4 5 28 92 104 106 113 116 124 145 153 162 
170 196 
23
8 12 25 29 45 56 57 61 63 108 110 111 
127 128 148 157 167 179 185 187 191 194 200 
20
1 8 38 50 53 58 62 82 98 115 116 117 
128 132 142 146 180 182 194 198 
25
2 10 23 24 31 43 48 54 60 66 84 111 
113 119 123 129 142 145 148 151 152 169 171 180 
198 
17
10 12 20 33 38 42 49 54 99 108 116 142 
155 165 175 191 194 
22
32 40 52 58 61 72 84 96 106 107 109 115 
127 152 161 162 164 170 171 177 190 194 
21
4 7 17 19 22 37 42 47 54 60 62 64 
88 94 112 119 120 134 145 161 179 
28
21 32 56 58 72 74 77 80 82 85 86 92 
93 107 110 117 119 126 131 134 135 140 165 167 
174 177 191 193 
18
3 22 25 39 44 61 71 79 87 94 101 105 
119 135 146 165 168 169 
21
5 10 14 33 35 36 45 50 61 63 65 82 
90 118 126 141 146 147 152 187 190 
23
1 23 29 32 43 77 87 95 96 106 114 127 
135 137 143 151 154 166 170 172 180 181 191 
18
16 20 26 40 42 60 61 70 77 84 109 115 
149 153 157 161 175 197 
25
2 7 11 19 42 48 51 62 85 87 99 109 
110 118 124 127 143 172 176 178 181 184 190 195 
197 
18
1 7 9 11 22 42 59 60 61 65 92 101 
106 120 136 140 179 185 
18
2 3 11 18 52 57 64 78 81 88 89 94 
123 129 132 139 172 194 
17
1 4 8 33 44 52 63 73 112 116 118 132 
140 142 190 191 198 
12
6 16 72 84 88 143 149 152 165 166 184 194 
21
17 30 36 45 64 68 71 73 81 98 119 133 
135 142 147 148 158 159 166 179 184 
19
3 7 26 47 50 52 61 66 102 112 124 125 
129 134 147 166 179 180 199 
19
1 11 34 60 62 66 67 73 81 84 86 91 
121 125 143 146 154 193 199 
17
2 24 40 49 62 79 87 94 138 144 151 163 
168 172 179 189 196 
18
7 35 44 49 78 89 92 100 121 124 131 138 
147 153 173 183 188 195 
22
7 13 18 64 65 66 71 78 84 92 104 105 
107 109 110 127 132 133 135 166 183 192 
17
6 9 11 20 43 82 84 92 94 112 116 130 
132 137 162 176 191 
20
4 10 14 17 39 61 64 84 85 88 95 104 
111 129 145 149 158 161 165 175 
20
19 20 35 36 39 53 55 66 73 87 95 108 
109 114 115 123 126 146 167 180 
24
29 32 42 49 65 73 82 84 87 91 114 129 
143 144 146 148 153 161 165 168 169 176 187 198 
20
22 40 43 47 66 67 75 85 86 91 94 106 
127 135 163 177 181 182 183 195 
25
4 7 9 15 21 27 42 45 72 83 91 103 
107 108 109 112 114 122 131 135 140 160 186 191 
196 
14
34 37 50 80 83 94 95 145 150 154 162 177 
187 190 
17
19 20 32 40 54 66 78 106 110 117 129 131 
141 155 165 194 197 
28
14 17 19 22 34 43 45 46 62 80 82 89 
90 93 101 113 118 120 125 139 140 165 167 170 
178 184 190 193 
18
31 33 36 50 71 78 86 99 101 121 124 138 
151 170 180 186 192 193 
13
38 42 47 53 59 137 144 157 170 182 184 187 
192 
11
23 26 44 50 72 94 98 110 154 175 188 
27
11 30 32 37 43 53 55 62 63 71 72 75 
80 84 85 101 105 125 126 127 130 133 135 151 
160 186 188 
23
5 8 21 24 35 43 53 69 71 79 86 96 
97 118 126 132 133 139 146 173 185 198 199 
20
13 28 34 35 39 44 65 97 103 107 109 130 
133 143 149 150 190 191 195 197 
17
14 24 31 32 52 120 124 125 128 130 132 139 
144 162 167 194 198 
21
2 6 24 51 53 55 83 86 87 91 112 122 
125 127 143 164 174 182 186 189 196 
19
51 55 83 90 91 94 109 111 112 114 115 118 
121 123 150 151 169 170 188 
18
13 21 30 35 37 54 58 64 65 103 115 121 
125 144 160 171 173 197 
23
14 38 39 63 68 74 86 89 90 91 102 106 
108 130 147 150 151 156 165 170 191 192 198 
16
1 8 12 22 33 49 52 100 128 137 141 144 
163 165 191 195 
22
5 10 14 49 61 65 70 80 81 100 102 111 
112 119 127 146 148 172 180 181 182 198 
19
12 33 39 48 51 56 58 86 96 100 110 138 
151 163 169 172 175 176 180 
17
10 18 22 26 50 57 68 69 71 96 98 101 
116 128 159 190 194 
18
16 25 27 37 44 45 48 52 69 82 83 89 
93 131 140 149 150 157 
28
3 9 10 13 17 22 34 40 44 65 67 68 
70 76 83 84 96 102 119 123 124 135 136 149 
153 157 161 185 
20
22 39 40 43 44 46 48 49 51 86 102 116 
117 121 139 158 168 173 196 199 
28
9 11 13 18 23 31 40 47 53 54 71 78 
79 80 95 100 116 117 130 135 140 146 161 164 
170 176 177 190 
24
2 3 6 16 28 55 72 92 95 97 102 105 
112 115 145 150 159 165 170 171 174 190 193 197 
12
5 12 26 40 41 63 67 85 100 127 159 163 
20
12 25 38 48 51 54 75 114 116 125 149 157 
168 169 184 185 191 196 197 198 
21
19 24 26 35 37 38 51 57 64 82 95 100 
113 130 140 159 174 180 182 185 193 
16
19 21 23 24 25 49 59 63 64 93 101 107 
141 161 163 182 
23
3 16 23 30 43 45 48 52 56 67 73 89 
95 97 112 119 140 160 161 173 180 188 200 
15
7 20 37 44 61 62 100 101 120 133 150 160 
164 192 197 
21
16 22 42 43 46 52 81 99 104 107 113 129 
133 139 147 155 158 185 187 189 199 
18
42 51 62 89 91 92 93 102 114 117 126 132 
147 154 156 177 188 196 
22
5 11 34 42 48 53 56 65 67 79 90 97 
106 121 133 134 135 143 144 161 184 194 
20
15 16 30 35 56 61 66 74 76 89 119 120 
126 135 141 161 168 172 179 186 
20
2 4 8 9 20 33 53 90 101 102 104 112 
129 143 153 156 158 164 187 191 
18
1 21 42 43 47 48 71 72 76 88 92 93 
117 124 147 172 175 198 
24
3 10 14 29 40 45 55 62 69 77 87 94 
98 105 112 124 144 149 155 166 182 185 187 198 
19
7 25 39 46 58 60 64 71 101 109 116 120 
138 142 147 161 175 178 199 
28
8 12 17 20 34 36 41 42 43 52 53 64 
71 77 79 82 88 116 128 130 137 140 153 156 
157 162 168 190 
24
1 11 31 32 33 45 47 56 57 62 64 74 
78 79 93 95 101 104 113 115 151 165 174 185 
22
14 15 17 34 45 53 73 93 112 113 116 127 
135 139 157 161 169 176 178 183 191 194 
21
10 27 34 41 45 46 54 73 84 125 143 147 
151 157 161 164 168 174 178 191 192 
22
5 6 8 9 33 45 47 50 82 86 106 118 
123 125 132 140 141 162 173 182 189 191 
16
2 3 6 12 14 33 41 55 60 72 81 96 
104 130 150 161 
14
13 15 16 67 80 109 154 155 157 166 177 184 
189 190 
16
21 50 53 57 63 68 88 91 93 134 139 140 
164 168 185 192 
19
17 26 29 58 60 75 86 94 115 123 132 137 
142 158 174 181 182 194 197 
27
9 13 15 20 24 40 53 66 67 80 90 94 
100 102 106 120 131 135 145 148 149 154 160 166 
171 175 195 
14
15 27 32 43 51 56 62 82 96 104 142 145 
153 175 
25
9 43 60 62 86 94 98 103 109 111 123 128 
129 136 137 140 143 155 163 165 181 184 185 186 
197 
27
1 2 10 15 30 32 59 60 66 67 69 76 
84 85 91 113 123 125 139 140 143 144 149 159 
162 177 200 
14
25 26 45 64 70 78 94 98 107 110 138 156 
161 163 
29
21 22 27 32 39 41 63 65 67 72 74 77 
79 87 88 95 100 104 112 114 121 137 142 146 
152 166 171 172 184 
19
2 31 37 67 71 82 93 98 113 121 126 127 
154 157 161 163 176 179 191 
16
2 7 9 15 21 36 46 59 66 81 106 109 
110 156 170 192 
13
6 8 16 19 29 77 87 134 161 165 170 171 
174 
17
17 33 42 46 50 62 63 69 77 86 95 109 
111 125 154 156 188 
18
5 11 25 32 48 51 56 76 77 91 101 115 
123 135 148 175 183 195 
25
3 31 35 42 43 54 55 70 73 74 83 89 
95 98 119 127 129 139 167 168 169 172 182 192 
195 
22
23 53 75 93 98 106 107 109 121 122 131 139 
140 142 146 150 164 167 174 188 193 195 
22
15 16 23 27 40 41 55 57 64 73 83 94 
113 115 119 122 134 135 149 158 173 187 
16
2 18 19 23 29 42 44 56 67 86 118 135 
140 149 184 192 
19
5 7 8 21 28 53 57 60 71 91 127 133 
136 154 171 182 184 195 199 
17
6 51 61 83 84 95 96 104 111 116 126 133 
152 159 170 184 194 
15
4 68 71 74 78 82 89 90 113 129 130 131 
136 172 183 
20
3 6 32 34 49 86 99 111 115 135 141 142 
143 145 149 160 168 185 193 195 
19
1 6 11 13 25 42 45 53 64 77 90 122 
132 138 146 149 152 192 196 
19
7 24 44 46 69 77 105 111 131 146 151 164 
172 176 177 185 186 189 195 
20
10 22 23 42 43 54 64 68 74 89 94 103 
105 130 132 170 177 187 191 200 
24
8 13 17 21 27 28 30 41 50 51 61 72 
74 75 92 105 115 134 143 158 179 180 188 195 
17
5 9 25 51 66 68 69 71 76 129 145 148 
150 176 177 178 192 
17
4 10 19 21 40 60 68 74 86 91 93 114 
132 152 175 192 195 
17
4 11 35 59 61 65 73 75 95 110 113 123 
131 159 163 176 199 
24
3 8 34 39 42 57 74 76 82 99 102 122 
125 132 139 140 144 146 147 149 157 180 189 190 
16
3 24 46 55 77 79 134 139 152 154 167 168 
170 180 184 197 
27
19 23 49 52 56 58 65 68 70 76 82 83 
90 93 105 112 118 125 128 138 141 149 159 162 
163 186 192 
17
29 30 47 58 60 77 84 96 105 107 110 134 
140 151 154 160 178 
24
22 30 50 62 77 87 97 99 104 106 107 108 
112 113 133 141 143 148 155 156 168 187 198 200 
14
6 8 21 27 48 53 74 81 94 98 106 112 
117 197 
21
5 22 39 50 65 67 71 96 108 121 130 131 
137 140 147 149 152 154 169 181 185 
20
10 14 19 52 53 66 71 97 104 112 127 128 
132 148 152 170 186 191 198 199 
14
5 20 37 41 43 62 84 91 92 105 109 118 
147 186 
21
13 14 18 28 40 53 67 72 80 86 114 127 
132 142 144 147 166 172 175 191 200 
21
25 32 38 42 55 58 62 73 80 87 91 96 
97 112 114 123 129 151 156 157 187 
22
12 19 34 38 58 69 79 93 95 100 106 118 
134 139 154 166 167 171 175 183 186 197 
18
27 31 38 76 86 95 99 131 137 144 155 163 
165 166 170 185 186 195 
20
9 19 21 23 37 41 45 47 48 87 88 90 
91 93 97 118 152 156 167 169 
21
6 17 22 30 37 55 81 99 109 111 123 124 
146 154 156 178 179 184 185 191 193 
