100 200
1 1 1 1 1 1 1 1 1 1 1 1 
1 1 1 1 1 1 1 1 1 1 1 1 
1 1 1 1 1 1 1 1 1 1 1 1 
1 1 1 1 1 1 1 1 1 1 1 1 
1 1 1 1 1 1 1 1 1 1 1 1 
1 1 1 1 1 1 1 1 1 1 1 1 
1 1 1 1 1 1 1 1 1 1 1 1 
1 1 1 1 1 1 1 1 1 1 1 1 
1 1 1 1 1 1 1 1 1 1 1 1 
1 1 1 1 1 1 1 1 1 1 1 1 
1 1 1 1 1 1 1 1 1 1 1 1 
1 1 1 1 1 1 1 1 1 1 1 1 
1 1 1 1 1 1 1 1 1 1 1 1 
1 1 1 1 1 1 1 1 1 1 1 1 
1 1 1 1 1 1 1 1 1 1 1 1 
1 1 1 1 1 1 1 1 1 1 1 1 
1 1 1 1 1 1 1 1 
109
2 8 9 12 14 17 20 21 22 23 24 27 
32 34 38 40 42 43 45 46 47 48 49 50 
51 53 54 55 56 58 60 62 63 66 67 68 
71 72 75 77 79 80 81 86 87 88 89 90 
92 93 94 95 96 97 98 99 100 101 102 103 
104 106 109 110 111 115 116 119 120 122 123 124 
125 126 130 132 133 135 137 138 139 142 152 154 
158 159 160 163 165 166 168 169 170 171 172 173 
175 176 178 180 181 183 189 194 195 196 198 199 
200 
102
4 5 6 7 8 13 14 15 16 19 20 21 
24 25 26 27 29 30 32 34 36 37 40 41 
42 44 47 48 53 54 56 59 60 61 62 64 
69 71 72 73 74 75 76 77 80 86 87 89 
90 91 92 94 97 99 101 102 103 104 105 107 
109 111 112 115 118 121 125 131 132 133 134 137 
138 139 140 141 143 145 146 147 148 149 151 152 
154 155 158 162 166 174 177 179 180 185 186 189 
191 192 193 195 199 200 
74
2 3 4 5 6 10 14 16 17 18 19 27 
29 30 35 38 41 42 43 48 49 59 60 66 
68 70 72 75 76 78 79 80 82 84 88 92 
99 100 104 105 107 109 110 113 116 124 125 126 
132 134 135 136 137 138 145 147 148 153 160 161 
162 164 166 168 174 176 179 181 185 188 190 194 
195 196 
97
1 2 5 8 10 13 14 17 18 20 21 23 
25 28 30 34 35 36 37 43 45 47 48 49 
54 56 57 58 60 62 63 64 66 67 68 69 
72 79 80 82 87 88 89 93 94 95 99 100 
106 107 112 114 115 127 128 130 131 132 133 134 
136 137 138 139 141 142 143 145 146 150 151 152 
154 159 161 162 167 168 169 170 172 176 177 179 
180 181 182 183 188 189 191 193 194 195 196 198 
199 
98
2 4 6 8 10 11 13 15 16 17 18 19 
20 21 22 25 28 29 31 32 34 39 42 48 
49 50 53 56 57 58 61 62 63 68 69 70 
72 74 75 79 85 90 92 94 98 103 104 106 
107 108 111 112 115 117 118 120 122 125 128 130 
131 134 135 137 140 141 143 144 146 149 153 154 
155 156 158 159 160 161 162 163 164 165 166 168 
169 172 174 177 181 183 187 190 192 193 194 196 
199 200 
97
2 3 4 5 6 9 10 11 12 13 14 19 
21 22 23 29 30 31 33 36 38 39 40 42 
45 49 52 53 58 60 64 65 66 67 68 69 
70 71 72 73 74 79 86 89 90 91 95 96 
97 101 103 107 108 110 113 114 116 117 119 120 
122 123 124 125 126 127 130 131 132 136 137 138 
148 152 156 159 160 161 162 163 166 169 172 174 
177 181 182 188 189 190 191 192 193 194 196 199 
200 
90
2 5 6 9 12 17 22 23 25 27 29 30 
31 34 41 42 43 44 45 46 49 53 54 55 
57 60 61 62 63 66 68 69 70 75 77 78 
82 83 84 85 89 90 92 95 96 97 98 102 
106 115 116 117 119 120 122 123 124 125 126 128 
131 133 137 139 140 145 146 150 151 152 153 154 
156 158 161 165 166 168 171 174 178 181 182 185 
186 187 194 195 199 200 
106
1 2 3 5 6 10 11 14 19 21 22 24 
26 29 34 35 37 39 40 41 42 44 46 47 
48 51 53 55 57 61 63 65 70 72 78 79 
81 83 84 85 86 87 89 90 93 95 96 98 
99 102 103 105 107 108 109 111 112 113 114 115 
116 117 121 125 126 127 129 130 132 133 134 135 
136 138 139 141 142 144 148 151 152 155 156 158 
160 161 162 163 164 166 167 171 173 179 182 183 
184 185 187 189 190 191 192 195 197 200 
101
2 4 5 7 8 10 12 14 16 17 18 20 
21 22 23 24 27 30 31 36 41 42 46 48 
49 50 52 53 55 57 62 63 64 65 66 69 
73 74 81 82 83 85 89 99 102 104 109 110 
112 115 116 117 119 120 123 126 127 128 129 131 
132 133 134 135 136 137 139 140 142 143 145 146 
148 149 152 154 155 157 158 160 162 163 164 165 
166 169 171 175 176 177 179 180 181 184 185 187 
192 193 195 197 198 
112
1 2 3 5 6 9 10 11 12 13 14 17 
18 20 22 24 30 31 33 37 38 40 42 43 
44 45 46 49 50 51 52 53 54 57 58 59 
60 61 62 63 64 65 69 73 74 75 77 83 
87 88 89 90 91 92 93 96 97 98 99 100 
101 102 103 105 107 108 109 110 111 112 120 122 
124 129 131 132 134 135 137 139 146 148 150 151 
152 155 156 157 158 159 160 161 162 165 168 169 
171 172 173 174 178 179 180 186 187 188 193 195 
197 198 199 200 
110
1 3 4 7 8 9 13 14 15 16 17 19 
21 23 27 28 30 31 32 35 36 40 41 42 
43 49 50 52 55 56 58 59 60 64 66 70 
71 72 74 77 78 79 84 85 86 87 89 91 
94 95 96 97 98 100 101 103 104 106 107 108 
110 111 112 113 115 116 117 121 125 126 127 128 
131 132 134 138 140 141 142 145 147 148 150 152 
156 159 160 161 165 167 168 171 173 177 179 180 
181 182 183 184 185 187 189 190 191 192 194 197 
198 200 
97
1 2 4 8 10 12 13 14 15 16 17 18 
22 25 29 30 31 33 34 37 39 41 44 46 
47 49 50 51 52 55 56 61 64 65 68 70 
72 73 74 76 77 79 85 86 89 90 92 94 
95 96 99 101 105 108 109 110 111 114 120 121 
126 128 131 135 138 139 142 143 148 149 150 153 
154 157 159 160 161 162 165 166 169 173 176 182 
183 184 185 188 189 190 191 194 195 196 197 198 
199 
86
2 3 4 8 15 18 20 22 23 27 28 29 
32 34 35 36 39 40 45 48 49 53 56 58 
60 61 62 63 68 71 74 78 79 80 83 84 
89 90 91 93 99 101 102 104 108 111 112 113 
114 118 120 121 123 124 126 132 133 138 142 143 
145 146 147 148 149 150 154 156 160 161 165 166 
167 168 169 171 173 174 175 176 177 183 185 186 
189 190 
99
2 3 4 6 7 10 12 13 15 16 21 22 
27 28 29 30 32 33 34 37 38 40 42 43 
44 45 46 47 48 52 53 54 55 57 60 61 
63 65 68 69 70 74 76 78 81 82 84 86 
89 91 92 94 98 100 101 102 105 111 113 114 
115 117 119 123 126 127 131 133 134 138 141 142 
145 148 149 151 152 155 156 161 163 164 166 167 
168 169 170 171 172 174 175 177 180 184 185 191 
193 195 197 
99
4 6 8 10 11 13 17 20 21 26 27 28 
29 30 31 33 35 38 40 41 42 43 44 46 
50 52 53 54 55 56 59 61 62 63 66 67 
72 74 78 80 81 83 84 86 87 90 96 97 
98 101 102 112 113 115 116 117 118 119 120 121 
123 124 125 129 130 133 134 136 138 139 140 141 
143 144 147 151 152 155 157 158 164 165 168 169 
174 177 180 181 183 184 186 187 188 189 190 197 
198 199 200 
109
3 4 5 8 9 10 12 13 15 17 18 19 
21 22 23 25 26 27 29 32 35 37 38 39 
41 42 46 48 49 51 52 54 56 57 58 62 
63 64 65 66 67 70 75 76 78 79 80 82 
83 84 85 87 88 89 90 92 93 99 100 104 
105 106 108 110 113 116 117 119 122 124 128 129 
131 133 136 139 141 142 143 147 149 150 152 153 
154 156 160 161 163 164 166 167 169 171 173 175 
177 178 179 181 184 191 192 193 194 195 197 199 
200 
110
2 4 5 7 8 13 14 19 20 21 22 25 
27 29 33 35 36 38 39 42 45 46 47 48 
51 52 54 55 57 59 60 61 62 64 65 68 
72 73 74 75 76 78 80 83 84 86 88 89 
90 93 95 99 101 103 107 111 114 115 116 117 
118 119 122 125 127 129 131 132 133 134 137 144 
146 147 148 150 151 152 154 155 156 157 158 159 
161 162 163 166 167 168 170 172 173 175 177 180 
181 182 183 185 186 187 188 189 190 192 193 194 
198 200 
96
3 4 5 6 7 8 9 10 11 12 13 14 
15 18 19 21 22 23 24 26 28 29 31 33 
34 35 41 47 48 50 55 60 62 66 67 70 
73 76 77 78 79 80 83 92 94 95 103 104 
105 107 108 109 116 118 120 123 125 129 130 131 
132 133 134 135 137 141 142 143 145 146 147 148 
149 151 156 158 160 164 166 169 173 175 179 181 
182 183 185 188 189 190 193 194 197 198 199 200 
105
1 2 3 4 6 10 13 15 16 18 19 20 
22 24 25 27 28 31 33 35 36 37 38 40 
41 42 43 45 46 47 48 49 50 51 54 56 
58 61 62 64 65 71 75 78 79 80 82 83 
84 85 89 91 94 100 104 105 106 108 109 110 
111 112 116 117 121 124 125 126 127 128 129 131 
133 134 135 136 137 139 140 141 142 143 145 147 
148 151 152 154 157 161 162 163 164 167 171 174 
176 181 184 185 186 194 195 196 199 
95
1 8 11 12 14 16 20 22 27 28 31 32 
34 37 40 41 45 49 50 51 54 59 60 61 
63 64 65 69 70 71 72 73 77 78 79 86 
87 90 91 95 96 98 99 101 102 105 106 107 
108 111 112 113 116 118 119 121 122 124 128 130 
131 136 138 139 142 143 145 148 154 155 156 160 
162 163 164 167 168 173 175 176 177 179 180 181 
183 184 185 187 188 189 192 193 194 196 197 
104
1 3 4 5 6 10 11 12 18 22 25 26 
28 32 33 34 37 40 41 42 46 49 51 53 
56 57 59 61 62 63 64 65 67 68 69 71 
72 75 77 79 81 83 84 87 90 94 95 96 
97 101 102 103 104 106 107 108 110 112 114 115 
116 117 118 123 125 126 129 140 144 147 148 149 
152 154 156 157 159 160 161 163 165 166 167 169 
170 171 172 174 175 176 178 179 181 183 184 189 
192 193 195 196 197 198 199 200 
90
2 4 7 8 9 11 14 15 16 17 18 19 
20 21 22 23 24 27 33 34 35 37 38 40 
41 42 44 45 46 50 51 52 55 57 61 65 
67 68 69 70 71 77 80 81 87 88 90 94 
96 98 100 101 104 107 108 111 113 114 115 117 
118 119 120 121 123 125 127 128 132 134 138 139 
141 142 143 151 154 155 158 161 162 164 165 177 
181 182 187 194 195 196 
97
2 3 4 6 7 14 16 17 24 26 27 28 
29 30 33 35 39 40 41 42 46 47 49 53 
54 56 57 58 59 61 66 67 68 71 73 74 
75 76 77 78 79 85 87 92 94 95 99 101 
103 105 106 107 108 109 110 112 114 120 121 123 
127 128 129 130 132 134 137 139 143 147 148 152 
154 157 159 160 162 163 165 166 168 169 173 174 
177 178 181 182 184 185 187 192 193 194 195 197 
198 
101
1 3 4 5 6 8 10 14 15 16 17 19 
20 22 23 24 25 26 27 28 29 30 32 34 
36 38 39 40 41 43 44 45 48 49 50 53 
55 56 58 62 63 64 65 66 68 69 70 71 
75 76 77 78 80 85 95 96 98 100 104 105 
107 108 109 110 113 115 116 117 120 123 126 127 
128 134 135 137 138 145 146 150 163 168 170 171 
172 173 174 176 179 180 182 183 186 187 188 193 
194 195 196 197 200 
100
2 6 8 9 11 12 15 16 17 21 23 26 
27 29 30 31 32 34 35 36 38 39 42 43 
44 46 49 51 52 53 54 57 58 61 63 66 
67 68 69 71 72 75 78 82 87 88 90 95 
96 99 100 102 103 104 105 108 109 110 111 112 
113 116 118 123 124 126 127 128 130 132 134 135 
138 139 140 141 147 148 153 154 157 158 160 162 
163 164 167 170 171 172 174 178 180 181 185 187 
188 190 196 199 
108
3 5 6 7 9 10 11 13 15 17 18 19 
23 24 26 28 33 34 39 40 41 42 44 45 
46 47 48 50 52 53 54 55 57 60 61 62 
63 64 65 66 68 70 74 75 76 78 79 80 
81 82 83 84 86 87 91 92 93 94 95 97 
98 100 101 102 104 108 110 111 113 116 117 121 
122 124 126 128 137 138 139 144 145 146 151 152 
153 154 155 156 158 159 161 162 163 165 166 167 
169 172 174 181 182 184 185 190 194 196 197 198 
111
6 8 9 13 14 15 17 18 19 20 21 22 
29 30 32 33 34 36 37 38 39 41 42 43 
44 46 47 49 53 58 59 60 62 64 65 66 
68 71 73 75 77 78 79 81 84 85 87 94 
95 96 98 99 100 105 106 107 109 111 112 113 
116 117 119 121 122 124 126 127 128 130 132 133 
135 136 137 138 139 142 143 145 147 150 152 153 
154 155 156 157 159 161 162 163 165 169 170 171 
174 175 177 178 179 181 183 186 188 190 193 195 
196 198 199 
107
4 5 7 8 11 12 13 14 15 16 17 19 
20 21 22 23 24 28 32 34 36 37 38 40 
41 42 43 44 46 52 57 58 59 60 61 62 
63 64 66 67 69 70 72 74 75 77 79 81 
83 86 87 92 94 96 98 99 103 104 105 106 
107 111 113 115 116 117 120 121 122 123 124 128 
130 131 134 135 136 141 142 144 145 146 147 148 
149 152 154 157 159 163 164 165 166 167 168 172 
174 179 184 185 186 187 191 195 198 199 200 
104
1 2 3 7 13 14 17 18 21 22 23 24 
27 28 29 31 33 34 37 38 39 41 45 46 
47 50 51 52 53 54 55 57 59 61 62 64 
65 67 70 71 74 75 77 84 85 87 89 91 
92 93 95 96 97 103 106 107 108 109 110 113 
114 116 117 118 121 125 126 128 129 132 134 136 
137 138 141 143 144 149 150 151 154 155 157 158 
163 164 166 167 169 172 173 175 177 178 179 183 
184 186 187 189 191 194 196 200 
88
2 3 5 8 9 11 15 18 19 27 29 36 
37 40 41 42 45 46 47 50 52 56 57 58 
62 64 65 66 70 72 77 78 80 81 82 86 
87 88 91 92 95 97 99 102 107 108 110 111 
113 114 116 118 119 121 122 124 130 131 134 135 
136 141 146 150 156 157 158 159 165 166 167 168 
170 171 172 173 174 176 178 179 180 185 186 190 
191 192 194 195 
105
2 4 7 8 9 10 12 13 15 17 20 22 
23 24 25 26 28 31 32 34 35 36 37 38 
44 46 47 52 53 55 57 58 62 63 65 66 
69 71 72 75 77 78 81 88 90 91 92 94 
95 97 99 102 105 106 107 108 109 110 111 112 
113 114 115 116 119 121 122 124 125 129 133 134 
135 145 148 150 151 153 155 156 157 158 159 161 
162 164 165 166 171 173 174 175 176 178 180 181 
185 186 187 188 189 192 193 197 198 
91
2 9 11 13 14 15 16 20 21 23 24 27 
30 32 34 39 40 42 45 49 50 52 54 55 
56 58 59 60 62 64 66 67 68 70 71 72 
74 75 77 80 81 82 86 87 89 98 100 103 
105 107 109 111 114 116 120 121 126 131 132 133 
135 136 137 138 142 143 145 150 151 152 156 157 
158 162 163 166 169 170 171 173 177 179 182 184 
185 187 188 189 191 195 198 
103
1 2 3 5 7 8 9 10 11 12 15 22 
29 30 32 33 37 39 40 41 44 46 47 50 
51 52 53 54 57 58 60 61 70 73 74 75 
80 82 83 89 90 91 93 95 97 101 103 104 
105 106 108 109 110 112 113 114 115 117 122 123 
126 129 131 133 134 135 137 138 142 143 144 146 
147 148 149 151 152 154 156 158 163 164 167 168 
171 172 173 175 177 178 181 183 186 187 190 191 
192 193 194 195 198 199 200 
89
3 4 6 12 13 15 17 23 24 26 33 35 
36 40 41 45 47 49 51 53 54 56 60 67 
68 69 70 72 73 75 78 82 83 84 87 89 
95 96 99 102 103 106 107 109 111 112 113 114 
115 116 117 121 125 127 128 129 130 131 133 134 
135 139 141 143 144 145 146 148 149 154 157 162 
166 170 172 176 179 181 182 183 184 186 187 190 
193 195 196 197 199 
104
1 2 5 6 8 9 10 11 12 16 17 19 
20 21 25 29 31 32 34 35 37 38 41 43 
44 46 48 50 51 52 58 60 63 65 66 72 
74 75 76 77 82 87 88 89 90 93 94 96 
97 99 101 102 103 105 106 108 109 110 113 119 
120 121 123 124 127 128 131 134 136 138 140 141 
145 146 149 150 151 154 158 159 160 161 162 164 
170 171 172 173 175 179 181 183 184 185 186 187 
190 191 192 193 194 197 198 199 
121
1 2 3 7 8 9 11 12 14 16 22 27 
29 35 37 38 40 41 42 43 44 45 46 48 
52 53 54 56 57 58 59 63 64 65 67 70 
72 73 74 75 76 77 79 80 81 85 86 87 
89 91 92 94 95 97 99 100 101 104 106 107 
109 110 115 116 117 119 120 121 122 123 125 126 
127 128 129 131 133 134 135 138 139 141 142 144 
146 147 149 150 151 153 154 157 161 162 163 164 
166 167 169 172 174 175 176 178 182 183 184 185 
187 188 189 190 191 192 193 194 195 196 197 198 
199 
98
1 2 3 4 5 6 9 11 12 15 17 19 
20 21 22 23 25 27 28 29 31 32 33 34 
35 36 39 42 44 46 51 55 56 57 58 59 
62 64 66 68 70 75 76 77 79 81 83 85 
86 88 90 92 95 96 97 99 100 102 107 110 
112 115 117 118 119 122 123 128 129 132 140 141 
143 146 148 150 155 157 158 160 162 166 168 169 
171 175 178 182 183 184 187 188 191 194 195 197 
199 200 
97
1 5 6 7 9 10 12 14 16 18 19 20 
26 27 30 33 34 35 37 39 40 42 45 47 
52 58 62 64 65 66 68 72 73 74 75 77 
78 81 83 86 87 94 95 96 101 102 108 109 
110 114 115 117 118 119 121 123 126 128 131 135 
136 140 141 144 145 147 148 149 150 153 154 155 
158 159 160 161 162 164 168 170 172 177 178 180 
182 183 184 186 187 188 189 190 191 192 193 196 
199 
99
1 3 4 5 8 9 10 11 12 13 16 17 
18 22 25 27 28 29 30 32 33 35 36 38 
39 43 44 45 46 48 54 56 57 60 63 64 
66 67 70 72 74 77 78 79 80 82 87 88 
90 91 92 94 97 98 100 102 104 106 112 113 
114 117 118 119 121 122 124 126 127 130 132 135 
136 137 139 142 143 144 146 147 148 151 153 157 
161 162 163 170 172 175 176 178 180 181 182 185 
190 192 198 
95
1 4 6 7 8 10 12 13 15 16 19 21 
25 26 30 31 33 35 37 38 39 40 42 43 
48 52 54 55 56 57 58 59 61 64 65 69 
72 73 76 80 82 84 86 87 88 89 91 92 
93 96 97 100 101 105 106 107 110 113 114 115 
116 119 123 129 131 132 134 141 148 153 154 156 
157 158 159 160 162 166 167 168 169 170 173 174 
181 182 184 185 188 190 192 194 198 199 200 
100
2 4 7 9 10 11 14 16 20 21 22 23 
26 27 28 30 31 32 34 39 40 41 42 43 
44 46 49 52 53 55 56 57 59 60 63 64 
66 67 71 73 74 75 77 79 81 82 87 90 
91 95 98 99 105 106 107 108 109 111 114 115 
116 118 119 125 129 130 133 136 137 138 142 143 
146 147 150 153 154 158 160 162 164 165 167 169 
170 174 175 182 184 185 187 188 189 190 191 192 
193 194 198 199 
106
2 3 7 8 9 10 12 13 14 16 18 19 
20 21 24 25 29 32 37 39 41 43 44 45 
46 49 50 53 54 55 58 59 60 62 66 67 
71 72 73 74 75 77 81 82 83 84 88 91 
94 95 97 99 100 102 103 105 107 108 109 110 
111 112 113 114 116 118 119 122 125 127 130 135 
138 139 140 141 145 147 148 149 150 151 154 155 
159 160 162 166 167 168 169 170 171 174 175 178 
179 181 182 183 184 193 196 198 199 200 
109
2 4 8 11 13 15 16 17 19 25 27 28 
29 30 32 33 35 36 38 39 40 41 44 47 
48 50 51 52 53 55 56 57 58 62 64 66 
67 71 75 76 77 79 80 81 83 84 85 88 
89 91 92 93 94 95 97 99 100 101 104 107 
108 109 111 112 115 116 122 123 125 129 130 131 
132 134 135 139 141 142 143 145 151 155 156 157 
159 160 161 165 166 167 169 170 172 174 178 180 
181 184 185 186 189 190 191 192 193 195 197 199 
200 
91
1 3 4 7 9 11 12 13 15 16 17 19 
26 28 31 34 36 37 38 39 43 44 46 54 
55 56 58 60 62 63 64 66 71 72 73 74 
75 76 79 82 83 85 86 87 91 93 94 96 
98 99 101 103 108 112 113 114 116 117 118 120 
122 125 127 129 132 134 135 141 142 143 144 152 
153 159 164 166 169 172 174 176 177 178 180 181 
185 187 188 189 194 196 200 
102
2 3 8 9 10 11 18 19 21 23 24 27 
31 32 33 34 35 37 38 39 40 41 44 48 
50 52 53 56 57 58 59 60 61 62 63 67 
68 69 70 71 73 78 80 81 82 83 85 87 
91 96 98 99 101 103 104 105 106 107 108 110 
112 113 114 116 117 118 119 124 126 128 129 130 
132 134 140 141 142 144 145 147 149 150 153 154 
155 160 161 162 163 165 167 169 170 177 178 179 
185 190 192 194 198 199 
100
1 2 4 5 6 7 10 12 14 16 17 20 
24 25 26 27 29 32 34 35 37 38 39 41 
42 44 49 50 51 53 56 58 59 60 65 66 
68 71 72 73 75 89 91 92 93 94 95 98 
102 103 106 107 108 110 111 112 114 115 117 118 
119 121 122 123 130 131 133 135 137 140 145 146 
147 148 149 150 154 156 158 160 162 163 164 165 
167 169 170 173 174 175 177 178 179 180 181 190 
193 197 198 200 
111
2 3 4 5 6 7 8 9 10 12 14 15 
19 20 21 22 24 26 30 31 35 37 38 40 
41 42 43 45 46 47 48 50 53 54 55 56 
58 60 65 66 69 71 72 75 76 77 78 79 
80 82 84 86 88 89 91 92 93 97 98 99 
101 103 104 105 106 107 111 114 116 117 118 121 
126 127 128 129 132 133 134 135 136 137 140 142 
143 144 146 150 156 157 160 161 162 163 167 168 
169 170 171 176 178 179 180 182 183 187 189 191 
194 197 198 
104
1 2 3 7 8 10 12 13 14 15 16 17 
18 19 20 21 23 29 32 34 36 37 38 39 
40 42 44 46 47 48 51 54 55 57 58 60 
65 73 74 75 76 77 78 80 82 83 84 85 
87 89 90 93 97 100 101 105 108 109 110 112 
113 114 115 117 119 121 126 129 131 132 133 135 
136 137 138 140 143 144 146 148 150 151 154 158 
159 165 168 172 173 174 175 178 179 180 183 184 
185 186 187 190 194 195 199 200 
86
3 5 6 7 12 14 16 17 18 19 25 26 
30 34 36 37 38 39 43 46 50 53 54 57 
61 64 67 68 71 72 73 77 78 79 80 82 
85 86 88 90 91 97 106 110 115 116 117 119 
122 123 125 126 128 129 131 132 133 134 135 136 
138 141 142 147 148 149 152 153 155 162 164 166 
167 169 173 175 177 180 181 185 189 191 193 195 
199 200 
91
2 3 4 5 6 8 12 14 15 17 18 22 
23 27 28 30 32 33 34 36 41 46 48 49 
58 64 65 67 68 69 71 75 76 77 81 83 
85 89 93 96 97 100 103 105 106 108 110 116 
118 119 120 126 128 132 135 137 140 141 142 143 
144 145 148 149 150 152 154 155 157 158 161 164 
165 166 167 168 172 176 177 178 179 180 183 184 
187 188 189 190 192 197 198 
94
1 5 7 10 11 13 16 17 18 20 21 26 
27 30 31 34 35 37 38 40 41 42 44 46 
48 49 51 55 64 65 68 69 70 71 72 73 
74 76 77 80 81 82 83 87 89 91 94 96 
101 102 104 107 112 114 117 120 123 127 130 131 
132 135 140 142 143 145 147 150 152 155 156 157 
158 162 163 166 167 168 169 170 172 175 177 180 
182 183 185 191 193 194 196 197 198 200 
106
1 5 7 8 9 10 11 12 15 17 18 20 
22 25 26 27 29 33 34 36 40 41 42 43 
44 46 47 50 55 57 59 60 64 65 66 67 
68 71 73 75 82 87 88 90 91 94 97 98 
100 101 105 106 107 109 110 113 114 115 119 120 
121 124 125 128 129 130 131 132 133 134 136 137 
138 139 140 143 144 146 147 149 155 156 158 159 
162 163 165 169 170 172 173 177 178 180 181 182 
183 185 188 189 191 194 196 198 199 200 
107
3 4 6 8 13 15 16 18 19 21 22 26 
30 32 33 34 36 37 38 39 40 41 44 47 
48 51 53 56 57 58 62 63 64 65 66 67 
74 75 76 77 79 82 83 84 85 86 87 89 
90 91 92 93 97 102 103 105 106 107 109 110 
112 116 117 118 119 120 121 125 128 130 132 133 
136 137 138 140 142 143 144 146 150 151 153 154 
156 160 161 163 165 166 167 169 170 172 174 178 
179 183 186 187 188 189 190 194 196 197 198 
94
5 6 7 8 11 13 16 17 22 25 26 27 
34 36 37 39 40 41 46 47 48 49 51 53 
54 57 61 62 63 65 66 68 72 73 77 78 
81 82 86 91 95 98 99 101 103 105 106 109 
111 112 113 115 119 121 123 131 132 133 134 137 
139 143 144 147 150 151 154 157 159 160 161 162 
163 164 165 166 168 171 174 175 176 177 181 182 
183 184 186 187 190 191 193 197 198 200 
96
1 9 11 12 14 15 16 17 18 21 23 24 
27 29 32 34 38 43 44 46 47 49 50 53 
54 59 60 61 62 63 67 70 71 73 74 78 
80 81 82 83 84 85 86 90 92 94 96 98 
99 100 103 104 107 108 109 110 111 112 114 116 
119 121 124 126 127 130 131 133 136 137 140 141 
142 143 144 145 150 151 154 155 158 166 167 169 
170 171 172 174 177 179 182 183 185 190 196 198 
108
1 2 3 4 5 9 10 11 12 13 14 15 
18 19 20 22 24 25 29 33 37 40 42 47 
49 50 52 53 60 61 63 64 65 66 67 70 
71 72 74 75 78 80 81 83 85 89 93 94 
95 96 97 100 101 103 104 105 106 109 110 111 
116 121 125 126 128 130 134 135 136 137 138 139 
141 142 143 144 145 146 147 149 150 151 153 154 
158 159 162 163 164 166 169 171 174 176 178 181 
183 184 185 187 189 190 193 194 195 196 197 199 
100
1 3 7 8 13 14 17 18 20 21 23 27 
35 36 37 38 43 45 50 51 54 55 56 57 
58 59 61 62 63 65 66 70 72 73 77 79 
80 87 89 90 91 93 97 98 101 102 104 105 
106 108 111 116 118 119 121 122 124 125 126 127 
130 133 135 136 138 140 142 143 145 147 148 150 
152 153 156 160 162 164 165 166 167 168 170 171 
172 173 175 177 178 183 185 187 188 190 191 192 
193 194 197 199 
113
1 3 5 8 9 11 15 19 26 28 30 31 
33 36 39 40 42 43 44 46 49 50 52 55 
57 60 61 63 64 68 70 73 74 75 78 80 
83 84 87 91 93 94 95 99 100 101 103 105 
106 107 108 110 111 113 115 116 117 119 121 122 
123 124 125 126 127 128 132 133 134 136 139 140 
142 143 144 145 148 149 150 151 153 154 156 158 
159 160 164 165 166 167 172 175 176 177 178 179 
181 182 183 184 186 188 189 190 191 192 193 194 
196 197 198 199 200 
90
2 3 6 7 8 10 11 13 16 17 19 21 
24 25 28 30 36 37 38 39 41 43 46 47 
51 52 55 56 57 58 61 62 64 68 69 76 
77 80 83 85 86 88 89 96 98 99 102 105 
107 108 113 115 119 122 131 133 137 138 139 141 
143 145 147 148 149 154 155 157 160 161 163 164 
166 170 174 176 177 180 181 182 183 184 188 189 
190 191 194 195 198 200 
91
4 5 6 7 8 10 13 16 17 20 23 25 
27 29 30 32 33 34 36 38 39 40 44 45 
47 48 50 53 54 55 57 60 63 70 71 72 
77 78 84 85 86 87 89 92 93 94 98 99 
100 103 105 107 109 112 114 116 117 118 119 123 
125 129 131 132 133 135 137 141 142 144 146 151 
152 155 156 158 165 166 168 170 177 179 181 184 
185 188 189 191 193 195 199 
94
2 5 6 7 10 11 13 15 16 17 19 20 
22 25 28 31 32 33 34 35 38 39 45 46 
48 49 52 56 57 58 59 60 63 64 65 66 
71 76 77 78 79 80 81 82 84 85 87 94 
99 100 102 105 107 110 111 113 114 117 122 124 
125 126 128 134 137 139 140 141 143 144 145 146 
147 148 151 152 154 155 158 161 169 170 172 177 
178 182 187 189 191 192 193 195 198 199 
111
1 3 4 5 6 7 9 10 14 16 18 19 
20 21 23 24 28 29 32 37 38 40 42 44 
46 47 48 49 50 54 55 57 58 59 62 64 
66 67 69 72 74 75 78 80 81 82 83 89 
90 91 92 93 95 97 98 99 101 102 103 106 
107 108 109 110 114 115 118 120 121 124 125 126 
129 130 132 134 135 136 137 139 141 145 148 150 
153 155 156 158 161 162 163 165 166 167 168 169 
170 173 174 176 179 180 181 182 186 188 189 190 
192 197 198 
110
1 2 4 5 7 11 12 16 18 19 20 21 
23 26 27 28 31 32 34 36 40 42 44 46 
48 52 55 58 59 60 61 62 63 65 67 69 
70 71 73 74 75 76 77 78 82 83 85 88 
90 91 92 94 95 97 98 99 103 109 112 113 
115 117 120 121 123 127 129 130 131 133 134 135 
137 138 140 142 145 147 148 150 154 156 158 159 
160 161 162 163 164 165 166 167 168 170 172 176 
179 180 182 185 186 187 188 189 190 193 194 197 
198 200 
104
2 4 7 8 9 11 12 15 16 18 19 20 
21 26 28 29 33 34 39 40 41 42 43 44 
45 47 49 50 51 53 54 58 59 60 61 64 
65 69 70 71 72 73 75 78 80 84 88 90 
91 93 94 95 96 98 100 102 103 106 108 109 
112 113 116 119 120 122 123 127 130 132 133 134 
135 136 139 141 143 145 147 150 151 152 154 156 
157 159 163 164 165 171 173 174 177 178 180 182 
185 186 187 188 191 195 197 198 
107
1 2 3 4 5 8 11 15 19 20 21 24 
27 28 31 32 34 35 36 37 39 40 43 44 
48 49 50 51 52 53 54 55 57 58 59 60 
62 63 65 66 70 71 72 79 81 84 86 88 
89 92 93 94 95 97 98 102 105 107 110 111 
112 114 115 117 118 119 120 122 124 129 131 132 
135 141 142 143 144 147 150 151 154 155 157 158 
162 163 164 165 166 168 169 172 173 175 176 177 
178 180 181 185 187 190 191 194 196 197 199 
102
1 2 4 5 6 7 8 9 13 15 17 18 
19 20 21 22 25 28 29 35 36 37 39 42 
45 48 50 52 58 60 64 65 66 68 70 71 
72 73 74 76 77 78 80 81 86 88 90 97 
98 103 104 106 107 110 111 113 115 116 119 120 
124 128 131 136 137 138 140 141 143 144 145 150 
151 152 154 155 157 158 160 161 163 164 166 168 
169 170 172 174 176 177 178 181 185 186 189 191 
194 195 196 197 198 199 
92
2 4 5 6 7 17 19 22 24 25 27 29 
32 33 34 38 39 40 42 44 47 49 54 55 
59 61 62 64 65 66 67 68 69 72 75 78 
82 84 85 90 91 94 96 97 98 99 100 102 
104 105 106 107 108 109 112 115 116 117 118 120 
121 122 125 132 133 138 139 140 141 142 145 153 
154 156 160 161 163 164 165 169 170 171 172 173 
175 179 180 181 185 188 192 196 
97
4 7 9 13 15 16 17 23 24 27 28 29 
30 31 35 37 38 43 45 47 49 50 51 52 
53 54 55 57 58 59 60 61 63 66 67 68 
69 71 72 73 74 81 82 83 87 88 89 91 
100 101 108 111 119 120 121 122 123 124 125 127 
129 131 132 134 135 137 138 140 143 144 148 150 
152 153 154 155 156 157 158 159 162 163 170 172 
174 176 180 181 183 184 188 189 190 192 195 198 
200 
113
2 4 6 7 8 10 11 12 13 15 17 19 
20 23 27 28 29 30 31 33 36 37 38 39 
41 42 44 46 49 50 52 53 57 58 59 60 
62 63 65 70 71 73 74 75 78 80 81 85 
89 92 93 94 95 96 97 98 99 104 105 107 
109 110 111 112 114 117 121 123 126 128 129 130 
131 134 135 136 138 139 140 141 143 144 146 149 
150 151 154 155 158 159 160 161 162 167 168 169 
170 171 172 173 174 176 177 180 181 182 184 185 
188 189 194 196 197 
98
1 2 3 5 6 14 16 17 20 21 24 25 
26 27 30 32 33 34 40 42 43 48 49 50 
53 55 59 68 69 70 71 73 75 77 78 80 
81 82 84 85 89 91 92 94 95 100 102 106 
107 119 122 123 125 126 129 130 132 133 136 137 
139 140 142 143 144 145 148 153 155 158 160 161 
162 165 166 167 168 169 171 173 174 175 176 177 
180 181 183 185 186 187 189 190 191 193 194 197 
198 199 
98
3 6 7 9 11 12 14 17 19 21 22 25 
30 32 36 37 43 45 47 48 50 51 52 54 
56 61 62 64 66 67 70 74 78 81 82 86 
87 89 90 91 93 94 96 101 102 103 105 106 
107 109 110 114 115 117 121 123 124 125 126 128 
133 139 140 142 143 144 146 148 149 152 156 157 
158 159 160 161 162 163 169 170 173 174 175 176 
178 179 180 181 182 185 186 188 192 193 194 196 
197 198 
94
2 3 11 13 14 15 20 21 23 24 25 26 
30 33 34 36 38 41 43 44 48 52 54 55 
58 61 62 64 66 68 69 70 71 73 75 76 
79 83 84 88 89 91 93 98 99 102 104 105 
107 109 110 113 114 115 117 119 122 124 129 132 
133 135 139 140 143 144 145 146 147 151 154 155 
156 157 159 163 164 165 166 167 171 174 177 178 
181 183 185 186 187 189 190 192 196 198 
97
1 2 3 4 7 9 13 18 21 22 25 27 
28 34 36 37 39 40 42 45 46 47 50 51 
57 60 61 64 66 67 68 70 71 72 73 74 
75 76 77 79 81 83 84 87 89 90 92 95 
96 97 102 103 104 107 109 112 113 114 117 120 
121 123 127 128 129 130 135 139 142 145 146 147 
149 150 152 153 155 164 165 166 169 173 175 176 
178 179 180 185 186 188 189 190 191 192 193 196 
198 
98
4 8 9 10 11 12 15 16 17 19 21 22 
23 30 31 32 33 34 35 37 38 39 40 42 
45 47 48 49 50 51 52 53 56 59 60 62 
65 69 73 76 80 87 90 91 93 94 100 104 
105 106 107 109 110 111 112 113 114 115 117 121 
122 123 126 127 128 129 134 135 136 140 141 144 
146 147 148 152 154 155 157 158 159 160 161 162 
163 164 165 170 175 176 179 181 185 191 193 197 
198 200 
95
1 2 4 6 7 8 9 11 13 16 17 18 
21 22 23 25 26 28 30 31 39 45 46 47 
52 53 54 59 60 62 67 70 71 74 75 77 
78 79 82 85 90 91 94 95 98 104 105 108 
109 113 114 115 117 118 119 120 121 122 123 125 
126 128 129 131 134 138 143 148 149 151 153 155 
157 158 162 163 164 166 167 169 175 177 180 181 
182 184 185 186 188 192 193 195 196 198 200 
90
1 2 3 9 10 13 15 18 21 22 26 28 
29 31 34 35 38 42 44 47 49 50 53 54 
55 56 57 58 62 66 67 68 69 71 74 75 
76 78 81 82 83 89 91 95 99 101 103 104 
105 106 108 109 110 114 115 117 123 127 128 129 
130 131 132 133 136 138 139 140 148 149 151 155 
160 162 163 164 170 171 172 173 180 182 184 189 
190 191 194 195 196 197 
99
4 5 12 13 18 20 21 22 24 29 30 31 
32 34 36 38 39 41 43 45 47 49 50 51 
52 53 55 56 57 58 60 62 64 65 66 67 
68 69 72 74 75 76 79 81 82 85 88 89 
92 98 100 101 102 103 107 108 110 111 113 114 
117 123 124 126 127 130 131 134 137 139 141 142 
145 146 148 151 152 153 154 155 156 159 161 162 
163 164 166 168 169 173 174 179 180 186 187 190 
197 199 200 
101
1 4 6 7 8 9 13 14 16 19 20 21 
26 27 29 30 31 32 35 39 42 43 44 48 
50 53 55 57 58 62 65 67 68 73 74 82 
83 84 86 88 89 91 92 93 96 99 100 103 
104 105 106 108 109 111 112 114 115 118 119 120 
121 122 126 129 131 132 134 136 137 138 139 140 
141 143 145 146 148 152 153 157 162 164 165 166 
167 169 171 174 176 177 178 180 181 183 184 188 
192 193 194 196 199 
84
1 2 3 7 9 11 14 16 19 20 21 24 
26 27 28 30 32 35 38 40 41 43 47 49 
52 55 60 61 67 68 69 74 82 84 86 87 
89 90 93 97 103 105 109 110 112 115 116 117 
121 122 123 128 130 131 133 134 135 137 138 140 
141 143 145 146 149 151 152 155 156 158 161 162 
164 165 168 175 176 177 178 182 183 190 195 199 
95
1 4 6 7 12 14 17 18 21 23 30 31 
33 36 38 40 41 42 44 45 46 48 49 55 
56 57 59 64 65 66 76 77 79 80 83 84 
87 88 90 91 93 94 95 100 102 103 105 106 
108 109 111 113 115 117 121 123 126 129 130 132 
134 135 138 144 145 146 147 149 150 154 155 160 
165 168 170 171 172 176 177 178 179 180 181 182 
185 187 188 189 191 192 193 195 196 198 200 
95
2 5 8 12 14 18 19 20 22 23 24 25 
27 30 31 33 35 36 39 40 44 49 51 54 
61 64 65 67 68 69 71 74 76 77 79 81 
82 87 88 90 91 92 93 99 101 102 103 104 
107 108 110 112 113 114 116 118 119 121 122 128 
129 131 135 136 137 141 142 144 147 149 150 151 
153 157 160 161 162 168 169 170 173 176 177 178 
179 181 182 183 187 189 190 192 195 196 197 
78
1 9 13 14 15 19 24 26 27 28 34 37 
39 40 42 47 54 56 58 59 61 63 65 66 
67 68 71 73 74 76 78 82 85 88 90 92 
95 99 100 103 107 109 111 117 121 122 124 138 
139 140 142 145 147 148 151 156 157 158 159 160 
164 170 171 172 174 178 179 180 182 185 189 190 
192 194 195 197 199 200 
98
1 2 3 6 9 16 17 21 22 24 27 28 
29 30 33 37 38 39 41 47 50 51 52 53 
55 57 58 62 67 68 69 70 73 74 75 78 
80 82 86 87 89 91 93 95 96 97 98 99 
102 103 105 106 110 111 112 113 114 115 118 121 
122 125 126 127 129 132 133 134 141 142 145 147 
149 150 152 153 155 159 160 162 163 164 166 167 
173 174 179 180 181 182 183 185 189 191 192 195 
197 198 
109
2 7 8 9 10 11 14 15 17 19 22 23 
25 26 27 29 34 36 40 41 42 44 46 48 
52 53 55 56 57 58 59 61 62 63 64 66 
67 68 74 78 80 81 82 83 86 88 90 92 
93 94 96 97 98 100 101 103 104 107 108 109 
110 112 113 115 117 118 120 130 132 133 134 135 
139 140 141 144 145 147 149 151 152 154 155 156 
158 160 161 166 168 169 171 172 177 179 180 181 
183 184 185 186 187 188 189 191 192 194 196 198 
200 
103
2 3 5 8 9 12 14 17 19 21 22 26 
27 30 34 35 36 37 40 41 44 45 46 47 
48 49 52 54 57 58 59 60 62 63 65 66 
70 75 76 77 78 84 85 92 93 94 95 99 
100 102 103 104 110 111 112 115 117 118 119 121 
122 123 130 131 134 136 138 142 143 145 147 148 
149 150 151 153 154 155 156 158 160 163 165 169 
171 172 173 176 179 180 182 183 188 189 190 191 
192 193 195 196 198 199 200 
100
1 2 4 5 7 8 10 12 14 16 25 28 
30 32 33 34 36 40 41 42 43 45 46 47 
50 53 66 67 71 72 74 77 79 80 82 84 
85 91 93 96 97 100 102 103 105 106 108 110 
111 113 118 119 121 122 123 124 126 127 129 130 
131 133 134 135 137 138 140 142 148 152 154 155 
157 158 159 161 164 165 166 167 168 171 172 173 
175 176 177 178 179 180 181 182 183 187 188 192 
193 194 195 199 
102
1 8 9 12 15 19 21 24 26 27 30 32 
33 34 42 47 48 51 52 53 54 55 58 59 
60 61 63 64 65 67 70 71 72 74 75 78 
79 80 82 84 86 87 88 89 90 92 94 98 
100 106 108 111 112 113 114 117 120 121 122 124 
125 126 127 128 132 133 134 136 139 140 142 145 
146 147 148 149 150 151 153 154 160 163 164 165 
168 169 171 172 173 175 176 177 178 181 182 183 
186 187 190 191 195 198 
107
2 7 8 9 10 14 15 16 18 19 21 24 
25 27 28 33 36 38 40 41 43 45 46 52 
56 57 58 63 65 66 68 69 70 74 75 76 
78 79 80 81 83 84 85 86 87 91 92 93 
95 97 99 100 102 103 104 105 106 108 109 111 
113 118 120 121 122 123 129 130 132 133 134 135 
136 139 141 142 143 145 147 148 149 151 152 153 
157 158 160 161 165 167 170 171 173 176 177 178 
179 183 184 185 186 187 190 191 194 196 199 
106
1 2 4 6 8 9 13 18 19 22 24 27 
30 31 32 33 36 39 40 42 43 44 47 48 
50 52 54 55 56 58 63 64 65 66 68 69 
72 73 74 79 80 81 82 83 84 89 90 92 
93 95 97 99 100 102 104 106 108 109 110 111 
112 114 116 119 121 123 127 129 131 132 133 135 
136 140 143 144 145 146 147 152 153 154 155 156 
159 161 168 169 170 173 175 176 177 180 181 183 
185 186 188 190 192 193 195 196 197 200 
94
1 4 8 9 14 22 24 25 29 31 33 36 
37 39 40 43 45 46 47 48 49 50 53 56 
57 58 61 64 65 66 68 69 70 71 74 79 
83 85 86 87 90 94 100 102 103 106 107 109 
112 115 116 118 119 120 121 123 124 125 129 130 
131 132 133 137 139 140 141 142 143 145 147 151 
152 154 156 162 163 165 166 168 169 170 171 173 
177 178 179 181 182 183 185 195 197 199 
96
2 4 7 8 9 11 12 14 17 20 21 23 
24 26 27 29 30 31 36 38 40 48 49 52 
54 56 59 60 61 62 63 64 67 69 70 74 
76 83 84 85 93 95 97 100 101 102 104 105 
110 111 112 114 116 117 120 121 123 124 125 126 
127 128 129 130 132 134 135 136 139 140 141 144 
145 146 148 151 152 153 159 160 167 169 170 176 
179 180 182 184 185 187 188 189 190 193 195 196 
93
1 2 10 11 13 16 18 22 24 26 29 30 
31 34 35 36 37 39 47 49 50 51 53 54 
56 58 59 62 65 70 71 73 74 76 78 82 
84 85 90 91 93 94 98 99 102 103 104 105 
106 108 109 110 112 114 118 119 123 125 128 130 
131 132 137 138 142 143 144 146 148 150 151 156 
158 161 162 166 167 168 169 170 175 178 181 183 
184 185 187 189 191 192 195 198 200 
109
2 3 4 7 8 9 10 11 12 13 15 16 
18 21 23 24 25 27 28 29 33 34 35 36 
37 40 43 44 45 47 49 51 52 55 56 57 
58 59 64 65 67 68 71 72 75 77 80 81 
82 86 87 88 89 90 92 93 95 96 97 98 
105 107 112 113 117 118 119 120 121 124 128 130 
131 132 134 139 141 142 144 146 147 148 149 151 
157 159 160 166 167 169 171 172 174 175 176 177 
178 181 184 185 186 188 189 193 195 196 197 198 
199 
105
1 2 3 4 5 6 9 10 11 13 14 15 
16 19 20 21 23 24 27 28 29 32 36 39 
41 45 46 47 48 50 53 54 56 58 62 64 
65 66 68 69 70 72 73 74 79 80 81 83 
86 88 89 90 91 92 93 94 100 101 103 104 
109 111 112 113 119 120 122 123 127 128 130 131 
133 134 135 138 142 143 146 147 150 151 153 154 
157 159 160 161 162 165 169 170 171 172 173 174 
177 181 183 187 189 193 198 199 200 
89
1 4 5 8 9 12 16 17 19 20 21 23 
24 25 28 32 35 37 38 46 48 51 53 55 
60 63 66 68 69 73 75 78 79 81 82 83 
86 92 94 98 99 102 105 106 108 117 119 120 
121 123 124 125 126 129 133 134 135 136 137 139 
144 145 146 148 149 153 154 155 158 161 162 171 
172 173 174 175 176 178 179 181 182 183 189 190 
191 193 194 198 200 
95
5 6 9 11 12 14 15 18 22 24 25 26 
27 28 30 32 34 36 37 42 43 44 45 47 
49 51 56 59 63 65 66 69 74 78 79 83 
84 85 88 90 93 94 95 96 101 103 104 107 
109 111 112 114 117 120 121 123 124 127 128 129 
130 132 135 137 138 139 141 145 146 147 149 151 
152 155 157 159 161 162 164 166 169 173 174 179 
180 182 185 186 189 191 192 193 197 199 200 
113
3 4 5 6 7 8 9 10 12 14 15 17 
18 19 20 22 23 24 26 27 28 30 31 32 
33 36 37 40 41 42 43 44 45 46 47 52 
54 55 56 57 61 64 65 67 69 70 72 74 
75 76 79 80 83 84 85 86 87 88 89 90 
92 94 96 97 98 100 101 103 104 105 111 112 
113 115 119 120 121 122 123 127 134 137 139 141 
145 146 150 151 152 153 156 158 159 160 161 162 
164 166 169 171 173 174 175 177 178 179 183 185 
188 190 193 198 200 
106
1 4 5 6 7 9 13 14 15 16 18 20 
21 27 29 30 32 35 36 38 43 44 47 49 
50 51 55 56 57 58 61 64 65 66 67 69 
71 72 74 75 76 79 80 83 84 85 86 89 
90 94 96 97 101 102 103 104 109 110 111 115 
116 121 122 125 127 128 129 130 133 134 138 141 
146 148 149 150 151 153 156 157 159 160 162 163 
164 165 167 169 170 174 176 178 180 181 182 184 
185 186 188 189 190 191 192 193 194 198 
101
2 4 5 7 8 9 14 15 16 18 20 22 
23 24 25 26 27 29 32 36 38 41 44 47 
48 50 52 53 54 57 62 64 67 68 71 73 
75 76 79 80 81 82 84 85 91 95 96 98 
99 100 101 102 104 105 108 114 115 119 120 122 
132 134 137 139 140 141 144 145 149 150 151 152 
154 156 157 158 159 162 163 165 168 169 172 177 
178 179 181 183 184 186 188 189 190 191 192 193 
195 196 197 199 200 
102
6 10 15 18 23 24 25 27 31 33 35 36 
37 38 39 42 44 45 46 47 51 52 54 55 
57 60 64 67 68 69 70 73 74 77 78 79 
82 83 84 87 90 93 94 95 96 97 99 103 
104 105 107 109 111 112 114 117 118 119 121 122 
123 125 127 128 132 133 134 135 136 138 140 141 
146 149 151 155 156 157 158 160 162 164 165 168 
170 171 174 176 177 178 180 183 186 187 189 191 
193 194 195 197 198 199 
