200 100
1 1 1 1 1 1 1 1 1 1 1 1 
1 1 1 1 1 1 1 1 1 1 1 1 
1 1 1 1 1 1 1 1 1 1 1 1 
1 1 1 1 1 1 1 1 1 1 1 1 
1 1 1 1 1 1 1 1 1 1 1 1 
1 1 1 1 1 1 1 1 1 1 1 1 
1 1 1 1 1 1 1 1 1 1 1 1 
1 1 1 1 1 1 1 1 1 1 1 1 
1 1 1 1 
19
4 6 7 8 16 20 26 35 40 41 50 57 
64 67 71 81 89 91 94 
16
1 28 32 34 47 48 53 54 66 67 75 81 
91 93 95 96 
13
14 22 23 25 32 38 40 70 71 82 83 94 
96 
6
63 78 79 83 90 95 
11
21 22 32 39 41 50 51 58 59 89 91 
12
4 7 16 18 35 42 52 57 59 61 68 89 
12
7 21 23 39 41 42 47 51 83 84 85 88 
2
7 34 
13
9 28 31 46 59 64 67 72 83 91 95 97 
99 
6
35 61 73 91 97 100 
12
5 11 18 42 67 70 74 75 80 85 88 90 
16
14 15 18 21 22 24 27 32 38 45 51 57 
75 85 87 94 
6
3 9 22 59 83 93 
10
8 49 56 64 65 67 71 73 75 88 
10
25 39 48 52 56 59 69 75 80 90 
14
8 17 19 33 51 53 78 81 84 88 90 91 
97 98 
13
3 4 19 21 22 23 47 50 54 70 78 87 
97 
12
10 18 19 35 51 66 69 84 88 92 93 98 
8
9 24 27 35 48 50 58 84 
10
8 22 37 42 48 55 59 76 78 96 
11
8 10 19 25 30 39 48 67 77 87 100 
10
4 8 9 22 48 56 57 75 76 81 
8
18 43 48 59 65 86 87 100 
6
4 6 24 65 70 93 
11
6 13 19 23 27 42 46 50 52 75 90 
12
2 20 34 37 43 48 52 55 59 65 93 100 
10
43 48 50 63 68 69 76 89 90 100 
8
10 12 29 44 72 75 92 94 
6
17 23 44 46 54 85 
15
8 10 12 14 17 21 22 23 38 58 63 89 
93 97 99 
13
3 5 11 16 40 52 54 62 67 68 69 89 
95 
5
19 28 42 80 99 
6
14 21 28 58 71 79 
5
1 2 9 28 35 
9
7 22 25 27 43 58 69 72 87 
17
6 19 23 29 34 40 41 45 53 54 55 62 
68 85 87 91 94 
10
6 13 33 56 65 66 72 84 88 98 
7
27 40 74 86 90 91 97 
12
3 6 9 17 18 47 54 55 60 77 90 98 
13
3 6 17 22 27 46 62 65 82 88 89 91 
96 
8
19 40 43 56 59 84 90 95 
12
7 9 10 22 28 38 41 43 61 82 93 99 
9
3 10 12 20 21 32 41 45 48 
7
22 41 50 56 60 83 99 
11
3 14 28 29 30 36 52 60 72 73 87 
15
10 14 17 19 20 22 23 41 60 63 66 72 
73 90 91 
12
23 48 59 62 67 68 73 78 81 90 92 99 
11
4 21 23 30 43 47 62 74 76 80 88 
7
18 19 40 49 63 71 72 
12
10 15 31 32 57 64 74 77 83 84 87 91 
8
5 8 19 35 45 48 50 90 
9
2 6 15 18 25 37 46 72 92 
9
1 2 11 17 18 57 75 77 78 
9
2 24 28 32 44 45 47 56 94 
10
3 18 22 29 36 39 41 49 62 72 
10
7 16 22 43 48 51 59 75 84 99 
12
17 27 29 30 61 66 69 70 72 84 91 99 
13
3 4 16 24 30 42 49 53 65 75 76 91 
98 
15
4 5 7 18 19 20 27 52 57 58 63 82 
88 95 99 
10
6 8 20 23 26 34 55 60 67 98 
11
5 8 25 39 42 47 54 66 77 91 98 
9
13 22 26 31 39 49 56 60 100 
20
5 8 18 24 29 36 39 40 41 44 46 48 
55 62 64 81 83 94 96 100 
9
3 36 40 54 63 78 87 94 97 
6
3 15 69 82 83 88 
10
3 4 6 14 15 22 46 50 51 85 
10
24 39 42 46 57 62 68 87 93 96 
15
1 6 7 9 17 18 21 42 48 54 64 71 
73 95 97 
10
4 5 14 29 31 36 48 67 87 93 
8
26 34 49 60 77 81 95 98 
4
1 16 48 84 
7
28 34 39 57 58 66 85 
11
31 39 55 56 59 61 70 80 88 92 100 
5
9 32 45 49 51 
13
7 19 20 21 31 35 36 38 68 69 74 75 
76 
6
6 16 17 37 74 79 
11
2 7 19 21 40 44 68 91 92 98 99 
9
16 37 40 53 67 69 95 96 98 
10
2 25 39 50 69 81 83 92 94 97 
9
3 13 21 34 44 63 91 92 96 
7
38 41 49 72 74 77 82 
9
8 20 26 34 37 44 47 61 88 
5
49 72 75 88 91 
10
19 42 46 51 58 62 75 84 85 91 
12
7 30 33 42 47 50 55 56 59 65 82 89 
8
7 21 23 31 40 51 73 91 
7
37 40 52 60 61 65 99 
6
6 9 32 47 76 81 
11
14 23 26 34 37 42 50 55 71 86 93 
12
15 17 18 33 34 40 61 69 71 77 87 96 
10
8 20 26 41 47 56 64 67 79 91 
12
9 19 34 45 50 53 62 68 80 88 90 98 
13
1 3 37 42 48 54 61 68 81 83 87 89 
92 
14
7 15 28 45 54 55 56 62 64 67 80 85 
86 96 
7
7 10 55 60 70 71 88 
9
13 34 36 58 59 62 69 92 99 
12
6 17 23 32 47 51 57 59 61 72 81 82 
9
20 35 38 40 44 45 47 76 88 
8
27 39 43 51 58 59 67 97 
2
24 73 
11
9 11 14 20 30 31 41 53 54 67 97 
5
32 73 89 94 99 
12
2 16 17 24 30 42 48 52 75 83 92 100 
14
7 12 13 14 18 21 26 31 36 40 64 81 
83 92 
9
11 50 60 61 70 74 75 86 91 
8
2 3 5 29 37 70 80 85 
12
7 22 25 26 48 52 55 61 85 89 93 100 
13
7 18 30 50 53 54 59 63 73 75 88 97 
100 
10
1 2 10 17 26 38 48 65 89 97 
10
3 10 21 38 42 51 67 69 92 97 
12
16 39 45 49 50 63 64 65 69 75 80 98 
10
12 13 40 41 46 65 70 78 80 82 
7
1 30 34 35 58 64 89 
6
1 10 18 26 28 75 
8
4 18 31 33 34 37 46 59 
12
6 11 17 29 37 51 61 80 88 90 98 99 
10
2 4 19 33 36 41 65 81 85 86 
12
3 7 14 21 22 23 48 49 53 65 84 95 
14
5 7 9 10 23 26 27 44 46 57 71 81 
82 90 
9
6 29 30 60 62 72 96 99 100 
9
23 25 43 51 54 56 67 83 99 
14
4 15 17 26 27 28 39 41 55 57 63 82 
83 100 
17
6 8 16 24 40 52 61 62 66 70 78 85 
91 92 97 98 99 
10
2 15 30 54 74 75 78 89 92 96 
9
7 26 29 49 51 55 61 88 90 
10
3 18 37 54 59 73 76 80 84 93 
8
10 23 25 38 44 74 76 77 
11
12 18 22 24 29 34 36 66 77 89 92 
9
18 31 65 67 72 75 79 89 99 
11
1 5 38 44 52 62 70 78 87 93 99 
10
10 13 27 28 38 62 63 83 86 100 
12
10 18 38 42 51 62 63 73 74 91 94 95 
7
6 17 19 21 50 52 93 
16
2 8 19 20 22 32 42 46 55 57 58 75 
82 83 94 98 
11
11 13 15 27 33 43 50 65 81 87 96 
8
7 12 24 29 61 65 91 98 
10
17 18 20 56 57 65 80 87 93 99 
13
11 19 21 37 45 60 68 73 78 80 82 88 
92 
17
2 4 28 33 34 36 37 43 44 63 66 71 
80 85 91 96 100 
16
4 9 20 32 34 35 54 56 69 72 75 79 
80 88 94 97 
11
1 6 21 36 47 50 64 66 80 98 99 
9
3 8 29 49 59 69 82 83 93 
9
13 21 32 33 41 47 68 85 100 
9
6 30 34 59 63 65 67 81 94 
10
6 14 29 54 55 65 71 80 88 94 
9
2 4 21 37 43 44 57 63 81 
8
29 31 34 52 58 76 90 91 
13
1 6 9 18 28 30 42 48 53 60 70 87 
95 
10
3 10 37 49 59 63 81 92 94 95 
7
21 27 44 53 84 89 92 
10
9 27 28 54 55 75 79 86 94 98 
13
1 5 16 22 41 43 50 60 62 77 86 90 
96 
8
24 34 36 46 53 73 80 100 
12
2 4 11 19 38 39 44 60 75 84 92 100 
10
1 14 23 25 52 60 61 71 82 92 
12
2 7 11 12 13 25 59 63 70 73 81 86 
15
2 4 5 8 9 23 25 27 30 39 47 66 
81 94 96 
9
6 8 20 31 47 48 55 91 93 
9
24 25 48 54 59 60 69 79 85 
6
18 29 44 60 75 99 
8
7 8 39 43 83 85 87 98 
10
1 19 27 34 39 41 50 53 73 98 
6
4 18 26 85 93 98 
14
1 5 7 16 18 25 34 41 44 47 59 67 
79 85 
8
9 23 26 37 44 77 88 99 
4
24 55 68 75 
9
8 25 49 60 62 63 68 81 91 
10
1 5 31 57 60 66 80 83 93 99 
14
7 18 28 34 35 51 56 63 70 77 90 95 
97 99 
16
1 2 8 11 17 18 22 28 31 33 35 42 
74 83 86 91 
14
12 13 22 29 43 45 51 62 63 68 74 82 
84 86 
9
10 22 39 40 42 54 59 84 88 
7
14 29 36 48 59 69 85 
10
8 30 36 44 55 60 62 67 89 98 
11
11 14 17 22 43 49 59 67 71 90 93 
11
1 13 14 22 29 40 43 51 55 66 82 
12
3 5 10 21 26 29 32 43 48 63 69 71 
9
3 11 18 44 46 49 50 88 93 
12
3 5 10 12 14 49 72 77 82 88 91 98 
5
29 41 45 53 66 
16
4 7 11 16 18 19 24 26 27 39 55 60 
73 81 90 92 
10
23 30 33 39 60 63 73 74 76 81 
13
4 7 12 19 20 28 30 70 71 77 82 83 
98 
8
2 6 30 58 60 70 84 91 
9
2 7 12 19 29 34 54 82 94 
9
3 10 13 34 37 38 77 84 93 
8
5 16 52 59 71 74 95 96 
12
3 6 8 10 19 22 31 33 48 77 87 92 
11
24 25 30 37 58 62 63 65 84 98 99 
10
1 18 29 30 38 46 61 64 81 83 
14
2 20 26 28 38 39 41 46 57 65 73 83 
94 98 
10
7 8 26 55 59 60 70 75 77 93 
12
7 21 23 34 46 67 72 83 91 95 97 98 
7
6 28 30 39 46 74 87 
11
13 18 19 21 38 69 70 71 80 88 96 
11
12 14 23 24 26 30 59 61 84 94 95 
12
11 16 17 61 68 69 74 79 86 94 98 100 
8
3 24 46 53 60 72 74 91 
9
3 8 14 27 48 51 66 69 87 
12
10 14 21 38 44 45 60 71 76 77 85 94 
