400 200
1 1 1 1 1 1 1 1 1 1 1 1 
1 1 1 1 1 1 1 1 1 1 1 1 
1 1 1 1 1 1 1 1 1 1 1 1 
1 1 1 1 1 1 1 1 1 1 1 1 
1 1 1 1 1 1 1 1 1 1 1 1 
1 1 1 1 1 1 1 1 1 1 1 1 
1 1 1 1 1 1 1 1 1 1 1 1 
1 1 1 1 1 1 1 1 1 1 1 1 
1 1 1 1 1 1 1 1 1 1 1 1 
1 1 1 1 1 1 1 1 1 1 1 1 
1 1 1 1 1 1 1 1 1 1 1 1 
1 1 1 1 1 1 1 1 1 1 1 1 
1 1 1 1 1 1 1 1 1 1 1 1 
1 1 1 1 1 1 1 1 1 1 1 1 
1 1 1 1 1 1 1 1 1 1 1 1 
1 1 1 1 1 1 1 1 1 1 1 1 
1 1 1 1 1 1 1 1 
20
9 22 25 31 45 58 101 102 124 125 126 130 
136 140 150 153 173 180 191 194 
24
14 22 32 35 47 57 58 62 69 76 77 84 
100 104 105 106 120 121 138 170 171 172 198 200 
22
16 19 57 64 65 73 79 83 94 98 110 129 
137 150 170 175 176 177 181 188 193 196 
22
9 19 42 52 53 57 68 83 86 92 93 113 
134 150 154 158 162 164 172 184 185 194 
27
17 20 31 45 55 61 63 64 72 77 82 83 
86 88 92 97 117 119 131 140 141 155 165 174 
184 193 197 
19
14 15 48 60 66 68 75 79 89 111 116 121 
151 153 170 176 189 193 197 
19
2 12 29 35 38 47 64 65 69 73 80 92 
112 124 139 142 154 192 199 
20
16 20 31 44 51 60 77 82 101 110 113 123 
129 137 141 146 165 173 177 184 
23
7 8 30 55 60 83 85 86 89 95 96 107 
115 117 123 124 132 144 154 167 174 190 193 
22
2 11 14 15 30 53 64 70 74 75 88 101 
109 128 131 135 144 150 152 165 179 199 
12
7 32 45 82 87 92 101 119 125 133 171 177 
36
3 9 12 15 17 20 29 30 47 52 54 63 
65 66 71 73 86 93 95 99 107 115 124 129 
138 150 162 163 164 175 176 178 182 185 191 194 
16
6 46 54 56 60 70 100 103 113 121 126 139 
162 181 187 190 
17
14 26 49 70 90 92 101 113 114 120 127 142 
154 176 185 199 200 
24
8 20 27 29 30 37 41 43 49 68 118 119 
129 135 140 150 151 155 163 165 176 177 195 199 
22
9 15 25 35 76 85 90 96 98 99 101 104 
116 117 118 136 143 144 145 166 179 196 
20
30 37 45 48 54 57 70 74 75 89 98 110 
113 114 138 166 179 196 197 200 
21
12 19 20 34 38 55 56 66 67 73 98 103 
108 126 141 165 167 175 180 189 190 
15
1 2 3 30 31 33 54 142 153 154 164 176 
185 198 199 
13
23 28 37 56 105 116 128 131 137 139 152 173 
187 
18
15 18 21 24 35 50 72 78 80 88 104 116 
132 166 178 181 182 187 
18
4 18 27 46 50 56 62 65 70 71 73 87 
98 126 129 138 180 188 
18
12 24 29 34 35 56 63 65 82 100 114 125 
135 137 154 156 187 198 
15
16 17 20 37 50 60 83 121 128 135 137 142 
149 191 193 
25
4 5 17 21 22 36 51 70 76 78 93 98 
102 104 105 112 114 124 147 167 182 184 192 198 
200 
25
14 22 29 45 46 47 68 73 80 87 92 101 
106 110 118 128 136 143 146 148 176 177 179 185 
200 
20
17 30 34 35 43 57 61 73 82 97 104 114 
117 120 126 147 151 168 171 189 
23
2 24 27 45 53 57 66 68 71 89 110 122 
123 125 138 152 156 157 159 161 191 196 198 
22
4 49 51 55 65 69 71 74 91 102 115 126 
129 130 133 135 139 149 173 178 190 195 
21
4 11 30 31 35 62 76 87 89 94 104 121 
124 135 155 161 163 193 194 197 199 
27
4 5 11 12 37 69 78 89 97 101 106 111 
127 128 129 130 133 165 170 175 180 188 189 193 
195 196 200 
13
24 31 62 65 82 112 114 120 163 177 180 187 
198 
11
7 20 32 54 67 105 123 155 164 187 189 
32
12 13 18 23 26 53 75 78 79 97 101 102 
108 119 122 126 134 137 138 139 140 143 149 159 
161 167 169 170 184 189 190 198 
16
25 47 52 74 92 102 105 120 125 153 158 160 
171 177 180 181 
21
3 12 29 31 34 38 62 73 106 119 124 125 
140 143 152 154 165 167 170 177 192 
25
2 16 21 31 33 48 51 54 56 68 72 75 
83 89 109 112 113 114 120 121 135 136 145 157 
184 
21
3 9 17 23 25 26 28 31 33 79 84 86 
88 95 102 108 118 122 141 158 184 
18
36 42 52 61 83 84 87 88 101 103 127 133 
153 157 180 187 194 195 
13
10 14 21 39 40 65 79 82 126 160 187 190 
200 
23
6 11 17 22 26 34 39 47 51 53 75 90 
91 108 112 121 156 165 168 169 178 187 193 
16
12 52 56 81 94 95 102 108 120 135 160 167 
171 185 187 198 
27
1 4 5 13 15 18 30 36 46 47 66 77 
85 86 94 95 107 122 131 140 147 156 164 167 
181 184 195 
23
4 6 10 11 15 20 21 49 52 59 63 82 
88 102 107 108 124 127 129 137 147 160 174 
19
9 11 18 21 34 35 40 41 70 73 83 101 
104 113 129 137 153 161 166 
24
4 45 47 54 59 77 81 84 103 105 111 116 
122 123 131 136 146 149 152 153 155 185 187 200 
21
7 14 30 32 39 63 66 73 77 108 110 145 
146 150 152 167 174 177 184 195 196 
23
32 38 47 62 78 79 82 95 102 103 112 127 
128 147 151 164 173 175 182 183 191 192 197 
15
23 52 59 66 85 108 112 113 127 156 158 162 
173 190 194 
23
6 10 16 22 24 27 32 43 49 53 54 56 
61 69 81 83 121 147 164 169 180 183 186 
19
5 10 18 29 36 41 44 62 79 87 93 94 
102 134 148 152 157 174 177 
17
2 4 29 34 36 48 56 76 79 81 93 95 
103 142 148 152 196 
23
5 7 28 39 40 46 48 54 59 61 62 77 
89 96 111 113 127 139 156 158 177 187 198 
19
9 12 16 17 37 55 67 69 94 108 120 126 
140 153 154 169 179 183 192 
23
16 23 31 35 45 83 95 99 100 104 110 119 
128 131 133 135 146 156 157 160 163 171 173 
23
2 23 25 34 36 40 43 46 54 56 68 82 
84 86 117 125 129 134 147 162 170 189 192 
20
2 4 35 47 56 57 65 70 76 80 84 90 
115 118 150 157 159 184 189 198 
20
2 17 21 51 58 72 86 93 113 118 121 126 
150 151 161 168 179 181 182 192 
19
14 16 23 33 45 46 66 77 99 100 109 113 
115 123 134 137 165 182 190 
20
2 3 17 38 43 46 55 56 60 69 72 96 
101 110 114 116 119 151 193 194 
22
4 7 18 19 44 47 51 64 68 75 77 81 
92 93 95 98 106 128 161 164 167 178 
22
17 20 27 39 49 51 59 66 72 83 107 110 
125 131 133 139 142 153 155 157 158 170 
17
7 15 25 31 36 42 43 74 79 108 109 130 
132 147 169 171 186 
19
5 6 46 62 85 86 88 90 93 139 140 146 
148 153 166 178 181 185 191 
17
2 5 17 22 56 58 87 107 108 125 138 154 
171 181 190 192 200 
13
3 4 11 18 29 48 76 79 84 103 179 181 
182 
25
2 5 6 8 13 15 28 55 63 72 86 89 
97 108 132 134 136 138 149 157 165 171 177 183 
197 
18
18 19 33 51 57 73 90 94 99 136 139 144 
152 154 155 158 159 189 
18
1 25 26 31 39 52 54 59 74 78 85 89 
141 142 144 157 181 194 
22
2 7 8 10 29 39 50 66 73 82 83 92 
96 119 127 134 141 144 149 151 152 153 
18
1 2 3 4 10 14 50 51 59 125 145 162 
173 174 176 187 189 198 
16
37 41 67 75 80 95 98 128 136 143 166 172 
173 177 178 183 
15
2 11 21 22 68 76 95 148 160 164 180 193 
195 196 198 
16
6 10 11 12 16 24 31 32 56 58 71 140 
161 169 181 193 
17
5 17 23 41 44 48 71 85 101 106 109 120 
128 142 157 160 185 
24
11 12 14 18 33 45 46 49 52 58 62 91 
105 118 121 124 134 135 143 144 164 170 180 182 
17
11 13 23 26 31 40 58 59 79 89 100 141 
169 171 174 178 188 
17
12 20 23 56 96 110 114 117 118 126 129 136 
140 150 153 174 194 
18
11 12 16 34 54 62 71 100 131 142 144 145 
158 163 167 176 177 200 
21
10 16 35 45 47 54 55 76 83 88 105 108 
117 126 127 145 146 154 156 165 169 
27
1 2 3 8 10 13 18 23 24 55 57 69 
77 78 94 95 104 111 130 146 152 163 176 181 
188 195 200 
12
6 15 20 50 89 144 154 155 158 171 180 187 
17
13 25 41 49 58 60 95 98 99 120 126 130 
163 183 187 188 193 
20
5 17 19 31 39 44 49 50 67 74 97 116 
139 149 153 156 159 192 195 198 
24
18 20 23 27 34 38 41 49 52 53 58 71 
76 92 93 99 109 113 129 141 166 180 184 197 
21
23 25 37 38 41 44 46 52 67 71 72 81 
111 132 136 143 148 153 177 184 197 
18
7 11 34 50 55 58 71 73 80 84 95 125 
139 142 161 173 188 196 
22
5 10 12 19 55 82 88 90 93 104 105 107 
108 119 148 157 162 163 167 169 184 192 
17
6 17 40 57 64 67 74 89 90 101 103 110 
123 130 148 184 186 
15
19 32 38 48 75 108 109 114 116 124 151 156 
167 182 183 
23
11 16 21 27 38 44 52 61 82 100 102 114 
140 149 150 153 160 174 175 180 183 184 197 
19
17 24 30 32 36 55 64 69 115 118 135 137 
146 151 160 168 171 179 192 
18
6 16 20 28 31 61 84 93 104 117 121 122 
150 156 157 167 174 185 
18
37 48 60 63 67 82 90 94 96 101 121 125 
132 146 153 162 164 189 
22
6 17 26 31 42 45 54 55 73 84 96 106 
107 114 115 119 168 173 180 186 197 200 
14
4 6 36 51 54 74 91 97 103 104 141 142 
155 197 
26
1 5 11 17 30 58 59 60 64 68 82 90 
92 95 106 114 116 119 124 128 145 157 160 170 
174 188 
22
2 15 23 28 45 47 57 69 70 71 78 119 
127 136 138 141 143 153 163 171 185 191 
26
18 27 35 50 58 60 71 75 80 84 95 100 
104 113 116 121 123 127 132 135 142 147 149 161 
176 196 
16
3 10 15 23 31 36 37 41 54 83 97 107 
114 129 139 145 
18
19 23 26 30 37 42 59 78 87 91 95 100 
110 136 149 157 163 173 
18
5 7 9 22 61 72 87 100 103 114 115 117 
120 122 162 177 178 200 
18
5 6 15 34 49 50 58 63 74 79 103 104 
112 142 145 173 183 188 
17
19 50 54 57 65 72 80 82 103 109 115 127 
128 149 173 176 187 
20
22 29 47 50 55 71 75 80 83 86 108 116 
131 132 140 148 174 186 196 198 
18
7 26 40 52 65 76 90 101 105 122 126 137 
154 168 170 171 187 194 
19
7 29 34 35 38 41 68 75 83 104 113 118 
126 159 167 168 187 195 197 
22
5 10 15 17 18 24 53 68 72 77 82 91 
123 125 130 132 144 150 166 168 192 194 
23
1 7 15 18 21 35 36 40 48 51 64 70 
83 88 96 97 110 151 154 157 165 169 186 
16
15 25 26 54 66 67 86 115 117 122 130 133 
135 152 180 185 
21
8 33 43 81 87 93 97 100 106 115 132 138 
148 152 155 161 168 175 181 189 199 
17
4 18 35 40 49 72 78 98 101 118 119 126 
150 169 171 174 196 
23
10 29 34 38 46 52 54 65 80 88 90 93 
111 117 119 130 132 147 159 167 176 185 200 
16
25 55 78 79 85 105 132 137 165 174 175 179 
181 186 188 195 
18
7 35 43 63 66 71 79 100 104 116 131 159 
168 175 185 186 194 198 
27
19 29 36 37 40 41 42 51 57 67 78 79 
87 107 115 118 119 121 123 157 158 162 163 166 
175 178 195 
26
4 9 30 33 34 47 52 55 77 83 84 96 
98 116 117 126 127 128 146 161 163 166 183 184 
189 193 
18
2 3 9 28 54 59 67 68 72 86 96 97 
104 124 126 142 150 191 
19
14 21 49 58 62 84 85 104 115 118 125 137 
164 174 186 188 190 191 198 
17
6 8 27 29 53 55 62 72 134 142 149 165 
171 178 186 189 200 
21
8 12 18 36 39 44 51 53 60 77 86 89 
93 106 122 144 171 173 175 185 197 
22
11 30 35 38 64 75 81 98 105 114 116 151 
156 160 165 172 176 183 189 194 196 200 
28
7 18 20 23 27 39 43 50 58 62 68 74 
89 91 99 107 121 124 135 138 149 162 168 169 
179 191 192 200 
35
2 9 23 28 34 35 43 46 47 56 57 70 
71 85 86 93 100 104 111 114 119 133 134 137 
138 145 155 165 168 180 183 187 191 196 197 
12
27 28 31 71 80 110 111 118 136 159 176 183 
22
9 10 14 19 21 27 28 31 40 41 50 55 
65 72 98 99 123 151 156 162 169 174 
24
1 5 9 16 27 37 61 63 73 74 92 106 
109 115 125 139 145 170 174 175 189 191 195 196 
15
11 20 34 36 41 42 46 63 65 78 126 129 
141 184 198 
16
23 81 92 96 101 111 112 120 126 152 156 163 
168 175 180 187 
19
11 12 15 22 34 38 56 63 93 114 122 127 
129 142 161 174 193 194 199 
27
2 5 27 44 45 56 81 82 86 92 108 113 
115 130 136 139 141 146 156 163 165 174 176 180 
183 187 190 
23
1 3 8 23 29 54 59 67 90 93 98 100 
105 109 112 118 145 148 154 162 167 190 195 
21
3 19 22 41 56 58 71 77 89 91 101 113 
122 126 128 129 136 146 169 184 190 
24
2 7 8 14 16 23 31 48 50 59 64 65 
75 93 101 112 121 132 145 158 167 171 188 198 
21
1 13 14 33 47 58 65 76 84 95 97 115 
121 123 124 128 142 151 163 171 176 
19
7 16 22 25 36 42 52 56 60 64 73 101 
118 130 132 161 178 182 187 
18
12 18 55 60 61 64 68 88 97 129 130 145 
146 160 167 189 193 199 
19
6 19 21 39 41 47 49 60 64 69 74 96 
128 130 145 149 153 164 173 
22
1 9 22 23 48 73 76 80 101 102 103 104 
106 110 125 147 150 173 174 178 185 188 
23
5 11 20 30 59 71 73 84 88 93 95 109 
114 119 122 127 134 137 151 153 159 173 185 
25
1 30 36 37 41 42 64 66 70 73 80 93 
99 125 135 136 142 147 154 155 159 161 181 184 
193 
13
35 40 48 61 69 93 132 137 154 157 162 171 
192 
18
32 43 58 68 76 80 102 108 118 137 140 146 
152 157 158 168 176 192 
32
2 11 12 16 30 34 39 40 41 46 52 66 
70 71 78 95 99 100 104 109 116 127 131 147 
148 149 162 165 174 184 195 196 
15
8 28 34 61 81 86 96 112 127 144 152 155 
172 177 193 
17
6 12 25 37 50 63 81 84 91 119 124 149 
153 163 164 172 189 
22
37 49 56 60 62 82 83 92 107 110 120 121 
122 133 134 142 145 167 174 182 187 192 
14
7 13 23 26 27 41 76 97 104 119 120 121 
141 154 
23
5 15 32 34 56 82 105 107 115 125 126 144 
151 153 172 174 177 179 189 190 194 199 200 
15
2 3 29 60 64 69 83 87 101 127 130 134 
165 170 173 
26
1 3 32 39 42 43 63 74 75 85 86 87 
96 99 116 121 136 137 140 141 148 166 167 168 
189 194 
26
10 24 49 62 68 87 88 99 107 109 114 116 
120 121 126 127 134 136 145 146 150 158 168 181 
186 198 
17
2 11 17 32 48 54 59 63 106 129 131 138 
142 144 147 186 193 
18
7 14 21 25 31 64 68 71 92 103 109 124 
134 140 141 168 191 199 
16
4 27 36 38 40 42 48 50 83 84 115 123 
137 154 161 162 
17
2 5 10 21 57 68 75 80 89 93 122 125 
139 146 150 168 183 
18
14 24 26 31 39 43 54 81 88 97 110 124 
152 162 174 182 193 194 
27
3 5 9 18 28 31 38 62 70 73 77 90 
97 103 107 109 116 118 130 131 150 152 157 158 
160 191 196 
15
7 36 51 54 75 96 113 135 141 151 159 169 
174 183 194 
26
10 25 30 50 57 60 66 70 71 83 87 90 
97 122 126 129 144 145 146 149 162 166 168 171 
181 186 
15
28 37 40 56 64 113 133 146 152 160 187 191 
192 193 194 
21
4 26 30 39 40 43 58 62 101 115 135 148 
157 168 172 176 183 188 194 195 197 
22
4 19 31 34 37 39 47 65 70 72 88 97 
108 128 132 133 137 140 154 163 187 195 
19
6 16 18 20 45 47 58 59 70 97 114 120 
134 138 144 167 173 195 198 
21
7 15 16 21 28 54 58 67 72 76 78 85 
118 120 134 153 155 156 181 189 200 
16
9 19 20 43 51 67 84 96 98 133 135 136 
151 158 184 192 
20
3 32 46 51 54 57 68 72 74 76 80 102 
104 119 125 146 168 184 190 191 
18
11 20 23 32 47 57 61 79 84 88 118 152 
156 162 169 183 190 199 
14
20 34 36 51 61 66 106 116 127 146 147 169 
177 197 
18
9 16 60 73 83 92 95 96 101 103 115 118 
127 130 157 158 169 180 
23
8 15 17 19 20 38 60 63 65 77 86 87 
88 126 142 144 155 156 158 166 177 189 200 
18
33 35 52 78 99 105 111 128 134 138 142 160 
162 167 174 183 187 197 
20
2 22 31 33 46 51 58 64 67 78 103 109 
122 138 147 165 174 189 194 199 
21
1 19 22 25 31 35 37 55 63 68 83 139 
143 155 168 170 171 172 178 183 191 
21
2 3 8 12 16 53 67 69 71 81 85 98 
101 114 134 141 162 168 188 189 199 
14
2 24 34 41 49 57 59 64 83 107 143 150 
159 173 
11
27 30 34 90 97 117 146 165 169 179 200 
17
6 14 42 47 75 95 99 123 124 132 149 157 
167 183 190 192 199 
18
21 26 34 38 41 56 60 77 79 110 134 142 
155 162 164 173 176 186 
17
32 60 63 69 87 88 96 103 106 107 130 133 
147 150 160 167 194 
20
8 9 16 50 57 58 60 67 83 91 96 102 
107 122 135 140 152 169 182 186 
21
12 18 25 38 43 52 62 66 74 79 95 96 
98 100 123 134 161 175 180 183 191 
18
5 7 32 57 60 62 74 75 81 98 116 124 
127 153 169 185 194 200 
12
34 35 36 39 73 96 107 129 169 186 188 198 
13
13 32 34 37 71 90 103 114 136 143 152 175 
198 
17
5 13 15 27 28 37 50 60 82 113 125 131 
132 172 191 196 200 
26
2 7 15 27 35 42 43 57 58 69 78 82 
106 117 120 130 139 143 160 164 181 185 187 190 
197 200 
28
3 4 5 7 15 17 25 35 36 72 77 92 
93 97 98 104 106 107 123 129 138 141 147 150 
158 176 177 181 
16
1 3 43 45 77 85 88 115 119 134 150 170 
173 175 187 199 
21
1 3 7 16 22 23 42 48 57 67 79 82 
92 94 100 130 153 155 168 193 194 
27
8 9 24 25 27 30 32 36 37 55 70 73 
83 88 100 103 108 112 116 136 142 143 153 155 
184 188 198 
26
4 19 20 23 26 50 54 56 62 72 74 78 
81 123 129 131 137 142 143 145 148 151 171 178 
184 194 
24
11 21 26 42 43 52 58 64 71 86 102 105 
109 123 138 143 155 158 166 172 181 194 196 199 
22
4 11 16 18 35 46 76 78 86 97 113 118 
125 137 143 152 174 178 179 193 196 198 
15
46 56 67 76 81 107 108 112 121 127 135 149 
160 170 182 
22
35 37 51 56 62 68 102 108 113 117 122 125 
130 136 140 141 149 150 172 173 183 184 
26
7 12 15 17 32 37 41 56 61 74 76 82 
86 88 112 141 143 153 156 166 170 175 180 183 
190 200 
18
1 5 9 30 52 55 59 93 118 125 141 146 
150 151 172 174 191 195 
25
5 7 15 21 25 31 32 35 38 45 70 71 
93 101 103 111 113 127 149 154 156 160 166 183 
192 
23
9 32 47 51 54 69 71 77 98 103 116 120 
130 142 144 153 158 169 175 179 184 193 198 
14
8 29 45 46 50 56 70 99 117 142 157 172 
180 183 
25
1 2 12 23 31 35 42 52 68 72 79 94 
100 101 116 138 140 141 152 159 167 170 177 180 
190 
21
1 2 14 25 26 29 56 70 71 73 80 89 
90 104 109 115 120 134 153 178 188 
24
12 14 24 27 31 34 36 39 51 69 70 82 
83 84 127 133 134 135 143 146 153 164 171 194 
15
11 69 82 90 109 114 116 118 120 135 143 156 
158 161 173 
20
1 2 39 53 60 69 73 79 98 110 116 119 
132 134 167 169 172 186 187 200 
20
10 16 26 35 43 44 55 60 100 107 120 129 
134 140 144 147 157 159 160 181 
13
3 8 35 44 54 56 73 103 115 162 172 186 
189 
24
31 40 53 61 64 67 78 89 92 95 96 104 
106 112 116 124 136 151 166 175 177 178 198 199 
18
2 30 35 36 57 68 76 78 83 105 107 118 
165 181 186 188 193 196 
22
7 9 17 24 27 31 38 50 51 96 98 110 
118 133 134 139 140 149 152 160 185 188 
17
25 31 43 44 51 53 59 115 142 143 155 157 
159 160 161 168 189 
19
19 36 40 43 48 59 79 80 100 102 111 113 
126 133 146 153 157 193 194 
19
1 19 22 23 25 86 102 109 117 118 119 128 
143 146 152 179 182 190 200 
17
3 13 17 24 26 84 95 100 104 113 125 140 
147 160 161 180 182 
18
2 19 32 43 47 51 58 62 78 88 99 108 
123 131 138 170 182 195 
21
11 17 27 35 41 43 82 91 113 121 130 132 
134 144 153 154 160 188 191 193 199 
16
16 27 46 86 89 108 122 124 126 128 136 160 
179 180 184 195 
27
1 6 7 11 17 32 34 35 43 49 57 68 
69 98 104 106 117 129 137 138 149 170 179 184 
188 198 200 
17
17 63 66 78 82 96 97 103 118 158 167 170 
180 187 195 199 200 
22
11 30 34 35 46 51 55 57 66 78 79 93 
94 103 108 120 128 133 134 148 152 156 
16
4 8 13 19 23 25 46 52 75 147 158 163 
171 175 193 200 
26
1 6 9 18 38 39 42 43 47 63 65 82 
83 85 91 101 108 116 118 146 159 176 185 186 
194 196 
24
17 18 22 24 26 35 37 41 68 76 97 98 
103 108 124 125 130 141 153 158 163 165 193 196 
16
1 4 5 18 34 46 60 83 88 98 101 103 
129 181 186 193 
16
6 10 39 42 78 92 93 102 105 119 135 142 
146 150 166 181 
23
1 5 12 18 46 81 83 89 101 107 111 113 
120 125 134 135 142 149 163 180 185 189 196 
23
3 6 16 23 32 51 75 81 95 104 105 109 
113 116 127 152 160 162 163 169 171 195 198 
20
5 6 10 14 26 33 35 74 76 78 106 130 
131 133 166 173 175 178 179 198 
26
8 9 36 39 47 66 74 81 85 90 101 116 
133 151 157 163 164 173 174 179 180 183 187 188 
191 196 
20
15 17 21 32 42 48 77 79 83 93 97 104 
117 118 122 158 161 180 197 198 
16
15 26 35 45 55 84 85 97 111 120 143 149 
155 174 182 191 
20
10 17 19 27 30 47 67 68 72 75 76 95 
99 106 107 120 122 127 147 185 
23
8 27 28 37 38 47 48 52 58 61 80 81 
92 111 113 116 121 130 134 161 165 170 192 
19
16 28 35 50 52 56 57 70 91 94 107 108 
111 120 123 140 142 181 186 
17
41 52 55 60 67 71 82 96 118 151 165 171 
178 181 183 186 187 
25
2 7 14 24 25 27 28 32 47 63 67 90 
110 122 125 130 139 140 144 158 162 163 190 196 
197 
17
6 7 13 19 21 36 44 65 68 77 104 113 
129 135 166 181 189 
18
4 5 11 13 97 104 113 117 120 123 131 139 
141 160 167 179 187 195 
13
6 9 12 31 41 42 62 63 71 93 117 134 
137 
17
1 11 12 19 20 25 69 72 76 87 94 123 
136 162 192 194 196 
15
7 10 14 44 45 69 71 74 91 96 103 105 
163 174 196 
24
7 36 41 45 51 63 88 94 100 104 108 119 
126 130 134 145 159 162 170 172 185 189 190 192 
26
12 16 17 22 40 49 50 55 58 61 65 67 
72 79 98 99 100 108 118 127 128 141 163 164 
182 185 
21
10 11 27 28 33 52 54 69 76 121 137 146 
149 154 161 163 164 165 170 172 179 
24
18 23 34 35 41 42 52 61 63 66 79 80 
85 86 111 113 126 132 144 150 169 172 193 200 
27
14 20 40 53 65 66 72 77 79 84 86 90 
113 119 120 121 122 138 142 143 144 166 172 191 
192 194 199 
22
14 34 38 46 47 51 54 55 57 58 83 90 
92 97 112 121 141 147 149 153 159 186 
20
4 8 14 17 28 57 66 67 69 73 76 77 
90 93 102 104 125 133 156 164 
17
4 22 43 48 50 54 57 59 79 83 100 126 
144 156 171 185 197 
25
6 9 12 27 28 33 45 66 69 89 96 99 
100 101 104 117 119 121 151 155 162 166 177 185 
200 
24
9 14 29 33 34 36 44 49 59 60 63 67 
69 76 93 101 105 110 112 125 157 160 182 196 
13
2 3 7 50 53 60 63 76 97 131 143 154 
167 
23
26 32 40 41 45 54 61 72 79 81 112 129 
133 147 149 150 152 157 176 180 182 185 199 
12
4 23 49 62 68 74 85 93 97 103 105 185 
18
6 32 36 46 52 60 93 99 100 101 107 114 
126 145 167 179 181 200 
21
2 19 44 45 67 73 83 85 90 106 107 116 
136 137 146 159 169 170 179 183 194 
23
8 11 17 21 29 30 36 58 61 66 68 76 
79 97 120 128 130 136 148 151 162 164 194 
20
19 23 33 35 55 59 60 79 89 104 110 111 
124 128 146 149 165 172 175 182 
15
24 33 39 41 46 71 80 112 120 133 143 162 
167 169 189 
15
26 27 32 58 64 69 99 102 110 112 125 149 
157 187 191 
14
9 36 60 77 105 109 110 120 122 126 132 145 
160 167 
24
1 13 14 20 21 22 30 37 43 65 68 72 
83 96 108 111 120 150 156 158 159 168 170 176 
24
2 7 14 15 17 35 36 38 42 49 59 67 
76 79 82 87 103 113 116 134 149 176 182 199 
20
4 7 11 14 33 36 44 53 66 71 110 114 
124 149 153 154 168 174 183 191 
17
2 10 12 13 40 44 49 71 81 90 91 98 
112 120 142 186 200 
25
9 29 42 51 54 57 78 84 91 106 107 110 
111 122 124 137 149 150 152 170 173 183 188 189 
190 
14
1 11 46 61 98 113 119 121 124 144 154 157 
165 166 
25
9 13 17 37 48 53 65 72 78 80 90 92 
95 106 107 110 111 117 119 121 139 154 170 171 
191 
21
3 12 14 16 47 53 79 93 99 100 104 105 
107 113 117 122 134 136 154 157 194 
13
7 46 53 62 100 111 128 129 135 157 180 187 
191 
22
17 21 23 27 41 47 55 61 62 76 115 133 
134 137 160 161 163 166 180 193 195 199 
21
19 24 30 45 48 53 59 86 87 88 89 92 
94 108 112 131 146 171 174 193 197 
22
2 21 24 38 52 53 59 65 67 69 72 81 
82 96 106 121 137 148 157 172 176 180 
23
2 9 28 36 42 48 52 70 81 84 85 88 
104 108 116 135 140 142 145 158 162 183 197 
16
2 17 18 20 28 41 43 48 53 70 98 101 
143 146 153 179 
19
26 29 34 40 48 62 64 72 85 99 112 122 
129 134 137 143 158 161 197 
14
3 9 17 19 26 33 38 50 85 87 101 132 
176 190 
17
24 37 41 59 67 74 89 123 129 141 148 155 
162 166 194 195 198 
26
11 23 28 31 42 53 58 60 70 76 97 102 
104 111 116 121 130 143 149 151 154 157 158 160 
181 183 
13
8 10 18 47 90 118 125 149 176 182 183 189 
197 
19
13 27 41 57 64 73 84 91 93 100 102 108 
118 138 151 155 180 181 192 
26
1 9 26 30 47 65 70 74 77 81 83 90 
115 118 125 128 132 139 151 155 162 167 169 171 
178 197 
18
7 11 14 21 22 31 33 36 43 77 87 123 
125 128 132 156 181 197 
19
12 51 53 63 66 95 102 104 120 124 133 134 
151 158 163 173 175 177 198 
20
28 42 54 66 69 79 82 86 95 110 114 116 
124 125 128 129 142 162 178 196 
21
9 10 18 19 20 26 48 51 53 59 62 72 
73 76 77 84 136 143 158 170 173 
14
20 27 46 51 63 95 107 112 119 121 130 153 
188 195 
18
1 8 22 32 40 44 65 85 87 90 95 97 
100 141 151 165 179 199 
17
16 23 58 84 90 91 103 107 112 133 138 144 
151 160 162 169 197 
16
1 8 48 49 57 68 98 107 116 163 166 172 
179 180 193 197 
21
32 33 39 49 68 70 79 95 98 105 106 113 
117 126 138 140 148 154 165 174 183 
12
15 39 49 86 96 104 108 125 129 139 194 199 
18
11 17 31 35 39 41 43 52 57 61 94 107 
135 141 149 170 174 194 
22
7 32 36 49 57 59 60 61 67 68 74 78 
101 115 138 151 162 169 173 175 189 196 
17
29 36 50 53 59 62 74 75 82 86 88 89 
101 127 130 138 169 
13
18 68 87 105 114 115 122 125 151 154 167 172 
175 
18
2 8 18 33 41 46 66 74 81 92 98 116 
131 137 145 152 161 165 
17
2 56 67 68 80 92 116 121 129 148 150 157 
171 182 190 191 196 
21
16 29 33 38 51 55 74 106 118 129 136 146 
153 154 162 169 182 189 190 192 195 
18
3 7 23 24 38 68 74 77 102 105 108 115 
123 145 171 175 187 197 
20
23 33 43 49 55 63 68 84 92 100 101 109 
134 150 159 160 166 178 180 183 
17
7 36 45 60 64 73 81 82 87 90 94 123 
129 163 173 178 185 
13
5 32 39 41 42 56 71 88 149 164 172 190 
198 
4
29 85 94 152 
18
5 21 33 40 44 51 53 65 71 81 87 91 
132 154 165 172 177 193 
19
11 17 19 21 28 29 30 53 54 55 58 72 
96 150 157 165 174 181 185 
17
4 23 26 37 39 45 47 55 76 86 92 104 
123 146 172 183 197 
20
12 19 46 60 63 66 69 82 91 97 101 107 
115 134 137 142 159 166 193 195 
20
1 13 19 22 33 35 42 45 61 78 89 97 
127 142 143 147 150 175 185 192 
16
9 14 20 22 23 26 83 84 92 118 150 170 
171 179 180 183 
34
4 7 43 44 45 50 56 58 59 86 87 93 
98 103 110 114 123 124 127 132 139 156 158 166 
167 170 171 172 174 175 190 195 197 199 
23
3 11 12 16 28 29 44 61 62 71 76 93 
101 116 122 131 141 142 145 166 172 174 195 
26
2 7 32 40 50 51 54 56 59 60 79 90 
102 110 138 141 143 144 148 149 151 163 172 182 
187 195 
17
8 42 43 51 102 105 110 116 123 132 143 151 
152 157 190 196 197 
15
15 16 21 24 50 65 78 84 95 98 101 136 
148 158 199 
16
11 26 34 95 96 104 112 117 167 169 175 176 
189 191 196 198 
18
2 25 39 40 60 66 91 93 118 127 138 139 
143 166 167 185 186 189 
24
1 4 6 7 16 26 49 57 62 88 98 131 
132 137 141 150 155 157 160 162 163 169 178 186 
19
20 29 36 68 76 78 79 83 95 99 106 116 
117 121 129 132 150 160 182 
25
7 12 16 19 25 30 33 35 39 40 43 53 
64 84 93 94 97 104 119 127 130 152 168 179 
186 
21
28 33 44 46 49 60 61 66 94 96 105 116 
127 144 147 157 167 171 172 178 197 
13
24 71 81 90 94 98 101 122 125 130 133 137 
179 
21
4 7 28 29 34 35 44 48 50 53 56 65 
66 69 78 110 111 138 149 150 162 
12
3 13 37 38 81 87 99 112 133 156 175 197 
21
8 25 42 57 69 94 97 101 105 113 119 122 
143 156 162 165 169 173 188 191 197 
18
16 31 41 45 55 65 69 72 98 101 102 108 
139 173 183 185 187 199 
19
13 24 28 53 64 76 90 91 99 107 108 133 
143 166 175 182 183 185 192 
18
12 21 28 36 52 54 76 103 106 109 122 124 
140 143 153 173 185 193 
18
5 24 31 32 41 49 71 77 80 93 103 108 
116 122 168 177 180 197 
25
13 16 19 21 55 67 77 78 79 80 91 96 
98 103 106 108 114 121 129 139 148 151 167 172 
177 
20
25 26 45 50 74 76 81 86 88 105 109 110 
111 115 128 152 176 186 187 193 
17
2 3 6 30 47 60 74 91 100 109 121 147 
148 157 165 179 189 
22
1 23 31 37 50 51 54 60 64 74 79 80 
88 94 105 112 148 160 175 176 186 188 
16
1 5 9 29 53 72 80 90 92 95 110 138 
163 171 181 183 
21
12 13 40 43 49 50 57 63 67 68 76 77 
98 102 107 109 113 126 147 153 193 
20
8 10 12 49 81 87 120 121 124 141 157 158 
170 171 172 177 178 186 191 194 
21
25 40 49 71 74 75 78 88 91 94 99 117 
122 146 162 165 167 179 189 191 196 
15
8 18 32 54 71 72 74 80 105 125 130 137 
163 183 192 
25
10 17 20 26 32 48 68 70 74 80 83 87 
92 96 106 118 129 133 137 141 165 168 184 185 
191 
18
20 36 37 60 61 62 67 74 76 118 120 142 
145 160 161 170 172 193 
14
8 30 74 98 102 105 111 118 127 153 154 178 
192 196 
16
15 40 48 52 60 77 110 141 145 153 156 158 
163 176 181 195 
14
2 37 44 48 66 74 81 104 126 127 143 145 
152 163 
15
29 71 79 80 90 95 131 138 143 145 152 155 
160 162 173 
25
2 4 21 22 26 37 46 50 52 66 79 80 
86 99 103 120 124 134 141 142 143 147 176 178 
186 
25
2 11 13 19 25 31 32 34 39 44 65 103 
108 117 118 120 123 138 147 166 167 174 185 187 
191 
21
4 6 7 11 16 33 39 42 47 79 87 106 
120 138 146 151 155 173 185 192 193 
18
15 45 56 63 78 89 102 109 111 117 124 127 
130 150 165 167 170 191 
27
2 19 22 37 43 61 74 76 77 81 89 107 
112 130 139 149 151 154 155 158 163 171 172 174 
180 192 200 
19
6 14 16 29 39 42 43 55 56 91 102 104 
115 118 120 122 125 150 161 
19
6 35 38 41 46 47 80 88 98 99 102 104 
110 128 131 132 140 179 180 
14
15 35 57 67 70 105 119 123 165 169 171 183 
185 186 
18
11 22 28 37 51 57 78 86 89 100 110 148 
163 185 187 190 192 199 
17
13 21 27 34 53 60 63 71 78 95 109 129 
141 155 161 167 188 
13
6 20 36 39 68 77 102 106 142 162 179 193 
196 
18
1 6 11 20 44 54 84 90 93 96 116 121 
122 165 167 176 184 187 
22
4 11 27 30 50 60 71 77 81 83 101 127 
152 155 156 163 165 167 180 192 194 200 
26
10 15 16 22 36 40 46 48 58 77 82 90 
91 103 119 133 134 141 156 158 167 169 170 181 
193 197 
29
3 9 22 26 27 28 39 54 61 68 95 97 
104 113 124 125 132 137 139 140 141 142 156 163 
164 184 185 198 199 
17
11 16 28 36 45 64 68 76 84 92 106 107 
160 163 176 180 190 
16
3 10 17 20 24 27 49 55 65 80 83 156 
180 184 188 192 
24
17 20 31 32 33 37 41 45 53 63 69 77 
78 93 110 115 117 128 131 156 158 162 165 198 
21
2 24 37 41 48 53 56 59 78 80 82 87 
88 92 97 120 161 173 189 191 195 
19
12 41 42 44 72 90 95 108 115 133 143 148 
155 156 161 162 176 183 189 
18
13 19 20 47 66 71 77 85 118 131 138 152 
154 160 171 175 186 198 
13
15 26 33 38 70 97 102 121 124 129 151 175 
191 
18
12 18 24 27 49 52 84 89 91 93 110 130 
143 145 148 171 180 196 
21
24 26 31 58 59 62 63 84 105 106 119 129 
135 145 151 156 171 172 187 191 196 
20
3 20 32 44 51 52 69 88 91 92 103 134 
146 148 152 156 160 168 169 198 
24
2 13 55 62 64 87 89 90 94 96 109 116 
120 132 137 141 146 153 155 157 169 175 176 179 
19
18 28 36 50 57 91 103 106 118 129 132 148 
153 154 155 156 163 173 195 
14
4 20 54 59 60 61 76 83 94 117 142 176 
179 183 
16
2 5 25 30 38 39 47 65 73 74 92 102 
106 116 163 194 
27
8 10 19 38 41 47 49 61 63 65 79 83 
86 109 113 116 119 128 132 156 161 162 164 184 
188 196 198 
23
15 22 40 42 46 48 55 57 61 74 85 97 
116 118 128 139 141 144 165 166 172 192 194 
17
16 33 43 67 76 81 111 112 127 133 137 164 
170 175 186 194 200 
19
15 59 63 92 110 113 114 115 117 135 145 155 
173 177 183 184 188 196 199 
20
2 5 12 43 44 57 75 78 79 90 109 111 
122 153 164 178 184 194 199 200 
15
12 19 20 67 78 86 87 89 104 116 119 137 
155 182 192 
16
15 32 52 59 65 76 77 83 87 107 121 129 
159 160 170 172 
21
16 28 30 37 39 40 52 59 61 77 81 83 
88 95 98 101 155 162 177 182 193 
20
11 25 68 75 88 97 103 112 113 125 137 141 
143 148 154 169 172 187 192 199 
19
6 8 14 61 62 69 73 92 104 119 128 132 
133 150 152 155 178 179 190 
20
16 25 41 69 75 78 88 95 102 118 128 136 
145 146 169 171 184 185 187 198 
26
23 26 32 35 43 49 56 66 69 84 85 89 
94 101 102 113 116 124 132 142 143 161 177 181 
189 193 
14
3 24 27 36 63 71 77 86 90 110 146 160 
165 172 
21
20 21 23 33 34 40 58 69 73 75 96 101 
122 133 136 140 149 154 162 179 195 
21
10 14 17 25 30 32 34 43 50 51 53 71 
96 116 118 124 127 131 152 153 170 
14
7 20 29 34 40 54 75 91 98 102 121 142 
150 196 
24
17 25 29 38 47 55 59 86 89 96 97 112 
114 115 122 127 135 136 146 151 155 159 178 193 
17
8 40 41 42 45 49 54 61 69 85 119 126 
127 166 168 182 200 
11
3 28 54 90 98 99 117 125 132 170 181 
23
12 21 31 32 40 44 72 77 95 124 135 154 
167 169 172 174 175 177 180 186 197 198 199 
23
1 4 15 19 23 25 29 31 34 51 71 88 
119 121 141 148 162 164 169 174 184 186 187 
22
3 13 21 35 36 44 54 55 60 72 92 100 
101 104 109 112 118 134 138 151 157 158 
17
18 30 41 43 44 48 56 66 68 112 139 144 
150 161 163 194 199 
19
6 8 16 17 26 27 39 41 48 65 86 120 
125 137 171 173 174 178 190 
24
5 12 15 19 21 26 28 29 41 61 63 80 
86 88 95 98 130 146 156 164 165 168 186 200 
23
5 16 20 27 33 40 55 61 63 66 74 78 
83 89 92 98 121 148 159 161 172 182 197 
