200 400
1 1 1 1 1 1 1 1 1 1 1 1 
1 1 1 1 1 1 1 1 1 1 1 1 
1 1 1 1 1 1 1 1 1 1 1 1 
1 1 1 1 1 1 1 1 1 1 1 1 
1 1 1 1 1 1 1 1 1 1 1 1 
1 1 1 1 1 1 1 1 1 1 1 1 
1 1 1 1 1 1 1 1 1 1 1 1 
1 1 1 1 1 1 1 1 1 1 1 1 
1 1 1 1 1 1 1 1 1 1 1 1 
1 1 1 1 1 1 1 1 1 1 1 1 
1 1 1 1 1 1 1 1 1 1 1 1 
1 1 1 1 1 1 1 1 1 1 1 1 
1 1 1 1 1 1 1 1 1 1 1 1 
1 1 1 1 1 1 1 1 1 1 1 1 
1 1 1 1 1 1 1 1 1 1 1 1 
1 1 1 1 1 1 1 1 1 1 1 1 
1 1 1 1 1 1 1 1 1 1 1 1 
1 1 1 1 1 1 1 1 1 1 1 1 
1 1 1 1 1 1 1 1 1 1 1 1 
1 1 1 1 1 1 1 1 1 1 1 1 
1 1 1 1 1 1 1 1 1 1 1 1 
1 1 1 1 1 1 1 1 1 1 1 1 
1 1 1 1 1 1 1 1 1 1 1 1 
1 1 1 1 1 1 1 1 1 1 1 1 
1 1 1 1 1 1 1 1 1 1 1 1 
1 1 1 1 1 1 1 1 1 1 1 1 
1 1 1 1 1 1 1 1 1 1 1 1 
1 1 1 1 1 1 1 1 1 1 1 1 
1 1 1 1 1 1 1 1 1 1 1 1 
1 1 1 1 1 1 1 1 1 1 1 1 
1 1 1 1 1 1 1 1 1 1 1 1 
1 1 1 1 1 1 1 1 1 1 1 1 
1 1 1 1 1 1 1 1 1 1 1 1 
1 1 1 1 
34
7 21 32 38 44 81 98 126 130 170 175 176 
196 225 239 247 274 288 294 329 338 339 343 352 
359 371 381 383 386 390 394 395 397 398 
54
5 10 19 27 29 40 54 55 61 67 75 76 
83 90 94 96 123 132 144 161 162 165 171 181 
182 184 187 197 201 204 206 209 213 231 235 236 
248 257 269 274 275 282 285 293 300 302 321 326 
331 338 351 381 386 397 
40
6 10 40 41 46 63 66 68 70 75 95 108 
116 126 133 151 156 163 174 188 197 210 226 237 
251 255 263 277 280 283 303 309 311 314 350 364 
383 386 390 398 
37
27 28 53 82 84 85 87 91 97 104 130 131 
150 154 165 175 191 213 217 226 229 242 255 264 
277 279 296 302 307 314 322 336 344 349 358 382 
389 
49
4 6 18 20 23 33 41 43 46 73 74 76 
106 107 116 122 125 126 141 144 148 149 156 166 
167 180 190 191 220 241 242 244 257 261 267 277 
283 297 299 302 309 325 328 332 345 365 375 388 
390 
40
10 12 24 39 63 66 72 79 82 89 90 94 
95 96 98 102 117 119 130 155 161 163 167 177 
181 185 221 223 246 259 306 307 319 336 339 341 
348 366 374 391 
52
1 6 28 40 44 56 58 78 96 97 100 110 
117 124 131 132 139 151 160 162 177 184 187 196 
201 204 213 224 231 245 251 260 271 276 279 280 
282 283 284 292 300 306 314 320 323 334 335 344 
348 364 375 388 
42
8 10 13 25 27 35 38 43 47 70 81 83 
89 93 105 106 116 133 150 169 177 183 197 203 
213 215 257 261 265 268 274 277 309 328 349 359 
362 370 375 380 393 399 
34
2 3 8 17 43 60 66 81 83 88 113 155 
157 166 170 171 174 178 184 195 211 213 222 226 
242 265 289 304 321 322 324 330 376 396 
31
14 30 35 53 55 81 87 90 138 150 173 176 
193 198 268 274 281 283 315 326 332 336 344 348 
363 373 376 380 389 392 397 
50
13 14 23 26 31 43 48 54 83 91 92 115 
116 125 129 136 149 166 169 173 180 199 207 223 
227 230 234 236 242 244 257 261 266 281 303 306 
309 321 328 343 355 357 366 368 369 372 377 390 
393 400 
34
9 11 45 46 48 52 79 80 84 97 101 104 
110 117 119 123 150 167 203 224 225 234 235 272 
285 299 305 308 314 322 325 360 363 389 
50
1 3 5 13 18 55 69 70 83 90 92 94 
109 110 116 118 126 131 133 140 152 154 166 180 
193 205 210 216 221 228 233 236 244 249 257 258 
260 313 329 330 332 337 345 354 359 383 393 396 
397 399 
38
4 10 13 32 33 43 44 80 85 86 92 100 
113 120 125 143 147 148 180 182 202 222 243 248 
272 283 299 316 321 322 349 356 361 365 369 376 
377 379 
48
13 24 26 43 44 59 67 71 73 81 100 103 
106 118 138 147 150 154 175 187 189 192 195 199 
212 214 215 227 234 235 239 245 258 271 283 295 
301 326 330 335 342 353 354 360 369 372 386 392 
26
29 37 39 47 52 76 81 92 113 116 144 151 
177 192 202 203 211 239 262 289 294 295 327 333 
356 363 
46
37 47 64 77 78 94 96 103 121 129 136 154 
161 164 166 179 202 206 217 219 222 223 237 245 
248 250 259 264 265 273 276 278 279 282 291 292 
311 320 332 341 352 361 366 380 382 391 
43
5 32 33 35 54 79 81 86 88 101 106 119 
143 144 147 150 153 172 184 189 196 216 225 235 
239 249 262 265 281 288 290 327 328 332 333 336 
339 356 371 373 374 377 400 
38
7 16 27 34 39 57 63 78 85 86 95 104 
111 144 145 161 170 172 203 212 216 239 256 265 
271 286 296 300 304 305 312 318 324 335 340 341 
346 392 
27
57 59 102 142 172 187 203 215 230 240 251 257 
260 269 277 286 290 295 297 321 324 348 355 357 
364 384 399 
40
15 22 29 38 45 63 76 78 91 113 126 155 
185 197 222 226 232 239 244 265 266 274 277 281 
290 292 300 319 320 327 342 343 348 356 358 376 
377 378 387 389 
44
5 14 26 27 43 49 78 89 91 93 114 117 
143 145 153 163 181 186 196 199 206 209 237 242 
245 265 282 288 304 306 318 320 321 332 340 345 
351 358 366 376 378 386 391 393 
39
5 17 25 53 64 75 85 87 88 91 98 119 
127 140 155 166 171 186 187 207 208 215 220 258 
259 260 261 268 274 314 316 318 324 336 346 365 
371 391 396 
37
20 31 39 54 67 68 71 80 83 87 92 115 
123 128 131 132 143 158 163 175 190 212 219 269 
273 297 315 327 329 334 349 357 366 370 379 387 
389 
32
5 7 14 24 33 34 36 81 85 101 103 104 
114 115 125 143 166 200 210 216 246 251 260 262 
263 277 313 351 367 376 386 394 
39
3 4 7 16 20 22 32 44 51 63 66 69 
73 111 126 136 147 152 160 168 176 177 225 234 
243 244 262 305 323 329 345 352 354 357 364 379 
382 388 390 
41
34 35 47 54 64 83 86 87 131 141 154 177 
180 182 199 204 208 211 229 239 248 253 257 267 
274 286 288 294 297 306 315 338 341 348 358 359 
366 369 386 388 400 
35
13 31 38 47 67 69 70 90 92 98 118 126 
142 143 144 160 165 191 195 214 220 245 246 275 
290 297 317 318 338 353 364 371 384 385 387 
45
13 22 25 44 64 65 67 73 81 88 90 97 
100 106 133 138 143 150 155 160 166 189 197 213 
227 234 241 245 250 255 269 271 297 299 303 305 
340 345 347 356 372 373 389 392 394 
44
2 14 16 20 32 65 66 73 75 83 88 89 
98 109 112 119 122 145 155 158 171 178 180 187 
194 205 222 231 232 237 247 250 263 271 284 314 
338 347 348 358 373 378 382 386 
44
42 45 51 56 84 98 108 113 138 152 156 159 
162 169 173 197 205 226 229 232 235 238 239 245 
248 260 266 271 275 292 305 314 318 334 336 338 
353 356 362 369 371 385 390 392 
44
1 15 19 32 43 44 52 63 65 68 86 95 
108 116 123 142 154 156 174 192 194 200 217 222 
233 237 239 265 274 276 279 288 290 296 303 308 
332 347 348 372 375 376 379 386 
42
6 18 27 28 31 43 49 52 56 61 65 68 
84 86 107 110 112 123 128 133 152 153 166 178 
183 219 220 226 244 268 273 277 286 297 319 331 
336 367 372 373 390 399 
46
5 7 14 21 36 38 40 67 77 82 86 89 
92 97 100 122 139 156 172 177 180 183 202 210 
211 219 225 227 230 232 243 260 265 291 301 306 
314 316 317 335 361 367 372 383 386 390 
36
11 12 16 22 29 38 52 72 96 98 121 136 
139 141 165 170 189 216 236 247 248 249 254 255 
289 293 299 312 315 333 346 353 360 367 375 390 
41
2 8 30 31 39 45 57 66 67 68 89 115 
122 124 127 131 132 139 158 159 171 182 183 186 
191 192 214 218 223 233 236 258 268 270 278 283 
310 351 365 374 389 
41
4 17 18 21 34 36 38 44 45 59 62 64 
68 81 82 85 93 94 100 105 107 114 116 121 
142 168 178 179 182 185 193 226 227 239 240 242 
256 261 265 284 358 
38
12 13 28 35 54 58 66 77 78 85 93 104 
115 144 151 159 171 180 183 187 202 204 209 219 
222 227 232 234 279 293 331 335 337 352 358 370 
375 379 
46
4 8 24 37 64 70 76 79 99 100 109 111 
123 133 138 165 166 168 177 185 199 200 208 211 
215 218 221 233 250 253 263 281 291 292 293 307 
317 322 330 336 355 369 378 390 394 397 
31
11 41 45 46 48 72 96 115 121 138 139 150 
153 165 187 198 204 213 217 227 241 276 286 312 
333 336 365 370 378 385 391 
41
8 35 37 68 73 74 78 79 90 95 117 120 
121 126 128 129 130 131 132 138 154 156 187 196 
209 212 216 220 232 246 260 262 316 318 322 329 
332 340 361 364 392 
29
4 9 15 54 76 83 98 108 113 122 127 132 
136 174 175 210 217 258 259 278 291 301 320 323 
334 344 358 360 397 
42
2 23 31 35 36 64 71 81 93 121 127 133 
135 145 179 181 193 200 216 222 237 238 273 303 
314 320 322 324 329 337 340 341 347 353 363 366 
376 380 385 386 394 400 
28
2 35 42 46 51 108 117 130 136 148 153 154 
169 171 221 227 233 244 253 272 306 313 335 342 
357 394 396 397 
50
2 10 17 26 37 39 40 41 42 47 61 67 
74 80 94 99 100 105 117 125 127 129 150 165 
188 192 205 217 223 225 232 248 264 266 269 291 
298 316 320 326 338 340 346 363 370 374 379 384 
396 399 
42
41 60 71 83 84 88 98 106 131 153 160 161 
166 171 174 177 180 187 189 195 198 200 206 231 
239 243 245 254 256 310 321 323 325 326 333 339 
340 345 350 369 391 399 
49
27 31 35 43 53 65 67 69 83 88 89 94 
104 107 117 119 137 138 139 147 148 149 150 151 
162 172 174 176 189 199 200 225 227 228 231 236 
246 252 263 266 281 297 312 320 353 374 376 380 
386 
53
3 11 16 29 50 53 56 64 77 84 92 97 
98 99 103 109 110 113 117 123 124 131 135 139 
140 145 147 153 154 158 167 172 174 175 182 191 
207 223 224 235 256 271 283 290 322 327 328 331 
337 355 367 390 395 
33
15 43 61 62 92 157 164 165 190 194 205 208 
212 217 223 229 239 242 244 249 252 257 267 269 
286 310 330 341 383 387 388 395 398 
41
28 39 50 58 73 76 85 89 130 151 154 159 
167 174 176 183 186 188 192 212 220 237 245 251 
255 266 268 275 288 294 295 297 304 317 318 326 
342 346 370 382 395 
31
9 19 33 47 48 54 62 68 75 93 98 122 
137 161 168 169 174 176 179 181 184 207 234 271 
286 338 344 364 373 375 382 
47
14 24 26 44 47 52 61 95 99 111 113 117 
121 126 136 144 150 151 152 179 212 214 222 230 
251 255 260 274 276 279 280 287 290 295 296 316 
317 326 329 330 336 346 353 358 370 373 381 
40
4 7 8 12 29 62 89 97 113 120 123 158 
163 170 181 183 184 187 223 241 253 255 256 276 
300 321 342 349 350 351 358 359 361 362 365 371 
373 382 385 395 
40
21 24 31 45 51 52 75 82 96 102 106 154 
155 161 170 182 207 237 245 259 262 264 272 276 
288 289 299 301 306 312 323 332 341 343 346 349 
354 370 371 390 
44
10 26 44 53 75 77 113 121 123 132 136 139 
154 157 160 177 181 182 188 189 198 202 204 228 
231 239 242 245 254 256 261 263 275 292 300 303 
325 326 355 363 365 369 370 383 
40
7 10 17 22 28 46 48 55 61 63 71 105 
110 128 154 161 183 184 186 196 212 224 233 239 
242 255 264 299 304 312 319 331 332 341 344 348 
359 370 396 398 
35
31 41 44 54 60 63 76 77 91 112 135 150 
160 175 177 217 245 246 256 259 281 292 299 313 
323 342 353 354 369 376 386 388 391 392 397 
41
14 19 20 32 40 66 67 71 75 86 90 96 
105 109 112 116 136 160 167 170 176 181 191 201 
209 261 282 288 304 308 323 326 328 337 353 354 
357 392 394 395 399 
43
3 5 10 14 20 28 33 36 45 60 67 82 
83 85 91 101 110 129 156 157 159 180 190 193 
209 212 213 223 230 259 264 273 278 301 313 317 
325 327 335 336 359 373 400 
51
26 29 44 73 79 80 109 110 117 131 133 151 
153 154 159 161 184 194 212 219 220 229 237 241 
257 258 260 261 265 274 278 280 282 283 292 299 
308 321 323 329 334 337 341 347 351 354 355 361 
362 372 397 
39
11 17 26 32 56 72 78 80 81 87 101 105 
117 119 129 133 136 145 155 176 199 213 223 230 
233 247 253 265 269 286 301 308 316 331 335 336 
353 358 391 
43
11 13 27 37 47 65 70 83 87 92 111 131 
139 144 163 173 175 187 188 196 207 214 221 225 
229 231 237 242 248 261 284 288 303 304 306 331 
335 356 359 369 370 383 393 
40
10 13 20 36 46 54 64 69 71 78 80 89 
99 100 107 108 114 140 144 159 160 177 211 238 
239 251 259 262 274 287 301 306 319 329 342 372 
376 388 393 398 
33
9 34 37 45 62 65 70 79 99 104 108 114 
144 174 176 187 190 212 220 247 261 268 269 295 
310 337 339 345 357 365 372 388 399 
39
14 16 22 26 43 45 48 85 90 94 104 107 
110 112 136 138 146 148 154 171 181 197 200 223 
226 229 244 264 266 269 284 298 332 365 366 384 
389 390 398 
30
22 38 56 69 74 78 89 117 124 126 129 141 
147 148 151 157 160 214 240 250 256 278 317 332 
347 348 357 358 361 394 
43
8 21 41 46 55 57 73 86 92 103 109 111 
115 125 137 147 149 166 168 182 211 219 228 249 
265 275 277 283 303 307 308 309 317 323 329 332 
336 351 367 373 380 385 393 
41
4 13 14 26 27 30 34 46 60 82 87 113 
120 128 139 163 167 204 205 220 221 223 224 226 
230 245 254 260 281 282 283 291 301 317 319 328 
330 337 348 356 389 
37
19 41 43 52 60 91 105 110 117 121 133 137 
140 151 158 178 179 206 236 240 247 254 279 288 
318 320 331 332 335 345 347 348 349 359 362 363 
378 
29
1 26 35 52 55 76 92 105 109 115 117 118 
152 161 190 192 210 259 268 284 287 299 316 319 
329 336 369 383 400 
43
5 11 28 41 43 60 62 80 81 83 89 90 
92 126 128 144 147 169 194 218 224 228 234 251 
252 256 258 271 282 286 294 302 311 313 316 337 
384 386 387 393 395 397 398 
42
6 23 29 30 36 37 46 49 52 79 81 82 
92 95 97 101 103 112 126 131 138 141 155 162 
165 174 186 191 201 205 216 297 302 324 325 334 
342 343 346 347 366 384 
46
15 17 28 29 41 47 49 53 78 87 109 111 
114 117 131 137 144 149 167 175 185 187 189 190 
201 214 217 221 257 275 282 286 295 296 301 312 
314 328 330 345 347 351 353 355 358 393 
43
15 30 36 38 47 51 56 58 76 78 81 104 
112 130 132 138 142 160 176 183 185 190 195 212 
221 228 248 251 257 262 270 277 280 283 284 300 
305 329 345 368 377 385 389 
35
5 28 32 44 56 81 88 91 102 110 115 120 
132 157 163 164 190 196 211 213 233 235 238 239 
265 266 297 298 300 316 318 322 335 350 371 
26
7 14 71 75 87 93 99 110 118 182 185 201 
206 236 240 243 259 264 277 280 284 309 315 358 
369 371 
39
15 37 38 47 61 75 107 126 144 149 156 185 
188 192 193 204 207 213 218 224 226 237 248 259 
265 267 271 278 291 300 302 326 331 335 360 362 
363 370 382 
31
2 14 67 73 88 120 128 132 160 167 170 175 
203 206 214 271 285 288 297 311 324 330 334 349 
355 356 360 361 362 389 397 
60
8 15 18 22 28 39 47 48 51 62 64 65 
72 79 92 96 100 111 119 125 136 137 151 159 
164 172 177 178 181 183 184 185 188 203 227 242 
247 252 253 254 256 261 263 278 279 280 287 288 
302 309 320 326 333 338 341 368 374 376 383 386 
43
14 27 43 44 46 50 56 63 65 76 83 87 
88 99 103 114 117 118 132 136 137 153 167 172 
178 190 211 215 252 259 267 276 291 307 316 327 
339 341 342 350 368 394 400 
46
17 19 22 37 44 49 51 56 59 64 72 73 
78 135 138 139 184 194 210 211 216 219 228 248 
253 256 267 275 283 286 305 307 314 317 321 324 
332 340 344 345 346 347 361 388 390 399 
36
3 15 17 18 28 29 36 75 82 86 101 111 
114 123 162 192 212 226 227 231 244 257 295 297 
307 321 327 332 336 338 339 354 364 379 385 386 
37
1 6 24 34 36 42 66 75 82 134 138 144 
162 168 183 188 197 202 211 232 234 235 243 254 
257 266 316 322 329 331 334 345 347 350 356 367 
380 
48
4 36 44 54 70 86 94 95 110 125 158 162 
168 180 185 186 189 202 219 225 228 230 236 240 
246 262 283 286 292 294 297 298 301 310 323 331 
334 337 361 368 372 377 378 385 391 395 396 400 
32
14 24 32 54 67 127 154 177 178 190 196 216 
223 226 227 230 240 251 278 313 314 315 333 342 
358 359 367 369 372 374 382 389 
39
4 24 27 33 34 53 61 64 70 72 109 122 
132 139 142 147 157 159 172 182 183 193 226 238 
265 270 279 281 293 296 306 317 337 346 354 362 
369 386 393 
47
3 4 15 22 29 40 54 65 71 79 85 104 
105 112 124 137 138 142 153 160 183 191 205 207 
209 243 245 246 251 261 264 270 280 284 290 300 
305 306 322 332 333 351 355 359 373 381 383 
41
4 11 18 39 42 63 67 86 96 109 110 113 
119 144 147 160 184 193 203 205 207 210 218 219 
220 221 228 247 252 256 271 276 291 301 317 323 
343 364 382 384 394 
40
1 3 4 5 10 15 25 33 40 55 56 83 
101 109 141 156 157 167 184 199 213 231 240 243 
251 261 265 283 285 303 310 317 328 332 338 347 
352 373 374 381 
36
4 7 9 19 23 53 68 70 87 92 107 115 
133 135 142 153 216 232 246 247 255 267 272 284 
286 289 300 303 305 310 332 338 350 356 357 373 
43
4 21 22 30 33 36 66 76 85 89 90 114 
117 118 136 152 153 157 178 179 181 190 196 209 
211 212 216 217 227 229 236 238 274 280 287 304 
312 332 335 340 343 371 382 
37
5 23 30 57 66 67 68 80 88 101 115 148 
149 154 191 193 198 199 247 249 255 256 270 292 
299 302 305 316 321 324 328 353 354 355 361 373 
397 
40
4 8 23 29 35 64 72 92 97 120 131 145 
164 166 168 178 191 197 212 227 234 237 244 245 
252 262 263 269 270 281 290 302 306 308 310 353 
364 376 379 392 
48
17 31 39 70 71 90 92 102 103 104 108 109 
110 120 129 132 133 149 157 161 193 196 210 223 
224 233 237 244 252 253 257 259 264 278 288 291 
297 305 335 346 350 355 356 371 387 389 397 400 
32
5 11 40 65 73 81 84 89 123 124 131 135 
160 184 186 188 210 219 220 227 261 282 291 303 
309 310 321 369 381 385 394 397 
49
2 17 20 31 42 45 55 65 74 76 79 83 
84 102 112 132 150 154 161 168 183 184 189 190 
191 204 208 225 256 260 267 271 273 276 279 285 
291 312 339 341 342 350 362 367 375 376 379 397 
400 
40
12 29 32 35 40 44 48 64 87 103 106 127 
143 148 171 172 176 185 210 222 227 231 232 244 
283 296 300 309 322 324 343 354 356 359 371 375 
383 395 398 400 
42
4 55 64 73 79 87 104 107 109 114 123 140 
142 152 155 164 166 171 177 199 205 210 212 219 
237 241 273 278 284 297 302 304 308 309 311 313 
328 335 338 358 362 391 
41
13 20 24 26 56 61 100 107 115 124 130 136 
158 167 195 200 201 205 214 224 238 240 245 256 
274 281 288 289 313 328 329 334 336 338 342 343 
347 350 376 377 384 
35
2 21 32 54 93 112 125 151 156 197 203 207 
215 225 227 247 252 259 261 262 263 273 275 288 
321 328 339 342 344 356 362 366 370 372 397 
50
3 14 34 37 40 43 49 55 56 60 74 84 
85 91 98 102 109 111 119 125 126 135 140 147 
148 152 161 173 175 182 187 192 209 218 219 221 
231 243 249 251 257 267 280 286 298 312 326 335 
346 365 
51
17 22 25 34 36 45 49 56 58 60 74 84 
88 91 112 114 115 141 143 150 172 192 200 208 
216 250 251 262 263 264 267 268 279 280 281 297 
299 301 305 307 316 323 324 337 340 342 343 380 
384 390 396 
45
15 16 18 55 76 114 116 125 134 144 145 164 
185 193 204 207 208 220 226 238 239 240 243 245 
252 253 254 256 258 264 268 271 277 284 315 323 
330 332 342 345 347 363 367 390 396 
43
5 8 10 28 29 62 83 93 98 102 118 121 
125 133 135 138 173 188 194 210 218 220 227 235 
242 246 247 248 308 315 316 322 326 329 330 338 
349 356 369 375 385 397 398 
30
11 12 20 27 31 52 54 58 60 67 74 86 
91 102 118 127 145 149 197 212 217 248 259 314 
324 327 371 381 385 387 
38
9 28 31 35 36 42 48 68 73 74 88 93 
96 110 114 136 147 182 185 192 202 214 217 225 
227 233 244 252 254 258 262 265 272 348 359 360 
374 395 
37
10 34 39 55 65 84 85 114 127 129 130 134 
143 149 155 156 157 171 177 179 197 218 224 245 
261 268 280 286 296 298 306 323 324 334 344 381 
398 
47
6 17 20 38 46 55 60 69 71 81 91 112 
118 123 125 136 147 165 168 183 186 188 196 198 
213 214 215 222 224 229 236 238 239 246 255 262 
278 293 294 296 316 318 322 336 344 392 400 
43
5 10 17 21 45 51 52 56 69 94 101 103 
120 128 129 146 154 167 172 188 204 207 211 217 
242 260 276 291 293 294 296 304 306 322 329 342 
349 360 363 369 370 375 388 
42
2 9 13 19 27 30 32 40 45 47 51 61 
71 73 81 95 105 114 120 128 132 147 187 201 
206 225 227 245 248 283 292 312 320 358 361 365 
369 371 375 376 379 395 
36
34 43 46 52 54 70 83 86 95 102 105 128 
138 143 156 162 185 195 204 228 243 256 259 278 
280 285 315 322 356 363 364 368 370 374 377 395 
37
17 24 31 33 61 66 74 84 95 97 112 121 
124 130 144 147 161 164 187 201 202 205 211 215 
232 235 257 282 286 326 345 347 360 373 375 394 
397 
38
21 55 62 63 74 77 85 102 105 111 117 121 
129 141 146 164 165 182 199 211 213 218 230 247 
251 265 267 295 300 306 313 317 319 345 367 379 
380 384 
37
3 7 31 38 39 40 53 61 70 84 92 104 
106 109 129 142 175 179 221 223 262 268 281 286 
305 317 320 328 329 332 333 340 348 366 382 388 
397 
45
14 19 29 44 56 65 68 72 81 86 93 144 
148 159 181 184 187 215 219 229 236 238 244 247 
248 255 265 268 272 284 299 303 306 324 335 346 
347 356 367 370 376 379 391 399 400 
53
7 14 15 21 22 25 30 31 38 48 53 77 
79 84 89 97 115 119 138 142 148 157 171 177 
185 202 206 208 209 217 240 258 264 279 291 293 
311 325 327 330 333 340 341 352 356 358 359 371 
383 391 393 394 397 
23
23 41 76 96 100 137 143 144 175 177 187 190 
200 208 241 256 302 308 326 327 330 331 348 
31
11 20 28 29 34 49 52 54 75 79 80 106 
109 117 126 150 193 200 211 214 224 230 248 253 
256 310 325 340 356 364 399 
37
10 40 70 74 109 138 142 168 176 193 201 206 
213 217 220 234 235 239 242 250 267 270 277 282 
304 311 321 328 339 346 352 375 379 386 389 397 
398 
46
9 10 14 16 30 33 53 62 69 72 78 83 
101 105 108 114 120 121 133 142 148 152 158 163 
169 204 208 222 227 233 234 245 251 259 263 266 
271 285 287 292 293 296 314 321 338 356 
43
12 13 26 27 39 45 46 59 68 88 91 95 
120 131 141 149 168 179 184 195 205 216 225 227 
243 250 254 260 261 322 325 334 345 349 357 362 
370 371 373 385 391 395 398 
38
14 18 35 36 37 38 52 62 68 73 76 82 
88 104 111 132 149 162 176 191 197 222 225 231 
234 257 268 282 299 316 317 319 327 340 357 358 
361 388 
41
3 5 7 30 40 62 94 120 121 128 134 136 
140 142 145 152 163 166 182 196 200 208 224 232 
243 258 262 272 280 284 290 319 336 351 356 358 
360 366 377 383 397 
41
4 7 27 48 55 60 71 80 83 91 93 99 
100 105 109 117 119 123 153 154 161 191 192 209 
210 212 231 238 277 295 299 300 305 312 318 322 
345 350 384 391 395 
38
7 12 20 30 56 66 71 85 86 89 109 129 
165 174 183 185 191 193 195 196 200 203 215 242 
265 269 279 299 312 317 326 335 358 367 374 382 
383 396 
45
1 19 49 55 59 71 72 73 91 98 109 116 
124 126 149 156 166 169 190 191 200 204 211 214 
217 221 228 240 255 285 295 296 300 323 327 329 
340 342 353 363 368 369 391 392 396 
46
7 17 30 47 50 86 91 95 98 119 128 132 
133 140 143 147 151 153 166 181 186 195 225 233 
234 252 254 257 260 264 273 277 288 294 295 298 
301 302 319 354 361 366 373 394 396 399 
39
6 17 50 55 57 62 68 77 91 116 118 121 
129 135 139 142 148 159 176 182 192 194 204 222 
231 237 242 253 258 275 281 289 304 316 325 330 
347 358 367 
41
16 57 58 67 68 73 78 88 100 105 111 112 
121 153 156 172 174 181 203 222 229 236 245 260 
264 286 289 311 314 316 317 323 327 345 347 348 
360 367 379 385 393 
30
4 29 49 59 61 112 126 141 156 157 166 192 
204 210 222 235 237 267 270 278 305 312 315 325 
331 334 344 361 363 370 
58
21 26 34 39 40 55 60 61 63 71 88 89 
99 100 102 109 113 118 119 125 151 155 168 171 
172 174 175 184 186 190 193 194 213 216 217 222 
229 238 244 250 262 265 268 271 277 280 287 299 
302 306 320 328 339 353 370 378 382 384 
33
19 23 29 32 35 81 85 95 101 109 126 138 
154 200 201 220 238 257 264 268 270 272 275 283 
284 320 334 343 346 361 372 389 399 
42
13 15 18 19 47 50 58 69 82 97 99 127 
131 144 148 154 165 182 188 197 201 210 211 216 
223 224 229 230 236 238 247 268 282 284 294 297 
302 333 338 348 378 380 
37
76 107 108 109 126 130 138 178 184 191 194 195 
217 222 223 236 237 243 246 252 260 279 291 292 
311 339 350 351 354 358 359 360 366 375 376 378 
386 
35
4 9 29 43 46 57 71 72 78 84 90 93 
102 106 111 121 125 144 158 160 169 191 192 196 
203 205 214 233 255 257 265 284 344 383 393 
42
26 27 33 34 36 63 68 79 109 133 137 147 
157 166 212 220 222 223 230 231 247 249 252 261 
262 265 267 276 278 280 283 285 302 311 320 334 
357 373 384 386 390 392 
41
16 22 31 34 37 42 52 72 73 74 81 110 
117 134 143 150 169 176 178 183 213 217 228 230 
232 240 244 250 255 257 269 274 279 287 296 336 
347 362 382 392 396 
45
48 58 63 68 79 82 91 102 105 106 120 127 
128 134 138 139 153 165 172 175 181 193 245 246 
247 252 257 266 267 270 274 278 282 285 286 314 
328 330 352 354 358 368 377 382 388 
42
9 38 43 62 70 76 78 90 95 106 109 130 
144 148 154 156 163 164 172 173 178 179 184 198 
210 233 236 238 248 260 261 273 297 301 302 311 
332 333 344 369 385 392 
34
3 15 35 49 86 88 97 99 113 137 169 174 
187 203 211 216 224 248 250 257 270 271 276 279 
286 299 319 335 355 372 375 378 392 393 
42
12 13 20 30 39 62 77 79 80 84 86 93 
99 106 173 180 181 196 202 204 209 222 224 236 
239 247 250 255 265 291 304 309 311 320 326 336 
337 340 348 369 374 399 
33
13 47 55 56 59 98 107 125 145 150 156 168 
199 221 226 229 254 278 281 305 317 321 328 329 
332 343 351 357 360 371 386 392 399 
47
2 9 21 25 26 32 55 57 67 88 109 110 
117 121 128 130 135 140 154 164 170 186 194 198 
200 216 220 237 240 245 253 266 272 297 302 323 
324 346 350 352 367 369 374 376 384 390 399 
41
1 5 12 18 19 24 42 51 72 94 103 108 
120 140 170 174 178 189 190 196 210 227 257 259 
266 270 277 286 300 312 318 335 338 344 354 358 
361 370 378 395 400 
40
6 16 29 41 44 51 83 102 111 134 148 155 
158 167 170 186 194 201 209 229 230 231 234 246 
265 274 294 312 328 330 332 333 345 350 370 383 
389 391 394 395 
47
5 18 27 28 32 46 62 73 105 108 116 119 
123 127 149 151 157 167 192 193 204 210 218 219 
227 237 241 243 250 258 271 279 287 295 324 346 
347 350 351 354 356 361 366 367 371 380 393 
39
9 12 23 25 48 49 54 56 68 73 76 77 
100 115 139 147 163 166 209 218 219 233 244 252 
276 277 291 294 297 302 304 335 343 353 362 384 
393 395 400 
34
9 13 16 18 22 86 90 123 134 148 151 153 
157 170 177 182 187 221 238 249 256 260 294 313 
316 342 347 352 357 358 360 371 398 399 
37
1 32 42 44 48 76 77 92 108 121 155 169 
176 180 181 192 209 223 230 246 256 258 280 285 
286 289 298 300 311 321 336 344 355 364 379 387 
394 
36
26 29 51 72 97 98 106 113 115 119 130 136 
158 159 195 209 229 254 263 270 271 278 280 287 
288 297 298 304 316 333 352 361 369 383 386 387 
35
3 7 14 22 34 37 45 50 79 113 117 130 
139 162 166 175 179 188 205 226 229 234 238 265 
269 272 287 312 322 327 335 346 355 368 391 
39
6 9 21 35 39 57 83 85 92 98 120 122 
133 160 171 210 219 221 225 239 244 261 262 265 
269 296 302 313 315 321 325 332 367 370 376 378 
383 393 396 
35
7 16 18 20 22 23 25 26 95 133 140 148 
163 170 183 185 208 223 235 240 275 285 287 294 
295 316 322 325 327 360 363 369 377 386 389 
46
4 7 19 23 36 41 59 61 69 83 99 113 
141 148 150 163 167 170 173 175 177 181 201 206 
226 230 244 254 255 258 260 273 276 304 306 319 
322 340 342 343 345 350 355 356 371 379 
46
1 6 8 12 25 52 56 63 102 103 104 108 
123 126 131 138 140 158 165 166 179 216 221 224 
225 227 232 236 244 252 280 286 292 295 296 298 
302 311 323 332 342 351 363 383 385 397 
38
17 42 43 52 58 64 66 73 77 88 91 94 
101 108 119 153 154 157 181 184 190 216 229 249 
270 276 283 310 342 343 357 363 365 366 368 374 
375 388 
45
3 11 19 35 36 71 72 75 76 78 96 99 
116 124 143 145 170 175 194 202 211 219 221 242 
243 252 257 262 264 268 314 319 326 336 343 350 
363 364 373 382 383 384 386 387 391 
49
10 32 34 45 47 50 55 57 74 82 84 89 
96 106 107 120 127 129 145 158 159 185 189 190 
194 198 203 205 220 226 227 250 251 253 257 260 
269 277 278 286 295 328 330 347 359 361 372 386 
392 
40
6 42 47 57 58 76 94 95 98 114 115 121 
136 140 150 153 163 183 186 187 199 207 211 226 
254 264 273 281 283 286 317 318 319 321 348 367 
374 380 382 385 
53
4 5 36 57 70 72 75 88 96 117 123 126 
127 134 141 153 159 161 179 195 199 200 201 202 
204 210 217 222 228 229 234 242 255 262 264 266 
279 282 288 300 305 308 310 312 323 328 339 345 
351 356 380 383 398 
38
12 13 18 34 36 42 61 81 83 87 92 128 
139 142 143 144 147 149 152 153 159 165 169 173 
179 207 234 264 266 297 310 338 340 343 344 362 
376 398 
41
66 70 80 82 91 99 113 114 123 124 143 144 
145 153 157 167 171 179 184 186 209 211 226 241 
246 251 260 261 270 279 281 290 295 328 330 336 
339 358 361 377 386 
40
2 5 13 27 38 57 59 82 84 90 99 101 
110 119 125 127 138 148 165 171 174 184 185 189 
204 222 223 240 249 271 275 286 316 322 335 337 
341 343 346 396 
41
1 13 24 36 45 46 50 67 70 73 99 118 
140 165 175 179 185 187 188 191 194 204 211 235 
246 286 292 296 308 309 319 328 352 358 364 368 
370 385 392 395 396 
45
4 5 23 24 28 29 39 46 47 57 60 64 
70 75 91 100 110 120 125 136 140 141 151 154 
165 177 189 191 194 205 243 250 264 266 286 292 
315 346 347 358 361 385 389 390 398 
49
11 12 24 36 64 72 93 95 99 100 108 112 
122 142 147 149 152 156 162 173 174 175 184 212 
220 221 222 234 235 256 260 273 284 290 306 312 
313 314 324 335 337 344 348 354 358 359 366 382 
387 
43
21 22 27 29 31 48 52 55 61 81 87 91 
138 139 140 147 149 159 161 167 176 177 190 194 
214 244 245 247 252 255 261 270 283 307 332 339 
345 349 357 361 373 382 389 
38
10 19 20 25 33 43 52 59 67 87 98 106 
109 111 119 140 141 143 148 159 194 198 205 211 
213 247 250 255 264 290 292 303 327 352 355 374 
392 394 
41
4 14 32 39 43 52 55 57 58 59 61 114 
131 136 146 149 168 173 175 182 187 204 212 216 
221 238 243 261 265 267 271 280 282 288 290 296 
319 324 327 362 371 
38
11 12 15 35 36 38 40 42 59 62 79 81 
88 89 117 121 128 139 147 152 190 200 209 277 
279 281 284 287 292 293 313 336 347 351 361 362 
378 388 
44
15 24 28 30 35 42 65 67 72 79 81 117 
118 123 127 131 151 155 164 170 171 181 182 218 
219 220 230 240 242 243 277 291 292 302 306 316 
317 320 370 371 377 378 391 400 
43
1 24 27 29 42 57 71 91 95 97 108 117 
119 133 138 152 158 160 161 172 193 200 202 205 
219 225 232 242 249 266 271 284 299 320 333 335 
345 359 370 371 383 384 386 
40
30 41 59 86 117 127 151 155 161 166 172 175 
176 183 190 204 208 224 227 232 241 245 250 252 
283 294 297 303 307 308 310 316 342 343 347 349 
358 363 379 383 
34
24 56 67 81 119 122 123 128 141 145 148 159 
173 184 186 197 217 224 228 232 258 269 282 294 
305 306 310 311 319 352 360 373 391 395 
39
15 18 22 24 30 31 35 41 52 61 84 107 
111 158 159 162 183 197 208 209 211 236 238 268 
276 277 288 297 309 310 317 329 356 361 364 390 
392 393 395 
43
1 12 16 36 37 45 57 59 61 73 88 89 
115 128 132 135 137 139 147 164 169 173 181 187 
191 197 209 214 220 223 224 234 238 275 294 305 
322 343 351 377 385 391 394 
34
9 29 33 42 52 94 112 135 138 142 153 154 
160 167 173 184 188 189 238 250 261 275 279 282 
284 296 297 311 318 334 351 352 383 389 
46
2 30 35 36 38 44 45 53 56 57 60 68 
80 86 93 104 109 118 124 130 131 149 150 153 
159 173 175 211 219 226 228 231 250 256 258 286 
293 296 322 329 335 354 368 373 377 392 
39
16 28 30 33 35 56 65 81 90 101 106 109 
118 119 129 136 141 159 175 180 182 206 211 226 
241 247 254 268 274 288 295 300 304 306 311 316 
333 358 371 
48
3 6 24 34 41 43 47 55 57 58 62 63 
67 84 89 93 135 147 148 152 154 159 172 174 
180 186 202 203 219 224 228 230 237 239 240 248 
254 262 274 292 304 308 317 324 350 372 385 396 
37
5 19 43 46 71 78 88 89 90 98 101 107 
125 127 134 138 155 158 162 180 214 216 218 225 
241 246 279 288 313 340 359 367 370 388 389 394 
398 
45
11 27 28 53 56 57 65 72 78 90 116 122 
128 136 139 149 154 164 167 171 179 181 187 190 
207 213 227 231 234 254 264 276 282 288 292 305 
333 341 342 360 365 368 377 379 390 
45
3 8 34 45 57 65 67 76 78 79 85 90 
127 129 133 135 141 146 164 168 174 177 186 188 
201 211 215 217 222 232 240 244 246 275 280 285 
292 305 308 310 321 346 367 370 378 
48
12 26 27 36 37 46 58 59 61 66 69 72 
77 123 125 130 132 150 152 160 165 192 196 206 
212 229 230 252 260 263 273 279 302 314 315 321 
323 333 337 344 348 359 360 374 382 384 391 393 
33
3 18 54 59 63 66 68 70 80 81 91 100 
126 128 152 156 179 227 252 255 261 272 294 295 
328 330 332 337 347 371 374 377 391 
37
7 13 26 42 46 87 89 129 138 140 152 157 
165 198 199 206 207 209 218 220 222 227 252 254 
255 261 274 286 289 294 320 324 327 331 366 367 
382 
39
39 41 74 97 113 118 125 129 132 142 145 148 
176 179 189 193 198 209 210 214 226 249 265 293 
294 312 325 332 335 336 338 345 348 350 379 383 
385 388 398 
41
12 19 22 42 44 49 91 93 94 97 125 127 
142 145 159 164 187 192 217 221 230 246 251 258 
260 262 294 306 307 308 316 318 325 330 333 352 
373 382 388 398 399 
27
2 13 14 19 25 28 31 50 91 96 109 128 
143 165 182 191 197 211 217 240 257 273 301 340 
346 367 394 
40
3 7 12 20 22 60 63 68 72 89 93 112 
126 140 176 182 186 196 199 209 219 224 234 252 
257 262 267 282 293 294 310 313 318 328 329 344 
368 377 380 385 
46
5 38 43 51 67 74 84 86 88 99 100 103 
105 107 108 115 130 131 146 159 162 173 176 185 
200 202 206 218 226 259 265 268 287 298 300 310 
351 353 359 362 372 377 380 382 390 398 
41
2 19 33 36 43 45 70 107 111 123 124 125 
131 137 138 151 157 160 167 180 184 191 228 234 
270 277 279 282 312 315 321 342 345 348 352 354 
358 364 371 385 395 
43
8 24 44 55 56 65 72 74 87 106 110 111 
123 127 128 144 173 179 195 201 202 227 229 230 
242 256 257 261 271 276 279 280 284 290 292 294 
300 313 333 339 350 375 386 
43
3 4 31 43 44 48 75 76 88 96 116 126 
128 131 134 147 162 163 166 169 176 180 216 226 
227 234 243 244 249 259 260 272 290 313 318 324 
332 333 355 360 374 385 386 
34
1 5 19 36 43 46 50 80 109 112 113 118 
140 142 143 151 165 185 210 227 251 253 254 257 
263 274 297 298 299 310 333 339 353 362 
39
6 10 17 19 28 64 68 76 86 93 112 127 
139 144 172 179 185 186 196 237 253 273 275 278 
281 283 306 307 308 309 312 316 323 346 348 365 
368 377 382 
30
17 26 40 41 69 89 93 127 130 165 182 195 
198 200 216 233 240 249 273 280 281 288 291 301 
308 317 345 357 380 390 
41
5 21 34 56 60 76 86 90 96 100 105 108 
111 113 115 128 129 131 132 135 161 171 174 183 
231 232 233 235 256 293 294 295 296 298 305 310 
342 387 388 393 400 
44
1 10 35 62 65 71 76 86 87 91 105 109 
119 135 139 154 174 179 184 191 192 203 215 217 
228 231 247 264 270 278 304 344 348 357 360 363 
365 370 381 383 384 386 388 397 
35
9 15 21 50 51 56 71 87 107 131 142 143 
145 159 168 172 202 210 214 238 245 247 257 271 
286 305 307 326 332 345 357 374 377 381 393 
