100 200
1 1 1 1 1 1 1 1 1 1 1 1 
1 1 1 1 1 1 1 1 1 1 1 1 
1 1 1 1 1 1 1 1 1 1 1 1 
1 1 1 1 1 1 1 1 1 1 1 1 
1 1 1 1 1 1 1 1 1 1 1 1 
1 1 1 1 1 1 1 1 1 1 1 1 
1 1 1 1 1 1 1 1 1 1 1 1 
1 1 1 1 1 1 1 1 1 1 1 1 
1 1 1 1 1 1 1 1 1 1 1 1 
1 1 1 1 1 1 1 1 1 1 1 1 
1 1 1 1 1 1 1 1 1 1 1 1 
1 1 1 1 1 1 1 1 1 1 1 1 
1 1 1 1 1 1 1 1 1 1 1 1 
1 1 1 1 1 1 1 1 1 1 1 1 
1 1 1 1 1 1 1 1 1 1 1 1 
1 1 1 1 1 1 1 1 1 1 1 1 
1 1 1 1 1 1 1 1 
17
22 29 32 38 59 93 107 108 117 122 127 140 
142 157 168 178 181 
17
7 11 14 18 21 35 43 72 77 91 108 113 
120 127 134 140 190 
21
4 21 50 51 62 89 97 105 107 108 113 115 
124 149 151 159 162 172 178 185 200 
24
3 15 31 36 52 53 68 82 83 94 95 104 
106 109 115 121 124 129 138 139 157 169 180 189 
24
6 18 23 28 34 38 54 56 63 68 69 73 
87 94 113 118 140 141 142 144 147 149 179 195 
19
6 7 10 14 16 52 59 60 71 102 108 114 
126 138 163 175 182 190 191 
20
1 3 5 19 21 45 48 50 65 70 72 82 
143 148 175 177 181 187 194 196 
10
9 15 28 37 61 84 88 111 117 119 
27
2 4 5 15 19 31 47 59 77 93 94 98 
99 112 113 115 126 130 152 154 173 176 181 183 
193 194 196 
12
6 12 16 41 67 98 105 107 123 133 160 195 
21
2 11 18 35 54 59 69 70 71 102 103 131 
135 138 143 168 170 178 181 185 197 
15
3 6 14 50 53 60 70 78 81 115 124 164 
166 180 188 
16
11 15 64 72 75 78 90 111 112 126 130 149 
158 168 174 189 
19
6 8 11 13 14 36 50 64 72 74 77 89 
96 111 154 157 178 190 195 
15
14 69 85 93 116 120 135 152 153 164 167 180 
188 190 193 
17
17 26 37 51 52 53 56 67 71 72 105 125 
128 140 148 168 178 
28
1 10 28 49 52 71 76 91 101 105 118 123 
131 137 138 142 148 157 159 160 177 178 179 188 
190 191 194 199 
14
6 21 39 50 83 122 125 137 143 149 161 182 
189 200 
18
3 6 11 34 42 65 74 86 94 105 107 123 
128 132 175 193 196 199 
22
18 19 31 34 39 57 72 83 90 93 95 111 
123 131 135 136 138 152 157 163 174 177 
23
34 36 41 44 48 54 63 66 76 94 98 100 
131 135 136 144 146 151 166 169 176 182 186 
21
21 22 25 31 38 60 63 66 77 92 110 116 
139 147 151 152 159 170 172 187 199 
24
4 22 23 34 47 74 79 83 92 95 99 102 
106 124 126 129 137 142 144 152 153 163 187 199 
20
29 30 46 52 53 54 60 63 79 89 93 95 
117 121 131 138 144 156 183 199 
22
6 20 32 42 58 60 68 86 93 96 118 120 
123 132 138 139 148 152 160 163 181 186 
23
3 11 16 29 40 41 58 74 91 104 108 111 
113 140 147 150 163 173 179 189 194 195 199 
21
1 7 9 13 23 37 71 74 79 81 83 84 
89 116 127 142 168 173 180 182 188 
15
3 12 31 52 55 64 71 94 104 109 113 140 
141 142 147 
19
7 16 42 43 48 58 62 64 79 98 108 113 
114 126 145 153 166 167 173 
16
61 64 83 86 90 115 126 142 145 150 168 170 
184 189 193 198 
18
9 13 14 17 19 36 54 69 88 111 131 141 
142 152 161 168 178 179 
24
13 29 38 48 54 65 67 68 94 106 108 114 
118 122 146 147 152 154 160 165 176 179 180 187 
24
6 9 10 29 42 47 57 70 74 76 86 89 
95 127 136 138 139 147 151 153 161 162 181 192 
13
25 37 67 72 81 92 110 111 121 140 154 177 
184 
22
24 26 27 37 53 54 68 91 99 103 120 125 
126 136 142 145 156 164 169 178 183 192 
28
11 14 23 30 36 41 44 49 72 78 82 85 
88 93 108 111 115 116 122 125 127 128 133 138 
162 170 185 200 
23
5 8 25 53 63 65 80 88 92 108 116 143 
148 150 156 158 161 165 167 179 186 188 196 
16
4 5 11 25 29 30 41 42 78 111 113 139 
171 177 179 188 
22
9 10 28 39 46 60 64 66 82 84 94 101 
107 118 123 137 143 149 178 179 183 188 
23
5 13 27 32 35 37 49 63 66 95 109 128 
131 140 144 160 164 170 174 185 189 191 197 
17
2 10 18 34 47 54 81 102 119 121 126 137 
142 145 147 166 193 
20
9 24 32 39 46 50 56 61 81 91 111 115 
116 127 129 132 137 146 180 198 
18
4 37 42 44 51 58 65 76 94 100 108 133 
139 163 165 171 179 187 
19
5 10 17 18 27 44 63 67 89 93 97 99 
101 113 118 123 186 199 200 
14
9 39 53 60 64 66 80 81 111 117 119 145 
160 200 
23
1 3 14 31 32 38 42 65 67 68 71 76 
92 94 111 139 149 151 160 164 165 170 180 
18
6 16 20 49 51 54 71 89 128 132 136 149 
162 168 179 182 185 198 
21
4 29 62 63 68 81 89 104 111 116 126 146 
166 173 180 186 190 193 195 196 200 
20
1 12 13 36 44 53 65 67 75 80 106 115 
127 129 131 133 155 174 175 193 
18
5 9 14 22 24 41 53 62 63 112 127 130 
134 139 147 160 165 170 
17
7 8 15 16 58 75 77 86 91 113 116 150 
155 160 172 181 195 
17
6 36 41 48 72 85 93 100 113 131 146 160 
171 174 178 181 187 
21
7 13 18 24 30 39 46 49 70 75 77 96 
107 114 120 127 130 146 164 172 193 
18
6 18 19 28 31 32 33 42 55 69 70 105 
107 115 128 139 143 189 
16
9 26 30 33 38 110 112 115 130 142 147 149 
160 192 196 198 
21
51 52 55 56 69 73 79 82 88 89 90 115 
118 122 124 126 133 141 142 172 182 
16
13 14 31 41 43 60 71 76 93 95 108 112 
113 150 178 186 
26
1 6 10 19 25 32 39 47 49 52 59 66 
73 80 91 94 112 120 125 129 142 146 149 161 
187 189 
19
12 13 18 19 27 34 53 59 81 82 89 98 
108 110 157 168 185 193 200 
20
1 6 9 20 42 47 48 51 54 76 79 109 
123 131 133 134 137 149 189 196 
21
2 8 14 17 40 42 48 80 92 95 110 114 
122 125 126 127 143 174 178 195 196 
24
4 36 39 65 67 69 71 73 91 106 112 118 
121 122 123 127 140 145 154 191 192 195 199 200 
16
1 5 18 40 50 58 74 77 102 123 126 137 
141 172 174 177 
20
6 7 23 26 40 45 50 60 68 77 101 106 
107 109 111 133 153 167 173 175 
20
4 14 15 17 27 35 36 37 48 68 93 105 
111 129 140 147 154 159 163 193 
18
4 22 26 49 50 55 63 73 83 113 139 150 
151 153 158 163 184 186 
16
1 29 40 50 62 64 75 97 111 117 123 127 
157 165 185 186 
19
1 9 14 44 45 52 53 60 79 87 88 94 
104 116 119 146 147 183 197 
16
9 15 18 25 30 43 52 65 80 83 90 125 
174 188 192 194 
16
7 32 34 68 69 70 80 84 98 128 138 141 
149 158 184 197 
13
37 43 47 65 66 73 93 106 133 152 173 186 
189 
22
13 16 30 55 69 84 89 101 104 106 108 113 
115 116 118 125 132 139 160 166 179 197 
23
10 14 31 41 67 81 83 90 94 100 111 120 
122 146 155 161 168 174 182 183 185 194 200 
27
10 42 49 63 65 75 83 92 97 104 111 117 
122 123 124 129 142 147 155 167 171 180 183 186 
188 189 196 
20
11 15 16 25 29 72 73 79 81 83 91 93 
97 122 130 143 149 154 155 169 
24
8 20 21 27 35 47 59 73 88 101 103 113 
116 127 128 133 138 139 142 143 150 151 192 197 
22
3 4 25 31 38 60 61 79 80 105 115 131 
137 151 152 153 161 175 180 182 185 196 
22
5 35 40 41 42 60 74 78 80 107 108 119 
153 173 176 178 183 185 193 195 197 199 
21
14 17 27 29 39 40 42 58 62 84 114 126 
130 139 159 165 178 188 191 195 196 
19
5 12 16 42 65 72 86 87 89 98 117 139 
140 154 165 166 172 189 190 
19
15 48 52 68 70 84 96 98 133 159 165 173 
176 183 187 191 192 194 197 
24
41 45 50 58 68 72 73 77 78 79 80 85 
92 94 97 103 105 129 130 163 165 195 197 198 
20
1 6 11 25 29 43 95 109 116 117 119 123 
124 139 144 145 149 160 170 189 
18
11 16 33 63 65 66 69 85 105 106 125 133 
153 160 161 173 191 196 
24
1 25 52 54 60 72 78 90 112 113 128 142 
145 146 159 160 161 162 183 185 187 195 198 200 
16
49 57 70 85 95 114 133 136 141 147 157 170 
175 178 189 200 
15
30 31 36 80 85 90 107 108 112 130 147 150 
159 160 168 
21
6 7 11 35 40 55 65 90 108 113 117 122 
126 146 148 154 157 168 171 179 200 
14
7 18 19 36 44 48 53 108 111 143 152 162 
174 192 
18
33 41 54 60 68 81 95 115 120 141 144 154 
169 171 180 183 187 189 
26
6 8 15 26 27 41 47 49 55 61 63 67 
73 95 111 114 119 128 134 138 141 146 153 164 
182 190 
19
6 26 34 35 42 51 52 61 65 72 81 139 
144 149 168 169 182 185 199 
21
9 35 45 62 66 71 78 79 120 121 134 138 
139 154 158 162 169 173 174 196 198 
19
10 18 26 27 38 53 56 74 83 91 105 115 
128 143 159 164 171 173 189 
24
1 15 27 28 30 34 36 37 59 63 64 81 
99 107 108 111 116 135 148 159 162 167 185 196 
21
5 12 21 32 54 57 58 72 88 92 93 97 
121 140 155 157 162 165 175 186 197 
21
2 4 5 8 10 13 38 44 45 47 60 67 
110 120 121 123 124 135 155 179 187 
25
7 9 10 11 53 60 68 71 79 82 100 102 
114 115 125 126 127 132 134 138 161 169 171 173 
187 
14
4 24 27 39 40 42 47 68 75 83 105 114 
187 196 
24
1 5 12 16 68 85 112 114 123 124 132 134 
135 138 142 157 164 168 177 178 181 185 186 189 
