200 200
1 1 1 1 1 1 1 1 1 1 1 1 
1 1 1 1 1 1 1 1 1 1 1 1 
1 1 1 1 1 1 1 1 1 1 1 1 
1 1 1 1 1 1 1 1 1 1 1 1 
1 1 1 1 1 1 1 1 1 1 1 1 
1 1 1 1 1 1 1 1 1 1 1 1 
1 1 1 1 1 1 1 1 1 1 1 1 
1 1 1 1 1 1 1 1 1 1 1 1 
1 1 1 1 1 1 1 1 1 1 1 1 
1 1 1 1 1 1 1 1 1 1 1 1 
1 1 1 1 1 1 1 1 1 1 1 1 
1 1 1 1 1 1 1 1 1 1 1 1 
1 1 1 1 1 1 1 1 1 1 1 1 
1 1 1 1 1 1 1 1 1 1 1 1 
1 1 1 1 1 1 1 1 1 1 1 1 
1 1 1 1 1 1 1 1 1 1 1 1 
1 1 1 1 1 1 1 1 
58
1 5 6 8 14 19 23 27 33 34 40 44 
46 50 51 55 57 59 67 69 77 78 86 91 
92 94 99 103 106 110 114 120 122 125 126 130 
135 136 137 140 143 145 147 148 154 156 159 160 
166 167 171 175 180 181 191 192 193 198 
70
3 7 10 14 15 16 20 21 22 23 24 26 
29 31 33 35 37 39 40 43 46 47 48 49 
54 56 60 62 64 71 76 77 79 84 85 88 
92 97 101 104 105 106 108 111 112 116 117 128 
133 135 137 141 145 147 148 152 154 155 156 158 
162 163 165 166 170 177 178 181 185 199 
51
6 9 14 16 21 28 35 38 44 48 57 58 
61 64 70 72 76 78 82 84 86 94 96 97 
98 99 110 113 114 117 118 121 129 135 142 145 
146 170 172 173 175 177 179 180 183 184 187 189 
191 197 200 
53
10 13 15 17 19 22 24 27 29 32 36 39 
52 60 70 72 73 74 76 77 80 82 94 96 
98 99 101 106 107 110 123 124 129 137 138 140 
144 146 147 153 155 157 158 165 166 168 170 172 
175 183 187 188 197 
67
1 2 3 4 5 15 16 20 21 25 37 41 
42 43 45 54 56 58 59 60 62 63 64 65 
75 83 84 89 95 97 99 100 101 106 109 114 
115 116 122 126 134 137 138 139 140 141 149 150 
152 154 161 162 163 165 169 170 173 174 176 177 
182 183 184 189 193 195 198 
60
2 6 10 16 36 38 40 41 42 43 44 45 
47 48 49 50 54 55 56 57 65 66 68 69 
76 78 79 87 91 92 95 98 104 108 116 118 
122 129 131 133 135 136 138 139 147 149 158 164 
170 172 173 174 179 180 181 184 185 193 194 198 
60
4 5 7 9 15 23 30 33 38 44 47 48 
49 54 58 62 65 67 68 70 75 79 80 83 
84 85 86 92 95 99 101 104 106 107 120 123 
132 136 140 141 143 145 151 153 156 157 159 163 
164 166 167 176 177 180 183 184 185 187 195 196 
59
1 3 4 7 15 20 25 29 31 36 37 38 
39 44 48 49 56 58 59 60 61 65 69 84 
88 90 92 93 97 103 106 108 122 123 125 129 
130 132 137 141 143 146 151 153 158 160 162 169 
170 174 181 184 186 190 193 194 197 198 200 
72
1 5 11 13 15 16 20 21 28 32 33 41 
43 44 45 46 49 53 54 55 56 57 60 63 
66 71 73 75 76 78 79 81 82 83 85 86 
88 94 98 101 111 114 115 116 119 120 122 123 
124 125 132 135 137 141 145 147 153 156 158 169 
170 171 175 176 178 182 188 190 193 196 197 198 
70
1 5 11 13 14 26 29 31 32 35 37 40 
41 46 47 51 54 55 61 65 69 70 71 73 
74 76 80 81 88 90 93 96 99 100 101 103 
104 112 116 123 124 125 126 128 132 136 137 140 
141 142 143 146 148 151 158 163 168 170 174 176 
178 180 181 182 183 185 188 191 196 198 
47
2 5 9 32 34 36 39 40 43 48 59 61 
66 67 70 73 74 79 92 93 94 95 99 102 
104 107 115 117 118 123 129 130 144 146 150 151 
152 157 159 163 170 181 182 184 185 187 194 
55
1 2 4 10 13 16 17 22 27 36 41 42 
50 52 56 64 69 73 75 78 80 82 83 85 
86 88 90 93 94 98 103 105 107 110 116 117 
119 132 137 138 143 147 151 155 158 169 174 178 
179 183 185 195 196 197 200 
78
1 2 4 9 14 17 18 21 23 28 29 34 
37 38 41 42 45 48 51 54 55 59 63 69 
70 78 79 82 94 95 97 103 104 105 107 108 
119 120 121 124 126 129 130 132 135 136 137 144 
147 148 149 150 151 153 155 157 165 167 168 169 
171 172 173 174 175 176 179 180 182 184 185 189 
190 191 192 194 195 198 
59
1 6 7 10 11 12 24 27 30 33 34 36 
47 55 58 60 63 64 65 69 70 71 79 80 
83 86 88 90 91 93 94 108 111 115 116 122 
123 127 128 129 136 137 140 146 151 154 155 157 
162 167 168 173 177 183 187 189 195 198 199 
61
7 10 15 16 26 27 31 32 38 41 43 46 
48 50 56 64 66 69 73 79 80 81 91 95 
99 102 106 112 119 121 122 125 126 127 128 130 
132 137 140 144 146 147 148 149 151 153 163 164 
165 169 170 173 176 180 181 183 191 193 196 197 
199 
68
5 8 10 11 16 18 21 26 29 30 32 37 
38 39 44 46 49 54 55 60 62 64 65 66 
67 68 69 70 74 75 80 89 91 92 97 103 
107 109 110 117 119 120 121 122 123 129 131 134 
135 136 138 142 143 147 155 157 161 168 169 173 
179 181 183 185 189 195 197 200 
61
4 5 6 8 15 17 19 22 23 28 33 38 
40 47 49 56 57 60 61 63 64 66 69 71 
74 80 89 90 93 94 96 97 106 108 111 112 
113 120 124 126 127 132 136 138 146 148 149 157 
158 166 167 170 174 176 182 183 184 185 186 188 
192 
66
2 7 9 10 12 17 20 21 27 28 29 33 
36 40 41 46 47 48 50 52 56 58 60 61 
64 65 66 67 69 70 76 80 83 84 87 88 
93 101 107 113 115 116 120 129 131 133 134 137 
143 144 150 151 154 158 160 161 166 168 172 181 
182 186 187 189 190 200 
55
3 6 7 15 22 23 32 33 34 36 45 46 
50 52 54 61 64 69 70 77 84 90 100 102 
103 105 108 110 111 113 115 116 120 121 127 129 
134 136 137 140 144 152 159 160 162 185 186 188 
189 191 192 193 196 197 199 
61
4 6 8 9 12 14 20 21 22 26 27 30 
34 40 46 48 50 52 61 62 66 67 70 76 
78 80 86 91 92 95 97 100 101 104 107 109 
114 116 117 124 125 134 138 144 149 154 155 159 
161 163 164 168 170 173 174 176 181 186 189 191 
200 
63
16 19 22 23 25 27 30 36 38 40 41 42 
47 55 56 57 59 62 65 67 68 73 76 78 
83 92 95 104 108 111 112 113 117 119 121 122 
123 124 125 134 135 136 139 143 145 151 152 153 
154 155 158 162 166 169 176 179 181 191 195 196 
197 198 200 
62
1 6 8 11 19 21 37 41 47 49 52 53 
59 61 62 67 70 71 80 88 90 92 93 94 
96 102 103 106 108 110 111 112 115 119 123 132 
135 138 139 142 145 148 152 155 157 165 167 168 
170 171 173 174 176 179 180 181 182 188 191 193 
194 200 
64
8 11 14 16 19 20 21 23 24 34 36 39 
46 49 51 52 56 57 58 59 61 62 63 67 
68 76 77 79 80 82 85 90 93 96 100 102 
103 108 109 113 120 123 124 132 134 138 141 142 
148 150 153 155 156 164 165 170 175 178 181 182 
183 194 195 200 
72
1 2 9 11 13 14 19 22 24 28 29 30 
32 34 36 38 39 47 50 53 57 58 62 63 
67 71 73 75 76 79 80 82 87 90 92 97 
98 99 103 104 108 110 116 120 126 128 130 131 
133 136 139 145 146 152 156 159 162 163 169 170 
171 175 177 178 179 180 184 188 191 192 194 196 
54
2 5 11 13 18 27 34 36 42 43 45 48 
52 53 57 62 75 80 85 90 91 95 97 100 
103 109 110 111 114 120 124 130 133 137 146 151 
154 155 156 159 161 162 166 170 171 173 179 181 
182 186 190 191 196 200 
69
1 2 6 11 13 18 20 26 32 33 35 41 
43 44 45 49 50 53 54 61 62 65 67 72 
76 82 83 87 88 89 91 93 97 99 100 106 
115 116 117 120 122 123 125 128 131 132 133 138 
139 143 148 149 157 159 160 163 168 173 175 176 
183 184 185 192 193 194 196 197 198 
63
1 7 8 15 19 21 30 36 41 42 43 44 
45 48 49 55 57 60 65 70 73 75 78 92 
93 95 103 105 106 109 110 111 118 119 122 129 
137 138 139 140 141 142 143 147 149 151 154 162 
163 165 169 172 178 181 182 185 189 191 193 194 
196 197 200 
53
11 16 29 34 37 40 43 56 65 68 73 75 
77 81 84 92 96 97 101 107 108 110 113 116 
123 125 126 128 130 131 133 134 140 147 153 155 
156 162 164 166 167 170 172 173 176 177 182 185 
187 188 192 195 200 
58
2 7 16 17 22 24 27 31 32 34 36 37 
38 39 41 44 46 52 55 57 64 66 69 71 
73 76 77 83 89 90 94 95 103 106 109 112 
115 126 129 132 138 139 140 150 157 159 167 171 
173 175 180 184 189 194 195 196 199 200 
68
3 5 8 14 19 21 23 25 27 28 35 37 
43 47 49 56 59 60 61 62 64 68 69 70 
71 77 79 80 85 87 89 90 92 98 104 106 
109 112 122 137 138 139 142 143 144 146 148 151 
153 154 155 157 158 159 162 164 166 168 169 173 
175 176 177 178 188 190 194 199 
60
3 5 8 9 13 15 18 20 22 23 27 28 
29 30 31 36 37 38 47 56 63 66 73 74 
88 89 96 99 101 104 109 113 115 117 120 121 
123 124 131 133 141 142 144 146 151 152 156 159 
160 161 177 180 181 183 184 186 187 191 194 199 
56
5 7 10 13 14 15 16 19 23 25 26 35 
38 39 41 42 43 45 48 56 57 61 63 67 
68 73 81 89 92 101 104 107 110 111 115 122 
123 124 125 129 130 134 141 146 148 150 153 159 
165 170 172 175 176 180 183 190 
73
1 2 5 7 9 10 12 15 17 18 19 20 
21 25 26 31 33 35 38 39 43 45 46 49 
50 52 53 55 57 58 61 63 64 68 71 72 
83 87 89 92 93 98 99 102 105 110 113 115 
116 136 143 149 153 155 157 158 159 160 162 164 
166 173 176 177 179 180 187 188 192 193 198 199 
200 
75
6 10 11 13 14 25 28 29 30 32 33 34 
35 37 45 46 52 53 54 56 57 63 64 65 
66 71 72 77 84 92 96 98 99 100 101 104 
105 106 109 110 114 115 116 119 123 124 127 129 
134 135 137 142 143 145 148 149 151 152 156 161 
163 165 169 171 172 173 174 177 179 183 184 185 
186 188 190 
58
1 8 13 14 18 20 22 26 32 34 39 44 
46 47 52 54 55 56 60 69 70 79 81 82 
83 86 87 88 90 99 102 105 106 107 115 116 
118 119 129 136 137 138 139 145 156 157 158 167 
169 173 180 182 187 189 191 192 197 199 
64
1 4 9 10 13 16 20 21 22 26 31 32 
35 39 42 44 55 60 61 69 72 74 75 76 
82 83 84 86 92 95 98 105 109 110 112 114 
117 119 121 122 126 127 135 144 148 150 151 154 
157 158 161 168 169 171 172 173 175 178 183 184 
186 194 195 199 
67
4 5 6 7 8 10 11 13 14 15 20 23 
24 43 44 45 49 51 54 56 61 65 66 70 
71 72 74 75 77 80 82 83 86 88 89 91 
104 106 114 124 126 129 132 138 139 140 141 143 
144 145 152 155 156 160 174 183 185 186 188 189 
190 191 192 193 194 195 200 
55
2 9 13 14 20 21 40 42 45 52 55 57 
62 66 69 77 81 82 85 86 92 100 101 104 
109 110 116 119 122 124 126 129 132 134 138 139 
144 146 151 155 159 161 162 163 167 168 172 177 
182 183 187 189 191 199 200 
63
4 5 6 7 10 16 17 18 26 27 34 37 
39 50 53 54 55 56 61 63 68 70 72 75 
81 86 87 88 89 90 96 97 99 100 102 111 
114 116 120 121 122 123 134 138 140 143 145 146 
147 151 155 158 159 164 167 169 178 179 180 186 
189 194 200 
69
2 11 15 25 28 29 30 34 42 43 49 53 
54 56 60 62 64 67 69 73 77 79 81 84 
85 95 100 106 107 109 113 115 117 118 119 125 
131 133 136 137 139 144 148 149 153 154 157 158 
159 161 162 163 164 165 166 167 171 173 174 179 
181 183 184 189 191 193 196 199 200 
53
4 6 7 8 10 12 19 20 21 25 30 32 
40 41 46 50 54 57 59 72 73 74 76 77 
80 84 86 90 91 96 99 104 108 110 119 121 
123 132 133 147 154 155 159 167 169 176 178 181 
183 186 188 190 192 
55
2 4 8 9 11 14 21 31 33 36 40 41 
42 44 47 48 63 65 77 86 92 94 97 98 
109 111 115 118 122 125 128 130 131 140 141 142 
146 147 149 150 151 152 154 159 164 167 171 173 
176 177 178 182 185 189 191 
59
3 10 11 15 17 21 24 25 26 27 28 29 
49 53 54 59 61 62 64 66 67 77 85 101 
102 103 104 105 112 115 118 119 121 123 124 132 
139 142 143 145 149 151 155 160 168 171 172 177 
181 182 186 187 188 189 191 193 194 197 198 
52
7 11 17 20 21 23 27 31 32 34 35 37 
40 45 46 51 57 65 66 68 70 76 77 79 
90 91 92 95 97 103 104 113 126 131 138 148 
149 153 155 157 160 163 164 169 170 171 185 187 
188 191 195 199 
66
2 4 6 8 12 15 16 17 21 24 25 27 
30 31 35 36 37 46 48 49 50 51 73 74 
77 78 85 92 93 94 96 100 106 110 111 114 
115 118 119 120 124 127 128 137 139 145 146 148 
149 151 157 158 159 160 164 168 171 174 175 179 
181 187 188 189 193 200 
67
4 5 7 15 17 18 19 25 32 33 35 36 
38 47 48 49 50 53 56 63 68 73 74 77 
78 82 84 87 88 90 91 92 94 97 100 119 
120 122 123 127 128 130 136 139 140 141 143 144 
145 146 149 150 153 156 166 168 170 172 176 178 
179 180 181 183 186 190 193 
62
8 18 20 21 28 29 38 42 45 48 50 51 
53 54 61 62 66 68 69 72 80 81 83 86 
89 90 93 99 106 111 112 119 124 128 130 132 
133 135 136 137 142 144 146 150 152 153 154 155 
163 165 169 170 172 176 180 181 185 187 189 190 
196 198 
59
2 7 10 11 14 18 20 21 22 29 30 33 
36 39 40 45 46 47 50 54 56 57 58 61 
65 66 69 70 73 74 75 81 83 90 94 99 
102 109 113 117 124 125 126 134 145 152 162 167 
168 170 174 176 177 178 181 183 188 190 196 
56
1 4 6 9 20 24 25 26 28 41 44 49 
50 53 55 56 58 68 71 72 73 76 84 85 
91 92 93 97 102 106 115 120 121 125 126 127 
130 133 136 137 140 142 149 151 154 156 163 166 
167 187 188 190 191 192 198 200 
65
1 3 9 16 17 23 24 28 31 35 36 46 
48 52 53 57 58 62 64 69 73 76 77 79 
85 88 95 96 100 104 108 111 112 115 122 123 
124 129 130 132 135 138 140 141 145 147 148 154 
163 164 165 168 172 174 176 178 185 186 187 190 
193 194 195 197 200 
63
1 2 8 11 21 22 26 27 32 34 44 45 
46 50 52 59 60 67 69 70 71 76 79 82 
84 87 96 98 99 101 104 106 109 115 116 118 
119 120 122 129 130 132 135 137 138 139 149 154 
155 157 160 162 163 165 166 175 176 178 179 183 
189 192 198 
55
5 6 7 8 9 10 11 12 18 22 23 24 
29 33 34 36 42 51 58 63 65 70 74 80 
84 92 93 96 100 102 103 106 109 110 116 125 
128 129 130 131 133 142 143 144 150 155 156 163 
177 181 186 187 195 196 199 
49
1 7 9 14 18 28 29 37 38 39 40 45 
46 64 65 69 70 71 72 74 76 82 83 84 
90 93 106 109 113 114 124 125 135 137 138 141 
147 148 151 152 156 158 159 161 166 180 181 187 
195 
71
2 4 6 8 9 10 11 13 16 19 20 24 
25 29 31 32 35 40 43 48 50 53 60 61 
62 63 68 75 83 85 91 92 93 96 97 98 
99 101 102 106 112 113 114 117 125 129 130 131 
132 134 139 142 144 145 146 151 155 156 162 164 
167 168 169 174 176 180 182 186 188 190 197 
67
1 7 9 12 13 23 24 26 28 29 30 31 
32 39 46 51 52 61 63 76 82 88 93 98 
99 103 106 109 113 115 117 118 119 121 123 124 
127 129 130 133 134 135 136 137 139 143 145 148 
150 153 154 159 163 171 173 175 176 177 178 179 
180 184 189 195 198 199 200 
69
2 5 6 8 11 13 23 25 27 28 29 30 
31 33 37 45 48 50 52 53 54 57 58 66 
68 71 72 74 77 79 85 86 90 93 96 99 
100 102 104 109 111 113 117 129 130 134 135 136 
137 139 141 144 145 152 155 157 162 167 170 171 
177 184 185 188 189 190 194 195 198 
61
4 9 13 15 23 28 30 35 37 38 43 46 
47 48 50 59 61 64 65 68 71 72 75 78 
80 82 92 93 97 99 105 106 107 109 117 120 
122 123 125 127 139 144 146 147 151 153 154 155 
157 163 171 179 181 183 185 186 190 193 195 198 
199 
69
5 10 15 22 26 27 29 30 32 35 40 44 
46 47 49 51 52 53 54 57 59 60 66 68 
69 70 74 75 76 82 83 84 85 86 91 93 
94 95 106 110 113 117 120 122 125 129 131 136 
138 144 146 148 152 153 154 161 163 166 169 172 
179 180 181 183 185 187 190 191 192 
58
6 7 8 10 14 15 16 19 23 26 30 33 
35 36 38 39 42 43 44 47 49 60 65 68 
69 74 78 79 88 93 97 101 102 108 112 115 
116 117 122 135 136 145 150 154 156 157 161 166 
174 177 183 184 189 192 196 197 198 199 
49
8 12 27 29 33 36 39 43 45 47 50 51 
62 65 67 72 74 75 88 105 106 107 108 111 
117 118 124 125 128 130 131 132 133 138 139 145 
149 151 154 158 171 172 173 174 180 181 183 197 
199 
54
4 6 8 15 20 22 27 30 32 33 36 39 
52 54 56 57 58 60 74 76 82 88 90 97 
100 102 103 104 106 118 119 120 124 128 133 135 
138 142 145 146 147 149 150 156 158 160 167 177 
181 184 187 189 190 192 
68
3 4 7 9 10 14 15 16 17 19 24 27 
29 31 34 35 39 43 45 53 55 59 60 63 
65 66 68 72 75 78 80 85 87 91 94 95 
98 100 106 107 108 117 120 125 127 128 130 144 
145 148 151 152 153 162 164 165 166 168 171 174 
175 179 183 192 195 197 199 200 
54
1 5 8 10 16 18 20 24 33 43 44 46 
49 50 57 60 63 68 76 86 88 91 93 94 
95 98 100 101 111 116 117 118 119 127 129 135 
138 141 145 146 149 155 157 160 161 167 169 177 
179 183 184 189 195 198 
54
5 8 16 18 19 24 25 27 32 35 44 49 
51 54 55 59 60 61 68 69 72 74 75 76 
78 79 80 84 85 87 91 93 106 110 118 122 
124 127 136 143 149 154 159 169 170 174 177 179 
183 185 188 190 196 200 
64
2 11 17 19 25 47 50 51 55 56 57 59 
61 62 63 64 66 71 73 74 75 76 77 78 
84 91 94 95 96 99 106 109 113 115 119 120 
123 125 130 132 137 138 140 144 146 149 153 155 
157 163 166 168 171 172 173 174 175 181 184 185 
186 190 195 197 
62
2 5 6 8 9 15 16 19 20 30 36 38 
43 45 46 48 53 55 57 58 60 62 69 73 
74 76 78 81 86 92 93 96 103 105 106 109 
111 113 115 118 119 125 130 142 145 146 148 152 
154 162 166 174 176 179 180 183 185 186 188 195 
197 199 
62
7 9 16 23 24 25 26 30 35 38 42 46 
50 51 53 54 56 61 65 66 67 70 73 77 
78 81 83 84 89 91 96 106 110 114 120 121 
123 124 126 129 133 134 135 138 141 149 151 159 
160 164 165 171 172 177 179 182 183 186 190 191 
199 200 
65
8 9 10 12 13 14 16 19 21 24 25 26 
27 28 35 40 42 44 48 52 53 55 57 64 
65 73 76 77 81 83 84 86 90 93 96 98 
99 103 108 112 115 121 122 123 126 128 134 138 
140 142 143 144 149 152 153 154 159 160 163 171 
179 184 186 195 196 
65
1 8 11 12 13 16 17 21 22 23 29 30 
34 35 40 41 44 45 46 53 56 57 58 63 
65 66 67 69 70 72 83 87 89 91 96 104 
106 113 115 116 118 125 128 131 134 138 140 145 
148 149 152 153 154 160 162 163 166 171 173 174 
178 179 190 191 194 
56
2 3 5 7 8 13 19 20 22 25 26 27 
33 34 38 41 42 45 51 54 64 65 69 70 
73 81 84 87 88 89 92 94 96 99 101 107 
111 112 121 124 125 128 133 135 136 137 143 151 
154 155 176 190 194 195 197 198 
62
2 4 10 14 20 21 23 25 27 28 29 30 
31 32 37 43 44 47 50 54 56 59 61 62 
63 64 66 68 72 78 80 82 85 86 92 93 
105 108 111 116 117 120 121 128 129 134 139 142 
143 159 167 169 173 178 181 182 187 189 190 191 
192 193 
70
1 3 9 10 12 13 15 16 17 18 23 25 
40 43 44 53 55 57 68 72 75 76 78 79 
83 84 92 97 100 101 103 106 107 110 111 118 
120 124 127 129 130 138 140 141 142 143 145 148 
151 153 162 164 165 166 169 172 175 177 178 179 
180 182 187 188 191 193 195 196 199 200 
74
1 5 6 9 14 17 20 22 23 24 25 28 
30 33 35 38 41 42 43 48 49 50 54 57 
58 59 61 64 71 74 77 81 85 90 91 93 
94 95 99 102 104 106 109 110 112 113 114 115 
117 121 123 128 131 132 137 138 142 143 149 158 
159 163 170 173 178 182 184 188 189 190 194 195 
196 197 
56
5 7 16 19 22 25 26 29 32 34 35 40 
45 47 48 50 53 55 65 66 68 72 73 80 
86 95 96 100 106 109 110 111 114 115 117 119 
121 122 123 124 132 139 141 147 152 156 157 160 
163 164 166 172 181 188 193 200 
46
6 8 9 13 17 23 24 29 30 42 43 46 
54 56 60 66 70 77 89 90 102 110 113 116 
121 122 124 128 138 144 151 159 161 163 164 171 
173 175 179 183 184 185 190 197 199 200 
55
1 2 4 6 10 11 15 18 24 26 27 29 
30 34 35 39 40 42 46 47 56 61 65 74 
78 87 88 89 92 96 98 119 120 126 127 128 
130 132 134 135 136 141 142 144 146 150 152 153 
170 175 180 181 196 199 200 
54
2 4 10 14 15 16 18 24 31 33 36 37 
41 43 44 45 48 51 54 56 61 63 70 71 
73 76 77 84 87 91 93 102 115 118 120 121 
128 131 132 136 145 155 160 168 169 170 172 176 
181 183 190 194 198 200 
48
4 8 9 13 17 18 23 27 31 32 43 44 
45 48 53 62 66 67 73 77 79 87 88 93 
96 105 113 119 122 124 125 130 133 135 142 150 
153 155 156 163 166 169 174 177 189 196 199 200 
55
4 7 8 12 20 22 24 25 33 39 41 45 
46 48 51 52 53 59 60 66 69 73 77 80 
82 85 89 90 93 96 114 119 124 132 134 135 
136 142 149 153 156 158 159 163 164 165 173 175 
176 179 180 189 192 196 197 
58
2 6 8 9 13 21 33 37 44 45 50 53 
56 65 68 69 70 72 73 76 77 81 83 84 
86 89 91 95 96 103 107 108 116 122 125 133 
134 136 137 138 142 150 152 155 158 159 161 164 
173 174 181 183 189 191 192 193 195 198 
59
3 8 13 15 16 18 19 23 25 26 29 31 
34 38 44 51 61 67 68 69 71 74 77 78 
79 80 81 89 91 93 97 100 106 109 111 112 
115 116 117 118 119 126 127 129 148 150 155 158 
160 164 165 169 172 179 183 185 188 189 197 
49
8 13 17 18 19 22 29 31 34 35 36 37 
40 46 47 49 50 68 75 77 79 85 87 96 
100 111 112 113 118 119 126 130 132 140 141 143 
144 146 151 154 156 159 161 164 168 173 178 183 
198 
55
5 8 10 13 16 19 24 27 30 39 40 41 
44 45 48 49 52 57 64 66 73 75 77 81 
83 84 91 94 97 103 105 106 107 110 122 123 
126 128 129 132 136 141 146 153 154 156 163 175 
181 182 183 187 191 192 197 
63
2 7 8 11 15 19 22 25 26 30 37 38 
40 41 49 50 52 53 54 61 68 69 73 77 
79 80 82 83 88 89 90 93 98 102 103 104 
106 109 115 120 122 123 128 131 134 136 137 140 
144 152 154 155 163 166 172 177 180 182 184 186 
192 197 198 
54
1 4 7 9 14 17 21 22 25 26 37 40 
41 42 55 57 63 64 66 67 68 76 77 82 
84 97 100 105 106 110 115 119 121 126 132 136 
137 141 148 153 155 158 161 165 166 168 173 181 
182 183 185 193 197 199 
66
2 6 10 11 18 19 20 26 27 30 39 40 
42 45 46 47 48 49 53 59 60 61 63 64 
67 68 69 70 71 72 73 76 79 82 84 92 
94 107 109 113 116 123 124 127 131 134 137 140 
144 145 146 150 152 153 155 166 172 174 177 179 
180 182 187 188 195 197 
45
1 5 10 15 18 20 28 40 43 47 48 50 
56 57 61 62 70 72 81 86 96 97 103 104 
105 107 109 124 125 129 141 149 152 163 166 170 
171 175 176 179 184 186 191 196 197 
62
2 4 6 7 11 20 21 23 24 27 31 37 
38 40 43 46 48 56 60 63 65 66 69 71 
75 79 82 87 89 95 97 101 102 104 106 111 
113 115 117 121 127 128 129 132 134 138 140 142 
143 150 158 159 162 163 170 173 180 182 184 186 
190 196 
56
1 2 3 7 9 12 27 31 34 37 44 49 
51 53 57 58 65 68 72 74 77 86 87 88 
90 91 92 94 96 97 102 105 114 116 123 125 
128 135 139 140 141 143 150 151 153 154 165 166 
169 172 176 177 181 182 191 194 
63
1 13 15 20 21 27 28 31 38 45 55 56 
63 65 70 71 74 79 82 83 85 86 87 88 
89 92 94 98 103 104 105 106 110 116 118 119 
121 123 128 130 133 134 142 150 157 159 162 163 
164 167 168 172 174 175 176 180 181 183 187 190 
193 194 197 
80
1 2 8 13 14 15 17 21 23 26 27 29 
30 32 33 36 37 47 50 52 54 62 63 65 
67 68 70 72 79 83 86 88 91 99 104 105 
106 108 112 114 116 118 121 123 124 129 132 133 
137 138 140 141 143 144 145 146 147 151 152 155 
156 159 160 162 163 164 171 172 174 177 178 179 
183 189 190 191 193 196 197 198 
61
1 4 8 12 14 17 19 21 23 26 27 30 
31 32 38 40 45 46 47 51 53 65 70 71 
72 73 76 83 85 86 93 95 97 100 105 121 
127 131 139 145 148 150 152 160 162 163 164 166 
168 169 170 172 174 175 178 184 188 190 192 195 
196 
58
2 3 8 9 15 19 21 24 28 30 39 41 
49 51 55 57 59 60 62 65 66 70 74 76 
78 79 83 88 93 96 97 103 104 107 108 115 
117 120 127 130 131 133 136 137 138 142 150 153 
159 160 163 167 168 172 182 183 186 199 
59
1 13 15 16 23 24 26 29 33 36 38 43 
45 50 51 53 61 62 63 64 65 68 71 72 
77 80 87 88 92 95 98 104 108 109 114 118 
121 122 123 127 130 131 132 134 140 142 144 147 
153 156 170 174 175 179 185 189 198 199 200 
55
2 13 14 23 27 29 31 33 40 45 50 51 
53 55 56 57 63 70 73 75 79 81 83 86 
87 92 98 100 103 105 111 113 117 120 130 139 
140 142 144 147 157 158 162 165 166 168 173 175 
185 187 189 191 192 193 194 
52
4 7 24 28 31 33 37 38 40 41 43 48 
50 53 57 62 64 65 67 76 77 78 79 82 
83 88 95 100 109 115 119 127 132 139 140 141 
142 145 146 155 156 160 165 166 169 173 179 183 
184 192 194 197 
60
1 2 6 9 10 15 20 24 33 36 37 41 
44 48 49 51 52 59 65 67 69 74 76 79 
82 83 84 85 92 105 106 110 113 115 117 118 
119 124 125 128 130 134 137 139 142 147 149 156 
158 168 172 176 184 188 189 190 192 194 195 197 
55
3 16 20 25 26 30 34 38 41 45 51 58 
59 61 66 68 69 70 75 79 82 84 86 89 
91 97 103 107 109 110 113 115 117 128 135 143 
144 156 160 161 164 166 169 170 171 174 175 177 
179 180 182 184 190 193 195 
55
1 6 12 15 16 21 27 28 37 42 45 48 
52 56 57 62 65 68 71 78 81 82 87 90 
92 93 100 101 102 103 107 111 114 115 119 126 
127 129 131 132 134 139 147 148 154 163 164 171 
181 182 187 188 189 194 195 
69
4 6 9 10 13 26 28 29 32 39 41 47 
48 49 54 56 57 58 61 67 69 71 72 76 
77 79 81 82 83 85 87 89 91 93 95 97 
98 102 105 111 113 115 117 120 124 126 129 130 
134 135 136 137 144 147 150 155 157 163 168 169 
170 174 175 177 178 183 195 196 199 
53
6 7 11 13 16 18 21 22 24 25 30 39 
42 46 52 53 55 58 59 68 69 77 79 80 
84 89 93 95 97 99 100 102 105 108 119 124 
126 137 142 143 150 155 156 159 163 164 179 182 
185 187 189 194 198 
59
1 5 8 13 20 21 22 32 44 56 62 72 
73 74 77 79 80 81 82 90 91 95 97 101 
102 105 109 111 113 116 118 123 125 132 133 134 
135 139 141 142 144 147 150 154 155 157 158 160 
161 164 167 168 170 171 174 177 179 192 200 
64
4 14 18 21 25 27 32 33 36 38 41 43 
44 50 51 53 54 55 63 65 68 71 75 76 
78 85 86 89 94 99 101 103 104 106 112 119 
120 122 124 132 134 135 142 145 146 147 150 152 
153 160 161 167 173 177 178 179 181 183 189 192 
193 195 196 197 
57
2 15 18 19 23 24 25 27 28 29 32 33 
35 45 49 54 57 60 65 69 70 72 77 79 
86 87 88 89 92 96 97 98 103 108 110 120 
127 128 130 131 133 145 148 149 150 151 157 161 
165 167 168 169 174 180 192 197 200 
58
4 6 7 8 9 17 25 28 29 30 31 32 
33 38 40 41 46 51 55 57 58 61 67 70 
71 73 78 79 80 81 86 99 101 105 107 112 
115 119 122 127 143 151 159 160 161 165 167 170 
171 173 180 181 185 186 189 194 196 199 
66
1 2 4 9 10 12 13 15 18 21 22 24 
28 29 32 36 37 41 42 44 52 54 57 61 
63 65 76 79 81 83 85 94 97 99 100 102 
103 106 109 114 115 118 120 125 128 130 132 136 
138 147 154 155 158 162 163 164 166 167 169 178 
186 191 193 196 197 200 
56
3 4 5 6 11 19 28 29 46 48 52 60 
61 64 65 67 70 74 77 85 90 92 98 105 
107 108 111 121 122 125 131 133 137 149 152 154 
155 156 158 159 161 162 164 166 170 175 177 178 
180 181 182 183 189 191 192 200 
65
1 7 8 12 17 18 22 23 26 27 28 32 
33 35 37 38 39 40 41 45 49 50 52 56 
57 58 62 63 64 65 66 69 77 78 79 82 
85 88 94 99 101 104 110 111 116 120 126 127 
128 129 134 136 137 141 144 159 160 170 177 178 
180 185 186 189 197 
72
2 4 6 8 10 11 14 16 17 18 22 23 
30 37 41 49 51 53 56 58 59 61 62 64 
71 83 85 90 95 96 101 102 107 110 111 112 
115 120 122 125 126 128 130 132 133 137 138 140 
141 144 145 146 147 149 154 156 157 168 171 174 
175 177 178 185 189 191 193 194 195 197 198 200 
74
2 3 5 7 9 12 17 20 21 23 25 26 
28 29 30 31 34 35 36 43 44 49 51 57 
58 64 66 67 68 70 73 74 75 77 81 82 
83 85 88 91 92 94 96 100 102 103 105 114 
116 120 124 126 134 139 140 144 145 146 148 151 
155 158 161 166 167 170 172 173 175 176 177 190 
194 199 
61
1 2 4 5 7 9 16 24 29 33 34 47 
50 52 54 59 61 62 64 70 77 78 79 83 
84 85 87 88 98 99 101 108 119 120 123 129 
132 135 136 138 139 141 142 143 150 153 157 158 
164 173 174 178 181 184 190 191 193 194 198 199 
200 
60
1 3 4 10 12 16 18 20 30 31 32 35 
37 38 39 40 44 53 58 59 60 65 66 70 
75 79 83 86 91 96 97 103 107 110 112 114 
117 121 123 124 130 132 133 134 138 140 142 155 
156 160 162 169 170 173 175 177 179 180 190 196 
56
11 16 17 23 24 26 29 32 33 37 40 43 
46 48 51 62 64 67 68 71 74 78 86 90 
91 92 94 95 96 103 106 116 122 126 128 134 
137 143 147 150 151 155 156 158 161 166 173 175 
176 177 183 187 192 193 196 200 
53
3 8 20 28 36 38 45 51 55 56 57 60 
63 64 66 69 71 80 85 87 89 96 98 100 
102 106 110 114 115 125 129 145 146 148 149 151 
154 160 161 164 166 169 170 173 174 175 176 181 
183 186 197 198 200 
64
1 3 6 8 10 13 16 18 28 32 34 36 
44 47 49 53 56 59 67 71 88 89 91 92 
96 97 99 105 109 110 113 115 118 122 126 128 
130 131 134 136 138 140 142 143 149 150 154 155 
159 160 161 167 169 171 172 173 181 183 185 187 
191 195 196 200 
66
2 3 7 8 9 10 11 16 17 18 20 22 
30 31 35 41 49 52 53 57 62 64 65 66 
67 68 69 75 77 79 80 81 84 93 95 104 
110 112 113 127 129 131 132 134 139 146 152 153 
160 162 164 165 166 167 168 170 171 172 175 181 
183 188 189 198 199 200 
51
1 3 4 13 16 21 24 25 39 43 46 48 
49 51 58 63 64 65 67 70 74 77 79 80 
86 89 98 111 114 116 119 123 127 133 135 136 
138 141 143 153 158 159 160 166 169 173 181 185 
186 192 193 
56
2 6 11 13 16 23 25 31 34 37 43 48 
50 60 61 65 67 75 77 79 83 86 91 96 
98 100 101 102 104 107 110 118 122 125 128 129 
131 132 137 140 153 154 155 162 167 174 175 180 
182 183 188 190 191 194 195 198 
75
4 6 8 9 10 19 21 22 25 28 34 36 
38 46 52 55 56 60 61 65 67 68 72 73 
75 78 83 84 88 89 92 94 98 100 102 103 
104 107 110 112 115 118 120 122 125 130 131 134 
136 138 139 141 144 145 149 154 156 157 160 164 
168 169 174 175 178 179 180 182 183 185 186 193 
197 198 199 
59
5 6 11 12 21 28 30 32 38 39 46 47 
51 53 55 61 65 66 71 75 80 83 84 88 
96 100 101 104 105 110 111 112 116 119 122 126 
128 130 135 137 142 154 155 156 166 168 172 174 
176 177 179 183 186 187 189 190 194 195 200 
70
1 2 6 7 8 12 14 17 25 26 27 28 
29 30 31 32 33 36 38 40 45 47 51 55 
57 58 60 66 67 70 76 81 82 85 86 88 
92 93 101 105 108 115 117 126 127 134 135 136 
143 146 147 148 153 157 162 170 176 181 183 185 
186 187 188 190 191 192 193 194 197 200 
43
1 4 5 10 14 15 16 19 23 26 27 31 
32 33 35 44 47 59 62 65 67 69 70 75 
77 83 87 96 99 102 103 104 114 126 134 142 
158 160 182 184 186 192 198 
67
8 15 17 18 19 22 25 28 29 34 36 42 
45 49 50 52 60 62 65 70 73 76 77 78 
79 82 84 91 93 94 95 96 97 98 100 105 
106 110 116 118 120 121 127 128 134 137 140 142 
144 151 156 162 166 167 168 173 174 175 176 177 
178 189 190 196 197 199 200 
59
3 5 6 7 15 16 20 26 27 28 38 40 
46 55 57 59 69 77 83 93 94 96 99 101 
106 107 110 113 117 118 119 121 122 124 125 128 
130 136 140 141 143 146 148 150 152 153 156 157 
163 164 165 167 170 177 178 182 183 190 196 
69
6 8 12 15 16 21 22 27 32 37 38 39 
42 47 52 54 56 57 59 61 62 63 65 67 
70 71 73 74 77 78 79 82 91 94 98 101 
103 106 108 112 118 120 127 130 131 133 135 136 
137 139 140 144 153 154 157 160 162 163 169 176 
178 179 182 183 189 193 195 199 200 
46
1 2 5 8 11 15 19 33 36 37 53 67 
72 78 80 88 89 91 92 106 116 119 120 121 
126 127 132 139 140 142 150 154 156 157 158 163 
164 165 166 170 172 174 176 178 186 197 
56
1 3 8 10 12 13 18 21 22 29 31 32 
33 37 40 42 44 50 51 52 54 58 59 60 
61 68 74 81 86 91 99 102 107 108 113 122 
129 130 131 132 140 142 146 155 156 158 161 162 
166 169 171 176 180 182 195 197 
58
2 15 19 23 24 28 29 30 31 34 36 40 
45 51 52 56 59 67 71 73 75 76 80 81 
82 91 105 110 111 116 117 118 121 125 126 128 
133 140 147 148 154 156 159 160 168 170 175 176 
179 180 183 184 186 187 188 191 193 197 
58
2 7 10 13 21 28 31 37 38 41 43 49 
54 57 60 63 65 66 70 71 72 76 77 78 
79 81 82 83 89 95 98 99 100 101 102 108 
112 115 117 120 125 127 138 148 149 152 160 168 
172 176 179 183 184 186 187 188 189 194 
69
2 7 11 12 18 23 25 27 28 33 34 35 
37 41 42 52 53 55 56 57 59 60 65 67 
70 72 73 76 85 86 90 95 105 106 107 110 
112 113 114 116 117 118 126 136 145 148 150 154 
159 160 161 162 166 169 173 175 179 182 183 186 
187 189 193 194 195 196 197 199 200 
69
2 9 12 14 19 21 27 28 29 42 47 50 
55 56 65 66 73 74 77 81 83 85 88 92 
94 95 97 105 109 111 113 114 116 118 120 121 
125 129 131 132 135 136 139 143 144 145 149 150 
155 156 157 158 162 163 167 169 170 173 174 175 
180 181 182 184 186 187 189 194 199 
69
6 9 11 12 13 17 24 29 33 41 42 43 
44 46 48 52 53 56 64 65 67 70 71 72 
75 79 82 83 86 87 91 97 102 104 105 106 
107 108 112 120 121 122 123 124 128 132 139 142 
144 145 147 148 150 151 161 167 169 170 172 173 
175 178 179 183 186 192 193 194 200 
52
3 5 6 13 14 17 19 21 24 27 31 37 
40 41 51 57 60 63 72 73 76 81 85 86 
96 97 98 103 104 110 111 120 124 126 127 129 
135 136 137 138 140 141 142 147 152 163 176 178 
186 188 190 192 
56
6 11 15 17 33 35 36 39 42 43 44 45 
47 54 55 61 63 65 66 71 72 73 74 75 
76 77 80 83 85 95 103 105 108 109 111 115 
119 121 126 135 139 140 141 144 145 148 149 154 
157 173 175 176 178 186 195 198 
47
10 18 20 27 34 35 40 43 44 47 50 53 
61 66 68 70 79 85 88 91 92 97 98 99 
101 105 124 126 128 137 144 150 151 153 154 156 
157 158 163 164 166 167 173 177 185 187 193 
54
2 6 9 20 23 25 28 29 32 37 38 39 
42 46 49 57 65 70 76 81 82 84 91 94 
96 106 112 123 124 127 128 131 132 135 137 140 
142 145 148 151 154 156 161 167 168 175 179 183 
185 186 187 190 192 199 
63
3 4 9 11 12 13 20 21 25 27 33 34 
37 38 40 43 47 50 52 56 62 63 70 74 
84 85 99 102 105 107 108 112 114 115 116 120 
121 125 127 128 129 132 136 137 144 149 150 154 
156 162 165 170 173 174 175 182 183 184 185 190 
196 198 199 
53
3 4 15 16 19 20 28 32 35 36 37 45 
48 53 56 58 60 61 64 66 67 68 72 76 
79 82 84 97 100 101 105 107 111 113 114 115 
119 125 129 140 144 146 151 156 171 176 184 186 
187 190 193 195 196 
56
7 8 13 15 16 17 22 30 31 33 34 48 
53 58 63 65 70 76 84 85 86 87 88 91 
92 93 95 100 101 104 108 113 116 117 118 119 
126 127 128 129 130 135 146 151 154 159 160 165 
168 170 177 189 193 195 197 198 
61
2 3 4 5 6 11 13 22 25 27 28 30 
36 44 47 49 52 54 55 57 63 71 77 78 
79 80 87 88 92 96 98 105 110 113 116 117 
119 125 126 133 134 136 139 147 148 151 155 158 
161 162 165 177 178 182 183 184 188 192 195 196 
198 
57
4 6 9 16 17 24 28 29 33 36 42 47 
49 53 54 57 59 60 62 71 72 79 81 86 
89 90 91 93 96 97 101 103 109 111 112 119 
120 122 142 145 147 152 164 165 170 172 174 175 
180 181 182 183 185 186 196 197 200 
67
1 6 8 10 20 22 26 29 34 38 47 49 
50 51 54 58 59 63 69 72 76 77 80 84 
85 86 90 93 96 97 98 99 100 102 107 111 
112 115 116 123 128 130 134 135 138 145 150 152 
154 155 156 159 160 162 163 170 172 173 178 185 
186 190 192 194 195 198 200 
55
7 8 12 19 21 23 24 25 26 27 29 31 
45 47 54 58 61 64 66 68 72 80 81 82 
87 88 89 93 103 104 108 109 113 116 121 123 
126 127 136 149 151 158 164 165 166 170 171 175 
176 178 184 189 191 192 196 
64
1 4 6 7 13 20 23 32 34 41 42 44 
53 57 58 60 64 65 66 71 72 73 79 80 
81 84 85 92 97 101 103 105 109 110 112 116 
120 121 123 126 127 135 136 141 142 143 148 150 
151 155 156 158 159 161 166 168 181 182 185 188 
189 194 196 199 
50
1 12 17 22 27 28 29 30 35 44 53 56 
63 64 65 66 69 71 78 80 82 83 94 98 
101 105 106 112 113 120 128 131 133 136 137 141 
144 145 146 150 152 161 162 164 175 178 185 188 
190 200 
60
2 4 6 12 14 15 19 21 23 24 25 26 
29 30 35 39 40 45 50 51 53 59 60 63 
64 66 69 72 73 75 76 78 84 86 93 97 
105 106 109 110 116 118 120 125 128 132 135 144 
145 151 157 165 170 173 176 182 192 197 198 200 
60
4 5 6 10 12 16 19 25 27 29 31 32 
33 35 46 49 50 52 54 56 59 67 68 71 
74 75 92 93 94 96 97 101 103 111 112 113 
116 117 118 121 126 134 135 137 139 142 143 145 
148 158 159 163 165 167 172 180 187 195 199 200 
61
1 3 5 8 9 15 17 21 22 23 27 28 
34 36 41 49 50 53 58 70 73 76 77 80 
84 87 104 108 109 110 112 115 118 125 126 134 
135 142 143 144 157 161 165 166 167 171 173 174 
176 177 178 179 180 181 183 186 191 193 195 198 
200 
50
9 15 27 28 30 32 38 42 47 59 62 65 
76 84 87 92 94 95 97 98 99 101 106 109 
110 111 113 114 115 117 118 119 122 127 129 130 
132 134 135 146 147 154 157 160 161 170 172 178 
189 191 
51
2 7 10 18 23 24 41 45 46 47 55 56 
69 70 73 75 76 83 88 90 96 100 105 112 
117 120 122 124 128 131 134 135 137 140 146 151 
154 156 157 158 167 174 177 178 180 183 186 190 
194 196 199 
56
3 5 7 11 29 33 36 42 48 50 54 55 
58 61 62 65 69 75 77 79 82 83 84 85 
91 97 99 104 107 118 124 126 127 128 130 132 
134 141 143 145 146 149 156 158 161 163 164 174 
177 180 185 188 189 191 197 199 
69
1 3 4 5 7 21 22 25 27 28 29 30 
31 32 33 43 44 45 46 47 58 60 61 62 
65 73 75 76 80 82 87 88 90 94 95 103 
104 106 108 110 111 118 119 127 128 130 131 133 
134 135 141 149 154 155 156 157 160 165 167 177 
179 181 183 185 187 192 193 194 200 
54
2 5 9 10 12 16 18 22 24 35 39 40 
44 46 52 54 58 77 80 86 89 92 93 97 
99 103 106 107 109 111 119 125 126 132 135 137 
151 152 155 162 169 171 172 174 175 179 180 182 
183 186 188 197 198 199 
58
1 7 9 13 19 22 25 26 30 41 45 46 
48 50 51 53 55 57 63 65 67 69 70 73 
77 78 79 81 85 86 90 96 99 118 120 121 
122 123 124 133 134 138 142 143 148 149 153 154 
158 161 162 168 172 175 180 185 186 197 
56
2 12 13 16 17 19 20 21 25 28 29 34 
35 37 38 45 49 52 53 56 70 74 76 83 
85 87 91 93 95 99 100 105 107 111 112 119 
122 126 127 129 131 135 153 156 158 165 176 177 
179 181 182 187 189 190 193 198 
64
6 7 14 17 18 21 23 25 30 32 36 38 
40 41 42 48 52 55 64 66 67 68 69 70 
73 75 76 80 83 91 100 102 103 105 106 108 
109 116 122 124 130 134 136 139 141 147 148 150 
152 154 155 156 160 162 163 168 173 174 175 176 
181 185 190 194 
68
4 6 12 13 14 17 22 23 27 29 30 31 
33 34 38 40 42 43 44 45 48 53 54 55 
56 61 67 79 80 81 84 85 92 96 97 98 
111 113 120 121 126 128 135 139 141 143 148 149 
154 155 157 158 163 167 168 169 170 174 176 181 
183 184 185 191 192 194 195 196 
60
4 5 20 24 25 32 33 37 41 43 46 51 
54 55 59 63 76 77 81 84 87 93 96 99 
102 103 109 110 113 117 119 121 123 124 125 130 
137 138 141 142 146 150 152 158 165 169 170 171 
172 175 180 186 189 190 191 194 195 196 198 199 
60
7 8 10 17 19 22 23 25 27 28 32 36 
42 46 47 52 61 66 74 79 81 82 86 87 
89 94 101 102 109 110 115 121 123 124 127 128 
129 131 132 136 138 141 150 155 156 157 158 159 
161 163 165 169 173 179 183 184 194 196 198 200 
58
2 7 11 15 17 18 22 24 26 31 35 38 
42 45 48 52 71 73 77 80 88 93 94 100 
107 108 109 110 111 113 116 120 124 130 131 133 
134 141 142 143 144 151 153 156 158 159 162 170 
183 184 185 186 191 193 195 197 199 200 
47
6 11 17 20 28 35 37 42 43 50 51 61 
64 70 71 73 74 83 84 93 99 108 112 115 
119 125 127 135 139 145 150 154 157 162 166 167 
168 169 170 171 180 181 185 188 193 198 200 
63
1 3 7 13 14 18 20 21 24 25 26 31 
32 33 35 36 49 50 55 57 60 63 68 69 
76 85 86 88 96 97 100 102 104 115 118 125 
128 133 134 136 139 141 144 145 146 148 149 150 
151 152 153 158 161 165 171 172 178 180 183 190 
191 193 199 
61
1 4 5 9 11 13 18 25 28 29 41 49 
51 57 61 63 69 75 76 77 78 79 82 85 
88 89 102 104 107 109 114 116 118 119 120 121 
122 125 128 136 146 149 152 153 159 163 165 170 
174 177 181 182 183 186 189 193 195 197 198 199 
200 
67
8 9 18 22 24 25 27 28 29 31 34 35 
38 43 46 48 50 55 57 61 62 66 67 68 
69 70 71 76 79 86 87 92 94 95 96 97 
101 103 105 106 107 111 112 118 119 123 126 127 
128 130 131 134 138 144 147 148 152 157 165 167 
169 175 177 184 185 189 197 
64
6 7 10 12 13 14 16 21 22 24 32 34 
36 40 41 52 58 59 62 63 64 68 73 75 
77 79 81 83 87 91 103 104 105 111 113 115 
117 120 122 125 128 131 133 135 137 144 145 159 
166 167 172 177 179 180 182 184 186 189 190 192 
194 195 199 200 
58
5 9 25 28 31 35 36 39 45 49 50 63 
69 70 73 87 88 94 95 96 97 99 101 105 
106 107 108 109 115 116 118 119 124 127 128 130 
133 135 136 142 147 149 150 155 158 160 164 165 
167 173 174 175 176 181 195 196 198 199 
58
5 8 11 12 18 24 26 32 34 35 46 48 
49 58 60 63 64 68 72 75 76 80 83 86 
93 99 100 102 106 107 113 114 121 123 124 130 
131 134 135 136 137 149 150 152 154 158 162 165 
166 168 170 180 181 188 192 197 198 200 
45
2 4 5 6 8 18 22 23 29 31 34 39 
40 41 43 48 50 60 66 79 80 83 84 86 
92 106 115 119 122 123 125 132 141 155 159 163 
164 168 170 174 175 178 190 194 198 
56
4 6 10 13 14 17 18 22 24 28 35 38 
39 42 45 47 48 52 53 54 56 60 63 67 
71 80 83 84 91 99 103 104 112 114 119 128 
129 131 133 135 138 139 142 143 145 153 154 157 
162 175 177 179 181 187 194 195 
56
1 4 7 12 14 15 17 18 20 21 24 32 
33 36 37 56 62 63 71 74 75 78 84 85 
86 88 89 98 102 104 113 118 121 124 125 127 
128 130 132 134 137 146 147 149 150 151 160 162 
173 174 175 179 184 187 197 199 
52
6 8 19 24 26 27 29 34 37 46 48 49 
62 64 66 67 70 76 79 84 91 92 96 113 
116 118 119 122 124 125 126 129 134 137 141 144 
146 149 153 165 167 168 169 173 174 178 180 182 
183 184 188 190 
54
3 8 14 19 22 23 33 34 42 47 48 49 
54 56 57 58 60 62 65 66 68 71 72 74 
92 95 102 104 111 112 116 117 119 122 126 127 
129 134 136 139 141 143 149 151 156 159 162 165 
166 170 172 180 186 195 
56
3 10 14 15 17 20 21 22 39 49 53 55 
56 58 61 63 65 68 73 75 77 78 80 91 
97 101 105 106 113 115 123 128 131 134 135 146 
149 150 160 161 162 168 170 171 172 173 175 176 
179 181 182 185 190 191 195 197 
57
1 2 4 5 6 7 8 10 11 12 19 22 
26 31 35 42 47 50 52 54 62 64 70 71 
73 81 83 85 87 101 102 105 109 110 118 121 
124 129 130 131 133 135 136 142 143 156 165 166 
170 171 177 179 183 186 187 192 200 
56
1 2 8 9 27 32 33 37 42 45 55 58 
60 61 64 69 71 74 77 81 82 85 87 89 
90 93 94 99 102 110 112 115 123 125 128 130 
133 135 136 143 148 150 151 156 157 158 159 161 
165 177 179 186 191 192 196 198 
61
1 5 6 9 10 26 31 33 40 43 46 47 
53 59 61 64 65 67 70 75 81 84 86 89 
90 99 102 104 105 106 110 111 112 113 116 120 
123 124 129 130 133 138 141 149 153 156 160 164 
167 169 171 178 180 182 185 190 191 193 194 196 
197 
62
1 2 3 10 13 17 22 24 31 38 39 42 
43 46 48 50 53 65 67 72 75 80 81 83 
85 87 88 89 90 91 93 99 104 105 111 115 
118 120 124 126 127 128 129 130 133 136 140 141 
145 150 154 157 158 160 168 178 182 186 189 190 
192 200 
52
1 4 6 9 10 13 14 16 17 22 27 29 
33 38 41 42 48 50 53 55 56 59 75 79 
80 85 86 87 91 93 108 122 123 124 129 131 
136 140 144 152 155 161 162 170 179 180 184 191 
192 195 196 197 
66
2 3 4 5 8 14 19 23 25 29 32 44 
47 51 52 56 60 61 62 66 69 73 74 82 
85 87 93 95 96 97 102 103 104 106 109 110 
111 116 122 129 131 133 136 139 140 142 145 147 
152 153 154 158 166 167 168 177 183 187 188 189 
191 193 194 196 197 199 
58
8 10 11 12 14 17 24 28 33 34 35 39 
40 43 44 46 47 48 51 57 60 61 62 67 
73 74 76 77 82 84 94 96 98 99 104 105 
109 119 122 125 127 128 133 138 139 144 153 156 
158 161 165 168 173 176 187 193 196 199 
62
3 4 5 8 11 12 13 15 16 19 22 26 
44 46 47 49 52 53 55 64 67 73 77 79 
80 81 88 89 90 91 96 100 105 106 114 126 
130 131 132 133 134 136 137 138 140 144 145 146 
147 149 155 156 158 162 178 180 181 187 188 192 
193 200 
53
4 5 6 7 15 16 29 36 37 38 46 48 
51 55 59 62 71 73 74 75 76 84 85 90 
97 98 102 120 121 123 127 128 130 136 138 141 
142 143 144 145 151 152 155 157 159 161 165 173 
174 182 192 195 200 
56
2 5 6 9 14 15 16 19 20 21 24 27 
30 32 39 45 54 58 59 63 67 69 74 75 
77 83 89 94 97 100 106 107 111 119 122 135 
137 138 143 144 149 151 153 157 158 162 167 171 
173 180 182 184 192 194 195 196 
62
3 4 5 7 13 14 15 16 22 23 26 27 
41 42 43 47 49 53 57 58 59 63 73 74 
91 92 94 96 99 102 112 113 118 119 124 130 
133 139 140 145 147 149 150 153 155 156 161 163 
168 169 170 175 180 182 183 184 187 189 190 191 
192 194 
55
2 3 4 5 7 9 11 15 18 19 20 23 
24 25 26 28 29 31 32 38 41 44 47 48 
53 58 64 67 69 71 75 88 95 98 101 102 
111 113 114 130 134 136 140 141 143 145 146 147 
155 158 174 175 177 182 200 
64
1 3 5 6 12 22 23 24 27 33 36 37 
39 43 47 54 57 58 59 62 66 71 72 74 
75 77 82 84 86 87 91 93 94 98 101 114 
123 126 129 130 131 133 136 137 138 140 144 146 
150 151 156 159 161 164 165 167 169 171 180 185 
190 193 194 199 
57
1 4 6 9 15 23 25 27 29 31 37 42 
55 59 63 64 67 72 74 77 79 80 84 85 
87 91 94 95 99 102 104 106 108 112 113 117 
119 131 132 133 134 136 138 145 147 149 154 156 
159 161 169 171 176 179 185 187 193 
60
3 4 11 12 14 15 22 26 27 34 37 39 
41 49 51 52 55 57 63 65 68 75 79 80 
81 88 97 99 101 106 107 111 112 113 114 116 
117 119 122 123 125 126 128 129 138 139 147 148 
153 159 161 172 176 178 184 187 192 194 196 197 
53
5 8 9 15 18 20 25 27 31 32 33 36 
37 40 48 53 54 62 66 68 71 72 77 78 
79 82 85 86 98 101 125 127 129 134 137 141 
148 153 154 155 160 161 162 163 166 172 174 176 
178 187 189 194 196 
77
1 2 5 7 9 15 19 25 28 29 30 31 
33 34 38 41 44 46 47 49 51 52 54 56 
57 58 60 65 67 68 70 73 77 80 82 83 
84 87 88 93 101 102 105 106 108 111 112 113 
117 120 121 128 129 136 138 139 140 143 145 147 
152 154 155 158 167 168 173 176 179 180 184 187 
188 191 194 198 200 
55
1 4 8 10 12 18 20 22 25 27 28 36 
39 42 45 46 49 51 52 56 57 58 66 74 
78 79 89 90 91 97 105 107 108 113 118 126 
141 145 148 150 155 156 158 161 163 166 170 179 
180 185 186 187 188 191 195 
68
3 11 17 20 22 24 29 30 33 45 46 47 
50 52 56 64 67 69 73 74 84 86 88 90 
95 97 100 107 109 114 117 120 122 123 126 128 
130 133 134 137 139 140 141 144 147 149 154 156 
157 158 159 160 164 167 169 171 174 177 179 180 
182 186 188 191 192 194 195 196 
64
3 4 5 18 26 35 41 44 49 52 53 54 
61 72 78 81 83 89 90 91 94 96 97 98 
99 102 103 104 106 107 114 115 120 121 122 123 
124 127 129 134 135 137 138 140 142 143 145 146 
147 154 157 164 165 167 171 174 177 181 183 186 
190 196 198 200 
62
1 3 4 7 14 16 26 29 31 32 33 35 
36 37 46 49 51 52 59 67 68 69 78 80 
83 84 88 91 92 94 101 103 104 107 108 109 
113 114 115 121 122 123 124 128 135 137 138 141 
142 147 149 156 158 165 167 170 172 183 190 192 
193 197 
60
2 7 11 14 16 17 18 20 21 27 33 37 
40 41 44 46 47 50 51 54 55 62 64 73 
77 81 83 87 91 98 99 102 104 105 109 123 
126 129 131 142 145 147 152 153 156 158 164 165 
166 169 171 172 175 177 178 180 189 195 197 198 
67
11 19 23 24 27 28 30 34 37 40 45 51 
52 57 62 70 71 75 79 83 85 86 87 88 
89 97 98 103 104 105 110 111 112 113 114 116 
120 123 126 129 133 138 139 141 143 146 149 150 
151 152 153 154 157 163 169 171 172 182 187 188 
189 190 193 194 196 197 200 
58
2 10 15 16 18 22 25 27 30 41 44 51 
53 56 65 67 69 74 75 79 80 81 83 93 
97 106 108 109 110 115 116 120 121 123 126 127 
128 133 135 137 142 147 150 151 158 162 165 167 
170 171 174 175 176 185 188 189 191 194 
50
4 9 10 27 30 31 37 38 40 41 44 45 
47 48 49 54 56 59 60 70 71 72 73 74 
77 80 81 87 88 89 90 96 108 110 112 115 
118 126 127 137 141 142 144 162 174 176 178 179 
180 184 
57
2 7 11 13 15 16 24 25 28 29 35 40 
42 48 53 56 61 62 64 65 67 73 75 78 
79 81 85 86 87 89 90 99 101 108 114 120 
125 127 130 131 132 134 138 140 150 156 159 161 
162 163 165 168 170 180 185 189 196 
63
1 3 11 13 15 17 19 25 27 31 33 34 
35 36 37 38 41 44 46 47 49 51 54 57 
58 59 60 71 76 78 83 86 87 96 100 103 
112 113 122 125 128 129 130 131 132 133 137 138 
142 151 154 158 159 162 165 172 175 188 190 191 
192 194 198 
