200 100
1 1 1 1 1 1 1 1 1 1 1 1 
1 1 1 1 1 1 1 1 1 1 1 1 
1 1 1 1 1 1 1 1 1 1 1 1 
1 1 1 1 1 1 1 1 1 1 1 1 
1 1 1 1 1 1 1 1 1 1 1 1 
1 1 1 1 1 1 1 1 1 1 1 1 
1 1 1 1 1 1 1 1 1 1 1 1 
1 1 1 1 1 1 1 1 1 1 1 1 
1 1 1 1 
6
14 22 28 57 81 84 
11
24 26 28 32 34 37 47 54 56 57 87 
13
9 10 18 19 26 34 46 62 76 77 78 86 
93 
11
27 29 32 60 69 72 73 77 89 92 94 
9
5 10 11 12 32 36 51 69 90 
14
2 9 14 34 36 45 47 50 53 58 62 73 
91 97 
12
19 27 32 34 38 52 56 59 64 77 80 93 
15
17 26 28 31 35 42 46 48 53 66 70 73 
75 76 85 
15
2 9 18 22 29 33 36 38 40 41 43 70 
75 97 98 
9
17 20 37 46 54 56 60 74 80 
8
11 38 43 50 53 68 69 100 
10
2 25 43 46 50 53 82 90 93 97 
13
8 12 18 19 25 34 35 38 50 51 76 84 
97 
10
4 9 19 26 52 68 76 82 87 98 
5
24 43 55 59 73 
14
3 5 11 12 22 23 31 32 40 54 70 73 
92 100 
16
5 13 18 23 24 27 40 43 45 48 57 64 
71 84 97 100 
7
12 20 38 44 56 61 84 
10
4 10 13 30 39 45 57 64 79 96 
13
8 14 22 32 42 49 50 57 74 77 78 91 
95 
10
9 11 22 28 49 52 60 62 67 91 
5
4 14 73 91 97 
13
1 14 15 24 34 50 59 66 69 79 83 94 
97 
9
8 22 28 36 54 58 72 77 92 
12
4 12 37 49 55 56 58 60 80 88 89 91 
9
8 23 41 42 53 75 77 78 85 
11
2 7 12 22 23 42 53 56 61 75 95 
11
3 6 8 10 32 38 42 44 46 48 68 
9
8 12 17 22 29 50 62 77 97 
8
16 20 21 32 35 45 79 89 
7
19 25 26 34 47 59 95 
8
21 30 47 52 57 59 63 98 
7
1 5 29 64 69 88 92 
9
1 4 12 19 30 41 56 78 84 
13
1 2 5 10 37 40 61 66 73 80 84 87 
95 
9
3 18 23 41 83 94 96 98 100 
14
7 9 14 27 32 37 39 44 51 72 88 92 
93 100 
6
23 28 31 49 73 95 
13
7 11 17 20 33 35 39 63 68 80 88 90 
95 
8
18 20 29 73 77 83 91 99 
15
25 34 42 51 56 58 59 71 83 84 85 86 
88 89 92 
14
3 12 24 25 32 42 49 53 54 63 75 79 
88 91 
12
12 25 27 30 33 42 43 45 55 58 87 90 
12
9 13 36 42 46 62 69 86 89 93 95 97 
13
1 13 32 38 40 41 62 68 77 85 94 97 
99 
6
8 38 39 43 59 74 
9
8 23 25 29 54 75 78 86 87 
9
15 21 31 58 59 66 77 81 85 
13
16 39 45 51 65 72 78 80 82 93 95 97 
99 
12
1 2 15 25 31 36 40 45 53 54 91 94 
13
18 23 36 40 43 45 51 56 74 77 84 85 
88 
12
11 22 28 33 49 53 54 58 73 81 91 97 
10
5 6 7 35 55 81 82 86 97 99 
8
6 16 19 20 32 51 71 98 
9
23 30 36 52 63 66 67 75 100 
9
16 22 30 31 36 77 80 83 95 
8
11 15 22 28 54 78 93 95 
7
19 22 49 55 69 77 82 
8
2 6 10 16 53 66 80 87 
11
9 16 23 39 45 46 47 48 67 86 98 
11
10 14 21 22 54 57 62 69 71 79 88 
12
4 6 11 17 30 34 42 49 76 77 94 99 
9
26 27 32 44 59 73 80 82 89 
7
2 12 21 29 45 85 93 
2
24 28 
10
8 13 14 40 42 43 46 83 98 99 
11
3 9 17 19 23 26 59 65 67 77 98 
10
8 9 12 15 50 56 63 66 77 83 
12
2 5 8 16 21 41 42 48 80 88 92 98 
11
4 8 10 31 48 58 66 68 77 89 98 
6
21 22 23 39 67 89 
10
1 17 23 42 48 55 65 73 95 99 
8
10 28 36 40 47 49 75 98 
10
1 15 23 35 43 50 58 64 73 74 
3
50 83 98 
6
4 10 30 31 62 84 
15
4 22 30 31 35 38 40 58 69 72 84 86 
91 94 99 
9
1 8 17 19 26 47 52 59 95 
8
1 3 13 33 37 51 59 81 
5
9 23 33 93 97 
9
2 17 18 20 49 64 67 87 90 
8
23 31 62 68 71 80 91 94 
10
7 13 44 51 58 67 73 80 86 94 
8
25 33 43 49 69 70 89 98 
11
4 8 13 29 41 43 46 69 94 95 97 
5
19 38 57 74 100 
10
6 13 20 26 47 70 72 76 81 82 
8
7 10 11 22 55 69 92 97 
12
5 8 22 41 47 48 53 64 70 86 88 94 
6
11 22 33 37 70 76 
9
2 23 32 40 45 46 81 82 97 
10
5 13 17 21 27 30 38 54 63 89 
12
2 7 9 20 23 24 63 79 80 83 84 94 
7
9 30 31 68 77 85 87 
10
12 14 22 29 51 61 64 68 80 99 
7
7 27 29 41 60 80 98 
6
21 38 59 77 83 100 
9
1 8 39 41 53 62 85 94 100 
13
2 6 9 10 15 44 49 57 59 69 76 77 
85 
10
1 2 4 33 45 59 70 77 79 98 
13
8 13 16 27 41 52 53 57 64 67 78 85 
93 
10
3 7 18 25 32 36 59 79 85 89 
14
6 9 19 26 29 39 43 65 70 73 76 77 
81 96 
10
1 6 8 14 78 87 89 96 98 100 
13
1 8 16 35 45 53 56 64 76 78 94 98 
99 
8
33 36 41 55 58 71 91 96 
9
17 33 37 43 64 74 83 95 98 
10
2 5 9 17 22 24 67 68 70 99 
8
8 13 15 25 28 33 40 48 
15
9 11 12 24 27 38 64 65 68 69 86 90 
93 99 100 
7
10 17 22 47 77 87 100 
13
4 5 6 12 21 24 34 50 72 78 87 94 
96 
12
13 14 23 25 38 41 54 61 67 72 97 100 
11
2 4 5 8 16 17 23 34 40 51 72 
10
2 7 28 34 35 37 64 77 92 95 
10
12 18 32 42 65 75 83 88 90 97 
7
18 42 51 59 61 64 93 
8
3 18 31 38 55 74 84 88 
9
2 5 7 22 24 35 37 69 99 
10
12 14 35 56 62 70 72 81 89 97 
13
4 14 43 51 53 57 58 61 66 69 86 94 
95 
5
16 36 51 87 97 
10
17 29 42 48 50 64 65 74 91 100 
11
1 3 21 28 33 37 42 50 88 94 95 
14
3 4 10 25 28 30 43 61 62 68 71 72 
77 93 
12
5 21 31 48 49 54 61 63 68 79 84 88 
4
45 52 85 96 
12
5 19 30 35 37 39 58 61 67 72 75 96 
8
7 15 32 39 46 54 68 90 
13
6 8 29 31 36 43 44 45 57 77 80 88 
89 
11
12 16 20 26 40 48 62 63 78 83 90 
11
1 7 11 17 25 29 34 76 83 86 98 
12
9 17 28 30 37 38 47 48 68 83 94 97 
8
7 18 20 29 64 92 97 99 
10
4 23 33 37 40 42 43 61 67 74 
6
16 20 29 30 60 62 
14
5 7 12 20 24 31 34 44 49 70 75 79 
96 100 
14
5 8 13 34 49 50 58 59 66 74 80 92 
94 96 
7
4 7 14 21 42 43 80 
18
5 6 9 11 16 18 31 32 45 47 59 63 
66 71 79 81 83 88 
16
10 13 16 19 25 29 31 65 76 78 81 85 
90 93 94 95 
8
2 3 46 47 61 62 68 76 
12
5 15 16 24 32 33 42 43 59 66 78 91 
7
16 17 35 44 58 76 94 
14
1 4 8 12 13 23 50 61 68 73 75 77 
88 89 
10
7 11 25 47 57 68 74 80 81 88 
11
1 11 24 28 34 40 45 49 56 96 98 
10
16 24 30 38 44 47 61 64 83 93 
19
7 9 14 16 17 18 19 24 30 32 33 34 
35 43 50 71 75 89 90 
11
7 11 29 41 61 62 74 76 77 86 89 
8
7 15 24 53 56 66 92 94 
10
7 14 25 26 29 35 61 92 98 99 
11
18 21 22 29 42 44 45 69 84 87 88 
9
4 20 21 26 37 38 54 64 73 
11
20 30 57 65 70 71 72 79 80 94 99 
7
3 18 27 53 54 57 86 
5
32 34 45 74 87 
9
11 13 19 22 27 31 52 59 81 
10
8 21 36 37 43 48 54 66 69 95 
11
4 13 14 50 61 62 68 71 86 91 100 
9
3 22 29 35 39 54 60 68 95 
9
15 27 45 54 62 71 76 77 100 
7
24 27 30 66 68 86 100 
17
4 12 19 24 25 26 31 43 49 54 58 59 
67 69 72 77 78 
12
25 26 28 36 45 46 63 75 76 86 89 94 
12
18 20 22 26 31 32 62 66 74 80 88 98 
11
13 21 33 47 54 67 74 81 82 88 98 
13
7 8 15 17 18 25 40 43 46 47 63 89 
95 
10
8 29 43 48 56 64 81 92 98 99 
8
10 53 59 60 71 75 90 93 
11
9 10 12 16 44 48 53 54 70 81 90 
9
9 16 26 29 36 56 85 94 98 
10
5 14 26 28 41 77 84 89 94 100 
12
4 19 21 30 42 45 46 54 63 78 82 93 
15
4 8 11 14 17 18 20 25 37 39 44 71 
74 84 93 
6
2 7 35 78 90 91 
8
18 21 28 40 73 84 86 87 
16
12 17 24 26 28 32 35 48 51 58 66 73 
76 78 83 97 
10
6 12 15 17 27 46 54 73 96 98 
14
2 6 19 23 35 54 55 62 65 69 77 78 
92 95 
8
10 14 25 30 31 55 87 99 
9
10 20 26 36 42 70 72 78 81 
7
9 30 43 55 67 77 99 
14
7 21 24 28 36 39 42 45 48 62 66 73 
77 85 
10
9 12 17 18 45 49 61 68 80 96 
12
7 27 37 43 44 56 59 62 74 75 81 86 
10
8 35 41 47 51 53 54 61 72 99 
4
11 55 59 72 
7
18 29 34 58 65 91 99 
6
6 41 50 71 78 100 
10
1 8 9 10 18 22 32 40 61 90 
9
9 14 15 31 33 61 65 67 73 
8
7 11 12 17 42 57 75 77 
9
3 20 54 64 67 77 88 89 99 
9
2 14 20 32 45 46 59 65 70 
14
2 3 22 32 34 43 51 54 55 60 71 85 
91 100 
10
2 9 41 63 66 67 74 78 86 89 
13
4 6 11 26 48 60 67 70 76 80 85 88 
92 
14
3 5 11 21 25 34 49 52 54 56 58 93 
97 100 
11
20 35 43 46 53 64 78 80 83 91 93 
