200 400
1 1 1 1 1 1 1 1 1 1 1 1 
1 1 1 1 1 1 1 1 1 1 1 1 
1 1 1 1 1 1 1 1 1 1 1 1 
1 1 1 1 1 1 1 1 1 1 1 1 
1 1 1 1 1 1 1 1 1 1 1 1 
1 1 1 1 1 1 1 1 1 1 1 1 
1 1 1 1 1 1 1 1 1 1 1 1 
1 1 1 1 1 1 1 1 1 1 1 1 
1 1 1 1 1 1 1 1 1 1 1 1 
1 1 1 1 1 1 1 1 1 1 1 1 
1 1 1 1 1 1 1 1 1 1 1 1 
1 1 1 1 1 1 1 1 1 1 1 1 
1 1 1 1 1 1 1 1 1 1 1 1 
1 1 1 1 1 1 1 1 1 1 1 1 
1 1 1 1 1 1 1 1 1 1 1 1 
1 1 1 1 1 1 1 1 1 1 1 1 
1 1 1 1 1 1 1 1 1 1 1 1 
1 1 1 1 1 1 1 1 1 1 1 1 
1 1 1 1 1 1 1 1 1 1 1 1 
1 1 1 1 1 1 1 1 1 1 1 1 
1 1 1 1 1 1 1 1 1 1 1 1 
1 1 1 1 1 1 1 1 1 1 1 1 
1 1 1 1 1 1 1 1 1 1 1 1 
1 1 1 1 1 1 1 1 1 1 1 1 
1 1 1 1 1 1 1 1 1 1 1 1 
1 1 1 1 1 1 1 1 1 1 1 1 
1 1 1 1 1 1 1 1 1 1 1 1 
1 1 1 1 1 1 1 1 1 1 1 1 
1 1 1 1 1 1 1 1 1 1 1 1 
1 1 1 1 1 1 1 1 1 1 1 1 
1 1 1 1 1 1 1 1 1 1 1 1 
1 1 1 1 1 1 1 1 1 1 1 1 
1 1 1 1 1 1 1 1 1 1 1 1 
1 1 1 1 
122
1 7 10 11 13 16 19 21 25 30 36 37 
48 51 52 55 57 64 66 67 68 72 73 74 
75 76 78 79 81 84 92 93 97 106 107 111 
113 118 121 124 125 126 129 130 134 137 145 146 
158 164 168 170 172 175 178 181 183 185 189 191 
196 200 201 208 209 212 214 216 221 222 223 232 
237 238 243 250 252 253 259 260 263 265 266 268 
278 283 290 292 297 299 306 308 312 313 314 319 
321 327 328 329 330 332 334 336 345 352 354 356 
357 360 363 367 371 374 375 376 378 389 392 393 
395 400 
120
1 5 7 11 13 17 22 27 32 38 41 42 
45 46 48 49 50 54 55 58 62 67 68 78 
82 83 87 91 93 96 100 107 108 113 116 122 
127 128 132 138 140 142 147 148 150 151 156 157 
161 162 176 177 178 179 180 188 192 193 197 200 
201 203 204 207 212 217 222 224 228 233 237 242 
246 250 259 260 261 265 266 269 273 276 277 281 
282 293 294 295 300 306 307 310 311 312 313 318 
320 322 326 331 335 338 340 346 347 350 354 356 
357 360 364 366 372 375 377 387 389 395 397 398 
131
4 5 9 10 12 13 20 22 23 26 33 37 
38 39 40 44 54 59 62 63 65 67 70 75 
81 82 84 86 88 94 96 97 98 100 101 102 
104 110 114 115 116 118 120 124 126 128 129 130 
131 133 135 142 147 149 150 156 158 163 164 169 
173 175 176 177 182 185 186 187 189 193 194 196 
197 211 219 221 225 232 233 235 237 244 245 248 
250 252 256 260 261 269 271 278 279 282 289 292 
296 297 300 301 310 321 323 325 330 335 336 339 
340 343 346 350 351 352 353 354 355 356 358 363 
368 370 371 373 374 375 376 381 384 392 393 
123
5 11 16 21 26 31 32 33 43 44 48 51 
53 56 57 59 63 64 68 69 74 78 91 98 
99 102 104 111 113 114 118 121 122 123 125 127 
130 137 140 142 146 147 148 149 150 151 152 157 
158 160 163 165 166 171 173 178 179 183 184 185 
192 203 207 210 217 224 232 234 235 237 239 243 
246 248 249 250 251 252 256 257 258 269 272 279 
280 284 285 287 303 312 313 314 315 320 322 323 
324 325 328 333 336 340 341 343 345 348 349 350 
355 357 359 360 364 366 368 372 373 374 377 380 
389 393 397 
111
1 2 4 13 22 35 36 40 43 49 50 53 
61 73 77 78 85 91 94 97 104 107 109 111 
113 117 123 124 126 130 131 140 144 145 149 152 
155 156 163 167 168 169 170 175 176 177 180 182 
183 185 191 192 193 195 196 211 212 218 220 222 
226 227 228 234 236 237 240 242 250 253 255 263 
267 272 273 275 279 281 283 286 289 291 292 296 
302 307 308 311 313 314 319 328 330 336 340 348 
354 357 358 363 366 376 377 378 384 385 387 391 
392 394 396 
143
3 9 10 12 14 16 17 20 22 27 35 36 
37 46 49 50 56 58 59 64 69 76 77 79 
82 83 86 87 89 96 98 99 100 101 106 107 
109 110 111 114 116 117 118 119 122 124 125 127 
128 129 131 132 141 143 144 146 147 149 150 153 
158 159 162 164 165 166 168 169 170 171 176 177 
178 179 182 189 191 198 199 201 202 203 204 207 
209 214 216 220 223 225 226 227 229 230 231 232 
235 238 241 244 245 253 257 258 259 261 263 265 
267 272 273 274 277 278 280 289 291 302 314 315 
318 319 324 326 327 331 334 340 347 348 349 353 
354 359 361 362 364 367 374 375 377 378 385 
111
11 12 16 21 26 30 31 34 35 40 56 57 
60 66 69 74 75 76 77 81 86 87 89 91 
94 96 98 99 101 103 106 107 108 110 111 112 
114 121 122 139 143 148 149 153 155 163 171 174 
176 179 183 188 190 194 199 206 213 214 217 225 
232 234 236 246 247 248 252 254 257 260 261 267 
269 270 276 280 282 283 288 289 302 307 314 316 
317 320 325 326 334 335 340 342 344 347 352 356 
362 366 373 374 376 378 379 381 382 383 384 385 
388 390 400 
128
3 4 6 7 8 9 12 22 25 27 28 31 
34 40 43 44 45 48 55 58 59 65 66 67 
73 74 81 91 95 97 101 102 104 108 109 110 
111 114 115 117 120 121 122 123 127 133 135 140 
142 150 152 158 161 164 169 171 185 187 189 191 
195 200 201 202 205 210 211 212 217 222 226 228 
229 236 241 243 244 245 247 251 258 261 262 264 
265 267 270 273 276 277 278 280 281 285 287 289 
294 296 297 305 306 308 310 311 318 327 333 339 
341 346 348 350 353 355 356 361 363 372 374 375 
377 378 383 384 387 388 390 393 
125
2 10 17 18 22 25 29 40 43 44 50 51 
54 57 60 63 65 68 69 74 75 76 79 83 
84 90 93 95 97 98 101 106 110 118 122 125 
128 130 131 137 139 142 144 145 149 151 155 156 
157 162 163 164 166 167 184 187 199 208 211 213 
219 220 223 224 226 227 230 231 232 237 238 239 
240 243 244 246 257 261 263 264 265 266 268 272 
273 277 278 280 283 287 288 295 297 300 302 305 
306 309 313 315 316 320 324 326 336 339 341 345 
349 353 356 361 365 366 367 368 369 373 374 383 
386 388 392 393 396 
113
8 9 12 22 27 28 32 38 39 41 51 52 
58 62 69 71 72 73 81 83 86 88 98 100 
101 108 112 115 127 128 130 133 136 140 141 142 
144 145 151 152 153 156 160 165 166 173 175 176 
181 182 200 202 210 218 220 221 227 229 230 231 
232 233 234 236 238 244 253 254 264 265 267 268 
270 272 276 287 291 292 300 302 304 307 309 313 
316 322 329 332 337 344 345 346 351 355 356 357 
358 362 363 365 369 370 371 374 383 386 389 391 
392 394 397 399 400 
140
2 5 8 9 11 12 13 15 16 25 27 28 
31 35 42 44 46 47 49 55 59 60 69 70 
72 74 77 78 80 82 96 97 100 101 103 104 
108 109 112 113 114 118 120 122 127 129 132 136 
138 141 150 154 156 157 159 165 168 173 179 182 
184 185 186 192 193 196 197 200 201 208 212 217 
225 231 234 235 237 240 241 242 243 244 245 246 
247 249 253 257 258 260 263 265 269 272 273 274 
277 279 283 288 290 293 294 298 299 308 312 313 
315 320 322 327 328 329 333 338 344 347 348 349 
351 353 354 359 360 363 365 368 370 371 375 376 
378 379 381 382 384 387 393 396 
125
5 6 12 14 19 24 29 30 33 36 41 44 
54 58 60 62 63 64 69 70 71 85 90 98 
101 102 105 109 111 113 114 116 117 120 123 127 
131 132 133 136 138 142 144 147 148 154 162 163 
169 170 172 176 179 180 188 195 196 197 200 204 
207 208 210 214 215 222 229 230 232 235 241 244 
252 253 254 257 259 260 261 262 270 271 273 274 
276 278 279 280 295 298 300 310 313 315 316 317 
318 321 322 325 328 332 334 337 338 340 344 346 
349 351 353 361 362 363 370 371 372 381 382 383 
386 387 388 391 396 
121
2 4 5 6 15 22 23 31 34 36 37 41 
42 51 56 61 62 66 69 70 73 79 83 84 
85 86 94 96 97 101 105 110 113 123 127 128 
132 134 136 143 145 148 149 152 154 156 158 160 
161 162 170 172 173 179 180 184 191 198 203 206 
207 211 216 217 218 221 226 227 230 242 245 246 
247 250 255 260 261 263 266 267 271 273 275 276 
281 284 293 298 299 305 306 314 317 320 322 324 
325 327 331 332 335 339 340 346 348 353 354 359 
360 361 371 374 377 381 382 385 389 391 393 397 
400 
116
3 13 14 16 19 27 31 39 42 44 46 47 
51 53 55 59 60 64 66 69 75 80 81 85 
88 91 101 104 107 110 113 118 126 127 128 130 
134 135 136 140 141 150 151 158 159 160 164 165 
174 183 184 186 187 189 193 199 204 211 223 225 
232 233 235 241 242 243 245 247 249 250 263 267 
269 270 272 274 279 285 286 288 290 299 307 308 
312 313 315 316 318 322 324 325 342 343 345 346 
347 349 358 362 365 366 368 371 372 374 377 379 
384 386 387 390 391 392 395 400 
110
1 2 6 7 10 11 12 14 15 24 25 26 
41 44 45 60 64 65 71 72 78 79 81 82 
87 94 97 98 105 107 117 121 122 126 129 133 
135 139 140 141 144 147 148 154 158 162 163 165 
166 172 175 179 201 202 204 210 224 232 239 245 
248 255 258 261 274 276 280 282 286 287 288 291 
293 294 299 300 303 308 313 321 322 330 331 332 
336 338 345 347 350 351 354 356 362 363 366 370 
372 373 376 378 379 385 386 387 389 391 392 393 
397 398 
122
5 6 13 18 22 23 26 27 28 29 30 32 
38 39 40 44 48 52 53 60 61 62 65 74 
83 84 90 91 92 94 97 101 105 107 111 119 
122 125 136 137 139 148 154 156 160 166 167 168 
177 180 181 183 184 185 188 191 198 199 201 202 
203 208 211 213 214 216 217 229 230 231 234 236 
238 240 242 243 247 250 252 253 264 266 267 272 
275 285 294 295 298 299 307 313 320 323 324 329 
331 334 337 338 339 342 343 346 347 353 354 357 
358 365 370 372 373 376 381 383 386 388 391 392 
395 398 
122
1 7 11 12 15 25 29 31 33 35 36 38 
40 42 45 46 52 54 55 56 57 64 66 68 
71 77 78 80 85 87 88 89 91 95 97 98 
100 102 105 107 111 114 117 120 121 128 132 134 
137 138 139 142 144 145 149 150 159 164 165 166 
167 168 170 176 179 183 187 190 195 196 199 207 
209 212 214 222 229 231 233 235 237 238 245 246 
249 253 254 261 263 264 265 268 269 270 271 274 
286 297 301 303 307 310 312 313 318 325 326 338 
346 352 357 361 363 364 367 375 377 382 386 389 
395 396 
138
1 2 3 4 7 8 9 10 14 16 17 21 
23 25 26 32 36 43 44 49 55 58 59 68 
69 72 79 83 86 87 88 91 92 93 96 98 
99 100 101 102 103 106 107 108 109 110 117 120 
122 124 139 142 145 148 151 158 162 163 164 165 
169 170 172 174 176 179 181 186 189 191 193 195 
196 201 205 206 207 209 210 218 219 222 223 224 
225 232 235 241 242 244 247 248 259 260 266 267 
271 280 287 289 290 293 295 296 301 302 309 313 
316 319 321 323 326 330 337 338 340 344 347 349 
350 353 354 360 363 365 367 368 370 372 373 377 
382 387 391 393 397 398 
135
7 11 21 29 31 38 39 40 48 53 54 57 
59 60 62 67 69 72 83 87 90 95 96 97 
100 104 106 107 110 115 118 121 122 123 128 132 
138 140 141 144 148 149 151 158 161 167 173 174 
175 177 178 179 185 193 196 197 203 205 206 209 
211 215 216 221 225 229 230 235 236 240 243 245 
247 249 251 255 265 267 271 274 275 276 281 282 
283 289 291 292 293 296 299 305 307 309 315 316 
321 322 323 324 326 327 329 330 331 332 334 337 
338 341 343 347 348 349 356 357 358 359 360 362 
364 369 370 371 372 375 377 380 382 390 392 394 
395 397 398 
127
1 4 10 11 12 13 15 18 21 22 24 25 
26 27 32 34 35 38 39 40 45 46 47 48 
55 60 61 66 74 75 77 78 81 83 85 86 
87 91 93 94 95 99 105 110 111 118 120 123 
124 127 130 133 137 139 142 143 144 146 151 154 
155 163 164 165 167 171 173 175 178 179 180 183 
186 188 194 196 197 200 202 203 214 215 219 220 
225 228 245 249 250 266 272 276 285 289 291 292 
296 304 305 310 315 316 318 319 322 325 326 329 
331 337 339 341 343 344 346 349 352 354 358 360 
362 376 378 379 380 394 396 
132
7 9 11 13 16 18 24 25 28 30 31 32 
35 43 49 52 54 56 58 61 62 64 66 67 
72 73 74 75 79 85 89 91 102 104 106 113 
116 120 121 125 126 129 131 132 134 140 142 143 
145 148 150 152 157 158 161 164 169 174 187 188 
191 192 197 203 206 211 212 215 216 222 229 231 
233 235 236 239 246 248 251 252 255 257 261 262 
263 264 265 267 268 274 275 277 278 282 284 288 
293 294 296 300 305 313 314 315 316 318 324 331 
332 334 336 338 339 341 347 351 357 359 365 368 
376 380 381 382 383 384 386 390 391 393 395 400 
118
4 5 7 9 11 13 14 15 17 19 23 25 
27 29 34 36 37 39 40 42 45 46 47 48 
49 52 57 62 64 74 75 81 90 97 98 100 
102 107 109 112 116 119 121 122 125 126 128 138 
139 140 144 146 147 148 149 154 155 156 157 158 
165 169 171 173 175 176 179 184 188 189 193 202 
206 208 212 214 216 217 228 233 234 237 239 241 
245 248 251 256 257 261 263 266 278 280 285 290 
291 296 302 305 309 313 317 318 321 323 324 342 
346 354 360 370 372 376 381 384 391 396 
128
6 7 9 15 22 23 31 36 38 39 44 45 
50 52 53 65 67 71 74 76 77 78 85 86 
87 88 91 92 95 96 97 100 103 107 110 111 
114 117 127 132 137 148 151 152 158 160 161 162 
164 166 172 173 178 180 186 188 190 191 194 198 
201 204 207 208 209 210 211 212 213 217 223 224 
225 234 237 238 240 254 259 265 269 270 275 277 
278 279 280 281 282 285 287 291 293 298 300 302 
304 305 309 319 321 322 327 328 338 344 346 347 
348 349 351 352 353 354 360 370 372 373 376 377 
380 382 383 384 385 394 398 400 
117
2 8 9 10 14 20 22 23 27 29 30 31 
35 37 38 39 40 42 45 48 52 54 55 61 
62 63 64 65 70 82 84 90 91 95 99 101 
102 111 114 115 116 117 118 119 120 121 123 127 
130 132 141 142 144 147 149 152 159 160 168 171 
172 181 182 184 189 193 195 197 202 211 216 219 
220 222 225 226 242 249 250 254 255 261 267 269 
273 274 282 283 287 290 293 305 309 314 315 317 
322 327 329 330 332 333 338 339 341 344 345 346 
357 363 371 375 378 385 387 391 396 
121
6 8 10 18 21 24 28 31 33 37 38 39 
43 51 56 57 60 61 63 66 70 71 73 78 
87 96 98 102 103 106 111 118 119 120 135 138 
140 141 146 147 148 149 150 152 153 157 168 173 
174 176 178 186 188 191 193 194 201 202 205 208 
209 215 217 218 228 246 247 252 253 254 258 259 
260 262 263 268 273 274 275 283 286 288 290 295 
296 298 301 302 305 310 311 312 315 321 322 325 
329 335 336 338 341 344 347 360 361 366 368 370 
372 374 375 379 381 384 388 389 391 393 396 398 
399 
115
3 7 8 11 13 15 16 17 22 23 25 26 
27 29 31 32 34 36 40 45 51 52 54 60 
67 68 72 78 79 81 90 97 99 100 105 109 
110 113 118 120 122 123 132 134 137 144 145 152 
154 160 162 164 165 167 170 173 176 189 192 193 
194 196 198 202 210 215 226 229 230 236 239 241 
242 248 250 251 256 258 264 269 271 276 281 284 
287 289 294 297 300 303 306 313 315 324 328 330 
331 332 339 342 343 349 351 354 355 358 367 368 
374 375 377 380 391 395 400 
129
1 2 4 5 6 9 11 13 14 18 20 25 
29 30 31 32 33 34 36 38 39 46 48 50 
53 54 59 60 75 76 79 83 84 87 88 90 
91 92 93 94 95 97 98 99 100 112 117 119 
120 127 128 134 140 141 146 158 159 165 168 174 
177 184 185 187 188 190 195 196 198 200 208 213 
219 221 230 235 237 240 249 251 253 254 256 260 
264 267 268 269 275 277 279 280 284 288 291 296 
298 308 312 317 322 326 332 336 340 344 345 347 
348 351 354 356 358 361 364 365 366 369 373 374 
377 378 383 384 385 386 392 393 394 
112
1 2 8 9 15 18 19 20 24 25 26 29 
37 42 47 48 49 55 56 59 63 69 71 72 
73 77 80 84 88 91 94 98 100 105 109 113 
115 118 124 133 134 135 136 137 140 142 151 157 
159 163 166 169 176 177 182 183 187 189 194 195 
196 198 199 205 208 213 215 217 218 219 225 228 
233 234 247 252 255 258 266 267 268 269 273 274 
279 281 286 291 295 301 302 309 315 316 317 319 
320 325 327 330 338 340 345 349 353 376 378 390 
391 392 393 394 
103
1 4 7 8 14 16 23 26 30 33 42 44 
45 48 49 53 55 57 64 67 72 76 78 79 
81 85 86 89 90 91 92 93 94 98 101 103 
106 108 115 127 134 141 142 148 150 154 157 158 
160 165 166 169 170 174 176 187 189 192 195 197 
198 201 207 216 218 220 224 226 230 232 233 237 
243 252 267 268 272 273 282 287 294 296 298 299 
305 307 313 315 318 321 327 328 331 336 356 359 
364 368 373 377 379 388 394 
115
12 15 18 21 22 25 30 31 36 39 42 43 
45 48 49 52 55 57 60 63 66 67 69 76 
79 81 86 87 91 99 100 102 103 104 106 110 
112 113 120 124 125 129 134 138 142 143 149 152 
156 158 160 161 167 169 171 173 182 185 188 189 
193 198 199 205 208 213 219 220 221 222 223 227 
230 232 236 243 248 249 257 261 268 271 274 282 
284 287 291 309 311 312 313 317 320 329 333 343 
346 347 352 354 357 360 361 367 368 369 370 372 
377 381 391 392 395 397 398 
129
3 5 9 12 20 21 24 25 28 32 34 35 
36 37 38 40 47 48 49 51 52 56 69 73 
75 77 78 81 82 85 86 88 90 91 96 101 
102 105 107 108 109 112 114 116 117 120 121 125 
127 132 138 139 145 148 149 153 154 155 156 159 
162 166 176 177 179 181 186 193 205 209 210 213 
215 216 220 225 229 230 231 235 238 241 242 245 
251 252 255 257 261 263 268 270 275 277 280 293 
295 296 298 300 302 304 306 314 316 329 330 333 
336 338 342 343 344 345 349 352 354 360 367 374 
383 386 387 389 390 394 396 397 398 
121
1 3 4 6 9 16 19 20 23 26 29 32 
34 36 44 46 47 49 51 56 58 63 70 72 
79 82 84 88 97 98 99 102 103 104 107 109 
110 115 116 121 122 128 129 134 136 138 145 149 
153 155 158 161 164 171 180 188 194 208 209 212 
220 221 223 225 227 228 232 233 234 239 241 246 
247 248 251 254 256 261 266 268 270 271 275 278 
280 281 284 285 286 287 290 292 293 305 310 311 
312 314 318 319 322 325 326 331 347 349 350 351 
352 354 357 371 374 376 378 380 381 382 389 394 
398 
122
5 6 7 8 9 16 25 26 31 39 40 42 
44 47 49 50 53 54 57 58 66 68 71 72 
73 75 77 79 81 82 84 86 99 102 104 105 
110 119 121 122 124 125 126 128 129 130 131 134 
135 155 159 169 171 172 176 178 183 186 187 194 
196 199 204 205 206 208 210 212 217 231 233 238 
258 261 265 270 271 273 277 278 281 282 286 287 
288 289 290 292 294 300 301 302 306 311 313 316 
317 318 319 326 328 330 332 334 335 341 342 346 
347 349 350 359 360 363 367 371 374 380 386 387 
389 398 
112
3 4 5 6 10 12 14 19 26 30 31 32 
33 37 38 40 42 46 50 52 54 55 60 69 
72 81 83 88 92 101 106 110 120 123 125 137 
141 142 143 145 147 148 150 156 157 159 162 165 
168 171 172 177 187 189 190 195 206 211 212 216 
218 219 223 225 226 228 232 241 246 249 250 251 
253 257 258 268 269 274 279 284 287 291 298 299 
310 315 316 317 318 322 325 329 337 339 344 347 
351 355 359 361 364 368 372 377 379 382 383 384 
385 390 392 398 
139
1 4 8 14 22 23 26 27 29 32 33 36 
46 50 53 54 62 64 65 69 70 71 73 80 
82 86 88 89 93 96 97 98 99 100 102 104 
105 106 109 111 113 115 116 117 118 122 124 128 
129 131 132 133 136 143 145 147 150 156 157 158 
162 165 167 168 172 173 174 177 190 197 198 200 
204 205 207 209 211 213 215 220 221 222 224 225 
226 229 234 235 236 237 240 244 248 249 250 254 
261 268 272 277 279 282 283 285 289 291 296 297 
303 304 306 308 309 314 319 321 322 324 325 329 
337 339 340 342 360 361 373 374 375 377 379 380 
383 389 391 396 398 399 400 
119
1 12 13 16 20 21 25 26 35 36 37 39 
52 55 58 61 62 65 66 68 70 71 75 76 
77 78 81 85 94 97 99 102 105 107 109 124 
130 134 136 137 141 145 148 149 150 151 153 156 
159 161 164 168 173 180 181 182 183 191 192 201 
204 205 207 210 211 215 222 224 226 236 238 247 
252 255 257 263 264 275 276 277 278 281 289 293 
294 302 305 310 314 315 316 317 320 325 327 330 
333 341 343 344 349 351 352 353 355 359 361 363 
367 368 370 373 381 382 384 386 387 393 394 
130
5 8 24 28 33 37 40 42 52 53 65 68 
69 71 72 74 76 77 83 86 90 94 96 99 
105 107 111 113 114 124 126 127 128 129 130 132 
135 141 143 145 146 149 150 154 155 156 162 164 
166 174 177 182 183 186 188 191 201 202 205 211 
216 217 219 220 221 223 225 228 230 235 236 239 
240 245 246 247 251 254 257 259 261 265 266 268 
269 270 273 274 276 278 279 282 283 290 291 294 
296 297 304 305 306 308 311 318 319 321 325 326 
329 334 337 341 345 347 351 352 355 358 362 372 
373 375 386 387 388 389 393 396 398 399 
118
1 7 10 12 13 15 32 33 37 51 52 62 
65 66 68 70 79 89 94 95 96 97 99 100 
103 107 110 120 121 122 126 128 134 136 138 141 
142 151 156 158 163 164 172 176 178 181 182 187 
190 196 204 209 211 212 214 216 217 218 219 224 
230 231 234 235 238 240 242 253 254 255 256 257 
259 262 268 270 271 278 280 281 282 284 288 294 
296 297 299 301 304 307 311 314 317 318 319 320 
321 325 328 331 341 343 350 358 360 362 363 367 
371 372 378 379 380 382 383 387 394 396 
125
1 2 3 5 6 8 17 20 21 23 36 42 
45 49 56 67 68 74 77 80 82 83 87 88 
89 93 94 95 96 97 102 105 108 114 115 116 
122 123 124 127 128 129 133 135 140 146 147 149 
151 155 157 167 168 169 172 179 181 183 190 192 
193 194 196 201 203 204 205 207 208 215 223 225 
228 231 233 235 238 242 244 249 255 256 260 262 
266 267 274 275 278 285 287 288 290 292 294 296 
298 299 301 306 309 311 315 316 326 328 332 334 
337 338 343 344 345 349 357 361 370 374 378 379 
382 387 389 390 398 
133
2 3 4 5 9 15 18 24 29 30 31 34 
39 40 41 43 44 46 53 60 64 66 69 70 
71 72 75 77 85 88 91 93 95 102 104 110 
113 117 121 122 125 127 136 139 140 141 143 155 
161 165 166 171 172 174 175 177 178 179 180 184 
185 188 189 190 192 194 195 196 198 209 211 216 
218 223 227 230 231 234 235 240 241 243 246 247 
248 256 261 269 276 280 282 283 291 296 297 298 
302 305 306 309 310 311 312 317 322 328 331 334 
335 339 341 344 345 346 349 355 357 358 361 366 
367 370 373 379 385 387 391 393 394 396 397 399 
400 
105
1 4 5 7 17 20 24 26 27 40 42 49 
51 54 56 58 66 69 71 72 73 79 86 89 
90 95 98 101 103 104 111 121 133 134 140 142 
144 145 146 147 149 154 155 156 158 160 165 173 
178 185 188 194 196 197 199 200 201 209 214 218 
222 223 224 231 232 237 240 251 254 255 258 269 
273 275 283 284 292 294 300 301 304 307 308 311 
314 317 318 320 321 330 343 354 357 359 367 372 
374 375 379 382 384 388 397 399 400 
111
1 2 4 10 13 21 22 23 25 30 34 36 
37 40 41 42 44 53 58 67 69 70 77 80 
93 94 95 97 103 109 113 121 125 130 131 134 
135 136 137 138 144 147 150 152 154 156 158 160 
161 164 169 176 177 180 190 192 196 199 201 204 
206 208 226 229 233 241 245 247 254 256 259 263 
268 270 272 274 278 281 287 291 293 296 298 299 
302 305 309 310 313 316 319 329 330 331 333 334 
342 347 357 358 360 361 362 369 376 378 380 386 
390 394 399 
119
2 3 4 5 11 13 15 18 23 25 28 30 
31 32 33 34 37 38 40 41 43 46 50 52 
55 59 64 65 66 67 72 75 82 83 84 87 
88 91 100 102 103 106 109 111 117 123 128 133 
135 151 152 153 154 156 158 159 172 188 190 198 
204 205 207 209 216 219 223 227 236 241 243 247 
248 251 252 255 257 264 270 271 278 279 281 283 
284 288 291 295 297 302 307 308 314 321 323 324 
326 327 333 337 342 345 349 352 354 358 359 360 
363 368 370 374 376 378 382 384 390 392 398 
113
3 9 13 16 18 26 29 34 37 40 41 42 
49 53 59 62 64 69 77 78 85 88 92 96 
99 101 103 104 105 107 116 122 123 127 128 129 
130 131 151 152 154 155 156 158 159 160 163 164 
169 170 172 174 175 184 186 189 191 192 196 198 
201 207 208 213 216 223 224 227 232 238 239 242 
247 252 253 255 257 263 264 266 267 269 282 286 
288 291 292 297 300 301 303 305 306 307 308 316 
317 322 339 342 344 345 346 348 357 359 360 380 
381 383 391 392 396 
124
2 7 9 10 14 20 21 23 25 35 37 42 
43 47 49 51 54 55 57 58 60 66 67 68 
79 80 93 95 97 100 102 104 105 107 108 113 
126 127 128 134 137 142 143 147 149 153 154 156 
161 162 164 167 177 184 187 191 198 201 202 203 
206 207 216 221 235 236 241 243 244 246 247 250 
254 255 256 262 265 269 271 280 282 284 285 292 
295 296 299 301 306 308 312 318 319 322 328 331 
337 339 341 344 345 347 348 351 352 356 359 361 
363 368 375 377 378 379 381 382 383 384 388 391 
394 396 398 399 
126
2 3 6 7 9 14 19 20 22 24 28 32 
33 39 41 43 44 49 53 55 59 66 67 68 
69 70 73 79 81 82 86 88 98 99 103 105 
108 110 117 128 130 132 135 139 140 141 154 161 
162 165 167 170 172 174 175 177 182 187 189 196 
200 204 205 208 209 212 216 220 224 226 231 232 
236 241 246 251 256 257 260 265 267 269 271 277 
279 280 283 286 289 291 293 294 295 298 300 301 
310 315 318 321 325 331 332 334 336 338 340 343 
344 345 346 351 357 358 360 361 362 363 372 374 
375 379 387 391 395 399 
112
1 8 11 13 14 18 22 25 33 36 38 46 
49 52 53 59 62 66 67 72 76 78 81 85 
88 89 90 92 99 103 106 108 109 110 111 112 
115 120 123 124 125 135 136 140 143 151 157 160 
161 164 167 177 178 179 180 181 182 193 194 203 
207 210 212 219 220 224 225 229 237 248 253 254 
260 263 268 269 282 283 287 290 292 293 298 300 
302 305 306 309 311 314 326 331 332 334 337 342 
344 346 347 359 360 363 369 373 374 377 380 382 
383 385 387 390 
140
3 5 13 19 27 32 34 36 39 42 43 44 
47 49 51 56 58 60 62 65 68 69 70 73 
78 79 80 81 88 93 103 104 109 111 116 117 
119 121 124 129 130 134 141 146 149 151 154 157 
160 161 165 177 178 180 181 182 184 185 186 189 
192 197 200 202 205 208 216 217 218 219 220 221 
224 225 231 233 239 241 242 243 245 248 251 254 
261 262 264 265 267 268 272 275 280 287 288 293 
300 304 306 307 308 309 310 317 319 322 323 325 
327 328 330 333 337 339 340 346 347 349 352 353 
355 357 359 361 366 367 368 369 371 376 378 379 
381 383 386 387 391 394 395 400 
132
8 9 11 12 15 18 23 24 28 29 30 31 
33 42 43 44 45 46 48 50 56 60 61 62 
64 68 72 75 76 77 80 81 82 83 86 89 
91 92 93 97 99 101 102 108 110 111 114 118 
120 129 130 132 133 135 136 137 140 143 144 152 
153 154 162 164 165 166 170 172 174 177 188 189 
190 191 197 201 214 218 219 228 229 234 239 247 
249 252 254 255 257 265 267 268 272 274 282 283 
286 287 289 299 301 306 307 308 309 316 324 327 
335 337 338 341 343 348 349 351 354 356 358 361 
364 366 368 371 374 375 376 389 395 396 397 400 
113
2 11 12 18 19 20 21 24 28 29 34 36 
37 39 40 45 47 57 61 63 65 66 68 69 
79 80 85 91 94 95 96 99 101 102 105 107 
110 119 120 123 125 131 132 135 139 142 145 151 
153 154 158 160 161 165 168 169 186 187 192 194 
196 206 208 210 211 218 225 228 235 236 240 245 
246 249 251 257 268 272 274 276 277 282 285 287 
290 294 295 296 300 301 313 315 326 327 334 341 
346 348 350 351 356 359 363 367 368 371 373 376 
379 380 386 389 392 
116
6 10 12 16 17 18 24 27 32 35 39 41 
52 57 59 65 71 92 97 101 105 107 111 115 
116 117 121 126 137 138 140 141 144 150 152 156 
158 163 164 173 177 183 186 187 189 190 192 196 
197 204 206 207 219 220 222 224 229 240 242 244 
247 253 254 262 264 266 268 271 275 276 278 284 
289 290 291 292 297 298 300 302 305 307 312 313 
321 322 324 325 330 332 336 341 346 348 349 350 
355 357 361 369 370 371 373 374 375 377 379 382 
384 389 390 391 393 394 395 398 
127
1 3 13 16 22 24 25 26 29 30 31 37 
47 49 51 57 59 60 62 64 66 74 78 79 
83 85 88 90 92 95 97 102 107 111 116 119 
124 125 126 130 132 134 138 142 144 155 156 158 
160 162 165 172 173 177 178 182 183 190 192 193 
194 201 204 206 207 208 221 222 226 232 234 235 
238 239 244 248 251 253 258 265 269 271 273 277 
279 284 285 287 289 293 295 302 303 306 308 309 
311 313 314 315 316 318 321 322 324 325 327 329 
330 338 339 340 347 348 352 356 360 362 363 366 
369 373 378 385 392 395 400 
125
1 3 5 6 12 13 23 25 27 31 33 36 
39 40 45 52 57 58 61 63 64 70 71 75 
84 85 86 88 89 92 98 100 102 105 107 110 
118 119 120 128 132 133 139 142 144 150 153 154 
156 157 159 160 168 169 177 179 188 189 192 193 
194 198 201 203 205 206 207 211 224 226 233 247 
249 252 256 258 261 262 276 278 279 282 285 286 
287 290 302 305 308 309 310 313 316 317 319 323 
324 325 326 327 328 329 330 334 338 345 346 347 
350 352 353 354 355 357 363 365 374 376 377 386 
389 393 398 399 400 
113
9 10 11 17 18 20 21 28 30 32 33 40 
41 43 45 51 57 59 60 66 68 70 75 80 
82 90 96 101 104 106 108 111 116 118 125 127 
129 139 140 141 143 146 148 152 153 157 160 162 
164 165 166 168 170 171 179 180 183 185 193 195 
196 199 202 203 207 211 216 217 221 222 228 232 
242 245 247 250 257 258 265 267 268 273 277 279 
287 289 293 296 304 305 310 311 322 323 325 328 
340 343 346 354 359 365 367 370 371 381 382 383 
385 391 393 394 398 
131
5 14 15 17 21 23 25 28 33 41 46 50 
54 59 62 65 66 70 73 74 76 82 86 88 
91 98 100 105 107 108 109 112 117 119 120 123 
127 128 129 134 150 152 156 157 158 161 162 164 
167 168 170 171 173 175 176 180 182 185 189 192 
194 205 206 209 212 215 216 218 220 224 225 233 
235 236 238 244 245 246 247 249 252 260 264 265 
270 273 277 282 284 287 288 289 292 294 295 297 
298 301 302 310 311 312 314 317 318 319 322 323 
326 328 331 334 337 339 346 357 362 363 371 372 
379 380 382 383 387 388 390 392 394 397 399 
114
4 10 11 14 15 19 22 28 33 36 38 39 
48 50 55 72 73 76 82 89 90 100 102 105 
106 109 112 117 124 127 136 137 140 141 149 151 
158 159 161 162 165 167 169 171 177 178 187 192 
195 203 205 208 210 216 220 222 224 227 229 231 
236 238 244 246 253 255 257 258 263 268 277 282 
284 285 286 291 293 296 298 299 301 303 304 305 
310 315 318 319 321 322 326 329 333 336 342 348 
351 354 355 360 361 368 370 371 372 373 374 377 
380 382 387 388 392 399 
136
1 2 6 8 12 13 21 22 23 25 26 27 
31 32 34 35 36 37 41 45 50 53 54 56 
59 60 62 64 67 68 73 76 80 85 86 89 
92 95 96 101 105 108 112 115 117 118 121 123 
126 127 128 129 130 131 136 139 141 147 149 151 
153 154 159 164 174 182 183 184 197 200 203 204 
205 209 211 212 213 217 218 219 224 226 228 231 
236 243 244 245 256 257 261 262 263 266 272 273 
275 277 279 280 281 282 285 286 287 289 290 291 
298 300 302 303 307 316 319 324 328 330 332 333 
335 338 340 347 349 354 355 357 372 373 381 383 
388 391 392 394 
129
5 10 12 14 15 17 19 21 22 32 35 37 
41 43 45 46 48 53 55 56 60 62 70 72 
73 75 76 78 81 86 87 93 95 97 98 104 
109 117 127 129 131 136 142 143 153 155 158 162 
163 165 166 171 173 177 180 181 188 192 196 197 
198 199 202 205 206 207 209 214 216 218 219 229 
231 233 235 236 239 240 246 250 254 263 267 268 
270 271 278 281 283 285 286 287 289 292 293 296 
301 302 303 314 319 324 329 330 334 336 337 340 
341 343 346 350 353 358 360 367 368 370 374 377 
382 386 391 392 393 394 397 398 400 
127
2 3 9 16 17 24 25 27 30 36 39 49 
57 59 60 62 63 64 67 70 72 73 79 82 
83 88 90 97 100 105 110 111 112 113 118 120 
121 122 125 127 128 130 133 135 139 143 145 147 
154 156 157 160 163 165 168 172 173 175 185 187 
191 192 193 198 201 212 213 216 219 220 224 227 
233 234 235 236 238 243 245 246 248 249 255 258 
259 260 261 262 263 269 277 278 283 286 288 289 
290 291 293 294 295 305 313 314 315 316 320 323 
328 333 334 336 338 342 344 348 354 355 362 363 
374 375 380 382 383 391 397 
112
1 3 10 15 20 21 22 28 34 36 42 47 
50 52 53 56 58 59 62 65 81 86 88 92 
93 95 96 98 99 103 106 117 121 122 126 128 
130 132 137 138 140 143 148 149 157 159 162 164 
165 166 181 184 186 187 193 196 202 208 210 225 
228 233 239 244 248 250 251 259 264 266 268 270 
271 274 275 278 281 283 285 289 290 291 300 308 
310 312 315 316 318 321 323 335 343 347 350 351 
356 359 360 363 370 378 380 383 388 392 393 394 
396 397 399 400 
111
3 12 17 19 20 32 36 37 42 48 49 54 
55 58 68 70 76 80 81 82 86 88 89 90 
95 96 97 101 104 108 111 112 113 116 117 118 
120 122 124 125 128 135 138 141 152 164 171 174 
176 177 178 186 189 192 194 198 204 207 209 215 
226 227 233 234 241 247 248 251 254 256 257 269 
275 279 280 281 283 285 291 293 295 297 301 304 
308 309 310 313 321 322 324 327 331 334 337 340 
346 347 357 360 363 365 366 369 373 374 381 389 
396 398 399 
127
3 4 6 12 17 18 20 21 24 26 31 33 
35 37 42 43 46 47 48 49 53 56 59 60 
65 69 70 85 86 88 89 92 93 94 96 97 
102 103 107 108 109 110 114 115 117 120 122 135 
145 148 149 150 162 168 182 191 192 196 199 200 
204 209 210 213 214 216 217 218 220 225 227 229 
233 236 239 244 245 248 251 255 256 266 276 278 
279 281 285 290 292 293 294 295 296 301 303 304 
306 308 313 319 322 325 326 330 334 337 338 339 
340 349 350 352 356 359 368 372 374 378 379 380 
381 385 388 394 395 398 399 
127
1 3 10 12 16 17 31 32 34 37 38 42 
44 45 47 50 52 55 56 61 64 66 67 70 
84 86 89 92 93 100 101 103 112 116 126 127 
129 139 140 144 145 148 149 156 159 161 169 172 
174 182 185 186 190 193 194 200 203 204 205 206 
211 213 216 222 224 226 228 231 232 237 249 251 
253 254 258 268 270 271 275 277 279 280 282 283 
284 292 293 294 297 300 302 304 305 307 308 315 
317 318 325 327 331 332 336 338 341 343 345 346 
347 348 351 353 354 357 362 365 366 369 372 378 
380 385 389 390 393 399 400 
109
3 4 13 24 25 28 30 36 37 39 42 45 
48 49 52 53 58 61 63 72 75 78 80 81 
83 87 88 92 95 97 106 109 110 112 113 115 
121 122 126 132 135 138 141 142 145 146 148 151 
157 159 161 164 169 176 180 184 188 189 191 195 
208 210 223 224 226 228 233 237 238 242 249 250 
253 254 255 262 267 274 276 282 300 304 310 311 
313 316 318 320 325 328 334 335 338 340 348 349 
362 366 367 370 374 379 380 385 389 392 394 397 
398 
132
5 7 10 11 12 14 25 27 28 31 32 36 
42 46 47 53 59 63 68 69 73 74 76 82 
91 92 94 97 98 106 107 113 120 121 123 126 
130 131 133 134 147 150 151 152 157 159 160 165 
166 167 173 174 178 181 186 189 192 195 196 200 
203 204 205 207 209 212 216 219 220 222 229 232 
233 234 238 243 244 246 252 257 260 261 263 269 
271 272 273 275 280 289 290 291 295 297 302 305 
313 314 315 316 318 321 324 326 327 331 332 336 
341 343 344 348 350 353 361 366 368 369 371 372 
374 375 376 377 378 379 384 387 390 397 399 400 
113
3 7 14 15 17 18 26 30 35 38 39 51 
53 54 55 56 58 59 70 72 82 85 87 89 
97 106 108 112 114 117 138 143 146 147 154 160 
162 164 167 172 173 174 176 178 181 182 183 189 
190 196 205 208 210 211 212 223 226 227 233 235 
238 240 245 246 251 252 257 258 259 273 274 277 
282 283 284 288 289 297 299 302 304 305 306 307 
309 310 311 312 313 316 319 323 332 333 337 338 
341 344 346 353 359 368 375 377 379 380 381 383 
385 386 394 396 400 
108
6 7 17 21 27 28 29 33 35 36 37 39 
45 46 51 55 56 59 60 61 67 76 77 84 
86 97 101 107 110 112 121 126 130 132 136 137 
148 150 166 172 173 180 192 202 204 206 216 218 
219 220 221 222 223 225 227 229 231 234 235 236 
239 243 245 252 255 256 262 270 271 274 278 279 
282 285 289 290 295 296 299 301 303 305 306 312 
315 318 326 330 332 336 339 341 342 343 346 351 
353 356 365 366 369 370 372 378 381 382 395 399 
118
2 3 6 7 9 10 13 14 15 17 23 25 
32 35 37 47 48 49 56 65 68 69 71 72 
76 77 79 80 81 83 89 90 91 94 98 103 
104 109 112 126 130 134 147 154 155 157 166 168 
171 172 173 183 188 191 193 198 199 200 201 202 
203 210 217 218 219 221 224 225 227 229 234 236 
237 240 256 261 271 272 274 285 286 288 291 298 
299 303 305 309 310 313 319 320 324 326 329 331 
332 334 335 336 337 338 340 348 351 357 363 368 
371 375 376 377 379 380 388 390 391 397 
140
1 2 8 10 13 14 15 16 19 20 22 25 
28 30 31 34 36 41 42 43 44 47 50 52 
53 67 69 76 82 84 85 89 91 92 93 95 
102 103 104 108 113 116 117 122 128 130 133 135 
138 142 144 145 152 155 161 164 168 169 171 175 
182 184 185 186 187 193 195 196 198 199 208 209 
210 212 215 217 221 227 228 232 249 250 251 253 
256 260 261 275 277 280 283 284 288 290 291 293 
294 300 304 307 309 310 313 315 320 323 325 328 
330 334 340 342 345 346 347 348 350 351 353 354 
359 361 363 365 367 370 374 378 380 381 382 383 
384 386 388 389 390 395 399 400 
103
2 8 14 25 27 29 33 37 39 40 50 52 
65 70 71 77 79 85 90 92 93 100 109 110 
112 115 116 126 131 132 135 136 137 140 146 155 
157 159 161 162 168 171 172 173 174 178 179 181 
183 186 191 196 197 201 205 206 216 218 222 225 
237 242 243 244 245 249 250 252 253 260 266 272 
275 278 280 283 289 292 297 298 300 304 311 316 
319 324 326 337 343 347 351 352 359 360 362 368 
370 376 380 383 392 395 397 
117
3 4 6 10 14 17 19 21 22 24 28 35 
49 51 55 57 59 61 64 66 67 68 70 71 
73 74 80 85 90 93 97 98 99 101 104 110 
113 114 115 119 126 128 130 132 133 135 137 138 
144 146 147 148 160 174 175 183 202 206 208 209 
215 222 224 227 232 235 241 242 244 245 256 257 
261 262 264 265 266 270 272 275 276 280 281 289 
291 294 300 301 309 310 320 324 336 339 340 341 
344 351 353 355 356 358 359 360 361 363 364 367 
369 376 377 378 379 384 386 391 395 
122
7 9 12 13 22 34 38 40 41 47 48 49 
50 62 68 74 77 87 88 94 98 102 103 110 
113 116 117 118 121 123 125 126 127 129 131 132 
133 135 137 139 141 143 152 156 160 163 167 168 
169 172 176 177 178 182 183 184 185 186 191 195 
196 198 199 202 203 205 211 217 221 225 226 227 
228 233 236 238 243 261 262 263 268 273 274 276 
278 284 285 286 292 293 295 299 304 306 308 310 
313 325 326 329 335 339 341 345 346 352 356 358 
360 364 366 369 373 376 377 379 381 383 387 389 
391 393 
121
2 10 12 20 21 23 33 43 44 55 57 58 
60 70 73 74 75 79 80 85 86 90 91 95 
98 112 113 116 117 122 128 137 142 145 148 149 
150 152 156 157 160 163 167 169 171 172 173 183 
189 190 193 195 201 202 204 206 208 211 213 214 
215 220 223 226 229 236 237 238 239 240 244 255 
257 260 262 266 268 274 275 279 280 284 289 290 
291 293 295 299 303 304 306 311 319 320 322 323 
325 334 343 347 351 352 353 355 357 358 361 363 
366 371 372 379 380 381 383 385 391 393 397 398 
400 
108
1 2 6 9 12 15 16 20 22 24 31 36 
37 40 41 48 54 55 61 62 64 79 80 91 
96 102 104 112 116 117 118 121 123 134 135 139 
140 141 148 149 165 169 170 172 175 183 194 195 
197 205 206 208 210 218 226 240 245 246 260 262 
265 268 273 274 275 276 277 279 281 290 291 295 
299 304 308 315 317 318 319 329 333 334 336 337 
338 340 346 349 350 351 352 353 356 357 359 361 
365 367 368 371 372 377 378 380 381 386 391 397 
100
1 4 6 10 26 36 39 42 43 44 45 56 
59 60 66 70 73 74 85 88 91 96 106 110 
116 119 121 122 124 125 128 131 135 136 138 160 
165 166 169 170 171 175 179 182 184 188 191 193 
195 202 203 204 206 213 215 217 223 225 228 230 
240 241 253 255 262 267 274 277 285 288 289 298 
300 311 315 316 321 328 330 334 342 349 357 362 
363 367 371 372 373 374 376 379 382 386 387 389 
393 396 398 399 
135
3 4 8 15 17 19 20 23 27 31 33 35 
38 43 47 48 49 51 52 56 58 59 60 70 
74 76 78 80 81 83 87 93 98 104 105 108 
109 116 117 120 123 124 127 129 132 133 135 138 
142 144 149 151 153 154 156 159 163 164 166 168 
172 173 177 188 191 195 199 203 204 208 212 219 
222 223 227 228 229 230 238 240 243 247 248 249 
252 253 254 259 260 264 265 267 274 275 285 288 
296 302 303 304 306 309 311 313 316 317 319 320 
321 322 330 337 341 342 343 347 348 351 352 354 
360 361 362 367 371 374 378 382 384 388 391 393 
396 397 400 
109
4 8 20 21 35 36 37 38 40 49 51 53 
55 56 68 69 71 74 75 78 79 86 87 88 
90 91 95 105 109 112 116 120 122 125 128 134 
138 140 142 144 146 153 155 157 160 166 168 170 
172 174 175 179 190 198 199 200 201 205 207 208 
217 219 223 226 228 233 235 239 243 245 247 250 
261 262 263 265 268 275 277 281 282 284 286 287 
289 291 306 308 313 315 318 325 327 328 329 336 
343 344 348 355 356 371 372 376 385 386 394 398 
399 
107
1 4 6 9 13 16 17 18 19 26 29 31 
39 42 45 49 52 55 58 65 67 70 80 81 
83 86 88 89 95 98 103 104 105 111 112 114 
119 120 124 130 131 132 136 137 138 139 142 144 
146 148 152 154 159 162 163 172 174 177 182 192 
195 200 203 205 206 212 213 214 215 220 225 228 
230 232 235 237 250 251 252 264 271 272 277 278 
280 296 301 303 304 308 311 316 318 325 342 352 
356 360 375 378 379 380 381 382 390 394 396 
125
1 7 9 19 21 22 24 28 31 32 33 37 
38 57 59 61 65 76 84 88 91 93 97 99 
100 102 103 104 106 111 115 116 117 118 121 124 
129 132 135 136 140 141 142 148 149 150 154 155 
156 162 163 164 165 173 175 176 177 180 187 191 
193 196 197 199 202 203 204 212 213 214 215 220 
221 222 227 232 234 236 243 244 245 247 252 253 
254 255 261 266 269 276 283 287 288 290 291 293 
301 304 312 316 322 331 334 336 338 342 347 351 
353 357 362 368 371 372 375 378 379 380 381 383 
385 386 390 398 400 
114
6 9 18 21 23 24 26 33 35 43 44 48 
50 51 56 57 59 72 77 80 85 87 89 101 
104 107 108 116 122 125 130 133 134 138 140 141 
143 146 147 151 152 154 162 163 164 167 168 175 
176 178 181 196 198 201 203 206 212 217 219 221 
224 225 226 230 231 232 236 237 241 242 243 246 
247 248 249 255 258 260 261 266 267 270 275 278 
284 290 292 297 308 310 311 318 320 325 326 327 
328 332 334 335 340 341 360 368 369 371 374 378 
385 388 389 391 399 400 
132
2 4 5 6 9 10 12 13 15 16 19 21 
24 29 32 34 35 39 40 44 45 47 48 50 
55 65 66 69 73 75 78 84 91 92 95 96 
98 102 106 108 109 111 113 116 118 121 128 137 
140 143 151 158 159 165 171 175 179 180 183 185 
187 190 196 197 207 208 209 211 212 214 224 225 
226 231 233 236 238 247 250 251 252 260 263 267 
268 270 272 275 277 278 279 280 283 287 290 291 
297 298 299 301 303 308 310 312 313 314 317 324 
325 329 332 337 344 346 350 355 356 357 358 359 
364 368 373 375 376 379 381 386 390 392 393 395 
139
2 3 8 14 18 19 20 22 24 29 30 32 
33 36 43 47 51 53 56 58 59 60 62 66 
68 70 72 77 78 84 87 92 96 99 101 103 
106 107 112 113 117 118 120 122 123 126 129 131 
132 135 138 150 156 160 162 164 174 175 178 181 
182 187 188 190 191 193 203 205 207 209 211 217 
224 228 230 231 232 233 234 235 238 239 240 246 
249 251 254 259 262 264 266 267 268 274 275 278 
280 281 283 285 286 287 291 293 294 298 299 300 
303 306 310 318 321 327 329 335 337 338 339 341 
342 344 346 349 351 353 354 356 361 362 371 372 
375 376 377 378 389 394 399 
123
1 10 12 16 19 21 23 24 26 27 29 35 
38 39 40 43 44 45 47 48 49 50 52 55 
56 57 58 61 65 67 72 73 74 77 80 86 
90 92 103 105 106 109 113 119 130 132 133 134 
135 144 147 148 150 154 157 158 168 173 182 184 
187 191 192 197 199 202 204 205 219 225 231 233 
234 240 242 249 251 252 255 256 257 260 263 267 
271 276 278 286 290 291 296 297 301 302 303 314 
315 321 324 334 335 336 337 340 346 348 350 352 
354 357 367 368 372 373 380 386 387 390 393 396 
397 399 400 
115
2 6 11 15 17 18 20 27 32 39 40 43 
48 49 50 54 57 62 64 65 70 71 72 73 
78 81 83 84 88 89 90 92 93 100 102 110 
115 119 129 131 132 140 143 145 150 151 156 161 
165 169 181 182 190 195 198 200 201 207 208 210 
211 212 214 217 219 222 225 226 231 232 239 246 
251 256 262 271 278 288 290 293 295 296 300 303 
304 307 310 312 313 315 316 324 325 326 327 328 
330 332 333 336 337 345 348 349 355 362 364 365 
367 369 379 382 383 384 391 
111
1 2 9 12 13 15 17 22 24 26 29 33 
47 49 53 56 57 60 65 67 70 73 75 76 
80 87 91 92 93 100 105 107 108 123 125 128 
131 132 133 134 135 140 142 146 147 153 155 157 
162 163 167 168 171 175 181 185 186 187 197 199 
202 203 206 212 213 225 227 229 235 247 248 249 
250 254 257 267 269 276 277 281 283 286 288 292 
299 309 313 316 318 321 324 340 341 344 345 346 
350 352 356 363 367 370 372 376 380 384 385 388 
393 399 400 
117
1 6 9 12 13 15 18 20 21 22 24 28 
30 33 35 36 38 39 46 50 52 57 62 64 
66 67 68 70 71 72 73 76 77 79 87 88 
93 94 97 101 112 122 124 128 137 139 143 144 
149 152 153 158 160 162 168 175 179 180 184 187 
188 190 195 196 202 204 205 208 209 216 218 221 
238 239 243 244 246 254 259 261 264 267 269 271 
276 285 286 288 299 300 315 317 318 323 327 332 
337 339 345 346 351 354 355 356 359 363 369 373 
375 377 381 382 387 388 395 397 399 
120
2 3 6 9 10 12 14 16 20 26 27 30 
38 43 47 53 57 59 70 72 75 77 78 79 
89 91 93 94 95 96 97 102 110 113 116 120 
127 130 132 135 141 152 155 156 157 160 166 168 
170 174 175 177 180 181 183 189 192 199 202 213 
214 219 221 222 224 229 231 232 233 234 236 239 
240 242 244 246 254 256 262 264 265 267 269 271 
272 273 274 275 278 279 280 282 287 288 289 290 
299 301 302 304 312 315 322 326 329 334 335 340 
342 345 360 364 367 369 376 379 383 385 389 394 
134
1 2 4 5 7 13 15 17 18 23 28 29 
30 32 35 39 43 44 48 50 51 52 53 57 
59 61 63 67 68 71 74 78 79 82 84 90 
91 99 103 107 109 110 112 124 127 131 132 133 
134 135 137 141 143 144 148 153 154 158 159 167 
168 171 175 177 178 190 193 196 197 199 200 201 
202 204 210 212 216 217 220 227 230 232 235 236 
240 241 242 246 248 252 254 258 260 271 275 277 
281 282 283 286 288 296 306 311 320 324 328 329 
330 333 334 338 343 346 348 351 353 354 358 364 
367 369 372 376 381 384 389 391 394 395 397 398 
399 400 
131
1 3 4 7 17 22 26 31 33 35 36 42 
45 49 50 55 61 64 67 68 69 72 75 76 
81 85 92 94 95 96 98 99 105 106 107 108 
111 117 118 129 131 135 136 138 152 156 159 162 
163 166 171 172 178 188 196 198 203 210 213 214 
216 221 226 228 229 230 238 240 243 245 246 247 
248 252 254 255 258 260 263 264 265 266 267 270 
271 275 276 279 282 284 286 291 292 295 298 299 
300 302 304 308 311 313 314 319 325 328 329 332 
337 338 339 344 346 347 349 350 351 354 356 360 
369 370 371 372 374 383 386 388 397 399 400 
118
4 7 18 20 21 25 33 36 38 45 55 57 
58 64 65 66 81 85 88 90 98 104 108 109 
118 119 120 122 126 127 129 134 137 138 139 143 
155 156 159 165 166 170 173 181 183 191 200 203 
209 213 215 216 218 225 226 230 232 234 235 240 
242 243 244 245 251 252 253 255 256 259 260 261 
262 266 275 277 278 281 284 292 295 296 301 304 
306 312 315 317 318 320 321 323 325 328 329 330 
332 337 343 345 346 347 348 350 351 355 356 361 
366 373 374 380 386 389 392 395 396 400 
126
1 15 19 20 26 29 30 32 35 36 38 40 
41 46 47 49 53 55 57 64 69 71 76 89 
91 92 93 96 97 99 107 108 117 118 122 123 
125 129 132 133 135 137 141 143 144 148 158 165 
166 167 168 171 172 175 180 182 183 184 187 188 
189 194 198 201 206 207 209 211 212 213 216 217 
218 223 227 231 234 235 241 247 249 250 259 261 
263 264 265 267 268 269 273 276 281 283 293 297 
298 301 312 316 319 320 323 333 336 337 342 348 
352 354 355 356 357 366 367 369 375 379 382 383 
389 390 393 394 397 399 
115
4 7 12 18 26 34 41 45 50 54 58 65 
66 67 70 75 76 77 79 80 82 85 86 95 
99 101 104 108 114 116 120 127 134 136 140 142 
143 148 149 151 152 159 163 165 167 171 174 178 
179 194 204 214 215 216 221 224 227 229 230 233 
234 236 237 247 248 252 254 257 258 259 264 271 
272 274 276 281 285 287 293 299 301 308 309 312 
313 314 315 317 322 324 325 328 329 332 335 336 
343 348 349 350 352 353 354 361 362 372 378 380 
382 383 385 386 388 396 399 
130
2 6 8 11 19 22 24 25 26 28 30 31 
32 34 35 36 37 41 43 44 47 51 52 53 
54 56 60 62 68 69 72 82 84 85 88 90 
93 94 95 101 103 108 111 112 114 115 119 131 
134 137 143 145 148 151 153 165 174 176 182 186 
188 192 195 202 205 216 219 221 222 227 231 232 
234 235 236 239 240 241 242 249 250 252 260 261 
270 271 275 285 287 288 299 301 302 303 304 305 
306 311 312 313 316 317 319 320 322 324 327 333 
337 341 343 345 347 350 354 355 359 363 364 367 
368 370 379 382 385 387 393 394 397 400 
115
2 25 26 28 30 41 42 45 46 49 50 52 
53 58 64 72 77 82 90 93 100 101 107 114 
115 117 120 121 123 124 126 128 131 136 140 141 
142 143 145 149 150 165 166 168 173 175 176 179 
180 182 189 190 192 197 205 208 211 212 213 222 
225 227 236 238 243 246 251 254 262 264 266 267 
271 272 279 281 282 284 286 291 296 300 301 305 
308 309 310 312 314 319 320 322 333 336 337 340 
342 349 352 355 360 366 368 371 374 376 379 383 
386 389 390 391 394 398 399 
122
3 4 9 11 14 23 28 34 35 37 39 41 
43 44 51 58 64 65 69 71 75 79 80 84 
88 91 96 97 100 106 108 110 114 115 120 121 
122 126 130 131 132 134 135 136 138 139 140 141 
145 146 151 159 164 166 169 170 173 176 179 184 
185 194 195 197 204 205 208 209 210 211 216 217 
223 233 234 235 237 239 241 243 245 247 248 251 
252 253 257 258 265 267 268 270 276 277 278 284 
292 296 300 302 306 314 315 317 319 327 329 332 
337 344 345 346 349 350 355 359 363 365 367 370 
374 400 
115
5 16 22 30 31 32 35 36 37 39 46 47 
48 50 51 52 54 56 63 65 67 76 78 79 
80 82 83 84 86 87 94 95 97 101 102 110 
118 122 128 131 137 138 141 145 149 151 152 160 
161 164 166 169 170 177 180 184 187 192 193 194 
197 201 203 207 212 213 218 219 223 228 229 238 
240 242 245 252 255 258 263 267 271 275 277 278 
286 292 295 297 298 309 313 314 319 321 325 326 
330 334 335 346 348 351 352 358 359 360 361 362 
366 371 372 376 387 393 394 
127
2 3 4 5 9 11 13 14 16 18 19 20 
30 31 33 34 35 36 38 39 42 52 56 61 
63 69 72 85 86 90 94 100 101 105 106 107 
112 113 119 124 126 128 129 132 135 140 141 147 
149 150 152 153 162 169 171 180 184 186 190 191 
197 200 201 204 205 207 211 217 219 227 232 235 
246 250 251 252 256 258 259 265 266 269 272 274 
275 277 291 292 297 300 303 310 312 313 316 322 
323 325 326 327 328 332 333 342 347 350 355 357 
358 359 361 362 363 365 366 368 371 373 374 377 
382 386 387 390 392 396 400 
123
1 4 9 10 17 29 30 34 45 52 53 54 
55 59 63 64 66 67 74 80 86 90 96 100 
102 106 107 117 118 121 127 128 136 138 141 149 
156 157 161 167 168 170 171 172 173 180 181 182 
183 185 186 194 196 197 198 199 200 201 203 206 
207 209 212 214 215 217 218 220 222 223 225 229 
230 231 232 235 238 243 247 254 255 262 263 266 
267 271 273 276 278 279 281 286 294 300 304 309 
312 313 314 319 320 322 325 328 329 336 341 343 
345 353 362 365 369 371 376 379 380 381 391 394 
395 397 399 
132
3 6 9 10 11 12 15 16 19 20 22 26 
27 29 30 37 44 49 53 54 61 63 65 69 
70 75 80 81 83 84 86 94 96 99 100 108 
111 112 113 118 119 120 122 123 124 130 135 136 
139 143 147 150 152 154 156 158 161 162 163 165 
166 170 171 172 173 175 176 180 183 189 191 192 
194 196 198 200 204 206 207 210 212 219 222 229 
231 238 240 246 248 254 260 265 266 267 273 278 
283 284 288 295 296 297 300 304 314 323 324 326 
329 334 338 341 343 346 347 350 351 356 357 358 
361 367 375 376 377 382 383 384 388 392 394 398 
125
2 4 8 20 23 27 28 33 35 36 40 43 
49 60 63 64 70 75 77 84 86 88 94 100 
106 107 108 114 115 117 118 121 122 123 126 130 
132 134 135 136 143 144 147 149 151 152 153 155 
156 158 159 160 162 163 169 175 180 182 185 188 
189 190 192 201 203 210 211 212 218 223 230 234 
236 239 240 244 246 247 251 260 270 278 279 283 
285 286 291 293 295 298 300 301 307 312 314 319 
320 323 330 331 336 337 338 341 346 348 351 352 
353 354 356 360 370 372 374 379 381 383 386 387 
390 391 392 395 400 
120
2 6 7 8 11 12 15 17 19 22 25 26 
29 34 37 39 40 44 58 64 65 67 69 74 
75 78 79 80 81 82 83 84 89 95 100 104 
106 112 114 117 128 134 138 139 140 144 152 154 
158 159 168 169 179 180 181 184 186 188 192 194 
197 201 204 205 207 209 214 216 218 219 221 227 
229 237 238 241 242 243 245 246 249 257 264 266 
267 268 273 276 279 290 291 292 293 303 305 313 
314 315 317 321 329 332 333 336 337 340 341 345 
346 347 355 362 364 366 370 372 379 383 387 393 
136
1 2 4 5 10 11 15 17 19 20 21 23 
27 29 32 34 36 38 39 43 46 48 52 59 
60 64 68 70 71 72 74 77 78 83 85 86 
92 95 102 103 106 109 111 114 116 121 125 133 
136 140 143 144 146 156 157 161 165 168 171 173 
177 182 185 186 187 190 191 193 198 199 204 206 
207 209 211 212 213 218 220 222 225 229 234 238 
239 242 243 245 247 249 255 259 262 266 268 269 
271 274 275 281 282 286 292 293 296 307 309 311 
313 314 315 317 320 324 325 337 338 340 347 350 
351 354 358 361 362 363 373 374 375 380 381 384 
385 392 396 398 
108
2 4 7 12 14 16 23 25 27 29 30 32 
34 36 38 39 42 44 49 50 60 61 62 72 
74 85 101 115 117 118 120 121 124 125 127 128 
138 144 146 149 151 152 157 159 163 165 166 169 
173 174 175 176 177 184 188 190 192 199 206 208 
217 222 225 229 234 237 238 241 243 244 245 253 
255 263 265 267 270 273 278 280 289 292 293 300 
308 314 318 323 326 334 337 344 346 348 350 351 
353 354 359 365 369 373 385 386 387 392 394 398 
121
1 3 5 8 9 17 20 23 36 38 45 46 
47 62 63 68 70 71 74 78 84 88 92 94 
95 104 105 106 108 109 112 113 114 116 120 121 
124 128 132 133 137 140 141 142 155 157 165 167 
170 176 177 183 184 190 198 205 207 209 211 214 
218 223 225 236 238 241 242 243 245 246 248 255 
256 259 267 268 270 279 280 282 285 286 287 288 
290 292 298 300 312 315 319 321 323 325 328 329 
334 335 338 340 345 346 349 351 352 357 358 363 
364 369 372 374 377 383 385 389 390 391 393 394 
396 
130
2 5 6 10 15 16 18 19 23 25 27 29 
30 31 32 37 40 41 48 49 52 57 58 61 
62 63 64 71 72 73 74 75 78 80 81 82 
83 84 85 87 92 94 95 96 98 101 106 108 
111 112 114 115 124 129 135 144 145 146 152 157 
158 160 161 162 164 176 178 180 183 184 190 194 
195 196 202 206 207 214 215 219 221 222 223 224 
230 231 235 239 243 246 247 248 253 254 259 265 
266 267 268 272 273 274 275 281 289 300 301 306 
309 313 314 320 323 324 328 329 333 335 337 341 
342 344 353 364 371 373 383 391 395 397 
98
15 18 27 32 34 35 53 67 71 74 78 79 
82 83 85 86 88 89 92 95 96 100 102 103 
104 108 131 135 136 144 148 153 154 156 158 162 
167 168 177 178 181 182 190 200 214 216 218 219 
229 233 240 248 249 250 254 255 259 264 265 266 
267 268 274 282 284 286 289 292 296 307 308 318 
323 327 329 332 336 337 338 341 343 345 347 348 
349 350 353 354 363 368 370 371 376 377 380 382 
388 400 
128
5 7 10 11 12 13 14 18 20 24 25 30 
33 34 38 40 45 49 53 54 57 60 64 68 
70 72 74 75 76 80 82 84 89 91 97 99 
106 112 117 121 122 126 127 133 137 138 145 148 
156 161 162 163 168 170 174 176 177 182 187 196 
198 199 206 207 209 212 216 224 226 232 236 243 
244 246 251 252 256 258 261 264 266 267 269 273 
277 278 279 280 285 287 288 292 294 296 299 301 
305 306 307 308 312 315 317 318 320 323 327 330 
332 334 336 337 342 348 351 355 358 359 363 365 
370 375 377 382 387 388 390 392 
138
3 4 10 12 15 18 19 20 21 23 30 36 
37 44 45 47 53 57 58 66 68 72 74 75 
76 81 84 85 86 87 88 89 91 93 94 95 
97 99 105 107 109 111 112 114 117 118 121 123 
124 125 126 130 137 138 139 145 147 148 150 153 
156 158 163 164 168 170 178 179 180 188 190 191 
192 195 196 198 200 202 211 212 214 216 218 220 
222 225 233 238 244 247 252 253 255 258 262 265 
270 271 272 276 284 285 290 291 293 296 297 300 
301 303 304 306 309 313 314 320 322 323 326 328 
332 335 340 342 343 346 348 350 356 357 360 364 
365 366 370 375 380 385 
114
3 10 13 20 26 30 31 33 34 38 43 49 
51 56 59 61 62 66 67 68 72 76 80 88 
89 90 98 99 101 102 103 107 114 116 120 121 
128 139 147 152 155 157 158 159 168 170 172 180 
181 184 188 191 192 194 198 200 202 204 210 215 
216 225 230 231 232 236 237 240 241 265 273 274 
278 283 284 287 291 293 296 302 304 310 313 314 
315 321 323 327 329 330 331 333 334 337 340 343 
346 351 354 355 360 363 368 373 375 377 378 379 
380 383 385 397 398 400 
119
1 2 3 5 8 16 20 21 22 24 26 32 
33 35 37 47 48 54 59 61 63 66 67 69 
82 84 87 88 95 97 98 99 101 104 105 113 
126 127 128 137 142 144 151 155 162 164 167 168 
169 173 175 177 183 184 189 199 205 212 222 224 
233 236 239 242 243 245 251 254 258 259 265 270 
274 275 279 280 285 286 288 292 294 295 296 300 
303 307 313 314 317 318 322 323 327 328 329 333 
334 341 344 349 351 355 358 359 362 364 368 369 
374 377 378 379 386 391 392 393 395 398 399 
124
1 2 10 11 13 16 19 27 40 44 48 49 
50 55 56 57 58 59 63 64 70 79 84 85 
86 93 94 97 99 100 103 115 120 121 124 125 
126 130 131 132 134 138 140 148 150 152 156 157 
163 167 169 173 176 178 179 182 183 186 189 191 
197 199 210 211 216 221 225 227 234 238 245 247 
250 252 254 256 259 260 261 264 268 275 280 281 
293 298 299 301 304 305 307 308 310 311 312 314 
320 321 328 329 331 338 341 347 349 351 360 364 
366 367 369 370 373 375 377 380 381 387 388 390 
391 392 393 398 
118
1 4 5 10 11 13 14 18 23 24 25 27 
33 34 35 39 42 44 51 52 61 67 73 74 
81 82 84 87 88 89 99 100 102 103 105 115 
116 117 118 154 156 160 164 169 171 175 179 180 
181 183 186 193 197 201 202 205 206 209 211 214 
217 218 220 221 222 223 225 226 232 237 238 241 
243 246 250 251 252 257 258 260 261 263 266 270 
274 278 280 281 282 285 289 301 304 305 309 312 
315 316 318 320 322 327 330 332 335 337 342 346 
352 355 360 373 383 384 387 389 397 399 
111
3 9 10 14 16 19 20 22 24 25 30 32 
38 40 42 51 53 56 57 64 67 74 78 80 
84 86 89 90 91 93 94 95 96 98 107 108 
112 114 115 116 117 119 124 128 133 134 136 137 
147 151 160 164 165 166 167 173 174 180 182 192 
196 197 199 204 207 208 209 218 224 234 237 239 
244 245 247 248 250 251 252 263 276 277 279 280 
295 297 301 305 318 319 327 328 330 334 335 337 
341 347 362 370 371 372 373 374 381 385 386 388 
391 399 400 
135
3 13 14 17 22 26 27 28 37 38 41 43 
44 46 49 50 55 58 59 70 71 72 74 75 
79 96 98 99 100 101 104 108 111 112 113 115 
117 120 121 123 125 126 130 133 138 140 143 144 
151 153 154 156 162 170 171 172 173 174 177 178 
180 183 184 185 187 194 200 205 213 215 216 217 
219 220 221 222 223 225 228 229 233 240 241 246 
247 249 250 257 258 266 267 268 270 271 273 276 
279 282 283 287 288 290 291 293 299 300 306 310 
317 320 322 324 327 330 334 337 340 341 343 345 
346 352 354 355 362 364 374 376 377 379 382 385 
390 391 392 
148
1 3 4 5 9 10 11 12 14 15 18 22 
23 24 27 31 33 36 38 39 40 41 44 45 
48 51 55 58 60 68 71 73 80 83 85 91 
92 96 100 102 103 104 109 110 112 114 116 123 
125 128 129 130 132 137 143 151 152 153 159 160 
161 163 166 167 169 175 178 181 183 189 191 193 
195 196 197 202 205 206 208 209 210 216 217 219 
220 223 225 228 231 232 233 234 235 236 237 239 
241 242 245 247 248 250 253 255 258 262 272 275 
288 292 297 298 299 300 304 306 309 311 313 314 
315 317 318 321 324 327 328 329 330 333 334 336 
339 354 355 359 362 364 369 372 373 374 375 381 
391 394 397 399 
108
4 6 8 9 10 11 14 20 21 28 29 31 
38 41 55 57 61 62 63 64 69 71 77 81 
82 88 91 93 94 97 101 105 108 109 110 112 
115 119 121 124 135 136 139 140 144 152 157 159 
160 163 168 170 171 180 184 187 190 194 198 203 
207 222 225 228 231 233 234 238 246 256 258 259 
263 266 267 269 270 273 274 279 284 288 290 293 
297 299 303 314 318 322 323 328 331 332 336 340 
350 354 356 358 370 373 375 379 394 395 396 399 
123
2 4 12 18 25 28 35 36 39 42 47 63 
64 65 69 72 73 79 80 81 82 83 85 92 
93 95 97 99 100 103 104 108 113 114 117 118 
119 124 125 131 132 135 145 146 147 149 150 151 
153 158 161 162 166 168 170 175 176 177 178 181 
182 183 184 186 191 194 198 201 204 206 208 212 
215 217 224 226 230 231 233 235 236 243 244 245 
248 250 253 260 264 266 267 269 273 275 277 278 
283 285 288 293 304 305 314 316 324 326 327 331 
333 341 344 351 352 356 357 369 371 377 385 389 
392 394 396 
117
6 13 15 16 19 20 32 41 43 45 47 54 
57 63 65 67 69 71 75 82 83 84 85 88 
89 90 91 93 100 101 102 103 104 114 121 123 
126 133 138 139 142 143 146 156 160 162 163 166 
173 174 176 180 181 184 185 187 190 192 194 195 
196 202 204 210 212 219 220 225 226 228 236 237 
238 239 251 253 256 262 265 267 269 276 277 278 
287 294 297 304 309 312 313 314 329 331 332 335 
358 360 362 363 364 365 366 367 368 376 379 381 
384 387 388 393 394 395 396 397 399 
122
1 2 6 8 11 14 15 16 33 37 38 40 
41 43 48 51 58 60 66 71 73 77 98 100 
108 109 112 117 127 128 129 131 134 137 139 140 
144 148 150 154 156 157 158 160 168 171 172 177 
179 182 184 185 186 187 197 200 203 209 210 213 
214 215 219 225 227 232 233 234 244 246 247 253 
257 259 260 262 263 264 267 271 276 277 283 285 
287 289 290 291 297 298 299 303 304 305 307 308 
310 311 313 315 316 320 328 330 331 334 342 346 
349 353 355 359 362 365 367 368 369 374 375 380 
386 392 
121
3 4 8 11 16 17 19 20 22 23 25 27 
42 43 46 48 58 59 60 63 71 72 75 81 
85 86 87 90 103 104 106 110 115 117 118 119 
120 124 125 128 129 140 145 146 148 150 151 156 
158 162 165 166 173 176 179 181 190 191 197 198 
202 206 208 214 215 216 223 224 227 229 230 235 
238 240 243 244 247 251 252 253 258 260 262 271 
273 274 279 282 284 287 290 292 293 294 302 304 
305 307 313 322 325 326 327 328 330 333 335 342 
348 351 354 359 363 365 369 376 378 386 390 396 
397 
126
1 4 5 7 9 10 11 14 16 26 28 30 
34 37 47 50 56 66 75 81 85 86 90 92 
94 97 99 101 107 111 114 115 118 124 126 128 
130 133 141 144 155 156 157 158 159 163 166 170 
171 175 176 177 180 181 186 189 191 197 199 202 
203 205 207 211 215 219 220 230 233 240 241 242 
248 249 250 251 252 253 254 257 259 264 285 287 
293 296 304 305 306 307 312 313 314 320 322 327 
328 329 332 337 338 339 341 349 350 352 358 359 
361 363 364 365 367 370 372 373 375 379 381 386 
388 393 394 397 398 400 
117
1 3 5 11 15 17 21 22 29 30 33 39 
40 42 45 51 52 53 59 60 61 66 70 75 
85 86 87 89 90 96 97 99 102 111 115 116 
118 119 125 129 143 145 146 147 148 155 162 163 
169 172 173 182 186 190 191 192 194 197 198 201 
207 211 215 216 217 219 224 226 227 240 246 249 
250 254 258 260 261 270 272 273 275 280 285 288 
291 292 295 297 298 300 301 312 316 320 322 323 
324 325 330 331 334 336 338 346 352 358 359 362 
371 372 375 377 380 384 386 391 392 
123
2 8 10 11 15 16 18 19 22 23 26 33 
34 35 38 39 41 42 45 46 53 62 64 65 
69 70 71 72 73 74 76 77 84 86 95 97 
98 100 101 107 112 113 114 120 127 132 133 134 
136 137 138 140 143 146 147 152 154 155 156 160 
161 172 173 178 180 186 204 206 210 211 217 224 
225 228 231 239 260 268 272 275 276 278 286 290 
292 297 302 304 308 311 312 317 321 328 329 330 
331 332 336 338 340 344 346 347 348 352 353 355 
365 366 367 368 370 374 379 381 382 384 386 387 
391 397 399 
120
3 10 11 13 14 16 27 29 32 37 38 39 
43 45 47 50 56 57 58 73 75 78 79 88 
95 96 97 104 105 114 115 116 122 125 129 133 
135 138 140 143 147 148 151 153 155 157 158 161 
163 176 178 182 183 185 191 194 197 200 201 202 
206 209 211 212 217 218 222 223 227 230 231 232 
233 238 239 240 246 248 249 250 253 257 258 260 
262 268 269 273 276 277 290 294 296 299 307 313 
317 318 319 327 328 331 333 336 343 344 346 347 
353 357 360 364 370 373 378 381 386 387 394 397 
132
2 3 12 21 22 23 28 33 35 41 45 51 
52 53 65 68 70 71 73 74 79 81 87 88 
90 92 97 99 102 103 108 112 114 115 124 125 
126 128 129 133 135 138 139 140 142 148 151 155 
156 157 158 166 168 173 179 180 181 182 183 188 
191 195 201 204 206 210 211 215 219 223 224 226 
227 229 237 238 239 240 244 247 250 251 253 255 
256 257 259 261 265 269 273 274 280 283 285 286 
288 289 292 293 295 297 299 302 305 307 308 312 
317 318 321 324 329 331 339 348 351 355 356 357 
360 364 373 379 382 386 388 390 392 397 399 400 
117
2 3 5 7 8 13 17 23 24 25 39 40 
45 47 48 52 55 56 57 59 61 62 65 67 
77 79 83 84 89 91 92 94 112 117 121 125 
131 134 136 139 140 141 153 159 163 166 171 177 
178 180 186 187 193 195 197 198 204 207 210 212 
219 221 224 226 229 236 237 242 247 250 252 257 
259 266 268 275 276 281 284 287 290 296 298 302 
307 314 319 320 321 323 325 327 332 333 334 338 
342 343 347 349 352 354 359 366 367 370 378 379 
382 384 386 388 391 393 394 395 397 
113
3 7 16 17 19 21 25 30 32 33 34 37 
38 42 44 46 52 54 56 59 67 70 73 75 
77 84 85 86 87 88 94 97 106 116 122 125 
130 133 135 145 152 153 156 162 168 170 171 176 
177 179 186 190 192 193 198 199 205 207 216 219 
221 226 229 231 233 239 241 247 253 256 268 272 
276 278 280 281 283 284 285 287 290 296 297 298 
299 301 308 309 310 316 318 319 321 328 330 331 
333 335 339 341 348 349 355 358 360 371 373 375 
384 390 397 398 399 
116
2 17 18 26 27 29 31 34 36 37 51 55 
58 59 62 66 72 73 79 82 85 89 91 93 
94 97 100 102 109 114 115 116 121 122 123 128 
129 133 138 144 145 149 155 160 187 189 196 199 
201 203 207 216 218 221 222 225 233 234 237 243 
245 247 248 252 253 254 255 257 260 264 271 273 
274 276 278 279 280 289 290 292 293 296 303 304 
310 319 327 328 331 332 334 336 337 338 340 342 
343 348 349 355 358 359 360 361 363 365 366 368 
369 374 382 384 392 395 396 397 
134
4 8 9 16 24 29 32 34 37 39 41 44 
46 51 54 61 62 66 68 73 74 75 76 77 
80 81 83 85 92 93 94 95 96 97 101 105 
108 113 115 116 118 120 122 125 126 129 132 134 
137 141 143 151 152 154 157 158 161 167 171 173 
174 178 179 180 183 184 186 189 190 196 203 211 
212 215 217 218 220 223 225 227 229 230 232 238 
242 243 244 249 260 262 263 265 266 270 271 272 
276 278 279 281 283 291 299 301 302 310 313 316 
322 323 325 327 331 335 339 341 344 347 348 349 
352 354 358 362 374 375 376 379 385 387 389 393 
399 400 
107
5 6 16 19 23 25 34 41 42 43 45 46 
52 62 68 76 85 89 90 93 94 95 97 108 
112 113 114 118 122 124 125 129 139 143 144 148 
154 157 161 163 166 168 169 173 174 178 182 183 
185 187 189 200 204 208 210 213 214 215 218 232 
240 248 251 257 258 260 261 266 270 273 276 278 
279 280 282 293 297 298 300 305 307 308 324 327 
331 334 336 341 349 350 353 355 356 357 358 359 
371 372 374 376 380 381 382 383 390 391 393 
119
3 5 11 12 13 14 17 20 22 25 26 29 
30 33 35 38 44 45 49 53 63 64 70 80 
82 93 94 96 103 104 105 107 113 117 118 119 
120 121 122 123 125 127 133 139 144 150 155 156 
160 167 169 171 173 174 178 179 192 198 199 201 
206 211 214 216 217 218 220 226 229 235 244 249 
255 259 260 261 262 263 268 273 277 278 280 284 
287 288 289 291 293 294 295 304 309 311 312 317 
327 337 338 339 342 346 348 351 353 356 357 359 
362 363 368 375 379 380 383 384 394 396 397 
129
15 16 18 19 21 22 24 28 29 31 34 36 
43 48 50 51 53 57 58 60 61 62 69 77 
78 81 82 84 87 90 92 93 94 95 96 100 
102 106 109 111 113 114 115 121 122 124 128 130 
133 136 138 140 141 152 153 155 158 161 167 178 
180 181 182 183 185 189 192 197 199 200 202 203 
207 209 210 212 213 219 222 223 229 241 242 246 
253 255 257 258 259 262 270 272 277 280 281 282 
284 289 291 296 299 305 312 315 322 324 326 330 
334 336 340 344 345 346 349 355 356 357 359 361 
367 377 379 380 385 391 392 393 396 
124
4 6 8 12 19 24 27 29 31 33 34 40 
44 46 50 55 59 66 67 68 70 74 75 77 
82 83 92 93 95 110 113 117 118 121 122 123 
126 127 128 129 131 140 141 144 145 146 147 151 
152 153 154 156 164 165 169 170 171 174 177 184 
189 196 207 210 212 214 217 229 233 235 236 238 
240 241 246 252 257 260 270 276 277 278 281 282 
287 288 290 291 301 302 307 309 311 313 317 318 
322 333 341 346 348 349 351 354 357 358 360 363 
366 370 372 373 374 376 378 380 386 388 389 392 
396 397 398 400 
117
2 3 8 15 21 23 27 29 36 37 38 40 
42 44 47 48 49 53 58 59 62 63 71 76 
91 98 100 104 105 107 111 113 116 117 118 123 
127 129 132 136 142 144 146 148 150 154 155 156 
160 169 171 176 180 182 184 187 188 190 194 196 
202 203 208 210 213 218 225 226 230 236 237 239 
241 244 246 251 254 258 261 262 263 268 269 272 
277 279 285 288 297 300 302 303 310 311 318 322 
324 327 328 329 331 334 336 342 343 344 345 349 
353 355 356 368 369 375 383 389 400 
120
2 6 9 10 16 17 18 19 20 23 24 29 
33 40 45 52 54 57 59 61 62 67 68 71 
77 85 87 96 100 110 114 115 120 131 133 137 
141 145 147 148 152 155 156 168 169 170 180 184 
189 193 195 196 202 203 205 206 207 208 215 227 
231 233 234 235 236 237 239 245 246 248 254 262 
265 270 271 272 277 278 281 283 292 294 298 300 
305 307 310 311 314 317 318 319 321 324 325 326 
328 330 334 335 338 340 341 345 347 348 351 356 
357 369 370 372 373 374 375 386 390 392 394 397 
96
6 9 15 17 18 24 30 33 34 36 46 53 
56 63 72 77 80 94 100 113 116 117 118 123 
124 125 129 130 138 141 147 148 151 155 169 170 
172 176 177 179 182 183 186 189 193 198 200 201 
210 212 222 227 229 231 234 238 240 242 246 248 
253 257 259 265 266 271 283 285 287 288 289 293 
295 296 301 303 306 307 309 310 316 322 325 329 
332 335 336 344 358 361 362 378 381 386 389 391 
120
8 9 16 17 19 20 22 28 31 39 41 43 
51 56 59 60 63 65 68 69 70 72 73 77 
78 84 100 103 104 119 122 125 130 140 141 142 
143 155 158 159 165 168 170 172 173 176 177 180 
183 184 188 193 194 198 199 204 207 208 221 225 
230 231 233 240 241 244 246 256 257 260 268 269 
273 278 283 287 289 290 291 292 294 296 299 300 
303 305 308 311 314 321 324 329 330 333 336 339 
340 341 346 348 350 356 358 363 365 366 368 370 
375 376 377 381 382 384 385 386 387 391 395 397 
118
3 4 5 6 10 12 18 24 25 29 31 34 
37 39 48 53 54 56 57 65 66 67 70 73 
75 77 85 94 98 99 104 105 107 109 111 112 
115 121 126 131 134 135 136 141 143 151 154 157 
159 163 170 171 172 176 185 186 194 199 203 206 
207 212 213 215 218 220 224 225 226 227 229 230 
233 234 240 242 243 244 245 248 249 253 258 261 
262 265 266 267 272 281 282 285 286 288 290 297 
303 305 309 310 319 322 325 326 330 333 343 345 
359 364 367 372 374 381 383 387 398 400 
119
11 21 24 25 26 29 31 32 35 36 37 38 
42 44 49 51 54 56 61 69 74 75 81 84 
94 96 99 100 103 104 109 118 121 122 123 126 
128 131 132 138 140 142 148 149 157 159 172 175 
176 185 189 197 198 202 205 206 210 214 216 218 
220 221 226 229 234 242 247 248 251 252 254 258 
259 260 261 264 266 269 270 272 276 284 285 288 
292 293 294 297 301 308 310 314 315 320 321 322 
325 337 338 339 342 345 349 351 354 355 357 362 
364 366 368 371 378 383 388 392 393 395 400 
118
5 7 10 12 20 23 25 30 36 37 39 40 
41 47 48 52 55 57 58 65 66 67 69 70 
71 76 84 86 87 99 100 106 107 108 109 113 
115 120 122 124 125 129 133 137 140 141 144 150 
151 156 158 159 162 170 171 182 190 195 198 204 
212 213 218 220 221 223 225 226 227 233 238 239 
242 243 248 250 251 253 254 257 263 264 268 270 
273 281 290 292 295 296 303 308 309 313 319 326 
331 338 344 348 350 353 356 357 358 359 364 366 
367 370 372 378 381 383 385 392 396 397 
118
7 12 18 20 25 27 28 29 32 34 35 36 
37 42 49 51 57 58 65 67 69 71 73 74 
78 81 84 85 89 91 98 100 105 112 116 117 
119 129 134 135 137 143 144 145 150 152 154 155 
161 167 168 170 171 178 184 185 186 188 189 190 
191 192 193 199 201 203 212 217 219 220 227 228 
233 237 238 239 240 245 246 249 261 262 266 268 
269 272 274 276 279 287 288 289 294 295 296 300 
302 306 315 317 324 325 330 334 338 339 345 347 
354 356 369 371 374 379 388 390 392 398 
127
1 4 5 9 17 18 21 30 32 33 34 36 
40 45 46 53 62 63 64 67 68 72 75 77 
82 88 93 94 98 101 103 107 109 111 121 130 
133 136 140 147 149 153 154 157 162 164 166 167 
169 174 177 189 200 208 210 217 218 220 221 223 
226 229 231 234 237 238 242 243 247 248 249 251 
252 253 255 256 257 259 260 266 269 270 271 273 
275 276 277 281 283 287 288 289 290 294 297 298 
299 302 303 308 312 314 315 319 322 323 324 325 
329 336 337 340 341 344 346 348 352 353 364 366 
367 376 382 388 391 397 399 
115
6 9 10 11 13 26 28 29 38 45 47 52 
53 57 59 63 65 70 87 88 92 94 95 97 
98 99 100 101 102 115 117 119 121 125 127 129 
130 134 144 152 153 154 155 156 164 166 167 174 
176 178 181 184 189 192 200 204 207 213 214 220 
221 225 229 234 240 248 252 256 257 258 259 261 
264 266 267 272 273 274 275 277 280 283 285 287 
288 298 299 301 304 306 307 308 309 315 321 323 
326 337 339 346 350 351 353 356 364 374 375 376 
386 392 394 395 396 397 400 
118
2 8 9 12 13 19 20 26 28 33 36 39 
41 44 54 62 71 74 84 86 87 91 95 96 
99 103 104 108 110 111 112 113 114 115 117 118 
119 126 128 133 135 144 145 147 148 149 155 159 
162 169 172 178 179 180 183 184 187 191 195 201 
202 203 209 212 216 218 219 222 226 228 230 233 
235 238 242 246 252 253 256 259 260 261 266 268 
273 282 291 295 303 304 305 316 317 318 321 322 
325 331 332 336 337 339 340 342 346 350 362 366 
369 370 374 381 382 383 387 389 395 397 
126
11 20 22 23 26 29 34 35 36 40 41 44 
45 47 49 52 54 58 61 63 65 67 69 73 
75 78 84 93 100 101 105 113 117 119 125 128 
132 133 136 139 141 144 149 150 151 153 158 161 
163 164 169 172 179 181 184 185 186 188 190 191 
195 199 207 210 211 216 217 222 223 228 230 232 
233 234 236 239 242 246 254 257 262 263 264 266 
267 268 276 278 281 287 290 299 303 314 316 319 
324 328 329 331 334 338 339 340 348 351 353 354 
355 359 361 362 364 371 372 375 376 381 384 386 
390 391 394 397 398 399 
136
4 7 8 14 15 16 17 19 21 23 26 29 
30 33 35 36 38 39 45 50 54 58 69 70 
72 78 83 84 90 99 100 101 103 105 110 111 
116 117 121 122 125 132 133 134 136 142 144 145 
147 148 149 155 156 160 162 163 170 172 173 175 
180 185 189 190 192 193 197 202 211 213 223 224 
229 232 245 246 247 248 254 255 256 264 266 269 
270 273 278 281 282 285 286 288 289 294 298 300 
301 303 305 308 311 317 320 323 327 328 329 331 
333 337 343 345 346 348 352 353 355 356 359 360 
361 363 367 369 370 371 373 377 378 379 381 385 
389 392 397 398 
124
1 2 4 5 6 11 19 23 29 30 32 35 
40 43 45 48 52 56 57 62 63 69 77 78 
80 82 85 90 97 98 100 103 106 118 119 124 
129 135 136 141 145 155 159 162 163 168 171 178 
180 190 193 194 196 201 203 204 208 213 214 216 
217 218 220 224 226 233 234 235 236 237 239 243 
244 246 247 248 252 260 262 268 269 271 272 273 
275 276 277 278 285 295 297 299 302 303 309 310 
313 314 316 318 321 324 325 328 339 343 347 348 
350 355 358 361 363 365 375 379 383 384 387 388 
393 395 398 399 
110
2 8 9 14 15 16 17 18 21 23 24 26 
27 32 35 38 39 40 42 51 52 57 63 67 
70 72 73 76 81 83 84 85 91 92 94 100 
104 105 108 119 120 122 124 125 130 131 133 134 
137 144 147 149 157 165 167 173 174 175 181 186 
188 195 203 204 208 209 212 213 216 221 222 226 
238 242 245 250 251 253 261 269 273 275 278 285 
286 292 302 309 310 311 313 318 320 326 332 337 
338 340 347 349 358 363 371 373 374 379 380 382 
383 400 
122
2 8 9 10 15 16 17 20 21 26 28 29 
35 37 38 44 49 51 53 62 64 65 66 67 
69 70 71 73 78 82 86 88 100 103 110 111 
120 122 125 126 129 141 148 153 154 160 161 166 
170 175 176 177 182 187 189 195 200 201 208 209 
212 213 220 222 227 230 231 232 233 234 237 239 
240 242 243 245 247 252 257 258 264 266 267 277 
278 280 282 286 291 294 300 301 305 312 318 320 
321 325 327 334 336 340 345 351 352 355 357 360 
361 365 368 371 372 373 381 383 384 387 388 391 
392 395 
131
3 4 9 10 13 14 15 24 27 31 33 37 
40 44 45 48 50 51 54 55 56 58 61 63 
64 66 71 72 79 90 95 102 103 107 109 110 
111 113 114 115 116 123 126 127 128 129 130 132 
133 138 140 144 149 151 152 154 166 167 173 176 
179 180 182 183 185 191 196 197 199 201 202 205 
208 211 212 213 219 220 222 224 227 228 232 240 
242 243 247 253 255 260 262 263 264 268 270 272 
273 274 275 276 277 281 283 284 289 291 294 300 
302 304 305 307 308 315 318 322 323 324 327 340 
343 356 358 376 377 380 382 388 390 391 394 
107
6 8 10 11 12 13 14 24 25 32 39 46 
48 66 70 71 73 77 90 91 92 95 96 97 
99 100 103 105 111 112 114 118 123 125 126 134 
135 136 139 141 143 145 146 148 151 153 158 159 
161 162 163 164 166 168 176 183 186 189 191 192 
199 204 216 217 219 225 227 232 238 239 240 245 
250 254 265 266 267 271 282 283 296 297 306 307 
312 320 323 324 330 341 346 350 352 355 356 357 
360 364 367 377 379 382 383 386 391 393 397 
116
1 3 4 5 8 11 19 24 26 28 30 43 
44 45 47 57 60 72 73 85 90 93 95 97 
101 102 103 106 120 123 132 133 140 141 142 143 
146 148 155 156 157 162 166 168 169 175 177 180 
182 184 186 189 190 193 196 197 203 210 213 214 
215 216 227 228 230 232 241 246 254 255 258 259 
262 267 273 275 277 279 280 284 285 293 302 303 
306 307 308 313 318 321 326 327 328 331 333 335 
337 340 342 345 346 350 355 357 360 371 373 375 
376 378 379 383 387 391 396 397 
109
5 22 24 26 31 33 47 55 56 58 62 69 
70 73 77 79 85 86 93 94 97 98 105 112 
114 115 119 120 125 128 131 133 134 137 139 148 
156 158 166 168 171 174 178 179 180 182 184 185 
200 203 210 211 212 213 215 216 218 219 223 236 
239 242 245 248 249 257 258 264 266 275 278 281 
282 283 284 286 287 289 291 292 296 297 302 303 
304 306 316 317 320 322 324 326 327 329 337 342 
343 347 353 357 362 365 366 367 375 380 389 393 
397 
115
3 4 7 8 9 12 14 20 21 22 25 36 
38 40 42 43 44 45 50 54 61 67 70 76 
83 87 88 94 95 98 108 120 121 122 124 125 
133 136 140 152 154 156 160 164 165 168 169 178 
182 194 197 198 199 203 208 214 218 219 225 228 
231 233 236 238 239 243 249 251 253 259 261 263 
264 267 269 274 276 278 284 288 290 292 293 295 
297 302 305 307 312 314 315 319 328 332 334 335 
336 337 338 341 344 351 354 360 361 362 367 368 
370 379 382 384 386 390 400 
111
6 7 8 15 16 17 26 27 30 31 32 33 
37 41 43 51 54 55 58 63 65 69 75 83 
95 99 103 107 110 112 118 119 120 125 126 131 
135 140 141 142 149 152 153 154 155 158 164 169 
172 178 185 198 207 208 209 211 215 224 225 227 
228 238 242 246 247 257 259 260 264 266 272 273 
276 279 282 284 286 288 293 296 297 298 299 306 
307 308 310 311 314 316 322 326 333 334 335 340 
356 359 361 364 366 369 373 375 376 378 381 382 
385 392 396 
124
2 14 15 16 18 20 21 26 30 34 36 37 
41 46 49 50 54 55 57 63 66 68 70 74 
80 84 88 103 104 109 112 114 119 123 124 127 
129 132 135 136 140 145 148 149 153 155 169 170 
171 180 181 183 184 185 186 187 188 189 192 193 
195 196 200 204 207 208 215 219 220 222 223 226 
230 231 233 237 239 244 245 246 249 250 251 252 
254 256 261 265 266 270 272 274 280 282 283 284 
287 293 294 298 299 300 301 304 322 335 338 344 
350 359 365 371 372 374 383 385 386 389 390 391 
396 397 399 400 
121
2 5 7 12 13 15 23 24 25 33 34 36 
40 41 43 52 53 58 62 66 68 73 74 81 
82 84 85 89 99 104 108 113 114 119 121 129 
130 131 138 141 147 150 152 155 158 160 162 169 
171 172 178 182 188 190 197 198 201 204 207 210 
211 212 214 217 219 220 221 226 227 229 230 234 
235 237 238 240 241 244 248 249 251 259 260 262 
263 266 268 270 271 275 276 277 284 287 291 296 
298 300 313 316 319 323 325 343 347 352 355 356 
359 360 365 368 371 384 385 387 388 389 390 394 
398 
124
1 5 7 10 12 14 19 20 22 25 27 30 
34 37 39 41 42 49 55 63 66 75 80 85 
86 87 91 98 102 105 107 109 115 119 122 125 
126 128 129 132 135 137 141 147 150 160 163 165 
166 170 174 178 179 183 185 193 194 196 200 203 
206 208 227 228 230 232 234 240 241 242 245 248 
249 252 253 256 257 260 261 262 265 269 273 274 
275 281 285 288 289 290 292 293 295 300 310 311 
317 318 319 323 325 328 336 341 345 346 348 353 
364 366 367 372 377 378 380 381 382 383 385 392 
393 394 395 398 
122
9 14 15 24 26 30 32 33 34 37 38 39 
41 45 46 48 49 50 51 53 58 62 63 67 
68 72 76 79 82 85 87 90 92 93 95 99 
100 101 104 105 107 116 118 120 123 127 132 133 
134 139 141 144 155 156 157 159 160 162 164 167 
180 181 182 187 193 199 201 206 210 220 226 227 
230 231 236 237 239 241 250 256 258 260 261 264 
267 269 270 272 273 277 278 280 282 288 293 294 
297 298 299 304 311 312 315 316 321 325 329 334 
335 340 352 356 357 366 367 370 376 378 384 387 
388 393 
109
1 2 9 11 29 30 32 34 41 42 45 47 
49 50 52 54 68 69 70 73 75 78 80 84 
87 91 95 106 107 109 110 116 121 125 128 135 
140 145 149 150 155 158 163 166 167 172 175 183 
193 198 199 209 211 214 216 217 219 220 224 226 
229 230 235 238 239 244 245 247 254 255 268 271 
273 276 277 281 286 287 292 294 296 300 304 305 
310 312 320 325 327 330 333 335 336 344 345 349 
355 356 367 370 372 377 380 384 387 389 390 393 
394 
126
2 3 4 6 9 10 11 12 18 19 23 25 
26 29 30 41 43 52 54 62 64 65 67 69 
74 75 76 77 78 79 80 82 83 84 85 86 
91 95 98 100 102 105 107 109 113 117 119 120 
121 124 125 129 142 149 151 163 170 175 176 178 
180 181 182 183 187 188 191 196 199 200 204 208 
210 213 219 224 226 227 231 234 235 238 240 245 
247 248 249 255 278 284 286 287 288 289 290 292 
303 309 312 325 328 330 336 342 347 349 350 356 
357 358 362 363 365 368 371 374 375 376 378 381 
384 389 393 394 399 400 
114
6 8 10 13 14 15 22 24 25 28 29 31 
33 35 40 41 43 44 51 58 59 64 65 73 
78 87 100 105 106 107 110 114 119 127 129 130 
131 133 143 147 151 155 169 177 185 186 187 188 
197 199 204 209 212 213 222 223 227 229 234 235 
246 247 249 252 256 258 259 261 262 266 269 271 
275 277 279 283 284 285 287 295 300 301 304 305 
306 308 310 322 325 326 328 331 333 335 338 342 
343 346 347 348 352 353 357 358 359 365 374 377 
379 381 385 387 389 393 
116
2 9 13 23 30 31 33 35 36 37 38 42 
44 46 47 53 58 61 66 70 83 86 90 103 
106 108 111 115 116 119 122 125 130 132 146 147 
153 155 156 161 170 172 175 183 187 191 195 197 
199 200 210 213 216 217 218 220 223 228 231 235 
239 242 243 244 246 247 258 260 261 264 267 270 
271 275 277 281 289 290 293 295 298 299 305 306 
313 314 321 323 334 338 339 340 343 344 345 348 
351 354 355 356 362 371 372 375 376 379 380 386 
387 388 390 391 393 395 396 400 
124
3 4 8 12 13 15 16 20 21 23 33 37 
42 43 47 50 52 53 58 60 68 71 73 75 
76 81 83 86 92 97 100 101 110 111 119 123 
124 127 131 132 133 137 140 143 146 151 155 159 
171 173 174 179 182 184 190 191 193 195 196 197 
198 199 200 201 203 208 211 214 221 225 226 230 
233 234 235 239 240 241 242 243 246 251 252 253 
255 257 258 259 261 262 267 279 283 284 293 301 
308 311 313 318 323 326 327 329 332 333 337 339 
343 344 352 360 363 370 380 381 383 384 387 388 
389 390 392 398 
109
11 13 15 18 22 24 27 31 33 34 37 38 
42 43 46 48 59 60 61 65 66 68 69 71 
74 80 84 86 91 94 96 98 102 106 111 114 
115 116 117 119 122 134 136 138 146 147 149 154 
161 167 168 181 188 194 199 203 204 209 217 223 
231 237 238 239 243 246 248 253 257 268 270 272 
273 277 279 284 286 287 288 290 293 298 303 307 
313 317 320 322 323 329 336 337 343 345 355 356 
364 365 368 371 373 376 381 382 383 389 390 395 
400 
131
1 6 7 13 18 19 20 26 27 35 36 40 
41 45 47 52 56 63 66 72 73 81 84 89 
90 91 100 101 102 107 108 110 115 116 118 120 
123 126 129 130 133 138 139 144 152 153 154 158 
164 169 175 176 179 180 185 190 192 197 198 200 
204 205 208 210 211 216 218 221 223 224 231 234 
236 239 244 245 249 257 261 264 266 268 270 273 
274 275 276 278 280 281 289 290 292 294 295 297 
298 302 303 311 312 318 323 324 327 328 329 330 
331 335 338 341 342 343 345 346 349 356 357 359 
363 367 369 374 378 379 382 387 388 393 397 
132
2 6 8 12 15 16 17 19 23 25 26 29 
31 34 35 43 45 46 51 52 53 62 65 69 
71 73 75 84 89 90 93 101 107 108 109 110 
113 120 126 128 129 130 136 141 142 144 145 147 
150 153 154 156 160 162 163 164 166 168 169 170 
173 180 181 183 186 194 199 200 205 208 212 214 
215 217 222 234 239 241 242 244 246 247 248 252 
254 258 262 263 267 269 270 274 277 283 288 289 
290 293 294 298 299 300 302 305 310 314 323 325 
327 333 334 336 337 342 350 352 357 362 363 364 
372 376 378 380 385 386 389 390 391 392 394 395 
111
3 8 13 20 21 22 23 26 34 35 37 40 
41 44 46 62 63 70 71 74 88 92 93 96 
98 114 117 123 124 130 132 133 138 143 145 152 
155 160 161 162 164 168 173 183 187 191 193 195 
197 203 204 212 214 215 216 217 222 223 225 227 
229 230 234 247 249 251 252 253 260 261 262 266 
268 271 273 278 281 284 286 287 291 292 299 300 
308 313 314 323 324 326 328 329 330 337 339 342 
344 348 350 360 362 365 371 375 376 377 383 384 
387 389 390 
132
3 5 7 10 15 17 20 22 23 24 25 26 
32 34 42 43 44 50 56 57 61 63 73 77 
80 82 84 87 96 98 100 101 105 107 111 112 
113 124 128 129 134 136 137 139 141 147 148 153 
156 159 160 161 166 169 174 177 178 181 182 183 
184 185 186 187 191 192 193 198 206 211 212 216 
222 225 228 235 243 247 251 254 259 260 261 263 
264 265 269 270 271 274 275 283 286 291 295 309 
317 320 330 333 334 337 339 340 342 344 347 349 
352 355 357 358 359 360 363 370 371 372 373 374 
375 381 382 383 384 386 388 389 391 393 395 396 
130
1 3 4 6 14 21 24 28 41 45 46 50 
53 56 58 59 61 63 65 68 73 76 82 83 
84 93 97 101 102 103 105 110 112 115 116 120 
121 122 123 126 127 129 131 134 137 139 141 147 
148 153 155 156 157 169 170 174 175 178 180 186 
192 196 204 205 210 220 221 222 225 229 232 234 
239 243 246 247 249 250 251 253 255 258 263 265 
270 272 274 275 278 285 289 290 293 295 296 297 
301 303 304 307 319 328 329 330 331 333 334 340 
345 350 353 354 355 360 361 362 363 364 365 372 
373 374 378 380 382 390 391 392 393 397 
111
1 8 12 13 14 17 19 22 23 24 31 41 
42 45 48 55 60 67 68 69 78 83 91 92 
95 98 99 106 112 114 122 124 125 135 137 138 
145 147 149 154 163 168 172 185 186 187 191 194 
196 204 205 216 217 221 224 230 237 239 243 246 
251 252 257 258 261 262 263 264 265 267 276 278 
283 284 285 290 297 302 305 310 312 313 315 330 
335 336 340 342 348 351 352 354 358 361 362 363 
367 370 371 372 373 374 375 377 380 389 391 393 
394 396 400 
131
3 4 12 15 18 19 22 24 28 30 32 36 
40 44 48 51 59 60 62 63 67 70 78 80 
81 84 86 87 91 92 94 97 105 107 113 117 
120 121 126 131 133 134 135 136 140 141 142 146 
148 150 151 152 154 156 161 167 168 169 171 174 
176 177 178 182 184 190 193 203 204 206 211 214 
216 218 220 221 223 224 230 231 234 243 244 247 
249 250 252 259 260 261 263 265 270 272 276 283 
284 294 297 298 304 307 308 309 310 325 326 327 
336 341 343 345 346 347 349 350 355 357 358 364 
365 366 374 376 378 383 387 388 395 397 399 
117
2 7 12 16 17 18 21 23 29 31 33 36 
39 43 48 51 53 58 59 60 62 64 73 75 
81 89 92 96 99 100 102 109 113 115 116 119 
120 133 134 135 137 141 144 146 150 151 153 157 
163 164 168 174 178 179 181 184 193 194 196 207 
208 212 217 218 219 220 221 223 227 229 231 232 
236 238 241 253 257 259 264 267 270 272 277 278 
281 284 286 291 296 302 307 312 315 316 319 325 
333 339 347 348 350 353 354 356 357 359 362 363 
364 365 371 376 382 386 394 395 397 
120
7 13 15 16 19 25 28 32 34 37 38 40 
41 43 50 53 57 59 61 64 67 70 81 86 
87 90 94 97 105 110 111 113 114 116 120 124 
134 137 139 142 143 144 147 156 160 161 166 174 
179 182 184 185 188 194 195 196 197 201 207 208 
210 212 214 215 218 221 225 227 230 235 236 241 
243 245 246 248 255 260 263 265 268 272 273 274 
277 279 291 293 302 303 304 305 311 316 319 320 
322 326 328 329 330 341 349 351 356 357 364 367 
374 375 378 380 381 384 386 389 390 397 398 399 
118
2 3 4 9 12 15 26 32 33 56 57 58 
59 61 62 66 73 75 77 80 85 88 92 97 
98 100 105 114 115 118 122 123 129 140 142 144 
146 153 154 157 158 159 161 165 166 167 171 182 
183 185 186 189 193 194 195 196 199 202 203 204 
207 210 211 215 217 221 222 223 224 226 230 233 
238 241 242 243 245 247 248 249 252 255 257 265 
266 270 274 276 277 278 283 295 296 303 305 308 
309 312 313 317 318 321 323 334 346 349 350 352 
356 362 363 369 371 385 390 391 393 394 
123
1 2 4 9 10 18 22 23 25 26 29 30 
32 34 36 38 39 44 45 50 59 63 65 70 
71 77 79 85 87 92 96 97 101 102 103 104 
105 106 115 116 117 118 125 127 128 131 136 138 
139 141 150 153 155 157 159 164 171 174 180 181 
183 184 185 186 187 191 194 195 204 209 211 215 
216 217 224 230 239 241 243 248 251 255 256 257 
259 261 262 266 267 268 275 276 285 287 289 291 
295 304 307 318 321 323 325 332 333 336 344 347 
350 352 353 354 355 356 359 360 363 366 367 371 
373 387 398 
119
1 8 10 16 23 24 26 36 38 39 40 42 
46 52 55 57 61 66 68 73 75 76 83 96 
100 101 102 107 109 111 113 114 115 116 121 125 
127 128 129 133 135 138 140 141 142 146 147 150 
152 153 157 159 161 164 165 169 173 174 175 177 
180 182 184 193 197 199 201 203 204 213 216 217 
222 227 228 231 233 241 245 249 253 255 256 262 
264 273 276 278 283 289 295 298 307 310 312 315 
328 329 333 334 336 343 349 355 359 361 362 367 
372 373 374 378 380 387 391 394 396 397 400 
126
1 2 3 4 8 11 16 18 19 21 22 25 
26 31 33 34 35 37 38 41 42 49 50 52 
53 58 64 78 81 84 86 92 97 99 102 106 
108 110 111 112 123 124 129 131 133 134 140 144 
149 151 155 156 159 167 168 169 170 175 177 184 
187 190 192 209 211 214 216 217 220 221 224 226 
229 230 232 234 235 246 247 249 250 258 262 268 
273 274 278 279 281 282 283 286 287 289 291 294 
295 297 302 303 305 313 314 317 322 325 326 329 
330 334 342 344 345 351 355 364 369 376 378 379 
384 387 388 392 395 397 
126
6 9 19 25 26 27 37 39 41 45 46 48 
50 55 56 58 69 70 72 74 81 85 87 92 
94 100 105 107 115 118 120 122 124 137 140 141 
145 146 151 152 155 157 160 161 162 164 169 173 
174 176 177 178 184 188 190 192 193 194 195 196 
202 209 213 215 216 219 221 224 225 226 227 229 
230 235 236 241 244 245 249 252 254 259 261 263 
264 265 268 272 274 282 283 284 289 295 296 299 
300 315 316 318 329 330 335 337 340 342 344 345 
348 349 350 353 355 358 360 361 363 364 365 375 
376 387 388 389 391 393 
112
2 4 5 9 11 18 20 24 31 35 38 46 
47 49 52 56 57 60 62 63 69 73 79 88 
93 96 104 107 108 111 117 118 122 124 128 129 
131 132 133 134 138 146 150 160 161 165 169 170 
172 176 177 186 188 191 196 199 203 205 206 209 
213 215 217 220 223 229 231 232 233 238 256 257 
259 260 261 275 276 282 284 285 289 292 299 304 
305 310 311 313 321 322 323 327 331 339 341 343 
346 347 352 354 355 357 363 365 370 373 376 378 
383 387 393 397 
128
4 14 21 22 23 25 26 27 29 30 31 32 
33 36 41 42 43 52 55 56 58 62 65 67 
71 74 90 93 94 95 99 118 122 125 128 132 
133 134 138 139 143 147 153 154 156 161 167 169 
171 174 178 179 180 184 186 192 193 195 197 198 
199 200 201 204 207 209 211 213 215 216 217 219 
223 231 235 236 239 241 257 258 259 261 263 266 
269 272 273 274 278 281 285 291 293 298 299 301 
302 304 305 306 307 311 315 317 318 322 324 327 
329 330 332 338 341 344 345 346 348 350 358 364 
365 370 374 380 384 390 394 400 
127
1 3 8 10 12 17 18 28 30 31 38 40 
41 44 45 47 49 51 55 58 59 60 62 63 
64 67 68 69 72 74 83 84 87 93 98 100 
104 114 115 119 120 121 124 129 131 132 140 146 
147 148 153 155 157 164 165 169 175 176 177 178 
179 180 181 185 189 191 194 196 197 202 206 208 
210 215 220 222 226 228 231 233 235 243 245 248 
251 252 255 256 258 259 271 273 278 280 282 284 
288 291 294 299 301 304 305 306 310 315 327 329 
334 338 341 343 345 348 356 358 375 379 380 381 
382 384 388 393 395 399 400 
114
2 7 11 16 20 27 29 33 34 37 41 45 
46 47 48 49 60 75 80 84 85 89 95 99 
101 103 106 108 112 114 115 120 122 124 130 138 
139 145 147 151 153 160 166 171 172 177 178 180 
182 191 194 200 203 205 210 212 214 218 219 220 
221 223 228 231 232 235 239 241 248 251 256 260 
268 270 271 273 277 291 300 301 306 315 319 322 
323 324 330 333 334 340 341 343 353 356 358 363 
364 365 370 371 374 375 376 377 379 380 386 388 
391 392 395 398 399 400 
124
1 16 24 28 29 30 36 37 41 42 44 46 
47 50 54 61 62 64 69 71 78 80 88 91 
95 97 101 102 105 116 118 121 122 123 124 126 
127 130 132 134 136 139 140 142 143 147 155 156 
162 167 174 179 181 184 185 187 193 194 196 197 
198 202 207 208 209 211 214 215 217 221 222 224 
226 227 230 233 236 237 240 249 250 252 255 261 
270 271 276 281 284 289 291 301 303 309 311 316 
319 320 323 327 329 330 331 332 346 349 350 354 
357 362 365 366 367 369 372 375 376 377 379 385 
389 393 394 395 
138
2 3 10 11 15 17 25 26 30 31 32 34 
35 39 41 42 48 49 50 57 59 62 72 74 
81 83 87 94 97 98 99 102 103 104 106 107 
109 111 112 119 120 122 124 126 130 131 132 135 
136 139 143 144 146 150 151 153 154 156 158 159 
168 170 173 179 180 182 184 186 187 195 196 197 
198 199 200 203 208 217 218 219 224 229 232 234 
236 239 240 242 243 254 256 259 260 264 270 273 
276 280 281 286 287 288 290 291 292 293 294 296 
298 300 308 312 314 316 321 323 331 333 335 338 
346 351 358 360 361 367 369 372 373 375 381 382 
383 391 393 394 397 400 
121
1 11 14 17 25 29 33 36 39 40 42 45 
53 66 70 71 74 79 83 88 91 93 97 108 
110 113 119 127 129 136 137 138 140 142 144 147 
148 157 160 169 171 174 175 178 179 187 188 191 
192 196 201 202 204 206 208 211 212 213 216 222 
224 226 228 234 237 239 248 249 253 257 258 266 
268 269 272 273 277 278 279 285 287 290 294 298 
302 303 305 307 308 310 313 316 317 319 321 333 
334 335 336 339 343 348 350 352 353 355 357 359 
361 365 370 371 372 375 377 383 388 391 392 399 
400 
138
2 5 6 7 15 16 17 19 26 29 31 33 
39 41 43 46 47 50 51 54 59 62 63 64 
69 71 76 78 79 81 83 85 88 90 91 92 
93 99 102 105 106 108 113 118 120 122 126 127 
132 134 136 137 138 141 143 144 146 152 155 161 
163 165 172 178 180 182 184 185 186 191 192 193 
194 195 198 205 207 210 214 217 220 224 230 240 
244 248 250 253 257 258 260 265 272 279 282 284 
287 289 290 291 292 294 301 302 305 307 309 311 
313 316 318 331 334 339 346 349 350 351 353 356 
358 359 361 363 364 370 371 372 373 376 378 379 
381 382 387 393 397 398 
110
2 15 20 23 24 26 27 48 50 53 54 62 
63 67 68 74 75 81 84 92 95 100 101 105 
107 118 126 127 128 129 132 135 142 143 146 153 
162 169 170 171 174 175 183 184 186 187 190 196 
199 200 202 205 208 211 214 217 218 223 227 233 
234 235 236 239 242 252 253 254 255 257 259 261 
264 265 269 271 273 278 281 288 290 293 298 301 
321 326 330 331 334 336 337 339 340 354 355 359 
360 363 364 369 374 375 376 379 384 387 391 392 
394 400 
122
3 4 5 8 11 13 14 15 16 17 18 30 
31 32 33 38 45 46 61 64 70 73 84 87 
92 95 98 100 106 109 113 115 117 118 121 123 
129 131 132 134 138 139 147 149 159 161 164 171 
175 178 180 186 191 195 196 206 207 208 209 211 
213 214 215 216 218 223 229 231 236 237 239 244 
248 251 256 258 259 260 262 269 273 274 275 277 
279 281 282 286 289 297 302 306 307 309 310 311 
315 317 321 325 327 328 332 334 337 338 340 342 
346 347 352 354 358 366 367 382 384 390 391 397 
399 400 
118
2 11 14 15 16 20 21 23 30 36 38 47 
49 51 53 54 56 58 60 71 77 79 84 87 
90 93 94 98 100 101 103 104 105 108 110 111 
112 118 119 123 124 130 132 133 136 140 149 155 
159 160 162 164 168 173 179 185 186 188 190 191 
193 195 197 209 210 211 213 218 219 221 228 229 
230 232 233 234 246 256 260 265 269 270 272 273 
275 276 277 281 287 290 293 297 302 309 312 324 
325 328 338 342 343 344 351 357 359 366 373 374 
375 377 378 383 384 388 390 393 396 398 
122
7 8 9 14 23 24 25 33 39 40 43 45 
50 53 56 61 65 75 76 78 82 85 87 88 
94 97 101 108 111 112 113 117 122 123 124 129 
130 132 134 135 138 139 141 143 144 145 146 150 
152 153 155 158 161 162 168 169 174 177 191 196 
197 212 214 226 228 229 230 233 236 243 247 248 
251 253 254 256 257 265 269 272 273 284 285 286 
291 295 298 299 304 305 311 313 314 321 323 324 
326 330 331 332 336 338 340 341 345 348 349 352 
353 359 363 368 374 375 379 381 383 384 387 394 
395 400 
97
4 5 12 13 22 26 27 29 36 38 39 44 
48 52 53 55 58 62 63 68 77 80 81 82 
89 90 92 94 96 99 103 106 107 111 113 115 
125 126 131 139 141 142 145 154 155 159 164 170 
179 183 186 187 189 199 201 202 209 212 215 221 
222 223 224 243 246 248 260 263 266 270 273 276 
278 287 293 295 298 299 310 316 323 331 335 342 
348 349 352 354 362 371 372 375 376 377 382 384 
394 
128
1 6 8 10 13 15 16 20 22 23 24 28 
30 34 38 43 47 49 51 52 54 55 60 62 
63 68 69 72 74 79 97 103 104 105 110 114 
116 120 127 134 135 136 137 139 140 141 145 147 
152 153 155 158 161 163 166 167 169 171 173 174 
176 179 181 182 184 185 187 188 191 192 196 198 
203 204 208 212 218 222 223 225 228 231 236 242 
247 248 249 250 253 256 258 260 261 262 269 271 
272 275 276 279 295 300 302 304 306 318 320 335 
339 341 345 346 347 348 350 351 353 359 365 368 
369 375 380 385 387 389 390 400 
127
2 4 5 13 15 16 17 21 25 28 29 31 
32 33 38 39 44 54 55 56 60 61 65 69 
70 71 76 77 79 81 85 86 87 89 91 92 
98 106 107 108 109 110 113 115 117 122 124 131 
134 137 140 149 150 155 161 165 166 171 174 175 
179 182 185 192 203 204 209 215 217 218 219 220 
225 227 233 236 237 238 242 248 250 252 253 257 
264 265 268 270 275 280 282 284 285 286 291 294 
295 297 298 303 313 314 317 319 325 329 334 343 
345 346 348 352 356 358 361 367 376 378 380 382 
387 390 391 392 393 397 399 
114
2 5 7 8 9 11 14 16 20 25 26 27 
28 31 32 33 35 36 38 43 44 49 56 66 
77 78 79 81 89 96 100 101 102 103 107 108 
113 115 124 131 132 136 137 140 158 159 160 166 
168 172 176 178 183 184 186 191 193 195 199 206 
207 210 216 225 227 234 235 236 237 244 246 252 
261 265 272 276 280 286 287 288 293 297 298 299 
303 311 313 316 321 327 328 329 333 337 341 347 
348 351 354 355 358 362 365 366 367 369 370 371 
377 384 389 392 393 400 
127
2 3 4 7 9 14 16 18 20 23 26 34 
41 42 46 51 57 61 62 66 67 68 78 82 
84 93 97 99 100 103 105 106 109 114 116 122 
126 130 131 132 139 146 148 150 165 168 171 176 
177 179 180 186 187 188 190 192 195 196 202 205 
206 207 208 210 218 220 231 239 242 243 247 249 
254 257 258 261 262 270 271 273 279 280 283 287 
289 290 292 293 294 295 297 301 305 309 310 315 
320 321 323 324 326 327 328 329 333 338 344 345 
348 350 353 354 355 357 358 363 366 369 373 375 
377 381 386 387 396 399 400 
121
2 3 4 5 6 11 12 14 15 16 18 22 
29 31 32 35 37 38 39 45 46 51 53 60 
65 66 67 72 73 76 81 84 85 87 88 90 
91 103 105 112 113 114 115 117 119 122 128 132 
133 136 138 139 142 143 148 152 158 160 162 164 
172 179 182 184 185 188 190 194 197 202 207 208 
209 212 216 218 222 223 225 226 228 229 230 234 
235 245 248 253 255 257 260 266 273 274 275 284 
293 301 304 306 308 317 319 324 334 335 337 339 
343 348 351 361 362 366 368 372 374 380 385 388 
391 
124
2 4 5 8 17 20 22 35 37 38 40 42 
44 50 55 56 59 62 68 70 73 77 81 82 
83 86 89 92 95 97 99 100 104 107 110 111 
118 125 129 130 131 137 140 146 151 152 153 157 
160 161 162 164 168 172 173 175 182 186 190 191 
196 203 219 222 224 228 229 230 232 233 234 236 
238 248 251 252 256 260 263 265 268 270 277 278 
280 284 289 295 296 297 301 302 308 312 314 315 
319 322 328 330 333 334 335 337 339 341 343 350 
353 355 356 358 360 368 372 374 377 379 380 381 
386 393 396 398 
124
4 7 8 12 14 19 24 27 28 34 36 38 
39 44 45 47 49 50 53 60 64 66 69 71 
72 73 75 77 88 89 97 110 112 114 115 116 
118 122 125 132 136 137 138 152 157 159 164 169 
174 182 186 190 191 192 195 197 205 208 215 216 
220 222 224 225 231 236 240 243 248 250 251 256 
260 262 263 264 265 266 268 271 272 274 275 280 
287 292 294 299 304 307 316 317 321 323 327 328 
329 330 331 332 334 335 336 340 347 349 352 354 
358 359 362 363 364 368 371 374 382 385 386 387 
390 391 394 396 
125
5 7 19 20 26 30 34 42 46 54 55 57 
62 67 72 73 78 81 82 87 90 92 93 96 
98 99 102 103 109 110 112 113 116 117 119 123 
124 128 132 135 137 141 144 147 149 155 160 162 
165 167 169 170 171 175 179 181 186 189 197 205 
206 207 211 213 214 216 217 222 223 224 226 227 
230 239 243 247 248 254 258 261 265 266 268 271 
274 279 280 283 285 288 290 295 306 308 313 316 
318 319 320 323 325 332 335 336 340 341 342 344 
352 354 356 359 360 363 365 367 370 372 375 376 
381 383 385 389 395 
