200 800
1 1 1 1 1 1 1 1 1 1 1 1 
1 1 1 1 1 1 1 1 1 1 1 1 
1 1 1 1 1 1 1 1 1 1 1 1 
1 1 1 1 1 1 1 1 1 1 1 1 
1 1 1 1 1 1 1 1 1 1 1 1 
1 1 1 1 1 1 1 1 1 1 1 1 
1 1 1 1 1 1 1 1 1 1 1 1 
1 1 1 1 1 1 1 1 1 1 1 1 
1 1 1 1 1 1 1 1 1 1 1 1 
1 1 1 1 1 1 1 1 1 1 1 1 
1 1 1 1 1 1 1 1 1 1 1 1 
1 1 1 1 1 1 1 1 1 1 1 1 
1 1 1 1 1 1 1 1 1 1 1 1 
1 1 1 1 1 1 1 1 1 1 1 1 
1 1 1 1 1 1 1 1 1 1 1 1 
1 1 1 1 1 1 1 1 1 1 1 1 
1 1 1 1 1 1 1 1 1 1 1 1 
1 1 1 1 1 1 1 1 1 1 1 1 
1 1 1 1 1 1 1 1 1 1 1 1 
1 1 1 1 1 1 1 1 1 1 1 1 
1 1 1 1 1 1 1 1 1 1 1 1 
1 1 1 1 1 1 1 1 1 1 1 1 
1 1 1 1 1 1 1 1 1 1 1 1 
1 1 1 1 1 1 1 1 1 1 1 1 
1 1 1 1 1 1 1 1 1 1 1 1 
1 1 1 1 1 1 1 1 1 1 1 1 
1 1 1 1 1 1 1 1 1 1 1 1 
1 1 1 1 1 1 1 1 1 1 1 1 
1 1 1 1 1 1 1 1 1 1 1 1 
1 1 1 1 1 1 1 1 1 1 1 1 
1 1 1 1 1 1 1 1 1 1 1 1 
1 1 1 1 1 1 1 1 1 1 1 1 
1 1 1 1 1 1 1 1 1 1 1 1 
1 1 1 1 1 1 1 1 1 1 1 1 
1 1 1 1 1 1 1 1 1 1 1 1 
1 1 1 1 1 1 1 1 1 1 1 1 
1 1 1 1 1 1 1 1 1 1 1 1 
1 1 1 1 1 1 1 1 1 1 1 1 
1 1 1 1 1 1 1 1 1 1 1 1 
1 1 1 1 1 1 1 1 1 1 1 1 
1 1 1 1 1 1 1 1 1 1 1 1 
1 1 1 1 1 1 1 1 1 1 1 1 
1 1 1 1 1 1 1 1 1 1 1 1 
1 1 1 1 1 1 1 1 1 1 1 1 
1 1 1 1 1 1 1 1 1 1 1 1 
1 1 1 1 1 1 1 1 1 1 1 1 
1 1 1 1 1 1 1 1 1 1 1 1 
1 1 1 1 1 1 1 1 1 1 1 1 
1 1 1 1 1 1 1 1 1 1 1 1 
1 1 1 1 1 1 1 1 1 1 1 1 
1 1 1 1 1 1 1 1 1 1 1 1 
1 1 1 1 1 1 1 1 1 1 1 1 
1 1 1 1 1 1 1 1 1 1 1 1 
1 1 1 1 1 1 1 1 1 1 1 1 
1 1 1 1 1 1 1 1 1 1 1 1 
1 1 1 1 1 1 1 1 1 1 1 1 
1 1 1 1 1 1 1 1 1 1 1 1 
1 1 1 1 1 1 1 1 1 1 1 1 
1 1 1 1 1 1 1 1 1 1 1 1 
1 1 1 1 1 1 1 1 1 1 1 1 
1 1 1 1 1 1 1 1 1 1 1 1 
1 1 1 1 1 1 1 1 1 1 1 1 
1 1 1 1 1 1 1 1 1 1 1 1 
1 1 1 1 1 1 1 1 1 1 1 1 
1 1 1 1 1 1 1 1 1 1 1 1 
1 1 1 1 1 1 1 1 1 1 1 1 
1 1 1 1 1 1 1 1 
73
19 30 70 93 94 106 139 142 148 155 157 158 
159 163 173 186 188 194 207 211 215 224 233 241 
250 254 256 268 275 276 293 312 323 326 330 331 
333 353 361 363 370 373 380 388 399 415 434 449 
463 467 477 488 493 500 510 525 533 543 545 559 
579 616 644 646 674 676 689 701 710 716 721 771 
781 
77
2 30 47 64 65 82 89 101 102 114 118 124 
128 131 142 148 152 155 164 187 193 195 196 221 
241 242 259 270 312 313 322 347 350 352 395 409 
410 420 421 429 439 440 457 474 477 480 503 507 
508 522 524 526 542 544 572 579 582 584 594 631 
644 646 651 653 654 669 671 680 691 699 719 725 
727 740 742 764 779 
81
24 27 35 47 59 93 94 95 96 100 105 136 
144 150 153 157 166 168 171 178 182 197 203 256 
263 264 267 277 278 281 314 320 339 340 343 344 
345 362 363 377 383 386 388 402 405 415 425 428 
462 463 466 479 484 488 496 501 507 555 556 565 
566 578 582 606 616 622 624 650 658 668 670 677 
680 703 705 735 740 758 767 781 786 
79
11 31 66 81 82 88 90 97 101 102 104 120 
130 134 147 159 167 169 182 207 208 222 223 229 
232 296 302 306 328 337 344 346 357 374 376 378 
402 413 428 430 471 481 487 491 495 503 523 527 
543 550 557 566 576 582 584 587 589 591 597 601 
609 615 616 618 619 623 637 644 651 666 682 689 
696 706 723 730 761 766 775 
79
37 67 70 81 82 83 100 102 116 117 123 127 
157 158 172 173 190 191 206 209 218 227 235 239 
267 273 283 288 295 300 310 315 327 359 372 383 
385 400 408 421 451 453 461 472 483 495 505 506 
509 512 516 521 540 560 561 569 574 575 580 590 
603 606 610 625 626 631 645 648 651 687 699 702 
738 747 753 770 784 785 788 
76
7 17 27 37 45 60 62 79 82 87 109 134 
139 140 144 150 155 163 173 180 201 215 236 256 
263 274 277 331 332 340 343 346 348 349 357 359 
369 420 451 456 457 461 480 489 490 491 498 503 
504 511 524 534 537 542 554 556 559 577 581 606 
614 615 618 638 653 655 662 678 682 695 715 726 
749 765 789 800 
85
13 15 33 34 39 43 46 50 71 72 78 81 
83 103 105 106 110 118 128 132 134 141 143 147 
167 175 195 196 206 215 219 224 226 255 261 273 
296 320 329 343 354 376 390 397 406 435 436 437 
457 466 469 470 473 477 480 489 507 513 515 525 
527 529 556 577 582 584 585 594 596 604 651 652 
656 666 669 701 710 712 731 737 750 756 758 771 
778 
90
4 34 46 52 54 58 62 85 87 88 89 110 
116 146 169 171 175 177 182 183 195 208 215 216 
226 229 230 231 232 234 253 259 268 278 309 321 
330 332 349 353 360 389 393 394 396 398 400 405 
416 434 441 444 448 451 459 464 473 483 489 492 
509 515 516 529 545 554 563 581 594 595 603 612 
635 638 641 661 664 700 723 731 740 748 750 754 
763 764 765 772 775 788 
83
13 31 34 38 46 74 83 84 87 88 97 108 
111 129 134 137 151 168 171 173 177 185 199 207 
229 238 257 263 266 287 297 325 326 330 351 380 
382 383 392 393 403 408 409 413 418 419 424 453 
464 484 500 519 530 536 540 555 566 578 604 620 
642 662 682 689 692 693 701 702 705 718 722 724 
727 729 743 750 754 758 761 763 771 789 790 
84
1 3 5 7 14 35 37 56 69 84 102 105 
112 123 164 171 179 183 203 214 216 223 224 231 
239 244 250 273 276 278 281 289 290 295 297 302 
312 341 344 350 363 382 387 430 452 461 463 472 
478 479 487 489 498 505 506 513 536 545 553 554 
557 564 577 586 606 608 612 625 635 637 675 686 
688 692 732 735 747 751 752 761 764 790 792 798 
70
13 20 31 42 73 89 103 104 124 125 158 160 
180 186 205 206 227 253 260 280 284 312 318 320 
327 341 344 351 377 398 417 419 422 433 440 466 
467 475 498 506 521 522 525 528 538 540 541 544 
573 581 593 606 625 633 639 650 654 671 681 705 
709 711 714 715 731 754 771 774 790 797 
82
1 26 35 57 82 99 114 119 127 128 140 144 
146 153 155 159 167 181 209 211 253 263 268 286 
291 294 298 301 302 303 325 334 338 352 360 381 
391 399 407 408 410 417 447 455 458 461 471 486 
497 502 514 524 532 535 545 568 569 570 572 575 
583 609 618 622 624 630 639 640 649 673 678 680 
689 722 728 742 748 755 765 768 785 786 
79
6 10 41 51 57 72 99 102 117 128 131 160 
163 168 180 187 198 212 215 234 240 241 254 267 
282 286 291 294 298 322 323 329 333 337 347 355 
382 383 388 394 396 412 414 444 452 457 469 478 
491 496 497 504 525 544 564 586 588 603 610 630 
657 668 676 678 679 683 685 706 713 716 719 727 
746 754 760 767 774 784 799 
89
1 11 14 34 43 44 68 69 76 78 96 108 
122 125 130 144 145 152 155 156 158 170 176 189 
202 203 214 217 218 220 224 252 264 268 271 309 
314 339 345 350 359 364 366 380 384 387 395 402 
407 408 440 442 447 456 457 469 472 474 501 513 
514 527 541 575 583 612 621 627 631 642 643 655 
656 657 663 675 677 688 694 695 705 720 722 730 
738 740 742 753 755 
75
32 42 45 60 61 66 84 99 104 118 150 161 
187 191 209 228 237 244 257 261 265 268 279 307 
308 320 327 334 352 358 396 397 403 421 433 438 
439 444 450 467 471 479 487 502 507 508 516 521 
523 543 547 548 567 573 622 629 637 650 658 662 
674 678 681 686 705 722 724 727 736 751 758 763 
770 780 782 
73
8 10 33 43 58 67 75 77 94 108 111 117 
120 131 137 139 147 172 176 201 205 207 208 214 
249 255 263 277 279 295 297 319 324 326 336 344 
351 352 361 379 388 389 398 414 456 462 470 471 
488 491 504 507 535 540 553 563 564 568 597 613 
643 662 680 681 688 690 692 703 714 718 720 726 
728 
64
12 31 40 78 100 126 128 143 146 154 158 164 
180 199 209 214 226 228 230 236 237 240 243 257 
261 266 283 296 320 323 326 332 346 364 403 406 
409 410 418 436 459 473 479 493 503 508 515 537 
548 554 567 604 605 642 687 707 735 736 749 758 
769 783 793 794 
83
3 4 24 30 59 87 88 109 119 133 137 141 
143 166 167 177 183 187 191 196 199 217 220 228 
232 254 256 271 275 286 296 303 312 332 342 351 
352 353 358 385 400 402 433 439 445 450 455 456 
460 463 470 483 484 490 491 495 518 530 531 546 
547 549 558 561 568 597 601 613 633 642 644 653 
668 693 701 708 709 713 743 747 772 773 797 
75
2 4 16 33 41 49 73 77 94 104 114 117 
140 148 152 165 170 171 182 209 220 240 247 257 
271 289 305 321 334 335 353 356 358 386 435 438 
463 470 472 473 497 510 518 522 534 536 538 556 
571 573 580 582 585 591 602 610 623 625 629 640 
643 654 663 667 668 673 686 692 709 710 717 754 
763 773 782 
62
17 21 50 58 118 125 127 133 188 211 228 237 
243 246 247 251 281 289 292 294 308 313 315 320 
364 370 374 380 388 409 419 432 464 466 467 480 
493 502 523 552 563 565 582 588 602 608 611 633 
634 654 668 682 687 699 713 716 719 739 748 757 
759 765 
80
23 32 37 39 42 59 64 88 91 99 105 110 
123 124 131 133 136 154 156 175 181 203 205 210 
218 220 222 226 227 229 230 244 252 259 262 263 
267 269 283 288 294 303 309 311 320 345 353 360 
371 383 386 394 415 457 462 485 504 511 512 523 
564 576 598 603 622 623 650 661 669 670 676 702 
720 727 729 745 746 766 790 800 
70
1 3 8 58 59 60 70 87 91 92 109 116 
119 142 154 211 231 236 252 257 265 275 298 302 
305 307 313 317 330 344 347 352 359 364 382 384 
388 394 420 421 443 445 477 503 516 522 560 576 
579 582 610 616 624 647 648 662 663 684 689 694 
699 702 715 718 725 726 735 737 739 761 
95
20 22 44 67 73 93 97 111 124 131 137 141 
146 157 168 169 178 221 227 230 252 254 256 257 
263 291 297 298 299 319 323 328 347 359 361 367 
379 385 398 404 406 411 418 420 426 430 450 461 
467 473 484 491 492 495 502 504 513 535 550 555 
562 566 572 573 575 590 609 616 629 639 648 651 
652 653 659 669 672 678 683 684 685 686 688 694 
701 707 717 738 761 764 765 773 774 775 782 
88
10 43 44 57 60 67 75 88 100 101 106 116 
119 132 142 144 147 153 163 172 179 182 183 204 
221 236 239 242 249 256 258 274 283 296 305 328 
333 336 365 366 369 371 377 388 392 404 412 413 
415 420 422 427 457 467 487 488 493 503 507 512 
521 523 525 526 538 555 563 567 571 581 605 625 
638 649 655 675 679 687 693 700 712 716 718 729 
754 756 776 777 
95
6 10 15 18 20 21 42 43 46 57 62 65 
87 96 101 110 116 124 127 130 132 135 142 151 
172 173 186 202 208 221 226 231 240 243 247 258 
267 282 288 292 298 306 338 357 368 371 372 378 
379 383 444 456 462 464 467 495 496 499 500 504 
506 509 510 515 516 533 539 541 555 558 565 571 
579 593 595 597 607 612 616 617 626 653 654 662 
665 670 707 733 749 752 762 769 785 791 796 
86
8 17 35 47 51 55 72 89 95 106 108 114 
123 130 131 142 159 172 174 184 189 191 210 214 
229 232 233 249 254 264 277 298 305 325 333 338 
355 359 373 380 392 413 418 420 424 460 470 481 
489 509 515 524 540 553 555 564 580 582 585 587 
602 606 615 620 621 624 637 646 652 654 656 692 
707 727 730 741 753 754 756 760 766 772 779 782 
794 800 
88
7 21 44 52 66 75 92 93 100 105 106 115 
137 146 151 157 166 171 173 178 215 225 231 239 
245 248 263 270 272 276 294 295 299 315 334 355 
360 367 370 385 391 398 402 406 410 412 428 435 
439 443 456 464 469 474 484 490 491 500 509 519 
522 530 537 541 552 563 565 583 590 593 599 638 
646 648 667 671 682 684 690 712 744 745 754 767 
768 769 788 789 
79
5 11 23 44 50 52 77 80 87 95 103 108 
112 114 143 188 195 210 225 227 228 231 232 239 
244 245 247 251 273 283 290 298 344 345 351 363 
366 375 385 395 396 397 430 435 436 444 460 485 
496 504 513 526 542 543 545 547 548 551 563 571 
576 579 601 626 631 655 657 658 660 688 693 696 
697 703 716 756 760 761 775 
67
5 15 34 35 60 63 70 81 135 142 144 164 
169 173 178 182 189 190 239 250 251 256 263 279 
287 292 296 320 347 372 396 427 452 456 470 483 
488 519 527 544 547 555 576 584 586 591 601 629 
633 644 648 659 664 668 680 688 689 693 710 719 
721 724 734 736 770 772 794 
91
3 6 19 21 34 37 40 45 48 54 67 73 
75 78 81 95 98 128 132 152 155 172 177 184 
186 200 202 205 208 226 238 245 261 263 271 309 
310 330 333 345 349 367 369 372 378 399 426 427 
429 432 437 483 484 489 503 522 529 539 540 549 
557 563 566 587 591 593 603 607 614 620 621 639 
641 644 651 655 662 679 687 696 698 702 709 718 
751 761 775 781 783 792 799 
72
9 23 25 37 43 54 70 71 72 81 107 110 
115 120 121 131 135 137 138 153 157 166 191 202 
210 216 225 231 232 237 258 259 270 274 281 297 
304 315 321 395 400 410 411 421 433 445 466 479 
487 488 511 522 525 528 531 563 583 590 619 637 
649 671 688 732 766 767 769 770 784 787 798 799 
73
35 44 47 51 105 107 110 128 130 143 152 162 
193 213 216 217 222 242 248 252 257 273 285 292 
293 303 316 325 336 351 362 364 376 388 418 424 
440 447 450 458 472 474 493 496 518 528 529 533 
560 565 567 571 575 593 594 605 612 614 625 632 
671 677 680 692 706 715 725 739 749 771 778 779 
790 
81
2 14 16 22 40 42 52 61 65 73 81 83 
90 110 126 129 134 139 140 155 172 180 201 234 
242 246 257 270 309 314 319 332 334 374 376 387 
407 409 420 423 427 441 444 456 467 478 480 488 
491 507 511 512 513 514 534 545 548 550 564 567 
569 577 605 613 619 629 637 639 659 661 664 670 
673 676 697 741 763 766 769 782 797 
76
2 29 33 42 71 77 81 89 98 112 123 131 
144 152 156 162 191 207 220 234 239 248 259 272 
277 297 315 321 330 337 350 354 361 363 370 377 
398 426 428 435 437 438 441 450 452 455 464 477 
482 545 552 558 626 629 634 643 649 650 652 659 
667 680 686 714 717 734 736 739 740 742 744 755 
762 775 785 792 
81
14 22 23 24 33 41 42 47 56 59 73 76 
113 114 123 131 144 146 157 170 171 175 208 210 
215 219 234 246 260 275 283 284 301 303 340 344 
355 356 375 386 391 393 394 399 418 439 442 457 
459 477 478 497 510 514 524 527 548 552 560 592 
594 609 619 625 630 635 643 675 689 694 709 753 
755 757 766 771 775 781 792 795 800 
88
1 17 18 33 59 67 69 80 88 99 105 106 
127 135 143 145 146 157 163 178 182 183 184 196 
214 216 228 240 245 258 261 284 295 321 323 328 
335 345 347 364 368 386 398 401 405 414 417 420 
421 424 440 443 444 445 447 448 463 472 486 508 
519 527 531 561 580 584 586 596 609 625 640 642 
647 652 669 672 680 685 693 708 721 751 752 753 
756 788 789 796 
74
19 36 42 66 80 84 85 89 92 94 119 130 
131 132 137 140 143 152 162 178 208 211 237 241 
276 304 312 348 351 355 358 359 364 366 367 371 
374 411 416 428 429 439 444 449 463 466 486 496 
501 526 534 538 552 588 589 592 603 609 616 628 
633 638 642 648 653 661 669 687 695 700 708 742 
764 795 
96
9 13 18 19 30 40 48 61 62 66 68 83 
111 123 129 136 138 139 140 144 146 150 158 164 
176 189 198 201 210 216 217 224 229 241 281 290 
316 323 337 347 348 349 350 354 364 367 384 386 
387 414 419 424 428 445 475 486 494 496 504 511 
515 527 531 541 550 563 582 587 591 594 601 602 
610 612 614 619 633 646 647 650 653 672 678 699 
719 743 746 750 756 757 760 773 789 793 799 800 
77
3 11 21 36 42 46 50 57 75 84 101 103 
127 134 135 142 163 177 180 186 190 206 212 218 
236 249 250 252 257 282 319 320 339 340 360 383 
388 418 420 425 427 437 449 451 459 470 473 492 
497 499 513 537 538 549 553 554 561 566 583 588 
619 630 635 642 645 647 658 661 680 705 717 721 
728 756 761 774 787 
78
5 17 33 45 51 53 54 56 58 72 75 81 
84 85 110 112 114 131 140 142 157 177 183 191 
194 219 220 235 248 251 275 279 295 306 312 334 
341 347 353 366 379 394 400 405 421 425 430 437 
438 444 458 487 488 507 541 542 545 574 581 586 
591 606 609 612 613 624 657 681 690 708 728 741 
743 745 756 757 778 795 
83
5 10 19 26 39 60 68 70 83 111 125 132 
158 166 172 190 191 201 208 216 229 254 262 265 
273 302 308 316 318 320 321 328 332 333 334 338 
339 353 363 382 386 396 399 402 407 418 422 428 
445 447 450 451 457 477 481 486 507 512 546 548 
550 557 562 563 578 581 588 591 606 609 633 637 
642 659 663 671 684 700 711 716 725 728 790 
79
1 9 10 19 31 38 40 44 45 46 66 77 
81 97 103 112 113 121 137 153 156 169 183 186 
240 244 248 252 261 262 273 274 296 300 324 326 
343 347 352 366 368 379 421 423 436 438 443 446 
472 483 489 504 510 513 519 521 531 541 546 569 
592 602 603 647 649 653 654 658 681 691 712 716 
726 734 745 747 753 764 768 
90
5 11 15 29 37 40 72 73 88 128 131 136 
138 141 158 162 170 171 181 194 197 199 228 229 
237 250 257 260 277 290 292 330 331 341 347 350 
358 372 374 380 384 387 391 413 415 424 427 431 
435 439 464 471 482 499 505 524 529 531 553 559 
564 570 572 573 575 576 589 594 596 600 609 628 
635 647 653 659 676 678 691 694 704 712 722 728 
756 765 780 781 785 789 
75
13 17 19 25 28 36 38 53 57 66 71 89 
94 98 101 113 120 125 126 136 141 149 154 178 
186 204 224 225 250 254 261 262 267 275 290 303 
325 333 336 340 344 352 412 420 435 441 458 463 
469 480 503 514 521 523 529 570 596 616 643 644 
650 658 691 697 698 705 711 727 745 767 768 777 
785 786 794 
75
1 13 35 53 57 58 69 86 102 105 112 116 
136 161 165 174 181 183 192 215 240 263 270 293 
297 299 309 310 325 328 333 337 346 364 371 374 
383 400 417 418 424 433 435 438 479 482 486 491 
509 526 543 563 570 571 586 605 608 630 638 646 
659 667 677 688 695 697 698 701 710 719 720 749 
753 771 797 
78
10 16 17 18 38 74 106 127 140 151 153 160 
167 175 177 181 184 190 211 214 246 263 267 282 
285 289 308 310 314 322 331 338 352 389 392 397 
408 421 424 486 491 492 497 517 519 522 535 540 
548 554 563 569 578 620 626 639 645 672 674 675 
678 683 684 692 702 703 705 710 716 719 740 742 
743 758 782 787 791 794 
86
12 18 20 24 39 47 53 55 61 70 82 109 
111 120 143 154 164 165 166 196 199 207 209 210 
220 229 257 264 269 294 303 305 308 315 317 323 
340 342 346 360 370 372 383 385 388 393 410 424 
458 467 490 495 508 509 511 524 530 535 551 554 
556 560 569 583 601 606 614 622 627 628 645 649 
651 652 684 697 714 716 727 736 748 764 779 781 
784 792 
75
2 7 28 62 81 85 103 134 153 158 167 174 
235 237 249 268 269 280 282 296 299 305 306 313 
322 350 357 358 384 398 400 411 414 416 419 424 
443 448 452 464 488 489 500 514 522 552 556 560 
563 584 614 620 637 650 652 665 698 702 706 709 
718 721 725 726 727 729 732 737 741 743 755 775 
785 786 796 
73
28 31 33 35 38 67 73 82 95 115 124 135 
140 192 200 205 220 234 250 254 258 268 307 308 
315 332 336 339 340 346 358 368 372 380 396 399 
424 463 468 471 502 541 551 566 577 583 587 600 
609 620 625 630 639 650 658 669 672 676 684 688 
701 706 715 721 731 736 737 773 783 789 792 794 
799 
76
3 6 48 54 55 67 70 87 100 103 114 149 
155 166 173 176 187 192 196 203 220 248 252 258 
272 276 293 300 303 307 311 323 329 335 345 354 
356 365 367 370 394 417 421 435 446 452 455 457 
458 485 497 545 555 564 574 580 590 593 595 630 
632 638 639 648 664 668 677 681 702 703 705 723 
759 765 775 795 
84
12 14 15 30 45 53 58 69 74 75 85 93 
96 103 133 144 146 151 157 181 182 190 212 224 
245 254 274 290 292 295 306 307 315 317 342 348 
352 353 359 372 377 378 383 391 406 415 424 426 
441 443 448 456 466 485 500 512 513 526 532 546 
559 576 581 583 593 598 601 614 621 665 671 678 
688 691 708 709 714 726 727 744 754 777 779 787 
70
11 12 15 18 31 45 50 53 60 74 88 94 
120 123 133 139 156 179 189 198 205 208 220 233 
238 239 254 258 278 291 318 322 374 389 391 394 
402 409 416 432 434 435 446 447 462 463 466 468 
476 488 514 517 545 560 567 575 582 606 625 634 
645 675 678 690 702 708 719 735 761 771 
84
4 8 23 24 25 34 37 42 45 64 65 79 
88 97 102 128 130 166 168 171 198 204 207 230 
235 237 244 252 254 258 269 277 287 292 299 335 
344 365 379 381 382 391 397 404 419 425 429 443 
455 461 463 468 491 497 499 503 514 522 531 532 
563 583 585 586 594 601 611 657 659 665 666 684 
690 711 722 728 729 738 743 748 758 769 772 779 
87
18 39 40 41 44 48 58 61 79 82 93 100 
105 113 117 118 123 130 137 142 146 161 176 178 
182 184 187 196 227 228 233 243 257 269 271 274 
303 310 323 332 335 351 374 379 383 384 397 398 
417 444 447 448 452 471 500 511 514 526 533 539 
554 559 560 579 586 588 592 593 600 601 625 636 
638 645 646 649 673 678 687 698 707 708 734 742 
746 753 775 
75
5 14 20 26 29 43 46 60 67 104 107 123 
164 188 196 202 203 215 224 242 249 250 262 267 
272 273 274 298 320 331 333 337 341 348 360 364 
370 376 381 395 396 406 416 434 441 451 452 465 
481 489 524 530 538 544 550 554 581 588 589 594 
599 617 631 635 657 676 679 684 689 694 713 723 
727 771 794 
66
1 30 56 76 83 100 108 113 115 120 128 134 
156 157 162 176 178 194 202 203 219 255 279 288 
300 301 302 325 332 338 347 358 363 398 404 417 
430 433 435 436 491 492 502 517 527 532 551 580 
588 646 666 671 673 674 688 716 735 738 746 758 
764 766 783 784 788 800 
79
9 24 29 30 32 37 39 43 46 49 54 59 
81 83 89 91 99 116 139 153 158 162 185 198 
215 225 248 267 268 269 278 302 312 338 361 370 
395 408 416 418 427 452 456 457 463 465 480 488 
492 498 502 539 549 555 558 565 572 573 580 584 
606 613 614 621 632 640 651 687 692 697 699 703 
723 736 741 752 779 793 800 
95
9 10 21 29 38 54 56 64 69 74 77 88 
90 98 127 134 141 165 178 192 197 198 199 207 
209 210 218 240 242 244 247 265 270 280 281 283 
285 295 297 304 306 317 327 329 330 331 337 341 
342 360 361 362 371 396 404 427 452 454 457 467 
475 477 481 484 485 499 511 514 517 524 546 554 
555 564 566 570 572 583 584 601 603 611 613 620 
622 624 639 679 693 700 712 723 729 788 800 
87
14 20 23 24 27 30 31 39 44 56 65 81 
88 90 109 117 130 141 150 153 157 159 169 181 
183 186 200 211 213 216 217 220 224 225 258 260 
278 301 302 306 316 322 326 341 342 351 354 359 
392 407 415 432 455 460 484 485 529 533 543 558 
567 570 578 593 610 644 653 660 663 680 685 691 
697 701 702 707 710 720 754 773 774 780 781 786 
793 798 800 
77
5 15 17 55 83 87 100 109 132 138 143 170 
171 174 175 201 218 240 241 261 262 267 269 270 
274 279 285 286 297 306 321 328 350 357 358 383 
384 414 416 417 418 444 445 450 452 465 466 474 
506 509 510 527 528 559 588 589 598 600 616 628 
634 635 637 652 673 677 691 696 701 733 743 746 
770 778 781 789 797 
72
13 15 32 35 44 98 104 109 122 133 144 151 
156 175 179 180 181 204 210 214 233 238 240 244 
245 271 275 287 293 294 309 316 344 372 378 397 
404 430 432 443 448 457 485 500 552 553 555 556 
571 581 583 604 615 616 620 640 649 650 652 668 
676 684 700 703 717 726 729 738 772 775 785 792 
65
2 8 11 25 28 33 44 49 58 72 86 88 
135 136 144 165 186 196 245 262 273 283 318 323 
324 343 395 409 416 429 430 452 462 467 486 488 
494 495 507 536 539 544 546 549 559 591 593 596 
611 619 633 637 654 681 690 707 716 718 727 742 
749 765 768 771 796 
95
6 11 25 39 40 43 57 96 99 105 108 119 
130 142 145 153 158 161 175 180 182 196 200 201 
217 226 227 247 252 268 274 283 285 301 309 313 
322 323 326 345 359 368 373 381 385 404 410 428 
433 441 445 449 466 471 474 481 484 492 499 501 
511 516 533 543 571 576 581 586 595 623 636 637 
645 649 656 658 659 663 667 674 675 687 704 707 
711 723 730 735 741 749 752 771 780 788 789 
73
5 8 40 45 49 55 74 142 146 147 164 184 
190 201 208 225 227 249 254 263 268 271 292 296 
311 335 351 357 358 360 361 369 380 381 390 413 
414 422 436 441 450 461 471 482 483 484 494 512 
515 518 521 531 535 539 551 563 590 592 598 599 
610 634 653 668 669 672 673 703 733 756 778 779 
798 
85
6 14 21 27 31 37 57 66 76 77 78 81 
107 131 154 179 189 195 204 214 224 232 234 235 
238 239 264 275 294 302 316 321 325 338 339 353 
363 373 378 379 381 396 402 406 414 418 419 459 
472 477 480 490 514 519 536 544 545 560 564 586 
597 598 599 617 640 660 670 672 678 680 685 686 
688 702 703 705 707 716 721 740 742 746 752 753 
782 
79
3 26 36 38 40 50 64 65 91 102 105 132 
142 145 152 163 165 167 169 175 184 199 216 235 
240 248 250 279 282 290 308 313 319 354 361 365 
369 387 391 403 404 407 416 417 435 437 439 444 
450 459 475 486 493 505 508 532 541 559 562 570 
572 591 598 603 607 615 616 651 694 698 704 721 
727 733 748 755 773 787 789 
76
5 6 8 66 70 73 85 87 103 126 134 159 
168 170 182 188 191 195 221 239 244 248 261 277 
280 306 317 323 342 345 351 354 358 359 366 396 
401 417 421 458 459 465 467 470 474 479 480 488 
523 525 526 537 540 545 547 549 572 585 589 590 
615 618 636 669 673 677 697 729 731 746 755 770 
771 779 782 794 
88
1 5 8 9 18 25 29 32 38 40 44 53 
74 89 114 118 136 138 150 156 183 211 213 217 
226 241 253 260 271 287 316 348 354 374 378 382 
383 389 394 421 432 435 441 443 445 455 464 468 
472 478 480 486 493 503 521 531 541 546 551 557 
558 585 598 603 625 628 629 633 647 649 651 652 
680 686 690 711 724 727 730 733 735 742 752 762 
765 781 787 800 
67
15 17 49 55 73 80 87 88 103 111 124 156 
162 171 173 184 190 191 192 212 218 221 224 227 
243 244 260 276 310 319 324 331 336 348 363 367 
379 381 382 390 417 426 460 466 504 514 542 554 
572 583 584 599 604 613 627 635 640 658 675 680 
687 692 694 704 712 779 786 
72
19 23 27 32 39 48 106 115 139 154 155 159 
161 162 167 186 190 222 233 245 269 281 285 293 
307 308 317 319 330 332 333 354 360 366 402 413 
440 468 472 473 479 490 500 518 523 531 544 563 
570 582 608 623 635 637 643 652 669 710 716 724 
734 735 748 751 752 757 758 761 764 786 799 800 
82
16 18 24 40 47 49 50 62 63 68 77 85 
102 124 125 126 132 151 183 201 220 225 227 228 
232 235 236 238 253 257 303 317 319 329 330 331 
344 360 364 367 423 425 434 438 449 467 483 486 
495 501 511 521 531 546 562 564 569 573 582 592 
593 603 609 620 623 634 638 646 650 653 654 673 
680 704 726 754 769 771 781 785 786 796 
75
11 20 53 56 59 63 92 93 100 114 126 142 
150 158 175 176 183 191 200 209 213 217 222 228 
232 236 239 251 267 272 280 308 349 373 391 392 
398 402 408 436 455 461 464 465 467 472 486 488 
505 523 560 567 575 592 595 604 628 631 633 636 
640 652 657 666 670 672 674 678 694 699 702 718 
737 755 788 
81
5 8 30 34 43 59 63 65 66 75 79 81 
87 101 110 120 132 140 160 162 169 172 203 204 
214 220 241 256 262 289 294 300 336 341 351 359 
377 420 425 428 439 445 453 461 465 466 478 485 
492 500 518 528 540 543 548 550 580 615 621 623 
638 651 661 676 700 705 706 713 726 729 732 735 
749 763 765 774 777 778 784 788 792 
93
14 29 37 55 58 68 75 78 94 110 114 121 
122 133 145 151 166 175 180 185 197 213 228 240 
245 264 266 279 281 305 312 314 322 334 343 352 
353 369 371 375 376 378 398 401 408 427 448 474 
480 482 487 490 498 499 506 514 523 527 542 562 
575 585 588 589 601 604 606 607 614 621 623 624 
629 636 638 654 671 672 675 685 690 694 699 708 
712 724 725 752 758 764 772 794 800 
84
5 6 11 20 35 41 48 50 61 64 65 68 
74 87 101 107 111 125 130 135 144 149 155 157 
165 182 192 208 240 251 252 257 262 265 266 288 
309 336 337 351 364 365 374 385 386 416 421 435 
448 457 477 514 524 530 535 537 540 545 546 548 
569 579 589 626 627 628 654 664 694 696 700 716 
724 727 734 742 745 748 752 758 778 780 788 800 
78
4 7 15 47 48 61 67 69 73 78 82 86 
90 95 108 135 146 150 162 169 188 191 202 217 
236 238 245 258 269 273 281 287 308 313 320 321 
326 339 371 378 381 401 402 414 418 419 430 446 
450 452 456 467 498 512 513 555 574 576 578 588 
618 622 628 656 657 661 687 721 741 743 744 747 
756 773 780 784 798 799 
92
6 10 16 45 54 59 61 72 87 89 95 96 
100 109 112 121 165 181 182 198 201 203 222 224 
226 235 241 247 249 260 263 265 279 292 294 298 
303 304 317 329 336 341 344 352 357 361 364 391 
393 401 403 407 433 440 443 445 446 477 480 489 
499 510 519 522 525 532 540 541 542 548 560 561 
631 634 635 645 648 666 676 695 697 698 739 745 
751 753 756 759 771 790 791 797 
71
36 61 80 100 108 109 115 120 122 128 130 139 
145 185 197 201 206 222 234 236 245 259 260 267 
268 285 333 337 360 382 392 393 399 417 426 449 
456 461 468 482 502 503 519 521 535 540 559 565 
577 583 589 590 598 611 632 640 658 659 667 697 
724 732 751 768 779 781 784 786 787 789 795 
78
16 41 62 65 74 77 88 104 121 151 153 175 
176 188 189 194 230 235 244 266 271 272 274 291 
298 300 305 309 311 333 351 375 376 380 383 393 
397 423 425 437 438 453 467 482 483 498 499 504 
512 525 545 560 569 596 631 651 661 665 668 680 
684 686 687 699 700 702 708 720 721 734 735 736 
740 777 781 786 797 798 
78
15 44 46 72 93 95 149 178 180 181 187 189 
214 230 242 243 254 266 304 305 313 314 330 346 
347 350 357 368 375 385 406 422 428 433 438 443 
447 461 467 485 491 497 510 528 550 551 561 566 
583 587 589 590 602 604 614 629 652 654 656 662 
677 681 683 687 691 698 714 725 732 736 737 738 
740 742 756 764 768 785 
78
15 20 27 35 57 62 83 96 112 119 123 135 
139 144 147 161 173 179 191 201 210 211 219 227 
234 239 243 244 248 250 268 272 294 296 308 312 
332 356 380 387 405 406 415 418 420 435 453 467 
486 490 492 505 506 508 528 530 533 544 545 554 
559 587 593 602 608 613 626 633 638 643 645 675 
680 712 728 729 745 794 
97
1 16 29 41 43 51 57 65 67 82 87 110 
115 116 120 127 144 147 171 174 182 195 212 214 
215 221 223 224 234 262 268 270 274 288 291 294 
301 314 318 338 339 340 344 346 360 379 380 383 
386 405 415 419 422 434 441 445 461 465 470 481 
494 500 505 510 529 534 551 558 565 574 582 598 
615 621 624 632 635 637 649 664 665 671 676 681 
692 697 720 723 740 749 753 755 768 772 775 788 
800 
92
52 87 101 115 123 125 126 130 136 140 144 149 
160 173 186 199 206 208 227 238 239 244 246 250 
253 262 289 301 307 312 330 337 371 377 389 391 
393 415 435 437 439 452 463 471 474 481 500 503 
511 524 530 531 534 542 550 554 561 562 570 571 
582 595 604 606 614 616 631 633 639 647 660 667 
668 669 670 687 707 723 729 737 745 746 750 756 
758 760 770 777 781 791 793 800 
69
4 21 22 38 49 65 80 91 103 108 122 129 
132 138 139 143 144 155 163 177 199 213 234 241 
244 257 262 267 269 272 274 275 280 292 300 301 
306 313 316 326 369 423 439 442 452 457 469 489 
519 538 547 555 558 603 630 654 666 674 675 707 
714 736 762 765 775 776 779 781 786 
78
8 16 43 44 64 65 83 111 134 143 174 181 
188 189 198 201 204 205 215 223 235 249 251 254 
266 286 291 305 317 322 340 343 367 380 384 409 
411 422 440 450 458 460 473 482 485 510 553 556 
557 558 562 573 576 609 619 620 630 637 639 650 
654 665 670 674 676 681 688 692 695 705 714 724 
745 746 760 777 782 798 
82
16 19 23 25 29 40 43 50 59 60 65 73 
83 85 105 110 124 127 129 131 140 192 200 208 
217 293 312 315 317 325 341 349 361 365 386 411 
415 442 447 450 451 475 481 486 488 494 496 509 
511 512 513 528 548 571 584 599 622 629 631 635 
645 651 660 666 668 669 679 683 684 685 691 703 
713 719 734 737 756 762 774 780 790 799 
93
7 23 29 45 60 79 93 114 123 124 139 142 
144 162 164 171 188 197 200 215 217 218 221 228 
231 240 242 246 247 257 263 286 287 289 296 303 
310 316 322 327 334 339 340 343 363 364 377 386 
407 412 414 430 445 448 450 457 461 464 471 476 
478 500 504 505 508 526 533 541 563 566 569 590 
595 596 597 608 626 629 630 632 645 654 666 671 
688 695 731 746 764 768 777 779 786 
76
5 16 19 26 50 59 75 88 109 127 133 134 
139 140 143 152 153 157 161 162 167 179 192 199 
201 233 256 257 264 272 279 320 330 414 417 421 
433 435 442 453 466 469 477 494 499 528 539 547 
551 553 570 577 581 583 588 614 648 656 659 663 
681 682 686 689 707 709 712 723 739 748 758 775 
784 786 795 797 
71
5 17 23 28 41 44 61 94 104 120 127 132 
158 169 173 176 183 187 207 208 233 234 235 242 
243 267 270 283 285 288 297 302 312 328 330 356 
370 371 373 375 388 427 432 448 458 463 485 494 
505 514 524 536 545 548 550 551 574 579 583 584 
599 608 618 630 655 661 673 674 770 781 796 
71
3 12 21 23 26 27 32 58 68 85 109 116 
121 125 139 152 166 217 235 241 247 249 272 282 
286 292 319 320 322 346 365 376 387 403 407 430 
441 451 457 463 473 474 490 504 512 521 522 526 
530 535 536 574 578 581 584 595 598 608 631 655 
675 678 693 710 712 713 737 748 773 777 782 
63
4 16 24 28 37 43 46 55 61 63 74 101 
113 135 154 164 170 176 187 190 212 245 253 254 
256 273 293 305 319 343 363 371 372 397 454 456 
466 469 474 480 511 526 537 544 557 563 567 572 
582 590 621 625 633 648 651 679 691 703 716 729 
741 751 752 
87
1 5 17 25 28 44 51 59 61 66 77 85 
90 98 101 118 138 139 152 158 190 196 197 200 
205 210 213 216 219 250 256 259 274 283 285 290 
295 315 324 328 330 341 345 373 379 383 399 402 
436 439 445 451 461 463 472 481 499 503 520 526 
533 538 542 552 570 578 584 586 589 598 612 617 
628 640 651 653 664 675 692 701 719 723 730 743 
750 790 792 
83
3 13 20 23 28 32 41 44 45 49 51 58 
59 66 83 128 131 132 138 143 148 162 166 173 
174 190 197 205 212 221 226 228 275 280 283 289 
291 295 298 303 311 312 328 338 340 345 346 379 
394 397 398 403 411 412 421 434 440 457 460 471 
472 477 510 524 546 549 578 591 613 628 635 654 
655 669 675 681 684 702 740 747 762 797 798 
78
11 16 29 34 38 58 59 62 79 93 97 113 
120 146 153 155 158 160 190 191 195 213 215 224 
234 248 252 257 258 259 261 264 265 286 300 303 
314 324 334 336 345 382 410 429 443 452 458 469 
473 487 492 496 502 503 517 518 539 571 578 592 
620 624 632 636 648 655 656 661 684 693 696 712 
744 763 770 776 796 798 
65
13 16 36 57 67 69 92 94 98 104 108 109 
114 117 129 136 149 160 166 170 171 192 195 212 
261 264 273 312 318 335 360 386 391 393 411 443 
445 460 471 473 479 488 494 509 519 525 534 543 
548 551 560 579 584 592 598 617 634 648 666 672 
704 725 731 738 761 
79
2 8 27 45 51 105 109 118 135 137 139 144 
148 164 165 174 203 214 228 231 240 244 256 267 
269 278 279 280 288 292 296 302 314 319 331 337 
346 365 373 388 392 396 405 407 408 414 415 422 
429 438 440 453 461 475 494 504 506 518 527 532 
533 536 557 591 592 600 601 644 650 654 665 669 
676 691 700 725 775 778 790 
79
3 5 9 10 37 41 58 78 112 129 151 162 
176 177 186 191 215 238 268 270 283 299 310 313 
321 327 341 347 348 353 361 374 384 398 404 413 
414 418 433 434 448 449 450 457 478 481 504 514 
529 531 542 546 552 557 565 589 591 594 615 622 
629 630 641 674 677 687 700 713 721 722 729 734 
736 758 759 761 763 787 791 
77
10 11 73 77 80 87 90 93 96 97 110 140 
142 149 152 157 172 179 184 185 190 198 206 218 
225 233 260 268 273 274 278 323 327 345 349 377 
382 385 404 411 412 422 430 442 448 449 466 467 
482 491 494 501 504 507 517 534 536 540 603 604 
622 628 640 646 660 679 688 689 702 706 708 712 
753 770 780 782 800 
74
11 42 45 56 60 83 108 109 119 124 129 130 
132 135 142 147 154 165 176 180 202 205 219 220 
240 244 254 256 300 313 314 331 349 354 371 378 
381 394 401 411 413 433 449 458 472 478 481 502 
503 519 530 554 555 558 578 579 609 617 657 676 
683 691 708 718 719 730 732 734 735 750 758 761 
764 784 
76
33 38 41 59 80 83 88 90 106 112 126 139 
159 164 171 172 182 210 227 234 242 245 253 269 
274 297 323 324 334 338 344 350 354 357 363 394 
414 422 427 439 453 460 479 488 493 500 516 522 
560 566 578 582 592 593 601 607 608 616 629 630 
631 651 664 675 704 705 709 713 726 740 761 770 
779 784 789 796 
87
19 37 57 75 81 85 95 101 115 119 122 130 
133 134 139 140 144 150 166 183 195 197 199 201 
203 216 221 222 227 233 245 247 249 253 260 269 
272 299 312 327 340 368 370 372 377 396 413 419 
420 422 425 428 432 435 440 451 455 469 483 493 
528 536 543 561 579 585 589 595 622 631 634 659 
660 678 685 691 699 701 741 747 750 756 769 771 
775 776 792 
98
4 32 38 48 55 63 67 71 84 85 121 132 
137 140 157 166 168 173 192 203 206 208 220 223 
247 250 258 270 271 275 290 291 306 313 323 324 
326 332 336 338 348 355 361 373 381 384 385 413 
420 431 434 438 441 449 458 460 465 467 471 474 
475 486 492 506 511 512 516 547 559 562 569 579 
588 590 608 611 622 637 652 654 668 675 681 685 
686 687 697 702 709 727 741 752 759 769 771 773 
776 800 
91
7 8 15 20 25 39 45 70 77 95 103 114 
129 132 134 138 145 169 196 201 224 225 226 246 
247 253 257 258 260 277 281 290 300 301 302 304 
318 330 344 346 349 361 370 391 422 441 443 446 
451 473 477 481 490 503 505 508 513 515 516 520 
532 538 541 543 565 566 571 583 592 620 631 637 
642 645 648 663 664 666 670 685 714 717 722 728 
744 757 759 769 787 788 796 
80
1 2 5 26 29 44 53 57 74 84 111 127 
151 157 165 171 183 186 188 205 218 219 238 262 
266 270 300 303 312 316 318 319 324 330 336 345 
350 357 373 377 392 412 418 428 433 470 473 482 
484 490 517 519 529 535 537 539 540 550 552 592 
594 630 650 654 661 666 668 674 684 687 696 712 
739 743 749 765 769 771 772 790 
90
15 24 32 46 49 50 74 77 86 111 113 115 
136 159 164 166 172 176 178 204 211 216 220 234 
236 244 247 248 253 262 266 281 296 315 316 320 
324 342 378 380 388 395 396 404 412 422 440 442 
443 448 457 458 463 503 506 509 522 523 525 526 
553 556 557 558 569 576 590 595 598 605 611 655 
672 674 683 693 700 707 712 727 729 743 744 747 
754 760 765 766 775 785 
73
20 56 63 66 71 75 86 122 135 138 151 166 
183 189 190 192 196 200 210 212 218 223 248 253 
259 260 283 292 313 319 320 321 331 341 368 370 
406 408 420 440 460 476 486 489 492 510 531 582 
600 616 617 627 633 637 644 653 679 701 705 715 
722 725 730 739 747 757 768 772 773 777 780 792 
799 
74
6 18 28 40 45 52 59 69 90 109 114 115 
117 122 134 137 143 153 162 179 206 212 221 242 
254 286 288 296 297 304 313 334 335 345 373 378 
434 454 465 484 496 497 502 513 527 546 555 558 
562 564 570 590 611 613 614 626 638 657 658 664 
674 689 694 702 710 712 716 726 732 738 742 744 
746 761 
83
2 4 11 22 35 39 49 50 51 57 82 84 
85 86 87 90 91 127 128 133 139 182 186 200 
203 218 220 227 228 242 253 257 259 268 270 285 
288 289 298 306 318 321 358 365 376 383 412 435 
462 479 482 494 495 498 502 512 514 515 519 526 
562 593 596 614 631 636 638 654 676 682 690 696 
697 706 709 722 754 759 760 769 785 792 799 
67
10 21 45 57 59 69 70 76 77 86 98 105 
118 138 139 197 207 216 244 247 255 261 277 304 
313 316 324 328 331 337 343 345 347 354 385 388 
417 421 470 473 475 485 491 496 497 515 537 543 
545 579 589 607 610 615 631 632 643 669 700 711 
713 721 733 762 774 775 793 
76
1 3 17 22 32 33 38 45 56 58 64 78 
81 86 102 109 128 158 190 207 215 223 236 239 
241 249 253 254 266 274 299 314 316 329 330 331 
352 353 358 362 373 374 391 395 398 410 425 459 
465 481 484 499 504 511 512 518 529 547 567 569 
572 573 598 648 660 665 676 684 689 704 718 723 
734 777 786 787 
74
3 11 22 40 44 52 55 70 73 89 97 102 
107 125 138 146 150 154 155 181 199 207 228 232 
238 248 285 288 289 296 300 307 319 322 330 348 
351 367 394 397 402 413 434 441 448 456 462 476 
484 503 532 556 557 559 569 581 588 592 603 630 
637 660 661 671 678 681 722 730 736 738 752 766 
768 800 
83
50 55 81 84 92 93 98 100 104 105 107 120 
122 136 145 151 153 171 186 192 200 201 207 221 
226 237 268 284 290 299 317 320 325 334 336 341 
342 345 355 357 361 367 369 379 382 391 397 403 
429 442 450 459 508 511 513 516 529 545 546 558 
567 585 595 605 611 616 638 642 646 664 686 691 
700 704 706 710 711 728 767 769 782 795 799 
86
12 13 23 35 37 38 39 45 60 71 72 87 
100 120 132 148 156 160 177 184 185 186 197 200 
212 223 238 247 248 252 256 271 277 278 297 298 
314 326 328 340 348 353 370 371 378 391 396 402 
411 416 426 429 457 458 460 464 472 476 501 521 
546 572 579 588 590 595 604 641 654 668 679 697 
706 710 711 717 729 731 732 734 737 759 762 767 
769 795 
80
1 8 10 20 21 49 56 64 66 69 71 116 
121 128 150 159 178 194 204 213 214 215 250 251 
289 306 320 335 336 348 364 370 379 384 395 396 
404 421 422 445 449 452 456 457 462 463 467 475 
490 491 506 520 525 531 536 538 544 545 584 606 
607 608 614 640 649 659 684 691 700 711 713 714 
716 717 753 755 761 775 780 782 
93
19 23 26 35 49 52 53 71 83 97 115 122 
123 141 158 203 223 235 237 241 248 258 273 283 
285 286 287 288 294 296 301 303 315 316 327 338 
342 354 356 364 366 386 404 408 410 413 417 430 
444 465 479 484 485 493 499 501 504 505 515 516 
524 525 532 573 574 584 596 598 617 621 625 633 
640 645 649 653 656 660 666 671 684 698 699 724 
735 748 750 758 768 769 787 793 796 
59
47 55 60 62 83 84 92 134 159 172 183 198 
235 250 257 258 294 296 322 337 354 363 368 376 
449 450 461 465 468 482 514 520 540 541 546 548 
557 566 589 598 603 608 610 613 622 625 626 639 
640 676 684 691 696 710 726 727 736 745 757 
89
1 10 36 42 51 55 67 73 84 85 86 103 
125 135 141 143 146 150 154 165 167 177 178 185 
205 219 221 230 245 255 257 261 262 264 272 290 
296 298 321 326 328 329 331 346 352 362 363 364 
375 377 395 406 420 433 441 447 466 478 490 499 
516 518 520 533 551 556 571 574 577 579 580 582 
587 595 606 620 640 679 685 687 707 716 739 745 
749 751 752 766 774 
79
18 20 32 49 60 64 65 90 92 116 123 134 
137 142 180 186 200 206 221 222 228 258 270 284 
301 302 311 312 325 350 358 366 378 381 408 413 
428 436 438 444 451 455 464 466 486 512 516 520 
525 537 557 562 569 575 592 593 599 600 605 620 
630 632 646 659 693 704 710 714 747 749 756 757 
759 764 774 776 788 794 795 
77
14 18 20 28 68 79 90 112 152 164 168 176 
197 200 227 233 234 236 239 253 267 277 298 320 
327 333 362 371 372 382 393 394 398 406 407 416 
432 437 454 458 475 484 508 513 516 527 540 547 
567 571 585 601 603 608 611 621 625 638 644 647 
652 666 672 686 690 714 718 728 730 732 735 742 
773 780 794 799 800 
81
12 14 27 53 55 68 71 80 84 89 103 108 
111 115 131 140 144 166 193 194 201 219 221 245 
257 262 265 270 287 296 300 311 327 333 340 342 
351 394 408 411 444 446 472 498 505 506 507 509 
513 527 535 536 545 556 582 591 597 598 600 605 
612 615 624 627 628 634 645 651 661 663 673 686 
705 706 713 723 741 753 767 774 790 
66
4 16 21 45 53 55 59 67 90 96 110 136 
138 150 156 166 180 185 197 203 211 247 256 289 
306 332 336 339 347 351 368 373 374 378 400 404 
415 454 474 475 478 482 498 507 519 523 524 531 
538 542 544 556 630 656 659 664 678 686 710 719 
722 737 738 749 754 765 
74
14 16 30 32 47 55 82 100 117 151 154 159 
161 182 183 218 226 231 235 245 246 253 255 266 
283 295 301 308 315 318 328 339 344 352 365 376 
389 428 430 432 433 470 472 473 483 486 493 507 
510 520 534 541 545 562 572 585 594 617 618 630 
658 678 680 687 691 693 703 705 709 723 732 754 
765 782 
84
12 13 20 42 59 60 71 76 88 108 110 116 
123 125 140 153 197 222 236 238 244 271 286 300 
311 322 328 329 337 350 373 403 419 421 430 431 
436 438 444 451 459 462 465 477 482 488 490 493 
495 513 528 532 536 537 541 547 553 567 568 576 
589 592 597 600 620 626 633 638 650 665 676 705 
719 722 724 740 758 759 775 776 787 795 797 798 
103
4 6 17 35 37 38 53 64 77 79 92 93 
96 110 114 117 120 128 134 144 147 152 153 164 
171 177 182 195 197 200 206 207 221 225 227 238 
241 263 282 294 298 299 319 332 340 350 372 405 
406 420 434 439 448 449 461 467 478 479 491 507 
517 529 531 535 542 543 557 560 565 583 585 598 
599 603 604 607 612 618 623 626 627 632 633 634 
641 658 666 675 688 693 713 719 722 725 730 740 
756 766 775 787 794 799 800 
92
14 25 40 76 80 81 96 127 141 150 175 188 
200 203 206 208 223 241 248 269 270 278 279 280 
291 299 307 308 310 316 319 332 335 341 346 353 
378 380 381 392 398 406 414 418 424 432 438 451 
463 472 473 480 482 494 504 511 528 532 535 549 
557 559 579 603 609 619 633 634 639 645 676 692 
696 700 714 715 719 724 725 726 737 741 743 745 
751 753 759 760 761 768 787 797 
74
3 4 7 15 25 29 35 50 54 56 66 68 
78 93 97 103 112 118 128 129 169 184 185 189 
190 196 203 210 230 237 240 253 254 268 274 296 
297 298 310 325 357 375 400 413 443 448 470 480 
484 493 502 506 509 514 517 521 530 551 553 561 
576 580 594 615 623 627 638 671 681 703 770 783 
793 800 
86
8 31 35 57 62 63 69 81 89 93 108 111 
135 148 162 173 174 191 198 220 246 251 261 277 
280 285 287 291 292 309 317 326 333 344 356 358 
359 368 377 383 384 385 401 402 409 435 452 455 
461 482 485 490 495 499 500 522 535 537 545 549 
551 560 567 575 583 600 608 611 633 640 645 649 
654 680 690 691 693 697 705 721 758 763 777 780 
790 794 
69
19 30 54 55 78 82 83 85 104 108 125 139 
155 186 194 220 224 235 241 253 268 280 288 298 
299 324 332 337 339 345 358 361 397 404 406 414 
416 419 421 422 430 457 461 472 486 490 513 529 
538 549 575 582 583 619 632 638 645 650 653 656 
659 695 711 713 717 730 767 783 792 
78
3 9 10 14 37 40 68 69 74 78 87 88 
121 125 126 127 133 141 171 183 184 207 213 220 
255 256 258 266 274 279 290 298 301 332 339 349 
352 364 382 391 404 415 422 430 459 475 486 496 
502 512 524 528 538 548 566 601 613 615 619 631 
638 646 658 662 665 675 677 678 687 700 704 706 
723 731 734 748 792 797 
81
4 7 8 28 31 34 35 43 58 60 75 78 
84 92 104 106 108 115 124 132 137 144 146 149 
158 165 167 189 190 191 206 208 219 237 239 246 
254 291 296 307 335 341 348 351 356 359 376 380 
408 409 411 421 440 448 451 474 490 494 512 523 
526 528 554 561 562 590 605 623 649 657 661 662 
668 673 688 689 695 734 756 762 763 
72
17 32 57 59 61 69 74 78 80 105 121 125 
132 144 145 149 173 179 180 189 205 211 212 222 
255 259 263 290 310 317 318 321 339 344 350 363 
366 378 383 384 385 408 415 430 438 456 491 509 
512 525 557 562 571 577 588 599 601 614 629 633 
637 642 670 675 698 704 705 708 737 756 791 796 
70
1 23 41 44 47 53 70 72 92 93 117 129 
134 173 188 204 214 248 262 266 274 277 280 304 
321 325 329 355 368 373 380 382 402 406 416 422 
423 443 445 457 488 521 522 545 548 564 566 573 
576 584 620 632 651 667 671 677 686 691 693 700 
701 727 728 730 732 735 770 777 780 800 
63
15 22 29 33 37 57 89 128 143 157 161 162 
163 169 186 188 211 250 262 275 280 303 314 319 
323 331 351 352 354 390 409 426 427 439 440 471 
474 490 491 494 513 514 519 533 586 613 634 637 
650 656 665 670 684 717 720 721 726 732 740 757 
765 780 796 
75
12 26 57 75 81 83 87 93 99 130 142 162 
174 185 186 209 210 211 214 232 234 239 264 277 
278 279 286 303 306 307 314 338 339 343 345 350 
351 360 363 365 368 392 406 451 471 484 487 512 
517 526 528 551 568 570 571 577 593 619 624 636 
637 647 664 713 718 722 725 727 735 737 747 760 
771 796 797 
79
7 39 77 79 91 96 99 104 118 122 148 170 
177 181 198 202 210 215 226 252 253 266 268 274 
291 296 317 321 336 338 357 375 389 399 428 436 
437 441 467 480 510 528 541 548 557 570 593 598 
599 603 619 625 631 633 639 640 642 643 644 653 
668 682 684 703 705 708 712 742 747 756 765 766 
772 778 783 786 787 793 797 
82
3 4 5 6 22 24 29 32 48 50 52 54 
63 67 111 119 126 135 136 138 139 143 160 162 
164 195 196 197 219 244 255 265 275 279 293 298 
300 306 360 361 364 375 380 387 398 403 410 412 
413 414 415 439 466 482 491 494 497 504 524 526 
536 545 551 554 555 560 581 585 593 622 664 670 
686 688 698 700 707 709 710 711 713 759 
76
5 9 12 14 16 20 23 27 72 75 95 102 
150 154 180 188 192 201 202 227 229 230 261 269 
296 305 309 341 342 362 367 388 439 445 449 450 
465 469 471 486 499 525 528 530 533 546 549 574 
575 576 595 601 613 623 641 642 654 660 665 680 
687 690 693 695 708 711 723 726 731 736 750 755 
758 770 777 779 
91
16 22 40 60 64 67 79 90 98 105 122 145 
150 159 170 172 177 178 182 189 197 199 203 227 
228 229 242 248 260 271 273 277 283 301 307 311 
327 329 337 341 343 345 362 388 391 396 397 399 
402 406 412 414 418 432 438 447 450 455 468 472 
473 479 488 490 497 501 518 524 536 553 557 566 
581 586 587 590 599 637 655 676 687 691 698 703 
734 754 767 771 775 786 791 
99
14 15 18 24 42 52 60 65 66 70 73 81 
88 109 110 111 115 119 121 125 126 127 137 144 
149 178 179 190 198 215 217 223 225 228 230 241 
243 256 278 285 293 295 300 324 327 348 350 352 
353 363 368 391 392 408 409 416 417 423 444 450 
467 479 484 490 493 494 502 503 508 521 536 541 
544 561 566 584 588 592 599 606 609 615 616 626 
642 653 663 671 676 682 712 716 717 720 729 738 
748 776 790 
76
5 18 22 24 28 29 39 45 61 75 97 100 
101 106 116 119 126 132 136 138 139 151 155 158 
167 176 178 182 189 195 208 263 287 288 301 310 
352 355 364 382 403 420 461 477 478 489 496 504 
512 552 554 567 575 596 600 636 637 647 651 653 
658 674 677 685 694 705 710 715 717 722 723 735 
755 760 769 782 
66
5 10 17 43 49 53 69 71 80 95 111 127 
134 141 149 165 180 186 203 211 220 241 244 259 
262 273 283 296 353 388 433 448 449 480 485 495 
498 518 534 554 562 574 576 582 594 595 599 604 
612 632 656 660 670 692 695 707 714 726 730 736 
741 745 752 774 779 797 
69
7 9 14 17 18 21 63 66 84 95 105 118 
129 130 146 161 168 171 173 196 204 220 241 260 
264 267 268 276 286 290 299 302 312 343 370 400 
403 418 425 430 438 451 456 457 469 506 507 519 
534 546 583 587 596 611 623 634 654 661 674 675 
681 687 692 700 720 731 735 796 797 
91
8 18 19 26 28 39 44 55 57 68 81 90 
105 106 117 126 137 161 188 195 198 201 204 209 
225 227 236 237 242 245 258 283 287 289 291 300 
307 328 332 344 350 359 361 399 401 406 418 437 
451 452 453 466 473 485 489 513 514 515 529 552 
562 567 572 582 585 591 594 602 609 616 623 637 
643 650 693 703 705 706 713 718 725 730 738 739 
744 752 754 758 779 791 800 
72
29 44 46 54 55 76 80 83 92 95 106 125 
127 144 180 184 191 198 202 225 250 260 274 293 
304 307 336 349 383 391 404 420 423 430 432 453 
459 477 478 484 486 487 496 502 509 514 515 521 
533 534 567 598 601 618 633 635 642 678 679 681 
685 692 698 727 728 744 756 759 764 768 770 773 
78
5 22 41 55 63 88 92 94 101 103 117 133 
135 137 142 149 157 171 174 182 193 202 204 227 
234 239 247 274 279 284 293 317 345 349 357 361 
370 379 387 389 407 415 423 435 436 441 456 470 
514 527 529 534 540 547 557 561 562 572 588 600 
614 648 654 659 679 681 700 703 722 727 728 744 
746 748 767 785 792 798 
68
8 16 19 27 42 68 77 85 95 96 103 125 
126 129 133 137 143 149 156 172 178 218 231 239 
241 242 275 285 287 289 302 307 321 333 335 350 
351 408 460 476 478 487 495 502 532 533 538 543 
549 552 560 604 606 613 614 628 653 660 682 699 
726 738 744 752 760 765 784 792 
88
11 15 31 46 65 68 105 124 136 160 164 178 
183 192 200 237 242 245 250 253 261 266 273 275 
280 288 300 329 346 350 354 355 364 387 408 415 
441 445 459 464 468 476 481 483 484 491 495 500 
504 510 522 531 539 541 547 562 569 580 590 592 
604 610 614 617 624 627 642 654 664 665 666 669 
673 677 687 689 694 697 706 712 734 745 759 766 
772 782 784 795 
86
3 4 22 24 28 43 44 47 49 55 58 60 
64 67 75 83 103 113 114 115 117 119 143 150 
154 170 181 220 239 242 269 271 297 298 301 317 
327 334 344 352 355 362 382 384 389 404 420 425 
453 458 463 466 468 476 490 503 510 521 529 546 
568 577 579 584 587 590 595 614 634 641 647 671 
690 692 705 731 732 742 749 766 779 790 793 797 
798 800 
80
1 3 4 7 28 35 53 57 71 74 80 88 
95 105 112 115 118 122 139 166 179 180 202 213 
245 270 276 282 292 306 328 331 334 359 376 377 
386 402 404 421 430 466 468 476 477 485 494 501 
503 520 530 538 550 553 623 634 636 644 647 650 
655 658 674 700 713 715 717 723 726 745 751 756 
762 764 765 766 772 776 789 794 
85
5 8 14 45 46 65 74 82 83 93 95 96 
103 104 120 123 124 128 132 133 136 143 144 149 
155 156 158 170 181 184 187 200 205 222 223 231 
239 257 271 293 298 325 326 331 349 356 372 403 
454 466 470 480 485 491 508 509 524 529 531 553 
554 557 562 567 586 594 610 613 623 637 639 644 
659 662 667 678 711 722 729 733 741 748 749 754 
760 
79
15 20 31 42 46 78 83 93 99 102 105 131 
132 184 188 216 230 243 248 259 281 282 285 291 
293 314 318 328 345 358 363 369 381 387 419 424 
427 429 433 434 449 477 483 488 520 528 532 539 
546 565 566 568 569 572 576 579 582 611 614 624 
641 645 653 660 666 672 688 702 705 739 741 743 
757 765 770 776 781 799 800 
84
1 3 6 20 43 49 50 53 58 65 67 70 
75 81 95 115 136 142 153 156 158 167 181 186 
191 205 207 210 217 234 236 243 248 249 256 257 
274 295 297 318 331 343 344 352 354 372 381 395 
402 423 442 447 458 468 474 475 496 507 515 519 
526 534 540 551 553 559 596 614 619 637 661 663 
673 676 681 702 703 729 734 744 752 779 784 797 
69
52 54 56 83 111 113 118 124 144 154 169 176 
186 229 232 246 259 273 284 287 307 309 329 344 
351 352 358 366 374 383 390 428 477 510 514 516 
526 527 529 541 553 573 586 588 594 600 609 613 
615 622 638 653 657 665 686 694 697 702 711 726 
728 732 735 739 762 773 782 784 797 
92
11 12 16 25 37 44 49 58 79 83 96 117 
119 132 138 139 145 147 148 152 159 169 175 182 
183 192 201 230 255 283 317 322 323 328 335 344 
349 354 355 358 370 371 384 387 390 394 407 410 
416 418 423 428 429 443 469 473 482 485 519 527 
529 534 545 562 568 573 575 590 605 615 616 621 
628 635 636 637 645 650 662 668 670 682 686 710 
716 717 724 730 735 742 763 785 
83
10 17 21 37 45 53 54 62 63 70 72 80 
85 89 149 156 157 162 164 175 179 191 193 209 
230 234 243 264 308 317 323 335 348 349 358 365 
404 418 420 430 432 448 454 455 456 461 467 475 
483 489 517 547 556 565 567 575 579 585 592 594 
612 630 639 644 648 652 659 664 673 685 691 693 
715 718 719 738 741 742 748 771 781 786 793 
77
18 28 34 48 54 58 64 88 92 95 103 107 
114 125 132 138 140 153 155 157 159 165 180 189 
195 213 218 226 242 252 258 261 281 284 290 292 
332 337 340 362 399 416 472 480 484 486 490 492 
494 508 511 531 579 583 588 603 608 609 615 651 
652 657 664 672 714 716 718 726 727 728 749 755 
760 764 792 793 794 
89
11 13 33 39 44 46 71 90 97 101 107 127 
135 143 147 156 165 174 196 206 208 239 254 263 
273 274 277 279 290 291 308 317 318 332 348 356 
368 369 370 372 378 390 402 423 429 446 463 472 
475 477 479 481 500 503 504 524 534 535 544 549 
554 562 567 577 590 594 595 598 610 611 618 623 
633 677 680 682 693 702 708 711 715 730 732 733 
741 742 754 756 789 
80
14 17 19 37 39 43 60 75 76 95 97 105 
125 127 137 139 141 154 159 167 169 178 185 191 
207 214 220 227 230 239 242 245 247 258 259 284 
289 334 340 341 358 366 392 395 406 426 432 443 
450 468 472 483 501 506 518 545 552 553 555 557 
560 574 581 592 603 604 630 647 648 657 666 685 
686 687 707 747 753 772 781 798 
82
36 46 57 58 65 68 75 76 84 85 97 108 
113 132 147 158 160 163 173 184 197 198 230 235 
257 269 282 295 299 300 310 312 317 332 334 336 
340 350 359 361 364 373 387 394 397 418 422 426 
428 446 450 454 457 459 466 481 486 488 514 529 
546 554 562 572 589 595 598 632 654 664 666 676 
686 691 697 705 714 725 751 752 790 800 
86
2 5 10 14 24 37 39 49 64 96 113 114 
116 124 125 134 150 161 163 164 166 173 189 193 
194 203 206 213 220 242 256 266 267 285 301 326 
350 352 364 368 373 391 408 426 433 439 442 451 
457 462 463 472 475 476 479 487 509 511 520 535 
554 564 565 608 623 632 643 648 656 677 681 682 
685 690 691 701 703 708 709 755 759 765 775 782 
784 794 
93
6 11 19 25 33 34 36 48 59 60 61 68 
78 79 80 82 126 134 142 146 147 152 172 176 
177 185 215 217 221 224 225 237 271 284 290 294 
331 332 335 363 368 370 373 396 398 423 445 446 
449 450 452 453 463 465 487 499 502 518 519 534 
540 541 545 549 551 555 584 611 614 621 642 648 
652 655 656 663 683 700 718 723 724 725 731 739 
743 747 750 751 763 784 793 794 799 
89
10 13 25 33 36 46 49 56 61 64 65 73 
81 112 114 116 118 127 129 136 144 176 179 187 
192 201 204 205 206 210 235 266 268 273 293 296 
304 309 313 320 333 342 343 358 362 376 378 385 
393 419 430 450 454 456 472 490 501 505 513 534 
539 540 544 545 562 564 594 600 603 607 611 617 
625 640 641 646 663 675 676 684 690 697 703 714 
719 754 769 783 784 
72
1 12 19 28 44 69 81 84 88 89 93 112 
128 152 156 163 164 219 221 223 230 248 252 270 
292 293 308 322 332 344 357 360 367 368 396 412 
427 442 446 480 498 500 502 506 522 531 551 572 
578 593 614 615 617 620 621 623 627 631 636 640 
652 701 708 712 713 727 735 742 745 750 758 781 
88
9 16 36 56 67 84 87 89 107 109 118 133 
135 137 139 140 144 145 156 166 176 179 190 198 
212 223 239 245 253 266 269 272 275 278 284 297 
298 302 305 331 334 343 344 347 361 363 369 394 
408 455 457 466 476 486 488 490 492 493 502 505 
506 508 519 521 535 540 554 561 582 590 615 632 
634 647 651 652 663 688 699 701 712 722 725 741 
750 764 784 787 
79
2 17 18 27 57 70 78 112 116 117 129 133 
159 184 190 200 206 216 221 222 239 247 252 301 
306 321 323 324 339 343 349 368 371 384 406 407 
424 433 434 436 441 444 450 459 462 481 483 490 
492 495 503 540 546 571 572 583 594 603 615 642 
652 663 667 696 705 707 716 718 719 722 725 739 
745 747 764 770 779 794 796 
91
31 32 35 39 69 88 104 124 125 131 139 149 
150 154 164 171 204 213 216 236 239 254 267 288 
293 296 315 316 317 332 335 360 366 375 378 385 
392 401 402 403 408 410 418 421 461 469 484 495 
498 502 503 509 513 514 517 529 531 536 538 546 
564 565 567 596 599 605 606 614 615 616 618 633 
635 645 661 679 683 699 715 743 748 752 754 759 
767 769 786 788 789 793 797 
75
5 6 21 39 50 61 77 78 111 148 156 159 
163 181 194 198 199 202 209 222 272 281 288 291 
293 306 312 324 327 332 335 336 338 348 352 356 
360 379 380 403 415 417 437 443 458 487 494 534 
552 559 586 597 613 620 629 656 660 662 668 671 
673 682 691 697 700 701 721 732 749 754 765 778 
783 787 800 
67
1 3 19 29 31 33 42 43 45 52 73 76 
83 85 91 97 123 124 129 146 149 165 175 184 
202 205 215 232 246 260 266 271 294 327 339 351 
356 370 393 400 403 420 421 446 454 468 478 479 
503 508 524 536 590 617 646 655 683 692 715 718 
726 745 748 752 759 781 793 
59
9 10 13 24 26 32 41 73 94 112 120 140 
186 201 221 259 265 290 293 295 296 313 318 324 
344 353 369 383 393 399 402 422 440 441 452 467 
476 489 504 521 540 562 621 650 659 688 692 706 
708 731 741 745 746 747 760 778 783 786 794 
69
7 18 37 42 43 52 58 60 110 114 125 128 
144 171 173 177 178 194 205 236 253 257 260 267 
268 280 315 318 320 323 329 331 349 365 389 396 
405 420 435 440 461 477 479 490 497 524 539 553 
556 559 562 566 575 579 594 611 616 628 635 664 
666 670 676 714 718 733 746 756 778 
78
6 18 37 39 56 59 96 101 102 112 115 128 
138 140 147 149 158 162 176 183 206 213 214 239 
254 257 262 264 265 266 292 334 338 343 374 382 
391 392 395 396 404 406 413 414 420 457 470 480 
485 492 502 510 517 527 552 564 573 574 575 591 
618 625 633 651 657 677 702 704 712 726 735 749 
759 782 783 793 795 798 
90
3 7 20 24 29 48 51 64 78 81 82 88 
101 105 110 119 126 130 143 149 152 158 161 177 
178 190 200 203 220 228 260 264 266 282 287 292 
300 321 325 347 354 366 375 384 388 394 403 414 
431 458 472 479 481 493 502 507 521 546 548 549 
564 572 577 580 586 588 590 608 628 632 637 653 
655 674 675 693 705 720 735 736 743 744 748 750 
751 757 770 773 792 796 
80
26 44 49 52 55 60 74 75 81 98 101 118 
123 135 150 151 153 163 168 170 177 180 183 188 
189 191 198 226 228 273 278 279 288 292 304 305 
308 312 322 349 352 356 377 378 389 394 395 400 
402 404 411 442 460 462 471 477 478 499 502 516 
530 535 541 554 556 586 588 590 622 626 648 666 
698 704 706 724 735 744 788 795 
73
2 9 24 35 37 55 58 76 83 104 106 107 
109 111 114 117 132 133 143 155 162 177 179 195 
219 222 236 241 243 293 297 301 323 349 353 378 
379 380 400 403 426 434 464 468 473 482 491 506 
512 533 548 552 560 581 594 620 630 633 644 646 
648 656 661 674 706 748 759 766 767 769 777 782 
798 
73
1 25 28 83 96 105 110 114 150 152 173 175 
187 190 196 202 208 213 227 245 269 277 282 287 
291 293 310 314 325 348 350 381 385 388 391 392 
399 406 431 434 438 446 449 450 455 482 497 503 
507 509 510 521 539 554 556 559 590 599 618 633 
642 655 660 662 687 692 731 734 737 743 785 792 
799 
90
14 24 31 34 35 38 48 53 71 73 82 83 
85 92 94 102 109 114 124 127 136 149 176 185 
193 199 202 210 211 216 221 226 229 239 244 261 
263 274 276 282 291 312 318 320 345 346 350 355 
387 410 418 446 476 488 492 499 512 521 522 542 
555 557 568 573 575 576 606 609 610 613 624 632 
651 659 660 673 676 687 691 700 705 710 718 739 
747 764 765 780 798 800 
96
55 56 71 72 79 83 90 91 102 103 113 141 
144 150 174 178 179 193 197 213 214 239 240 244 
264 270 273 279 298 326 339 342 343 346 347 348 
353 354 371 375 380 382 410 411 419 422 435 439 
445 450 454 469 472 488 502 504 512 513 516 521 
541 547 558 559 560 565 567 568 598 606 618 622 
637 677 680 701 702 710 729 730 731 732 733 735 
737 739 747 752 757 764 774 778 787 792 795 796 
83
19 31 35 40 51 52 71 86 96 98 125 134 
136 165 166 197 209 251 271 275 277 279 280 281 
289 298 300 301 310 315 321 324 327 338 340 355 
367 377 390 397 402 411 454 459 471 487 496 518 
521 527 528 535 536 546 552 558 559 561 575 584 
585 589 592 599 605 607 626 640 646 650 651 681 
702 729 743 755 756 766 767 775 790 795 800 
78
11 23 43 46 50 51 55 57 73 79 80 90 
102 111 114 134 140 168 184 193 201 204 209 214 
217 222 238 239 255 274 281 292 298 322 339 345 
352 370 371 386 401 408 441 444 464 477 486 494 
504 505 507 513 514 525 541 547 560 572 575 589 
599 613 614 621 641 652 672 674 680 705 721 734 
738 746 757 759 768 789 
87
1 4 12 19 21 25 36 37 51 99 117 124 
162 175 176 180 192 195 197 204 227 228 240 247 
251 253 256 261 266 273 308 310 323 324 327 332 
356 359 380 381 389 417 422 433 436 442 454 473 
483 485 491 495 519 531 535 546 548 549 551 573 
585 598 602 609 610 635 636 640 651 654 655 656 
675 679 696 697 702 704 706 715 719 733 759 768 
775 784 798 
88
3 7 8 26 32 35 36 43 44 45 47 51 
80 84 88 97 99 109 111 113 118 125 127 130 
167 170 171 173 183 200 209 210 244 247 254 261 
286 296 303 314 332 335 338 340 348 351 353 364 
372 380 388 399 404 418 422 443 446 463 471 478 
486 487 497 502 517 521 526 566 570 574 579 601 
608 609 616 619 630 632 663 666 684 708 711 726 
734 750 783 795 
75
9 19 31 49 50 51 75 82 111 113 119 126 
132 159 176 177 183 185 193 198 217 225 227 228 
242 253 255 258 261 288 319 320 379 380 386 400 
416 418 439 443 465 473 483 484 504 505 507 517 
520 525 538 539 550 553 572 610 617 619 631 643 
656 679 691 696 699 711 718 741 748 755 763 765 
769 778 794 
72
4 37 40 49 50 59 70 74 76 82 86 104 
114 148 149 183 185 186 188 203 205 206 209 234 
239 249 255 279 298 321 323 327 341 343 372 373 
374 378 388 399 401 409 416 417 423 427 430 438 
467 469 487 491 528 533 545 560 562 564 572 586 
628 631 647 657 674 711 714 726 740 751 781 798 
70
1 16 23 37 73 84 86 159 193 207 208 224 
236 244 251 254 272 277 280 301 336 352 360 368 
370 380 391 394 397 415 434 440 446 449 461 462 
472 479 483 496 503 522 524 525 530 548 552 571 
579 605 612 622 625 628 633 637 639 645 654 680 
702 707 737 741 755 767 771 777 784 786 
82
8 28 32 33 34 38 60 65 68 72 76 80 
92 102 107 108 115 122 123 161 163 183 184 187 
188 193 219 248 250 275 283 299 303 325 337 339 
342 344 367 371 409 431 436 445 466 475 491 495 
496 498 506 526 528 530 531 533 537 550 558 562 
584 597 607 610 612 616 630 632 641 643 650 665 
677 679 696 723 725 758 772 779 784 797 
70
12 13 37 42 45 58 73 80 94 99 104 109 
135 137 148 151 152 171 182 255 268 290 293 303 
305 309 360 362 388 394 402 423 426 434 439 463 
470 494 497 511 513 530 549 565 586 592 596 600 
609 627 635 639 643 644 647 651 670 675 687 696 
700 704 707 713 716 737 738 765 773 795 
76
13 16 29 40 41 49 69 74 75 82 106 109 
117 121 128 139 158 180 186 203 226 240 249 257 
258 269 302 316 322 329 365 379 387 389 392 412 
422 426 431 432 436 450 455 456 467 469 492 497 
498 503 510 543 568 571 589 592 599 622 649 650 
655 664 672 684 698 711 718 727 743 757 759 771 
785 787 798 799 
74
10 27 38 47 48 68 93 96 99 133 136 137 
148 171 172 177 184 205 214 217 219 246 271 290 
300 307 331 332 340 341 343 351 391 393 397 408 
418 424 427 432 437 442 447 457 458 471 481 492 
524 526 532 535 550 555 566 580 587 589 591 599 
607 628 631 647 658 662 680 686 703 744 751 791 
792 798 
71
4 18 29 30 33 37 45 56 58 71 92 103 
112 115 130 135 138 158 171 178 216 221 229 230 
241 253 258 304 334 347 350 358 363 371 375 399 
400 421 425 491 501 505 513 516 526 544 556 559 
575 577 578 585 594 598 623 631 636 661 665 667 
675 686 690 707 737 739 741 770 773 775 798 
90
2 4 24 53 60 61 71 105 112 126 132 138 
150 167 177 191 196 201 218 225 228 232 240 247 
259 265 267 273 275 284 286 287 292 295 301 307 
311 325 329 330 334 336 344 352 365 368 369 370 
386 398 423 430 435 448 449 451 456 477 500 503 
510 518 523 524 545 555 567 574 575 600 601 603 
615 621 626 646 664 667 692 693 697 711 716 720 
724 731 733 779 784 793 
95
5 8 20 24 32 42 55 60 63 68 78 92 
100 101 120 121 131 150 168 169 180 205 208 220 
223 235 245 259 266 267 268 283 298 313 314 318 
327 330 332 333 344 345 349 373 408 409 417 430 
447 449 455 456 478 482 498 506 508 514 521 533 
546 551 554 560 568 575 577 589 603 612 617 619 
621 622 631 651 652 666 668 679 689 699 718 719 
721 742 756 764 766 769 771 783 792 793 796 
72
4 5 13 19 24 25 64 77 80 84 88 110 
112 116 118 125 128 141 148 167 183 185 205 206 
209 233 234 263 282 293 300 310 318 320 324 330 
333 335 336 345 346 361 363 371 391 398 407 436 
442 452 482 485 486 520 523 535 541 555 583 600 
625 635 641 644 664 669 701 706 755 773 789 800 
71
28 59 70 84 90 94 98 104 111 114 157 162 
166 170 172 180 181 198 248 253 265 266 271 275 
278 282 328 355 361 406 409 424 425 459 470 484 
490 498 503 504 509 522 525 530 558 572 581 587 
595 621 624 633 636 660 709 711 715 721 723 725 
728 735 748 758 765 767 777 782 794 795 798 
77
4 31 57 66 80 90 97 110 113 159 165 193 
201 202 210 227 252 253 255 261 264 267 269 270 
271 290 302 304 314 317 318 322 331 344 347 349 
369 377 379 387 392 420 422 424 432 433 441 464 
474 484 509 510 521 539 547 549 556 569 580 581 
588 608 618 621 625 638 645 664 677 679 683 687 
696 712 719 729 759 
79
8 27 33 37 48 52 60 66 69 78 82 100 
104 105 124 127 128 130 140 143 154 160 167 173 
177 192 197 200 228 243 259 261 269 272 277 294 
298 302 319 328 333 341 342 357 364 401 410 414 
427 429 431 439 456 463 477 487 493 511 552 558 
562 570 604 607 637 650 657 666 670 683 692 693 
718 722 728 746 763 798 799 
65
2 20 23 42 49 61 84 87 92 95 101 147 
175 201 206 215 235 246 263 284 288 308 310 325 
330 336 350 359 369 383 394 395 411 414 435 436 
465 466 479 524 529 545 564 578 582 596 601 610 
616 631 669 679 686 700 704 718 727 746 747 749 
759 760 763 774 800 
75
9 10 23 44 48 61 70 110 115 128 157 166 
168 175 199 204 216 225 226 227 233 245 263 276 
284 293 298 303 309 315 319 325 328 333 336 364 
366 380 391 403 417 426 428 430 433 435 440 442 
449 455 456 475 492 493 500 516 527 530 533 551 
604 641 664 666 676 722 725 732 734 736 743 763 
766 768 778 
78
6 20 36 39 63 76 93 105 111 112 123 153 
174 180 182 186 194 195 204 209 219 229 235 237 
240 245 255 256 257 274 286 298 328 329 340 347 
349 390 399 417 444 467 479 494 502 503 504 512 
515 520 542 553 559 585 592 602 605 608 613 636 
639 640 644 645 646 650 658 673 684 699 726 728 
762 765 775 778 779 791 
78
1 4 10 14 30 31 37 41 43 44 57 91 
106 130 135 150 151 156 181 190 218 227 232 235 
240 244 247 250 256 272 275 282 286 292 304 306 
316 318 322 343 346 347 348 352 368 371 382 402 
411 415 418 435 448 450 466 510 519 520 524 529 
537 547 562 593 603 605 606 625 630 688 722 737 
743 756 761 779 787 796 
77
1 16 25 27 33 37 47 63 110 120 125 132 
133 149 150 152 153 154 155 164 176 183 186 188 
197 199 258 261 314 316 317 319 343 344 352 355 
363 375 381 385 410 423 431 437 449 451 461 466 
468 483 485 486 489 497 513 522 540 542 616 623 
629 654 686 688 695 703 710 720 725 737 748 750 
758 768 776 779 798 
