400 200
1 1 1 1 1 1 1 1 1 1 1 1 
1 1 1 1 1 1 1 1 1 1 1 1 
1 1 1 1 1 1 1 1 1 1 1 1 
1 1 1 1 1 1 1 1 1 1 1 1 
1 1 1 1 1 1 1 1 1 1 1 1 
1 1 1 1 1 1 1 1 1 1 1 1 
1 1 1 1 1 1 1 1 1 1 1 1 
1 1 1 1 1 1 1 1 1 1 1 1 
1 1 1 1 1 1 1 1 1 1 1 1 
1 1 1 1 1 1 1 1 1 1 1 1 
1 1 1 1 1 1 1 1 1 1 1 1 
1 1 1 1 1 1 1 1 1 1 1 1 
1 1 1 1 1 1 1 1 1 1 1 1 
1 1 1 1 1 1 1 1 1 1 1 1 
1 1 1 1 1 1 1 1 1 1 1 1 
1 1 1 1 1 1 1 1 1 1 1 1 
1 1 1 1 1 1 1 1 
19
2 8 29 38 40 45 48 59 60 79 82 85 
93 126 131 150 161 179 190 
25
7 17 25 31 44 52 54 59 63 84 94 110 
121 122 125 131 146 149 150 159 160 182 193 195 
196 
23
5 13 15 29 40 44 53 54 74 75 93 100 
106 118 125 137 145 151 154 160 168 176 199 
14
26 36 41 43 65 95 110 139 157 176 187 192 
196 200 
24
2 3 8 10 30 59 80 84 100 101 108 118 
129 138 144 148 157 161 167 170 171 172 199 200 
22
5 11 19 22 31 35 58 66 70 74 87 93 
96 101 110 119 126 127 135 154 174 197 
23
3 11 13 24 28 38 46 54 58 76 95 104 
121 122 144 145 150 162 167 178 183 189 190 
21
15 18 26 30 36 38 43 59 62 68 88 90 
91 93 108 120 156 158 191 194 200 
24
3 22 46 47 54 57 67 68 69 73 85 89 
90 92 103 122 142 143 148 160 162 183 188 195 
25
1 8 12 21 24 42 49 60 69 70 83 98 
101 111 115 124 134 135 136 139 150 153 181 183 
190 
20
2 6 37 45 51 78 92 102 110 116 126 136 
137 139 152 154 169 181 185 190 
15
5 7 17 20 22 42 90 96 101 136 140 163 
174 185 198 
20
16 17 44 45 63 74 76 94 110 113 122 137 
139 147 175 182 186 193 196 200 
21
10 12 15 30 32 54 77 83 84 97 127 139 
143 159 161 165 170 172 174 185 194 
16
21 27 31 34 35 37 40 53 58 74 81 90 
96 123 144 164 
22
3 20 49 51 53 55 61 64 67 68 81 82 
84 91 109 130 131 147 154 169 171 198 
26
19 31 33 40 55 59 64 65 83 85 94 99 
100 104 110 119 121 122 124 129 131 162 169 173 
183 198 
22
4 11 24 26 29 33 37 51 77 102 106 109 
126 129 141 153 154 156 165 169 171 185 
16
1 4 10 37 43 48 71 89 108 110 121 127 
135 152 180 181 
29
8 17 30 50 57 76 78 83 87 99 105 112 
113 115 118 120 122 124 128 142 143 149 160 166 
167 172 184 196 199 
17
4 13 19 33 72 74 87 97 104 137 143 164 
182 185 192 197 199 
23
9 27 48 60 63 68 84 103 107 113 115 136 
140 146 148 149 160 171 172 176 182 188 198 
25
14 20 21 23 30 34 37 47 48 54 59 68 
93 97 98 104 112 122 128 132 162 166 180 186 
199 
24
2 4 9 12 20 27 28 45 46 60 88 106 
111 112 121 133 137 143 155 169 171 189 191 195 
21
2 31 40 45 53 66 74 75 87 129 131 142 
145 147 150 156 158 181 182 188 191 
22
4 9 22 60 64 65 69 71 85 88 100 104 
107 110 113 115 117 127 166 180 190 194 
13
9 10 25 29 51 79 123 126 177 178 186 187 
190 
21
11 12 28 31 40 43 70 77 78 80 89 95 
99 107 149 150 171 183 184 190 197 
27
1 17 18 26 29 35 38 40 42 47 50 67 
81 82 100 104 107 137 139 149 152 153 159 163 
170 195 197 
22
3 5 8 20 51 59 62 63 67 84 85 119 
123 132 137 144 145 146 152 172 183 196 
19
2 7 14 50 61 74 86 95 106 110 112 126 
130 134 162 175 184 189 199 
18
6 13 22 25 29 30 36 54 69 85 91 95 
129 142 146 157 178 196 
25
4 19 24 30 43 45 46 51 54 57 62 79 
87 96 99 100 102 103 127 144 145 160 174 182 
184 
17
26 46 51 53 59 60 63 64 72 81 84 94 
119 142 160 189 198 
14
4 8 29 33 39 67 73 97 99 101 151 175 
180 193 
15
1 6 7 41 60 90 104 106 109 112 124 146 
172 184 198 
15
21 50 52 53 58 62 63 123 128 151 152 159 
164 177 188 
14
5 29 33 55 56 57 63 96 124 157 164 168 
182 188 
18
1 21 26 50 52 75 77 79 101 104 133 135 
157 161 167 178 179 196 
23
6 20 30 31 33 51 56 59 63 68 71 74 
84 91 114 150 151 152 157 162 173 188 191 
24
1 2 7 8 15 20 25 29 46 50 57 69 
71 74 97 110 122 143 144 156 167 168 187 190 
15
20 22 26 38 47 55 74 75 77 113 124 141 
157 188 189 
18
13 23 44 52 53 54 61 80 93 109 111 144 
153 175 179 180 197 199 
20
17 21 22 43 49 69 75 81 83 97 115 130 
146 152 158 163 168 169 176 188 
20
5 10 17 27 58 63 69 95 108 112 136 139 
162 165 169 172 173 176 192 196 
19
10 20 29 36 42 56 59 71 75 83 101 112 
133 139 140 144 147 156 172 
17
3 12 45 48 66 69 89 91 100 117 122 130 
146 174 190 194 198 
18
9 11 12 14 15 52 55 60 80 86 100 101 
117 120 124 159 161 178 
16
27 35 36 53 72 73 93 96 127 148 150 161 
164 169 171 180 
24
1 10 36 46 47 61 81 83 84 92 93 105 
106 113 116 120 124 128 134 147 159 171 181 199 
18
32 43 49 52 61 67 68 85 91 95 103 110 
111 152 172 176 188 194 
26
4 9 10 17 40 49 55 62 73 79 80 86 
90 105 107 110 111 121 141 151 157 162 170 175 
181 187 
24
7 10 27 35 49 54 56 57 62 63 72 84 
94 96 98 113 128 131 137 149 157 165 197 198 
14
12 33 92 95 99 124 131 156 167 170 171 190 
191 196 
20
1 23 24 37 40 71 89 96 98 129 134 143 
148 151 152 158 167 171 179 197 
20
5 11 29 51 53 70 80 81 94 97 102 112 
142 144 146 148 162 166 167 190 
20
4 7 13 16 26 34 47 66 68 73 75 86 
102 114 120 121 128 129 152 156 
32
12 13 16 31 37 42 47 50 52 53 74 77 
80 81 84 90 94 95 100 115 118 125 128 132 
150 161 168 173 176 177 185 191 
20
25 30 33 65 80 94 98 115 127 128 129 134 
142 143 162 166 173 177 183 197 
24
1 16 23 29 30 38 39 41 44 56 59 62 
63 67 88 90 101 123 156 164 170 171 192 195 
22
24 36 39 44 47 57 79 80 81 100 103 116 
118 128 131 132 135 157 159 174 179 187 
22
4 5 6 9 11 15 25 26 76 84 86 101 
122 127 129 163 176 177 180 192 193 199 
12
5 30 33 54 95 122 124 135 152 189 190 192 
12
3 13 22 30 33 51 80 99 119 137 149 185 
25
1 5 7 8 12 17 26 36 60 61 81 84 
86 93 95 99 118 119 120 126 137 139 150 160 
198 
21
9 35 41 57 64 75 76 87 92 93 94 112 
115 141 142 143 155 157 173 176 185 
20
21 31 36 50 54 62 63 65 93 103 112 133 
137 140 153 156 166 171 192 197 
24
9 11 14 15 29 47 61 74 77 79 90 95 
120 123 127 131 138 139 148 159 164 181 184 189 
14
29 37 38 47 66 75 76 101 131 133 172 175 
186 197 
20
17 23 35 45 53 62 96 111 129 133 139 148 
153 155 160 170 178 188 193 196 
20
1 31 36 62 64 75 77 80 83 89 95 103 
112 126 149 168 172 181 185 192 
20
25 34 35 40 41 49 78 87 91 109 112 113 
128 139 147 148 155 159 172 193 
15
3 5 11 12 20 36 44 110 119 130 150 165 
172 180 198 
19
13 18 21 30 34 64 82 111 123 132 135 143 
160 162 168 172 180 194 198 
22
14 17 27 30 36 52 69 70 71 84 114 121 
123 139 147 153 161 176 184 192 195 198 
22
6 19 26 35 44 45 46 69 84 92 103 114 
118 133 136 140 158 164 170 184 185 188 
16
10 25 26 33 35 43 63 80 84 106 115 122 
131 155 178 198 
12
8 18 72 83 99 104 109 123 129 140 145 170 
22
6 21 35 41 44 45 63 90 93 104 106 109 
132 140 143 146 148 159 175 191 194 198 
35
8 26 29 41 48 49 57 65 71 77 82 88 
89 91 95 99 102 106 123 125 128 133 134 138 
143 148 169 175 176 177 179 181 194 196 197 
27
21 26 33 43 45 58 59 63 69 75 78 83 
87 92 103 112 117 118 122 132 161 168 173 178 
179 180 199 
25
2 39 43 55 63 69 71 101 108 111 113 122 
126 129 136 158 160 166 171 176 180 187 190 191 
193 
19
10 38 61 73 83 84 85 86 104 114 115 122 
141 159 161 169 182 183 195 
24
13 62 75 81 85 92 103 104 106 110 115 118 
122 135 136 141 151 157 171 180 187 191 196 198 
14
1 13 34 42 49 69 97 103 130 136 141 165 
185 193 
25
25 35 40 62 64 65 69 74 75 79 80 95 
97 99 101 112 127 128 131 160 163 176 179 186 
188 
24
20 25 26 31 33 46 52 53 57 62 77 84 
88 91 107 109 134 135 147 161 163 170 186 200 
13
12 18 33 35 77 96 103 139 151 152 160 191 
199 
18
9 31 51 52 54 66 76 90 102 128 147 154 
159 160 165 168 169 193 
15
8 18 72 87 90 91 111 119 134 139 143 158 
178 191 196 
16
32 43 44 107 108 122 126 128 134 140 141 143 
159 170 183 198 
22
10 20 30 41 46 50 54 62 72 75 90 102 
110 118 122 130 141 158 162 165 169 189 
23
6 17 21 23 38 40 54 66 86 100 108 113 
133 136 146 166 168 172 183 190 192 193 197 
24
5 6 15 17 32 63 64 68 78 82 100 105 
106 122 139 140 148 162 164 166 169 172 191 194 
23
3 5 9 13 16 18 20 28 41 58 59 61 
63 69 83 105 119 133 142 176 177 180 195 
15
5 7 9 14 29 54 60 79 81 90 98 129 
149 175 198 
17
47 56 58 59 79 81 106 115 117 119 124 131 
153 166 169 188 193 
15
8 19 45 51 56 59 73 75 76 110 135 156 
157 165 178 
15
14 19 29 58 60 84 88 89 91 92 101 110 
135 154 198 
16
14 22 24 44 55 58 83 86 88 112 121 137 
157 158 177 190 
17
5 54 58 67 68 73 83 104 126 127 130 134 
140 161 165 178 190 
16
15 30 43 49 61 72 74 77 109 116 133 144 
157 167 171 180 
27
14 16 19 21 37 49 50 68 70 75 80 85 
96 106 122 126 135 138 148 157 158 171 172 177 
185 197 200 
26
13 15 16 37 45 69 77 81 83 86 87 89 
100 110 113 122 127 136 138 146 149 169 173 182 
192 194 
18
24 25 28 31 55 69 79 80 90 91 107 136 
150 153 156 175 176 187 
18
8 15 22 30 31 35 53 68 90 92 93 97 
102 110 118 158 174 200 
19
5 15 77 90 100 111 113 124 127 138 144 150 
154 155 161 162 181 183 200 
16
11 15 19 32 33 39 51 62 76 78 100 126 
129 141 168 169 
20
17 29 33 47 48 57 59 63 96 98 111 122 
125 130 136 139 141 158 166 188 
21
7 9 13 18 33 44 59 65 79 84 89 96 
100 122 125 135 147 151 156 175 183 
20
12 40 50 56 65 92 106 108 122 144 153 156 
164 165 166 167 179 182 192 196 
20
10 14 27 33 46 49 60 63 77 81 93 97 
131 153 159 170 180 191 193 194 
22
11 15 31 52 65 68 72 75 76 77 83 84 
110 112 128 134 138 145 150 157 182 183 
18
18 26 35 42 47 53 73 99 102 130 140 154 
171 174 185 186 187 197 
25
17 20 27 36 37 39 56 58 61 79 93 98 
100 105 118 124 127 156 163 166 183 191 192 193 
196 
20
2 20 21 40 49 52 58 67 76 81 82 104 
106 115 138 140 141 150 177 183 
23
4 21 23 27 35 41 52 55 63 64 81 127 
128 133 136 139 144 146 154 168 186 196 199 
18
3 4 15 18 66 67 84 86 90 100 102 104 
127 132 152 153 161 200 
20
3 5 17 20 45 59 66 67 68 85 86 105 
124 126 141 148 173 179 182 192 
20
1 13 15 18 73 78 79 107 117 121 126 129 
141 142 155 167 169 179 180 187 
17
17 23 30 36 45 54 81 84 92 117 119 133 
155 174 176 181 187 
13
3 7 22 71 75 89 100 125 152 159 164 196 
200 
21
3 4 11 26 30 41 49 76 85 94 113 117 
131 138 142 149 158 161 162 168 179 
13
5 10 22 31 50 56 62 75 76 85 149 154 
164 
25
18 22 25 32 37 45 46 54 60 71 95 96 
101 115 122 125 128 132 141 155 160 162 174 180 
184 
17
6 8 11 14 18 19 28 52 83 85 97 98 
107 120 172 188 198 
16
8 11 23 25 27 31 46 90 92 97 114 159 
173 174 183 188 
19
9 12 14 23 30 46 52 57 68 100 114 115 
116 119 128 137 170 191 198 
16
14 18 49 55 58 60 61 62 87 122 128 130 
161 162 179 185 
16
9 14 18 24 37 45 49 50 86 87 127 138 
148 163 194 200 
11
17 41 45 52 53 60 78 91 98 134 183 
22
1 4 5 9 25 28 44 51 64 72 73 83 
103 109 112 118 120 125 158 163 176 199 
13
7 12 52 55 84 95 117 154 159 182 192 194 
197 
17
3 10 35 40 76 91 101 110 113 117 128 132 
140 147 148 151 167 
14
2 5 17 34 43 62 64 66 73 104 118 119 
151 164 
16
6 7 11 23 29 40 80 119 125 126 131 145 
146 174 176 190 
12
28 41 44 63 66 85 108 133 142 144 154 170 
20
5 23 36 38 43 47 50 59 61 71 72 76 
110 119 137 148 164 170 183 186 
24
16 23 25 32 33 35 42 75 81 85 92 97 
110 112 118 129 140 147 155 165 178 183 184 191 
19
5 10 16 28 46 51 53 60 70 83 89 136 
146 154 161 173 180 182 196 
16
32 60 62 82 95 124 133 138 139 142 166 167 
171 172 174 182 
23
10 22 27 28 42 49 54 75 76 77 106 107 
117 125 140 143 148 160 164 176 178 180 196 
23
18 20 27 32 34 35 44 70 73 80 85 86 
93 119 126 130 134 144 182 189 192 193 196 
18
3 6 23 29 35 38 58 81 83 110 127 135 
142 157 161 163 190 198 
13
33 37 73 76 79 93 104 111 112 154 171 192 
200 
24
2 36 53 54 74 75 82 86 87 90 101 117 
119 123 125 143 150 157 158 165 168 177 181 184 
21
1 17 18 63 67 89 107 121 136 137 142 150 
152 153 158 159 162 188 192 196 199 
21
12 22 26 33 35 36 38 78 82 86 99 104 
110 124 132 134 165 170 174 177 188 
30
1 2 15 22 31 32 39 42 54 55 58 61 
75 81 94 100 108 110 112 113 115 127 135 139 
146 152 183 188 193 196 
21
1 4 8 30 49 50 65 68 71 79 94 97 
127 131 139 154 167 175 185 195 200 
15
5 33 48 49 56 69 88 114 115 119 142 149 
156 164 199 
22
14 27 29 37 40 43 54 57 79 84 97 107 
119 123 136 138 144 149 156 157 179 194 
24
4 5 13 28 29 34 36 55 63 65 76 93 
110 126 130 135 141 152 153 165 170 172 181 190 
20
12 21 23 36 55 78 93 94 98 122 137 143 
145 146 150 155 178 181 196 199 
22
4 8 9 11 15 21 31 52 66 86 88 94 
103 105 109 113 118 123 157 172 174 185 
18
8 23 26 27 37 56 63 76 92 111 113 119 
120 128 140 143 159 183 
23
4 8 15 17 27 33 46 67 70 73 75 87 
88 101 118 122 130 149 155 158 170 179 195 
24
10 12 17 24 34 47 49 53 59 62 63 92 
99 115 122 127 139 147 155 160 181 187 197 200 
21
4 10 19 20 34 54 89 94 96 103 114 119 
125 136 154 161 178 179 180 183 194 
24
6 11 30 32 39 40 57 66 69 99 104 108 
118 123 135 137 141 147 150 151 152 163 172 174 
22
28 34 35 37 41 53 55 60 63 73 83 90 
92 98 105 106 119 120 133 151 159 162 
22
7 21 23 24 25 33 50 52 82 90 100 103 
121 128 136 141 145 174 175 176 182 188 
21
10 46 53 61 71 72 87 102 105 107 120 121 
123 132 139 151 158 165 167 172 188 
27
4 14 26 46 47 52 57 59 60 84 86 92 
102 112 113 120 142 143 163 173 174 183 190 194 
195 196 197 
16
5 24 53 63 71 77 78 86 90 96 97 152 
158 169 178 183 
20
1 15 30 42 44 68 75 80 90 100 137 160 
161 162 166 176 179 180 190 195 
10
35 51 64 82 146 153 155 184 191 198 
22
45 54 62 63 67 75 79 85 89 97 100 103 
133 141 142 148 157 158 159 166 170 194 
22
11 15 31 35 44 45 58 75 104 113 121 126 
140 144 155 160 171 172 175 184 185 199 
13
6 24 30 41 48 65 66 74 75 108 147 186 
188 
17
2 36 42 48 53 55 86 99 104 134 138 155 
156 158 173 180 197 
22
4 13 20 29 33 44 45 47 78 95 103 114 
119 135 137 142 143 151 153 159 173 190 
15
14 24 31 40 58 70 89 118 123 145 152 156 
171 181 187 
12
10 63 66 81 85 97 98 113 156 158 162 193 
19
7 11 16 22 41 50 81 85 90 105 109 112 
119 128 131 138 152 171 194 
23
2 9 30 42 43 44 55 61 98 110 124 133 
135 136 148 150 155 157 163 164 169 171 199 
35
6 11 12 14 15 16 22 29 35 38 47 56 
58 89 93 97 106 107 115 120 131 136 141 142 
146 157 159 161 169 170 171 173 176 183 194 
31
6 10 15 28 30 67 78 83 84 86 88 98 
101 103 104 112 114 128 138 139 144 146 147 148 
153 173 174 187 191 192 200 
21
10 21 28 31 45 50 77 84 100 104 110 112 
114 146 157 164 165 169 179 188 199 
17
16 19 30 48 65 66 82 87 91 100 104 105 
124 142 144 153 163 
18
11 35 36 40 60 61 85 103 131 135 145 149 
156 165 170 172 175 186 
20
15 32 33 35 66 68 75 85 99 102 103 130 
143 157 161 170 181 186 198 200 
22
8 12 16 24 26 27 28 40 61 62 66 72 
79 85 88 92 97 122 125 132 138 152 
14
5 17 33 64 73 75 85 94 108 147 176 180 
187 191 
21
10 11 20 31 36 38 52 54 69 73 82 102 
106 118 126 131 140 168 176 177 184 
18
3 22 23 40 58 76 84 85 96 101 102 115 
117 127 137 160 182 183 
27
4 10 13 17 24 30 57 62 66 74 91 92 
111 118 128 131 134 137 138 140 142 145 146 155 
156 190 198 
22
6 8 12 13 39 48 53 70 75 88 92 104 
107 108 109 113 114 126 134 145 155 170 
18
11 27 39 53 73 92 94 106 110 111 117 136 
155 160 163 175 185 200 
21
7 23 27 36 45 56 69 80 88 89 97 111 
138 144 162 177 180 181 184 194 195 
20
1 17 18 29 46 59 63 77 79 86 88 103 
105 107 115 127 152 180 195 196 
26
5 7 26 35 40 44 46 48 49 54 60 87 
89 109 114 115 116 119 122 135 144 146 149 158 
165 190 
19
23 24 25 38 60 63 74 80 101 104 105 110 
114 115 144 165 188 195 196 
20
2 4 14 28 85 90 107 121 123 132 135 137 
143 147 155 171 180 181 187 194 
15
24 35 37 38 45 51 86 90 111 123 135 146 
154 165 196 
20
23 39 45 48 70 84 95 105 106 108 113 114 
128 143 149 150 154 192 196 199 
21
18 23 31 46 47 72 74 76 110 119 129 130 
142 152 155 156 175 178 180 188 194 
15
9 38 46 64 72 78 79 80 83 144 145 150 
153 184 195 
20
4 12 18 43 51 57 60 70 88 106 107 110 
117 132 137 141 150 173 184 189 
16
2 3 15 16 45 55 75 76 149 160 164 173 
179 183 185 200 
23
1 32 41 43 45 52 68 92 94 126 130 134 
137 145 147 149 163 165 171 174 178 181 199 
15
56 65 73 74 115 123 126 142 151 156 180 188 
189 191 198 
23
2 4 19 24 25 28 29 32 33 37 43 52 
64 69 76 84 89 129 136 138 140 142 177 
18
7 16 22 25 47 62 71 82 95 116 120 122 
134 135 150 151 160 170 
16
6 9 32 41 51 79 101 117 140 149 153 160 
173 190 193 200 
15
8 46 63 66 73 100 107 137 138 141 145 149 
175 184 189 
21
12 13 24 38 42 56 81 91 94 111 113 137 
145 148 151 159 161 178 192 196 198 
18
4 16 24 33 55 69 82 92 105 121 124 131 
132 139 147 161 182 192 
27
16 24 41 43 51 53 65 74 81 82 92 93 
94 110 111 114 139 141 143 144 163 165 168 170 
172 192 200 
23
7 10 13 35 37 43 49 59 62 69 77 98 
101 102 138 149 158 162 166 169 172 177 193 
26
2 16 26 44 57 61 71 74 76 77 79 82 
86 89 90 91 96 101 106 109 125 142 155 160 
167 191 
17
15 28 36 45 74 85 122 127 133 135 143 152 
157 162 180 181 182 
19
24 33 43 61 84 112 115 119 138 140 144 145 
161 163 164 170 172 182 192 
21
7 9 18 25 34 65 71 72 79 84 91 93 
98 110 112 121 123 150 154 164 177 
21
7 10 11 12 25 26 30 38 54 57 75 79 
94 107 109 111 127 145 174 184 187 
23
10 49 55 58 62 73 80 89 91 94 102 108 
116 119 137 148 155 158 162 166 172 175 195 
24
3 9 12 38 48 50 53 63 68 83 89 134 
144 145 153 158 166 168 172 176 183 186 191 197 
16
8 29 35 42 50 81 86 92 106 115 149 159 
160 176 190 192 
22
6 36 61 66 68 70 80 89 109 111 124 145 
152 154 157 171 177 179 183 186 187 188 
22
23 40 55 56 59 66 82 94 96 110 113 118 
137 139 143 144 164 166 180 182 189 200 
25
4 15 29 33 34 47 51 54 87 97 103 109 
114 115 140 144 160 167 169 170 176 181 182 188 
196 
15
2 4 6 14 17 24 64 84 102 128 131 149 
159 162 164 
20
18 19 32 40 51 54 70 72 78 82 99 104 
122 134 143 145 149 167 171 178 
23
14 18 40 42 47 50 61 62 66 69 74 75 
94 101 108 113 130 135 136 144 148 149 177 
23
4 7 8 12 21 43 45 47 53 75 94 96 
103 108 124 125 138 148 186 187 188 192 196 
14
8 24 34 39 40 50 67 84 93 109 118 121 
153 167 
21
11 41 47 66 90 94 104 108 114 117 119 125 
144 151 153 156 169 174 179 184 189 
22
18 51 65 67 86 95 105 120 140 142 144 152 
161 162 173 174 175 186 188 198 199 200 
20
2 6 7 15 19 26 35 39 45 53 77 83 
101 103 132 148 157 160 192 195 
23
1 2 9 16 30 37 65 72 91 92 106 122 
128 129 130 147 157 163 166 167 170 172 196 
21
20 34 37 43 52 62 89 103 104 109 124 132 
133 134 143 154 156 167 173 187 197 
23
11 17 20 21 26 27 51 60 62 63 69 70 
75 85 94 120 132 152 172 180 182 191 196 
20
11 17 36 38 39 47 50 52 57 93 96 108 
113 115 125 130 131 170 191 192 
16
14 23 26 42 44 45 80 85 103 108 109 178 
189 193 194 198 
29
38 43 45 50 60 76 79 81 84 85 88 90 
93 96 98 117 130 135 148 150 159 162 163 167 
169 177 183 190 199 
24
4 14 23 24 26 48 51 62 89 92 93 94 
95 106 124 127 154 162 168 169 171 183 184 186 
21
8 27 42 44 66 74 81 84 102 110 119 125 
128 139 145 149 155 156 160 182 194 
13
6 18 30 42 58 77 88 108 116 123 154 155 
194 
23
7 10 20 22 46 50 54 60 65 95 96 97 
119 137 138 139 142 151 160 163 183 194 195 
20
15 23 28 57 66 79 91 97 105 114 124 127 
148 156 157 164 170 181 189 196 
27
11 14 15 19 22 23 40 46 53 60 64 66 
83 87 108 114 120 144 150 162 163 169 174 186 
192 197 198 
16
12 34 47 54 59 71 77 81 107 117 119 137 
152 159 185 190 
17
22 29 39 50 58 73 94 104 125 146 150 156 
174 178 182 188 197 
18
25 32 35 46 61 68 75 79 120 127 131 136 
137 143 148 165 167 198 
22
8 15 18 24 35 64 66 68 69 86 97 99 
107 116 132 139 140 141 145 169 183 186 
20
7 8 9 10 12 37 45 47 61 64 87 96 
108 113 117 139 159 167 172 182 
19
3 15 27 42 44 50 59 67 96 97 101 122 
125 128 130 148 163 176 183 
19
13 14 20 34 38 40 44 49 62 70 104 124 
127 133 161 162 172 174 185 
12
43 74 96 107 127 129 130 140 146 153 165 179 
23
14 25 35 37 40 49 50 51 57 74 75 93 
94 100 105 122 127 130 139 144 147 184 198 
27
5 9 12 14 15 26 30 36 45 50 53 70 
92 93 96 114 116 118 125 127 150 159 160 168 
172 173 196 
24
18 21 29 31 44 46 55 56 70 99 106 107 
111 157 162 163 165 169 171 174 180 184 185 192 
21
2 9 27 32 41 43 51 60 79 96 120 121 
123 155 166 169 170 174 181 186 198 
19
17 18 29 30 33 61 67 84 90 104 106 112 
121 132 163 167 171 194 200 
25
28 42 45 53 59 62 66 68 85 101 104 116 
124 128 129 130 133 139 145 146 153 161 180 192 
199 
14
20 33 47 68 73 75 84 122 125 134 139 155 
189 196 
15
18 26 37 38 40 52 69 90 124 143 144 150 
152 177 186 
18
13 15 16 28 38 44 47 55 82 101 108 121 
138 143 165 185 191 199 
15
1 13 22 25 27 32 58 63 65 67 93 97 
109 110 196 
10
33 37 58 69 81 123 169 171 176 179 
14
18 26 51 52 98 124 137 149 161 165 168 171 
181 192 
22
26 28 34 35 44 46 53 59 64 68 75 82 
93 95 103 125 135 137 170 186 196 200 
17
1 12 17 34 64 69 73 86 90 99 123 133 
147 173 178 190 198 
22
31 40 42 60 75 82 89 94 97 114 116 119 
137 141 143 153 154 161 163 174 184 200 
20
9 19 36 44 63 69 72 73 91 108 109 124 
129 134 144 146 170 179 181 185 
19
7 16 43 50 56 58 73 83 86 99 112 116 
122 125 154 180 183 188 198 
20
3 9 14 15 16 17 21 26 32 37 40 61 
108 111 113 147 154 155 183 189 
18
2 9 15 20 33 39 54 60 62 67 76 87 
90 109 118 131 151 159 
16
25 54 56 77 83 118 121 135 171 174 175 178 
185 192 194 195 
23
12 17 28 30 32 41 49 51 61 69 75 79 
109 113 125 133 150 167 183 185 187 189 194 
28
2 13 17 19 24 27 44 58 59 65 66 68 
80 82 88 117 136 138 143 158 162 165 167 168 
170 181 188 189 
23
21 24 35 44 52 82 100 104 111 115 116 124 
127 133 136 138 152 156 161 167 173 174 182 
21
15 24 25 26 29 39 57 58 70 72 74 75 
78 83 104 108 111 119 130 139 163 
24
9 11 15 16 48 50 63 74 83 86 91 95 
122 124 126 145 154 158 160 173 174 179 184 196 
14
27 31 37 44 46 57 91 93 94 101 118 167 
183 187 
17
10 19 27 36 43 58 61 68 73 79 93 95 
106 126 139 165 174 
21
3 13 17 23 25 31 37 91 94 96 101 102 
108 127 140 143 147 159 176 184 196 
15
5 11 15 20 46 58 71 81 86 92 97 145 
154 162 168 
23
7 14 23 40 46 60 63 72 84 88 105 108 
149 154 160 162 163 168 169 178 185 186 189 
26
1 7 11 14 15 16 21 23 42 46 55 78 
81 105 111 116 118 124 129 133 140 143 149 160 
178 188 
24
15 17 22 26 35 43 57 60 64 67 68 73 
83 86 103 118 119 124 157 162 175 181 184 191 
19
5 7 9 11 12 75 103 116 131 133 140 141 
157 159 160 176 177 189 192 
10
7 50 56 62 76 78 89 109 136 144 
20
15 17 30 39 53 55 70 73 88 112 113 116 
117 143 154 156 162 170 176 181 
21
2 12 13 16 30 43 44 56 78 87 113 117 
119 126 130 131 145 153 178 193 194 
23
5 19 21 25 29 43 71 78 82 87 91 92 
95 123 134 144 145 164 175 180 184 185 191 
25
1 22 24 26 28 43 46 48 50 54 80 86 
102 105 115 117 118 139 154 157 160 182 183 188 
192 
24
9 11 12 14 22 32 40 52 76 91 96 118 
123 124 125 128 140 153 161 171 175 176 179 185 
21
26 52 54 56 64 65 71 86 99 101 110 118 
123 129 131 132 147 157 164 187 197 
19
10 12 26 38 42 45 58 61 69 75 105 113 
116 118 142 143 172 195 197 
19
15 36 37 46 58 59 65 79 94 104 124 126 
128 134 140 146 156 175 190 
15
23 30 83 95 101 102 128 130 134 142 156 170 
176 179 200 
19
7 10 14 25 32 64 66 75 80 90 92 96 
110 113 115 144 153 166 183 
11
14 25 51 58 71 101 102 130 145 164 193 
16
7 10 13 34 54 65 79 83 90 105 115 132 
137 145 151 185 
18
22 34 45 72 73 102 114 118 119 148 150 152 
153 171 187 190 194 199 
18
14 21 30 43 54 83 104 110 114 115 122 134 
143 151 156 159 178 183 
25
12 13 26 32 35 36 43 45 55 62 65 68 
74 82 101 111 114 118 125 140 143 156 167 172 
193 
24
42 43 50 55 64 72 83 90 99 100 108 119 
124 126 130 137 146 150 155 159 165 166 180 196 
17
4 21 33 36 46 49 66 68 95 102 104 109 
114 119 121 122 185 
26
10 15 21 22 28 32 34 35 46 47 49 53 
64 72 91 122 128 157 164 172 174 177 193 194 
195 196 
18
9 29 30 49 61 65 80 82 100 110 134 137 
141 143 153 167 192 199 
17
12 16 18 28 31 42 50 52 61 77 87 90 
91 97 147 184 199 
15
4 11 37 68 76 83 99 113 126 130 141 142 
152 173 179 
19
12 26 28 31 41 58 60 67 71 96 98 115 
144 146 156 164 171 181 184 
16
8 15 24 27 52 60 77 89 92 94 106 130 
157 168 186 189 
21
18 19 24 34 36 42 46 77 78 79 86 89 
94 102 103 105 114 148 186 189 193 
19
2 5 15 22 24 42 63 66 75 77 80 81 
111 119 151 158 187 191 194 
30
1 3 4 18 23 36 37 41 44 51 56 59 
74 75 80 92 94 97 104 106 119 129 136 145 
146 150 163 167 180 193 
23
5 21 44 45 53 63 67 76 77 81 88 91 
115 122 134 138 141 142 156 160 166 182 195 
17
47 61 67 68 70 78 91 104 116 118 129 154 
155 163 174 195 197 
18
1 5 15 27 43 50 56 66 67 76 81 101 
107 110 128 150 158 159 
17
31 34 39 52 76 84 94 116 141 144 155 162 
163 167 175 193 198 
24
16 21 22 30 37 54 58 76 87 89 109 113 
132 144 146 147 153 157 163 174 180 192 193 196 
19
22 23 30 37 54 55 56 75 76 86 87 111 
126 137 150 173 178 185 194 
21
2 8 19 26 31 63 86 94 95 113 128 131 
134 146 157 159 168 183 186 192 199 
26
4 7 19 30 34 39 43 49 50 52 63 64 
74 75 80 86 90 107 110 113 135 146 159 166 
173 196 
21
7 9 10 18 43 45 68 83 87 89 93 102 
122 126 129 154 163 167 182 189 200 
14
25 64 81 100 106 114 134 141 148 168 175 191 
196 199 
18
11 16 18 53 57 60 62 103 110 127 129 136 
154 157 162 167 170 184 
13
39 72 106 115 154 160 186 187 188 191 195 199 
200 
27
4 6 13 21 24 25 32 40 43 55 62 63 
78 83 89 101 104 113 129 138 139 159 164 177 
183 195 197 
19
1 16 44 58 68 84 93 100 114 117 124 133 
141 173 175 189 191 192 193 
21
16 19 50 76 78 83 84 107 113 119 120 125 
126 127 133 139 160 170 174 186 188 
25
2 7 14 18 20 22 24 29 33 37 51 71 
91 109 113 120 134 138 144 149 150 155 166 179 
192 
24
1 10 15 21 33 36 45 90 92 97 108 126 
136 138 140 152 154 169 173 181 192 195 196 197 
19
48 49 50 59 74 101 102 116 121 142 144 145 
161 165 169 175 178 192 198 
26
3 7 11 21 22 26 37 39 44 49 69 76 
77 83 101 103 106 122 124 129 156 160 166 175 
182 200 
29
7 25 29 30 31 38 47 56 68 85 102 103 
106 115 121 123 126 128 135 142 143 145 155 158 
168 177 187 192 195 
19
7 10 15 35 41 45 51 63 66 73 80 87 
90 99 111 121 162 171 192 
13
2 16 46 48 53 69 82 92 104 140 147 173 
194 
16
6 11 20 35 39 50 63 97 104 107 132 135 
151 160 191 198 
18
1 3 7 19 26 35 63 83 105 120 136 148 
168 177 181 185 193 197 
17
2 3 9 22 23 48 67 81 109 122 133 143 
169 170 171 187 198 
20
5 9 25 37 39 48 78 82 87 124 126 136 
148 156 157 158 162 181 187 194 
25
2 3 16 23 30 32 33 36 41 49 69 79 
84 112 113 114 116 131 147 164 168 195 196 197 
200 
29
3 6 21 25 28 37 39 40 51 53 66 70 
74 78 79 83 87 89 102 103 113 125 137 146 
152 163 178 183 199 
19
4 6 7 24 28 40 45 66 68 74 77 78 
120 123 124 143 176 182 186 
15
43 48 49 63 65 69 71 93 99 110 117 141 
147 161 165 
13
4 11 27 35 69 72 75 102 177 178 180 183 
189 
20
6 24 28 32 36 37 48 62 63 80 92 93 
106 107 116 138 164 176 196 200 
18
3 5 8 15 25 29 43 64 71 75 91 95 
107 121 131 141 154 162 
20
3 23 49 54 56 64 71 88 92 94 106 123 
130 140 142 159 162 169 173 186 
19
3 9 14 19 49 53 73 78 101 117 120 133 
153 168 177 180 186 189 197 
18
3 12 18 29 30 44 51 73 76 79 111 114 
127 133 137 145 159 193 
17
12 15 20 44 52 53 66 73 79 91 92 94 
120 166 168 169 194 
19
17 20 24 26 33 63 66 112 114 137 144 145 
154 162 166 168 169 178 200 
24
5 6 8 13 31 33 34 43 62 66 72 73 
87 89 105 118 149 157 176 178 182 194 198 200 
16
26 28 43 57 66 78 91 94 102 108 147 148 
149 159 171 187 
22
1 3 14 21 42 45 51 54 66 85 93 118 
134 145 146 153 156 161 162 170 184 193 
18
19 43 45 59 71 75 103 106 108 127 155 159 
162 171 184 185 189 190 
20
2 24 36 40 50 58 69 74 90 92 104 111 
120 122 127 148 155 161 168 178 
16
6 20 29 64 66 69 85 93 94 107 124 135 
137 162 166 200 
25
4 6 18 22 23 40 45 51 62 67 73 80 
88 105 107 118 133 140 142 163 165 184 188 190 
194 
16
2 15 16 19 24 38 43 45 93 95 108 127 
142 173 174 189 
20
4 7 9 19 25 40 42 47 56 58 60 87 
104 106 123 167 169 180 193 197 
21
11 13 23 25 27 42 48 53 60 64 83 102 
103 112 118 133 139 151 157 182 187 
21
5 6 27 38 46 58 61 73 104 118 120 121 
124 134 154 156 158 167 174 180 193 
21
14 31 39 51 56 58 65 66 73 120 122 123 
126 130 141 146 152 182 186 191 193 
16
32 46 62 83 92 93 107 116 128 136 163 168 
183 185 190 191 
11
7 32 103 116 126 133 150 153 164 177 184 
23
6 9 15 27 30 49 56 57 61 67 75 79 
96 101 118 123 145 148 160 165 179 187 197 
17
19 28 32 34 36 37 38 51 55 84 144 149 
167 172 183 195 198 
24
11 17 25 29 34 37 44 50 61 67 68 74 
80 93 96 101 103 127 139 150 165 169 174 181 
17
5 6 7 14 15 29 31 55 64 91 125 130 
134 149 151 156 185 
19
11 22 28 34 55 66 78 94 103 108 109 123 
125 138 147 158 166 184 192 
24
4 10 20 34 52 54 65 84 101 105 120 125 
128 130 138 139 144 158 161 170 172 178 184 193 
20
14 18 36 38 46 48 51 53 54 72 102 122 
125 126 132 135 147 151 174 190 
20
9 11 27 40 43 45 89 102 105 107 109 114 
117 122 131 158 175 183 184 189 
19
2 4 5 6 14 30 45 46 92 94 112 116 
127 128 129 143 180 188 198 
25
24 29 38 54 74 86 89 107 116 120 122 126 
132 145 150 170 173 176 180 190 191 194 195 196 
197 
26
3 9 24 36 60 61 72 93 94 96 97 100 
104 111 116 128 129 134 138 145 148 149 151 163 
190 196 
19
4 12 26 27 61 72 74 81 84 90 105 110 
119 144 150 156 159 169 186 
23
2 9 13 14 22 25 34 57 58 66 70 75 
77 108 117 120 134 137 139 153 183 184 192 
17
3 14 17 37 50 55 79 82 90 125 136 156 
159 178 183 190 192 
24
12 26 38 41 44 58 60 64 84 87 90 91 
97 105 107 109 121 122 142 153 161 168 180 185 
20
9 16 18 19 26 65 70 79 83 91 96 103 
108 121 134 146 171 174 175 195 
17
2 3 20 25 41 47 67 86 90 105 114 121 
124 161 164 193 194 
17
1 18 22 44 49 58 64 66 88 110 123 124 
156 166 180 186 189 
23
5 13 26 29 37 51 53 54 57 64 65 67 
70 72 78 81 94 95 109 127 139 155 196 
26
1 4 12 18 26 34 35 40 52 73 83 88 
101 129 147 154 166 173 175 180 184 186 188 191 
193 198 
22
10 17 24 27 47 55 58 81 88 94 97 101 
123 127 129 131 137 142 174 182 194 197 
28
11 16 18 24 34 35 37 42 43 46 49 50 
64 74 79 85 97 100 151 158 164 166 167 178 
186 193 194 200 
28
3 7 8 19 27 39 40 48 50 51 54 61 
74 84 88 95 124 127 135 145 149 150 167 170 
171 178 196 197 
26
17 18 26 38 39 47 50 52 73 74 78 95 
100 113 121 123 125 158 160 162 168 173 178 190 
191 197 
21
2 6 29 50 55 59 62 73 80 94 113 121 
122 126 132 135 157 161 175 182 184 
20
19 28 32 38 39 51 68 72 86 88 94 97 
113 114 120 130 133 175 194 200 
14
23 37 47 61 79 87 120 122 155 163 173 183 
193 196 
21
16 22 40 53 61 67 68 86 102 107 112 115 
117 143 151 154 159 164 172 174 179 
24
34 35 41 46 47 59 61 71 73 76 101 108 
113 125 129 141 143 144 154 155 158 169 187 194 
23
12 17 72 73 81 86 92 106 114 122 132 135 
136 137 142 145 154 155 184 189 190 191 200 
26
20 28 33 40 41 46 63 72 74 84 87 96 
107 109 111 119 122 132 135 136 144 145 150 152 
174 195 
13
32 39 46 48 53 68 72 98 135 159 187 193 
198 
22
17 20 29 34 52 55 83 92 98 101 103 128 
133 135 143 147 153 156 161 177 190 193 
25
5 12 13 17 23 29 33 40 49 53 64 81 
86 92 93 102 106 118 120 125 127 172 187 188 
198 
13
3 7 33 38 51 58 88 90 94 104 130 148 
200 
28
3 4 28 31 32 51 53 63 65 70 77 80 
81 86 88 93 101 103 107 141 148 169 173 185 
194 195 197 198 
19
4 11 29 34 42 49 58 60 64 75 79 84 
127 146 150 157 163 170 189 
23
6 9 17 62 69 74 77 82 94 111 113 124 
128 132 157 159 171 175 176 177 187 189 192 
19
7 56 61 67 69 79 99 109 120 136 138 141 
151 162 164 165 166 178 185 
