800 200
1 1 1 1 1 1 1 1 1 1 1 1 
1 1 1 1 1 1 1 1 1 1 1 1 
1 1 1 1 1 1 1 1 1 1 1 1 
1 1 1 1 1 1 1 1 1 1 1 1 
1 1 1 1 1 1 1 1 1 1 1 1 
1 1 1 1 1 1 1 1 1 1 1 1 
1 1 1 1 1 1 1 1 1 1 1 1 
1 1 1 1 1 1 1 1 1 1 1 1 
1 1 1 1 1 1 1 1 1 1 1 1 
1 1 1 1 1 1 1 1 1 1 1 1 
1 1 1 1 1 1 1 1 1 1 1 1 
1 1 1 1 1 1 1 1 1 1 1 1 
1 1 1 1 1 1 1 1 1 1 1 1 
1 1 1 1 1 1 1 1 1 1 1 1 
1 1 1 1 1 1 1 1 1 1 1 1 
1 1 1 1 1 1 1 1 1 1 1 1 
1 1 1 1 1 1 1 1 
19
7 11 46 83 92 98 103 106 109 126 130 133 
146 155 158 160 174 175 192 
19
1 2 7 9 38 42 55 62 71 73 89 98 
113 122 128 141 155 167 187 
20
8 13 19 28 32 45 50 65 70 80 83 86 
89 91 134 136 144 160 163 194 
24
11 17 27 39 61 77 88 91 102 104 106 109 
112 133 141 153 154 158 160 165 166 173 176 178 
14
6 7 9 15 32 55 67 69 82 91 128 151 
164 190 
14
8 9 14 43 54 60 130 136 137 160 164 167 
169 182 
19
15 17 21 25 42 76 79 89 90 96 98 106 
122 128 142 153 161 178 184 
23
4 5 33 35 39 50 60 64 67 71 88 103 
106 107 113 122 123 127 131 135 147 164 179 
18
9 10 16 21 37 53 57 64 76 132 140 146 
153 156 162 170 171 175 
25
8 13 34 35 67 68 78 83 84 85 102 105 
110 113 120 124 132 138 149 160 163 180 187 190 
197 
21
6 16 18 29 33 52 59 88 89 106 114 119 
122 138 149 155 166 174 179 191 197 
20
18 46 47 48 53 54 66 85 92 101 115 133 
138 149 154 162 166 186 191 198 
10
9 28 49 79 84 98 102 151 166 185 
21
17 24 31 43 64 77 105 106 117 133 143 145 
158 160 161 163 165 174 180 188 197 
14
24 28 38 46 69 87 93 96 100 135 146 165 
180 198 
22
6 18 21 23 44 49 54 60 63 64 73 94 
105 127 130 131 136 144 154 160 171 188 
23
10 12 30 58 62 85 106 112 130 133 137 146 
147 161 163 170 171 174 177 183 187 188 195 
25
20 26 35 37 38 41 47 52 59 64 82 86 
89 91 100 110 115 124 129 132 147 161 178 192 
194 
20
3 4 27 48 50 69 74 75 80 89 126 131 
149 155 157 164 170 183 193 197 
22
14 15 19 21 70 73 75 81 92 95 97 121 
127 139 144 151 152 155 161 186 196 199 
15
4 19 43 56 57 63 82 84 100 118 127 128 
150 168 194 
20
16 32 55 86 111 120 127 130 131 139 141 142 
148 154 155 162 167 183 185 189 
23
37 42 50 51 52 59 63 74 75 78 104 106 
124 130 139 141 151 155 167 170 174 178 188 
23
14 17 27 48 49 55 72 73 86 94 100 103 
108 134 149 153 154 176 177 184 189 195 196 
16
23 34 39 41 44 45 53 70 88 108 111 135 
168 170 177 185 
13
4 14 39 48 59 64 69 73 99 192 195 196 
199 
11
7 35 53 56 74 107 125 142 177 183 199 
28
9 14 36 38 39 42 59 63 69 71 77 80 
85 94 96 97 114 147 154 160 172 180 182 184 
188 189 191 192 
17
5 16 17 38 42 47 68 69 84 106 107 110 
130 137 141 155 199 
18
1 16 21 42 48 51 52 73 76 84 93 100 
103 112 140 165 169 177 
25
2 10 16 21 32 35 46 48 51 55 88 95 
96 101 104 122 134 137 143 155 162 166 174 183 
191 
21
30 33 50 56 62 67 70 87 97 102 116 123 
138 143 148 154 158 168 172 192 196 
26
2 8 13 14 17 26 38 40 48 55 66 75 
103 107 110 111 122 143 146 161 163 168 171 186 
196 198 
24
1 4 24 30 31 39 40 47 48 51 52 71 
75 79 88 94 101 102 111 114 120 127 181 195 
20
1 6 31 37 39 58 61 62 63 66 67 86 
130 136 137 161 162 170 184 192 
28
1 9 10 13 17 42 52 66 76 80 81 83 
101 108 115 128 136 139 145 154 158 165 167 170 
181 192 194 195 
21
6 12 17 39 45 49 55 63 65 93 104 108 
114 117 146 147 155 176 179 183 199 
25
8 9 21 26 29 38 40 41 42 50 74 87 
88 112 121 134 139 149 155 165 167 183 187 193 
198 
17
11 21 23 25 38 49 67 70 102 113 119 121 
124 130 148 177 182 
17
24 32 54 67 68 77 87 88 90 97 115 122 
134 143 160 167 183 
22
5 11 17 19 26 34 51 60 63 66 83 88 
102 107 109 134 147 152 167 171 189 198 
17
28 46 52 58 63 71 76 91 94 108 124 139 
160 173 175 184 189 
18
4 60 69 74 82 84 87 90 99 100 101 108 
119 159 163 183 195 196 
22
17 24 25 51 57 63 69 73 83 85 107 124 
136 148 149 151 155 172 174 181 187 189 
20
9 10 14 19 24 39 58 59 60 71 86 89 
110 126 135 141 148 152 166 194 
13
1 2 21 25 34 50 51 69 81 85 121 158 
199 
17
1 6 9 14 29 70 71 86 97 102 123 126 
128 134 139 183 191 
23
12 14 22 32 43 48 54 61 71 77 84 94 
106 121 133 151 162 171 174 184 186 187 196 
19
4 18 23 33 39 42 90 102 109 115 124 129 
142 147 154 155 160 173 192 
22
49 62 63 66 71 76 84 98 104 114 127 132 
147 150 153 159 161 177 186 188 189 190 
20
24 26 27 55 57 75 85 93 96 98 100 119 
122 145 147 151 159 160 178 197 
24
4 5 27 30 47 48 63 65 69 88 100 106 
119 125 128 130 137 153 159 179 180 189 195 196 
19
2 10 25 36 52 60 79 86 87 90 92 95 
98 141 161 182 188 195 196 
20
5 7 12 14 35 37 62 63 66 68 78 94 
101 124 130 145 151 161 185 190 
22
3 21 23 42 45 54 58 61 77 80 84 116 
122 126 128 136 141 148 155 157 173 184 
18
14 53 73 75 84 87 108 112 130 146 151 155 
156 168 171 174 175 189 
18
11 12 24 35 50 54 64 85 96 106 109 110 
120 125 143 165 172 189 
32
7 13 17 20 22 27 28 39 42 57 71 73 
80 90 95 99 100 103 112 123 127 136 138 146 
148 155 169 176 188 189 190 193 
8
13 24 53 90 157 166 183 186 
23
6 18 28 32 34 52 58 63 71 73 75 79 
85 91 94 100 115 121 132 138 168 170 180 
31
6 9 13 18 21 24 25 29 33 36 49 59 
62 67 68 80 83 116 117 145 152 155 159 166 
167 177 190 191 194 197 199 
18
3 15 21 28 46 57 64 72 78 94 99 108 
134 147 154 155 161 198 
26
17 18 19 26 29 41 60 61 71 79 80 86 
93 108 124 127 128 143 151 154 158 165 167 169 
181 197 
21
5 22 39 51 66 75 79 81 91 110 112 118 
126 132 135 148 151 178 181 184 194 
16
1 4 33 53 60 79 91 92 99 100 120 155 
165 175 183 196 
14
27 30 35 57 91 107 134 137 149 152 158 160 
179 180 
24
22 29 32 37 48 50 51 60 63 75 79 80 
85 89 134 135 152 154 164 166 169 170 186 200 
23
8 22 42 48 51 55 58 73 80 97 99 109 
114 115 116 127 135 140 149 160 175 191 200 
20
1 6 32 42 44 50 56 58 64 73 74 96 
101 115 124 140 160 163 184 198 
26
4 19 22 27 32 39 47 49 53 62 71 72 
73 81 86 92 93 95 108 112 116 138 148 161 
187 198 
24
37 41 51 65 75 94 95 97 105 118 128 133 
138 141 150 151 153 163 181 186 187 191 194 196 
24
14 26 39 68 83 86 89 94 96 104 110 113 
115 120 122 130 131 133 140 154 155 163 175 193 
18
2 4 16 46 62 67 77 82 97 108 124 126 
132 141 164 178 188 195 
18
14 19 20 24 28 49 86 94 118 120 121 148 
154 155 174 179 189 196 
17
7 32 66 69 74 75 84 85 105 122 136 141 
149 176 186 192 198 
20
5 12 23 27 75 87 96 98 105 107 117 141 
142 156 157 161 165 168 174 184 
21
7 8 9 15 20 32 79 96 97 109 118 120 
129 132 133 136 137 177 180 191 198 
20
9 43 45 60 63 78 79 80 87 99 100 101 
102 103 119 137 143 163 170 180 
17
27 30 46 49 52 79 86 102 103 104 116 130 
147 156 158 168 176 
20
13 27 30 34 36 52 65 73 83 84 85 92 
100 108 135 137 140 175 185 196 
23
2 3 10 18 23 29 34 36 42 59 83 107 
112 124 126 135 142 143 149 159 161 185 187 
16
31 35 38 55 59 76 92 106 109 131 135 139 
178 180 186 190 
25
1 2 20 22 23 31 35 58 62 66 70 80 
82 83 92 100 103 105 122 132 146 153 154 173 
186 
18
5 9 18 27 46 48 68 72 80 86 128 129 
131 142 145 157 173 179 
18
19 20 27 30 33 61 68 88 96 100 112 114 
128 131 138 167 174 196 
19
1 28 31 34 38 44 48 56 63 69 70 113 
132 135 136 147 150 159 171 
18
24 25 36 44 45 54 68 70 79 85 95 96 
111 146 149 172 178 179 
30
17 25 28 33 41 43 45 49 53 71 80 86 
87 100 102 103 105 112 123 126 136 140 143 151 
157 165 168 169 182 192 
22
11 20 37 46 54 55 60 74 79 85 99 111 
130 138 141 149 178 179 182 188 194 200 
25
20 21 26 45 54 70 81 89 94 99 109 111 
118 119 124 135 144 145 147 154 167 170 177 188 
199 
15
2 12 13 15 25 32 45 103 119 133 144 153 
155 180 187 
22
16 26 29 35 40 76 86 92 97 106 111 114 
127 130 133 134 140 163 172 179 180 198 
19
16 28 64 67 69 75 85 89 96 135 141 145 
148 159 168 170 172 176 193 
19
2 7 10 45 52 64 66 87 88 96 98 99 
116 117 118 133 142 161 173 
24
4 7 8 11 32 34 42 48 62 69 71 120 
125 139 140 149 161 162 171 179 182 187 193 194 
14
4 6 16 18 28 42 50 57 90 104 146 161 
166 186 
15
21 24 31 35 47 59 77 91 106 126 130 180 
191 192 195 
17
1 13 15 25 31 37 57 63 69 103 111 125 
129 135 172 177 187 
22
5 16 21 30 34 36 37 39 43 54 58 84 
105 117 133 149 153 154 165 172 173 178 
16
21 25 32 48 49 52 54 77 87 101 102 105 
137 145 156 181 
23
13 14 16 20 34 52 56 60 61 62 67 75 
104 109 110 117 124 132 137 150 163 166 173 
30
7 9 32 35 38 55 72 81 89 93 105 109 
114 146 147 148 150 151 157 158 162 169 176 178 
179 180 181 195 198 200 
25
15 19 20 37 40 50 63 71 73 82 85 86 
96 117 127 138 149 165 166 167 174 177 179 195 
200 
15
13 39 42 44 46 50 56 79 99 105 111 134 
145 149 173 
23
10 18 22 29 49 52 56 68 78 90 100 117 
120 122 129 132 134 148 155 182 184 186 190 
18
4 16 21 53 60 84 99 103 104 120 128 134 
141 142 147 148 155 161 
23
2 6 16 18 24 32 33 42 57 59 61 70 
76 83 86 104 139 151 155 158 186 191 193 
25
2 6 46 69 72 87 89 90 92 100 106 122 
129 136 139 140 145 149 156 158 171 173 185 187 
198 
16
3 4 11 70 80 91 100 109 110 120 130 131 
146 155 158 185 
14
29 32 34 48 68 73 77 126 148 167 169 171 
181 200 
18
19 24 37 44 56 59 71 75 124 134 137 156 
159 161 166 168 175 181 
20
8 13 18 19 44 51 52 63 72 81 86 89 
98 104 118 135 137 158 160 168 
19
7 21 22 34 56 58 61 86 87 94 103 125 
127 145 181 182 188 190 192 
19
29 32 45 47 66 67 77 86 89 91 107 138 
158 160 164 171 182 191 192 
15
16 28 32 33 46 74 97 114 142 143 158 173 
176 179 188 
26
1 26 29 42 49 52 68 72 74 78 80 83 
86 99 130 138 154 156 160 164 165 167 175 184 
190 195 
20
6 12 13 26 27 33 36 62 71 80 93 106 
113 123 132 138 153 155 175 183 
17
2 6 23 35 41 43 45 68 75 87 98 106 
119 128 146 149 167 
19
1 5 26 31 32 43 60 68 73 80 98 111 
122 133 153 161 170 172 180 
18
2 5 18 24 42 43 87 90 107 123 131 145 
150 168 174 182 183 190 
23
4 6 9 14 24 26 41 51 60 66 70 71 
76 83 88 97 112 115 140 145 153 163 175 
24
4 15 19 22 36 43 49 60 78 79 83 100 
116 126 130 134 147 154 169 180 185 186 192 194 
14
18 24 29 44 62 81 93 98 128 156 157 166 
185 200 
26
5 9 11 23 31 33 36 42 62 67 70 77 
99 112 114 116 118 141 149 157 162 173 176 183 
190 195 
27
2 5 11 12 16 31 39 57 65 73 89 106 
107 110 111 112 121 128 143 145 148 154 158 162 
182 192 193 
26
8 10 15 26 29 36 44 53 56 59 60 67 
85 92 94 100 106 110 114 119 123 126 136 141 
149 174 
18
10 12 17 35 44 54 59 66 70 87 92 104 
120 141 146 157 164 195 
15
4 11 34 92 97 108 119 128 141 145 146 147 
156 176 192 
21
14 18 33 36 51 53 69 76 80 87 99 111 
139 148 155 158 164 171 180 188 195 
27
1 4 38 42 56 65 71 72 76 85 91 103 
106 117 123 129 131 133 134 148 152 155 168 172 
174 181 189 
18
12 20 34 42 50 60 67 79 91 96 116 122 
137 152 157 159 192 193 
19
12 20 23 24 37 38 55 69 72 79 109 117 
119 122 127 158 166 175 191 
18
21 38 50 53 59 90 126 127 140 141 148 154 
163 167 173 177 178 181 
21
3 9 25 59 66 69 73 77 85 86 105 106 
111 112 119 121 128 141 144 161 178 
24
2 4 12 18 22 33 47 50 58 74 77 83 
89 92 94 120 126 132 150 153 156 162 177 182 
22
30 34 45 50 75 96 103 107 127 130 142 145 
146 147 158 167 170 172 174 192 195 200 
21
27 40 44 46 47 53 76 82 86 90 92 102 
103 107 114 136 141 147 150 161 166 
17
33 37 38 43 45 65 81 89 91 99 113 118 
131 144 145 165 188 
27
5 28 37 40 46 60 68 70 89 90 91 106 
113 114 124 130 137 143 144 148 150 166 167 170 
175 185 192 
19
11 37 54 65 67 80 82 93 105 123 132 150 
152 163 176 178 180 187 191 
19
6 11 18 31 35 47 54 58 59 66 70 105 
115 117 122 145 160 187 189 
14
17 23 28 51 60 64 80 98 127 160 169 172 
177 193 
19
23 48 49 58 73 75 77 79 83 85 96 103 
116 126 133 137 144 158 183 
18
26 33 37 40 66 69 72 79 85 86 114 127 
133 139 143 154 165 186 
16
8 23 36 57 78 82 103 107 111 139 142 156 
169 171 175 189 
16
11 19 22 49 54 64 72 75 79 97 107 130 
155 174 194 195 
20
28 31 41 76 82 88 90 95 103 105 129 147 
154 160 162 170 176 184 193 198 
20
8 18 21 26 48 62 79 82 90 97 100 111 
116 129 131 151 160 167 179 183 
22
11 23 32 69 72 73 84 93 103 105 110 116 
142 150 151 160 162 173 176 181 193 196 
22
5 23 35 45 49 53 55 62 70 73 75 80 
88 93 107 112 134 139 143 145 153 196 
19
10 14 16 22 33 43 44 46 63 72 73 84 
91 94 105 163 169 172 187 
18
14 21 38 45 52 73 76 95 100 101 130 170 
180 183 185 188 197 199 
15
10 15 30 43 48 57 58 59 75 92 98 121 
168 195 198 
20
2 13 14 22 40 44 53 56 82 88 89 96 
120 145 146 158 175 179 182 194 
22
5 12 16 20 43 47 53 59 72 78 91 93 
95 108 113 123 124 127 143 172 192 194 
15
25 56 62 72 80 100 107 115 138 145 161 166 
177 180 200 
20
9 10 27 34 35 41 54 60 89 104 111 114 
132 140 144 153 164 173 182 188 
18
16 22 23 43 47 56 65 69 85 87 95 101 
111 125 127 133 157 194 
21
4 7 41 89 102 106 110 112 126 130 141 148 
151 154 161 162 168 176 180 181 186 
14
7 8 22 27 35 91 107 136 158 169 172 187 
188 196 
18
16 18 41 48 57 94 101 111 124 135 137 139 
140 141 142 159 175 185 
22
4 13 54 67 93 107 136 137 141 143 144 155 
163 177 178 184 185 186 187 192 196 197 
29
2 13 24 26 36 41 44 46 50 61 67 73 
76 87 88 93 101 118 124 130 136 137 156 162 
163 169 176 181 183 
17
4 40 50 76 77 118 126 137 139 157 159 161 
164 165 178 186 188 
19
19 35 41 47 51 68 98 99 105 119 127 136 
139 145 157 161 164 186 198 
14
20 41 42 45 51 61 67 75 77 116 156 159 
173 177 
22
2 17 40 43 72 73 77 82 94 98 99 110 
118 120 144 149 150 171 172 175 179 192 
18
44 48 49 60 85 91 111 112 122 124 149 151 
165 180 181 191 197 200 
20
5 16 18 34 43 45 49 70 98 100 102 109 
117 137 140 150 151 152 153 155 
23
6 9 11 15 16 17 24 46 62 87 91 136 
137 154 158 165 167 176 178 183 186 190 200 
22
1 2 19 31 39 45 56 61 71 85 87 107 
110 111 121 132 136 151 171 172 190 195 
23
1 16 18 30 31 34 37 60 62 65 82 87 
89 97 99 100 103 115 131 153 170 174 176 
19
12 40 45 54 57 75 90 94 103 107 113 119 
158 166 173 177 183 186 200 
15
3 19 20 33 43 45 47 51 97 120 143 144 
146 176 194 
22
17 22 28 32 44 45 56 67 69 78 80 90 
101 119 124 127 141 144 169 170 187 199 
19
3 5 10 30 41 48 80 99 125 136 139 140 
143 156 159 160 166 182 190 
19
8 14 18 33 35 38 41 49 77 86 90 101 
106 107 109 134 164 165 194 
14
27 31 35 47 55 109 111 118 134 142 150 151 
157 186 
18
1 20 25 58 71 97 115 119 124 126 134 140 
143 146 152 153 192 195 
21
4 22 25 41 59 65 81 96 109 118 134 148 
153 166 168 176 177 180 182 191 194 
23
5 6 7 14 24 25 34 35 42 50 64 75 
81 116 118 130 136 139 153 165 168 176 183 
22
6 10 18 20 28 30 36 42 66 79 94 110 
116 126 136 138 140 164 166 169 179 184 
19
5 35 48 59 61 71 76 88 99 102 105 131 
135 156 158 161 180 184 194 
20
18 19 33 37 51 54 81 84 100 101 108 118 
130 133 144 165 181 189 195 199 
25
11 27 31 40 43 54 59 74 79 88 110 118 
119 122 154 157 170 173 180 183 185 188 190 191 
198 
23
2 4 8 30 43 52 57 59 62 75 78 82 
105 110 118 135 138 158 160 167 171 184 199 
24
3 8 12 34 35 39 44 59 61 64 77 89 
96 97 114 118 120 131 154 162 173 186 188 198 
18
8 38 64 70 71 73 78 79 106 119 124 132 
160 161 166 167 170 182 
24
8 17 22 26 37 42 50 51 56 76 81 89 
90 102 118 122 129 134 142 145 157 161 167 183 
27
15 22 37 42 60 61 68 85 99 105 107 110 
121 122 123 127 135 139 144 150 156 160 164 165 
166 172 199 
20
8 9 33 76 78 84 99 107 113 137 140 141 
142 161 162 170 172 187 196 198 
19
6 15 22 29 32 39 104 112 123 138 139 144 
152 154 170 180 187 188 193 
20
3 23 24 27 44 71 82 87 102 119 130 132 
134 135 137 142 150 159 173 191 
17
5 13 37 49 52 79 83 86 92 100 151 159 
176 177 181 187 189 
21
8 42 43 45 46 50 59 60 62 63 73 80 
93 104 110 112 128 149 153 175 179 
18
2 11 33 45 53 56 57 60 63 71 95 111 
137 147 161 172 182 199 
19
3 24 55 66 80 94 97 111 114 125 147 149 
152 165 166 185 186 191 198 
24
13 22 25 30 31 34 54 57 64 66 86 96 
102 122 132 144 153 157 161 164 166 167 173 180 
18
10 16 47 59 64 70 85 89 102 110 112 117 
145 155 158 160 185 186 
24
4 10 12 22 25 28 32 36 42 51 59 62 
66 85 102 111 115 125 137 169 173 176 187 192 
11
15 20 25 32 40 43 46 104 123 145 191 
20
2 9 12 17 18 25 28 37 39 67 79 82 
91 133 138 156 157 163 165 166 
18
5 23 37 38 48 70 79 94 99 100 126 130 
133 135 142 148 175 177 
20
5 20 24 58 66 77 82 91 96 100 122 125 
127 158 173 175 177 185 191 199 
21
6 11 12 27 38 52 77 90 92 95 101 110 
127 129 142 148 154 158 163 167 175 
17
9 22 32 40 49 50 69 80 81 99 114 119 
121 127 152 162 198 
20
1 12 17 22 26 29 37 75 94 96 120 127 
136 140 150 167 170 179 192 198 
18
20 35 37 52 56 58 66 76 83 84 99 105 
114 121 153 163 190 193 
16
1 4 47 62 79 90 107 111 118 128 175 177 
180 188 196 199 
23
8 9 13 18 21 30 51 55 57 72 79 92 
109 123 126 132 160 162 168 169 174 195 200 
20
10 22 48 51 61 66 67 71 72 88 94 99 
107 136 142 143 155 159 160 172 
19
7 21 33 45 58 60 75 80 87 89 90 94 
95 102 139 153 167 171 186 
18
12 19 24 29 52 59 73 74 101 105 112 143 
165 166 172 189 190 197 
20
7 9 11 29 44 47 57 64 74 83 93 99 
134 135 145 151 177 178 199 200 
15
17 21 24 39 48 110 111 132 134 155 159 173 
179 181 195 
20
3 25 53 92 101 106 107 112 120 139 141 149 
155 157 167 174 175 176 178 180 
21
8 15 23 35 51 54 66 76 83 93 110 112 
120 132 140 148 152 169 182 185 188 
22
1 26 35 50 55 65 74 76 81 85 89 94 
99 131 148 152 155 162 165 178 179 199 
19
13 20 39 40 62 70 74 83 86 95 99 104 
109 113 114 139 148 154 193 
14
5 14 28 44 58 65 72 74 90 96 122 131 
144 167 
15
20 49 51 64 96 106 115 131 152 156 161 174 
183 192 200 
24
1 4 11 19 42 55 57 59 81 95 117 119 
120 125 127 133 146 149 150 154 167 168 178 179 
13
36 42 61 81 94 101 108 120 121 123 161 182 
189 
17
10 36 54 89 99 120 127 138 147 152 155 158 
159 162 166 169 196 
18
5 24 27 28 40 47 49 50 54 66 75 86 
93 97 98 138 180 182 
22
13 17 20 23 38 39 42 48 58 67 70 110 
119 120 143 159 163 167 174 179 191 197 
25
6 11 14 19 28 29 33 55 69 78 81 90 
94 115 120 124 133 135 146 151 159 167 173 177 
193 
15
1 8 11 40 46 64 65 85 104 141 142 169 
171 175 181 
24
2 26 27 39 41 42 47 54 62 63 73 96 
97 127 131 136 137 145 161 168 187 189 196 200 
21
3 21 23 24 38 73 76 99 104 109 114 116 
130 133 136 139 161 168 176 192 196 
21
1 5 15 19 20 29 84 85 89 96 109 117 
149 154 165 169 171 188 194 195 200 
21
5 12 20 24 26 45 51 74 94 109 110 125 
129 140 144 160 162 169 170 197 199 
19
10 12 15 17 36 39 44 51 57 67 68 129 
137 143 149 153 168 191 195 
13
1 24 55 60 75 92 110 130 152 176 191 194 
196 
26
2 4 8 17 37 45 64 71 79 86 94 99 
104 108 111 123 127 139 144 155 156 159 164 166 
170 180 
15
22 31 32 33 39 44 60 68 74 119 148 158 
181 182 183 
23
1 20 33 49 52 53 69 82 87 88 91 103 
110 111 112 120 122 134 139 151 154 161 189 
20
1 21 24 28 44 61 69 76 89 111 113 121 
133 134 138 143 154 155 164 192 
16
6 11 25 35 52 55 57 72 88 93 107 123 
150 164 184 190 
20
5 9 12 15 19 25 73 78 85 101 103 110 
133 134 172 180 193 194 195 196 
11
12 61 67 73 77 143 151 169 172 184 187 
26
1 7 8 10 19 31 33 46 62 65 71 72 
75 91 96 123 126 128 131 143 145 165 169 174 
178 179 
17
15 18 35 60 61 66 85 90 120 136 140 146 
155 168 173 180 198 
18
15 22 23 35 37 41 59 70 103 133 152 160 
164 165 166 169 186 196 
10
10 31 32 66 77 101 106 119 183 198 
22
12 31 39 64 72 78 92 94 98 100 103 105 
109 120 121 129 132 133 155 158 172 175 
18
2 10 12 18 42 47 55 78 83 87 95 112 
114 123 136 138 150 163 
17
11 33 37 39 68 112 115 118 131 137 166 172 
176 181 188 190 200 
18
3 30 36 42 46 63 77 83 105 110 133 136 
145 148 154 175 182 188 
19
7 11 12 16 42 47 52 55 69 99 106 116 
135 141 145 155 186 189 196 
16
3 7 12 48 106 109 110 115 142 146 159 161 
167 170 189 199 
18
1 12 24 25 38 72 74 79 81 84 101 109 
110 113 126 136 155 195 
31
24 28 30 32 38 44 68 78 83 86 89 91 
93 96 99 102 108 118 120 121 128 131 135 142 
147 155 159 167 173 175 185 
22
9 15 20 22 25 31 39 43 54 60 76 78 
89 113 120 121 127 130 135 136 184 195 
22
1 9 17 20 22 45 65 76 93 101 114 118 
122 123 126 130 131 142 160 165 169 177 
22
3 29 49 70 79 83 92 115 125 132 135 142 
149 150 166 167 175 180 183 188 191 194 
25
17 41 59 73 83 105 108 114 117 126 129 133 
136 138 147 151 155 157 165 173 175 183 191 193 
194 
19
12 18 41 42 54 55 64 74 86 94 126 131 
143 168 169 172 175 182 199 
23
3 6 20 24 31 40 43 45 48 49 62 82 
87 96 110 124 156 163 167 170 183 188 193 
21
1 7 9 13 26 43 85 96 99 113 114 123 
139 148 152 157 162 164 166 180 193 
13
3 6 30 70 87 103 106 116 119 147 165 193 
195 
15
10 18 26 31 37 52 55 81 89 91 100 119 
130 155 164 
22
14 18 31 41 44 48 77 95 100 104 109 136 
145 164 172 175 189 191 196 197 199 200 
22
2 3 6 8 25 33 37 53 57 72 86 88 
89 90 97 119 131 168 181 188 194 197 
25
2 3 14 39 41 58 71 77 83 84 102 104 
108 109 110 130 133 147 159 162 165 175 179 192 
199 
21
16 17 21 24 27 30 53 70 79 84 97 103 
109 112 118 131 139 143 177 194 199 
15
10 12 25 26 57 82 113 120 122 134 152 157 
158 162 164 
21
7 30 54 61 68 72 73 76 88 94 109 124 
136 143 147 148 156 158 159 189 194 
22
20 35 39 40 45 50 51 70 92 112 126 135 
141 146 149 157 160 166 169 171 183 186 
15
7 22 23 38 58 83 102 103 109 119 139 156 
159 191 200 
22
5 10 13 17 26 61 64 67 80 82 95 99 
100 103 105 132 138 143 145 150 184 190 
13
12 16 59 78 99 106 108 109 115 135 149 151 
181 
28
15 18 23 28 32 46 50 82 84 95 100 106 
115 116 123 125 129 139 154 160 161 164 165 168 
177 185 187 189 
25
20 33 41 42 48 49 50 57 60 71 89 92 
113 122 127 143 145 151 159 182 184 188 190 193 
195 
21
24 40 51 65 79 80 89 93 110 112 116 124 
136 141 150 154 156 157 171 182 185 
16
5 10 13 15 16 21 28 33 42 43 60 68 
81 123 137 143 
21
1 18 23 29 31 32 47 66 79 85 96 99 
101 105 109 136 156 168 178 191 195 
20
3 22 45 51 59 64 71 74 78 80 83 92 
101 109 124 125 138 160 166 178 
13
8 24 27 62 64 112 122 125 155 157 165 168 
189 
27
3 21 27 28 29 38 39 44 45 47 52 55 
65 70 84 88 94 98 111 123 139 156 164 169 
171 193 195 
27
4 7 12 15 18 23 26 27 28 39 75 83 
99 106 118 134 137 140 151 153 157 159 167 190 
192 195 200 
21
1 11 16 19 24 32 42 46 47 52 56 79 
83 104 113 121 126 127 174 192 200 
24
10 11 14 31 52 54 56 62 63 65 70 74 
103 111 115 127 129 133 142 151 164 180 182 200 
16
7 10 16 17 47 74 76 90 102 136 158 183 
191 194 195 198 
22
1 10 31 57 73 82 117 120 122 134 143 144 
146 153 166 167 169 178 179 181 183 191 
16
4 9 28 34 52 61 62 73 106 145 153 158 
159 160 169 188 
27
8 20 25 29 38 46 47 77 81 86 88 90 
91 114 115 134 148 152 154 156 172 173 177 186 
193 194 200 
17
18 32 56 60 61 71 77 83 99 113 148 153 
160 168 182 183 185 
21
23 29 34 37 53 60 65 77 85 98 110 122 
126 135 152 156 159 170 171 179 198 
13
1 23 30 47 73 89 91 111 125 137 138 186 
190 
22
15 17 21 30 31 35 54 78 84 101 104 109 
111 114 129 130 143 145 183 187 188 198 
15
4 14 27 34 57 96 105 108 131 132 133 137 
139 174 181 
26
13 24 25 37 46 49 53 64 76 93 101 121 
123 130 137 149 162 164 173 174 175 178 179 186 
195 197 
25
15 26 28 40 41 46 57 70 73 74 77 90 
96 114 136 142 154 163 174 180 191 192 196 197 
199 
28
3 13 18 20 23 26 35 48 58 65 72 77 
79 87 105 108 116 134 148 153 169 175 179 185 
193 195 196 198 
20
3 11 37 46 47 54 55 75 87 91 98 102 
111 123 133 151 160 165 166 185 
19
6 13 19 22 28 47 65 66 77 93 94 132 
161 172 183 184 187 189 192 
18
1 2 11 13 24 30 31 34 36 63 66 68 
74 102 165 170 191 195 
21
2 4 6 11 18 24 29 38 48 57 63 68 
92 99 110 112 118 119 153 167 188 
23
24 31 36 37 42 72 74 93 110 117 119 122 
142 144 151 158 162 165 166 169 179 181 187 
22
9 15 17 29 32 33 51 59 61 76 88 98 
103 128 144 150 153 156 170 182 195 197 
12
3 40 43 69 84 89 91 133 141 158 162 174 
18
8 35 45 67 83 101 116 124 129 133 134 135 
137 142 148 156 167 187 
18
21 25 29 32 45 58 75 77 98 133 140 147 
154 159 161 165 189 190 
19
3 10 20 39 41 42 59 67 95 96 102 112 
139 145 149 157 175 177 192 
21
5 13 34 41 49 55 61 70 75 81 83 103 
105 119 158 168 170 175 186 190 197 
24
2 32 38 56 57 67 70 73 80 91 94 103 
104 118 127 133 141 156 167 176 183 197 198 200 
18
30 37 69 74 75 84 93 112 117 118 132 139 
148 162 180 187 191 193 
20
10 15 17 26 35 45 47 62 66 68 85 101 
145 156 159 161 166 191 197 198 
20
28 35 38 40 42 61 65 72 77 100 103 118 
120 122 158 174 186 198 199 200 
19
7 18 19 34 37 77 83 99 126 134 137 138 
149 169 175 176 177 182 200 
20
4 17 47 64 84 89 92 93 95 120 134 137 
158 162 165 169 170 176 184 195 
30
2 7 23 44 51 69 80 83 91 98 106 113 
116 120 125 129 131 132 133 136 138 140 150 159 
162 167 172 174 180 200 
13
17 30 32 36 37 71 76 110 111 118 127 164 
191 
20
8 11 30 35 38 57 69 75 77 87 91 95 
106 116 130 141 165 171 172 190 
21
19 20 28 30 40 50 54 60 69 73 102 104 
117 124 127 144 177 179 188 189 194 
17
26 29 60 78 102 108 123 134 139 151 153 164 
167 168 175 182 183 
13
30 36 52 68 82 132 138 145 154 160 163 183 
184 
12
21 25 112 117 142 158 160 178 180 183 195 196 
19
15 20 31 35 77 92 94 104 111 119 129 148 
156 161 170 176 178 186 198 
18
4 17 19 24 30 31 35 56 65 87 101 103 
104 114 129 141 154 160 
24
6 8 14 16 24 48 50 54 67 68 86 88 
91 99 103 116 120 139 144 154 156 159 164 183 
16
12 26 50 79 91 97 100 104 108 112 117 129 
151 165 172 181 
23
4 43 47 51 54 65 68 81 90 102 109 122 
126 139 155 161 170 171 174 179 190 191 193 
25
12 14 20 21 27 28 57 67 80 81 84 91 
102 112 115 127 136 138 142 146 151 168 178 189 
190 
16
43 48 49 51 57 80 81 85 88 100 125 127 
163 172 173 185 
13
8 25 26 30 60 85 142 147 148 181 184 186 
187 
16
23 26 32 48 51 61 79 84 88 94 119 120 
147 162 178 183 
19
3 12 20 21 25 30 60 86 93 115 119 136 
145 165 176 183 186 187 195 
22
39 40 41 50 68 70 90 105 110 111 114 116 
124 130 135 149 150 160 174 180 186 192 
16
4 35 36 42 54 85 88 91 97 101 102 112 
134 145 186 194 
18
23 25 33 39 54 56 67 96 129 138 149 152 
158 162 172 175 195 198 
22
12 13 19 23 27 39 67 68 69 72 73 79 
87 95 111 113 120 146 164 176 188 192 
37
8 14 19 20 23 24 27 31 33 38 46 52 
55 59 63 66 71 79 84 95 98 100 103 119 
123 124 127 137 145 149 150 155 156 164 169 176 
183 
15
24 25 38 61 70 115 122 125 131 139 141 152 
153 192 196 
30
1 22 43 56 60 65 66 76 83 95 98 104 
129 132 134 135 141 143 146 152 153 155 156 160 
161 166 168 174 186 195 
25
2 19 21 33 36 38 53 74 79 88 93 98 
101 119 131 141 155 162 165 175 176 177 188 193 
198 
19
12 19 22 44 47 48 61 80 83 101 109 112 
119 127 144 153 166 191 199 
23
2 5 16 19 39 44 49 57 67 75 89 94 
95 96 135 136 143 147 162 171 174 195 196 
16
12 13 14 22 26 35 43 52 74 76 92 105 
165 179 184 197 
16
5 19 20 49 74 80 120 121 127 130 131 135 
169 170 175 189 
21
5 21 36 40 44 45 46 62 63 66 85 88 
94 98 104 116 125 135 144 150 151 
24
2 10 21 33 39 41 46 51 73 85 86 98 
106 107 109 112 115 130 145 168 169 172 178 193 
20
18 27 57 64 65 70 80 83 98 100 107 109 
133 143 164 177 179 180 182 189 
22
2 22 31 76 81 82 92 106 107 109 119 121 
127 133 138 144 149 164 174 178 187 188 
26
6 9 16 17 18 42 60 62 68 71 95 98 
101 103 104 112 116 128 138 158 160 161 163 177 
184 199 
30
4 5 9 19 38 40 46 51 54 55 66 70 
90 91 98 103 109 116 117 118 127 138 139 146 
150 151 157 168 177 196 
19
17 22 24 36 37 45 46 49 55 63 90 96 
121 124 137 144 151 162 170 
21
11 13 18 45 46 47 62 76 82 92 96 101 
126 128 131 162 166 176 180 184 198 
22
6 21 23 26 69 71 78 91 117 124 126 136 
141 143 154 157 160 163 173 174 187 199 
18
8 20 29 55 57 63 67 89 93 105 107 147 
160 180 182 184 194 196 
15
23 50 60 67 80 87 108 117 124 126 129 142 
145 161 194 
19
3 4 24 35 49 56 70 91 96 100 109 113 
125 128 132 133 153 175 191 
16
14 60 77 84 85 87 92 98 108 123 129 145 
166 180 183 197 
20
11 12 27 37 41 44 55 65 92 105 112 122 
123 131 142 148 160 180 187 200 
17
9 22 25 34 50 69 84 97 103 120 133 145 
153 158 169 175 193 
16
4 11 12 18 35 36 38 75 76 106 107 110 
152 158 162 199 
16
6 21 27 46 58 60 78 87 88 92 96 113 
130 164 173 181 
21
3 13 30 62 65 73 75 79 81 90 92 106 
114 148 160 169 172 175 180 194 198 
15
17 19 29 37 47 78 104 110 139 159 160 165 
170 175 181 
26
5 17 35 40 41 42 50 65 76 81 101 120 
128 134 136 152 154 155 156 162 165 168 173 175 
193 195 
19
22 29 41 69 75 78 93 95 96 103 107 140 
143 148 157 160 178 188 195 
22
19 28 36 47 54 61 70 90 91 111 116 148 
153 165 166 171 172 176 178 185 187 198 
21
12 27 30 31 48 61 68 84 95 110 113 119 
120 121 124 144 151 170 181 190 191 
22
4 19 29 42 47 49 58 64 75 82 89 90 
106 109 119 130 157 160 161 168 181 189 
18
2 3 6 9 24 26 33 44 48 64 98 99 
104 110 113 158 171 195 
28
2 15 28 53 61 67 70 86 91 101 102 107 
117 120 131 139 141 146 154 164 168 169 170 183 
185 193 196 200 
18
12 19 20 25 45 93 99 101 102 115 122 127 
128 132 167 171 175 189 
15
10 39 41 63 69 120 133 135 151 155 158 160 
166 173 185 
16
3 13 16 25 29 34 49 62 65 77 79 93 
105 116 172 199 
15
5 15 28 36 39 46 52 55 58 86 87 88 
92 118 177 
13
3 8 11 30 50 70 85 116 141 167 182 194 
200 
26
3 6 28 33 40 52 54 57 67 80 83 86 
102 107 113 123 126 127 131 134 147 161 170 178 
180 185 
24
10 12 18 39 41 46 49 50 57 58 77 80 
84 93 96 110 117 140 146 154 162 174 179 190 
19
7 11 12 15 19 23 41 88 124 126 127 131 
136 161 165 166 184 186 190 
17
16 33 41 54 62 68 78 84 90 110 138 146 
154 157 174 182 193 
18
20 54 62 68 74 76 101 103 122 126 128 131 
148 158 162 165 181 189 
15
4 7 40 42 61 79 85 87 90 131 140 142 
154 173 196 
17
16 22 24 33 49 71 73 115 121 123 138 150 
162 165 171 178 197 
17
8 9 33 40 45 50 59 90 91 107 124 128 
134 139 150 153 175 
29
3 22 26 29 32 42 44 45 49 62 81 82 
88 102 106 113 114 122 133 136 145 156 162 164 
170 182 183 191 196 
17
12 16 27 43 50 56 73 75 81 98 107 110 
143 162 173 178 193 
24
4 5 40 47 59 60 72 78 90 97 109 110 
114 136 145 153 157 164 167 168 178 187 193 199 
23
5 10 19 22 30 37 44 54 58 70 71 73 
87 100 103 109 112 121 129 131 156 164 191 
17
1 3 7 13 19 28 43 69 98 152 162 164 
166 168 174 196 200 
19
1 2 11 17 27 48 54 57 76 86 92 95 
97 99 121 142 153 182 194 
21
17 44 45 50 70 71 76 81 82 93 101 112 
115 126 130 131 138 149 159 173 187 
23
15 17 21 29 34 43 60 67 68 70 81 90 
99 105 110 117 127 141 153 154 163 169 178 
23
8 11 20 27 36 38 48 50 62 64 67 70 
77 86 90 101 102 125 133 137 139 181 192 
18
3 6 32 44 49 59 70 74 100 102 115 119 
164 166 176 196 199 200 
25
1 9 10 19 21 27 30 46 59 65 85 88 
94 98 103 105 113 124 125 131 147 150 173 178 
183 
17
2 7 8 17 44 72 94 102 109 110 130 135 
141 143 155 171 189 
22
2 6 13 26 27 29 34 56 58 82 86 97 
130 135 139 153 154 157 187 188 194 200 
25
9 14 18 21 25 29 60 62 65 68 74 82 
101 118 119 120 121 142 145 153 155 157 164 171 
178 
20
21 29 31 48 69 75 110 118 128 137 140 142 
148 152 162 167 171 180 181 194 
19
39 46 59 63 64 69 79 82 94 103 106 109 
111 113 134 153 158 169 188 
18
4 7 9 14 20 34 51 70 73 78 102 107 
133 143 146 147 159 163 
20
7 9 12 33 48 56 61 72 75 76 114 115 
116 123 143 151 159 170 188 199 
24
12 15 30 35 42 48 69 78 89 91 107 109 
111 112 118 120 126 132 139 140 166 186 191 192 
20
9 20 29 31 33 38 73 77 84 87 88 90 
96 97 111 115 116 153 187 188 
23
5 11 13 15 25 33 52 60 62 75 77 91 
117 121 126 127 133 142 154 160 168 172 178 
21
3 4 8 15 23 26 36 46 59 67 71 73 
112 117 126 130 156 166 175 179 192 
26
4 12 32 39 40 41 49 70 75 79 84 88 
91 97 110 115 117 122 125 127 145 150 162 177 
186 194 
19
7 14 18 20 54 55 75 98 134 136 139 140 
151 165 168 169 182 184 192 
15
4 11 46 47 84 97 101 103 110 113 119 139 
182 191 200 
22
18 24 36 59 62 66 67 78 82 93 100 122 
139 141 144 157 173 175 177 187 188 192 
15
2 7 8 15 42 68 80 82 87 93 95 134 
135 180 197 
14
9 23 30 36 47 49 59 73 105 126 128 152 
166 183 
24
1 2 3 7 11 39 42 46 48 54 57 99 
102 112 113 115 134 136 139 150 162 168 179 180 
19
31 34 43 51 68 69 82 108 119 124 135 136 
144 163 176 178 184 192 198 
20
1 13 15 24 47 57 60 91 93 98 100 113 
122 148 165 172 186 187 195 199 
19
8 13 22 23 30 35 41 49 57 83 100 105 
113 117 119 125 167 184 191 
21
20 34 36 48 49 73 80 85 88 97 100 109 
111 113 124 140 145 148 157 169 187 
26
12 17 20 26 27 39 42 47 50 69 74 76 
78 85 109 111 119 131 137 155 162 173 174 187 
188 200 
25
1 2 4 20 21 33 41 47 63 71 94 121 
131 132 147 148 149 150 158 163 171 176 191 197 
198 
19
5 25 26 63 70 87 92 96 107 130 146 158 
170 173 175 181 183 184 191 
29
11 12 13 26 28 30 32 33 37 54 58 77 
86 91 107 112 114 127 136 143 158 159 161 164 
170 180 181 192 197 
23
25 30 31 63 65 75 79 100 103 106 118 119 
123 130 140 141 156 168 175 176 182 191 195 
16
13 43 44 51 54 91 112 120 128 129 144 150 
158 170 185 199 
16
24 35 50 65 79 85 86 129 136 139 154 159 
168 173 188 190 
18
27 28 59 62 93 106 130 140 150 153 161 164 
175 176 182 192 197 199 
25
31 32 34 46 53 94 110 114 120 124 125 126 
130 132 133 158 163 174 180 182 183 184 193 199 
200 
20
11 12 17 27 34 38 49 54 60 61 66 68 
73 89 104 128 151 154 167 199 
19
2 22 31 47 49 59 64 76 105 124 128 130 
143 149 158 169 181 188 195 
21
13 34 44 46 61 76 79 87 88 101 110 116 
124 130 140 157 159 160 170 185 195 
17
42 51 70 113 115 121 127 128 132 138 158 165 
167 174 176 189 191 
17
17 26 47 49 52 60 62 67 92 104 114 115 
130 132 153 186 196 
20
26 56 60 62 67 69 77 106 108 116 127 131 
141 143 166 179 184 192 195 198 
21
40 48 57 89 93 106 108 110 114 116 128 129 
134 136 139 146 157 165 170 175 193 
19
4 11 23 24 57 70 72 100 103 115 119 124 
127 128 129 130 151 165 167 
16
26 43 54 57 68 76 109 113 129 134 138 165 
171 175 188 197 
17
19 27 44 54 93 96 117 128 138 147 151 168 
173 183 189 195 199 
21
1 8 10 16 23 41 45 81 85 102 107 114 
137 139 152 157 166 167 174 184 189 
14
21 26 56 68 83 84 89 103 121 131 148 150 
181 191 
16
2 3 32 43 68 95 104 105 120 123 126 141 
163 167 171 182 
19
2 9 54 56 64 66 72 80 91 103 123 129 
142 145 147 154 163 167 179 
27
15 23 27 40 46 51 60 62 86 88 98 104 
105 106 113 128 136 138 141 152 162 163 165 168 
176 179 189 
17
5 8 10 40 62 63 66 70 77 82 91 101 
150 172 176 180 185 
21
2 11 35 37 50 51 63 66 68 70 72 86 
112 137 139 140 147 153 164 165 198 
18
2 8 12 18 34 40 54 64 67 83 116 121 
127 132 155 167 191 197 
18
5 12 20 27 30 34 46 69 75 78 91 102 
120 144 153 173 179 184 
21
8 28 30 35 38 39 53 64 80 102 104 122 
125 130 133 165 167 180 181 187 188 
19
6 13 27 48 50 91 95 112 118 126 140 144 
158 161 165 167 174 180 194 
23
1 12 19 20 30 31 42 50 56 78 81 85 
86 89 106 107 109 136 141 146 147 185 197 
19
3 18 40 53 54 69 105 111 116 123 142 146 
156 160 164 176 180 183 186 
19
12 26 33 34 35 44 51 55 73 78 102 124 
129 130 139 146 159 181 183 
19
6 15 17 22 29 37 43 68 79 95 108 109 
129 135 147 161 165 176 188 
19
10 26 61 62 82 86 102 107 117 120 145 156 
161 165 166 167 177 182 187 
29
6 12 24 37 50 56 64 71 73 77 78 82 
86 101 102 104 118 119 120 126 127 128 129 135 
140 142 159 169 180 
28
2 6 19 28 35 40 41 44 64 69 76 80 
82 84 92 98 110 113 124 127 129 130 139 144 
151 159 172 200 
18
9 11 12 23 24 36 59 84 97 98 100 113 
118 119 152 163 172 180 
19
10 14 24 30 31 38 63 88 93 103 111 119 
129 142 143 168 181 188 195 
22
12 15 23 43 58 63 85 95 105 107 119 121 
123 125 130 137 140 153 156 160 161 172 
14
9 14 18 41 51 64 78 102 115 140 143 165 
179 187 
26
3 5 13 24 40 42 60 63 69 72 73 82 
94 112 149 150 153 167 169 173 180 182 189 193 
195 196 
15
1 11 34 36 47 49 73 74 103 104 111 119 
150 184 187 
16
3 4 14 30 32 49 72 90 98 112 116 137 
154 158 161 162 
17
11 26 31 50 77 84 90 107 120 123 126 148 
154 156 169 184 190 
24
4 6 24 33 58 59 68 69 70 72 102 103 
104 112 121 140 144 147 161 163 180 183 185 188 
22
3 7 10 20 42 47 51 52 58 64 78 79 
82 86 92 94 137 163 168 178 193 198 
15
35 68 73 85 100 101 111 125 130 135 153 165 
175 185 196 
14
20 33 36 71 98 110 133 145 153 163 164 171 
190 197 
23
4 5 16 22 29 30 35 39 47 48 82 89 
113 114 131 137 143 151 162 171 173 193 195 
20
1 3 8 26 27 42 56 57 68 70 85 99 
104 107 121 125 129 160 178 200 
22
1 8 16 30 35 67 80 82 83 84 90 108 
112 113 137 141 144 150 153 160 162 194 
21
8 9 30 35 37 51 60 65 71 77 84 94 
95 131 132 134 143 173 175 184 188 
21
4 9 15 16 19 52 56 58 75 79 83 91 
92 94 95 111 114 133 160 163 176 
32
17 23 28 31 34 36 48 52 65 66 72 78 
83 84 98 101 109 120 121 127 134 138 140 144 
164 174 178 181 182 185 194 200 
21
2 8 26 27 31 51 55 57 58 62 76 90 
104 105 109 125 130 141 169 192 196 
20
10 14 24 27 42 46 63 85 105 118 122 133 
137 140 143 159 161 164 193 200 
21
5 13 19 27 51 56 62 70 72 81 99 109 
122 123 141 145 155 157 169 187 190 
20
5 8 10 15 17 30 31 32 34 40 43 61 
74 75 89 114 117 140 171 198 
24
3 12 23 24 39 41 48 84 101 105 110 122 
125 134 137 141 142 148 149 150 161 169 193 197 
16
4 7 27 29 43 65 82 92 104 124 127 142 
144 148 152 159 
19
9 12 16 50 62 64 90 112 114 118 142 145 
154 155 156 170 171 177 179 
21
1 9 13 26 45 64 77 78 84 92 96 101 
110 126 130 140 161 164 171 173 183 
20
7 23 59 63 64 96 101 113 116 121 124 125 
147 151 169 170 182 188 197 198 
19
7 15 17 21 27 48 52 59 63 77 109 127 
133 147 149 159 162 171 199 
15
15 17 27 54 56 62 73 80 92 96 99 105 
143 156 163 
17
2 19 23 24 62 83 90 97 105 125 129 147 
162 163 171 189 195 
18
26 29 42 43 47 81 86 91 92 100 113 129 
132 137 144 164 179 183 
26
3 4 10 14 30 49 66 75 76 81 82 84 
91 95 105 106 108 137 150 151 165 170 173 186 
188 200 
16
15 37 50 64 76 107 113 132 134 138 172 173 
179 189 194 196 
26
14 29 34 52 65 68 74 86 93 98 104 108 
120 127 136 140 142 143 144 152 160 168 171 176 
185 193 
23
1 8 24 36 38 44 51 65 84 86 90 99 
103 114 123 128 132 145 157 161 177 192 200 
25
3 7 17 18 33 68 72 79 87 95 96 105 
108 111 116 119 120 131 132 136 142 160 184 197 
200 
18
3 4 40 43 59 60 61 63 67 90 104 110 
124 139 151 188 190 197 
25
7 46 48 62 68 72 81 87 98 100 111 120 
125 129 134 141 145 150 160 167 176 181 195 198 
200 
14
41 55 62 80 93 109 124 131 150 164 172 174 
194 196 
24
2 18 23 26 35 40 44 50 59 71 75 76 
80 102 106 110 111 149 155 158 169 184 185 199 
16
13 29 41 60 68 81 96 106 110 122 132 142 
163 172 192 193 
16
29 30 40 63 81 98 103 104 138 160 170 185 
187 188 189 196 
12
22 52 59 66 92 118 119 127 143 152 173 184 
27
19 25 33 43 45 54 60 64 73 74 86 89 
95 100 101 105 114 126 129 134 146 158 163 168 
177 191 193 
21
14 16 18 22 25 27 30 51 72 73 81 85 
91 94 117 125 135 141 161 164 166 
23
14 24 58 66 77 80 86 89 100 106 124 129 
130 132 144 145 146 172 173 180 183 188 189 
19
2 3 11 16 29 38 64 90 92 103 112 124 
139 146 147 162 168 195 197 
20
8 18 27 40 41 52 90 116 126 130 131 132 
148 160 165 167 179 187 197 200 
15
20 25 28 73 82 92 96 108 123 161 168 176 
177 178 181 
25
18 27 42 49 57 66 77 81 83 86 91 93 
101 115 137 139 144 152 160 162 167 179 190 192 
193 
20
7 16 24 28 32 40 45 50 64 67 73 75 
94 114 125 146 153 163 164 200 
26
9 12 33 38 44 45 46 55 56 62 63 68 
70 75 78 79 96 134 142 143 147 156 161 165 
169 177 
21
6 8 36 55 56 58 75 84 89 93 112 127 
139 140 148 159 174 176 181 182 187 
18
5 40 46 55 64 69 70 77 93 114 128 140 
145 147 165 176 184 190 
22
32 35 42 70 71 79 86 87 92 100 102 104 
113 115 135 142 146 150 152 153 155 156 
25
9 13 24 36 38 63 85 93 96 109 111 113 
119 124 130 131 133 150 151 152 155 156 157 187 
200 
7
84 109 135 138 163 167 177 
16
16 21 29 50 67 69 79 104 110 119 136 164 
176 194 196 200 
26
5 6 10 33 36 40 50 55 79 84 90 103 
117 118 124 132 149 152 153 168 172 179 186 188 
198 200 
23
1 12 16 49 52 64 65 72 76 89 109 112 
121 125 129 134 135 149 154 160 165 182 192 
17
12 58 60 62 65 82 89 108 122 148 159 161 
166 171 173 183 196 
22
4 8 27 31 45 66 69 76 81 89 90 95 
120 125 138 142 158 170 176 190 194 196 
19
29 36 37 54 61 62 83 86 98 99 100 103 
113 118 135 157 168 177 183 
18
17 26 35 64 73 81 83 108 121 126 138 155 
161 176 178 179 189 197 
18
13 24 38 44 49 58 81 82 86 95 127 134 
139 151 156 157 195 196 
19
37 38 45 62 78 80 81 87 103 109 115 124 
142 156 157 174 180 182 196 
25
3 12 14 25 26 47 78 86 87 100 103 110 
113 118 126 127 133 137 140 157 161 172 173 185 
196 
22
12 15 23 64 78 81 83 86 89 93 95 102 
107 118 127 144 149 154 168 172 193 199 
20
2 12 14 20 29 33 41 52 92 148 150 159 
164 170 171 173 174 175 190 191 
13
3 15 94 100 113 116 123 127 153 166 170 177 
189 
22
4 30 57 59 75 76 87 88 90 103 109 124 
128 129 131 136 147 151 162 172 183 184 
24
14 22 33 57 65 67 70 80 92 94 105 114 
115 120 122 130 140 156 164 170 178 179 185 195 
19
2 10 29 35 39 44 61 85 90 94 100 112 
119 144 174 176 184 197 199 
15
3 20 21 50 58 106 124 129 133 136 139 145 
168 171 187 
23
8 9 13 19 20 25 34 37 49 53 57 59 
65 68 81 82 99 112 125 126 187 188 196 
20
2 3 10 27 35 37 44 50 56 90 93 103 
106 110 115 131 136 142 152 182 
18
8 18 33 58 73 79 84 87 91 92 95 98 
101 142 143 157 164 188 
10
31 50 68 124 129 161 164 166 167 181 
27
4 7 9 25 27 35 38 40 42 65 67 70 
72 87 91 104 111 112 118 134 137 141 143 145 
150 168 172 
22
4 7 20 49 68 75 81 89 91 97 98 103 
113 128 129 130 144 148 157 168 182 191 
17
10 18 28 34 44 54 73 89 95 118 124 140 
142 145 170 184 200 
22
23 25 43 47 51 77 90 93 98 103 114 119 
131 132 135 148 150 172 173 182 187 192 
32
12 33 35 36 44 49 55 64 70 71 84 86 
88 109 111 112 113 118 125 129 132 135 145 150 
155 158 163 164 166 171 184 196 
15
9 21 28 36 44 46 59 66 95 121 130 142 
164 177 193 
13
2 26 44 57 73 79 109 131 132 135 137 138 
188 
23
6 19 23 35 39 45 58 61 68 73 74 88 
97 99 111 117 134 139 141 148 163 173 181 
21
2 10 26 31 37 42 51 58 67 82 99 102 
116 128 138 142 155 159 172 175 191 
24
5 7 8 27 29 31 33 41 49 67 69 73 
99 102 103 109 111 112 123 128 131 171 176 182 
27
2 6 10 16 28 29 34 40 46 51 70 74 
80 97 108 109 115 138 139 142 147 156 162 163 
182 185 188 
13
12 13 21 28 38 40 69 86 89 157 160 172 
199 
20
10 25 29 30 32 35 39 44 67 69 74 108 
115 134 159 164 167 183 186 199 
26
14 16 21 34 44 51 54 64 65 68 71 90 
91 96 99 111 136 141 146 152 157 160 163 179 
180 190 
20
32 47 51 63 65 87 94 111 119 127 129 132 
133 142 152 154 155 171 172 179 
18
7 16 17 19 30 44 52 54 58 59 67 73 
99 122 126 184 186 189 
15
14 20 24 32 61 64 70 75 95 107 110 120 
134 138 176 
18
10 13 49 57 86 88 92 108 120 126 130 140 
148 160 178 181 192 196 
21
6 12 26 31 35 41 47 53 56 67 84 97 
99 108 109 120 141 156 182 195 199 
21
1 6 13 21 37 67 96 100 123 130 131 145 
146 152 156 157 169 189 195 196 200 
15
27 30 31 45 51 86 114 115 130 149 155 164 
170 190 191 
13
26 30 38 47 49 65 87 99 103 116 150 156 
157 
25
25 27 49 53 56 70 71 72 78 87 92 96 
103 113 125 126 127 136 137 139 145 173 174 183 
191 
20
14 22 31 35 43 59 65 105 110 111 121 134 
137 143 161 180 189 192 194 197 
17
17 21 32 43 61 78 98 106 111 114 121 157 
162 181 182 191 193 
16
3 4 7 9 17 45 96 109 111 113 135 156 
171 173 176 182 
19
39 41 43 50 61 70 72 83 92 109 118 134 
136 158 160 174 175 176 196 
20
12 40 59 79 80 81 90 94 106 124 125 141 
144 151 158 162 172 173 181 196 
24
34 62 66 77 91 95 107 130 131 132 134 138 
143 146 147 154 158 161 162 174 175 185 197 200 
17
25 33 44 45 65 68 73 94 99 112 125 127 
135 140 152 155 194 
23
11 17 32 35 41 43 57 73 78 84 98 102 
104 106 129 136 143 159 171 172 173 177 195 
21
5 18 19 28 41 62 63 64 67 78 79 82 
103 118 147 151 159 165 190 194 196 
18
1 10 20 30 54 56 63 81 89 109 114 118 
131 132 153 168 186 195 
17
13 15 57 60 71 73 81 127 129 134 156 160 
164 171 182 191 195 
24
1 12 36 48 57 63 66 69 78 79 82 89 
101 111 121 122 143 156 167 175 178 181 183 184 
20
11 14 16 26 30 32 37 39 47 53 60 62 
78 86 92 97 108 112 115 161 
15
8 14 58 60 102 109 112 125 138 154 159 162 
165 172 197 
20
17 24 46 47 51 71 74 79 80 100 105 115 
131 137 143 150 159 168 178 197 
21
3 16 28 30 36 52 60 76 83 96 100 125 
133 145 149 152 153 157 165 187 190 
18
12 34 36 48 59 75 78 88 89 90 97 114 
117 139 149 157 169 200 
17
7 28 31 33 35 36 44 63 73 76 83 86 
101 121 135 146 175 
23
6 19 21 30 35 43 54 65 68 80 85 97 
99 117 126 130 138 153 171 177 182 190 193 
21
3 7 14 15 40 63 71 77 103 105 113 121 
139 167 176 179 182 190 192 195 199 
19
5 7 11 47 48 81 86 96 111 123 127 135 
140 145 181 183 185 192 197 
19
1 5 8 16 21 40 56 74 75 77 121 137 
140 154 155 167 177 183 192 
8
23 64 76 94 99 107 158 197 
19
2 34 37 43 69 81 96 98 102 103 105 112 
147 152 156 169 183 184 198 
20
14 17 26 35 40 67 75 78 79 82 84 116 
130 152 164 169 170 175 181 186 
13
2 4 16 20 24 51 65 119 140 146 150 163 
173 
13
38 42 51 60 76 95 96 109 141 149 158 182 
195 
24
4 18 19 34 44 48 50 59 63 73 86 96 
99 107 114 135 141 147 180 182 183 195 197 198 
20
9 19 46 57 68 84 90 97 100 108 126 129 
134 137 150 154 160 180 185 193 
19
7 17 18 23 26 35 41 49 54 66 76 91 
121 127 129 141 156 170 172 
24
26 29 30 32 60 61 67 81 92 100 101 108 
109 111 136 139 154 162 168 177 179 184 196 198 
19
21 40 42 43 53 65 68 92 101 118 122 126 
129 138 143 146 150 184 187 
22
24 37 40 45 54 63 89 96 112 113 114 123 
151 155 158 160 161 164 170 172 191 199 
21
39 49 50 62 71 76 79 81 83 94 96 100 
111 122 126 129 146 164 173 183 191 
16
7 19 31 48 54 74 79 85 92 95 122 140 
156 166 169 179 
18
21 23 36 45 47 57 87 90 99 108 115 120 
126 161 178 190 193 198 
20
6 12 19 24 30 46 52 60 65 69 79 82 
103 120 146 151 165 182 197 199 
15
8 48 77 79 96 102 105 107 116 125 126 145 
166 170 200 
21
3 15 23 25 32 36 48 52 64 71 77 103 
117 118 140 141 143 151 188 195 199 
22
12 13 18 21 28 46 48 61 62 85 97 103 
105 107 118 125 140 154 159 164 171 185 
23
20 28 36 40 41 43 53 58 75 80 84 85 
131 148 155 156 157 160 163 174 175 181 185 
18
2 7 8 13 26 27 34 59 79 95 104 107 
111 136 161 173 184 185 
14
4 15 18 33 51 64 67 74 81 86 88 119 
168 198 
23
3 14 16 21 25 29 35 41 43 58 78 87 
91 100 107 108 115 130 140 159 163 170 194 
29
2 8 13 14 28 34 40 42 44 50 68 73 
87 98 104 106 112 116 117 125 143 144 150 162 
169 173 195 197 198 
26
7 13 18 20 26 33 44 48 64 67 79 98 
99 122 125 126 134 143 147 152 155 165 168 182 
188 192 
19
3 8 10 27 28 31 43 55 58 68 87 90 
149 150 151 157 159 162 192 
25
4 5 18 19 20 29 44 50 60 84 85 98 
101 105 108 124 125 128 130 153 170 179 186 198 
199 
26
5 18 19 32 49 57 67 69 71 87 88 97 
106 109 122 131 134 135 137 147 157 159 165 170 
187 192 
20
3 5 42 46 48 69 77 88 98 107 109 122 
123 125 130 135 142 145 163 188 
21
3 9 19 24 47 66 67 75 86 87 97 101 
109 117 123 124 134 156 159 171 181 
20
7 11 13 17 23 47 54 55 66 85 89 102 
113 119 135 137 150 151 152 187 
20
12 15 21 22 25 27 35 57 63 64 75 76 
96 97 120 126 134 136 165 181 
23
19 26 30 35 49 53 54 57 69 73 78 92 
99 109 115 130 131 134 164 165 176 179 192 
17
15 25 50 59 76 80 88 92 94 102 122 148 
149 155 182 188 194 
14
25 29 32 52 78 107 116 145 146 157 164 165 
186 197 
23
12 15 16 30 33 42 45 47 60 64 65 71 
88 92 101 114 121 129 160 162 167 171 194 
22
12 15 21 28 46 54 61 76 80 84 91 96 
111 125 138 140 146 149 152 156 174 187 
19
3 39 53 57 67 95 100 114 117 128 153 159 
162 174 177 178 182 190 194 
19
14 20 29 34 37 42 47 54 57 71 79 84 
86 117 129 155 176 183 190 
15
10 31 35 52 70 72 79 97 110 134 143 167 
175 183 196 
22
14 15 23 51 58 61 71 73 76 87 88 95 
104 110 118 125 134 143 157 161 164 175 
18
18 40 50 60 61 64 66 71 76 105 111 112 
120 125 126 161 168 169 
15
6 9 13 23 27 56 58 59 74 78 117 119 
127 135 156 
20
3 6 13 21 40 45 47 50 58 67 91 113 
121 129 142 175 181 182 190 193 
26
15 16 24 35 37 50 52 58 63 66 67 68 
71 75 77 81 97 99 105 106 121 141 153 158 
183 186 
18
5 14 17 21 31 32 46 55 70 71 72 81 
84 89 91 100 155 158 
17
1 6 10 28 51 64 75 99 119 123 135 140 
162 181 188 193 194 
29
1 11 12 16 17 24 26 29 35 43 44 54 
65 80 101 102 103 109 112 116 128 134 138 155 
156 177 178 181 182 
17
20 40 48 49 53 68 73 77 92 104 119 123 
141 143 148 171 181 
18
2 8 20 33 45 46 55 82 83 97 116 126 
145 156 174 176 180 182 
19
5 12 16 22 50 59 64 65 76 79 82 115 
117 122 133 169 175 180 184 
17
12 46 49 53 65 74 96 97 98 108 120 122 
142 173 177 181 187 
22
7 38 45 51 54 59 65 81 82 94 99 109 
120 122 123 124 134 139 140 154 170 185 
18
5 16 37 40 50 59 68 94 106 108 118 120 
129 150 178 182 192 195 
28
10 12 13 14 28 29 32 40 43 46 47 56 
68 71 74 93 95 100 109 131 134 155 165 177 
179 182 190 200 
22
4 8 25 26 38 50 55 58 71 74 85 87 
97 109 140 144 146 150 163 167 179 191 
14
55 56 70 72 73 102 112 129 134 136 157 168 
171 173 
20
2 6 12 13 40 45 48 67 68 69 78 93 
105 106 108 117 165 175 181 198 
24
14 21 22 25 26 51 53 55 56 73 75 83 
94 96 107 120 126 133 158 167 182 187 194 199 
22
4 16 26 32 36 46 54 58 60 75 85 107 
108 114 124 136 141 160 171 184 186 196 
14
4 7 24 75 100 119 130 147 161 162 169 170 
182 199 
28
11 12 19 23 25 27 34 56 71 87 89 93 
108 132 133 141 143 146 156 168 170 173 177 179 
184 189 190 192 
22
11 18 24 28 34 36 39 48 49 64 68 77 
80 90 99 100 124 131 144 148 160 185 
21
12 37 46 47 55 63 64 69 86 88 96 111 
125 128 151 155 170 177 182 187 198 
16
20 27 36 37 38 39 41 77 94 107 139 163 
166 167 173 180 
13
14 17 29 68 115 119 125 129 131 149 161 181 
183 
16
10 20 31 32 57 77 107 112 114 132 146 147 
154 165 185 186 
18
4 6 9 24 27 29 35 41 83 97 105 106 
117 121 149 151 175 185 
18
6 21 22 27 47 49 52 70 91 92 114 131 
133 152 156 158 167 170 
21
4 15 22 24 28 30 55 71 87 110 129 131 
132 137 141 149 153 168 181 182 192 
21
7 13 22 25 41 50 84 85 86 93 94 104 
116 121 125 152 155 163 177 183 186 
26
1 18 19 24 29 30 33 38 39 43 74 78 
81 88 103 113 117 119 140 149 159 166 172 173 
179 194 
17
20 60 73 76 77 84 90 98 105 108 126 167 
169 172 176 179 196 
29
1 2 6 10 24 34 46 63 64 66 73 77 
83 89 91 92 99 105 108 110 120 129 152 170 
178 181 184 187 188 
20
4 5 8 11 23 25 30 41 47 108 115 125 
131 135 137 149 151 178 179 192 
16
46 48 51 55 56 62 67 82 114 130 134 162 
167 182 183 200 
25
3 5 10 19 20 25 26 40 47 48 57 67 
68 83 89 98 106 115 117 125 126 178 180 193 
199 
25
1 5 9 14 15 24 29 35 52 57 58 62 
72 82 83 103 108 115 119 124 137 149 163 193 
197 
17
1 10 12 14 36 38 45 53 54 63 76 111 
123 157 158 164 184 
24
3 5 23 34 44 45 56 66 68 70 88 93 
97 105 118 131 139 171 178 183 187 192 196 199 
23
2 9 12 30 45 51 66 72 74 86 109 119 
120 124 138 141 145 148 153 154 164 170 185 
21
8 9 28 38 51 55 82 84 86 108 114 117 
122 130 133 134 154 157 159 162 180 
22
4 21 26 41 44 70 76 82 84 92 96 109 
116 118 125 144 156 168 178 180 189 197 
19
38 46 57 71 73 88 92 93 100 104 107 115 
116 126 129 150 175 180 192 
13
25 32 76 79 82 86 110 130 144 156 174 193 
197 
19
10 32 37 58 84 95 107 109 111 123 135 136 
140 147 155 158 187 192 200 
20
29 31 32 37 42 46 49 57 70 75 78 82 
92 95 97 98 141 158 179 196 
14
10 14 34 48 51 64 67 69 127 144 148 156 
167 191 
17
16 23 35 37 75 79 84 86 87 88 92 96 
106 132 160 163 197 
17
5 19 22 26 28 36 85 98 101 104 115 132 
138 162 186 193 198 
15
18 27 33 34 46 50 61 66 77 84 140 142 
148 152 165 
28
27 31 38 52 54 57 74 81 85 107 109 110 
111 114 115 124 125 138 143 145 147 148 153 155 
160 167 196 200 
21
39 51 57 72 83 87 92 96 112 116 122 126 
136 147 160 167 173 180 183 187 188 
26
10 16 27 44 45 57 60 61 71 74 77 82 
90 91 101 111 112 113 119 125 144 149 169 171 
197 198 
18
1 10 16 23 25 28 33 37 56 96 110 128 
131 140 146 151 157 179 
20
9 20 21 23 30 37 53 56 85 97 102 112 
126 149 151 155 164 180 182 195 
16
10 19 28 53 71 105 121 123 124 144 147 157 
161 166 185 191 
24
4 6 15 42 44 55 56 60 71 73 79 88 
104 107 109 115 125 128 148 151 168 172 179 194 
20
2 18 19 32 41 50 69 79 93 101 108 122 
142 151 158 164 177 179 180 182 
23
4 14 15 16 30 57 58 65 77 82 113 114 
122 125 130 150 152 160 167 170 172 183 198 
21
8 15 16 24 26 32 53 60 85 90 98 117 
121 135 141 146 151 153 159 181 185 
15
8 23 45 47 52 84 103 104 107 109 123 137 
145 148 161 
14
29 35 51 61 84 87 112 113 129 147 154 161 
194 196 
16
1 18 41 42 52 58 68 71 81 86 106 121 
149 158 164 192 
18
2 13 15 18 29 50 52 54 70 85 95 109 
118 124 154 155 160 183 
20
6 31 40 42 45 71 74 79 84 91 98 102 
127 142 150 154 155 163 183 199 
22
6 9 12 14 31 36 43 54 56 75 89 91 
98 105 150 159 160 167 168 177 185 195 
22
1 12 28 34 35 36 51 59 71 86 122 125 
130 139 140 141 144 163 176 178 179 196 
21
14 28 33 56 59 64 80 105 108 111 113 116 
124 134 150 154 156 165 178 192 196 
23
9 20 25 29 48 52 53 55 57 58 75 83 
91 93 101 126 164 166 171 175 182 191 194 
14
34 45 60 61 74 75 91 129 131 132 137 141 
177 186 
13
5 10 28 40 66 71 99 101 124 140 169 193 
199 
26
28 31 46 48 50 53 65 82 95 104 112 124 
128 147 149 159 172 174 176 179 181 190 191 192 
195 196 
26
12 25 33 38 55 66 70 71 84 94 98 102 
103 107 108 110 111 124 135 136 139 142 161 173 
178 189 
17
3 5 26 45 59 73 78 88 106 112 123 129 
136 145 149 159 199 
27
15 18 43 58 67 70 72 82 95 101 105 113 
115 116 120 133 135 136 144 146 158 166 180 187 
193 195 197 
23
1 2 5 9 18 29 38 45 50 52 64 65 
88 95 111 123 144 162 164 182 189 192 194 
19
18 26 29 32 44 53 65 71 77 85 88 105 
111 119 124 138 149 169 189 
18
3 15 21 25 38 51 59 60 63 70 78 115 
116 122 153 169 174 187 
24
1 6 20 23 29 30 32 38 39 60 62 69 
86 89 92 95 103 117 121 131 133 149 195 197 
24
2 17 26 33 47 49 56 59 62 88 110 113 
118 127 131 133 146 147 150 153 156 161 168 194 
25
1 17 18 22 24 33 37 48 49 52 69 74 
88 91 94 103 118 149 152 163 177 179 188 195 
197 
19
11 33 69 75 78 83 96 106 112 116 125 128 
130 152 159 161 167 176 198 
23
4 5 14 26 28 51 53 55 69 71 88 90 
109 115 121 123 131 147 148 159 167 177 194 
22
22 23 27 32 41 45 47 48 51 52 54 57 
71 100 101 117 123 126 142 170 175 191 
19
1 2 20 32 36 40 41 42 80 85 93 103 
113 123 130 157 173 177 196 
24
10 12 27 30 38 46 55 63 74 86 99 121 
130 138 142 150 151 157 160 167 174 180 184 200 
17
19 24 34 38 52 58 66 73 79 88 100 124 
139 180 182 186 188 
21
6 13 15 16 28 29 30 60 66 77 80 81 
87 101 110 115 133 139 145 147 185 
29
1 16 25 26 41 45 47 54 56 60 62 64 
73 76 79 88 99 100 110 111 112 123 127 132 
137 138 158 171 192 
34
12 13 17 22 37 38 40 44 45 55 58 62 
65 74 79 99 100 105 106 107 111 124 126 140 
152 153 155 156 165 167 171 172 194 195 
21
3 29 30 35 41 53 59 61 71 80 88 98 
124 125 140 142 143 159 182 190 198 
18
13 16 22 32 37 39 75 92 99 108 128 164 
165 171 183 185 193 197 
17
20 49 52 69 87 88 93 99 109 123 130 143 
148 164 167 180 191 
19
2 11 36 39 49 51 52 54 60 62 74 78 
81 122 134 147 164 169 179 
11
12 38 45 73 77 85 104 135 172 190 196 
17
6 17 21 40 44 45 51 62 77 81 107 118 
128 131 151 163 169 
16
9 10 19 36 39 58 84 92 93 107 121 139 
142 187 189 198 
22
9 14 27 32 33 35 54 61 68 99 104 105 
116 142 149 159 166 169 176 178 181 192 
18
19 21 37 42 50 82 84 87 106 115 126 133 
147 148 153 167 180 198 
20
10 23 37 47 54 77 80 84 93 111 115 152 
160 164 178 180 189 196 197 198 
16
46 47 49 55 62 80 86 89 94 100 118 122 
123 138 152 160 
25
4 17 19 37 40 42 53 54 62 68 86 92 
98 110 116 121 149 150 166 167 169 178 179 182 
187 
12
8 15 45 78 96 101 122 167 176 190 193 198 
26
9 11 12 16 20 36 42 58 72 76 81 85 
96 102 118 119 129 148 162 170 176 180 182 185 
197 200 
22
29 31 59 70 79 91 93 94 95 99 104 120 
123 126 133 134 140 142 151 165 182 192 
23
7 11 19 26 37 41 49 58 60 61 63 66 
78 103 139 147 148 149 168 170 179 184 199 
24
7 18 48 53 55 65 78 84 86 88 92 119 
120 122 128 134 142 145 148 159 176 181 192 194 
16
6 8 12 14 18 21 35 71 109 134 150 159 
162 173 177 197 
25
11 24 28 29 47 48 59 74 77 82 86 89 
92 99 100 108 112 128 159 160 162 164 190 193 
199 
17
16 24 27 51 55 69 71 76 94 98 100 105 
139 146 149 162 173 
16
9 12 23 29 30 39 65 69 77 88 98 108 
114 126 171 188 
22
7 13 30 40 43 46 49 53 65 69 82 83 
102 117 121 122 123 131 138 142 144 158 
19
9 22 28 42 43 46 52 59 61 75 77 98 
104 115 131 140 169 178 195 
18
8 13 19 23 42 44 45 57 61 91 98 100 
101 140 152 165 180 186 
31
4 31 35 40 42 44 59 60 72 86 90 114 
122 123 137 146 150 151 152 154 155 163 164 168 
173 174 178 183 185 188 192 
17
1 5 17 20 27 33 34 36 45 58 59 136 
145 148 163 177 198 
15
2 3 46 49 52 69 74 76 80 83 102 109 
125 142 181 
25
2 9 31 38 54 59 72 80 93 107 111 115 
116 119 120 130 132 141 160 170 186 189 195 196 
197 
14
16 33 35 83 94 118 138 141 147 156 159 172 
181 187 
20
2 5 16 32 41 47 58 74 89 90 97 125 
133 137 144 151 154 167 169 179 
20
2 18 25 37 41 51 62 67 71 77 78 88 
97 103 145 149 156 165 176 199 
13
3 35 54 59 62 69 111 116 145 157 168 179 
195 
27
5 6 15 25 32 48 68 75 79 82 86 102 
110 115 119 122 125 128 136 148 149 165 175 187 
188 192 197 
28
6 15 21 30 31 35 54 55 56 62 66 75 
76 85 88 96 103 106 120 147 150 154 160 177 
179 188 191 196 
29
3 4 5 7 23 28 37 47 50 52 56 66 
73 88 104 128 137 148 150 155 159 160 172 178 
182 190 191 194 199 
19
22 23 38 49 59 69 78 102 108 109 126 127 
129 142 143 146 181 187 189 
19
2 11 14 16 25 33 39 42 74 77 82 85 
93 120 133 143 152 163 165 
24
23 38 42 46 48 49 58 60 63 69 84 87 
88 96 115 118 136 153 159 164 176 181 183 200 
25
9 16 17 33 39 55 60 63 73 74 75 87 
102 103 113 133 146 160 163 164 166 176 184 189 
191 
16
2 7 20 25 36 51 73 102 109 118 119 122 
139 142 164 167 
20
5 9 17 23 34 36 40 56 60 90 95 97 
107 134 144 147 152 171 174 199 
18
11 13 24 26 28 50 51 63 73 87 95 108 
120 158 175 185 186 196 
19
17 21 69 75 85 86 107 111 112 124 126 141 
146 164 173 176 178 188 197 
12
15 19 50 53 60 63 66 91 99 140 180 196 
20
1 6 7 14 38 56 59 65 67 81 86 88 
101 111 125 135 145 150 157 199 
18
1 20 29 31 32 42 61 66 67 84 130 132 
134 147 156 174 192 195 
17
9 16 24 26 29 47 82 100 109 146 147 178 
185 186 192 194 200 
20
1 15 16 25 26 31 42 47 93 95 102 103 
116 141 156 168 170 184 189 193 
23
16 21 47 51 61 62 65 83 103 105 107 109 
118 119 121 127 136 137 140 161 166 175 193 
13
28 37 44 45 50 53 83 111 115 156 162 189 
192 
14
12 33 43 102 104 107 128 138 142 165 186 191 
198 200 
21
3 7 12 23 31 34 35 52 53 65 90 92 
128 141 148 154 170 178 179 181 188 
22
11 24 40 44 46 50 76 97 100 103 104 108 
114 115 118 127 157 160 176 185 187 188 
15
7 13 27 31 37 38 60 67 84 136 163 165 
180 188 199 
22
2 4 13 16 28 39 60 66 80 83 89 112 
117 128 131 132 136 159 163 178 182 185 
15
27 30 43 77 89 107 109 111 117 122 128 130 
131 168 187 
20
27 46 58 65 74 86 104 116 129 135 143 148 
151 155 160 170 176 179 186 188 
26
19 26 30 31 36 37 39 52 57 58 59 72 
77 86 97 99 116 117 120 122 132 135 153 163 
171 180 
20
1 13 18 33 43 45 55 59 63 70 80 90 
114 134 144 180 187 190 191 195 
26
3 14 19 41 44 45 49 51 53 55 61 64 
78 81 88 89 138 152 154 161 167 172 176 179 
184 189 
24
9 12 14 22 34 52 54 65 66 69 77 89 
98 103 136 148 150 155 167 171 174 185 196 200 
25
14 18 19 28 42 53 58 60 87 88 107 112 
113 131 132 136 138 140 161 171 175 178 180 189 
200 
21
22 29 40 50 62 84 88 97 107 113 131 133 
134 147 151 153 168 169 172 174 200 
18
7 12 15 21 34 38 42 60 65 67 77 87 
88 94 149 156 182 186 
21
5 15 33 48 55 61 62 64 65 81 100 109 
112 118 124 125 127 132 165 171 177 
23
5 16 20 25 39 59 63 64 65 67 69 86 
94 103 109 115 124 148 156 159 164 167 174 
23
6 16 20 27 38 48 61 65 75 83 95 113 
124 127 139 142 168 171 176 187 192 194 200 
22
6 15 17 19 22 30 37 54 56 80 85 90 
97 105 111 115 122 135 140 162 180 191 
29
5 6 15 16 28 31 39 41 48 58 62 63 
74 81 87 91 98 109 119 131 134 143 144 165 
168 176 183 195 196 
27
6 20 23 31 38 44 52 56 58 67 68 69 
100 110 112 119 121 129 146 163 165 169 172 176 
185 189 190 
25
2 3 8 18 37 38 39 59 62 65 98 100 
101 110 131 145 146 155 157 160 166 177 178 179 
183 
24
9 11 16 20 22 33 44 57 73 82 85 89 
100 121 123 135 147 155 169 177 179 188 189 192 
20
17 19 20 24 58 60 78 80 86 90 101 102 
105 116 119 142 145 154 161 200 
21
1 5 10 11 17 22 37 47 69 70 83 84 
122 147 149 174 180 182 185 191 198 
15
2 16 30 45 65 101 113 121 123 136 139 153 
174 187 198 
17
16 20 36 41 57 62 76 95 106 111 113 133 
144 147 167 176 190 
19
13 37 38 59 60 65 72 83 107 116 124 125 
135 144 153 156 175 178 193 
15
5 6 18 22 27 78 86 90 101 118 131 147 
172 198 200 
25
19 26 32 34 37 39 43 55 62 66 81 91 
100 112 117 126 130 133 138 147 186 187 192 196 
200 
19
3 6 8 17 32 53 59 69 79 83 86 87 
118 124 138 167 183 196 197 
25
22 33 34 40 43 57 78 84 85 87 89 99 
119 137 138 141 162 171 172 178 180 181 191 194 
198 
20
18 31 33 34 49 61 64 72 74 87 89 99 
108 114 152 156 164 165 168 194 
19
11 13 18 20 27 48 52 71 73 90 100 120 
136 137 164 167 168 170 175 
21
4 27 29 32 34 99 105 107 108 115 118 119 
127 128 134 135 155 156 168 171 186 
25
4 43 44 47 51 53 68 70 72 73 75 81 
83 86 97 101 104 109 124 129 132 134 140 168 
179 
28
25 37 42 46 47 55 58 81 92 94 100 109 
121 125 126 144 150 152 156 157 161 163 171 178 
184 188 195 196 
31
13 15 17 18 19 20 61 69 70 77 90 91 
111 113 115 116 119 139 152 154 157 164 168 174 
175 177 183 185 191 195 196 
14
2 21 32 41 44 62 87 88 158 159 172 179 
186 195 
23
4 14 18 31 55 58 71 79 99 126 132 143 
155 156 166 167 174 177 182 185 187 189 199 
19
2 7 8 11 26 27 33 37 42 47 61 78 
84 92 101 122 160 188 196 
23
4 34 35 42 43 47 49 52 57 60 75 77 
95 105 112 115 120 124 140 156 169 183 188 
26
4 18 23 25 32 36 42 43 51 53 55 56 
63 71 74 78 84 85 87 124 130 131 169 173 
195 198 
26
38 46 50 52 63 67 68 73 94 103 108 122 
127 128 132 136 144 153 160 163 169 173 178 179 
180 184 
13
2 21 45 62 64 95 107 122 127 143 148 170 
190 
19
15 17 21 40 41 51 53 61 64 66 72 79 
97 102 115 135 169 174 183 
15
25 29 56 57 61 67 70 72 108 121 129 133 
157 180 195 
18
16 40 54 65 68 75 80 94 96 114 123 129 
160 167 171 178 187 196 
