200 200
1 1 1 1 1 1 1 1 1 1 1 1 
1 1 1 1 1 1 1 1 1 1 1 1 
1 1 1 1 1 1 1 1 1 1 1 1 
1 1 1 1 1 1 1 1 1 1 1 1 
1 1 1 1 1 1 1 1 1 1 1 1 
1 1 1 1 1 1 1 1 1 1 1 1 
1 1 1 1 1 1 1 1 1 1 1 1 
1 1 1 1 1 1 1 1 1 1 1 1 
1 1 1 1 1 1 1 1 1 1 1 1 
1 1 1 1 1 1 1 1 1 1 1 1 
1 1 1 1 1 1 1 1 1 1 1 1 
1 1 1 1 1 1 1 1 1 1 1 1 
1 1 1 1 1 1 1 1 1 1 1 1 
1 1 1 1 1 1 1 1 1 1 1 1 
1 1 1 1 1 1 1 1 1 1 1 1 
1 1 1 1 1 1 1 1 1 1 1 1 
1 1 1 1 1 1 1 1 
61
1 3 4 8 10 17 28 29 32 35 36 37 
39 45 47 54 55 58 60 61 64 65 70 73 
74 77 81 82 83 84 86 93 97 100 108 110 
121 124 127 128 133 134 136 137 142 147 153 159 
160 162 166 171 175 176 179 180 181 184 185 190 
198 
59
1 5 6 7 8 10 11 12 17 20 22 25 
26 29 38 42 43 44 47 48 55 60 61 66 
72 75 76 78 79 87 88 91 97 98 100 109 
111 118 120 123 124 125 132 133 135 141 145 166 
167 169 170 171 173 176 178 182 188 189 195 
60
1 2 4 6 7 8 9 10 13 16 17 20 
22 30 34 35 36 48 49 50 52 54 56 63 
67 81 82 89 90 93 95 102 103 107 109 110 
114 115 119 121 122 129 132 138 140 143 152 159 
160 172 174 175 176 177 179 180 189 191 196 198 
48
10 11 12 20 23 37 44 47 48 55 58 62 
71 72 76 82 83 84 85 97 101 103 111 112 
113 128 129 131 133 134 137 140 142 149 159 161 
166 170 171 172 177 184 186 187 196 197 198 199 
47
4 6 7 9 14 20 21 26 30 38 40 45 
49 50 58 60 63 64 66 69 72 78 84 88 
106 115 119 125 128 131 136 138 142 143 146 151 
158 163 166 171 172 175 178 185 187 196 197 
65
1 2 7 12 15 16 17 18 19 22 23 25 
30 34 40 42 43 51 56 62 70 72 73 77 
78 79 81 83 84 88 91 96 103 105 115 119 
122 127 130 134 138 139 143 144 146 150 151 154 
155 157 162 165 168 169 171 174 176 178 181 185 
186 187 190 195 199 
72
2 3 7 9 12 14 17 19 21 29 32 33 
36 38 40 45 46 48 49 50 51 53 56 57 
59 61 63 65 68 70 74 75 76 80 82 83 
86 93 94 104 107 110 113 114 116 121 126 127 
136 141 145 149 151 153 156 158 159 160 161 162 
163 167 168 172 173 177 181 182 185 187 198 200 
60
1 5 7 12 14 16 19 22 30 31 35 39 
40 43 50 53 55 56 58 62 68 69 70 75 
78 80 82 85 89 91 101 102 105 106 114 116 
118 119 123 126 129 131 135 137 143 145 146 148 
152 153 156 158 164 175 177 189 191 192 195 199 
59
5 6 9 11 15 23 27 29 35 39 40 42 
43 45 48 50 52 55 58 67 68 71 79 84 
87 89 90 91 95 98 107 114 116 117 119 127 
129 130 132 137 138 139 142 147 148 157 158 159 
162 164 165 166 170 180 186 188 190 193 198 
61
3 4 5 7 9 10 11 17 18 20 24 25 
28 30 43 47 48 50 51 53 58 70 71 78 
81 83 85 86 105 111 113 114 115 124 125 126 
127 128 130 140 141 146 148 153 159 162 171 174 
175 176 177 178 180 185 186 187 188 190 192 195 
196 
61
1 4 6 7 9 12 17 18 22 23 24 27 
29 34 36 37 39 44 48 52 64 70 75 77 
78 82 83 90 91 94 95 97 99 103 104 109 
110 111 114 121 123 124 134 137 144 155 157 161 
162 167 170 172 175 176 179 180 182 189 197 198 
199 
59
2 3 5 10 12 14 18 19 27 28 30 31 
32 41 42 50 53 59 60 61 62 65 70 71 
77 79 86 88 89 90 92 94 95 99 100 101 
102 111 112 113 115 119 121 124 130 132 144 148 
153 156 167 171 177 180 185 186 192 193 196 
62
1 2 9 15 19 20 23 29 30 31 33 34 
36 41 44 45 46 48 49 56 57 58 60 68 
70 74 81 82 84 85 87 88 90 92 96 97 
103 106 107 116 123 124 127 132 135 139 141 144 
147 149 155 160 163 167 172 175 176 185 186 189 
194 197 
55
3 8 11 15 16 29 30 32 33 35 45 50 
58 59 64 66 74 77 79 83 84 87 88 89 
90 93 94 95 98 103 109 112 119 131 132 144 
145 146 152 154 159 161 166 168 172 174 175 177 
178 179 180 185 192 195 198 
70
3 4 5 7 8 11 13 14 22 24 25 26 
29 31 32 34 38 42 45 49 51 53 56 60 
62 71 76 79 82 85 92 94 95 98 103 104 
107 108 113 114 117 118 119 121 123 127 133 134 
137 143 147 153 154 155 156 165 166 167 172 173 
175 176 180 181 185 188 189 196 197 199 
59
1 5 8 10 12 15 16 18 20 22 24 26 
30 38 42 49 50 52 53 55 57 60 61 65 
68 71 77 80 85 86 87 88 94 98 100 102 
110 115 120 123 125 132 134 140 142 145 147 152 
153 156 159 165 170 171 172 178 179 185 193 
65
3 9 10 11 13 14 15 19 21 22 30 32 
44 47 49 57 59 65 66 68 78 80 83 86 
88 90 93 97 98 99 104 108 113 118 119 120 
123 124 125 126 132 135 137 143 147 148 150 161 
165 168 170 171 176 178 179 180 181 183 188 191 
192 195 196 198 200 
50
1 12 13 15 16 20 21 27 28 29 43 49 
50 54 55 57 62 63 65 66 73 79 98 102 
105 112 114 115 118 120 121 128 131 132 133 137 
141 145 151 157 159 163 166 171 172 173 185 187 
190 197 
63
2 4 8 9 21 25 26 33 35 37 43 55 
57 58 66 67 69 71 72 74 75 76 81 83 
84 88 90 93 97 109 110 114 119 120 124 126 
128 129 131 132 133 136 139 140 141 142 149 151 
153 159 160 161 164 165 171 172 175 178 183 190 
193 197 200 
58
2 7 8 9 10 18 19 23 34 37 38 41 
43 46 49 54 66 74 76 77 79 80 82 83 
88 89 91 108 113 119 121 127 132 135 136 137 
144 145 152 155 160 161 162 165 171 174 176 177 
178 179 181 182 184 188 189 191 195 200 
69
2 4 5 6 7 9 10 11 13 14 15 16 
24 27 33 35 42 43 51 54 59 63 67 68 
69 71 73 76 78 81 83 87 92 96 99 100 
105 112 117 121 124 126 130 131 134 136 145 148 
150 151 154 155 157 161 163 164 166 167 171 173 
174 175 177 179 182 187 192 194 199 
65
1 3 5 9 15 17 19 22 26 28 30 31 
34 37 44 49 53 55 56 64 65 66 68 72 
73 75 78 86 87 89 99 100 101 103 107 110 
115 116 118 120 122 124 127 128 131 133 139 141 
147 149 153 155 157 159 164 165 169 170 182 187 
188 189 190 193 199 
58
16 17 23 24 26 28 32 33 41 42 46 47 
48 49 50 51 56 59 60 64 69 70 74 76 
77 79 80 84 86 90 91 102 107 110 111 118 
124 126 128 131 135 138 139 141 143 151 157 162 
166 169 171 175 179 181 188 191 194 198 
58
2 3 4 8 9 17 21 22 23 24 29 30 
31 41 49 50 51 53 57 58 60 61 68 71 
76 80 82 83 92 94 97 99 100 101 112 117 
119 120 124 126 130 138 140 154 156 157 158 171 
177 180 186 187 190 191 192 197 198 199 
66
2 5 8 9 11 13 14 15 16 19 22 25 
29 33 35 37 38 39 40 44 48 58 60 64 
65 66 67 69 71 73 78 82 91 93 97 99 
100 102 107 108 112 113 115 118 120 121 125 127 
128 131 138 142 146 150 151 152 157 160 162 165 
168 171 175 176 180 195 
55
5 6 8 9 11 14 15 17 18 21 24 31 
33 38 39 43 65 68 69 73 76 78 80 81 
90 93 101 104 108 109 111 117 121 125 128 138 
140 142 144 146 151 152 155 161 162 163 167 168 
176 178 181 183 188 197 199 
65
1 2 4 8 11 13 15 21 23 29 30 31 
36 37 38 48 49 50 51 52 57 61 64 65 
69 74 79 81 85 86 88 91 93 97 104 106 
109 113 118 119 120 121 126 127 128 130 133 135 
140 142 144 148 150 155 157 167 170 180 186 189 
191 192 194 198 200 
57
4 7 8 10 12 15 18 30 32 33 34 35 
40 45 46 48 53 63 67 68 69 70 71 72 
75 77 80 85 89 95 98 99 100 101 104 107 
108 112 113 118 124 127 141 142 145 147 151 154 
159 166 177 178 181 185 187 190 191 
56
5 6 11 12 15 17 18 19 21 25 36 39 
40 43 45 53 55 56 58 62 66 67 69 72 
74 78 83 86 93 94 97 102 113 114 122 124 
126 131 135 139 151 152 159 163 166 175 176 177 
178 179 182 183 185 192 195 198 
65
1 5 7 8 14 19 21 28 29 39 40 43 
45 49 51 52 58 62 65 66 68 69 70 72 
77 80 81 85 87 89 94 97 100 115 117 118 
122 128 132 134 136 137 138 140 144 147 151 153 
156 162 166 171 176 177 178 181 185 186 188 189 
190 192 196 197 200 
45
1 2 11 17 20 37 40 46 51 54 57 61 
73 74 75 83 87 88 93 96 99 111 117 118 
120 124 125 128 129 136 138 140 148 151 154 160 
163 167 169 174 177 180 192 194 196 
59
1 10 12 15 19 26 31 33 35 36 37 43 
44 46 47 49 55 62 65 68 71 73 78 83 
85 86 87 96 97 100 102 110 119 120 122 128 
129 131 134 137 139 140 154 166 168 173 174 177 
178 186 187 189 190 192 195 196 197 198 199 
66
3 5 9 13 20 21 22 27 29 30 32 35 
41 42 44 50 52 55 56 67 68 74 76 78 
82 83 85 87 93 97 103 104 106 110 111 114 
121 122 124 128 129 132 135 138 142 143 145 149 
157 158 163 166 168 170 171 175 176 177 182 184 
190 192 195 198 199 200 
63
3 4 5 7 9 11 13 17 19 25 26 27 
30 32 36 37 38 39 43 48 57 59 60 62 
63 68 73 77 82 83 91 92 93 98 101 104 
105 108 113 114 123 128 132 133 136 137 142 144 
159 160 162 166 168 175 183 185 186 187 193 194 
196 197 200 
60
4 10 11 14 17 21 23 25 26 27 30 31 
33 34 35 36 40 48 50 58 60 63 65 66 
74 75 77 78 82 83 85 90 93 97 99 109 
115 117 120 121 124 127 128 130 134 137 139 143 
145 148 151 158 163 167 172 182 188 189 193 199 
62
3 4 5 7 8 13 19 21 24 29 34 38 
40 48 53 54 62 66 76 87 90 91 96 98 
100 101 102 105 106 107 108 111 112 119 121 132 
133 137 141 143 145 149 150 151 153 154 155 157 
163 164 169 170 171 177 181 184 185 194 196 197 
198 199 
51
6 9 11 12 16 17 25 28 30 31 38 40 
42 47 55 58 61 72 76 78 84 87 93 97 
98 99 100 101 102 104 105 106 114 125 127 129 
131 134 145 162 165 166 173 177 180 185 188 189 
191 193 196 
57
3 5 12 17 19 26 27 37 41 43 47 56 
60 67 70 72 75 76 77 82 89 91 95 102 
103 106 109 111 116 119 121 124 126 130 134 137 
139 145 146 148 154 155 163 164 172 174 179 180 
182 183 187 189 192 196 197 199 200 
56
1 2 6 7 8 10 13 17 23 25 30 34 
38 41 42 45 53 60 63 66 73 74 79 80 
82 86 87 90 91 98 102 103 104 110 111 112 
113 114 117 121 124 128 129 130 134 143 153 162 
175 179 186 187 194 195 198 200 
65
7 10 11 16 19 20 23 26 27 30 32 34 
35 45 46 47 49 52 57 60 63 64 66 74 
75 78 80 82 83 89 91 95 98 99 101 108 
111 112 115 116 122 134 135 137 139 143 147 148 
149 150 151 155 157 158 161 162 168 171 173 177 
182 193 196 197 200 
72
1 10 11 16 17 22 25 26 27 28 31 32 
33 34 44 45 46 47 49 52 55 66 68 72 
73 76 78 79 80 83 87 92 95 97 99 101 
104 110 113 114 115 119 123 125 126 127 128 129 
131 132 134 144 145 146 147 148 149 150 151 152 
154 157 159 161 163 166 167 173 174 178 186 196 
55
2 4 7 11 12 16 21 23 24 25 29 30 
31 34 36 41 45 50 59 60 65 71 76 77 
81 82 83 85 87 88 94 112 113 114 115 119 
125 129 134 138 141 145 147 150 158 160 162 164 
167 171 174 181 183 193 199 
56
1 2 7 8 18 22 23 25 27 34 39 44 
49 54 61 62 63 69 70 73 77 80 84 86 
89 93 101 111 119 120 125 126 127 130 132 137 
140 144 146 148 149 152 153 154 157 160 163 165 
170 178 183 185 189 192 196 199 
62
10 11 12 15 16 19 21 23 28 29 30 32 
33 36 43 47 50 52 57 59 70 75 80 81 
85 86 92 96 97 99 100 101 104 108 117 118 
126 127 128 130 131 133 135 141 144 145 146 149 
154 155 156 166 177 181 182 187 188 192 193 196 
197 200 
57
1 9 15 22 27 28 33 39 41 44 45 46 
48 50 53 56 58 64 65 66 67 70 77 79 
85 86 87 96 102 104 105 108 115 117 120 123 
125 126 127 129 130 132 135 147 149 153 156 164 
170 175 180 183 189 190 191 192 195 
55
2 5 17 21 31 32 33 34 36 41 45 50 
51 53 55 60 64 66 67 76 78 80 85 86 
88 90 101 102 103 107 111 118 122 125 130 132 
134 135 138 141 144 150 152 153 154 155 158 166 
167 174 177 178 179 195 198 
61
2 3 5 9 13 14 18 22 24 26 28 33 
37 43 44 45 52 53 55 58 70 72 74 81 
94 96 100 102 110 118 125 126 128 129 132 133 
136 140 141 143 147 148 149 153 156 157 160 161 
172 174 177 179 181 183 186 187 188 192 194 198 
199 
63
3 6 7 8 9 10 15 21 22 34 37 39 
41 43 45 48 50 52 54 57 60 69 72 81 
83 85 86 87 88 89 92 93 94 96 98 103 
106 108 110 120 122 123 125 128 137 139 140 141 
145 154 155 159 168 171 172 176 178 179 181 188 
192 195 199 
64
1 3 4 10 15 24 32 34 37 38 46 49 
50 54 58 59 60 63 64 69 70 77 78 79 
82 85 87 88 90 94 98 103 104 105 106 108 
109 116 117 123 124 126 128 129 131 134 138 144 
147 148 149 150 152 156 161 166 168 173 174 183 
192 196 197 200 
53
6 11 12 17 18 20 21 35 38 42 47 50 
52 53 55 60 73 74 75 79 85 86 87 93 
97 98 100 109 113 114 118 123 131 132 137 142 
147 150 153 158 159 164 166 172 173 174 180 181 
189 193 198 199 200 
64
2 9 10 15 18 23 26 28 33 41 43 44 
45 48 49 52 53 57 58 60 62 63 67 73 
75 76 79 80 84 85 87 89 94 98 102 103 
104 107 108 112 113 121 126 127 128 131 135 142 
146 149 153 155 160 163 170 173 176 178 183 193 
194 196 198 199 
61
6 7 20 22 27 33 36 38 46 49 54 56 
64 65 69 70 71 72 73 77 78 80 86 87 
89 93 94 95 102 106 107 113 115 116 128 130 
132 137 138 139 142 145 153 154 160 162 163 168 
169 171 174 175 178 180 182 185 186 187 190 198 
199 
55
7 8 15 17 18 21 22 28 30 31 42 45 
46 56 61 65 75 85 90 93 95 103 105 107 
111 113 118 124 125 127 128 131 135 142 143 145 
146 148 154 158 165 167 169 171 172 173 175 179 
184 188 189 192 193 195 200 
66
1 6 7 8 10 14 19 22 28 30 31 33 
37 38 42 43 44 46 49 53 59 63 69 70 
76 77 80 84 86 87 88 92 105 106 112 116 
120 128 129 131 134 136 141 142 143 146 151 152 
155 158 163 165 169 171 172 173 174 178 180 181 
184 189 191 194 198 200 
62
3 6 13 15 17 18 20 27 32 34 47 48 
51 53 56 58 62 63 68 78 82 84 85 88 
90 95 99 100 105 109 110 114 115 126 131 138 
140 142 143 148 152 157 158 164 167 168 169 171 
172 175 176 180 181 186 187 188 191 192 193 195 
196 197 
59
2 4 7 12 17 23 25 26 31 32 33 35 
36 38 46 50 51 59 63 64 66 68 75 76 
80 85 86 88 90 94 95 96 105 108 111 116 
121 123 125 131 133 135 136 137 139 144 151 154 
156 166 172 173 177 178 186 190 192 195 199 
54
5 12 13 15 21 23 25 28 29 32 35 38 
43 46 59 68 69 72 73 79 81 82 83 89 
93 96 97 100 101 109 114 115 122 124 130 134 
139 149 150 151 153 154 157 159 161 175 178 179 
180 181 185 194 195 200 
59
6 15 20 23 24 30 33 34 37 38 39 41 
42 46 51 58 77 78 79 81 86 92 97 106 
109 110 113 119 120 121 122 125 127 131 137 138 
141 147 151 153 156 160 162 163 164 165 170 171 
173 176 179 180 182 185 186 191 195 197 199 
71
3 18 20 21 25 27 29 31 33 35 38 39 
41 50 56 63 65 67 68 70 74 77 78 79 
88 90 94 95 100 102 103 105 107 109 111 115 
119 121 122 123 124 126 127 129 130 131 141 142 
143 145 148 154 156 159 160 161 162 164 167 169 
171 173 174 176 177 183 186 187 191 193 198 
67
2 3 10 11 13 14 17 18 19 20 26 28 
33 34 36 37 38 40 42 43 49 50 51 53 
56 57 59 61 63 65 69 73 75 76 77 78 
86 87 92 102 103 109 114 115 117 119 122 125 
129 130 131 135 137 147 152 154 158 163 169 173 
176 180 184 190 191 196 199 
63
3 4 8 10 11 12 20 29 30 31 34 38 
48 56 58 59 61 64 65 66 68 74 75 78 
82 83 88 96 99 102 104 107 108 109 112 113 
114 115 116 120 121 124 126 128 129 132 137 138 
139 142 144 154 158 173 174 183 187 188 190 192 
193 196 197 
56
3 4 10 12 13 14 15 17 19 20 25 37 
39 41 43 48 50 51 52 54 57 65 68 69 
70 71 77 78 80 88 94 97 98 105 108 109 
112 113 122 123 124 130 131 140 143 144 153 155 
160 161 169 173 181 193 195 196 
62
1 3 4 9 14 15 18 20 21 27 34 37 
38 49 50 51 61 67 68 74 75 79 81 82 
83 84 89 98 100 101 106 110 111 112 116 118 
119 124 130 132 136 137 146 148 149 150 154 158 
159 161 162 164 170 172 173 175 181 184 188 191 
192 195 
55
1 4 5 9 14 16 17 18 21 22 24 28 
30 36 45 47 52 57 75 80 89 95 97 98 
101 104 105 109 113 115 116 117 119 124 132 142 
145 152 153 159 162 164 165 169 173 177 182 183 
184 185 188 189 196 199 200 
64
1 4 5 6 8 10 12 14 16 17 19 20 
24 27 33 40 42 45 47 51 56 57 59 62 
66 70 71 72 74 77 78 85 86 92 93 94 
102 104 105 108 111 116 118 119 122 134 138 142 
150 154 164 165 167 171 176 180 181 184 190 192 
193 195 196 198 
70
4 6 10 13 16 20 21 22 24 25 26 32 
33 34 43 45 48 57 58 59 62 65 68 69 
71 72 74 83 84 90 97 99 100 101 103 105 
110 113 119 120 121 122 124 125 126 127 128 133 
135 140 141 147 148 149 150 155 158 165 166 168 
169 170 176 178 181 182 187 194 199 200 
59
4 6 8 11 12 13 16 17 22 23 26 27 
30 35 41 43 44 45 49 50 51 57 64 67 
74 77 78 79 84 87 90 91 93 95 99 105 
106 107 111 119 120 122 123 128 132 134 140 146 
149 153 161 163 165 175 184 185 192 198 200 
59
6 7 9 10 14 17 18 21 22 26 27 29 
34 35 37 43 45 53 57 61 62 65 68 79 
83 85 91 94 101 105 109 114 115 118 120 121 
125 128 132 135 139 145 151 153 155 161 162 168 
170 173 176 177 180 188 189 191 195 196 197 
68
2 5 6 7 9 11 16 19 23 24 25 31 
33 34 35 37 43 55 56 59 60 61 67 69 
70 71 72 75 85 103 104 106 108 109 110 115 
116 117 121 124 128 129 130 140 141 144 145 146 
148 150 152 154 158 160 162 169 174 175 176 177 
178 182 183 184 185 188 194 195 
57
5 14 20 21 22 23 24 29 30 33 35 36 
37 41 42 44 50 53 58 65 70 72 73 74 
79 84 86 87 88 89 92 93 95 100 104 110 
111 113 114 118 119 122 138 140 142 151 155 157 
159 164 167 168 169 173 189 191 195 
50
1 7 8 11 14 16 18 19 25 26 27 31 
32 39 43 45 48 49 51 55 58 65 74 77 
88 95 100 105 106 107 117 118 119 121 124 125 
126 137 139 142 152 158 165 176 183 185 193 196 
199 200 
57
1 10 11 27 28 29 31 49 55 59 62 63 
64 65 66 67 69 70 73 80 82 87 88 90 
94 99 103 105 111 112 119 121 127 129 136 137 
140 150 154 160 162 163 164 166 167 168 169 171 
177 185 187 189 190 193 196 198 199 
69
4 5 8 10 13 16 17 19 23 28 31 36 
39 40 50 52 53 58 60 61 62 64 65 70 
71 75 79 86 89 91 95 99 102 104 106 108 
109 110 112 116 118 122 125 128 133 137 140 142 
147 151 152 154 165 166 169 175 177 179 181 184 
185 187 188 191 192 196 198 199 200 
59
3 6 7 9 10 14 18 31 32 34 35 42 
44 52 53 55 60 63 67 71 78 79 80 83 
85 88 91 92 98 99 117 118 119 124 133 134 
135 136 141 148 151 155 159 160 162 163 169 173 
175 177 179 180 181 182 183 184 187 189 198 
66
2 4 6 7 9 13 20 21 26 32 38 41 
43 45 47 50 53 57 65 66 67 69 70 71 
72 76 78 79 81 86 87 89 90 91 94 96 
97 99 104 108 109 115 116 118 120 121 124 125 
130 132 136 143 148 154 157 159 160 165 166 173 
178 182 184 198 199 200 
58
1 2 6 13 14 19 21 28 34 35 37 40 
42 43 50 51 53 56 58 62 63 66 67 72 
73 74 84 100 101 102 103 107 111 112 113 117 
120 125 130 140 147 149 150 151 153 157 162 167 
168 171 173 174 175 176 178 182 193 199 
69
1 3 5 8 15 16 20 24 27 28 30 33 
36 38 39 45 47 48 55 57 60 61 67 69 
70 71 74 82 89 90 94 98 103 105 107 109 
110 111 119 120 121 128 133 134 135 138 139 140 
144 146 150 157 158 159 161 162 164 165 171 174 
176 178 182 184 185 186 187 195 200 
58
2 13 23 24 25 26 27 28 40 43 47 53 
55 56 58 59 61 67 70 74 77 80 81 87 
91 93 98 102 107 108 111 112 115 118 120 122 
124 127 129 133 135 140 143 144 145 146 149 150 
151 163 165 169 170 171 189 194 197 198 
53
1 3 5 9 15 17 20 23 24 25 29 30 
38 41 47 49 51 56 58 62 65 70 78 81 
87 98 104 105 119 126 129 130 132 133 140 144 
147 149 151 153 160 163 166 167 174 176 183 184 
190 192 193 194 197 
63
2 4 5 6 7 8 12 17 22 28 29 31 
36 39 46 49 50 54 56 60 61 67 68 75 
77 79 80 81 83 84 86 91 94 96 98 103 
111 114 116 124 126 135 143 147 150 158 160 161 
168 169 171 172 177 181 182 185 188 189 192 196 
197 198 199 
56
1 9 10 11 18 23 24 25 26 28 33 37 
38 48 64 66 74 78 81 89 91 92 93 105 
108 109 113 115 120 125 128 129 132 135 137 138 
139 140 142 143 146 147 148 159 161 162 163 165 
172 176 182 185 187 189 192 193 
78
1 7 8 10 14 16 18 19 21 23 25 27 
30 31 35 36 38 40 41 44 45 48 50 51 
52 58 59 60 62 67 69 71 73 76 79 80 
83 85 90 91 92 95 98 99 101 103 105 108 
109 110 111 116 117 118 125 126 127 131 137 138 
143 156 157 159 162 166 168 169 172 174 175 177 
179 182 183 184 187 192 
64
4 6 10 11 14 15 26 27 29 31 37 39 
41 48 50 53 54 56 57 59 61 66 67 68 
75 76 79 86 88 92 97 98 100 106 107 109 
115 119 120 123 125 126 134 139 140 143 149 150 
151 153 156 163 165 166 167 169 171 175 176 178 
184 190 192 198 
64
1 2 5 6 12 16 24 25 33 37 40 42 
49 51 52 57 60 64 66 71 76 80 83 87 
90 91 93 94 96 97 98 99 100 103 104 105 
106 110 114 118 122 123 124 125 138 139 147 149 
152 153 154 155 158 161 162 169 175 177 181 182 
186 187 197 198 
61
2 3 12 17 23 28 32 33 36 37 43 45 
46 49 50 57 61 64 66 71 73 84 85 87 
88 92 99 103 105 117 121 122 124 131 132 136 
139 140 141 143 145 149 161 163 167 169 173 174 
175 176 177 179 180 181 182 187 188 191 193 195 
200 
63
3 7 8 9 13 15 17 22 29 33 39 40 
42 49 51 52 53 58 59 61 65 67 73 78 
84 90 94 96 98 100 103 104 107 108 110 116 
118 119 124 127 130 131 132 140 141 143 147 148 
151 157 159 161 163 164 170 173 174 180 184 190 
191 196 198 
62
5 10 21 22 24 25 27 31 34 52 54 59 
60 75 77 78 81 82 83 84 85 86 87 89 
91 95 99 106 107 108 110 111 115 120 125 131 
133 134 138 139 140 142 143 144 153 155 156 158 
160 161 164 165 174 175 178 179 180 181 182 196 
198 200 
60
1 5 9 10 16 17 20 21 23 25 27 33 
35 39 41 46 48 50 53 56 62 63 64 65 
67 68 69 72 73 78 82 88 89 96 97 107 
108 113 116 117 123 129 136 140 141 143 146 152 
153 158 163 167 169 170 177 183 185 190 196 197 
62
2 4 8 10 18 24 29 31 36 38 39 40 
42 47 49 50 53 65 70 73 74 76 80 82 
88 90 91 96 97 100 101 103 106 108 110 112 
118 122 124 128 131 134 135 137 138 140 157 159 
162 163 165 167 170 176 180 184 190 192 194 196 
197 199 
48
1 4 5 8 10 13 16 19 22 28 33 35 
39 48 50 52 53 56 64 68 72 79 81 83 
93 94 97 108 113 114 122 143 152 157 161 164 
168 169 170 173 174 185 186 188 192 193 195 199 
60
2 11 14 18 20 21 22 23 25 26 29 30 
34 37 43 51 56 59 60 63 65 66 73 76 
81 82 88 93 94 104 112 121 125 129 130 132 
136 137 138 142 144 147 148 150 151 155 161 166 
171 175 180 181 182 183 184 187 190 191 194 197 
61
2 3 5 6 11 12 20 23 32 34 35 36 
37 45 48 55 57 64 67 69 70 73 75 77 
78 88 91 101 104 106 107 110 114 119 120 125 
126 127 132 140 141 148 149 153 155 161 163 169 
170 171 174 178 183 189 190 191 192 193 195 196 
198 
78
2 3 5 10 11 12 13 16 18 19 20 22 
34 35 36 41 43 49 51 55 58 60 61 64 
66 67 70 73 74 77 78 84 85 87 88 96 
98 99 100 102 103 104 112 115 119 120 122 126 
127 128 129 132 134 137 139 140 141 142 144 147 
150 154 159 165 166 168 175 179 181 183 184 185 
187 190 191 194 196 199 
73
1 4 5 7 9 10 12 14 15 17 18 21 
23 29 33 36 38 40 41 49 54 56 58 63 
72 75 79 80 83 85 87 90 92 95 97 98 
100 102 103 104 107 109 120 122 126 128 131 133 
134 138 139 144 145 148 153 161 162 164 165 166 
168 169 170 175 176 181 185 186 187 192 195 196 
199 
65
6 10 11 15 18 19 21 23 29 34 35 36 
42 45 53 58 60 62 65 72 73 74 77 84 
86 87 91 93 94 96 97 101 106 113 128 130 
134 135 136 139 141 143 146 150 156 158 160 161 
162 166 167 168 169 170 171 173 174 175 178 185 
187 191 193 198 200 
56
3 9 12 14 15 17 21 23 27 35 39 40 
44 46 47 51 53 54 60 64 74 88 96 102 
104 112 120 122 126 129 133 141 142 143 148 149 
151 152 155 157 158 159 161 162 166 168 170 182 
183 184 186 187 189 192 195 198 
51
14 15 16 21 22 23 25 27 29 31 39 40 
41 44 45 47 62 71 74 81 87 90 93 99 
101 109 113 114 117 119 120 129 131 132 136 137 
138 143 149 159 160 163 170 174 179 186 190 192 
193 197 200 
57
1 2 12 15 16 22 23 24 29 30 32 34 
35 36 42 43 46 52 53 62 63 64 69 75 
76 77 78 81 82 83 85 87 96 97 99 108 
116 119 127 128 130 131 134 142 145 151 152 155 
156 170 172 173 177 179 180 181 189 
51
4 5 9 13 16 17 20 24 28 31 36 41 
43 50 51 54 58 66 68 73 74 85 87 91 
92 98 103 104 107 111 115 120 126 144 148 154 
155 158 160 161 163 172 175 182 187 188 189 192 
194 196 198 
65
3 4 12 18 25 26 27 29 30 41 50 51 
56 61 62 66 67 70 72 74 75 79 80 82 
87 88 97 99 100 106 107 111 113 117 118 120 
122 123 125 131 132 134 140 147 150 154 157 159 
161 162 163 164 167 168 170 172 173 178 179 181 
183 187 188 191 195 
69
1 2 4 8 11 14 18 25 26 29 37 40 
41 42 43 47 49 50 51 56 57 62 64 66 
67 69 71 74 76 78 80 83 86 88 89 90 
92 97 100 101 102 104 106 107 110 111 113 115 
121 127 130 132 135 138 148 150 156 159 168 171 
173 174 185 186 187 190 192 198 200 
66
1 2 4 6 9 13 15 16 17 19 21 23 
33 37 38 41 42 43 46 49 50 51 52 56 
57 58 60 68 72 73 76 79 96 97 102 105 
111 116 117 119 123 124 130 131 142 143 144 148 
149 151 152 156 159 168 170 172 177 179 182 183 
185 189 190 192 196 198 
60
4 5 6 9 17 22 23 26 27 30 31 34 
36 37 40 43 47 54 64 65 71 74 75 81 
87 90 98 99 103 106 109 110 114 122 124 125 
126 129 135 137 141 142 144 157 158 159 160 164 
165 173 175 176 178 179 183 190 191 192 197 198 
67
1 4 8 9 12 13 15 16 17 20 28 30 
33 36 38 40 42 45 49 50 53 69 71 73 
76 78 79 82 83 84 90 94 97 99 102 110 
114 115 120 122 128 129 135 139 140 143 144 151 
155 157 161 162 165 166 167 174 175 176 181 182 
183 184 187 189 195 197 200 
61
2 4 5 8 9 10 11 12 14 16 17 18 
23 27 32 37 40 44 47 54 59 61 62 65 
76 78 80 85 87 88 91 94 103 104 107 110 
113 117 120 127 131 132 133 134 139 147 151 154 
161 168 170 171 176 177 181 186 189 190 196 198 
199 
49
5 7 10 11 13 14 20 24 27 28 31 34 
35 38 40 49 52 58 68 75 81 89 92 95 
97 102 109 111 113 115 120 124 127 133 138 159 
162 170 175 177 181 183 184 187 188 190 192 196 
197 
63
3 8 9 13 15 18 19 21 23 24 25 26 
27 32 33 40 43 44 46 54 58 62 65 66 
73 76 78 79 81 89 94 104 107 108 109 110 
111 113 121 124 125 126 127 128 130 134 135 137 
141 142 145 158 170 176 177 181 182 183 186 187 
191 194 197 
59
9 11 13 14 15 27 28 30 32 35 41 43 
44 47 52 56 63 64 67 71 72 73 74 79 
80 87 93 94 98 101 104 106 107 112 113 115 
121 125 126 129 136 141 142 143 146 153 159 169 
175 179 182 184 186 187 189 191 193 198 200 
69
1 2 8 9 10 12 17 19 26 30 31 39 
40 41 49 52 59 67 68 69 71 72 73 74 
79 81 83 85 86 91 94 98 99 103 104 105 
107 108 109 115 116 118 122 123 126 135 136 137 
140 141 143 148 151 154 156 167 169 171 173 175 
178 181 183 187 188 193 194 198 200 
59
11 12 14 17 26 34 41 42 45 48 52 54 
56 61 67 72 74 78 80 81 83 86 88 89 
91 98 100 103 107 109 110 119 121 122 124 126 
132 136 142 145 148 149 152 153 160 163 164 165 
166 169 170 173 175 181 186 188 189 195 197 
67
1 2 3 5 7 8 17 20 23 24 25 28 
29 32 33 34 37 42 47 53 60 64 66 68 
79 86 90 91 93 95 100 101 102 103 110 117 
118 120 122 124 125 126 135 143 145 146 147 153 
155 157 159 162 169 173 174 175 177 178 179 180 
181 182 185 186 189 191 199 
59
3 6 8 10 15 19 22 24 25 27 28 30 
31 35 37 44 47 54 59 61 62 65 68 77 
81 86 87 88 99 100 102 103 104 111 124 125 
126 127 128 133 135 136 141 142 145 150 152 157 
161 167 169 171 178 184 186 192 193 195 197 
64
2 3 9 13 20 29 32 38 43 50 53 54 
55 57 65 69 78 84 87 88 89 91 94 96 
97 98 99 100 103 106 107 108 109 110 112 119 
120 121 123 130 133 134 136 144 147 148 150 154 
155 159 160 162 163 165 169 170 171 177 178 179 
180 188 189 193 
52
6 8 10 20 22 24 29 35 36 37 47 50 
56 57 59 61 68 69 70 71 72 75 79 85 
91 96 102 103 107 109 113 126 130 131 132 133 
135 143 145 150 152 157 158 171 176 177 178 179 
180 181 191 196 
65
2 6 9 11 13 17 18 22 23 24 29 32 
35 36 37 43 47 48 49 52 64 67 72 75 
79 85 89 95 97 99 102 104 108 113 114 115 
116 123 124 126 132 134 136 140 141 142 145 153 
154 158 162 163 167 168 175 178 184 185 187 188 
193 194 197 199 200 
57
4 13 14 16 17 29 30 34 36 38 39 41 
44 50 56 62 63 79 82 85 88 91 94 98 
99 100 101 105 106 111 112 123 128 129 134 137 
138 139 140 160 162 163 165 169 174 175 177 179 
182 186 190 191 192 194 197 199 200 
57
2 14 16 17 20 24 25 26 27 42 43 44 
45 47 50 53 55 60 70 76 78 82 88 95 
98 99 102 104 105 113 118 120 126 131 132 133 
137 141 143 144 145 156 157 158 164 171 172 173 
176 182 185 186 187 190 191 198 199 
54
2 3 4 8 11 13 17 22 30 32 37 41 
44 53 54 60 64 69 75 76 93 97 98 101 
102 106 110 114 124 127 130 131 132 133 138 146 
147 148 153 155 158 165 166 167 168 169 174 179 
184 187 189 191 196 197 
61
2 5 11 19 25 30 32 33 38 46 47 49 
54 60 61 62 65 67 72 74 75 77 82 83 
86 87 88 89 90 94 98 100 113 114 115 119 
122 123 126 127 132 135 138 142 145 149 156 157 
158 159 163 164 167 170 174 176 189 190 192 197 
198 
44
3 9 11 14 18 26 30 32 33 43 44 49 
50 59 61 62 64 68 80 83 85 91 100 108 
110 113 117 124 125 130 131 142 147 148 151 155 
159 166 180 186 189 192 198 200 
61
2 8 12 14 19 25 28 29 33 38 48 51 
53 57 58 61 63 64 65 72 76 77 80 82 
88 89 90 94 95 102 110 112 125 126 128 137 
138 139 143 145 149 151 152 159 160 161 162 170 
173 174 177 178 183 184 189 190 192 194 197 198 
200 
69
9 10 12 13 15 21 22 26 28 32 35 37 
38 44 47 51 56 57 60 63 65 68 69 78 
84 85 86 87 95 96 99 106 107 114 116 117 
118 119 120 121 122 130 131 136 137 138 147 149 
150 151 155 157 162 163 165 166 167 169 171 173 
176 177 178 179 182 184 187 189 197 
62
2 4 14 18 19 20 24 26 28 30 32 34 
40 42 46 62 63 72 75 80 81 82 87 96 
100 102 107 108 109 110 115 118 119 123 125 131 
134 135 136 137 138 142 147 148 152 155 161 163 
166 167 168 169 171 174 175 177 183 188 189 190 
193 196 
55
3 4 5 7 8 10 13 15 16 17 18 34 
36 39 40 42 45 60 70 71 72 76 78 82 
83 90 98 102 106 107 109 111 114 123 124 125 
129 136 138 143 152 154 155 156 157 163 165 173 
176 178 182 186 188 198 200 
54
2 13 15 16 20 22 24 32 33 34 37 39 
41 42 50 54 58 59 60 63 64 66 72 73 
74 78 82 84 85 89 92 93 99 103 105 107 
109 111 115 118 126 131 136 148 155 164 165 167 
172 173 177 182 189 193 
52
6 7 8 12 13 18 20 23 28 32 36 43 
45 48 49 51 62 64 69 71 78 82 93 95 
97 102 104 105 106 110 118 119 123 125 128 133 
137 140 143 144 146 156 164 165 169 178 179 180 
181 188 193 200 
64
2 4 10 11 17 21 22 34 35 37 44 47 
49 50 54 55 56 57 63 64 65 70 71 72 
74 79 80 82 83 85 87 89 98 106 110 111 
113 114 118 122 123 131 134 138 140 147 151 152 
153 157 160 163 167 169 170 174 176 177 185 186 
188 189 191 195 
50
1 3 14 15 16 17 21 22 23 27 28 30 
38 44 45 54 56 61 62 63 65 66 76 78 
82 98 99 106 118 125 128 131 136 138 143 145 
147 148 153 154 156 157 160 165 167 180 182 185 
194 195 
60
2 4 6 8 9 15 16 20 21 23 24 28 
36 37 38 39 45 46 48 50 54 56 58 60 
64 70 73 74 77 78 79 80 98 102 104 108 
111 112 115 117 120 121 123 124 125 126 134 138 
143 155 160 164 165 169 173 183 188 191 198 199 
53
2 6 8 12 13 19 25 28 29 33 36 38 
40 44 49 52 57 58 61 64 74 75 76 77 
78 80 91 94 99 111 122 126 138 142 145 146 
148 151 152 154 155 156 158 162 167 169 173 175 
178 179 185 187 196 
56
5 8 9 11 12 13 14 15 18 24 27 31 
33 39 46 51 57 63 64 70 72 74 77 79 
80 86 88 92 105 110 117 119 120 126 131 134 
138 149 154 156 157 164 170 175 177 179 181 185 
186 187 190 191 194 196 197 200 
62
1 3 4 5 7 12 16 34 36 39 42 47 
52 53 57 58 65 66 70 71 72 75 79 86 
88 89 92 97 98 103 104 105 113 115 118 119 
121 123 124 127 130 132 133 138 143 149 151 153 
156 157 160 162 163 167 169 170 171 175 178 191 
196 197 
60
1 3 6 12 18 19 21 23 25 30 41 45 
47 51 52 53 54 60 61 63 65 76 77 102 
103 104 108 110 111 113 115 119 121 123 124 125 
126 129 132 133 135 136 141 144 147 150 151 153 
158 159 163 164 175 176 177 189 194 196 197 200 
69
1 2 4 6 7 8 10 11 12 15 18 27 
31 34 37 39 40 41 45 47 50 51 54 56 
57 62 64 66 69 71 72 73 76 77 78 79 
83 86 87 88 90 91 93 95 96 97 98 100 
107 113 121 122 125 128 136 142 144 146 155 158 
161 166 170 173 178 180 182 194 199 
54
8 10 13 14 17 18 20 27 30 32 44 47 
59 65 69 71 72 75 79 81 89 93 96 97 
104 106 108 110 115 124 126 133 134 135 139 143 
146 149 150 153 159 161 164 165 166 167 175 183 
184 185 188 194 198 199 
63
3 8 9 11 13 15 21 24 25 26 27 33 
37 38 46 48 51 55 57 61 62 65 66 68 
73 74 75 77 80 92 95 99 106 109 110 111 
113 114 115 119 121 122 130 133 134 138 139 154 
158 159 162 165 166 171 172 174 181 184 186 189 
191 197 199 
48
7 13 14 26 32 34 36 39 41 46 52 56 
58 60 67 69 71 74 79 80 83 84 85 86 
90 94 106 108 118 126 127 136 140 144 156 157 
162 166 170 172 179 180 181 183 185 187 191 192 
65
3 7 11 12 13 14 15 16 22 26 27 28 
31 33 38 39 40 47 53 56 57 59 60 63 
72 74 75 78 79 80 86 89 99 101 102 103 
104 107 112 116 125 128 139 140 155 157 159 162 
163 165 166 168 171 172 173 177 184 185 186 187 
190 191 196 199 200 
57
3 4 12 16 18 25 27 29 30 33 40 41 
44 49 51 54 55 56 64 66 67 68 71 72 
78 82 84 86 89 94 95 96 97 99 100 101 
104 106 107 111 114 122 125 127 133 138 141 146 
151 167 178 181 183 189 190 194 200 
72
1 2 14 15 17 20 21 27 28 29 37 38 
39 42 44 48 49 52 58 61 63 66 67 74 
77 78 79 80 82 85 90 94 95 101 104 107 
109 110 111 112 116 121 123 137 140 141 142 144 
150 151 154 155 158 159 161 166 169 171 172 173 
175 176 178 180 181 184 186 189 190 192 193 198 
61
8 10 12 13 17 18 25 26 28 42 43 44 
46 47 48 49 51 62 64 71 72 76 81 82 
86 91 96 97 99 103 112 114 115 116 123 128 
129 132 134 135 136 137 138 142 147 152 153 154 
156 157 158 160 167 168 169 179 183 185 195 199 
200 
58
1 4 6 8 11 23 26 34 39 41 42 47 
48 54 60 61 62 63 66 72 75 87 88 91 
95 98 99 105 128 130 132 133 138 139 140 141 
146 154 155 158 163 164 165 167 168 169 170 171 
172 180 181 183 186 188 190 195 198 199 
63
4 9 12 13 15 16 17 19 24 33 34 37 
40 42 47 48 49 51 53 54 59 62 63 66 
67 68 69 72 73 75 76 79 81 83 85 92 
95 108 111 112 114 117 119 122 125 129 134 141 
142 145 148 159 160 174 175 177 183 186 188 190 
196 197 200 
75
4 5 6 13 14 15 16 17 19 29 36 37 
45 46 50 54 57 58 59 61 62 65 66 67 
71 72 76 77 81 82 84 88 91 93 96 98 
100 101 111 113 115 117 118 121 124 125 126 133 
137 144 145 149 150 152 156 157 164 167 168 169 
170 172 178 180 181 182 183 185 186 187 189 192 
194 196 199 
52
1 3 9 17 19 21 25 26 32 33 41 46 
48 49 52 56 59 64 72 74 76 78 81 82 
84 86 89 94 97 101 104 105 106 114 119 120 
124 133 134 136 141 142 146 153 154 155 164 174 
177 180 190 197 
59
3 6 11 15 16 18 20 21 22 27 28 33 
39 42 45 46 51 52 54 55 56 66 73 81 
83 85 86 87 90 94 95 96 99 102 104 108 
110 118 126 139 142 147 150 151 156 160 162 166 
167 176 181 183 189 190 192 193 194 196 198 
68
1 2 4 5 8 9 10 15 17 24 26 36 
37 40 43 44 45 51 53 54 56 58 59 61 
69 77 79 90 93 99 100 101 105 110 115 124 
130 132 133 137 143 146 147 148 158 161 162 165 
170 171 172 175 176 177 180 181 182 183 186 190 
191 192 194 195 196 197 199 200 
59
5 7 8 21 22 25 27 33 42 48 55 56 
57 62 65 67 70 74 76 80 83 90 91 93 
94 95 99 103 105 110 112 113 114 118 122 123 
124 134 135 141 143 144 148 154 155 156 160 166 
167 169 175 183 187 188 193 195 196 197 198 
65
1 2 7 9 10 11 16 18 28 30 33 36 
38 40 42 50 60 65 67 69 77 82 84 85 
86 90 95 101 102 103 106 108 113 118 120 121 
127 129 132 138 139 144 147 149 150 154 158 159 
164 167 168 170 171 173 177 181 182 183 184 185 
186 194 197 198 199 
83
4 6 14 15 18 21 23 26 27 28 31 32 
33 34 41 42 43 46 47 50 52 55 56 57 
59 60 62 63 64 65 66 67 72 73 78 80 
81 83 85 94 95 96 98 100 102 106 107 110 
116 121 123 124 125 128 131 134 136 137 140 141 
144 145 149 152 154 158 161 162 163 168 169 171 
173 174 175 176 183 185 186 187 195 196 200 
58
3 5 7 14 15 16 18 24 30 32 37 40 
46 47 50 55 61 62 65 66 67 73 76 78 
82 86 87 89 91 93 98 104 108 110 112 113 
114 115 119 122 129 134 140 145 150 151 154 157 
160 161 169 176 182 183 185 186 199 200 
53
4 8 10 21 28 32 33 34 40 41 43 44 
45 48 51 54 55 57 73 75 77 78 87 89 
99 100 102 108 110 112 116 119 122 128 132 133 
138 147 149 155 157 164 165 166 168 172 173 178 
182 184 195 197 199 
54
3 7 10 11 12 21 27 40 45 47 51 53 
57 58 61 66 69 70 73 78 79 93 98 99 
101 111 113 114 118 124 125 127 129 130 131 132 
142 145 154 155 159 160 163 164 170 171 173 176 
178 184 186 194 197 200 
53
5 6 7 11 16 18 20 22 24 29 31 36 
39 40 42 43 46 51 56 65 66 67 74 75 
81 85 91 100 101 110 111 114 116 119 122 124 
126 131 132 137 138 139 149 150 153 156 158 159 
171 182 186 191 197 
65
2 3 7 10 12 18 19 20 21 25 30 31 
32 33 38 43 46 48 51 57 61 62 63 64 
65 70 73 78 80 88 91 94 95 97 99 101 
103 105 106 111 119 122 127 128 129 140 144 145 
152 154 163 167 169 177 178 179 182 185 187 189 
190 194 198 199 200 
63
5 7 9 17 24 25 35 41 47 50 52 53 
55 56 60 61 64 66 68 69 70 71 74 75 
78 79 86 88 89 96 100 108 110 111 112 113 
121 122 123 125 126 128 129 130 139 150 153 156 
158 159 162 166 167 173 175 176 182 187 189 192 
196 197 199 
64
1 6 8 10 11 16 17 19 23 30 32 36 
38 40 41 46 49 59 61 63 64 65 69 73 
74 75 78 85 88 90 93 94 97 100 101 104 
108 112 113 115 117 123 124 128 131 132 144 147 
150 151 154 159 164 168 169 173 175 178 179 180 
193 195 196 199 
54
1 5 7 9 14 23 26 28 32 35 36 39 
41 42 46 53 54 55 57 59 60 65 66 73 
80 81 83 84 88 89 91 92 101 106 108 115 
116 117 120 121 122 127 130 139 148 159 160 163 
165 171 180 182 187 193 
56
3 7 8 12 14 15 16 22 23 25 30 33 
36 40 41 42 45 49 53 59 60 64 68 69 
71 74 77 80 83 84 107 108 109 111 112 119 
120 125 127 131 133 135 145 167 168 170 171 179 
182 184 185 188 192 193 196 197 
71
7 13 15 17 18 19 20 22 23 25 26 27 
28 31 33 34 35 36 37 38 40 44 47 53 
56 57 59 60 62 66 67 69 73 82 94 97 
99 101 104 105 107 109 112 115 118 120 124 131 
133 134 135 137 145 146 148 151 152 157 159 162 
163 172 175 176 177 179 185 191 192 196 198 
67
2 4 7 9 10 12 13 17 21 26 27 30 
31 34 36 38 45 50 51 58 60 67 68 70 
72 74 76 81 83 85 86 87 93 104 107 108 
109 112 113 114 121 131 132 133 137 138 144 150 
153 154 157 159 162 163 166 169 174 176 177 178 
182 184 185 190 194 197 199 
60
1 3 6 7 9 14 15 16 17 20 24 31 
34 43 50 54 55 56 57 59 63 65 68 74 
77 89 92 93 94 96 97 98 107 115 116 118 
120 125 131 136 139 148 149 155 161 163 164 167 
171 172 180 181 182 185 188 190 195 197 199 200 
62
8 9 11 14 16 17 18 19 22 24 26 27 
32 35 37 39 42 51 53 56 58 59 64 67 
72 76 79 80 83 87 91 93 94 95 101 103 
117 118 119 124 126 127 136 143 146 149 156 158 
160 164 166 168 174 177 179 180 193 194 196 197 
198 199 
68
1 2 3 5 7 20 22 28 29 31 32 34 
38 40 41 50 51 52 57 59 66 68 69 71 
75 77 80 81 82 84 87 88 91 93 95 98 
100 105 106 108 109 114 117 118 120 122 123 125 
128 131 132 133 137 138 144 147 148 149 163 179 
180 182 186 187 190 194 195 198 
63
7 8 13 16 18 25 26 33 35 39 45 49 
50 51 61 64 67 69 70 71 72 74 75 76 
77 78 79 85 90 92 93 94 96 98 101 102 
103 109 112 123 135 136 139 140 142 143 146 152 
154 156 158 159 160 166 167 168 169 172 173 175 
176 177 182 
67
1 4 7 9 16 17 20 22 23 26 28 31 
34 35 36 37 38 43 44 46 50 53 54 55 
58 59 60 70 72 80 87 91 93 95 96 98 
101 107 110 112 118 120 121 123 129 130 132 133 
136 137 139 140 143 146 147 152 156 158 163 165 
169 170 174 182 183 195 199 
58
2 7 12 19 21 26 27 30 31 34 35 36 
37 43 58 60 63 66 72 76 86 89 94 96 
98 99 105 111 112 113 115 118 121 123 125 126 
130 131 135 150 151 152 153 155 156 157 163 164 
168 172 178 184 188 191 194 196 198 199 
70
1 4 11 12 14 23 26 30 31 42 44 46 
50 51 53 54 56 58 59 63 66 67 72 80 
84 86 87 88 94 97 99 105 107 110 112 116 
121 123 125 127 129 130 132 133 134 138 143 144 
145 151 154 159 161 162 164 166 168 169 170 171 
172 173 182 184 185 190 191 193 196 200 
62
2 9 15 20 22 23 24 29 32 34 38 39 
44 47 51 52 53 54 55 57 60 64 68 72 
76 78 79 82 84 88 90 91 98 101 102 107 
109 112 113 118 120 121 123 126 128 130 133 134 
150 158 160 166 168 172 173 175 178 190 191 192 
193 194 
68
1 3 19 22 29 35 36 40 42 44 45 48 
50 51 53 54 55 56 59 63 64 72 75 79 
82 84 91 92 96 97 98 102 105 106 111 115 
118 120 123 124 126 128 131 134 135 136 138 139 
143 144 147 148 153 155 157 164 169 172 174 175 
177 179 185 187 189 195 196 199 
72
6 11 13 14 19 20 21 24 25 26 29 31 
33 36 38 39 45 49 50 51 54 55 58 62 
63 68 72 73 78 81 86 87 91 92 95 98 
102 103 104 113 114 121 122 127 130 131 132 133 
140 142 150 155 156 157 165 167 170 172 173 181 
182 183 184 186 187 188 191 192 193 194 195 199 
58
2 5 13 14 15 24 29 32 35 41 42 47 
50 54 59 64 66 69 76 82 89 91 92 95 
97 98 99 101 102 106 111 112 115 117 121 122 
126 129 133 142 143 144 146 154 168 170 175 176 
185 187 188 189 190 191 195 196 199 200 
59
1 10 13 15 19 21 22 23 30 33 35 36 
37 38 44 47 54 56 57 59 68 69 74 77 
79 81 86 87 90 91 92 94 99 109 113 114 
117 118 123 140 141 145 148 150 154 156 160 169 
170 172 174 182 183 188 193 194 198 199 200 
71
9 14 15 17 19 22 23 24 26 27 28 30 
34 36 38 41 43 45 46 51 53 56 63 64 
71 73 75 76 82 86 88 90 91 92 97 98 
100 101 106 117 120 122 124 126 128 132 133 136 
137 139 141 144 149 155 161 164 166 167 170 171 
172 173 174 180 184 186 187 189 192 195 198 
69
1 3 4 5 8 9 13 14 15 19 20 25 
27 29 34 35 37 38 39 45 47 48 52 55 
57 61 62 63 72 73 74 76 78 83 86 87 
88 91 99 100 102 105 107 113 116 123 126 127 
129 133 137 138 143 144 147 148 151 156 158 159 
162 166 167 168 171 175 177 182 200 
53
1 6 10 20 22 24 26 32 34 47 48 50 
53 54 58 59 69 74 77 78 81 82 89 91 
97 105 108 111 118 120 121 123 125 127 129 134 
137 140 146 149 150 153 155 159 160 161 168 169 
178 184 185 189 196 
57
1 5 6 13 16 22 23 26 33 34 35 36 
38 43 45 46 50 54 55 62 63 66 67 73 
74 76 80 81 88 98 100 107 110 112 118 128 
129 134 149 152 153 154 156 157 159 165 168 174 
176 178 181 182 183 184 187 194 198 
64
7 13 19 20 22 23 28 30 31 33 39 40 
46 49 50 54 55 63 64 67 69 70 72 74 
77 80 81 85 86 87 96 97 102 103 105 108 
111 113 116 117 118 120 126 127 139 142 144 148 
149 152 154 157 158 159 163 164 166 179 180 181 
183 185 186 197 
49
6 7 10 13 15 19 20 35 38 39 44 54 
59 70 72 73 83 86 89 95 98 100 102 104 
106 110 119 121 123 129 133 134 138 140 144 151 
152 153 154 161 167 169 170 172 174 175 178 186 
193 
58
5 8 12 14 16 17 25 28 29 39 44 45 
47 49 50 53 55 58 61 64 67 68 74 78 
81 82 84 89 91 94 101 106 107 113 118 123 
131 132 135 141 143 147 148 149 152 154 160 166 
167 168 171 173 179 180 183 195 196 199 
50
6 7 10 16 20 28 30 38 47 54 60 62 
63 69 72 74 77 80 81 83 87 91 93 96 
101 103 110 113 116 121 122 123 124 126 127 129 
132 135 142 144 148 150 156 160 164 169 178 191 
192 194 
59
1 6 13 14 18 19 22 23 26 30 31 32 
37 40 42 55 58 66 69 73 76 82 84 86 
89 95 106 110 113 115 116 127 132 139 141 145 
148 150 153 156 160 161 162 166 167 168 169 170 
171 173 174 177 180 190 191 192 194 196 198 
55
3 5 6 20 21 22 27 32 35 38 46 47 
48 50 51 67 69 70 73 77 85 89 91 97 
99 103 104 105 114 115 118 125 126 133 134 136 
139 140 147 148 159 163 165 166 168 169 170 176 
177 178 181 183 188 191 194 
51
1 4 6 16 18 19 22 31 32 33 34 36 
41 53 56 64 67 68 80 88 92 101 110 113 
120 121 124 127 129 134 139 142 153 158 159 164 
165 166 171 174 175 176 178 183 185 189 191 194 
196 197 198 
57
2 8 9 10 12 14 17 18 23 30 31 33 
36 38 47 48 53 54 56 60 65 70 72 78 
82 83 89 91 97 98 106 109 110 111 113 116 
118 120 123 127 128 132 133 134 137 143 147 148 
153 162 167 173 179 189 191 195 198 
63
2 5 9 10 11 12 14 15 16 18 22 24 
25 28 31 34 35 37 40 43 44 54 55 56 
63 65 67 68 71 72 75 87 88 90 93 97 
98 99 100 101 102 109 111 114 115 116 119 120 
123 125 133 136 138 141 155 158 165 173 174 179 
185 186 194 
71
2 4 6 9 10 14 15 17 19 20 23 26 
30 34 36 37 38 44 47 48 49 54 57 65 
66 67 77 88 91 95 98 102 103 105 107 108 
112 116 117 119 121 126 129 134 135 138 143 145 
146 148 150 152 157 159 161 164 168 170 172 173 
176 177 178 180 182 184 186 188 193 194 199 
63
10 20 23 26 32 33 40 45 50 52 58 63 
64 65 70 71 72 74 77 80 84 85 86 88 
93 95 98 100 103 110 111 113 116 117 119 121 
124 125 130 135 136 138 140 142 145 146 150 151 
154 156 163 169 171 172 175 178 179 185 187 188 
193 196 198 
53
1 6 7 8 12 13 18 22 28 29 31 33 
44 45 53 57 58 63 67 72 75 78 89 91 
93 107 108 114 121 122 125 127 128 134 135 137 
138 148 150 152 155 159 161 162 166 168 172 174 
177 178 181 182 192 
61
5 9 12 14 15 17 19 20 24 26 32 38 
43 49 50 55 59 61 62 65 71 73 77 78 
86 87 91 92 94 96 99 102 106 108 109 110 
113 114 119 120 126 141 145 146 149 150 151 153 
156 157 162 165 170 171 176 177 178 179 190 192 
200 
63
3 7 9 11 14 15 20 24 30 40 41 48 
51 57 62 67 68 69 70 73 74 75 78 84 
85 86 87 94 98 102 109 110 111 112 115 120 
121 122 123 124 125 126 130 135 143 146 149 153 
163 169 171 172 173 176 180 185 186 188 189 195 
196 198 200 
49
17 21 23 24 25 27 30 36 42 43 50 57 
59 65 69 70 81 86 95 96 97 102 104 113 
119 123 126 128 131 134 138 139 144 148 151 153 
162 164 166 174 178 179 181 182 186 188 193 199 
200 
63
1 5 6 11 16 20 22 23 24 32 38 42 
45 48 50 56 57 60 62 63 65 74 77 78 
79 82 86 88 90 91 99 101 109 111 112 115 
116 119 121 130 136 137 138 150 154 158 159 160 
164 166 170 175 178 183 188 189 191 192 194 196 
197 198 199 
79
1 5 6 10 11 15 16 17 22 29 30 31 
32 33 36 41 44 45 46 47 49 51 53 56 
57 67 69 71 72 75 77 82 83 86 87 88 
91 93 94 98 100 106 107 108 110 113 114 115 
116 119 120 124 125 127 131 135 136 138 140 145 
146 148 150 154 157 161 164 166 168 170 174 175 
177 180 183 185 189 191 195 
58
4 6 8 9 11 15 17 19 34 38 39 41 
45 47 49 55 57 60 63 65 68 71 72 76 
80 81 90 98 99 100 101 105 111 113 116 121 
123 125 128 136 138 139 142 143 148 149 150 159 
163 173 176 183 184 185 186 187 188 194 
69
3 4 8 9 14 16 19 21 22 28 32 33 
34 40 42 45 54 57 60 62 65 67 68 70 
73 76 77 93 97 98 100 102 104 106 107 108 
113 120 124 125 126 128 130 132 134 137 139 140 
146 148 151 152 155 156 161 162 163 166 167 168 
169 170 177 178 179 189 194 195 199 
57
1 2 3 8 11 12 15 19 22 24 29 34 
35 38 39 43 49 50 51 57 59 60 64 70 
71 72 74 76 78 79 80 81 89 91 92 102 
109 113 116 120 123 139 143 145 148 150 161 162 
167 168 175 176 180 182 185 190 194 
54
1 4 5 7 13 14 22 23 27 30 31 32 
41 42 43 46 51 53 55 56 58 69 73 75 
78 82 87 89 92 93 95 97 102 116 118 121 
125 133 136 137 138 143 145 149 151 158 161 162 
168 174 175 179 191 198 
50
6 7 8 9 10 11 13 15 22 27 31 34 
52 56 59 67 74 80 82 84 86 90 95 100 
101 109 111 117 119 120 126 127 128 129 138 140 
162 166 167 168 169 171 172 174 175 182 189 193 
197 200 
59
13 14 15 23 29 32 35 36 37 38 39 51 
55 57 62 63 68 71 72 73 77 78 80 84 
90 94 96 99 101 103 104 106 111 114 115 125 
127 128 131 132 133 149 151 153 154 155 156 161 
162 163 165 166 169 172 175 184 190 191 195 
