400 200
1 1 1 1 1 1 1 1 1 1 1 1 
1 1 1 1 1 1 1 1 1 1 1 1 
1 1 1 1 1 1 1 1 1 1 1 1 
1 1 1 1 1 1 1 1 1 1 1 1 
1 1 1 1 1 1 1 1 1 1 1 1 
1 1 1 1 1 1 1 1 1 1 1 1 
1 1 1 1 1 1 1 1 1 1 1 1 
1 1 1 1 1 1 1 1 1 1 1 1 
1 1 1 1 1 1 1 1 1 1 1 1 
1 1 1 1 1 1 1 1 1 1 1 1 
1 1 1 1 1 1 1 1 1 1 1 1 
1 1 1 1 1 1 1 1 1 1 1 1 
1 1 1 1 1 1 1 1 1 1 1 1 
1 1 1 1 1 1 1 1 1 1 1 1 
1 1 1 1 1 1 1 1 1 1 1 1 
1 1 1 1 1 1 1 1 1 1 1 1 
1 1 1 1 1 1 1 1 
14
5 7 13 33 39 51 54 61 66 83 95 173 
186 198 
23
3 4 14 16 21 26 29 35 47 53 57 87 
98 123 125 132 137 139 150 154 158 174 187 
16
12 22 25 26 34 75 79 94 96 124 126 141 
150 154 176 200 
16
4 20 38 46 53 61 97 98 129 136 139 141 
152 167 169 192 
24
40 41 46 56 61 63 64 66 67 69 70 75 
79 83 85 92 103 104 117 131 132 156 177 184 
19
1 4 5 6 21 35 44 52 55 62 64 83 
114 118 134 138 142 151 164 
19
7 12 22 32 33 49 58 71 80 106 114 133 
137 147 160 161 171 184 193 
22
1 12 14 18 26 46 51 59 60 81 86 97 
107 128 131 137 138 141 168 169 186 200 
20
2 10 26 40 44 74 93 96 101 105 107 130 
132 133 151 179 185 187 189 198 
22
7 17 18 23 30 32 36 41 51 53 63 65 
75 91 94 95 112 132 174 186 192 195 
17
2 7 13 18 54 61 70 75 91 119 127 139 
141 159 183 188 193 
17
6 23 33 65 67 71 82 100 110 122 123 138 
173 179 180 185 190 
21
9 21 44 54 56 57 77 78 96 110 127 135 
145 153 157 163 171 174 187 192 195 
26
2 7 8 14 20 30 32 39 41 58 65 75 
82 105 117 133 137 144 153 157 164 166 173 182 
191 197 
19
3 5 6 7 19 23 34 49 79 95 104 109 
118 120 124 135 154 166 169 
23
2 6 14 16 22 24 61 68 83 87 91 99 
112 119 126 137 141 146 159 160 163 187 188 
28
1 8 19 28 29 33 34 37 43 49 53 60 
71 73 83 91 97 103 105 111 114 132 140 160 
162 169 173 186 
25
5 11 16 17 24 33 39 40 59 60 77 92 
93 98 108 121 126 130 137 138 167 175 185 199 
200 
21
2 17 24 47 48 51 52 65 76 98 106 120 
136 144 151 157 162 175 188 195 198 
20
11 48 56 67 74 82 83 89 113 137 139 140 
147 150 155 162 170 175 184 190 
19
1 12 22 23 60 65 78 87 108 122 124 131 
132 146 161 164 166 170 182 
23
1 3 7 26 33 55 65 97 101 103 125 129 
130 138 139 140 155 161 173 176 182 191 199 
22
2 22 23 32 39 48 49 70 76 78 85 95 
98 136 138 145 146 170 178 185 191 192 
13
13 17 29 52 83 103 140 144 172 175 184 186 
188 
16
34 41 76 78 79 99 108 126 128 132 148 154 
157 175 177 190 
28
8 11 15 16 18 31 45 53 61 64 81 91 
106 117 120 125 131 134 143 146 148 151 153 175 
181 187 190 200 
18
1 11 16 25 30 34 35 36 42 84 104 109 
113 115 137 164 182 195 
23
8 10 13 22 39 58 66 78 86 90 98 104 
112 114 137 145 162 172 175 176 182 186 196 
27
4 5 15 33 37 46 57 64 81 84 86 91 
100 101 103 106 114 115 119 141 146 156 160 165 
167 175 178 
14
37 41 50 54 92 94 115 143 177 181 183 191 
192 200 
21
11 13 18 25 32 36 43 46 56 57 66 79 
82 88 91 104 108 111 114 153 169 
17
12 16 32 38 46 57 72 78 83 110 111 146 
163 177 188 191 196 
13
22 47 51 55 63 70 85 104 108 128 147 152 
186 
13
1 2 3 11 21 43 99 112 150 151 162 183 
186 
13
2 4 9 22 34 59 80 88 104 134 142 153 
189 
13
6 60 69 71 92 97 105 131 135 137 146 169 
189 
18
12 22 28 32 47 51 54 59 67 70 75 77 
100 127 128 133 147 198 
21
1 11 42 44 48 49 59 71 79 95 113 125 
126 131 143 162 163 179 183 184 192 
17
21 32 33 44 62 74 85 94 96 111 117 137 
169 172 174 176 190 
14
10 12 19 44 51 75 82 98 113 119 132 135 
194 200 
20
8 12 16 22 32 41 47 50 71 85 92 109 
121 122 126 141 142 161 181 193 
21
27 30 33 38 40 55 61 73 86 88 90 93 
95 140 154 162 169 173 181 185 200 
16
14 15 20 38 48 61 96 124 125 127 128 146 
158 159 160 164 
16
4 24 33 44 49 73 79 91 92 117 119 123 
140 158 180 181 
24
15 18 19 25 35 37 41 42 54 55 61 63 
66 87 90 92 96 125 137 151 184 189 191 199 
14
4 10 15 18 30 33 84 100 123 128 133 144 
157 185 
23
11 18 22 23 26 31 68 73 79 89 100 122 
125 127 130 137 143 145 148 177 184 187 194 
19
5 9 32 47 51 57 64 69 90 120 126 133 
140 147 152 156 178 182 196 
17
14 16 59 67 69 70 80 96 98 105 108 119 
135 138 141 154 197 
16
2 9 25 27 37 57 62 77 78 82 114 157 
158 178 193 196 
18
2 17 41 61 79 93 97 99 127 131 137 143 
145 162 168 177 181 193 
21
10 19 20 29 35 37 44 61 90 108 119 139 
146 147 148 155 159 164 170 174 190 
13
31 42 55 74 80 99 105 110 115 130 132 140 
157 
18
1 4 6 30 51 67 73 76 83 89 92 97 
113 121 145 157 185 200 
15
52 60 61 83 85 121 124 131 132 149 152 170 
177 189 200 
18
19 22 43 44 47 61 62 74 76 106 110 117 
121 156 175 176 185 192 
24
1 8 9 29 40 44 59 74 78 97 103 110 
112 113 131 135 144 149 158 162 170 172 174 192 
21
7 18 44 49 55 63 68 75 94 104 114 116 
131 132 133 137 149 156 157 195 196 
19
36 41 47 50 66 76 96 108 112 114 122 124 
145 148 154 164 188 191 198 
19
5 6 12 36 55 62 64 67 69 73 82 108 
129 140 156 162 181 183 184 
23
6 10 14 24 40 42 46 47 54 59 67 69 
93 108 109 110 112 134 150 153 154 162 180 
24
7 32 34 45 56 63 73 92 100 105 119 120 
126 130 141 146 148 151 153 156 161 166 191 198 
20
3 4 18 26 31 50 52 56 67 72 75 79 
89 98 134 149 161 167 182 186 
20
3 9 12 20 21 35 36 56 66 70 84 94 
119 148 158 171 175 176 178 200 
22
3 10 18 22 28 33 46 48 51 58 76 106 
115 131 143 158 163 166 174 183 184 194 
21
33 36 39 40 55 62 76 78 88 89 93 104 
111 123 136 152 168 182 188 191 197 
23
7 24 29 32 33 46 63 71 73 77 80 86 
93 103 106 111 113 139 149 157 160 172 178 
27
1 6 7 8 15 16 21 23 34 37 45 65 
71 74 81 82 90 91 92 136 140 144 145 156 
164 172 197 
29
14 18 25 29 33 34 50 52 55 65 71 80 
81 93 104 116 119 131 136 149 152 156 166 169 
172 175 181 185 190 
22
1 2 4 10 16 45 51 65 72 89 98 100 
111 117 118 120 135 141 176 177 183 184 
18
8 12 13 53 57 58 70 76 109 111 113 128 
145 152 174 175 182 188 
24
14 25 31 43 48 50 52 57 58 60 67 96 
99 108 115 116 125 128 132 133 134 140 164 186 
25
2 13 24 26 30 43 59 60 63 68 69 76 
86 87 106 128 135 137 153 160 161 169 178 192 
199 
19
2 12 16 19 21 99 103 107 119 120 127 130 
146 150 151 166 184 185 200 
16
7 52 58 71 72 83 84 102 117 131 140 171 
181 187 192 196 
24
5 8 11 12 33 37 69 73 90 93 96 99 
101 116 118 125 134 135 142 155 161 187 196 199 
13
3 6 26 55 68 70 104 135 140 161 174 176 
187 
21
17 24 27 32 39 59 60 62 82 94 107 125 
128 131 136 142 158 164 185 198 200 
24
3 25 36 47 60 63 94 98 103 109 117 122 
130 132 133 149 151 159 161 177 180 182 188 197 
28
1 12 17 28 34 35 39 54 55 60 61 72 
77 92 101 104 106 109 120 123 134 135 137 184 
185 186 189 193 
15
3 7 27 38 42 47 63 65 90 91 131 144 
152 161 186 
22
21 29 40 45 56 62 69 79 81 86 101 104 
131 140 145 146 167 169 170 171 173 198 
19
7 23 37 44 47 51 87 106 114 117 121 139 
146 150 167 179 189 195 197 
14
19 32 38 67 88 90 95 128 138 139 175 177 
178 200 
19
3 4 11 17 26 50 58 91 102 116 120 142 
147 164 175 184 187 193 194 
16
2 4 10 40 77 87 103 105 106 126 129 139 
142 165 170 179 
16
34 39 45 57 58 85 86 118 135 136 145 146 
173 184 185 186 
20
20 38 40 41 43 58 60 88 96 108 111 117 
119 122 132 147 155 166 179 186 
14
32 37 48 78 88 103 137 145 151 168 174 185 
190 199 
28
1 4 7 15 22 29 33 44 47 51 52 60 
84 102 113 121 145 153 155 156 157 164 170 171 
179 185 186 189 
15
7 23 47 51 56 64 66 98 99 117 140 145 
161 180 189 
7
15 18 45 80 93 99 159 
19
19 49 56 59 88 99 114 117 125 130 133 136 
154 158 175 176 180 183 187 
22
18 41 45 53 56 73 86 89 99 100 104 108 
113 129 133 148 149 156 158 161 167 173 
21
5 11 14 22 25 39 43 50 53 76 87 88 
127 128 182 187 188 192 193 197 198 
22
11 22 51 54 59 73 76 78 79 92 95 97 
99 111 116 121 132 139 152 154 155 174 
27
2 3 4 7 9 14 18 21 25 31 40 42 
47 74 78 88 109 111 114 116 119 121 148 153 
163 172 191 
19
27 33 45 46 80 92 99 102 105 107 120 123 
147 149 153 173 185 196 197 
19
3 7 13 15 24 35 43 83 92 98 109 115 
118 139 152 176 186 197 199 
29
7 26 30 39 43 47 49 56 70 71 75 79 
82 83 85 89 102 103 121 127 142 146 151 153 
160 167 169 193 198 
25
1 2 9 10 15 22 38 57 72 78 80 81 
85 89 98 101 115 126 131 138 139 154 159 169 
180 
16
11 20 32 39 77 89 91 106 116 130 149 160 
164 177 188 190 
18
2 13 16 32 37 94 98 99 106 123 132 145 
153 163 165 176 193 200 
17
23 24 30 51 61 74 75 76 86 87 97 101 
102 109 118 127 154 
17
1 13 16 33 45 77 81 85 108 115 119 128 
130 146 154 174 198 
19
7 24 33 39 48 52 98 104 111 113 114 130 
139 149 159 163 170 198 200 
16
12 24 26 31 48 49 73 74 83 89 91 122 
153 154 170 199 
19
15 32 34 36 40 42 46 56 77 89 104 113 
144 156 161 164 167 174 189 
18
1 13 17 19 32 33 45 93 114 116 140 141 
147 155 167 171 172 185 
21
16 55 59 76 106 118 127 135 137 148 157 164 
165 167 172 180 182 185 188 193 195 
19
7 16 26 37 41 43 54 58 72 79 91 93 
111 121 132 148 152 154 178 
17
12 30 46 47 50 58 62 67 69 111 119 134 
150 153 163 174 188 
26
5 8 11 16 30 40 44 46 58 59 65 68 
74 76 79 83 97 99 146 152 163 164 170 171 
190 193 
21
4 15 16 18 20 21 44 45 74 78 83 88 
110 114 125 131 141 163 175 180 193 
15
13 21 25 27 29 53 56 98 119 129 143 152 
156 169 179 
23
16 23 24 25 44 51 56 57 85 89 108 121 
127 130 132 143 152 161 164 174 177 189 190 
20
16 31 38 49 60 88 99 102 113 114 115 140 
145 147 150 155 156 163 170 180 
24
1 19 24 29 39 45 51 64 66 69 73 77 
81 84 120 124 128 130 136 159 163 173 196 199 
20
3 11 30 47 49 51 62 65 131 134 136 146 
150 151 154 166 176 178 180 200 
19
2 11 16 38 51 52 79 86 96 103 107 113 
119 146 151 159 176 184 185 
21
2 4 21 23 29 33 37 38 44 59 85 119 
133 134 145 150 151 154 170 179 190 
27
8 11 21 26 36 43 47 58 62 80 90 91 
107 112 116 120 123 126 132 136 137 149 157 161 
175 179 184 
18
6 11 55 71 90 96 97 99 105 112 121 124 
130 148 179 181 195 198 
18
6 36 58 68 90 94 102 110 120 122 128 132 
139 148 152 153 165 177 
17
10 37 52 53 55 81 92 95 98 112 118 130 
153 157 169 181 188 
30
15 16 29 31 35 36 52 54 82 84 87 89 
99 101 102 105 107 109 120 121 124 125 135 166 
173 174 176 189 191 198 
19
9 14 20 24 38 39 46 53 59 70 87 88 
115 127 144 161 175 178 187 
19
3 11 12 16 50 54 57 65 91 95 104 105 
109 111 114 146 169 179 182 
16
19 22 41 50 57 72 96 112 127 128 139 151 
152 153 164 184 
22
19 22 27 33 42 44 50 55 70 73 85 93 
112 133 139 150 154 159 161 184 198 199 
14
1 3 5 16 64 76 87 100 108 143 154 181 
182 189 
22
8 17 25 27 34 39 43 49 63 66 74 82 
87 92 93 116 121 139 143 146 160 183 
18
23 43 45 61 62 68 81 108 116 131 140 155 
158 170 172 185 190 199 
22
10 11 21 34 44 48 51 55 57 102 103 112 
126 157 161 162 175 181 182 184 199 200 
20
3 6 20 28 48 52 60 97 113 121 125 145 
148 152 166 169 177 190 192 200 
25
2 18 19 22 33 37 47 52 57 63 72 73 
80 85 96 113 114 120 129 133 135 142 162 174 
181 
22
9 13 18 21 24 32 33 61 74 76 82 94 
100 104 140 150 151 152 164 169 182 189 
22
18 19 37 47 49 53 81 82 89 92 100 103 
111 119 141 143 146 156 160 163 171 173 
18
22 31 40 56 69 72 88 92 96 109 116 117 
132 139 142 179 180 182 
35
5 12 20 22 25 27 28 31 42 43 59 62 
67 71 75 76 88 91 95 97 110 112 124 128 
138 155 157 164 169 174 178 180 183 189 190 
23
18 28 29 34 50 53 54 60 63 79 81 84 
87 106 108 118 127 136 139 151 163 180 198 
14
11 20 26 43 53 55 62 69 102 108 115 143 
182 194 
20
13 20 40 44 49 55 63 101 110 118 123 128 
137 144 147 150 160 171 181 192 
22
1 5 8 10 12 19 22 28 34 47 49 56 
79 113 115 119 135 137 161 171 179 190 
16
10 12 17 40 47 112 117 119 128 131 133 152 
166 192 196 198 
21
6 14 16 19 21 23 29 32 36 40 56 61 
63 67 69 70 75 114 117 145 147 
25
3 7 40 52 62 65 70 77 95 96 109 119 
133 148 150 153 171 175 176 177 182 185 189 199 
200 
25
15 17 18 31 38 52 66 74 90 94 97 99 
100 123 126 128 134 155 164 166 170 173 175 180 
182 
19
23 24 26 31 65 88 92 120 145 165 169 170 
171 175 179 185 186 189 194 
21
1 8 17 25 38 75 76 89 90 98 116 126 
132 142 144 151 154 165 167 196 199 
13
6 8 16 27 28 44 62 78 98 141 155 186 
189 
24
12 23 24 29 30 41 50 57 59 60 65 68 
78 113 121 122 131 135 138 152 163 168 187 199 
16
28 39 52 69 81 92 104 107 111 121 131 140 
169 174 175 191 
18
28 49 51 58 62 65 71 75 84 96 107 130 
148 163 170 172 182 185 
21
9 18 23 29 47 52 59 66 67 69 96 108 
134 136 142 144 156 178 182 189 198 
7
67 81 115 137 156 189 190 
19
4 5 28 29 37 51 71 78 86 99 104 117 
172 176 188 192 197 198 200 
20
8 27 36 38 49 54 66 74 80 83 107 128 
131 141 142 157 159 169 184 189 
16
6 13 22 24 67 72 75 85 93 99 119 126 
130 175 178 193 
14
31 32 33 51 54 55 58 67 86 90 126 134 
135 161 
13
21 48 59 93 94 102 137 141 163 166 176 180 
186 
15
21 44 50 64 70 76 77 78 144 150 151 152 
159 182 192 
21
3 26 37 40 94 107 108 121 122 125 131 142 
147 153 163 166 167 173 181 191 194 
19
3 9 20 32 33 47 53 78 80 100 106 113 
123 132 144 146 149 170 173 
14
29 33 42 47 86 87 107 118 120 134 135 147 
169 196 
21
1 4 7 9 11 43 50 51 62 75 89 92 
113 119 133 136 141 172 177 183 191 
18
24 27 58 66 73 93 112 127 135 137 142 166 
170 174 182 183 194 200 
21
8 17 29 77 83 89 115 123 131 132 135 142 
143 147 148 159 173 177 180 196 199 
27
1 2 14 31 36 37 41 48 56 65 66 79 
84 92 99 108 112 127 151 153 157 160 170 174 
176 181 191 
23
1 2 7 19 29 30 38 40 53 67 70 82 
83 125 131 141 147 148 160 174 177 188 196 
21
13 15 18 29 35 37 78 81 88 101 115 123 
129 133 136 144 147 155 156 169 192 
22
9 12 20 23 28 39 43 56 72 73 95 101 
108 109 114 134 135 140 152 153 178 192 
20
7 9 11 14 21 59 65 72 92 93 95 110 
126 130 131 133 141 169 184 190 
20
13 18 20 23 28 31 37 52 54 55 61 66 
67 108 121 153 157 172 181 192 
22
7 8 18 19 24 31 34 35 66 75 92 98 
99 100 104 127 129 133 146 173 175 184 
12
5 17 24 34 60 64 67 128 130 165 166 173 
9
14 21 32 50 60 94 126 148 198 
22
2 5 15 44 46 62 70 86 90 94 99 110 
115 129 134 152 163 164 175 176 184 192 
18
9 23 36 39 52 67 69 75 81 93 94 113 
135 155 180 182 188 195 
14
2 27 34 60 80 82 86 136 137 142 145 149 
164 179 
24
7 11 12 21 60 62 63 76 83 87 103 110 
130 131 136 153 154 168 173 177 185 190 192 194 
19
13 16 32 33 49 52 64 72 78 79 102 112 
131 153 155 188 194 195 199 
17
11 43 48 58 64 91 107 114 126 141 144 157 
180 182 191 194 195 
25
17 22 29 32 40 42 62 66 68 83 89 93 
102 105 107 139 141 146 153 159 161 164 170 177 
194 
18
3 9 11 15 17 44 45 66 83 117 128 137 
146 153 164 173 176 187 
21
14 20 42 44 54 72 77 83 86 87 94 106 
107 109 119 130 133 139 140 166 183 
23
13 15 19 20 49 56 61 70 94 97 98 114 
118 123 131 151 152 157 163 166 169 191 200 
24
6 10 28 32 34 36 48 58 64 74 80 91 
122 128 132 142 144 154 157 158 169 173 190 199 
20
11 12 34 39 49 65 71 87 94 111 116 129 
131 143 145 165 166 173 175 177 
23
4 12 24 47 50 55 69 70 74 75 84 87 
91 99 104 105 130 132 138 141 166 176 196 
18
3 10 18 47 71 90 111 124 135 136 148 154 
161 169 170 181 183 192 
11
20 29 53 68 72 87 100 127 130 169 180 
20
9 12 15 27 33 44 68 80 86 94 112 115 
126 130 134 144 145 154 167 168 
19
17 24 27 39 44 54 66 89 96 99 132 135 
139 143 159 182 184 188 197 
14
7 9 13 30 39 47 67 88 124 146 167 186 
193 196 
18
41 44 61 67 68 82 83 124 131 135 136 139 
141 146 154 176 182 194 
24
4 13 17 51 56 71 74 81 106 107 109 116 
117 120 123 124 153 159 164 180 185 186 195 200 
19
23 28 31 34 43 46 57 58 68 74 76 85 
99 105 106 108 156 160 173 
17
11 33 58 72 76 82 111 119 126 140 144 161 
164 174 184 196 200 
22
20 23 33 38 46 53 72 78 80 89 91 110 
113 118 123 127 148 149 165 180 183 196 
13
43 45 65 69 82 83 107 109 124 156 163 164 
189 
16
18 28 52 72 73 86 93 121 125 128 151 167 
192 194 197 199 
26
6 10 20 27 28 30 44 54 65 66 75 76 
85 98 102 110 126 128 131 134 139 160 162 164 
168 170 
11
1 2 6 9 45 72 75 85 119 126 187 
14
2 11 12 46 57 84 89 97 103 115 122 155 
158 161 
19
6 8 25 36 54 57 70 80 88 104 108 113 
119 125 132 133 140 159 189 
17
1 2 13 32 38 52 59 85 94 108 111 118 
121 139 175 182 187 
25
8 16 27 31 37 48 53 78 79 96 113 115 
125 130 140 142 146 151 158 161 172 184 185 190 
199 
15
7 26 43 54 58 70 79 101 107 115 135 143 
159 181 193 
24
7 16 17 22 28 42 62 69 76 89 98 100 
102 105 110 116 121 145 158 166 167 168 183 187 
17
1 4 30 31 36 45 61 77 102 107 108 109 
115 118 138 142 181 
11
104 105 109 129 130 137 151 185 191 193 196 
25
24 27 37 42 43 45 50 52 54 67 72 73 
85 96 116 117 126 138 147 148 161 182 184 191 
194 
10
14 31 40 78 146 152 161 184 198 200 
15
19 51 65 67 68 97 100 101 110 113 120 147 
165 168 171 
14
46 57 99 104 111 118 122 134 146 156 160 161 
165 183 
19
21 36 39 45 59 60 62 63 65 76 79 100 
105 113 120 135 150 152 196 
15
20 30 53 73 88 92 113 115 121 128 138 149 
161 164 194 
22
6 8 17 20 29 38 44 64 69 79 96 104 
118 121 125 131 158 159 165 180 192 197 
17
7 17 63 73 75 79 88 100 111 119 130 138 
151 161 169 178 179 
14
6 11 12 72 89 97 99 108 118 119 122 138 
168 169 
20
1 6 31 33 34 43 50 62 64 79 83 131 
150 161 166 167 173 174 179 200 
22
2 14 15 26 34 45 50 62 63 76 79 117 
130 137 148 156 163 167 169 177 181 196 
24
7 28 37 40 46 55 62 63 65 66 74 79 
114 119 121 129 137 141 148 149 154 160 171 184 
21
12 14 16 51 59 64 69 81 101 109 115 118 
122 129 132 133 136 145 184 185 193 
21
10 24 26 32 42 62 66 73 86 100 112 117 
120 121 128 133 140 146 154 169 173 
24
30 37 63 73 86 95 101 104 106 119 123 137 
146 153 157 159 160 162 166 170 175 178 194 196 
24
2 9 14 18 28 36 40 43 50 52 59 67 
84 88 94 100 111 119 124 160 164 189 192 196 
14
24 32 33 49 62 65 89 100 113 132 159 164 
177 188 
18
2 4 32 34 47 53 56 77 81 99 132 134 
142 145 157 166 180 192 
20
4 7 15 22 25 30 50 57 63 64 86 92 
98 100 111 114 116 144 157 188 
21
26 34 38 40 67 70 78 88 94 101 119 129 
133 157 168 174 179 186 188 191 195 
22
5 12 17 19 21 27 45 51 64 69 70 74 
88 97 112 133 146 158 171 180 181 193 
19
1 2 7 11 23 35 42 47 63 66 73 91 
114 115 123 164 171 176 182 
13
8 12 45 69 101 122 128 133 151 152 158 163 
194 
14
13 28 36 55 65 79 83 94 97 118 143 144 
183 198 
18
6 11 13 23 28 38 43 48 65 69 108 113 
150 156 161 169 179 195 
20
4 8 17 21 22 42 46 48 51 76 77 81 
91 92 105 117 124 125 184 191 
17
4 19 35 49 65 70 74 76 77 78 88 96 
99 109 142 143 173 
20
22 29 44 58 74 81 82 95 96 113 122 133 
144 145 146 150 159 168 178 190 
30
22 28 29 38 43 49 53 66 68 72 79 91 
100 104 110 112 126 133 140 144 165 174 177 181 
182 183 191 192 198 199 
20
1 5 11 39 46 51 53 91 92 97 101 103 
106 111 115 120 145 158 165 174 
23
1 7 9 11 17 25 26 45 55 66 83 90 
97 106 110 150 151 152 166 168 172 173 192 
25
2 14 36 39 50 53 62 63 72 78 97 99 
110 113 114 126 131 135 146 162 163 164 174 176 
186 
22
5 7 14 20 30 47 58 64 67 102 103 108 
111 112 121 129 137 138 163 170 186 188 
10
7 40 69 83 96 131 147 172 188 194 
19
2 5 29 43 44 45 52 70 73 88 119 128 
130 149 154 171 175 199 200 
15
14 15 25 32 46 57 63 94 100 121 130 133 
156 162 197 
18
16 22 47 60 65 69 76 78 92 96 97 107 
110 117 123 126 158 200 
12
6 8 17 34 44 53 101 102 125 143 191 196 
20
14 30 45 52 58 59 60 73 87 93 96 116 
117 119 120 122 146 160 166 172 
20
21 22 24 54 56 59 62 67 72 73 89 115 
117 132 136 138 161 164 167 197 
15
1 48 70 79 88 102 116 120 132 136 153 155 
183 187 198 
26
1 7 12 24 25 27 32 39 44 58 59 98 
108 113 116 117 123 138 141 143 159 173 196 197 
198 199 
19
1 23 26 47 57 70 72 85 96 106 116 140 
141 156 157 158 160 169 175 
14
2 3 20 28 50 68 74 108 125 135 157 171 
175 182 
22
4 5 6 12 13 21 24 27 65 83 84 85 
93 102 107 113 115 126 132 140 141 171 
18
3 22 26 40 49 55 75 84 90 101 109 117 
133 147 162 173 176 199 
10
26 32 45 47 63 95 129 131 147 193 
25
15 20 23 25 41 42 51 62 64 68 74 89 
93 97 118 121 130 134 137 143 163 164 182 186 
196 
27
14 16 20 33 47 59 64 76 82 91 92 98 
103 108 109 115 117 122 125 128 132 138 149 174 
177 184 189 
21
6 10 35 44 58 59 85 90 103 108 111 119 
134 135 139 141 146 155 169 184 190 
22
23 29 52 63 66 80 115 121 123 129 132 141 
143 145 146 150 161 162 163 185 196 199 
15
18 40 42 59 72 73 86 89 123 144 157 169 
173 174 185 
22
21 28 39 43 44 71 95 96 109 125 139 151 
154 155 158 163 171 179 186 188 198 199 
16
23 41 43 56 69 73 79 91 105 131 156 160 
166 172 194 197 
25
4 6 7 11 19 45 64 67 76 94 95 99 
105 108 109 119 126 148 155 156 158 160 165 191 
196 
20
11 15 20 31 48 55 59 68 75 79 85 105 
106 108 138 159 161 172 178 179 
24
6 33 40 51 52 63 68 84 93 97 116 121 
131 134 136 144 151 159 160 168 176 184 185 190 
20
33 61 63 66 69 76 90 114 115 117 131 135 
140 145 154 165 168 169 170 172 
16
3 14 30 38 39 68 74 92 112 113 117 130 
145 188 193 199 
21
5 20 24 28 37 39 67 69 74 102 106 127 
131 132 133 140 148 174 175 198 199 
21
8 10 15 19 31 32 47 68 69 75 77 111 
119 133 135 140 163 171 188 199 200 
19
21 32 36 69 75 90 99 111 116 123 130 148 
157 169 187 188 189 192 194 
21
13 19 29 37 73 82 102 109 110 131 133 135 
140 156 167 170 171 176 178 194 199 
20
7 9 37 46 58 75 81 83 92 102 110 113 
125 128 129 143 146 155 166 187 
15
13 20 34 35 61 63 64 74 80 86 100 108 
118 124 125 
27
8 11 14 28 58 59 73 76 80 82 90 94 
98 111 114 119 124 135 142 146 160 175 183 190 
191 194 196 
17
2 10 11 22 42 47 60 88 95 103 114 118 
119 138 142 146 159 
15
14 19 21 49 61 99 104 111 115 122 127 139 
148 191 198 
21
1 5 30 38 54 59 73 88 94 99 101 114 
118 121 129 145 150 166 167 175 197 
17
10 16 17 33 34 43 44 75 107 108 112 114 
117 127 130 143 177 
21
6 14 26 35 52 63 70 73 84 92 103 104 
106 107 109 114 126 134 159 173 187 
19
1 5 27 31 40 112 119 132 136 144 147 160 
163 167 168 169 178 184 188 
15
37 48 54 55 81 88 104 123 130 162 167 186 
188 191 194 
22
1 12 15 22 31 32 52 61 72 95 118 142 
143 144 145 158 162 165 172 177 186 192 
18
10 19 39 40 55 57 58 68 69 77 113 126 
144 170 173 176 195 199 
27
2 21 32 33 39 44 50 51 53 86 101 102 
109 111 116 117 135 136 145 152 169 171 172 174 
183 188 192 
27
1 7 13 21 24 29 31 34 63 73 76 90 
105 113 117 122 123 129 139 151 152 159 174 184 
187 193 196 
19
10 19 29 46 47 49 58 87 96 105 114 120 
131 138 144 145 162 189 197 
34
5 8 9 12 14 21 29 30 39 45 46 51 
75 85 86 90 98 100 101 103 106 108 125 126 
132 135 151 155 165 167 183 191 197 200 
29
8 18 44 61 67 68 80 82 88 92 94 104 
107 117 127 131 132 139 140 143 145 149 151 164 
172 180 185 191 195 
20
6 29 30 53 58 61 63 64 69 74 79 91 
93 112 126 146 151 166 175 176 
17
48 58 64 66 77 78 81 108 118 127 150 164 
165 175 184 193 194 
22
25 26 35 37 38 41 52 55 75 89 91 101 
107 117 118 121 150 152 156 158 160 174 
21
1 14 15 19 36 49 54 68 79 88 95 117 
123 128 129 135 142 149 154 166 168 
25
7 31 42 43 56 74 75 87 100 103 104 133 
136 143 148 149 154 159 160 164 181 184 187 189 
195 
17
13 42 48 51 57 81 85 91 104 113 128 131 
143 150 175 181 187 
17
7 26 48 51 77 80 87 120 141 142 146 169 
172 176 179 191 195 
21
16 24 26 68 80 82 86 89 99 105 109 131 
145 147 148 159 164 176 177 185 196 
19
13 38 43 48 49 69 73 96 97 111 142 159 
160 163 167 180 186 196 199 
29
1 5 14 16 17 20 43 47 55 60 65 83 
87 102 104 109 123 125 137 140 141 142 143 146 
173 175 178 186 197 
20
7 12 51 54 65 75 83 109 110 121 127 132 
149 161 162 166 185 193 196 199 
18
2 6 27 41 56 74 79 83 115 129 136 162 
167 170 172 181 182 183 
31
2 4 6 15 16 24 27 28 47 74 77 79 
81 86 94 111 112 117 123 128 131 137 158 161 
162 173 186 188 190 193 197 
24
4 16 17 39 58 59 64 76 88 89 90 91 
93 116 118 122 136 143 147 163 174 179 194 197 
22
10 15 20 27 60 61 64 65 68 82 100 107 
109 118 132 139 143 153 173 179 186 187 
20
42 43 52 54 59 60 64 92 116 119 120 127 
155 160 167 182 184 186 189 200 
16
16 26 36 40 69 74 76 81 103 107 123 146 
151 164 168 177 
26
7 18 27 36 39 44 50 60 64 75 94 97 
99 105 122 129 131 133 139 150 153 155 167 179 
185 193 
22
9 21 27 31 82 97 102 107 113 120 127 129 
131 142 148 149 155 156 163 188 189 192 
20
2 14 19 43 67 69 110 126 138 139 147 151 
153 155 159 169 178 179 191 195 
24
6 17 20 36 43 46 54 68 75 76 88 90 
91 101 103 107 113 134 135 142 147 171 183 186 
13
3 19 25 26 31 32 35 44 54 62 80 115 
145 
17
2 27 29 30 46 73 77 83 87 93 111 116 
143 149 156 184 187 
22
25 34 37 39 45 46 59 64 94 107 120 121 
124 132 134 145 146 150 159 162 165 176 
16
20 24 28 43 45 59 66 69 152 166 169 174 
175 180 185 189 
16
14 61 65 77 98 110 113 122 126 140 147 149 
165 168 172 179 
20
20 21 30 32 46 64 66 68 76 96 109 113 
117 124 142 164 168 172 180 187 
24
2 6 12 16 25 48 69 87 94 96 102 108 
113 115 124 142 148 176 179 182 190 191 198 199 
23
1 28 34 52 53 98 104 110 111 115 127 135 
136 137 138 140 143 152 158 160 164 169 173 
23
1 12 22 25 38 44 46 77 78 80 87 92 
93 106 113 114 125 138 144 162 178 180 197 
21
2 14 32 39 47 52 55 58 65 73 78 81 
89 112 144 147 151 158 162 167 187 
17
5 18 30 49 53 64 76 77 81 92 112 125 
161 163 181 194 197 
22
2 9 33 43 45 46 47 65 79 89 90 102 
116 119 138 149 151 175 180 188 196 200 
22
11 19 36 44 49 63 68 76 78 88 93 96 
105 116 132 134 147 150 162 174 175 181 
12
8 9 17 28 47 87 101 131 136 146 152 153 
24
3 18 23 41 52 53 56 59 65 71 83 90 
102 103 113 117 127 135 157 167 171 184 192 199 
14
6 13 26 70 91 96 97 109 111 124 132 170 
171 180 
16
3 13 50 53 60 66 71 78 85 110 118 126 
163 176 182 188 
17
4 9 30 32 52 65 80 100 119 136 137 140 
153 160 171 182 188 
21
7 18 25 40 49 50 54 59 61 64 66 87 
110 119 129 143 158 169 178 189 196 
17
8 13 38 44 47 48 49 55 66 91 94 96 
104 161 164 167 185 
12
23 28 32 56 109 116 118 156 158 176 182 186 
16
5 17 27 54 60 96 97 101 106 107 117 122 
139 173 182 198 
25
11 13 23 35 40 46 48 64 68 69 79 101 
103 120 121 124 134 136 137 148 156 163 168 175 
197 
16
10 19 23 25 43 50 61 79 83 102 108 120 
128 136 140 164 
28
2 4 6 7 33 43 55 57 65 71 74 91 
105 120 121 134 140 145 154 155 157 158 160 164 
166 176 178 180 
19
3 10 23 25 31 34 43 47 86 97 105 132 
135 142 148 149 176 177 188 
14
47 53 61 73 81 125 126 132 140 152 162 172 
197 199 
28
1 7 17 20 23 24 27 30 33 47 48 50 
56 65 67 78 89 91 103 127 128 139 142 147 
151 152 165 198 
19
1 5 38 39 51 60 82 84 98 104 107 116 
120 129 142 157 166 194 198 
22
1 2 4 26 28 42 43 44 56 59 63 65 
67 101 103 129 133 134 158 164 177 195 
24
4 40 43 44 58 60 66 74 76 94 104 108 
109 135 147 152 156 172 179 182 186 188 189 199 
22
14 22 30 58 66 78 80 88 90 92 101 116 
127 129 146 153 161 164 186 187 192 196 
18
1 3 6 15 24 49 52 57 64 66 90 102 
117 124 173 181 184 198 
19
11 21 25 30 38 41 59 63 80 94 139 158 
161 166 168 175 188 191 198 
19
3 14 20 42 52 60 62 90 101 103 105 110 
129 140 141 167 169 174 189 
21
4 28 46 51 60 63 68 71 74 76 82 84 
92 103 113 142 155 180 187 189 192 
26
2 17 22 29 33 37 58 72 82 91 95 100 
105 108 113 118 136 144 145 148 161 167 175 181 
186 190 
20
30 36 39 44 47 63 65 67 69 71 93 95 
104 124 139 144 152 184 198 199 
21
18 19 31 33 48 51 77 79 84 88 96 111 
113 129 142 157 165 170 178 192 199 
15
1 8 20 56 69 82 110 122 142 150 161 180 
186 187 196 
14
26 33 42 43 48 63 86 92 107 116 134 141 
184 190 
19
6 7 15 24 30 53 54 62 73 74 78 82 
114 126 158 162 171 178 181 
19
10 13 54 60 66 68 74 82 98 117 134 148 
150 158 168 182 185 186 192 
15
16 29 62 70 83 85 106 116 117 121 138 156 
159 177 182 
22
2 10 40 53 57 65 80 83 92 98 100 108 
113 115 116 120 125 135 148 169 182 190 
11
10 37 45 49 78 115 136 147 160 189 194 
23
1 4 29 41 43 52 73 76 80 83 86 95 
98 104 115 125 153 154 163 165 182 184 186 
27
13 23 33 51 60 61 64 69 73 85 86 95 
98 101 105 110 112 125 131 136 152 161 167 172 
179 186 191 
22
2 26 31 42 49 63 85 95 98 101 105 107 
112 121 123 126 129 143 154 161 191 196 
33
2 7 8 10 14 16 20 40 41 51 52 61 
64 65 69 76 82 84 87 90 100 102 115 130 
132 141 147 150 152 167 172 178 200 
20
6 9 24 34 39 42 50 75 86 102 111 120 
130 143 145 166 171 176 177 200 
20
4 15 16 17 55 83 84 97 107 123 125 138 
139 141 150 154 167 175 178 197 
15
5 12 14 19 23 33 75 89 90 105 112 127 
161 163 193 
24
4 18 20 24 25 28 35 47 48 60 62 75 
81 96 101 121 168 170 183 186 189 197 199 200 
16
3 15 19 40 82 121 131 146 155 161 170 176 
178 180 185 198 
23
7 12 27 36 47 48 58 75 87 88 92 93 
95 98 112 129 140 161 165 167 172 188 200 
27
1 2 6 10 15 26 41 66 84 86 98 99 
102 108 109 111 117 129 139 144 152 157 161 168 
186 196 198 
12
18 23 38 43 84 101 131 136 170 183 187 199 
11
6 45 50 66 70 73 121 150 190 195 200 
20
5 7 19 81 82 104 110 113 115 133 145 161 
165 166 170 175 178 179 189 196 
27
2 6 17 48 50 52 54 56 65 75 76 90 
102 116 118 121 128 142 146 149 158 165 175 184 
189 190 192 
17
1 4 7 65 81 103 107 109 117 127 128 145 
150 154 158 170 188 
20
9 10 38 41 43 46 49 74 86 93 95 123 
135 136 152 153 155 163 169 174 
23
3 10 11 21 29 32 36 49 51 54 71 73 
75 80 87 111 112 142 157 170 171 192 194 
20
9 17 22 23 25 37 38 46 58 67 85 92 
118 123 154 164 174 178 199 200 
20
6 8 18 38 43 63 71 99 116 117 131 144 
149 152 154 158 160 163 181 196 
16
3 15 41 57 59 65 93 105 125 134 139 148 
160 171 176 181 
20
14 21 39 40 49 65 70 78 85 98 120 125 
135 141 147 167 171 181 193 198 
14
9 14 16 41 59 84 108 120 125 130 140 151 
164 197 
16
3 20 21 22 32 35 47 53 65 80 117 120 
132 162 165 200 
13
27 49 52 55 65 74 89 93 135 143 148 156 
177 
21
19 20 27 35 47 48 69 77 86 91 100 106 
109 117 132 133 142 170 182 189 192 
21
27 30 44 47 50 54 73 93 96 97 120 131 
136 141 144 149 157 166 168 175 187 
19
13 16 40 47 62 80 81 88 97 109 119 122 
128 140 157 163 190 192 194 
23
1 5 11 17 20 44 45 51 60 74 78 84 
94 101 105 138 140 147 173 180 183 197 199 
20
34 42 71 83 88 100 107 112 115 128 139 142 
149 154 159 160 167 178 184 188 
19
4 5 15 18 29 35 44 51 62 77 87 144 
150 158 177 186 194 199 200 
22
13 15 16 29 31 32 49 55 62 67 71 84 
90 122 124 131 135 144 151 167 186 195 
26
33 38 52 57 70 75 81 96 97 100 101 104 
105 108 111 117 127 129 138 139 157 163 166 181 
184 197 
21
2 14 46 47 48 63 65 72 75 78 85 99 
137 139 169 176 180 181 189 195 200 
18
16 17 28 43 62 72 84 86 95 116 131 154 
156 158 165 180 182 193 
24
3 4 10 14 21 25 28 31 34 44 46 78 
81 82 98 106 120 124 132 147 176 187 190 193 
20
4 29 30 34 41 47 74 80 100 101 102 105 
116 126 141 162 171 174 189 195 
21
8 30 32 45 50 63 64 65 70 87 97 98 
102 104 112 128 133 136 172 185 195 
25
4 8 10 18 27 45 49 57 61 68 81 94 
98 112 116 127 139 148 153 161 174 176 183 192 
198 
19
1 2 5 6 7 9 26 64 72 82 86 110 
111 113 131 134 139 167 188 
32
6 9 18 21 23 27 28 33 40 52 57 84 
85 86 89 94 96 100 109 113 116 126 127 143 
152 166 184 188 190 192 195 198 
