200 200
1 1 1 1 1 1 1 1 1 1 1 1 
1 1 1 1 1 1 1 1 1 1 1 1 
1 1 1 1 1 1 1 1 1 1 1 1 
1 1 1 1 1 1 1 1 1 1 1 1 
1 1 1 1 1 1 1 1 1 1 1 1 
1 1 1 1 1 1 1 1 1 1 1 1 
1 1 1 1 1 1 1 1 1 1 1 1 
1 1 1 1 1 1 1 1 1 1 1 1 
1 1 1 1 1 1 1 1 1 1 1 1 
1 1 1 1 1 1 1 1 1 1 1 1 
1 1 1 1 1 1 1 1 1 1 1 1 
1 1 1 1 1 1 1 1 1 1 1 1 
1 1 1 1 1 1 1 1 1 1 1 1 
1 1 1 1 1 1 1 1 1 1 1 1 
1 1 1 1 1 1 1 1 1 1 1 1 
1 1 1 1 1 1 1 1 1 1 1 1 
1 1 1 1 1 1 1 1 
68
2 12 13 18 19 23 26 28 30 31 33 35 
41 46 47 50 52 53 55 59 60 63 66 71 
75 78 79 87 91 93 100 105 107 108 109 112 
116 118 124 126 127 128 129 131 140 142 144 146 
149 166 169 170 171 174 175 176 178 180 182 184 
186 187 189 191 192 194 196 198 
59
1 7 9 10 13 15 16 20 21 25 30 32 
34 40 42 46 50 52 53 57 62 63 65 67 
70 72 86 87 91 94 95 97 98 108 109 117 
124 125 128 129 130 135 138 144 148 149 151 153 
155 156 160 161 162 165 172 186 189 193 195 
54
8 10 13 14 16 17 20 24 27 35 39 46 
48 51 52 69 80 87 92 94 95 97 99 101 
104 107 108 109 123 128 129 132 134 136 138 141 
147 148 149 151 155 160 162 167 169 175 178 180 
184 185 193 194 195 199 
49
14 17 18 21 24 31 34 37 45 49 55 56 
57 60 64 69 71 75 77 83 85 86 89 97 
99 103 104 109 112 113 114 123 125 133 135 137 
139 141 142 145 147 150 154 158 161 164 169 170 
183 
63
1 2 8 12 14 17 18 23 29 30 33 34 
39 42 53 57 58 59 62 65 67 69 70 76 
78 80 81 84 89 90 94 101 104 105 110 111 
115 121 123 125 126 127 129 138 146 151 152 153 
156 159 161 164 165 167 170 175 177 182 186 191 
192 196 198 
59
1 3 4 5 7 8 18 22 31 33 37 38 
39 43 45 62 64 67 72 74 75 77 80 83 
85 88 91 96 97 100 101 106 107 109 114 116 
125 126 127 128 131 135 139 147 148 149 151 153 
157 164 168 171 173 180 188 189 191 198 199 
63
1 4 6 10 12 14 24 27 29 30 34 35 
37 39 41 44 48 49 50 53 64 68 70 71 
75 78 79 80 84 89 92 102 104 106 107 109 
111 113 114 118 119 120 122 133 134 136 137 139 
140 144 146 151 152 154 155 156 173 181 182 183 
187 188 198 
52
10 14 18 24 28 32 33 35 39 40 41 43 
46 49 52 66 70 71 81 90 91 93 94 98 
104 106 107 110 111 115 121 122 127 128 129 132 
136 144 149 154 156 157 158 163 164 180 181 182 
185 188 190 196 
60
1 9 10 13 17 19 20 25 27 29 36 40 
43 46 47 52 53 54 59 61 63 64 65 69 
74 76 82 83 85 96 98 100 102 104 115 117 
119 124 131 134 138 146 147 150 158 159 160 164 
165 170 172 173 176 178 180 188 190 191 194 195 
51
8 11 14 19 22 23 24 31 37 49 52 61 
67 68 69 70 72 83 85 87 91 99 102 109 
111 112 114 115 118 121 122 127 132 135 141 143 
145 147 151 153 158 164 165 175 176 180 183 187 
188 192 197 
48
2 7 17 22 24 25 27 29 32 34 44 46 
47 49 51 55 56 58 64 80 86 88 90 91 
100 105 106 117 127 134 139 142 147 148 149 152 
157 162 164 165 176 178 182 183 185 194 195 200 
70
1 2 7 8 10 14 16 20 22 25 28 29 
32 44 45 46 48 49 52 58 65 67 68 73 
79 83 85 86 87 89 92 94 98 100 102 105 
110 112 113 115 119 125 131 132 134 136 142 145 
146 147 152 155 157 159 160 162 164 166 169 170 
172 179 183 184 186 187 191 192 195 198 
59
2 3 8 11 14 16 23 27 31 33 39 43 
48 49 62 64 65 67 72 73 75 76 81 84 
87 88 89 97 100 101 107 109 120 121 122 127 
130 136 139 143 145 146 151 152 153 155 161 163 
164 165 167 171 179 180 189 190 194 195 199 
59
4 15 17 20 22 24 31 34 36 39 41 43 
46 48 49 50 51 57 64 66 76 77 85 88 
90 101 102 112 120 121 127 128 131 132 133 134 
136 142 144 146 147 154 155 159 160 162 165 166 
167 170 171 182 184 187 190 194 197 198 200 
60
1 3 6 9 15 18 20 21 23 27 35 38 
44 56 59 60 64 68 69 73 78 79 85 86 
87 92 96 99 103 108 111 120 123 126 128 130 
134 135 141 142 143 146 147 150 154 157 158 159 
160 162 163 167 168 174 177 178 181 188 189 197 
60
1 8 22 30 31 36 39 41 46 47 49 55 
59 60 63 68 69 74 76 80 83 86 87 88 
89 93 98 99 101 103 109 110 111 114 116 117 
118 120 124 131 136 139 141 142 143 146 147 149 
150 161 165 167 172 173 185 186 187 192 194 196 
52
2 5 6 7 9 11 12 22 26 28 30 31 
32 34 43 46 49 50 51 53 58 62 64 66 
70 73 79 81 82 84 88 95 102 107 125 133 
138 140 143 145 152 153 154 155 156 161 163 164 
169 172 173 196 
63
1 6 11 16 19 21 22 29 30 34 36 37 
38 39 44 45 47 48 56 58 59 65 74 77 
80 83 86 87 91 92 95 97 98 99 102 106 
108 110 113 120 130 132 140 142 143 146 151 152 
154 155 158 159 169 173 174 176 179 180 184 188 
189 193 198 
51
1 3 4 11 12 16 20 26 30 32 36 44 
45 56 60 61 68 71 80 82 84 85 86 87 
97 98 99 101 108 109 115 117 126 127 131 135 
143 147 148 149 151 154 156 167 168 172 174 189 
193 195 200 
65
3 10 14 16 19 20 23 25 27 33 37 41 
43 50 53 63 76 79 80 82 83 88 90 95 
97 98 100 101 103 105 107 111 112 113 114 115 
116 117 121 128 129 130 132 133 136 141 143 144 
147 155 157 159 160 163 165 173 175 177 179 185 
186 187 188 190 200 
62
1 5 7 9 17 22 28 32 35 37 39 45 
46 47 50 64 65 68 71 72 78 81 91 92 
94 95 98 99 101 106 107 109 110 112 115 116 
119 122 124 129 130 135 137 138 150 151 152 153 
154 156 168 169 171 180 182 185 186 190 191 194 
196 200 
62
6 11 14 18 21 22 26 31 32 36 40 53 
57 60 68 71 73 74 76 77 79 80 86 91 
92 95 100 106 107 109 110 114 116 119 123 127 
130 132 139 147 149 150 154 162 165 166 167 168 
170 172 174 177 183 184 185 187 188 191 195 196 
198 199 
55
2 3 6 15 19 21 24 30 35 36 37 38 
41 44 45 46 51 53 59 63 66 75 77 83 
87 91 97 102 105 109 111 116 117 122 124 125 
126 129 132 140 145 146 153 157 162 163 165 169 
170 179 186 187 189 194 200 
62
2 3 9 13 17 18 22 29 30 31 34 37 
44 53 54 55 56 57 58 66 71 79 80 83 
84 85 87 95 102 109 112 114 120 121 122 125 
128 129 132 137 139 144 147 150 152 154 156 157 
158 160 165 166 168 173 175 184 188 189 193 196 
198 199 
44
5 6 10 11 12 16 19 20 25 30 31 33 
35 36 37 38 54 59 60 64 68 76 81 82 
89 95 96 101 117 118 120 130 134 141 153 162 
167 174 175 185 187 192 195 198 
65
6 8 9 11 12 14 15 16 19 21 26 30 
31 35 37 40 48 50 53 68 69 73 76 78 
80 81 83 87 89 90 92 93 94 95 98 103 
108 118 122 127 129 130 131 135 141 143 144 153 
155 158 163 168 169 173 174 175 178 181 184 188 
190 193 195 197 199 
63
2 4 5 7 10 12 13 18 25 26 33 34 
35 38 40 42 45 53 58 61 62 63 66 70 
71 74 80 81 87 91 97 100 101 104 108 110 
111 113 117 122 127 129 130 132 133 135 138 141 
144 151 158 160 162 164 166 167 170 172 179 183 
188 192 200 
61
2 4 5 6 12 15 20 21 25 32 40 47 
49 51 52 53 56 58 61 73 74 75 78 79 
80 84 86 87 89 90 93 95 101 104 108 113 
114 118 119 122 123 130 133 139 140 147 158 159 
161 163 166 168 174 177 178 187 191 193 195 199 
200 
59
3 4 16 20 24 27 33 35 36 39 40 43 
45 55 57 58 61 73 74 85 91 93 95 96 
97 100 101 106 109 110 111 117 120 121 125 129 
132 144 145 148 150 151 162 165 169 174 175 177 
178 179 180 181 183 185 186 187 188 189 199 
60
4 6 7 11 12 15 19 21 23 29 30 36 
45 50 51 52 54 57 58 67 70 75 78 84 
88 89 90 93 97 106 108 113 114 117 119 120 
125 129 133 139 144 149 153 157 158 160 161 166 
174 176 178 179 182 184 187 188 195 197 199 200 
49
4 18 24 35 39 40 41 43 61 67 73 74 
76 80 83 89 90 91 95 96 100 103 105 111 
113 117 121 123 125 128 133 136 147 148 152 153 
158 163 170 172 173 174 179 181 183 194 195 197 
199 
65
1 4 8 11 14 15 19 21 22 23 24 25 
32 38 45 55 57 58 59 61 66 67 69 70 
73 77 78 79 80 81 82 83 84 97 100 102 
104 107 108 109 112 114 115 119 121 124 125 129 
132 134 136 138 143 151 152 153 155 157 164 175 
179 180 189 195 197 
59
1 5 6 7 11 14 18 24 26 27 31 38 
41 47 49 51 52 54 57 60 66 68 70 72 
77 86 91 92 100 101 102 110 111 112 115 116 
119 124 129 130 135 139 140 141 144 146 148 151 
152 153 155 157 159 176 183 184 194 196 198 
61
1 5 8 9 12 16 17 21 23 33 34 36 
42 43 44 47 48 49 56 60 61 62 69 70 
81 82 84 85 88 90 95 96 97 100 103 106 
112 113 117 122 124 125 132 138 141 142 144 146 
147 154 158 164 167 168 172 177 188 191 192 196 
200 
66
4 8 13 14 15 17 18 19 22 26 31 36 
38 42 45 50 51 57 60 62 63 64 68 70 
76 78 79 84 87 91 96 100 105 107 111 114 
117 119 121 122 123 125 133 134 139 141 142 143 
146 148 150 153 154 157 158 161 162 163 175 177 
180 181 195 196 197 198 
55
4 5 6 8 14 18 20 24 30 31 34 42 
51 52 53 54 62 72 73 75 81 85 88 90 
91 96 101 104 106 110 113 115 116 117 120 121 
125 127 140 147 151 159 164 165 168 169 170 171 
176 178 181 183 185 191 200 
55
6 13 16 18 24 27 28 31 33 38 39 40 
42 47 49 50 56 63 64 65 76 79 83 85 
86 90 91 92 94 95 99 100 103 108 119 120 
121 127 132 134 139 140 149 152 155 156 157 164 
169 171 173 174 179 196 197 
50
6 7 10 16 18 27 34 36 41 43 44 45 
49 50 53 54 57 58 59 60 61 67 69 71 
76 79 81 85 86 93 102 106 108 109 110 118 
123 137 141 144 147 148 150 164 166 168 176 182 
191 195 
50
2 4 8 11 15 16 18 23 24 25 29 32 
35 38 40 49 58 60 69 70 78 80 89 95 
96 101 106 110 114 117 119 125 133 140 142 143 
147 148 154 156 160 164 171 172 174 175 176 187 
197 198 
61
2 3 4 6 23 24 25 26 29 30 31 35 
38 40 41 44 45 46 50 51 54 56 58 60 
61 70 72 75 91 97 100 112 116 118 120 128 
131 133 137 138 139 141 144 145 154 156 158 163 
165 167 171 172 174 180 181 183 187 192 193 194 
196 
61
3 4 7 8 12 14 17 19 21 22 27 28 
30 32 36 38 40 42 43 46 47 51 53 56 
64 71 75 81 87 90 93 96 97 107 110 111 
115 116 117 120 125 132 137 145 152 154 156 160 
163 164 167 169 170 172 173 177 179 181 183 192 
198 
43
1 3 5 9 24 26 32 34 44 46 52 54 
57 58 61 64 75 79 82 93 97 103 109 116 
117 118 120 133 139 142 143 146 147 149 158 161 
169 174 175 179 183 190 197 
83
1 2 3 5 6 7 8 12 13 14 16 17 
18 19 21 23 27 28 29 34 36 37 41 45 
48 53 55 61 62 63 64 65 66 67 70 72 
85 91 93 94 96 98 100 108 110 114 115 118 
119 121 122 125 126 130 131 133 134 138 140 145 
146 147 148 150 152 153 154 155 159 161 175 176 
178 179 180 181 184 185 187 189 190 191 198 
62
4 6 16 20 27 30 31 38 40 41 43 44 
49 52 55 56 58 59 64 68 71 73 74 76 
77 83 87 88 91 94 95 98 107 109 112 113 
118 125 127 128 132 133 134 137 139 140 143 144 
145 147 154 157 158 160 165 166 170 183 188 194 
196 199 
58
2 5 8 10 11 12 14 18 28 36 43 45 
50 55 58 61 62 66 71 73 75 81 84 93 
94 100 107 110 115 121 122 126 129 131 134 138 
139 140 141 145 146 147 150 154 160 161 163 165 
171 176 183 184 185 193 195 197 198 199 
62
4 7 8 10 17 18 21 26 27 31 32 33 
34 40 46 47 49 54 58 59 74 77 79 81 
92 93 94 97 100 101 105 110 114 115 120 127 
129 130 133 134 136 139 143 145 150 155 156 159 
160 163 169 172 173 175 177 178 180 182 183 190 
192 195 
54
1 2 3 7 10 15 18 20 21 22 26 29 
30 31 32 44 45 47 50 56 61 72 73 74 
77 80 84 85 90 91 94 100 105 109 110 111 
115 120 124 127 131 142 148 149 152 160 162 164 
169 170 171 183 195 198 
62
11 14 15 16 18 19 25 27 33 34 37 38 
39 51 57 59 62 64 68 69 70 71 73 74 
76 77 78 87 89 90 91 93 95 96 97 98 
99 104 105 106 115 117 118 120 122 123 131 132 
137 140 141 145 148 151 152 153 157 160 161 171 
181 184 
62
4 5 7 8 14 18 21 22 25 26 30 31 
38 39 41 45 47 50 52 60 63 65 68 70 
78 81 82 83 86 91 93 94 97 101 105 110 
111 112 117 121 122 123 124 126 140 145 146 149 
158 161 167 168 169 173 174 176 177 181 182 185 
189 200 
62
1 2 7 8 9 11 14 15 16 22 24 27 
28 30 33 35 40 41 43 52 54 57 58 71 
72 74 78 81 84 85 91 93 95 103 106 108 
114 115 118 120 121 124 128 132 142 147 150 152 
157 159 160 166 167 169 171 172 178 180 184 185 
193 194 
67
4 7 10 21 22 24 26 28 32 35 41 42 
47 48 52 54 63 65 66 68 73 76 80 86 
87 88 94 100 103 107 113 115 116 119 120 122 
124 126 127 128 134 138 141 146 150 151 152 154 
155 156 157 158 159 169 171 172 173 176 180 181 
183 184 188 189 191 193 198 
53
1 10 16 18 21 32 33 36 37 38 42 43 
44 45 46 50 57 58 63 71 73 74 75 77 
79 87 88 95 96 97 102 104 105 110 111 116 
121 134 143 144 151 153 156 160 172 174 175 176 
178 179 189 193 194 
55
3 9 13 16 18 19 22 23 24 27 32 33 
35 38 43 44 47 48 56 59 65 68 72 73 
74 78 80 83 84 87 88 98 103 105 111 115 
120 122 125 128 130 135 139 142 143 145 147 160 
166 168 172 180 186 187 198 
55
1 4 10 17 18 19 23 24 32 34 42 43 
47 51 52 53 54 55 59 65 67 73 74 78 
82 85 91 92 96 106 119 127 128 129 130 134 
136 143 146 150 154 155 156 160 161 164 172 174 
180 181 183 184 186 191 197 
58
4 5 10 12 16 20 33 38 42 43 44 47 
48 49 54 62 63 66 69 71 74 77 82 87 
88 90 92 95 99 106 109 111 112 113 118 124 
125 128 129 135 136 137 142 146 147 159 160 163 
176 177 178 180 182 187 189 191 192 194 
66
2 7 10 13 15 20 23 26 27 30 31 32 
34 35 36 38 40 42 51 52 53 56 57 60 
61 65 70 72 73 77 83 86 91 93 95 100 
115 117 123 125 126 128 129 130 132 133 134 135 
138 142 143 146 151 153 158 159 167 172 175 176 
178 180 184 186 198 200 
65
1 2 3 4 7 9 10 11 13 25 32 36 
40 41 42 44 46 47 49 50 56 58 59 60 
61 62 70 74 79 85 87 89 90 91 94 96 
98 101 103 105 108 109 113 115 117 125 130 131 
134 136 147 149 150 152 160 165 166 173 175 178 
181 182 192 193 200 
53
1 4 8 12 20 21 24 27 30 34 39 40 
43 49 51 54 57 58 60 61 64 67 68 69 
73 79 81 84 88 96 97 100 101 103 107 114 
122 131 142 143 146 159 163 165 166 170 175 176 
178 182 186 190 200 
58
4 6 9 12 14 16 27 31 34 35 37 39 
43 45 57 61 62 68 69 73 80 83 84 85 
97 98 101 104 107 112 114 115 118 120 125 128 
131 135 146 149 151 156 157 159 161 165 167 169 
172 175 178 179 183 187 195 197 198 199 
64
2 9 15 17 21 26 27 29 30 31 34 38 
42 43 45 46 48 55 62 63 70 72 74 77 
78 80 82 84 85 88 97 100 101 106 108 114 
116 117 127 128 130 131 133 138 142 144 145 146 
147 148 149 154 155 159 160 163 164 172 179 182 
193 194 195 196 
70
7 10 11 12 14 16 21 23 25 34 37 39 
47 48 49 50 51 52 56 58 59 63 67 68 
73 76 77 79 82 87 92 93 97 102 103 106 
109 113 114 119 120 126 127 133 136 138 140 141 
143 145 147 148 152 153 156 157 158 159 160 164 
170 171 172 174 177 184 188 189 191 194 
55
7 8 9 11 20 22 25 28 31 32 44 46 
47 52 59 62 63 71 73 75 77 80 85 86 
87 90 91 98 109 111 114 116 121 124 127 129 
133 137 139 141 147 149 151 154 159 165 171 177 
181 182 186 194 195 197 200 
58
2 8 15 19 20 23 24 25 28 29 32 33 
40 44 49 52 53 55 57 59 60 65 67 68 
76 89 90 93 103 104 106 107 108 109 112 115 
119 123 124 130 134 137 142 144 146 148 160 161 
162 169 173 181 183 185 186 187 190 200 
71
7 12 13 14 19 25 28 29 31 32 34 37 
38 40 44 45 46 47 51 52 56 57 65 67 
69 71 74 77 82 84 89 95 101 104 107 109 
111 120 122 123 124 127 128 130 131 134 135 141 
142 144 146 147 148 156 158 159 160 162 163 164 
168 169 172 174 177 181 184 185 188 189 200 
58
4 5 6 7 9 11 15 16 20 31 33 35 
44 53 54 55 57 59 63 64 65 70 77 79 
80 86 92 94 96 99 102 103 106 109 111 116 
117 122 130 134 141 148 152 156 157 159 161 164 
166 169 170 171 174 184 189 191 192 194 
63
2 7 11 13 21 25 31 34 35 36 43 45 
46 47 51 55 56 59 61 63 68 74 81 83 
86 92 93 94 100 101 102 103 106 107 108 109 
110 113 117 120 123 124 128 130 131 136 144 145 
150 152 153 157 159 160 162 165 168 171 181 184 
186 188 191 
54
2 3 6 7 8 10 12 14 20 22 23 29 
33 46 50 53 54 57 59 62 66 69 72 78 
79 80 83 86 94 103 111 123 126 135 138 141 
144 151 153 154 157 158 159 160 163 167 170 171 
173 174 175 185 191 198 
63
3 4 6 9 13 15 16 17 20 21 23 26 
32 42 55 60 62 71 72 75 76 77 78 79 
80 84 85 88 90 92 95 110 115 116 126 128 
129 130 131 132 133 134 141 144 145 148 151 153 
159 161 163 165 170 174 176 181 185 186 189 191 
193 199 200 
73
2 3 4 7 9 10 11 14 15 16 18 19 
22 29 31 32 33 36 42 43 46 47 48 49 
54 56 59 60 73 77 81 82 88 92 94 95 
99 101 105 106 113 114 115 118 119 121 123 125 
127 128 131 134 138 139 146 147 151 152 155 163 
167 168 172 177 180 184 188 189 191 192 196 198 
199 
72
3 10 13 15 16 18 20 24 27 29 34 35 
39 41 43 46 53 57 60 63 64 70 71 72 
74 78 79 82 83 84 87 89 95 99 102 105 
108 111 112 118 119 120 121 124 127 128 131 134 
136 138 140 141 146 152 153 155 157 158 160 166 
171 173 174 175 176 177 178 184 185 189 192 196 
42
2 3 17 20 23 26 45 49 50 55 58 69 
71 73 77 79 93 100 103 105 107 111 114 117 
119 127 135 140 142 153 155 163 166 172 175 185 
186 190 191 192 195 200 
70
1 2 6 16 21 24 25 30 35 38 44 50 
59 60 63 64 69 71 72 73 77 81 85 86 
87 88 91 93 99 101 102 105 106 109 110 113 
117 118 121 122 124 125 126 128 129 131 136 137 
138 139 141 144 148 150 158 160 161 162 163 165 
169 170 171 175 183 193 197 198 199 200 
59
4 9 11 12 13 20 22 26 30 31 34 35 
38 42 47 50 55 57 61 64 69 75 76 78 
81 83 85 86 100 102 104 112 113 118 120 122 
128 133 137 138 146 147 148 152 153 155 156 161 
164 165 169 177 178 182 184 187 190 191 195 
59
1 3 4 5 7 10 15 19 21 23 28 33 
38 47 52 54 57 61 62 65 68 73 75 77 
85 86 88 94 95 97 104 108 112 115 119 121 
123 125 126 128 134 143 153 161 162 163 165 167 
168 169 175 177 179 181 185 186 188 190 197 
58
4 5 6 8 10 11 15 21 25 26 27 29 
33 35 41 49 51 52 56 64 67 71 73 81 
82 86 89 92 94 99 103 104 105 106 107 109 
112 113 124 128 135 141 143 146 151 152 162 163 
166 170 172 173 174 176 177 185 186 198 
53
5 6 11 18 23 25 28 34 38 41 42 44 
45 48 55 58 59 61 62 66 68 70 71 73 
83 84 86 89 95 109 110 117 123 126 127 128 
129 130 131 135 140 147 148 149 150 168 170 171 
173 182 186 194 197 
56
5 13 14 15 17 19 24 29 30 34 35 37 
39 43 47 50 51 52 54 56 57 59 62 63 
64 65 67 71 72 73 81 86 87 88 92 94 
98 109 111 114 118 123 125 127 148 149 152 153 
155 158 161 163 181 183 188 196 
47
8 9 11 20 21 22 30 34 35 41 44 56 
68 81 84 86 91 97 99 103 107 110 116 118 
119 130 131 132 134 136 137 139 148 156 166 172 
173 177 179 181 183 184 189 191 194 197 198 
65
1 4 11 14 16 18 22 23 32 36 37 39 
43 47 56 57 58 59 64 72 73 76 77 78 
81 82 85 86 93 94 96 97 98 103 105 106 
107 108 111 115 117 124 126 127 129 134 136 138 
139 141 142 144 148 152 162 163 172 173 177 178 
179 180 182 192 200 
62
1 9 13 16 26 28 34 38 39 40 44 46 
48 49 50 51 62 64 66 69 74 77 78 80 
83 91 92 97 100 101 102 103 104 108 111 113 
115 127 131 136 137 145 150 153 154 156 158 161 
162 166 167 168 174 177 179 184 187 194 195 197 
198 199 
53
3 11 14 19 21 30 31 33 35 38 41 49 
51 61 63 67 68 74 85 92 93 97 106 114 
115 117 125 127 135 136 147 150 151 152 154 155 
160 165 166 171 176 180 182 184 187 188 190 191 
195 196 197 198 199 
65
1 13 14 16 18 19 21 22 24 31 34 37 
43 50 51 54 55 59 61 63 66 72 76 77 
82 83 86 96 99 102 105 109 116 117 119 130 
136 141 142 143 147 151 152 153 154 157 158 160 
163 166 168 169 170 173 177 180 181 182 189 192 
193 194 195 196 197 
57
2 3 7 8 12 16 19 20 21 22 26 30 
31 39 42 45 47 49 50 58 60 62 63 64 
66 71 75 88 89 94 96 101 107 109 117 122 
124 126 127 132 134 137 139 149 162 164 165 168 
179 180 184 185 187 190 191 194 198 
52
9 17 18 19 21 27 30 32 35 36 39 40 
43 44 48 52 53 56 57 60 63 66 72 75 
80 83 84 87 90 91 98 103 105 118 126 141 
145 147 152 156 157 163 168 169 170 174 176 179 
181 186 189 196 
66
8 12 13 15 16 24 27 29 34 44 46 53 
55 56 60 62 64 66 73 74 79 80 83 87 
89 95 96 97 102 103 105 107 110 112 115 116 
119 123 127 129 131 133 136 137 139 140 143 145 
146 147 148 153 157 158 162 163 164 169 174 178 
182 183 187 190 194 197 
64
3 4 8 13 14 15 24 26 29 30 36 37 
39 43 44 46 48 49 51 58 62 67 68 69 
74 75 81 83 84 86 87 94 97 100 105 110 
111 114 115 116 117 119 123 126 134 136 145 146 
151 153 156 159 162 166 167 172 179 185 189 190 
191 192 195 197 
74
11 17 18 19 22 23 24 27 29 32 36 37 
39 40 41 44 45 47 48 52 54 55 58 64 
65 67 76 81 82 84 89 95 96 99 102 103 
104 106 107 111 112 116 118 119 120 123 127 129 
131 134 137 142 145 150 153 154 155 157 162 166 
168 171 172 173 175 182 183 184 185 187 189 190 
197 200 
60
4 8 10 16 17 20 25 27 31 33 35 41 
47 52 57 59 65 74 76 80 81 82 89 92 
100 101 102 117 120 121 125 127 128 134 137 138 
141 144 145 147 148 153 155 156 157 161 165 168 
171 172 173 174 182 184 185 188 189 191 192 199 
63
5 6 14 16 18 20 21 23 27 29 32 36 
37 40 46 49 56 61 65 67 70 71 74 77 
79 80 82 88 90 92 93 94 97 100 107 114 
121 124 126 128 129 133 141 142 143 147 150 152 
155 158 159 160 164 167 168 169 170 172 174 175 
183 191 198 
62
4 6 8 12 16 18 22 25 28 36 38 39 
46 51 61 63 64 65 66 70 72 74 75 77 
79 80 86 88 90 91 93 94 95 98 101 104 
111 113 114 118 119 120 121 137 140 143 147 153 
155 159 163 169 172 173 175 181 182 183 186 188 
190 195 
64
1 4 7 14 15 19 21 23 27 29 30 36 
37 39 40 42 52 56 58 67 69 70 71 73 
75 77 78 80 81 82 84 85 86 90 102 106 
110 113 124 132 134 135 141 142 144 145 148 152 
156 158 162 166 169 171 173 180 183 186 188 192 
193 195 197 199 
64
15 17 20 21 25 35 36 44 48 51 55 57 
61 62 63 73 74 75 76 78 80 84 85 88 
89 91 92 94 95 103 104 108 109 116 118 119 
121 124 127 131 133 137 141 148 150 152 153 161 
164 165 167 169 173 178 180 182 183 185 188 190 
192 194 196 199 
58
2 5 6 8 11 13 17 20 22 24 31 34 
37 38 39 42 45 48 50 54 56 63 69 74 
76 78 83 86 87 89 91 96 97 98 100 101 
102 103 106 108 115 118 121 123 128 131 132 134 
137 150 154 155 157 167 191 192 198 200 
66
5 9 11 13 14 16 17 19 21 25 28 32 
34 35 39 40 42 44 51 52 58 64 65 67 
68 69 70 74 75 76 78 82 86 88 92 95 
96 103 104 105 106 109 110 117 121 123 126 136 
140 143 145 150 157 159 162 165 166 173 174 176 
179 183 184 195 196 197 
52
5 6 7 9 12 16 21 22 31 32 40 41 
43 46 48 55 59 68 70 72 74 76 84 86 
91 94 95 98 99 102 103 108 112 115 122 124 
132 138 146 148 153 155 157 159 160 168 171 182 
185 191 192 199 
58
1 3 12 18 22 30 34 38 39 40 45 47 
50 54 55 65 72 76 77 79 85 86 90 91 
92 93 97 98 99 104 106 109 110 112 118 124 
127 128 133 137 145 146 147 149 151 159 163 168 
169 171 175 178 181 182 183 185 191 192 
64
3 4 5 11 17 21 22 23 25 29 30 31 
35 38 45 50 57 70 77 81 85 87 88 89 
91 98 102 103 109 112 113 114 116 117 119 121 
123 124 137 138 140 144 145 148 151 162 163 165 
170 171 173 174 177 180 181 182 183 184 186 191 
193 195 196 200 
67
2 3 6 8 12 18 19 20 21 23 26 27 
29 30 31 40 44 48 50 51 58 59 60 64 
67 68 70 73 75 76 78 80 83 85 87 95 
98 100 103 105 107 110 111 112 115 116 118 119 
121 125 128 132 135 143 153 156 157 158 160 162 
169 175 178 180 185 186 196 
64
10 14 15 20 24 29 33 35 37 42 45 50 
52 55 62 63 65 66 67 69 71 72 74 78 
82 83 84 86 88 92 93 97 99 102 109 113 
116 120 123 124 127 131 134 135 138 139 140 143 
144 146 150 158 160 162 165 172 173 177 181 188 
189 193 194 195 
51
1 3 5 16 22 23 24 31 33 36 38 40 
42 44 49 51 55 59 64 65 70 71 72 74 
76 87 91 92 99 105 107 108 114 118 121 123 
124 126 146 147 152 158 162 171 177 186 187 188 
191 192 196 
61
2 6 8 11 12 20 21 22 24 28 29 31 
32 33 35 37 39 43 44 46 47 51 52 61 
64 68 70 72 76 80 82 84 94 101 106 112 
119 123 125 130 131 134 135 140 145 148 149 152 
153 154 157 160 161 166 170 173 183 188 192 194 
199 
61
6 8 9 11 13 15 17 19 22 24 30 32 
42 46 52 53 55 57 58 59 61 67 68 69 
72 74 76 77 85 87 89 90 96 99 106 108 
112 119 129 130 131 134 137 142 143 154 156 157 
158 160 166 168 170 172 181 184 185 186 187 192 
193 
63
2 12 16 17 18 22 28 30 33 35 37 39 
40 43 46 50 51 54 57 59 60 61 62 73 
77 82 84 93 95 101 102 105 109 111 119 124 
131 133 137 140 143 144 145 147 150 157 159 161 
167 168 169 173 175 180 183 184 185 189 190 191 
192 193 198 
60
4 13 15 19 25 28 31 33 40 43 48 49 
50 55 58 60 66 69 70 72 75 83 90 91 
92 98 99 100 112 114 116 117 119 120 121 124 
125 129 132 135 136 137 139 140 148 150 153 161 
163 173 176 177 178 180 181 183 184 186 187 188 
52
2 3 10 13 15 18 22 26 29 30 34 35 
38 39 44 47 59 85 89 93 94 95 96 107 
111 114 121 124 127 139 142 143 145 146 149 150 
156 159 165 167 171 172 173 175 177 178 179 189 
190 192 194 200 
60
1 8 10 11 14 23 26 28 33 34 40 43 
45 50 53 61 63 65 68 70 72 74 77 80 
82 88 93 96 99 106 107 118 119 120 121 124 
125 127 132 135 137 143 147 150 153 156 158 159 
161 167 170 173 176 178 179 184 187 188 189 197 
65
1 2 9 10 11 17 20 22 23 24 26 29 
30 31 38 39 41 43 46 51 57 61 63 67 
68 73 79 84 85 91 94 96 98 100 106 110 
117 119 131 132 134 136 139 142 149 153 154 156 
158 161 165 166 167 171 174 176 177 180 184 185 
188 189 196 198 200 
70
1 3 5 13 16 20 21 24 25 26 27 29 
32 39 40 41 42 48 51 53 56 59 61 64 
65 70 74 76 86 90 91 96 100 101 106 108 
110 113 117 120 121 123 130 135 136 137 139 147 
148 156 159 160 161 163 168 169 171 176 177 178 
179 180 184 185 186 188 190 191 192 194 
67
2 5 6 7 8 9 12 13 14 22 23 25 
34 35 36 38 39 42 43 44 45 50 51 52 
59 63 66 70 71 80 83 85 89 92 94 97 
100 102 104 105 114 115 120 121 125 126 132 133 
135 136 137 138 139 140 145 152 156 158 161 166 
176 179 180 184 185 199 200 
67
1 2 6 8 10 13 15 18 20 21 25 30 
34 43 48 49 50 52 53 54 55 56 57 58 
68 70 71 74 75 76 77 79 84 86 88 89 
93 100 101 102 105 107 109 111 113 114 129 131 
132 136 138 139 147 148 150 151 155 158 159 160 
167 169 181 182 183 184 200 
61
6 7 8 9 10 14 24 27 29 31 32 34 
41 42 48 49 52 54 55 57 67 68 71 73 
74 76 82 83 87 90 91 95 96 97 102 104 
106 109 113 119 123 126 129 133 134 136 143 145 
148 155 157 163 166 167 172 174 175 176 192 193 
199 
62
2 3 15 22 23 25 29 31 33 36 37 38 
40 45 47 49 55 56 64 65 67 71 77 79 
81 83 88 91 97 98 99 103 104 105 108 110 
112 114 115 117 118 120 123 136 137 142 144 146 
152 155 164 167 170 172 176 181 182 191 192 193 
194 200 
50
3 4 8 13 16 17 18 31 41 42 44 50 
55 58 63 66 73 74 75 84 89 96 98 111 
115 116 125 127 129 130 131 137 140 146 148 158 
160 161 163 164 165 166 168 181 183 185 186 187 
192 197 
64
3 7 8 12 18 20 23 25 31 34 37 39 
40 41 42 45 50 51 53 59 63 69 72 80 
85 87 92 93 102 105 106 107 110 114 122 123 
126 127 128 132 133 134 135 139 141 142 143 144 
148 150 152 156 159 163 167 169 172 174 179 181 
188 189 199 200 
58
3 4 5 8 24 31 34 36 42 44 49 50 
54 56 61 62 65 74 80 83 90 92 94 96 
97 98 99 107 111 115 116 120 123 124 127 130 
132 135 150 151 154 161 162 165 167 169 171 173 
174 177 179 183 184 187 193 194 197 199 
58
6 7 15 16 18 20 21 26 27 29 31 40 
43 46 50 59 60 62 66 72 76 77 78 79 
86 87 91 106 107 108 109 110 111 116 119 120 
123 125 127 129 131 133 135 140 141 144 151 157 
158 163 167 168 171 182 184 185 191 197 
72
1 2 10 13 15 19 20 22 25 26 27 28 
33 34 38 42 45 46 47 50 53 57 59 64 
68 70 71 77 78 79 80 83 84 87 92 93 
97 98 107 108 109 110 112 115 116 121 127 129 
137 140 141 142 146 149 150 152 153 155 156 158 
163 166 171 172 176 177 179 182 187 189 193 198 
63
6 7 8 9 12 17 18 21 28 31 32 33 
36 37 38 40 48 56 57 58 64 70 71 76 
79 81 86 91 92 96 99 101 108 109 110 111 
116 118 119 124 126 131 133 134 136 137 139 140 
143 154 159 167 170 171 177 180 182 183 185 186 
192 196 199 
58
4 6 7 11 15 18 29 30 35 42 43 45 
47 49 52 57 59 63 64 68 72 73 85 90 
94 97 104 106 107 109 110 114 120 121 130 136 
138 144 145 148 152 153 155 156 163 164 165 166 
172 175 177 178 181 182 192 193 194 199 
52
4 9 19 21 23 31 33 34 35 38 41 54 
55 57 62 63 66 80 83 84 86 87 89 93 
97 100 108 110 111 128 130 135 136 138 142 143 
147 151 158 159 163 164 169 171 177 180 185 192 
194 196 197 200 
44
2 6 8 13 14 26 30 37 38 50 56 60 
61 63 69 77 80 83 85 88 89 104 106 114 
116 117 119 123 128 145 148 150 160 162 164 167 
169 171 173 176 184 189 192 194 
73
1 2 6 9 11 15 17 20 22 23 25 27 
29 33 34 36 38 40 41 48 51 56 61 69 
70 72 76 77 79 81 85 97 98 101 102 103 
105 108 109 110 111 112 119 120 121 123 124 130 
131 135 136 140 142 143 148 154 156 158 159 160 
161 163 164 165 168 175 178 179 182 184 187 198 
200 
54
3 4 10 14 16 18 27 28 32 39 43 44 
46 47 56 62 64 65 68 72 73 79 83 85 
89 90 92 93 96 101 109 112 114 117 135 139 
143 145 146 149 154 156 158 160 161 169 171 172 
177 180 192 194 196 199 
63
2 5 10 13 16 17 18 19 24 29 30 33 
39 40 43 44 45 51 57 61 62 68 69 70 
78 80 86 89 91 92 93 101 103 105 108 109 
110 113 114 118 120 121 122 125 133 134 141 142 
157 158 161 164 165 166 169 172 174 177 180 182 
190 191 199 
60
1 5 8 9 10 12 14 16 20 21 24 27 
28 29 32 41 43 46 49 54 62 63 65 66 
75 76 80 83 86 87 88 91 92 100 104 107 
108 114 115 117 122 124 127 129 133 137 139 153 
158 160 162 165 171 173 174 177 178 180 188 199 
51
8 23 29 30 40 48 49 51 54 55 64 66 
69 70 95 96 98 100 101 102 105 106 110 111 
112 117 120 121 126 130 134 136 138 145 146 147 
151 157 158 159 168 169 172 173 179 180 181 185 
193 199 200 
68
4 5 7 10 11 12 14 15 19 20 21 22 
24 28 30 31 33 36 38 42 44 51 53 54 
56 59 62 66 71 72 79 83 88 93 99 101 
103 104 108 112 114 115 120 124 126 127 132 140 
141 143 150 153 157 160 168 172 173 174 177 179 
180 182 186 188 190 192 195 197 
59
6 16 17 21 23 27 29 34 41 44 45 46 
48 49 50 53 59 67 68 73 75 76 80 81 
83 84 88 89 91 93 95 96 97 100 106 108 
109 111 115 125 126 128 130 134 135 136 141 151 
153 154 161 164 183 184 185 191 194 198 199 
63
3 10 11 21 23 25 28 29 30 31 34 35 
42 49 53 59 63 65 72 73 76 77 81 87 
89 90 91 94 95 96 97 102 116 119 122 124 
125 128 131 132 135 136 137 144 151 154 156 160 
162 163 164 165 171 175 176 179 180 183 184 189 
191 194 196 
64
1 4 5 7 9 15 17 19 21 22 25 27 
28 29 30 39 44 50 51 57 58 61 66 68 
71 72 75 76 77 79 81 83 86 87 94 97 
99 100 103 104 105 106 112 116 122 127 129 132 
136 140 141 143 149 151 152 155 163 165 166 168 
173 188 198 199 
54
2 4 5 9 12 22 28 29 34 35 39 45 
48 49 60 63 68 73 77 79 80 85 86 88 
90 94 105 107 109 113 115 116 117 125 129 130 
137 139 149 154 160 162 168 169 175 176 181 187 
191 193 195 196 197 199 
60
6 8 11 12 15 17 19 25 29 35 39 40 
41 42 47 48 55 58 59 62 63 66 72 74 
76 77 79 80 84 85 86 91 92 97 98 120 
121 128 131 133 134 136 138 140 142 143 148 153 
156 164 172 176 178 179 186 192 193 197 198 200 
54
8 9 11 18 20 21 23 30 33 38 39 56 
57 58 59 60 62 63 72 76 79 81 83 89 
90 94 96 97 104 106 113 114 116 117 121 122 
123 128 130 137 141 144 146 160 161 176 182 184 
185 189 191 192 197 199 
51
6 7 11 13 20 24 28 31 40 42 50 51 
60 62 65 67 69 70 78 80 81 84 85 94 
98 100 102 107 111 118 123 127 129 131 132 137 
138 141 143 147 155 156 168 173 174 178 181 182 
186 190 198 
54
2 3 6 8 12 13 16 21 24 26 28 29 
32 39 42 44 50 51 54 55 57 66 72 75 
77 85 86 88 100 101 104 105 106 114 120 127 
129 130 134 135 136 140 142 143 155 157 167 170 
178 180 188 190 196 197 
67
2 6 9 10 12 16 20 25 27 28 37 38 
39 40 42 44 45 51 54 61 64 66 67 72 
73 74 76 78 80 82 84 88 90 96 105 106 
107 111 118 119 127 133 134 141 146 147 149 153 
154 158 159 162 163 168 169 170 171 174 178 181 
182 183 186 189 193 195 196 
63
1 3 7 9 14 17 18 19 20 21 32 33 
40 42 45 47 48 50 51 52 55 56 65 67 
70 72 84 86 92 94 97 102 111 112 114 115 
116 120 121 124 125 126 130 132 134 138 139 140 
154 160 162 168 174 176 179 181 182 186 190 192 
193 195 196 
54
1 2 4 7 9 11 14 15 18 19 28 29 
30 42 45 50 57 58 59 64 68 69 78 79 
82 84 87 94 104 106 109 110 111 113 119 122 
127 130 144 145 148 149 150 154 159 169 172 177 
178 190 191 192 193 194 
54
5 11 21 22 23 27 29 35 43 44 51 56 
57 64 66 74 75 84 85 86 88 89 90 91 
104 110 111 113 118 121 128 132 133 134 136 140 
144 146 147 154 156 163 165 171 173 178 180 181 
186 187 189 191 193 195 
60
1 2 3 14 15 17 21 24 27 33 39 41 
43 45 46 51 52 53 56 57 58 66 71 77 
80 82 83 87 94 96 97 98 99 102 106 108 
109 113 121 122 123 125 132 133 139 142 145 148 
150 155 158 163 164 176 180 181 182 190 191 193 
53
3 5 9 11 16 18 23 36 37 39 49 51 
56 63 66 69 71 80 82 85 87 93 99 103 
105 112 118 122 127 128 131 137 140 141 143 145 
159 160 162 173 174 175 178 179 183 184 189 191 
192 194 195 196 200 
63
2 4 5 14 15 20 22 23 25 28 29 34 
36 38 39 41 42 44 45 48 51 52 53 56 
60 62 65 66 75 79 85 91 92 96 101 102 
109 110 111 116 118 121 132 135 138 141 150 151 
155 158 159 161 163 164 165 168 169 170 175 180 
189 192 198 
68
3 7 9 12 13 14 19 20 23 27 30 32 
33 34 41 45 56 59 65 66 68 71 74 76 
77 78 81 84 86 91 92 93 95 97 99 102 
106 107 113 121 125 126 127 129 131 133 136 137 
139 148 149 150 154 155 157 158 159 162 163 168 
170 171 180 182 183 190 196 197 
66
3 4 9 11 14 17 20 21 23 25 27 29 
31 32 34 42 50 51 52 53 54 56 59 61 
63 64 66 69 73 74 80 90 91 92 99 102 
105 110 116 118 124 129 130 133 135 137 140 142 
146 147 148 149 150 153 158 161 163 166 168 171 
173 177 190 191 193 194 
60
1 5 8 9 14 26 29 31 34 37 38 39 
45 46 50 53 56 58 72 73 78 81 82 83 
85 90 91 93 95 100 104 105 108 109 110 116 
117 125 126 129 134 136 144 145 151 152 159 160 
161 164 168 178 187 189 190 191 193 196 197 200 
58
3 8 20 24 28 31 40 41 42 43 46 50 
52 55 64 66 67 70 72 73 74 79 81 82 
88 89 92 96 97 106 109 110 112 116 117 121 
126 127 128 135 140 148 149 155 159 160 162 168 
172 176 178 179 180 181 182 186 190 196 
67
11 12 15 19 22 25 26 27 30 32 33 34 
37 42 45 52 56 57 58 64 65 70 73 78 
80 83 86 92 95 98 99 100 103 104 118 120 
121 124 125 130 133 137 138 139 140 142 146 151 
152 153 159 162 165 169 170 171 174 176 178 182 
188 189 190 191 192 194 198 
53
9 12 13 21 22 23 25 27 30 31 32 34 
35 36 39 49 52 53 61 68 69 74 76 77 
78 80 81 90 95 97 106 108 111 121 122 127 
135 141 142 144 153 164 165 168 171 178 179 183 
184 186 196 198 200 
72
3 8 9 11 12 14 15 16 18 20 25 26 
29 31 32 33 35 40 41 43 46 47 51 54 
56 62 65 69 73 75 78 79 80 81 83 84 
89 92 95 105 106 121 122 123 126 127 130 132 
137 140 141 142 152 153 157 161 163 170 172 175 
179 181 182 184 187 188 189 190 191 193 194 197 
59
1 5 6 7 10 12 15 18 22 23 24 25 
26 30 31 37 41 42 43 44 47 48 49 56 
57 59 72 73 74 77 79 82 83 84 88 92 
100 105 106 107 109 115 117 118 126 127 128 129 
141 143 168 180 182 183 184 186 189 191 194 
57
11 14 18 21 22 29 33 35 41 42 45 49 
51 54 55 59 62 64 72 81 83 91 92 100 
103 104 107 108 109 117 121 122 124 128 131 132 
140 144 147 152 155 156 157 161 162 174 178 180 
182 183 185 186 188 195 197 198 199 
66
2 4 8 9 10 13 17 20 26 30 32 34 
35 36 38 41 42 48 49 50 52 62 64 65 
66 67 68 73 75 80 82 90 96 101 103 106 
112 114 115 123 130 131 133 134 136 138 140 142 
144 145 151 153 158 159 164 166 168 171 177 181 
183 185 186 192 193 195 
61
1 6 16 17 18 28 30 34 40 42 44 47 
48 50 51 58 59 70 72 75 76 77 81 88 
91 93 97 99 101 104 109 110 112 113 114 117 
119 130 132 134 138 141 144 147 150 151 152 154 
166 173 177 179 180 181 182 185 186 188 192 198 
200 
56
14 15 17 19 25 26 29 31 33 36 43 45 
49 51 52 56 59 60 62 64 72 76 79 81 
83 88 89 90 93 94 97 99 101 103 112 116 
118 119 122 127 128 129 133 141 145 148 159 163 
165 167 170 171 174 175 188 189 
56
5 14 19 21 25 28 29 34 39 40 47 49 
50 51 54 67 69 72 81 82 83 87 93 98 
100 101 105 106 108 109 118 127 129 133 134 135 
138 140 147 148 150 159 163 169 170 173 174 178 
180 181 186 187 188 191 194 195 
65
3 10 12 16 17 18 24 29 30 36 39 40 
47 50 51 54 56 58 65 67 68 69 74 77 
79 80 82 83 84 86 90 93 96 102 104 106 
109 112 119 120 122 124 125 130 131 136 139 145 
152 153 158 168 172 173 174 179 180 181 182 185 
189 193 195 198 199 
71
4 8 9 12 14 16 18 22 24 25 27 32 
39 43 46 47 54 55 60 65 67 68 69 74 
76 84 85 89 90 92 93 95 96 99 100 102 
103 104 105 106 108 110 113 114 117 120 124 130 
135 136 138 139 140 144 146 147 154 156 163 171 
174 176 179 181 184 185 188 191 196 199 200 
61
1 2 3 8 15 18 20 22 24 29 33 34 
36 40 46 47 48 53 55 61 62 66 67 73 
76 78 79 88 92 95 97 99 102 104 105 107 
109 110 111 120 124 125 130 132 145 147 154 156 
157 160 163 166 169 177 182 186 188 191 195 196 
197 
57
8 9 11 13 18 19 23 27 30 32 33 38 
40 45 48 51 53 58 59 64 72 74 76 77 
82 88 91 95 96 107 109 112 113 114 117 118 
119 123 126 129 146 149 150 151 152 159 164 176 
177 178 180 181 188 191 195 197 198 
69
3 8 12 20 24 26 30 32 35 36 38 42 
43 46 47 49 53 56 57 59 61 62 65 68 
71 79 80 83 87 89 90 93 95 98 99 100 
102 105 107 108 109 110 112 113 119 123 126 133 
140 145 148 151 152 155 156 157 166 167 169 171 
173 174 175 182 183 186 190 192 193 
54
1 2 7 12 14 15 19 25 35 38 45 55 
56 57 61 62 67 68 77 85 87 89 92 95 
101 103 115 116 120 121 133 136 138 141 143 145 
146 149 152 155 156 163 166 169 173 177 179 180 
182 183 184 191 199 200 
64
5 6 7 10 11 13 16 17 18 19 20 21 
29 35 38 40 41 44 46 55 58 59 61 66 
68 69 71 73 75 76 82 86 87 91 92 100 
101 103 108 110 111 120 122 123 125 133 137 138 
145 150 153 156 157 169 172 177 179 182 189 192 
193 194 198 200 
58
8 12 15 23 24 26 33 39 48 51 53 56 
57 59 62 65 68 71 76 78 79 81 90 92 
93 102 104 105 106 117 120 121 129 132 133 136 
137 140 144 145 147 148 153 156 162 165 166 167 
173 174 175 182 183 188 189 197 198 200 
67
4 7 10 11 15 17 19 20 32 35 36 38 
40 42 49 56 60 65 66 68 69 70 73 74 
75 76 77 78 83 90 96 98 105 107 110 113 
114 117 118 121 124 128 134 145 146 147 148 152 
153 154 164 166 168 170 174 176 178 182 183 184 
185 186 187 192 194 197 199 
52
3 5 14 23 31 33 34 35 46 50 53 55 
59 65 76 78 81 83 86 92 93 94 96 100 
104 105 109 114 115 116 117 120 123 124 129 132 
137 141 143 149 150 157 161 163 164 168 175 182 
183 190 191 192 
62
1 5 6 8 9 10 12 13 15 19 23 28 
30 32 39 40 48 50 59 63 65 66 72 75 
76 82 85 88 94 95 99 103 111 112 113 114 
117 119 130 133 135 136 137 139 145 148 150 153 
158 161 163 164 167 171 179 180 185 188 192 194 
196 197 
67
4 5 6 10 12 13 14 15 17 18 19 21 
24 25 28 30 31 32 33 40 44 46 47 50 
56 58 63 65 67 75 76 77 78 81 82 84 
86 88 91 92 95 98 101 108 110 113 114 118 
130 133 137 138 140 149 150 152 153 162 166 170 
177 180 181 189 191 194 196 
50
4 6 10 14 17 21 27 32 37 43 51 54 
68 77 84 92 94 95 101 104 106 107 109 111 
115 116 120 121 122 131 132 133 135 137 138 146 
147 151 153 163 167 171 172 179 181 189 192 193 
195 196 
59
5 7 19 24 25 28 29 32 38 41 42 48 
53 57 59 60 62 68 75 78 83 84 88 89 
92 96 101 103 107 111 113 114 116 117 119 121 
123 125 126 128 129 130 134 144 148 149 152 156 
157 161 168 170 171 174 176 182 187 193 195 
49
2 5 9 10 13 16 18 22 27 30 35 37 
41 44 52 58 59 61 63 64 71 76 80 84 
87 88 89 100 109 110 112 113 121 126 131 145 
154 156 157 165 169 172 175 187 189 191 192 197 
200 
70
7 8 9 11 13 16 17 18 19 20 21 24 
26 29 31 36 42 44 50 52 62 63 66 67 
71 74 75 76 81 83 84 85 92 95 96 101 
103 106 112 113 114 117 123 124 126 129 130 132 
134 141 144 149 150 151 152 159 160 166 167 172 
175 176 177 178 182 184 189 193 199 200 
58
4 8 14 15 16 18 20 22 23 27 40 44 
47 50 60 66 70 72 75 76 77 78 84 87 
95 97 108 109 111 115 122 124 125 126 128 129 
131 134 139 140 142 144 145 150 151 154 155 163 
168 172 178 181 185 190 193 195 198 199 
61
7 10 13 16 18 22 23 25 26 28 37 38 
39 46 52 60 62 65 68 72 73 75 79 80 
82 85 92 93 97 99 102 105 108 110 112 113 
114 115 117 119 121 124 125 130 131 134 136 137 
139 140 147 150 162 168 175 177 185 192 193 198 
200 
66
4 6 9 10 14 15 16 18 21 25 26 28 
30 34 37 38 39 42 50 52 53 54 58 63 
70 76 77 80 81 83 88 94 100 101 107 108 
109 111 113 118 119 125 126 128 129 133 135 138 
145 155 157 162 163 167 173 176 177 178 179 189 
191 193 194 196 197 199 
52
1 2 11 15 23 25 27 28 31 33 35 36 
38 40 42 47 48 56 60 61 68 76 78 83 
94 107 108 110 111 113 116 123 125 126 130 134 
135 140 142 147 153 154 156 157 160 164 167 173 
175 180 187 200 
58
3 4 5 9 10 12 20 25 40 41 55 58 
59 60 63 65 67 78 80 83 84 87 88 89 
90 96 100 103 108 109 113 116 120 122 124 130 
131 134 135 139 140 145 148 152 154 156 157 158 
165 170 176 180 182 187 190 192 195 199 
54
7 10 11 14 16 17 21 22 23 25 27 29 
40 44 50 58 62 63 64 73 76 78 79 81 
82 86 89 93 94 101 109 115 120 122 126 127 
130 133 142 143 144 147 156 157 158 166 168 175 
176 181 192 195 196 200 
48
2 9 10 13 24 31 32 33 34 35 42 47 
65 66 71 75 77 80 81 88 94 96 97 101 
107 108 109 112 115 119 140 145 146 147 149 152 
155 156 161 168 170 172 174 183 186 191 195 196 
58
10 12 15 16 22 34 35 38 39 43 44 48 
52 55 56 57 59 63 65 68 69 71 74 75 
77 79 80 83 87 88 93 94 106 108 109 114 
115 116 119 120 121 131 138 140 142 145 155 156 
158 162 166 174 177 188 194 196 197 199 
64
1 2 8 10 15 16 20 30 35 37 55 57 
58 60 61 66 76 78 79 82 83 84 87 91 
93 98 100 102 105 111 118 119 120 123 125 126 
130 131 132 135 138 139 140 142 147 152 156 157 
160 161 169 171 172 173 182 183 184 186 188 189 
192 194 198 200 
58
2 3 5 7 9 15 20 22 24 38 40 44 
51 52 53 56 65 66 68 71 76 81 84 88 
90 91 92 99 101 104 105 112 120 121 126 128 
130 131 133 134 136 137 144 145 152 153 160 164 
165 166 170 177 179 180 183 189 193 194 
56
6 8 10 12 13 14 16 18 20 22 26 41 
46 50 53 54 57 59 63 70 74 75 80 81 
89 92 96 98 100 108 109 110 112 116 119 121 
124 132 140 148 155 157 159 164 166 167 173 174 
175 178 183 184 186 192 193 198 
69
6 12 16 24 25 26 28 30 32 33 35 36 
39 47 51 52 56 63 68 77 78 79 80 86 
87 89 90 92 93 94 98 100 104 106 107 110 
111 112 113 117 118 119 124 130 135 137 138 139 
145 148 157 164 166 171 172 173 174 175 176 179 
180 184 185 189 191 193 196 197 199 
54
1 2 3 12 17 19 22 32 34 35 41 43 
55 62 63 66 68 72 73 75 77 79 80 83 
87 89 96 99 101 104 108 112 113 117 119 125 
127 129 132 133 136 137 144 145 151 159 160 162 
164 169 170 171 183 198 
69
2 3 4 8 9 10 11 12 15 18 21 30 
31 36 37 38 40 42 46 48 52 54 56 58 
60 61 62 64 66 67 71 74 78 83 87 89 
90 96 97 105 106 107 113 116 119 120 127 128 
132 133 135 136 137 141 143 144 149 154 159 161 
164 165 171 179 180 182 185 187 194 
65
4 5 7 12 14 15 17 18 21 22 24 25 
26 32 33 38 40 43 44 45 47 49 50 54 
61 62 73 75 76 80 82 85 87 88 90 92 
99 100 102 103 108 110 111 114 115 117 118 121 
122 139 141 149 151 154 156 160 161 164 167 174 
177 190 191 196 200 
52
2 7 10 15 17 22 23 33 34 38 40 41 
45 48 52 53 57 59 63 69 75 79 82 88 
92 94 95 96 103 107 113 114 117 120 124 128 
130 136 139 140 143 146 154 161 164 166 171 172 
173 174 179 185 
62
2 3 5 10 11 19 24 26 28 29 32 36 
40 41 47 48 50 51 54 59 62 68 81 83 
87 89 90 91 94 100 104 107 108 112 117 118 
124 128 129 133 135 140 141 143 144 147 150 151 
152 153 158 160 163 164 165 172 173 179 182 184 
193 195 
67
1 3 4 5 6 10 11 13 17 18 28 33 
34 36 37 38 39 42 43 47 49 53 56 57 
65 70 77 81 82 91 94 97 98 99 100 105 
107 109 110 112 114 116 120 123 128 129 139 153 
154 158 161 166 168 170 171 173 174 175 181 182 
184 185 186 189 196 197 199 
54
1 4 5 10 18 25 27 30 31 36 41 43 
63 65 66 67 69 71 73 75 83 96 107 114 
117 121 122 129 131 139 143 149 150 151 155 156 
158 159 160 162 169 172 173 174 177 178 179 181 
183 186 187 192 195 196 
60
6 7 10 15 23 26 27 29 31 33 34 36 
38 39 48 57 58 63 64 68 72 82 87 89 
90 92 95 96 98 99 101 108 114 115 120 124 
127 128 129 131 132 134 135 138 139 140 141 144 
149 152 153 158 161 164 177 179 183 186 194 195 
53
2 7 10 19 27 32 35 40 44 46 50 51 
54 56 58 63 64 72 74 75 77 87 88 98 
108 109 111 121 126 130 133 134 138 140 141 145 
148 153 157 165 170 171 175 177 180 181 182 184 
186 187 194 195 198 
74
1 7 8 9 12 13 14 19 20 22 25 26 
27 31 33 34 39 40 42 51 55 58 59 60 
62 69 70 72 75 78 80 81 82 86 97 99 
100 101 104 106 107 109 110 113 115 119 122 127 
129 130 133 137 138 147 148 151 152 153 155 156 
157 162 163 165 168 171 182 183 184 185 187 190 
194 195 
61
3 10 12 15 17 24 27 29 31 35 36 37 
39 40 43 46 50 51 53 55 57 60 64 69 
70 75 79 82 86 87 88 92 94 96 98 102 
108 112 117 120 121 123 128 133 139 145 148 153 
155 158 161 165 173 177 178 183 185 187 190 196 
199 
54
2 5 6 7 14 17 19 21 27 37 38 41 
44 46 50 52 53 54 58 59 69 70 73 79 
82 83 84 86 101 103 109 120 128 129 131 138 
142 147 148 150 153 163 165 166 169 170 174 178 
180 184 187 192 196 199 
65
1 2 4 8 15 19 21 22 23 29 30 40 
42 43 44 47 49 50 51 56 57 59 61 63 
67 69 73 74 75 76 77 80 86 91 92 95 
96 101 103 104 108 110 112 113 120 122 123 124 
125 127 129 130 138 147 150 152 153 154 158 168 
175 177 186 192 196 
49
2 8 10 18 24 30 48 49 53 58 60 72 
75 76 80 87 88 89 92 94 98 101 103 104 
107 109 110 114 118 119 123 130 137 140 147 154 
155 160 162 163 168 171 182 186 188 189 192 193 
195 
67
3 4 8 18 21 22 23 31 33 35 37 40 
43 45 48 60 62 65 66 70 76 79 85 87 
89 91 93 94 95 100 103 104 107 110 111 118 
124 125 126 131 132 136 137 140 141 143 145 153 
156 157 159 160 165 166 172 173 174 177 180 181 
182 187 188 192 194 196 198 
61
6 11 12 24 26 27 28 30 36 39 40 42 
43 49 53 55 57 61 64 66 67 71 80 83 
84 86 92 93 97 104 109 113 127 128 130 131 
132 133 134 135 136 137 138 139 140 143 144 145 
146 147 149 153 159 173 182 184 185 188 189 191 
193 
49
3 19 20 22 26 32 35 38 40 44 46 48 
57 60 62 67 68 81 85 90 96 105 110 117 
118 119 123 125 128 129 136 137 139 145 147 150 
152 158 160 167 170 171 178 182 183 186 195 196 
197 
