200 200
1 1 1 1 1 1 1 1 1 1 1 1 
1 1 1 1 1 1 1 1 1 1 1 1 
1 1 1 1 1 1 1 1 1 1 1 1 
1 1 1 1 1 1 1 1 1 1 1 1 
1 1 1 1 1 1 1 1 1 1 1 1 
1 1 1 1 1 1 1 1 1 1 1 1 
1 1 1 1 1 1 1 1 1 1 1 1 
1 1 1 1 1 1 1 1 1 1 1 1 
1 1 1 1 1 1 1 1 1 1 1 1 
1 1 1 1 1 1 1 1 1 1 1 1 
1 1 1 1 1 1 1 1 1 1 1 1 
1 1 1 1 1 1 1 1 1 1 1 1 
1 1 1 1 1 1 1 1 1 1 1 1 
1 1 1 1 1 1 1 1 1 1 1 1 
1 1 1 1 1 1 1 1 1 1 1 1 
1 1 1 1 1 1 1 1 1 1 1 1 
1 1 1 1 1 1 1 1 
14
2 27 31 63 67 68 73 95 104 130 137 141 
146 171 
25
5 12 14 18 28 35 39 42 55 67 74 78 
82 89 96 109 110 112 142 168 169 174 183 189 
197 
24
4 5 39 43 51 52 65 69 71 76 89 97 
106 109 114 139 140 143 147 158 159 177 186 195 
23
11 26 33 38 41 49 69 71 77 87 101 103 
114 122 123 130 135 139 146 166 167 183 189 
20
2 30 39 66 77 78 83 94 101 103 111 117 
124 128 130 137 176 178 184 187 
21
14 25 27 41 48 56 58 59 64 87 90 92 
99 110 137 139 165 169 188 196 197 
15
1 2 35 43 45 48 51 81 85 113 114 116 
127 147 169 
15
11 28 31 32 34 40 81 85 132 135 138 148 
162 181 188 
24
5 6 7 8 9 19 21 26 36 38 51 65 
67 76 119 125 136 144 156 163 178 191 194 199 
22
3 28 48 55 57 59 61 97 111 131 144 146 
148 151 161 163 165 170 180 181 191 194 
26
11 18 29 33 51 58 66 75 76 77 91 92 
93 109 117 121 127 130 132 141 156 162 170 178 
191 192 
19
4 6 16 22 48 51 55 93 109 112 125 147 
162 163 167 169 171 175 199 
20
2 3 4 27 39 87 89 103 116 118 131 142 
146 147 155 164 169 170 179 192 
22
8 10 13 29 36 55 64 74 89 101 108 123 
131 136 138 142 145 153 165 177 181 184 
20
11 15 21 28 29 31 36 46 47 77 101 105 
112 127 142 157 163 169 186 195 
18
5 45 75 95 97 98 122 128 133 143 149 150 
152 154 157 167 197 200 
17
4 55 59 66 69 71 77 101 118 130 139 147 
156 158 159 169 182 
22
17 34 38 39 46 51 54 60 62 65 82 99 
106 108 116 133 140 145 149 182 187 196 
18
4 12 14 16 33 34 65 72 92 93 107 134 
137 145 147 154 168 184 
25
5 11 12 15 20 24 26 37 43 56 77 78 
79 90 99 106 117 119 129 138 141 143 147 152 
172 
16
1 10 38 49 57 64 108 110 111 114 129 135 
162 166 172 182 
25
2 9 19 21 22 27 44 47 51 53 66 71 
83 94 100 101 136 140 145 148 157 170 188 191 
199 
26
2 10 16 18 28 45 46 54 58 61 68 77 
98 99 109 116 119 120 128 143 145 164 166 167 
171 193 
20
19 27 28 32 45 77 80 84 94 98 114 116 
126 146 147 159 164 188 191 196 
18
4 32 39 73 91 105 126 128 132 136 161 167 
171 172 180 181 193 196 
22
3 17 23 29 34 35 36 67 71 75 78 89 
102 138 139 140 152 172 176 182 194 200 
17
3 10 15 36 37 38 50 72 79 117 118 121 
122 123 129 141 154 
24
20 23 39 45 50 51 55 64 65 83 87 93 
95 113 125 127 136 158 163 164 168 174 176 181 
21
16 22 27 34 37 66 67 74 78 80 110 124 
129 132 134 140 146 164 168 187 196 
23
16 19 20 29 36 42 43 76 79 105 108 114 
115 117 127 134 137 140 145 150 169 171 174 
23
20 27 35 37 51 65 77 79 84 95 105 107 
108 118 120 141 151 152 155 171 178 181 200 
19
6 71 78 91 95 102 111 118 121 125 130 135 
147 150 173 176 180 191 192 
28
8 10 15 22 24 30 41 47 57 59 60 74 
81 85 87 96 102 111 123 126 148 165 173 174 
175 183 194 198 
18
4 6 15 31 43 59 66 68 84 110 132 142 
144 151 155 158 195 196 
14
31 41 53 58 75 82 92 94 133 144 165 173 
178 197 
25
10 13 18 19 26 44 47 54 80 82 89 91 
95 102 104 109 118 125 134 136 146 155 182 192 
197 
17
5 8 22 33 34 39 48 52 66 92 96 101 
112 125 130 133 166 
14
16 38 43 50 60 68 70 90 130 143 145 148 
170 196 
15
7 8 21 54 62 66 67 81 113 114 141 158 
166 168 189 
25
2 15 18 21 34 43 53 55 73 80 82 95 
97 109 113 120 134 137 140 158 181 183 186 191 
196 
19
4 14 38 52 59 69 80 95 111 127 131 145 
163 182 184 191 197 198 199 
16
1 4 8 30 57 64 92 95 96 124 129 150 
153 172 197 198 
14
2 4 26 55 65 77 81 99 126 148 170 174 
185 188 
22
1 5 8 16 23 26 35 43 46 53 55 68 
75 88 94 114 115 142 165 173 188 191 
23
1 8 19 38 39 47 53 55 74 86 92 93 
94 98 106 124 139 143 153 169 174 184 196 
21
5 20 29 34 52 55 62 69 71 95 101 106 
115 118 124 128 145 162 179 185 192 
16
21 24 43 56 61 64 76 81 83 120 122 125 
144 159 175 186 
17
7 8 32 39 40 44 47 58 73 83 100 103 
114 122 128 129 154 
26
1 11 13 28 40 49 55 58 68 81 106 114 
115 117 121 122 123 134 135 141 146 149 150 158 
160 167 
18
16 19 23 63 66 67 80 86 87 91 96 100 
107 158 163 175 196 200 
14
25 26 51 55 60 100 109 128 129 132 134 144 
164 175 
15
13 22 35 37 43 44 57 77 97 102 124 127 
157 170 198 
22
5 6 47 65 71 74 77 83 87 94 110 119 
131 133 134 157 160 162 164 177 184 193 
24
6 11 28 31 43 45 51 64 65 72 83 86 
110 122 123 137 141 151 163 165 171 194 195 196 
17
9 19 24 27 35 46 55 56 59 69 72 75 
120 123 136 145 159 
24
6 23 26 42 46 66 69 79 88 92 96 99 
110 112 137 142 146 152 155 167 169 178 179 194 
17
5 10 12 13 14 39 43 79 80 84 109 116 
119 131 191 198 199 
24
1 25 37 38 40 42 49 56 59 63 93 96 
98 101 116 120 137 150 153 157 160 162 167 177 
28
8 21 24 25 31 39 49 52 55 58 72 79 
93 97 102 104 116 123 125 126 130 135 139 143 
149 156 160 180 
26
5 10 13 14 26 29 40 46 52 58 76 83 
86 122 125 130 137 138 144 150 168 184 186 187 
192 193 
23
11 43 53 57 63 70 87 96 99 105 107 109 
112 115 117 122 146 160 176 183 188 199 200 
13
2 17 44 65 100 102 105 134 138 162 185 188 
199 
20
5 15 23 28 48 83 101 105 111 125 129 134 
136 137 154 177 179 181 193 199 
21
4 26 27 29 35 61 86 111 112 122 127 128 
137 163 169 171 174 183 189 195 196 
20
5 7 19 22 38 51 56 76 93 104 115 117 
124 127 133 140 151 155 185 198 
29
3 6 13 19 22 23 24 25 58 66 72 80 
90 99 106 107 108 111 112 119 134 136 137 140 
167 169 180 187 188 
19
2 11 15 24 44 55 70 72 75 97 103 111 
115 118 123 127 134 140 170 
18
7 10 11 14 22 23 29 45 46 93 110 111 
148 154 155 179 189 190 
21
15 21 24 33 44 52 68 70 75 88 98 101 
122 124 138 146 148 150 154 170 177 
16
4 8 26 56 59 92 102 113 119 134 141 154 
163 170 171 185 
18
11 23 39 43 52 60 68 70 79 80 88 89 
90 95 113 138 141 173 
26
2 9 11 16 30 39 40 51 70 72 83 86 
93 98 121 122 123 126 135 154 155 157 160 164 
169 196 
22
8 11 24 28 32 36 38 52 68 104 106 124 
129 132 136 142 146 151 155 162 169 189 
20
3 25 29 39 53 66 76 93 94 99 102 105 
137 144 146 156 159 175 177 191 
22
5 23 25 32 33 41 46 50 54 66 80 93 
114 122 130 135 150 158 162 170 195 196 
18
33 54 68 85 88 89 90 102 105 113 127 142 
148 151 159 174 192 197 
21
28 33 35 40 45 47 55 67 68 72 89 111 
129 135 140 159 165 177 191 197 199 
25
16 18 19 41 56 58 59 64 67 69 80 86 
99 111 114 118 119 123 131 140 146 150 170 187 
195 
21
7 11 16 17 26 64 76 84 94 102 106 111 
115 129 142 161 163 164 173 186 195 
20
3 17 20 39 74 77 81 101 107 114 119 120 
127 160 180 185 187 195 197 198 
21
1 2 8 22 26 29 41 62 65 78 81 99 
102 104 108 130 160 168 180 189 196 
25
10 12 13 17 25 36 56 59 67 69 71 75 
81 94 95 120 141 149 161 171 172 173 178 184 
200 
19
2 4 8 9 14 23 28 30 43 50 54 56 
65 73 91 97 126 128 164 
24
18 37 42 49 51 57 61 69 72 79 86 88 
91 93 98 121 140 142 152 157 158 168 193 200 
17
7 10 20 31 54 80 95 101 107 119 130 132 
156 159 162 179 193 
16
23 52 55 72 73 94 95 113 128 129 137 153 
171 187 189 200 
18
6 18 48 53 65 84 90 99 109 119 130 134 
139 140 152 177 184 188 
23
16 24 26 54 59 63 75 91 121 122 125 126 
129 143 146 153 164 169 175 179 186 189 190 
32
5 9 19 27 32 38 57 59 69 73 74 77 
85 86 87 89 91 99 109 113 122 131 152 159 
160 162 167 172 174 179 183 198 
23
5 19 35 38 62 64 72 85 87 91 97 102 
103 104 113 123 129 152 159 171 172 179 193 
19
1 11 12 38 40 50 68 80 81 91 108 109 
118 132 142 150 157 161 199 
18
7 14 22 26 35 43 51 79 86 102 121 127 
129 131 139 183 195 200 
16
7 15 29 48 64 65 72 77 100 104 130 132 
141 165 188 196 
29
3 13 24 33 37 42 43 48 49 56 65 66 
67 70 75 79 87 105 111 121 129 133 140 147 
153 164 166 182 184 
14
8 12 14 28 29 37 43 93 117 123 149 187 
197 200 
35
2 5 7 13 16 28 34 35 39 57 58 59 
66 69 71 73 76 80 81 82 93 97 105 106 
110 113 117 124 130 133 144 152 154 171 180 
22
1 24 32 44 64 73 74 83 93 95 99 116 
124 134 150 169 177 179 180 184 190 193 
23
6 11 26 27 30 33 34 57 66 81 88 93 
96 104 141 144 146 150 162 181 186 187 198 
19
5 8 53 54 66 76 77 86 97 116 130 132 
141 144 180 186 187 190 195 
16
21 23 39 60 70 78 79 87 92 113 159 164 
179 180 187 196 
17
2 16 44 54 78 116 121 131 135 136 144 154 
163 169 181 182 190 
20
17 22 31 55 56 62 66 68 69 76 92 111 
126 129 135 147 152 154 170 186 
12
4 22 34 60 89 133 135 144 163 166 170 194 
19
4 9 10 11 14 18 26 50 54 63 68 91 
92 95 114 127 155 162 173 
13
18 22 37 49 58 62 66 82 108 138 146 189 
194 
18
6 13 14 15 37 39 41 42 54 57 63 65 
73 109 120 128 130 191 
32
3 4 5 7 15 17 19 20 28 31 33 43 
45 50 51 54 69 77 80 103 130 134 137 141 
147 155 162 168 174 185 198 199 
23
2 5 6 7 14 36 68 70 79 92 94 98 
101 102 110 129 130 132 141 148 150 180 189 
24
5 13 21 39 47 53 86 110 116 121 126 127 
135 137 140 141 144 146 147 148 149 154 182 196 
21
10 16 23 33 37 40 43 45 46 55 69 106 
107 109 110 124 126 173 192 193 197 
11
2 10 26 67 88 98 136 147 163 165 171 
20
8 15 20 21 25 27 50 64 71 84 89 90 
97 109 128 133 148 160 174 200 
17
10 24 43 64 65 101 105 106 110 135 153 159 
161 190 193 196 197 
22
18 40 47 65 69 79 82 85 101 108 124 127 
128 134 139 150 159 177 186 188 198 200 
28
5 41 44 45 55 60 67 75 92 93 104 113 
127 132 135 138 151 155 159 160 161 163 168 171 
182 185 186 193 
24
20 26 33 42 51 59 64 69 72 78 81 89 
100 101 126 141 146 147 153 158 168 177 186 190 
11
13 34 57 73 77 82 108 109 118 137 165 
21
8 14 20 40 47 74 91 97 102 111 113 121 
131 139 147 170 171 173 177 182 189 
25
32 38 55 63 69 72 76 81 89 90 93 95 
98 116 124 127 136 137 142 168 169 173 178 194 
197 
21
15 27 36 39 45 55 58 61 76 85 119 145 
146 151 155 163 168 178 181 188 193 
18
2 3 12 14 15 20 29 59 73 89 110 111 
171 183 189 192 199 200 
24
20 24 25 33 35 58 59 75 79 80 88 117 
122 135 143 145 146 148 168 179 180 192 195 196 
28
2 3 14 20 44 45 49 52 71 73 74 75 
76 77 81 88 100 102 104 113 121 137 145 159 
176 178 179 195 
20
6 28 32 35 36 37 42 76 112 121 128 130 
136 146 150 164 169 173 197 200 
22
25 45 52 66 75 78 82 86 91 102 108 114 
115 124 125 126 129 140 141 168 172 187 
22
19 38 46 55 80 89 90 92 102 107 110 121 
132 136 141 151 160 174 177 186 190 198 
20
14 20 31 32 35 43 45 49 53 59 62 92 
98 99 103 132 134 161 167 171 
12
1 9 29 42 59 88 95 137 181 192 194 196 
13
1 7 42 63 65 69 110 112 159 169 176 192 
194 
16
11 22 33 53 57 58 79 81 92 101 104 114 
132 142 149 197 
17
7 13 28 39 68 78 79 82 84 100 104 106 
107 109 112 161 191 
23
12 13 30 50 52 56 60 66 68 72 89 98 
101 102 111 114 140 151 153 175 178 189 194 
14
1 17 44 47 48 73 85 93 119 122 137 155 
184 195 
19
3 13 45 48 68 74 78 88 100 119 121 130 
147 159 163 164 188 191 192 
21
18 22 24 25 28 44 52 57 85 86 88 94 
105 109 112 150 180 185 189 190 199 
21
2 5 9 15 17 29 37 38 39 44 66 78 
104 150 163 167 175 178 182 183 188 
20
3 6 21 29 31 35 36 39 44 54 67 79 
91 102 122 132 135 145 164 166 
19
41 55 57 60 67 71 76 77 78 84 108 121 
126 130 143 149 163 180 195 
21
3 13 17 28 41 49 64 68 77 79 85 93 
119 139 154 157 171 179 182 185 200 
18
19 23 33 35 53 66 85 86 109 129 131 151 
153 157 167 177 185 186 
8
44 50 62 96 125 128 162 192 
23
14 16 17 23 26 33 36 38 49 69 75 96 
109 113 129 130 139 145 150 151 152 162 181 
21
8 17 29 44 46 55 57 61 80 83 87 88 
90 92 105 108 117 130 135 187 190 
15
14 30 49 68 71 73 88 91 97 119 129 142 
166 186 193 
18
11 21 54 72 94 100 106 108 119 127 140 142 
145 159 163 177 188 194 
25
1 9 12 17 20 23 33 46 56 57 58 61 
69 72 92 95 106 121 133 135 154 158 164 183 
200 
25
4 6 8 11 12 21 37 43 65 66 67 90 
98 115 116 128 136 138 144 147 149 176 186 189 
198 
21
6 13 28 30 37 39 47 62 68 75 82 99 
101 109 110 149 182 184 189 194 199 
18
10 16 51 55 64 107 114 115 118 130 133 136 
162 171 180 184 186 194 
11
13 62 69 113 122 127 131 134 159 165 191 
18
4 16 21 47 66 69 81 87 93 117 127 128 
129 142 144 161 162 189 
19
10 24 34 60 62 70 73 94 108 117 123 128 
141 145 146 147 152 156 196 
19
2 20 22 38 54 55 58 65 66 71 75 83 
101 123 142 148 174 188 194 
11
38 68 106 115 121 126 146 150 156 161 191 
20
8 30 40 43 44 48 56 65 67 101 121 127 
135 143 162 168 170 175 191 192 
13
13 21 22 28 63 82 98 118 145 154 176 180 
197 
20
5 10 14 24 33 46 61 62 72 79 94 109 
131 134 143 150 154 174 178 179 
15
11 29 31 39 48 83 87 88 111 122 132 161 
179 182 184 
21
5 14 19 37 38 56 66 72 79 84 92 93 
100 101 119 135 139 173 183 188 195 
24
1 2 3 4 8 10 14 18 20 28 57 61 
66 90 95 117 122 133 137 144 165 172 173 191 
24
6 36 37 51 52 56 65 66 68 85 98 103 
106 113 121 128 129 151 168 170 174 181 196 200 
18
4 28 33 38 67 83 86 91 99 105 106 111 
120 137 163 164 180 189 
20
6 19 23 30 35 41 58 69 85 96 97 112 
127 128 159 167 177 182 192 197 
20
3 27 36 37 50 54 65 69 80 81 82 91 
95 112 117 119 123 134 154 200 
21
8 10 12 15 19 20 30 32 38 39 40 44 
70 76 98 132 138 144 155 156 175 
20
6 17 26 38 60 63 66 67 68 87 90 91 
118 132 140 152 160 187 193 194 
15
2 19 23 37 42 46 91 96 124 127 141 150 
155 178 181 
19
8 26 36 38 42 47 70 72 86 110 112 131 
158 163 164 166 170 186 199 
23
10 15 22 36 68 80 82 89 93 94 109 110 
114 119 120 127 133 150 177 182 185 188 190 
26
4 21 39 46 48 51 60 61 70 85 88 91 
93 109 110 136 140 145 149 153 155 165 173 189 
192 194 
24
4 5 19 25 35 49 57 62 65 71 72 73 
77 107 115 119 123 136 139 157 163 167 177 180 
23
3 6 7 11 23 32 34 57 68 73 99 120 
121 123 135 143 149 161 163 175 177 189 192 
19
12 39 43 57 79 86 93 94 95 116 124 127 
149 151 155 160 169 191 196 
18
35 44 61 67 72 83 84 85 104 117 121 126 
129 149 165 178 179 199 
22
1 17 33 35 43 49 50 65 77 80 92 109 
117 141 147 150 151 153 171 188 190 200 
28
7 18 21 28 40 44 53 78 79 90 93 96 
116 118 119 120 122 129 136 139 164 168 172 175 
179 193 194 195 
14
9 34 46 56 71 88 119 124 125 128 143 152 
172 199 
26
4 8 9 10 12 14 50 58 65 67 74 76 
87 106 108 112 114 128 130 144 152 166 168 169 
171 172 
22
12 14 20 22 38 48 50 54 59 61 71 74 
77 136 139 145 150 151 159 172 182 196 
17
23 25 34 44 49 57 75 93 100 101 109 142 
144 145 154 167 171 
20
33 48 55 58 60 68 74 75 87 92 112 119 
123 124 126 128 144 160 173 178 
21
10 11 26 29 40 69 71 80 99 122 127 131 
140 143 149 157 159 167 169 180 199 
23
10 25 26 34 35 40 43 49 58 63 74 82 
89 91 93 120 122 135 139 170 180 188 195 
15
7 21 68 80 82 88 91 116 130 138 168 174 
175 181 190 
22
21 23 35 37 41 56 62 67 88 92 127 136 
141 148 152 168 170 172 178 186 188 190 
17
5 6 7 21 33 41 43 52 63 65 73 86 
105 133 148 154 155 
24
14 19 20 21 34 42 43 47 89 90 94 96 
97 117 120 124 127 142 159 164 175 180 189 194 
23
2 11 12 14 26 28 34 66 74 75 87 106 
122 131 133 134 143 144 150 151 181 182 189 
19
7 8 12 13 23 40 50 53 54 63 67 68 
82 90 104 112 119 134 166 
18
5 8 34 35 48 62 64 69 75 88 107 119 
121 123 161 174 181 188 
21
4 6 33 43 47 56 64 65 78 88 103 106 
107 120 124 137 144 151 152 189 199 
21
2 18 20 33 40 52 56 65 85 88 113 119 
127 147 162 165 169 182 184 187 196 
27
3 5 8 12 15 16 29 31 38 47 56 58 
67 70 96 101 108 111 121 126 127 131 135 137 
143 168 177 
20
32 46 49 61 68 72 86 95 99 100 101 102 
112 134 153 177 185 188 189 196 
27
1 2 4 17 18 22 28 35 41 46 50 60 
71 84 86 89 92 97 107 116 125 127 140 149 
174 186 200 
21
9 46 48 57 62 66 77 83 84 85 99 105 
106 113 120 123 130 157 162 174 182 
21
7 8 9 14 16 24 25 45 52 61 123 124 
125 144 145 155 157 165 170 189 196 
18
11 21 31 32 41 66 71 85 103 108 109 130 
140 150 161 180 197 199 
16
2 5 18 49 88 104 107 116 143 153 158 176 
189 191 198 199 
22
4 6 19 21 31 39 41 48 51 56 63 74 
115 118 133 144 149 159 160 162 168 169 
