400 200
1 1 1 1 1 1 1 1 1 1 1 1 
1 1 1 1 1 1 1 1 1 1 1 1 
1 1 1 1 1 1 1 1 1 1 1 1 
1 1 1 1 1 1 1 1 1 1 1 1 
1 1 1 1 1 1 1 1 1 1 1 1 
1 1 1 1 1 1 1 1 1 1 1 1 
1 1 1 1 1 1 1 1 1 1 1 1 
1 1 1 1 1 1 1 1 1 1 1 1 
1 1 1 1 1 1 1 1 1 1 1 1 
1 1 1 1 1 1 1 1 1 1 1 1 
1 1 1 1 1 1 1 1 1 1 1 1 
1 1 1 1 1 1 1 1 1 1 1 1 
1 1 1 1 1 1 1 1 1 1 1 1 
1 1 1 1 1 1 1 1 1 1 1 1 
1 1 1 1 1 1 1 1 1 1 1 1 
1 1 1 1 1 1 1 1 1 1 1 1 
1 1 1 1 1 1 1 1 
12
2 8 14 67 86 99 112 124 126 184 188 190 
19
1 3 15 18 38 40 66 70 86 89 101 105 
118 136 141 164 180 196 197 
19
13 27 31 36 37 42 45 51 52 67 76 100 
109 112 126 143 177 191 199 
21
22 24 33 41 45 50 58 61 72 81 87 88 
92 105 135 143 156 161 164 186 196 
15
2 22 48 57 59 69 70 81 87 121 129 142 
158 182 189 
19
9 11 25 38 39 52 70 81 105 110 113 125 
132 139 142 147 153 166 168 
16
3 10 15 21 26 49 59 60 78 83 109 147 
160 168 183 188 
10
22 23 32 52 91 97 108 143 168 181 
18
11 21 56 58 61 67 78 80 116 145 154 155 
158 159 166 170 185 194 
22
3 9 11 16 39 44 50 64 66 70 84 103 
108 124 142 144 153 162 184 189 193 199 
20
14 16 27 40 45 56 64 83 84 88 106 110 
114 115 118 122 182 191 196 197 
18
7 43 48 56 58 90 100 104 105 106 111 121 
140 144 156 168 173 181 
22
4 13 14 33 41 69 85 106 112 118 128 138 
139 147 151 158 161 168 170 172 181 186 
16
1 19 21 30 62 71 96 101 130 132 134 137 
138 166 168 179 
21
28 56 62 65 69 88 96 98 100 103 106 108 
119 122 163 167 172 175 188 194 196 
18
1 3 15 64 65 68 73 82 95 96 100 109 
139 143 147 168 175 181 
20
1 4 5 18 19 56 69 114 116 124 127 139 
147 159 164 168 178 180 189 194 
21
4 28 38 42 43 48 58 69 70 71 82 104 
119 130 136 142 143 168 175 182 188 
19
2 9 55 95 114 115 117 118 132 140 141 146 
151 162 174 175 180 188 193 
26
18 26 36 38 44 45 52 57 59 63 66 76 
77 89 92 95 120 126 131 143 151 165 168 171 
182 192 
22
14 17 33 49 82 87 94 96 97 99 102 112 
115 122 140 152 158 162 163 171 186 194 
19
4 8 15 22 26 40 45 60 63 72 85 87 
135 140 142 161 166 172 195 
19
21 23 26 36 44 50 57 60 67 69 76 79 
87 123 139 150 181 194 199 
18
8 31 45 52 53 63 64 70 71 79 93 94 
115 129 166 167 182 188 
20
21 26 34 39 44 47 49 59 67 75 86 105 
110 120 132 140 173 177 190 198 
18
8 13 16 21 45 56 57 77 86 90 91 102 
108 114 123 129 159 186 
26
2 10 15 19 22 28 33 34 43 44 46 51 
57 71 77 88 90 114 118 122 132 161 164 177 
180 194 
25
6 13 26 50 56 72 75 78 83 87 94 95 
97 100 105 107 124 131 137 140 165 174 177 188 
199 
26
7 18 30 35 41 50 58 61 63 69 73 75 
76 94 100 103 113 130 144 156 158 164 166 176 
177 199 
19
6 13 24 26 33 38 54 70 77 80 98 99 
134 145 157 164 174 193 194 
19
5 16 35 36 44 57 61 88 91 95 96 101 
113 147 170 174 177 187 199 
17
3 11 27 56 65 74 93 98 101 102 103 141 
157 158 168 178 200 
21
8 18 29 40 63 65 69 97 101 116 126 128 
131 132 139 158 164 172 175 183 195 
22
4 13 30 48 61 64 66 76 82 83 89 93 
97 104 114 120 156 168 170 184 194 196 
27
1 10 18 24 26 27 28 33 38 47 67 83 
87 90 99 103 111 117 126 130 148 149 151 156 
161 187 197 
18
11 39 51 57 59 114 141 151 154 161 162 168 
174 177 182 184 191 195 
26
2 58 74 75 82 85 96 99 100 101 106 140 
142 143 144 148 150 154 158 160 161 179 189 194 
198 200 
13
22 42 74 117 130 144 145 156 164 170 184 187 
188 
22
7 28 35 48 53 55 73 74 80 117 123 126 
136 139 149 156 166 167 169 173 175 190 
25
11 16 19 23 24 39 40 44 83 84 92 97 
101 118 119 123 127 132 144 145 153 168 173 183 
199 
23
1 3 4 23 35 45 46 65 74 88 91 98 
109 113 116 130 133 141 145 155 185 186 194 
20
1 13 22 32 43 49 52 74 77 82 84 92 
93 98 103 117 120 127 128 135 
22
18 26 32 33 67 78 80 104 110 115 122 124 
125 126 140 142 148 151 169 175 181 188 
19
3 33 41 44 45 48 60 62 94 99 100 106 
112 136 142 143 144 195 198 
19
3 13 15 21 26 31 40 45 66 67 117 147 
154 156 162 171 177 186 197 
30
2 4 9 18 31 33 43 62 72 87 98 110 
113 120 126 128 137 139 142 147 152 157 169 170 
183 190 191 196 197 199 
23
4 11 21 36 46 48 51 66 78 87 100 102 
125 144 161 163 167 181 182 185 186 191 192 
23
3 10 14 16 35 91 97 99 117 121 125 130 
136 137 152 153 167 172 183 188 191 193 194 
22
11 21 30 33 35 45 60 61 64 66 72 82 
88 114 115 159 165 180 188 194 198 199 
12
40 49 70 84 94 99 100 124 133 175 177 199 
19
8 19 27 30 39 42 49 52 55 68 84 112 
116 119 126 140 147 148 170 
20
12 17 21 33 45 56 57 58 60 72 112 119 
129 142 160 161 162 175 193 197 
20
14 18 37 46 51 52 75 84 89 107 127 129 
146 150 156 159 164 165 169 186 
21
2 10 46 54 58 60 75 76 81 87 95 96 
103 128 139 140 141 150 159 184 192 
25
2 13 54 56 67 71 75 78 81 85 89 93 
102 106 108 113 132 134 140 142 150 183 186 187 
191 
22
15 27 38 67 70 96 100 105 118 120 124 136 
152 153 160 161 168 174 176 185 191 199 
16
61 64 103 112 119 127 133 139 140 153 157 162 
165 180 196 198 
18
2 14 21 26 32 33 43 51 61 64 143 146 
149 165 180 187 195 199 
25
2 6 8 11 20 27 35 44 46 47 52 61 
84 102 105 108 111 131 139 146 152 172 181 185 
196 
23
5 19 25 36 45 47 50 60 66 88 94 100 
101 106 112 113 119 136 149 155 171 181 197 
15
28 32 34 64 77 94 101 114 141 159 168 176 
177 193 197 
13
3 26 28 46 63 76 81 97 102 124 178 182 
195 
18
14 27 34 63 66 88 93 94 99 126 127 156 
178 184 187 193 198 200 
23
2 4 22 27 38 52 58 59 63 67 85 86 
95 99 110 112 118 144 146 156 158 199 200 
21
10 24 32 53 60 62 65 67 84 86 94 96 
101 103 128 132 149 153 171 176 193 
24
11 14 30 31 52 55 59 62 78 81 109 118 
124 127 137 139 140 146 149 160 164 169 174 197 
18
12 23 39 41 57 64 71 91 100 101 129 130 
133 139 143 147 185 195 
30
13 17 18 26 33 34 49 52 55 57 60 67 
70 71 73 86 103 105 109 122 124 125 128 133 
139 141 166 175 183 193 
16
4 9 30 44 62 63 75 101 108 137 147 148 
156 172 179 188 
16
6 28 33 60 61 65 72 80 101 128 133 136 
147 175 177 199 
20
1 8 9 11 12 15 18 34 77 83 85 99 
103 109 117 149 150 157 162 200 
20
8 22 26 31 41 55 58 60 72 88 97 117 
130 138 139 152 154 174 195 200 
19
37 53 55 57 67 75 80 84 85 86 92 97 
111 117 132 134 142 158 165 
19
5 8 13 29 53 54 57 58 73 93 104 118 
126 143 156 171 182 194 198 
12
8 12 24 41 49 58 100 108 109 114 125 183 
16
24 28 29 67 68 70 72 87 91 118 124 136 
137 138 159 171 
21
1 2 12 38 46 68 73 80 92 124 127 132 
136 141 142 144 145 148 151 162 186 
20
1 3 18 22 29 52 74 75 81 84 85 128 
135 148 164 172 179 183 185 188 
26
6 7 26 33 34 40 54 55 65 67 77 96 
99 101 103 107 126 129 132 137 142 145 157 161 
169 171 
24
14 18 21 27 31 45 54 71 73 78 79 96 
106 113 115 121 124 130 153 155 165 169 189 191 
22
15 16 19 22 26 44 56 64 79 92 93 112 
121 122 124 125 132 160 164 165 178 186 
20
4 23 25 28 47 52 64 65 71 74 77 85 
94 95 119 123 141 156 164 173 
19
17 41 42 58 59 79 81 100 113 128 135 139 
143 145 159 160 167 184 192 
26
4 11 15 48 54 61 73 87 97 98 103 108 
111 130 140 142 146 149 152 160 163 180 187 188 
199 200 
23
2 6 16 27 30 39 45 58 61 65 87 104 
105 115 129 130 131 135 154 165 166 173 197 
22
11 19 25 29 38 39 44 52 56 59 68 83 
87 110 132 152 176 183 184 194 197 198 
18
1 2 7 16 23 33 75 89 96 101 113 117 
127 129 159 164 167 185 
14
3 25 44 55 61 64 83 87 104 118 131 151 
195 199 
19
4 11 23 25 30 44 46 52 86 109 110 131 
135 138 139 158 162 173 200 
18
5 7 14 32 35 58 62 67 78 85 104 106 
116 119 127 158 165 173 
29
7 15 29 35 37 40 48 52 62 66 74 75 
83 88 116 119 124 126 130 135 136 138 140 165 
169 181 187 193 194 
22
21 23 29 31 34 42 64 67 101 104 105 113 
128 134 140 149 158 171 184 189 196 199 
21
13 21 27 28 32 38 40 44 45 64 79 80 
92 123 131 141 143 144 151 181 197 
20
6 9 12 16 24 30 53 63 76 80 84 118 
120 141 162 167 183 185 191 200 
17
14 67 78 85 91 97 99 102 116 134 143 153 
164 165 178 190 193 
18
5 23 31 32 51 65 67 73 95 105 110 115 
121 127 134 141 143 175 
26
1 8 17 30 32 46 59 70 79 89 90 96 
104 105 120 123 131 133 138 140 144 145 160 168 
175 188 
22
13 16 42 46 56 57 83 87 88 95 98 101 
102 103 124 125 137 145 157 178 179 198 
26
8 18 25 32 38 52 65 79 82 87 95 97 
101 120 121 127 137 138 140 144 157 168 186 190 
197 199 
22
10 11 17 28 31 36 37 38 51 53 54 79 
109 113 118 123 131 135 162 182 183 184 
28
2 7 10 16 19 23 24 29 42 50 51 64 
69 76 89 103 111 150 153 157 161 165 172 173 
177 178 182 189 
21
11 13 15 19 25 38 53 65 70 75 90 108 
113 122 125 138 148 175 177 178 197 
17
20 24 41 52 65 79 82 88 90 92 100 116 
126 141 150 177 194 
13
25 35 56 87 94 116 125 141 149 177 181 194 
195 
20
14 45 51 59 63 66 75 79 89 96 108 118 
148 150 158 166 170 179 189 193 
27
6 8 13 14 17 22 35 72 80 82 100 115 
118 119 124 126 134 137 141 154 161 174 176 183 
187 192 198 
21
11 15 18 26 41 58 59 71 88 98 99 104 
116 120 138 149 152 159 170 180 184 
13
3 41 50 65 68 74 100 102 144 145 189 194 
200 
20
3 19 41 50 67 76 81 83 88 99 101 112 
121 131 133 142 146 155 159 170 
24
1 7 19 23 32 42 46 50 54 60 61 84 
86 107 112 117 124 127 128 161 178 180 199 200 
23
3 5 7 20 24 33 36 51 52 56 58 59 
60 76 88 102 119 138 152 165 175 183 186 
15
9 27 42 48 51 58 81 85 96 127 146 156 
162 164 187 
23
23 25 40 55 59 70 76 84 87 90 98 102 
104 109 110 114 132 134 162 163 188 189 194 
15
20 25 34 36 45 47 52 75 116 131 139 155 
174 175 187 
16
24 32 39 41 45 61 68 92 94 97 101 107 
124 155 161 170 
19
13 15 52 54 64 93 99 113 116 137 138 160 
165 166 168 172 176 181 196 
22
3 4 10 13 27 35 37 38 54 59 60 70 
75 83 85 89 113 127 132 154 178 181 
18
13 23 25 61 64 74 78 85 118 143 146 148 
163 165 166 187 189 194 
28
5 26 41 50 78 83 90 92 95 102 109 111 
123 126 128 130 131 142 145 150 153 154 156 164 
172 177 180 181 
17
10 20 21 38 50 66 70 77 93 102 103 107 
136 140 156 169 180 
20
10 16 19 29 32 37 54 76 82 88 95 101 
109 129 136 145 157 162 178 195 
21
13 33 39 42 84 91 94 105 109 112 115 139 
141 147 158 166 169 174 178 184 192 
20
16 18 32 37 40 50 52 59 63 69 83 91 
100 118 146 147 177 178 196 200 
17
4 8 22 48 51 62 90 130 135 138 142 148 
153 164 171 173 175 
23
17 29 46 48 53 69 70 80 89 92 93 97 
98 108 109 115 119 129 138 144 156 173 176 
21
26 28 29 49 51 76 78 79 80 90 99 119 
134 144 146 148 158 161 189 193 199 
18
5 12 26 29 51 82 98 104 111 113 115 125 
135 151 156 157 168 173 
19
8 33 37 42 43 51 61 68 77 80 98 118 
125 141 155 161 170 173 198 
23
2 8 17 24 26 35 37 48 58 87 103 107 
111 125 127 139 149 169 172 177 189 197 198 
19
11 35 43 44 97 101 112 120 126 136 148 158 
165 168 170 175 179 197 198 
23
1 13 17 48 49 53 55 67 84 86 90 102 
110 120 132 138 141 143 174 190 192 193 194 
21
8 16 23 48 58 65 76 80 88 110 114 116 
117 120 144 151 159 168 169 174 200 
16
24 38 67 68 71 88 121 127 140 145 160 163 
176 177 183 195 
18
12 26 50 80 100 103 105 108 113 129 135 137 
145 146 155 171 190 194 
21
1 3 4 12 13 24 39 42 43 57 73 75 
77 81 99 114 118 129 155 186 190 
11
6 14 23 24 113 123 126 133 151 179 190 
13
12 37 52 86 95 99 100 124 140 152 157 183 
198 
19
6 14 19 41 54 58 74 75 82 105 111 123 
125 144 146 159 174 177 191 
17
10 19 51 52 55 58 64 95 98 111 115 131 
143 153 163 180 186 
22
16 17 20 24 31 33 35 45 56 72 73 80 
115 124 149 150 161 168 170 180 193 200 
18
4 12 19 24 30 55 59 78 88 90 103 118 
149 154 166 178 187 192 
19
14 22 32 38 40 46 54 69 71 73 76 116 
139 157 173 180 187 198 199 
22
2 10 11 22 28 31 45 56 62 73 83 89 
105 134 140 144 149 152 157 176 182 197 
17
9 10 20 29 39 52 105 108 114 133 140 153 
158 175 177 187 191 
19
7 12 23 41 43 50 54 81 85 86 103 107 
108 112 117 130 144 195 200 
17
10 15 36 57 67 80 83 95 98 108 112 117 
118 129 153 184 195 
19
1 5 9 26 32 44 53 58 59 66 77 85 
116 144 160 175 178 191 192 
20
8 17 35 48 54 61 65 95 96 104 112 125 
139 163 177 178 187 188 189 193 
13
2 24 35 89 94 108 110 143 158 159 164 174 
194 
17
2 5 18 23 26 40 42 49 50 58 82 109 
144 152 155 184 187 
22
5 10 11 36 53 56 59 60 84 87 108 113 
131 132 141 155 157 161 164 166 175 194 
25
15 16 18 43 44 56 58 66 83 87 90 103 
114 120 131 140 143 149 165 172 174 176 181 184 
194 
14
2 4 29 34 55 63 69 80 89 90 91 125 
138 142 
19
11 12 13 14 19 56 69 83 89 107 115 125 
130 137 147 168 184 188 200 
18
11 36 44 45 53 91 101 102 110 114 131 136 
141 146 148 153 154 156 
20
21 24 31 32 39 42 66 72 80 89 91 93 
118 121 126 135 163 187 188 189 
20
6 18 26 30 38 50 51 57 58 71 75 85 
108 118 123 126 141 147 170 174 
14
19 50 70 77 90 122 126 130 133 151 158 167 
169 181 
18
1 15 24 28 47 66 92 96 98 122 124 145 
146 153 164 172 175 200 
15
14 22 35 37 39 40 48 66 109 112 128 146 
157 178 199 
18
7 14 24 25 40 42 51 54 58 64 70 84 
114 137 145 161 169 175 
13
13 16 17 39 63 64 66 68 138 150 175 189 
197 
14
3 35 36 40 59 62 82 115 124 126 132 151 
165 183 
21
11 14 19 43 49 60 69 92 107 112 114 117 
120 124 126 131 150 153 156 185 192 
23
3 12 16 23 27 31 47 51 69 72 78 99 
116 126 133 136 143 162 166 177 179 183 190 
23
1 6 23 38 52 65 68 86 95 101 126 128 
130 135 140 147 148 154 172 185 190 199 200 
17
8 18 23 35 40 46 49 68 69 88 104 107 
114 152 173 179 197 
21
12 18 23 24 25 26 41 51 54 70 86 89 
133 151 153 163 171 177 185 197 199 
19
7 10 13 21 32 61 64 92 96 103 107 114 
147 149 166 169 170 181 191 
14
8 20 84 86 88 89 125 129 141 148 155 171 
174 190 
15
8 11 27 81 94 99 104 108 110 122 133 167 
168 190 194 
12
2 16 24 31 40 42 60 62 117 136 145 154 
21
1 11 17 24 49 71 77 79 88 102 109 121 
128 131 144 162 173 177 181 182 198 
16
3 13 55 71 75 80 99 109 119 124 139 167 
177 180 188 197 
17
5 11 15 25 40 45 47 51 59 61 76 84 
133 160 167 186 188 
21
7 10 53 60 73 74 98 102 103 104 108 110 
112 115 140 155 160 164 168 179 190 
16
23 31 38 52 81 99 124 136 137 139 148 154 
170 174 192 195 
25
1 15 16 17 26 30 37 56 63 67 82 86 
90 93 95 101 116 125 162 173 188 193 195 197 
198 
17
7 22 39 55 59 65 74 88 92 97 106 123 
128 130 145 176 194 
18
30 32 36 44 47 55 58 89 93 98 110 114 
119 139 144 172 173 190 
15
3 8 39 55 71 75 109 114 118 127 132 152 
154 162 171 
21
4 9 17 28 29 31 33 40 69 76 87 90 
94 102 126 147 150 168 184 186 198 
22
4 31 32 38 45 66 81 86 104 110 128 130 
143 144 147 153 165 174 180 188 193 196 
19
12 27 38 46 58 65 67 87 89 90 99 112 
114 118 125 165 176 179 181 
13
23 26 30 33 43 67 74 87 145 152 180 199 
200 
23
4 15 18 21 28 54 60 65 71 72 74 102 
109 128 131 132 141 142 151 155 166 178 182 
14
2 19 33 35 43 50 58 94 104 128 139 174 
181 194 
16
3 20 24 54 56 67 89 102 134 144 161 168 
169 182 183 194 
22
5 15 18 29 74 78 95 96 99 100 110 128 
149 152 153 155 156 159 168 181 187 192 
17
30 33 37 58 72 94 97 98 124 134 147 148 
154 173 179 182 184 
16
2 6 23 62 68 76 102 129 144 148 152 165 
167 169 183 194 
11
23 34 35 75 100 137 141 142 158 183 193 
17
14 50 67 83 112 115 127 128 133 135 138 141 
144 158 170 190 200 
20
7 44 64 67 88 89 97 102 103 106 109 139 
145 151 153 161 165 183 190 199 
16
3 28 53 64 69 76 131 132 147 152 153 154 
159 172 191 196 
21
10 33 34 40 47 79 81 84 109 131 135 137 
150 152 154 159 168 177 178 192 195 
12
13 18 33 37 46 76 80 89 99 101 146 174 
20
12 13 15 23 28 37 65 85 89 93 95 100 
127 128 145 150 154 156 161 172 
21
13 22 31 51 61 65 73 87 92 117 120 125 
128 136 140 145 170 174 175 185 197 
19
18 28 33 34 40 41 45 48 57 70 79 82 
96 118 126 139 154 158 198 
20
4 10 30 33 59 60 66 71 76 92 94 111 
121 128 147 148 157 170 185 194 
26
3 17 22 24 33 34 40 44 51 52 65 70 
84 103 104 117 118 126 147 153 156 163 165 167 
170 176 
14
5 30 56 58 70 71 87 93 108 130 165 188 
192 194 
21
29 30 44 47 53 59 63 73 97 99 109 126 
130 133 142 143 166 180 186 193 194 
21
10 19 24 33 35 45 55 59 73 74 77 95 
106 113 151 153 166 171 180 186 197 
12
7 31 35 49 99 116 118 120 141 142 188 198 
20
10 30 41 45 60 74 82 88 93 107 114 115 
117 125 134 154 155 161 168 185 
23
8 20 42 46 54 60 62 89 108 111 113 119 
120 121 144 154 165 170 175 178 194 199 200 
17
5 10 17 18 21 24 35 54 69 70 84 98 
103 107 111 117 184 
20
7 42 43 62 81 85 86 93 96 111 117 121 
126 130 131 145 161 172 174 189 
18
21 24 31 36 40 42 54 62 71 72 81 84 
85 102 144 147 170 179 
17
4 17 25 31 35 60 68 107 128 130 158 172 
173 181 186 193 196 
23
2 17 20 24 32 38 41 59 74 77 89 92 
106 112 120 135 140 145 156 176 178 186 194 
22
12 19 24 25 33 37 44 67 80 92 93 104 
105 108 150 153 158 167 177 179 193 194 
19
12 50 69 70 78 79 90 110 116 120 121 129 
144 170 174 175 185 192 194 
19
3 7 10 16 17 33 37 38 59 66 67 70 
89 101 129 152 153 190 194 
16
8 33 39 44 48 59 63 72 87 95 100 169 
178 188 191 192 
18
1 24 27 30 35 38 68 106 129 132 135 143 
166 169 188 191 193 195 
23
3 10 11 18 21 31 37 39 58 60 63 87 
88 94 101 112 117 119 147 174 176 180 192 
19
4 20 28 47 51 68 69 84 95 106 107 111 
116 119 161 170 173 184 190 
29
4 10 13 14 16 20 22 24 39 48 49 64 
65 69 71 80 82 139 149 151 158 159 163 169 
172 173 175 183 189 
19
9 20 24 38 50 53 69 91 116 123 130 142 
149 153 157 172 175 191 198 
23
6 7 9 17 31 38 44 67 75 83 88 94 
96 98 112 122 129 130 159 174 175 182 190 
21
5 19 26 35 74 81 92 93 115 118 127 128 
131 157 163 171 173 177 180 182 194 
16
17 35 36 45 56 74 75 93 96 101 124 130 
161 164 179 190 
21
2 8 36 41 54 60 65 70 96 103 106 122 
126 132 134 140 169 174 181 192 196 
27
1 2 7 9 10 14 21 22 38 41 55 72 
73 77 84 91 117 124 134 137 141 158 161 163 
170 191 197 
18
1 32 46 51 82 103 105 108 109 116 121 124 
141 144 150 162 175 182 
18
30 35 48 68 78 92 118 126 136 144 145 158 
166 168 169 189 190 199 
30
8 12 19 27 30 39 42 61 62 66 68 75 
84 90 91 94 110 111 120 123 125 135 138 150 
160 173 175 186 196 197 
19
3 34 36 40 61 62 64 97 101 103 139 141 
142 148 152 157 165 167 193 
24
13 22 28 45 53 57 61 65 68 79 81 82 
85 92 120 124 127 144 154 173 174 179 187 199 
14
9 16 52 59 62 75 79 92 114 141 162 188 
189 195 
26
14 22 28 43 45 46 49 51 53 63 64 67 
68 82 94 100 110 125 127 131 136 143 158 163 
181 195 
18
15 20 24 39 45 61 69 91 94 140 148 155 
161 169 174 179 186 193 
19
10 17 26 37 39 49 63 67 76 83 99 103 
107 115 120 132 155 186 191 
18
15 25 33 47 52 53 60 66 99 121 132 141 
145 148 155 159 182 192 
22
6 13 29 32 34 44 59 79 86 98 107 110 
122 132 137 155 160 170 179 183 191 199 
27
10 14 16 21 27 28 34 40 41 47 66 87 
90 110 111 112 113 118 120 124 128 130 162 177 
180 190 200 
21
17 36 52 65 75 80 87 127 135 149 155 162 
164 167 170 172 184 188 190 199 200 
20
4 13 18 28 31 48 60 71 84 113 134 138 
146 152 156 159 161 162 165 192 
25
1 3 12 21 35 46 55 58 68 72 73 77 
96 103 107 121 124 125 143 148 188 189 191 195 
198 
28
3 11 12 25 37 44 46 49 50 63 66 68 
76 78 88 99 101 117 158 160 164 165 166 167 
168 192 195 200 
19
27 34 41 44 45 46 55 89 103 139 141 144 
148 161 164 173 175 193 196 
24
4 6 12 17 26 40 47 50 75 78 98 104 
107 113 142 144 153 157 164 172 178 184 193 194 
14
51 87 91 98 113 114 117 129 131 132 140 152 
172 193 
13
2 12 36 56 60 63 97 99 103 117 122 196 
197 
22
3 23 29 34 42 47 52 63 66 71 79 101 
103 120 122 123 148 165 193 196 197 198 
22
12 20 27 33 49 52 54 59 65 84 89 126 
138 146 149 151 163 168 169 185 193 200 
15
6 12 17 43 78 82 99 116 133 149 155 157 
181 184 196 
16
20 49 63 67 68 85 89 99 102 105 127 133 
135 150 182 193 
16
23 28 30 31 42 47 56 69 70 97 114 137 
138 149 163 173 
24
10 25 40 49 58 72 76 96 97 115 123 128 
135 141 144 147 151 164 170 171 174 190 193 199 
9
4 9 11 38 115 127 130 146 179 
9
7 30 50 79 81 108 117 142 180 
17
8 14 15 21 46 60 63 73 75 89 102 118 
120 159 177 194 195 
25
1 3 27 33 35 36 44 67 71 84 89 90 
99 101 108 114 128 132 133 139 144 147 151 163 
176 
22
8 19 24 29 43 50 65 80 82 95 97 106 
114 119 142 144 162 166 168 183 192 195 
23
6 18 40 41 42 48 50 67 81 100 118 119 
130 138 140 149 154 166 167 172 180 183 187 
34
3 9 12 22 23 25 30 40 50 57 58 60 
61 70 86 88 91 94 102 103 115 124 125 137 
145 146 147 150 151 157 162 177 198 199 
18
17 21 32 37 63 70 76 78 79 81 87 109 
118 123 126 128 156 200 
16
7 17 22 28 32 34 52 58 63 69 105 142 
157 167 169 181 
20
1 14 15 16 26 27 46 81 83 87 95 105 
120 137 145 149 159 163 188 190 
21
4 9 18 27 43 44 51 53 58 80 104 111 
122 127 141 145 153 155 189 194 196 
16
18 36 43 46 51 81 83 104 106 123 126 127 
148 155 169 186 
19
1 9 14 31 33 44 71 80 90 107 128 132 
135 137 156 173 178 185 187 
26
4 5 25 49 51 52 65 88 91 93 117 120 
121 123 130 132 133 143 153 161 165 166 168 175 
176 183 
19
25 27 29 39 53 57 73 91 95 106 121 122 
131 152 171 177 179 187 193 
19
3 26 33 43 68 84 96 98 108 113 115 126 
127 153 157 169 185 188 193 
16
2 41 67 75 94 95 102 113 125 128 130 144 
167 180 192 197 
12
31 36 55 80 82 86 95 131 154 166 172 180 
17
1 3 13 16 20 46 52 63 71 102 106 135 
142 146 149 150 154 
25
1 8 9 20 22 45 49 50 59 83 86 103 
108 109 115 130 135 162 165 172 182 189 194 195 
196 
26
5 7 9 10 16 24 41 43 54 57 69 70 
87 95 97 116 123 132 136 152 161 164 168 178 
180 185 
15
21 23 30 39 46 53 59 79 85 108 121 143 
155 161 191 
24
15 18 48 53 54 68 76 79 82 88 91 104 
108 117 126 149 151 152 153 155 158 179 184 187 
18
13 14 15 52 69 86 87 100 102 119 127 153 
156 160 176 178 182 189 
19
15 16 28 30 45 46 58 65 86 102 128 145 
153 154 159 171 172 178 197 
19
20 29 36 39 42 64 80 85 92 95 98 100 
120 128 131 152 155 194 200 
23
1 19 50 52 56 64 66 67 85 135 136 140 
146 149 150 151 161 171 172 189 196 198 199 
24
1 6 27 33 36 37 50 73 75 84 87 102 
105 121 122 123 133 153 159 161 166 184 198 199 
15
15 18 49 64 66 69 82 91 102 103 118 119 
145 155 177 
14
9 22 23 38 44 72 85 99 112 125 139 148 
149 176 
22
2 12 17 19 21 30 77 86 97 101 102 110 
120 121 123 127 137 167 168 170 192 198 
21
5 13 33 50 71 72 82 84 87 88 94 96 
107 113 129 136 144 148 166 173 193 
20
11 22 24 39 42 54 57 73 90 91 100 121 
129 132 139 141 142 150 159 176 
23
12 18 39 45 51 53 64 68 74 83 85 93 
98 99 109 130 142 143 145 146 153 159 190 
23
1 9 15 17 31 51 53 76 78 91 116 121 
133 134 142 144 151 155 157 158 167 171 176 
22
5 6 15 16 32 34 36 49 51 73 82 93 
95 96 118 124 135 143 148 153 175 186 
24
10 29 38 53 60 61 64 65 70 76 79 103 
107 113 114 128 129 130 140 143 148 162 187 199 
12
10 33 56 120 122 135 141 159 166 176 184 197 
23
39 44 66 71 90 115 122 130 141 142 143 153 
157 158 159 169 186 187 190 194 195 196 198 
20
17 37 47 61 70 75 77 96 102 106 127 134 
137 140 151 154 169 173 183 197 
22
3 12 14 18 19 25 42 65 82 83 86 107 
135 156 157 158 164 166 174 175 176 194 
24
6 26 29 36 44 45 47 51 60 62 77 101 
119 120 140 143 144 158 172 186 188 192 193 197 
20
15 17 46 56 64 76 88 97 103 106 110 139 
140 142 148 149 158 171 172 192 
17
3 4 10 20 30 33 89 109 118 119 138 150 
154 158 163 187 192 
12
3 16 22 38 47 51 89 107 117 143 161 177 
17
12 42 45 49 51 55 80 84 95 111 119 130 
143 147 150 178 193 
21
14 15 22 27 55 81 114 118 124 145 149 151 
154 161 162 170 176 177 183 186 195 
22
1 13 45 47 56 57 62 70 73 75 82 86 
96 118 120 137 142 143 152 156 185 189 
19
9 13 26 39 58 59 61 91 93 97 101 109 
123 149 150 166 175 178 185 
26
10 12 13 15 24 33 37 64 67 71 74 104 
108 109 110 118 121 128 156 161 168 173 178 186 
191 198 
23
17 29 39 52 62 77 80 83 90 98 103 109 
130 131 133 143 154 164 171 174 175 183 184 
11
1 4 24 37 44 83 127 149 164 168 192 
24
1 8 11 56 62 76 83 84 85 89 102 115 
123 124 129 141 144 146 155 158 164 174 181 195 
22
1 13 39 49 76 86 107 112 114 115 122 123 
125 127 147 155 157 161 167 174 175 192 
16
2 4 6 16 43 46 53 66 68 76 83 117 
135 149 155 172 
22
16 17 23 25 31 32 39 43 53 54 60 70 
72 75 81 94 128 159 170 180 187 196 
25
3 11 12 20 21 24 26 32 37 48 50 51 
54 77 101 109 110 119 145 146 148 149 163 165 
187 
19
5 26 29 43 44 45 66 69 74 78 84 87 
92 108 127 129 154 162 187 
18
4 5 12 16 20 52 55 63 65 68 91 98 
110 111 136 141 160 187 
19
2 8 9 27 32 66 68 70 73 86 87 103 
129 148 155 180 186 196 197 
20
6 13 32 36 43 48 49 56 73 85 87 92 
98 100 131 132 138 157 161 165 
22
10 11 13 14 27 28 44 45 58 77 100 104 
129 148 160 169 175 178 180 181 186 189 
20
18 24 26 55 56 60 82 98 100 117 127 133 
141 144 145 151 181 184 195 197 
19
2 6 7 15 24 33 37 66 88 111 122 138 
140 155 161 169 171 184 185 
14
10 40 63 69 70 76 79 120 121 134 153 155 
186 191 
15
15 16 19 25 28 32 36 48 99 128 130 158 
171 185 187 
29
3 5 11 21 22 23 26 27 43 61 72 81 
87 94 95 97 103 107 115 118 122 125 143 146 
152 158 176 179 198 
27
6 12 13 31 44 53 58 63 69 73 76 89 
99 103 108 109 124 127 147 148 164 165 167 181 
186 191 192 
18
17 38 40 42 45 60 64 68 124 165 166 167 
175 185 188 191 198 199 
25
18 21 31 42 43 44 62 77 99 102 103 106 
110 111 116 126 130 133 147 157 162 165 179 180 
183 
25
6 39 41 42 56 67 72 74 83 94 100 103 
110 114 119 123 133 139 156 160 161 172 176 196 
198 
14
5 30 43 67 78 79 105 111 117 127 152 159 
179 193 
21
4 11 25 32 37 96 100 108 110 118 120 129 
134 135 137 143 149 186 191 195 197 
23
4 5 18 26 31 33 40 48 60 79 93 95 
98 99 100 113 123 134 147 170 174 179 199 
17
3 8 45 74 95 104 109 125 144 159 183 185 
188 189 192 194 198 
14
46 49 59 69 77 86 91 98 128 150 166 167 
168 171 
24
7 32 36 37 40 44 66 78 85 93 98 102 
110 119 122 125 133 139 143 152 157 162 182 188 
16
4 12 16 49 52 56 60 98 108 109 130 138 
148 166 167 171 
18
2 30 31 32 46 59 62 68 69 84 85 101 
113 126 146 149 161 182 
25
6 10 20 40 81 82 85 91 105 107 118 121 
129 130 143 145 147 152 156 157 158 164 177 184 
195 
23
3 4 17 35 39 42 44 45 49 75 78 86 
94 108 133 147 148 171 177 182 192 198 199 
22
5 26 35 52 54 56 57 70 77 89 99 101 
103 116 120 152 155 164 165 169 173 186 
14
7 23 26 51 61 77 81 91 97 125 138 171 
193 196 
21
7 8 14 15 18 25 30 40 64 85 101 102 
108 118 120 141 163 175 181 187 197 
18
2 16 25 41 65 68 87 125 128 141 146 147 
149 164 169 177 184 200 
23
3 11 13 14 17 27 35 40 58 80 84 85 
87 100 107 126 133 138 146 175 186 191 196 
21
3 8 16 21 27 37 52 61 62 70 91 99 
112 117 125 147 148 153 159 187 198 
15
17 21 24 27 46 54 65 95 101 128 134 136 
145 151 191 
21
6 64 83 91 92 96 100 101 106 115 142 143 
151 152 157 164 166 170 173 185 190 
18
9 33 64 102 109 114 115 122 134 153 156 158 
159 166 176 179 180 198 
18
4 14 19 49 96 109 112 116 118 132 134 149 
150 156 168 176 185 193 
26
13 16 17 20 21 22 39 51 53 59 67 79 
86 92 105 132 137 144 146 148 149 162 166 167 
180 195 
15
26 27 28 42 44 52 66 106 112 120 136 144 
168 171 190 
20
2 16 19 43 55 61 62 96 101 131 148 151 
156 157 158 163 178 182 194 198 
20
1 5 8 23 26 38 45 46 62 67 79 94 
101 150 152 159 165 177 182 199 
21
3 31 42 43 49 68 78 88 94 98 127 128 
135 145 156 173 175 176 177 180 193 
27
8 13 21 29 32 34 35 45 49 60 63 64 
69 85 100 111 115 125 135 143 145 161 162 174 
182 189 198 
30
12 22 24 29 34 42 50 51 62 66 74 77 
81 83 88 90 104 114 130 142 145 152 164 166 
167 173 178 189 195 196 
12
5 42 100 114 131 145 158 163 170 186 197 198 
26
35 36 41 44 45 55 56 75 79 98 101 102 
110 115 120 142 144 151 158 169 176 186 190 193 
196 197 
22
5 10 36 40 42 55 57 60 67 75 79 89 
95 102 117 126 132 139 149 159 162 182 
24
2 13 19 21 23 28 33 59 64 69 78 79 
83 85 88 94 95 128 130 131 143 145 160 200 
22
2 5 10 15 32 44 52 65 67 75 83 85 
86 100 103 125 129 130 165 176 177 180 
10
12 37 58 63 75 91 92 172 189 196 
21
12 40 41 67 70 75 100 103 109 114 124 136 
149 151 152 163 168 169 176 194 200 
21
1 14 26 33 75 80 100 108 115 120 121 125 
131 146 158 177 179 180 181 187 192 
17
6 15 22 35 54 76 83 128 136 139 159 163 
170 184 189 191 198 
14
8 16 18 23 26 32 64 75 80 85 116 155 
165 172 
19
21 45 85 93 96 98 103 105 117 124 126 144 
161 162 166 169 171 177 187 
19
10 30 58 62 87 92 101 106 127 140 157 158 
167 181 184 185 187 195 197 
14
26 29 36 46 85 97 122 125 127 133 145 154 
172 196 
15
3 21 22 24 52 53 81 93 107 116 120 127 
171 174 193 
25
8 10 16 18 32 35 40 51 52 62 67 68 
78 99 104 118 123 137 139 156 157 158 184 189 
200 
21
2 4 11 38 49 54 80 82 89 99 104 128 
133 134 144 147 157 163 169 179 183 
15
2 9 17 21 42 44 45 51 52 81 99 146 
153 168 175 
18
9 16 24 25 29 36 37 96 100 116 122 123 
124 126 141 175 196 200 
27
6 26 33 38 45 60 77 78 80 82 93 109 
119 131 133 135 141 143 158 159 162 172 175 176 
182 198 200 
25
19 27 39 68 70 78 80 81 84 89 101 103 
115 119 132 134 138 149 150 154 158 159 160 186 
187 
20
14 23 25 26 27 36 45 52 61 62 68 71 
78 83 104 122 137 142 145 176 
25
4 7 19 27 39 55 60 62 99 101 103 105 
109 116 118 121 128 136 155 159 171 179 187 191 
200 
16
14 15 51 65 74 75 78 90 92 98 110 113 
120 128 165 188 
19
8 23 25 35 38 51 59 87 94 95 97 106 
112 124 129 137 144 165 170 
22
2 15 30 39 44 53 61 70 82 84 85 90 
93 103 104 109 114 117 140 153 187 200 
23
32 35 44 65 68 69 80 91 93 105 107 117 
122 133 138 143 147 156 157 167 186 190 192 
21
7 9 17 28 43 66 72 80 108 109 119 122 
132 147 161 167 175 182 190 192 195 
19
24 26 43 60 73 80 89 90 109 120 124 132 
135 137 139 143 145 183 193 
19
2 15 16 26 46 72 76 78 86 87 91 105 
109 112 117 185 187 198 199 
18
8 18 23 33 34 41 48 59 72 85 121 149 
156 157 176 192 199 200 
19
16 42 46 47 48 49 63 76 91 99 115 118 
137 143 162 165 183 187 192 
12
8 29 31 44 51 103 108 152 157 175 178 180 
19
1 3 19 22 28 34 40 57 69 70 85 97 
102 117 131 132 178 180 192 
17
4 27 29 51 56 60 61 67 71 93 124 128 
147 158 163 175 178 
18
3 16 23 26 68 71 75 85 101 120 121 125 
126 130 133 145 146 176 
21
10 12 58 60 62 77 81 102 120 136 142 143 
151 165 179 183 185 189 191 192 194 
19
2 11 19 29 53 55 61 93 112 118 120 133 
135 143 148 150 157 164 165 
24
7 19 21 30 40 42 52 55 77 80 93 98 
107 116 123 131 135 137 156 161 172 176 182 194 
14
17 18 23 27 32 65 110 117 140 150 162 185 
189 194 
24
8 17 18 29 30 33 39 54 55 69 80 85 
100 105 116 129 140 143 148 154 172 176 192 196 
20
1 10 19 52 54 57 58 62 86 111 120 135 
154 156 158 162 168 177 194 198 
16
11 12 41 45 60 83 87 95 98 110 126 137 
150 164 171 182 
17
13 19 26 39 57 73 75 77 95 107 123 137 
164 167 168 182 189 
19
16 30 31 38 44 51 59 67 70 108 120 127 
144 148 158 165 167 178 187 
22
6 11 22 25 29 33 35 45 51 68 100 102 
105 123 124 136 139 146 152 176 190 199 
16
14 16 22 79 83 94 122 131 137 141 165 167 
170 174 178 187 
13
33 37 41 70 74 83 87 94 107 138 139 143 
189 
19
4 9 14 21 24 32 38 39 49 57 65 81 
84 88 108 120 174 175 194 
17
7 10 48 49 58 60 65 68 72 76 82 101 
110 138 166 167 174 
