100 200
1 1 1 1 1 1 1 1 1 1 1 1 
1 1 1 1 1 1 1 1 1 1 1 1 
1 1 1 1 1 1 1 1 1 1 1 1 
1 1 1 1 1 1 1 1 1 1 1 1 
1 1 1 1 1 1 1 1 1 1 1 1 
1 1 1 1 1 1 1 1 1 1 1 1 
1 1 1 1 1 1 1 1 1 1 1 1 
1 1 1 1 1 1 1 1 1 1 1 1 
1 1 1 1 1 1 1 1 1 1 1 1 
1 1 1 1 1 1 1 1 1 1 1 1 
1 1 1 1 1 1 1 1 1 1 1 1 
1 1 1 1 1 1 1 1 1 1 1 1 
1 1 1 1 1 1 1 1 1 1 1 1 
1 1 1 1 1 1 1 1 1 1 1 1 
1 1 1 1 1 1 1 1 1 1 1 1 
1 1 1 1 1 1 1 1 1 1 1 1 
1 1 1 1 1 1 1 1 
15
2 6 26 54 60 83 92 118 120 127 141 161 
168 185 187 
21
4 8 20 24 36 46 50 70 71 92 98 134 
138 155 156 159 170 176 178 179 183 
19
3 4 36 37 44 54 63 68 75 79 102 119 
134 143 164 170 179 183 195 
24
10 18 43 45 48 58 63 66 89 107 119 120 
127 130 137 148 151 155 170 174 183 186 191 197 
17
1 4 10 71 86 87 91 92 114 119 133 134 
146 147 180 191 194 
29
10 15 18 28 32 49 62 77 78 89 90 95 
96 103 104 106 109 120 121 122 148 149 151 156 
159 164 176 177 196 
18
3 16 42 44 55 68 70 80 91 92 100 115 
120 150 151 160 176 190 
20
1 4 13 17 25 53 82 89 97 99 119 135 
147 160 162 173 177 190 191 197 
22
9 15 27 29 35 38 51 53 55 61 67 73 
82 93 103 114 138 145 163 178 194 198 
19
10 12 25 38 46 51 72 90 113 117 135 136 
144 149 166 179 192 199 200 
16
1 3 20 26 38 61 79 82 89 121 133 157 
159 164 193 199 
16
18 41 45 47 48 61 70 74 77 84 98 118 
135 136 140 182 
19
8 19 22 41 46 48 56 63 71 78 106 110 
113 137 143 176 182 191 196 
17
7 13 17 30 33 45 56 58 59 67 84 94 
104 109 153 157 183 
16
28 33 56 87 95 107 108 119 122 126 127 132 
136 139 141 153 
19
5 11 19 22 53 72 75 84 97 109 112 133 
144 150 171 172 182 183 194 
22
19 28 38 39 52 56 58 66 68 70 93 106 
109 114 139 144 164 169 170 177 182 193 
28
10 26 30 37 46 49 76 79 85 92 96 103 
105 108 112 127 149 150 154 156 157 162 175 177 
190 193 195 199 
16
2 10 26 30 46 61 80 81 89 99 128 129 
177 182 187 189 
22
41 44 46 49 59 81 96 99 100 102 105 107 
108 122 125 139 144 148 168 175 190 198 
24
13 21 28 37 51 54 60 67 84 95 99 105 
121 131 133 144 146 153 160 173 175 178 183 191 
21
12 14 21 24 39 55 57 60 64 85 103 109 
110 115 123 160 169 179 187 189 193 
24
5 10 13 20 23 28 33 50 52 53 54 57 
67 70 78 84 106 107 111 112 127 144 180 190 
18
34 50 52 53 56 57 64 65 75 96 98 129 
132 136 160 161 171 188 
23
2 4 5 15 26 34 35 44 48 56 73 74 
76 78 93 109 128 141 160 179 180 184 186 
19
2 8 12 19 24 25 35 55 64 69 113 119 
131 132 139 158 172 180 190 
18
4 10 11 35 44 45 58 62 89 111 126 137 
138 139 178 188 193 196 
23
7 13 20 21 32 35 46 51 52 67 82 83 
85 112 135 138 141 146 150 162 167 174 177 
26
6 7 10 13 21 34 37 51 57 60 62 64 
74 82 97 109 115 118 122 133 141 148 166 182 
195 197 
19
1 5 10 18 29 35 43 44 54 58 73 74 
88 112 125 130 161 171 191 
19
15 34 35 39 54 75 82 83 107 108 110 142 
157 158 160 162 171 174 184 
18
45 65 81 92 107 108 110 135 139 145 147 148 
170 176 181 183 186 193 
24
6 17 23 26 30 35 39 49 59 63 66 68 
75 85 103 113 122 146 159 163 167 184 190 197 
25
19 21 29 32 48 53 58 62 72 74 75 79 
84 98 105 106 111 131 143 144 147 156 162 183 
200 
24
2 22 23 29 36 56 57 62 75 76 80 81 
87 88 121 137 149 161 165 183 192 193 198 199 
21
11 12 23 49 73 77 81 89 92 101 102 114 
116 121 126 133 147 151 152 158 200 
20
10 15 40 50 62 69 73 77 81 86 111 133 
138 146 153 170 181 183 192 199 
22
1 2 9 18 23 26 38 62 73 76 82 87 
88 97 120 126 131 136 144 151 152 192 
24
3 14 33 40 45 51 55 59 71 77 78 89 
105 114 118 123 131 133 138 139 148 154 174 185 
19
19 22 26 36 39 42 56 60 73 97 110 115 
137 153 162 165 192 193 198 
28
1 7 21 28 29 33 35 42 44 52 59 63 
75 82 99 103 110 119 123 129 134 138 159 171 
179 183 185 200 
20
3 16 17 22 31 61 66 69 79 87 111 116 
134 162 167 170 180 185 188 197 
25
5 6 11 12 21 24 27 28 30 57 63 70 
74 80 90 107 144 145 148 157 158 159 185 186 
199 
20
4 14 23 33 34 46 53 57 69 71 81 106 
113 119 122 135 136 149 188 195 
17
16 21 48 57 76 89 103 111 113 114 127 136 
155 162 172 186 190 
20
5 6 19 24 30 35 38 41 46 60 74 82 
91 93 115 116 121 174 181 198 
17
3 5 19 29 47 67 83 94 117 129 144 154 
163 167 173 184 199 
21
4 15 56 65 68 73 75 93 100 102 108 114 
132 142 146 148 152 155 176 191 194 
23
2 23 30 41 43 46 51 67 75 106 108 123 
145 148 151 161 165 167 169 177 184 186 195 
26
1 2 8 10 14 33 35 40 58 61 71 73 
74 88 102 116 122 124 125 126 141 162 168 172 
197 198 
22
1 6 13 14 24 32 50 57 59 63 65 86 
98 113 114 119 146 153 164 178 189 192 
21
7 11 26 31 54 57 64 82 92 100 109 118 
134 138 141 152 160 162 166 167 199 
26
1 5 10 11 22 25 40 48 58 59 63 67 
75 88 107 108 111 112 113 120 137 144 147 169 
170 194 
23
1 2 16 18 40 50 55 58 71 72 74 95 
103 109 120 124 126 147 160 162 169 183 185 
19
9 11 38 48 55 60 65 70 101 106 116 124 
135 153 155 156 161 189 197 
19
12 25 31 39 44 59 73 77 84 89 97 100 
120 123 140 152 158 160 191 
17
2 5 20 29 30 37 40 73 83 88 108 142 
163 166 175 193 194 
19
3 12 15 34 37 39 43 52 58 79 85 94 
100 106 108 136 150 163 200 
22
20 30 35 47 64 68 69 70 72 95 102 103 
107 110 112 129 133 171 183 188 190 191 
21
1 13 21 32 35 48 57 58 74 83 106 107 
110 115 117 133 134 181 183 184 199 
21
10 23 25 26 38 50 57 74 76 77 80 82 
106 113 120 131 135 165 172 174 186 
17
4 25 36 50 65 74 76 77 88 93 95 117 
120 150 166 186 194 
22
30 33 39 40 53 58 62 71 73 82 84 104 
106 115 119 140 142 156 171 175 190 193 
17
8 24 35 43 46 55 59 69 74 78 79 114 
140 167 179 187 195 
19
1 8 26 27 39 61 63 78 88 107 108 109 
127 129 144 145 152 168 173 
22
8 9 15 17 33 48 50 62 72 76 91 93 
102 108 115 123 129 133 134 183 186 196 
16
2 5 29 32 42 63 89 92 106 110 149 150 
157 178 181 191 
18
22 32 42 44 45 64 75 79 89 98 110 134 
153 154 160 164 174 198 
27
8 16 17 21 35 36 37 39 44 46 50 51 
55 61 68 77 85 102 113 117 120 126 131 151 
166 191 192 
14
7 17 23 24 41 54 58 71 76 101 115 123 
164 170 
31
4 30 36 37 47 55 84 87 88 92 99 105 
115 121 124 134 135 141 143 147 156 162 163 165 
167 168 170 178 179 197 198 
22
15 17 30 35 67 68 78 79 81 104 106 121 
124 131 150 156 164 171 176 187 195 199 
13
6 31 41 54 73 117 121 152 155 176 179 189 
194 
24
2 17 20 30 40 41 42 43 53 54 60 87 
117 121 122 128 146 151 158 170 187 190 194 195 
22
9 10 14 33 44 62 64 65 68 73 77 80 
86 90 99 107 109 111 131 146 166 172 
29
27 30 32 42 44 46 47 50 68 75 79 82 
84 89 91 98 112 118 122 123 138 141 157 171 
174 180 182 187 197 
17
1 10 12 13 20 26 72 77 80 97 112 115 
132 148 163 178 197 
16
6 22 27 64 100 112 118 120 121 138 140 147 
150 158 171 188 
20
9 24 35 39 42 46 48 49 50 68 72 74 
78 99 109 116 118 147 161 165 
17
7 8 18 21 25 27 60 66 70 79 82 88 
119 122 124 145 180 
19
8 13 38 53 64 67 68 72 73 78 80 84 
97 110 125 127 129 131 183 
22
1 5 7 13 16 17 36 37 45 53 60 81 
88 95 114 122 135 141 163 169 188 192 
22
4 6 7 19 28 35 41 53 56 70 78 96 
117 128 142 153 172 177 179 180 190 195 
22
9 11 14 20 21 23 24 26 33 59 76 80 
92 105 107 111 123 134 152 170 177 199 
17
2 7 17 31 33 43 60 74 78 97 105 111 
116 129 141 161 194 
15
29 47 62 79 86 112 136 137 144 158 161 170 
173 198 200 
16
12 24 47 69 81 83 107 109 124 145 147 152 
161 165 166 181 
18
10 15 27 30 38 42 44 51 54 65 69 80 
101 139 149 155 185 191 
20
6 7 8 40 47 56 69 85 107 111 115 116 
123 127 133 135 139 163 165 167 
25
1 11 20 32 48 50 64 67 69 79 84 86 
97 101 107 109 110 114 127 145 175 182 192 196 
200 
22
3 4 5 25 47 68 75 85 89 103 105 113 
120 124 135 145 152 154 163 175 179 194 
25
6 8 13 23 27 29 44 52 56 63 65 71 
78 85 111 113 116 130 134 157 166 179 191 196 
198 
20
13 17 18 20 53 59 117 128 130 131 133 141 
145 150 151 154 157 184 185 189 
23
2 6 30 31 38 65 78 79 88 96 102 106 
123 132 138 143 149 152 155 170 183 188 196 
18
8 14 29 42 45 47 54 55 67 78 110 124 
128 140 169 170 178 183 
17
4 10 24 28 42 58 87 101 102 107 113 125 
140 151 168 175 188 
19
1 37 40 43 48 51 61 63 68 73 75 82 
84 122 141 161 167 175 187 
29
3 9 23 25 35 41 53 59 63 65 69 70 
77 78 82 90 102 106 116 129 142 149 151 154 
159 166 173 176 193 
23
2 5 21 25 44 53 54 75 89 95 101 103 
115 126 145 150 156 179 180 183 185 193 195 
20
7 25 49 55 67 82 87 102 104 107 111 126 
136 146 155 167 168 175 195 196 
