200 100
1 1 1 1 1 1 1 1 1 1 1 1 
1 1 1 1 1 1 1 1 1 1 1 1 
1 1 1 1 1 1 1 1 1 1 1 1 
1 1 1 1 1 1 1 1 1 1 1 1 
1 1 1 1 1 1 1 1 1 1 1 1 
1 1 1 1 1 1 1 1 1 1 1 1 
1 1 1 1 1 1 1 1 1 1 1 1 
1 1 1 1 1 1 1 1 1 1 1 1 
1 1 1 1 
36
1 2 5 8 12 18 19 21 23 24 26 27 
31 33 34 38 39 40 41 44 47 50 55 56 
63 64 65 67 83 86 87 90 91 92 94 99 
31
2 7 8 11 12 14 18 19 20 26 30 33 
34 35 36 41 44 45 51 52 56 58 62 66 
72 76 78 85 91 93 94 
27
3 9 10 19 20 26 31 32 33 39 42 43 
45 49 54 55 70 76 77 81 82 83 86 87 
90 97 98 
30
4 5 10 11 16 18 21 24 27 28 30 33 
35 39 44 47 49 57 65 68 72 73 74 77 
79 81 82 85 96 97 
25
7 8 10 14 17 25 27 28 35 37 40 43 
52 56 64 65 66 70 74 77 80 85 92 95 
96 
25
1 4 5 16 18 20 22 28 32 38 49 51 
54 56 62 64 65 69 77 83 91 92 93 95 
97 
31
3 5 20 21 22 23 27 28 33 36 38 39 
41 44 45 50 51 56 58 67 71 72 76 79 
88 91 92 93 94 95 97 
38
1 7 9 11 13 17 18 20 23 25 27 30 
32 34 38 41 42 51 53 54 55 56 57 59 
62 63 64 68 69 71 72 74 75 82 86 91 
96 97 
31
4 5 6 9 13 17 18 21 22 26 31 40 
43 44 51 54 60 61 67 68 72 73 75 80 
82 83 85 88 94 95 98 
32
1 3 4 12 14 19 20 21 22 26 31 32 
36 41 46 48 54 60 61 67 68 71 77 81 
82 88 90 92 94 96 98 100 
25
1 4 10 11 13 14 15 20 23 24 25 27 
32 40 44 45 46 47 55 56 65 73 74 83 
91 
33
2 8 10 13 17 20 21 27 30 32 33 37 
39 45 48 49 52 59 61 62 64 69 71 74 
84 85 89 90 91 93 95 96 98 
29
10 12 14 15 16 22 32 34 36 40 46 49 
57 59 63 64 67 71 74 77 78 84 85 88 
90 91 94 98 99 
27
6 10 13 15 16 19 21 28 29 32 33 37 
39 43 46 49 55 60 61 65 67 69 71 72 
89 96 99 
26
4 8 18 24 25 27 29 30 33 36 37 47 
49 53 55 68 71 75 76 81 85 88 90 93 
96 97 
35
5 7 8 10 12 13 19 23 24 25 27 30 
31 32 34 36 39 40 42 44 46 58 60 63 
64 65 67 71 72 76 79 80 91 92 94 
33
9 12 13 16 19 24 32 33 37 39 40 43 
46 48 49 52 55 67 68 69 71 72 75 80 
83 86 87 88 92 93 95 96 100 
26
6 7 10 11 15 19 21 23 25 31 33 39 
44 45 48 51 55 62 63 65 75 86 89 91 
94 100 
32
6 13 15 16 18 19 21 24 25 30 35 36 
44 45 48 49 56 57 69 70 73 77 78 79 
80 82 84 86 88 90 91 93 
28
5 6 8 16 18 23 26 30 39 42 46 48 
52 55 56 61 64 65 71 74 79 80 81 84 
90 93 95 98 
34
2 4 7 11 13 14 19 22 26 35 38 40 
41 45 46 48 50 51 52 62 63 66 67 68 
70 74 83 85 87 88 92 93 95 97 
32
2 7 8 11 16 17 22 23 28 29 30 31 
32 33 45 47 49 52 55 56 71 72 76 80 
84 87 88 91 92 93 94 95 
27
1 5 7 10 12 14 16 23 25 26 27 28 
36 38 42 43 46 53 64 65 77 80 89 90 
93 96 100 
22
2 3 5 14 17 20 33 42 43 47 57 62 
63 64 70 71 83 86 91 93 94 99 
32
2 5 7 8 11 12 14 20 22 28 35 38 
41 42 46 48 49 55 56 57 61 63 64 66 
67 76 77 88 90 94 95 100 
36
1 4 5 13 17 19 22 23 28 30 31 32 
33 36 45 47 49 52 54 56 57 60 61 62 
63 66 68 69 74 76 78 79 80 82 84 93 
33
6 20 21 22 23 31 38 39 44 46 48 53 
54 55 58 61 62 63 66 67 68 70 71 73 
76 77 81 84 86 87 88 91 96 
28
1 4 6 14 15 20 21 26 38 41 42 50 
53 54 56 58 60 61 69 78 81 88 90 92 
93 97 98 100 
22
4 22 34 35 38 39 41 45 46 54 57 62 
65 66 67 75 87 89 95 96 97 99 
30
4 6 7 9 10 11 15 16 17 20 21 25 
27 32 38 41 42 44 51 54 63 64 66 72 
82 83 87 88 90 96 
29
1 2 9 13 14 28 32 38 41 44 45 46 
49 51 55 56 65 67 71 72 74 79 82 84 
87 94 95 96 98 
23
11 12 24 29 36 41 43 45 49 53 67 72 
73 77 80 82 84 86 88 91 92 94 99 
30
8 9 11 15 16 17 18 19 21 23 24 25 
30 35 39 44 45 53 59 62 64 65 69 72 
73 85 88 98 99 100 
23
2 8 11 12 17 18 30 32 35 38 40 42 
45 47 53 61 63 65 72 77 82 90 94 
23
6 9 12 16 17 21 22 26 31 41 43 50 
59 61 63 66 67 71 73 77 83 85 90 
27
2 4 12 17 21 23 27 32 33 35 37 38 
41 46 60 61 63 64 68 70 77 80 83 84 
91 95 99 
31
2 6 7 8 9 11 14 20 27 29 30 33 
36 39 41 42 44 47 51 53 59 60 63 64 
67 68 71 75 77 98 99 
27
14 17 18 19 21 25 26 34 38 39 47 50 
58 59 61 65 69 70 73 77 78 80 83 88 
93 96 99 
23
8 12 17 18 29 30 31 32 33 38 39 40 
42 52 53 60 61 63 67 68 74 95 96 
35
6 9 11 17 20 22 24 26 27 28 30 31 
32 42 45 49 52 53 54 59 60 61 63 65 
69 71 74 76 79 83 86 92 93 94 97 
23
5 10 11 25 30 31 36 37 47 48 51 52 
56 61 63 68 69 70 75 78 95 96 98 
31
2 3 7 10 11 12 15 18 24 28 30 35 
37 38 39 56 57 59 69 70 72 74 76 77 
82 86 91 95 96 98 100 
24
1 9 10 12 16 22 26 32 33 34 35 38 
42 43 49 64 71 73 75 76 84 91 92 97 
29
7 9 14 15 17 25 26 32 39 40 42 46 
47 48 50 55 56 60 72 73 76 81 82 84 
88 89 94 95 99 
26
1 11 15 16 19 24 30 31 33 34 36 38 
42 49 50 52 54 55 57 72 74 83 84 90 
96 97 
32
3 6 8 11 14 16 18 19 21 26 27 29 
32 33 35 42 45 48 49 52 53 54 65 69 
73 76 80 82 84 88 91 100 
30
2 5 11 12 14 17 20 22 34 36 38 41 
42 47 48 49 52 54 62 69 74 78 85 90 
91 92 93 95 96 100 
28
2 3 4 8 11 14 16 18 19 22 25 27 
30 31 40 44 46 47 48 59 60 61 63 73 
93 94 98 99 
28
2 3 7 8 14 15 19 20 21 23 24 38 
41 42 44 54 61 63 64 67 73 79 83 84 
87 93 96 97 
30
6 9 11 13 15 17 18 23 24 31 35 36 
43 47 49 54 58 59 62 71 74 76 77 78 
81 86 90 93 98 100 
29
2 5 7 9 10 14 15 18 23 27 29 30 
33 40 41 46 47 49 50 56 64 70 77 80 
84 89 91 98 100 
29
3 4 13 14 16 21 23 24 29 35 40 49 
55 56 58 60 61 63 66 67 68 70 73 76 
82 83 86 87 90 
32
1 2 3 5 10 12 15 16 20 29 33 37 
38 42 43 45 48 53 58 59 62 68 77 80 
83 84 85 87 92 95 97 98 
30
1 8 9 13 14 17 20 21 24 27 29 38 
44 46 49 54 59 60 65 68 71 75 76 78 
82 86 87 93 95 100 
29
4 7 10 11 12 13 15 17 20 23 30 32 
34 36 37 38 44 47 62 63 64 80 81 83 
87 91 94 97 100 
32
8 11 13 18 19 20 21 25 32 36 38 39 
42 44 47 53 57 59 60 61 66 68 69 70 
75 77 78 88 91 92 94 98 
28
5 11 13 20 24 31 36 37 48 54 59 60 
63 66 69 73 76 77 81 85 89 91 92 95 
96 97 99 100 
35
1 2 4 7 9 13 15 16 23 24 26 27 
31 39 40 46 49 51 52 53 54 55 63 66 
67 69 72 75 78 81 85 87 90 96 97 
29
1 2 12 15 18 20 21 23 30 31 32 33 
41 43 49 56 58 66 68 70 78 79 81 83 
84 85 87 88 95 
25
5 10 13 17 27 28 29 36 42 51 52 54 
55 57 58 62 70 72 73 77 88 90 92 95 
98 
28
14 18 19 22 25 28 29 32 33 37 39 43 
45 47 50 52 53 58 65 66 67 72 75 76 
80 82 92 96 
30
1 2 3 8 14 17 22 25 26 29 35 41 
42 47 51 55 57 60 63 65 66 69 71 76 
81 84 86 95 96 99 
30
1 2 4 5 7 11 18 24 26 27 30 41 
45 53 58 59 68 72 77 78 80 82 86 87 
89 90 92 94 96 99 
33
4 7 8 9 17 18 26 27 28 29 30 32 
40 42 45 51 59 61 62 63 66 67 72 75 
76 80 85 88 90 92 98 99 100 
31
3 4 7 8 10 11 13 15 16 20 22 31 
48 49 53 54 55 62 67 68 69 73 75 77 
78 85 89 90 91 96 98 
28
9 11 13 15 16 17 23 39 42 43 47 48 
50 51 52 57 58 59 63 67 72 76 77 78 
85 87 91 95 
23
9 11 12 13 24 25 27 33 35 39 40 49 
51 52 53 59 63 64 89 91 92 96 98 
29
1 4 6 8 11 12 14 18 20 23 31 33 
42 44 48 50 51 54 67 74 75 80 83 84 
85 88 96 98 100 
37
3 7 8 10 13 16 17 22 25 26 27 28 
32 33 35 36 37 40 43 50 54 55 57 59 
62 63 70 71 75 76 80 83 84 86 87 91 
100 
33
4 10 13 16 17 18 20 22 23 28 36 37 
38 40 44 45 48 50 51 55 65 70 72 73 
74 77 78 80 84 92 95 96 99 
37
1 2 3 4 9 11 14 15 16 20 24 25 
31 42 43 50 51 53 54 56 57 61 64 66 
67 69 70 72 74 75 78 84 86 88 93 94 
96 
24
5 10 14 16 23 24 32 35 38 48 50 51 
63 67 71 73 75 78 82 83 91 94 95 100 
28
1 5 8 9 11 14 17 18 29 30 36 38 
39 40 41 47 53 60 64 65 74 75 81 84 
91 93 96 97 
38
6 7 10 14 16 17 21 22 27 30 31 32 
36 37 38 39 40 43 45 47 51 56 59 64 
66 72 78 79 80 82 85 87 88 90 91 93 
95 96 
19
2 14 16 26 40 42 43 44 45 46 54 56 
70 71 74 80 96 97 99 
29
2 5 7 10 16 18 19 23 25 28 29 39 
40 49 50 51 54 55 57 58 60 68 73 80 
83 84 87 90 92 
30
3 4 10 13 15 17 20 21 22 23 24 29 
35 36 44 46 53 60 69 73 74 76 77 80 
81 82 86 97 98 100 
28
3 5 7 11 14 15 18 23 26 40 44 45 
49 50 58 67 68 72 73 75 78 82 83 84 
86 91 93 95 
28
3 7 17 18 19 22 31 32 36 38 39 41 
43 45 56 57 62 65 67 70 72 77 82 86 
87 89 97 99 
38
2 4 6 9 10 13 15 21 26 29 33 34 
35 45 47 49 50 55 56 58 63 64 65 69 
70 71 72 75 78 79 86 88 89 90 92 95 
97 100 
27
5 10 16 17 19 24 28 33 44 45 47 49 
50 51 53 65 66 71 72 76 79 80 91 93 
95 97 100 
26
4 5 7 11 12 16 18 24 28 31 34 42 
43 46 51 52 62 63 68 77 78 85 87 89 
94 98 
31
3 4 8 11 15 27 37 39 42 43 44 46 
48 53 54 55 56 57 60 62 64 65 71 72 
73 77 82 84 92 94 97 
29
1 8 9 10 13 23 24 27 36 44 45 51 
55 60 61 64 68 72 73 74 75 77 78 79 
81 82 83 84 89 
25
1 5 8 36 38 39 40 43 44 52 53 55 
57 58 65 66 69 72 74 76 82 83 85 87 
97 
36
1 4 6 11 13 14 21 22 23 24 27 28 
30 31 32 34 35 45 47 48 49 51 54 61 
62 64 66 71 73 74 78 82 93 94 95 100 
29
7 8 9 12 13 16 18 22 25 29 42 45 
51 54 57 62 65 69 71 77 78 79 80 84 
85 87 93 97 99 
28
2 3 4 6 10 12 16 19 20 28 33 39 
44 48 49 50 54 57 60 63 66 73 74 76 
83 89 90 100 
33
1 8 10 11 12 21 23 24 27 28 30 41 
42 45 46 50 51 52 53 55 60 65 68 69 
71 74 79 81 83 85 89 91 99 
23
5 14 23 25 34 39 47 48 49 51 54 57 
59 60 64 76 79 80 83 87 90 91 97 
24
5 8 13 14 15 16 17 32 38 43 57 58 
61 64 67 75 78 79 80 82 86 91 92 98 
34
6 9 13 14 20 21 23 27 31 37 40 41 
45 46 47 49 50 51 53 54 56 63 65 66 
74 75 76 82 84 85 87 91 96 100 
35
1 2 5 7 9 10 19 20 26 31 32 34 
35 37 38 42 45 48 49 50 52 64 65 67 
76 77 80 83 86 87 89 90 95 96 100 
30
3 6 10 11 14 20 21 23 28 29 40 41 
44 48 52 54 56 58 59 60 67 79 80 83 
85 87 92 94 96 99 
36
4 9 13 15 17 18 19 24 25 27 28 32 
33 35 37 39 41 42 46 52 57 58 62 72 
73 82 83 85 87 88 90 93 96 98 99 100 
26
2 4 7 9 19 20 21 26 31 37 39 41 
42 46 51 54 56 60 61 69 70 75 84 92 
96 100 
25
6 8 14 15 17 20 23 26 31 34 37 39 
43 45 52 54 57 60 73 76 84 86 87 93 
100 
31
1 8 10 12 13 14 15 19 26 30 31 32 
35 39 45 47 50 52 55 58 63 75 81 83 
84 85 86 87 89 96 99 
31
1 6 7 10 13 14 15 18 19 21 22 23 
24 26 27 37 40 41 42 48 60 63 64 75 
81 82 83 95 97 98 99 
26
3 13 17 21 26 28 29 34 37 40 41 47 
48 54 56 57 62 65 70 71 72 76 88 89 
99 100 
24
12 13 14 15 17 20 22 23 29 32 41 44 
51 55 57 60 71 78 80 86 91 95 99 100 
31
14 18 21 25 26 27 31 32 36 39 40 45 
46 51 52 56 59 64 66 72 73 74 75 77 
78 80 81 82 90 91 100 
31
1 5 8 9 14 20 21 22 28 29 30 31 
32 39 41 44 47 53 55 56 59 62 63 70 
79 83 88 89 90 96 99 
25
5 6 7 8 20 22 24 28 29 34 40 42 
43 49 59 64 67 70 72 74 81 95 96 98 
100 
26
1 4 8 12 13 17 30 31 32 34 36 47 
53 59 60 64 71 75 79 84 85 86 89 94 
95 98 
30
2 4 9 13 16 21 23 25 27 34 35 39 
45 54 58 59 63 67 68 72 78 80 82 85 
88 90 91 93 96 97 
34
1 2 6 10 12 15 18 22 26 27 30 31 
34 39 40 42 43 47 51 53 55 56 57 61 
63 65 66 67 79 82 87 94 98 99 
26
7 17 22 25 28 29 30 37 42 43 46 55 
56 62 63 64 68 71 73 77 78 82 85 92 
97 99 
32
1 2 7 10 11 16 17 20 21 24 25 28 
33 34 39 40 49 54 55 59 66 67 75 78 
80 81 83 84 87 88 89 98 
28
4 5 7 14 17 21 30 31 32 34 42 44 
50 51 62 63 64 68 74 79 82 83 84 92 
93 94 99 100 
23
7 9 10 14 15 18 21 24 30 33 38 45 
59 64 66 71 72 83 84 92 94 97 100 
27
2 5 13 19 24 25 26 29 30 31 33 37 
38 41 43 57 61 64 65 66 70 72 91 92 
94 96 98 
32
4 5 6 7 9 13 15 16 17 30 34 41 
44 46 52 55 56 62 65 67 74 75 80 83 
84 88 89 90 94 96 97 98 
30
1 7 9 11 13 16 21 27 32 33 39 41 
45 52 54 55 58 63 70 72 78 85 86 91 
93 94 96 97 99 100 
30
7 9 10 14 15 18 19 25 27 28 30 34 
39 44 48 50 52 55 57 60 61 64 67 68 
78 84 90 92 96 97 
24
2 8 9 13 20 22 30 32 36 40 42 43 
46 52 54 56 65 66 75 79 86 87 98 99 
35
3 7 13 15 18 25 26 28 29 30 35 45 
46 54 56 57 58 59 60 62 64 65 66 69 
71 72 74 75 77 80 81 86 89 90 99 
29
8 10 11 14 16 22 25 31 34 35 36 43 
45 54 58 65 68 71 72 75 76 78 86 87 
89 90 92 96 97 
24
4 15 17 23 27 28 29 35 37 44 46 51 
54 55 60 70 75 78 81 85 89 93 94 96 
20
16 20 21 31 40 45 55 56 62 64 65 70 
71 72 77 78 83 85 93 94 
29
1 6 7 8 9 13 22 30 33 34 36 37 
38 42 46 48 58 66 68 71 72 74 75 78 
83 85 87 89 91 
31
5 6 8 9 11 17 21 25 29 32 37 41 
43 49 52 53 59 60 63 64 70 71 73 74 
76 77 89 93 96 99 100 
18
13 20 23 25 28 31 33 40 44 50 60 74 
80 86 90 93 96 100 
31
5 14 21 22 25 30 36 37 41 44 46 47 
48 49 50 54 55 59 60 61 62 69 71 73 
77 80 82 85 87 96 97 
27
4 5 8 10 20 22 27 29 30 32 34 36 
44 46 47 55 58 59 66 69 71 73 74 77 
86 91 92 
25
8 10 12 14 24 27 35 41 45 46 51 54 
55 58 63 66 67 71 72 75 77 79 91 98 
99 
30
1 4 5 8 9 11 17 20 24 25 27 28 
29 35 36 40 41 45 46 56 57 60 64 66 
67 68 76 77 82 89 
31
2 4 9 10 11 14 15 16 17 19 30 37 
38 41 44 48 50 52 56 57 59 61 63 65 
77 79 83 88 93 98 100 
29
2 4 5 6 10 12 19 25 26 27 32 34 
36 37 43 47 48 56 57 63 65 68 73 75 
82 84 89 90 95 
23
1 11 14 27 29 34 35 38 39 40 43 44 
45 50 51 60 61 62 67 75 83 94 97 
32
5 7 9 14 16 18 20 29 34 38 39 40 
48 54 55 59 60 61 62 63 64 69 73 77 
79 82 87 89 90 92 97 98 
36
2 9 10 11 12 16 18 19 24 25 29 30 
31 32 46 51 53 57 58 60 62 63 64 65 
70 76 79 83 85 88 89 90 93 94 95 99 
26
9 12 15 20 21 23 24 27 30 35 44 53 
55 57 59 68 69 71 72 80 81 89 94 96 
97 99 
41
1 7 10 11 12 20 21 22 23 24 27 29 
30 36 41 44 45 48 51 52 56 57 63 65 
68 69 70 75 78 79 80 81 84 85 88 91 
93 94 95 96 99 
23
9 13 16 30 42 51 54 55 56 61 62 65 
70 72 77 79 81 82 85 88 91 94 99 
22
20 21 32 36 38 40 41 50 58 60 61 65 
66 68 72 80 85 87 89 90 93 99 
28
9 14 17 19 20 27 28 30 31 35 36 42 
46 47 48 50 51 56 68 69 70 71 72 74 
77 92 98 99 
25
6 9 15 21 27 30 35 37 38 42 44 47 
55 56 57 59 63 67 68 75 78 79 96 98 
100 
32
3 4 7 9 12 20 22 24 27 30 33 36 
37 42 45 46 56 59 63 69 73 74 79 80 
82 83 86 89 90 96 98 99 
31
1 4 6 9 12 16 17 18 22 23 24 26 
28 33 38 39 42 43 44 45 46 52 55 57 
64 69 77 79 84 89 90 
35
7 8 9 13 14 16 18 20 21 23 25 30 
35 38 42 49 51 52 53 56 59 61 63 65 
66 74 75 78 80 82 88 89 90 98 100 
25
2 6 7 13 14 17 19 21 27 28 30 31 
51 53 54 56 58 60 63 64 80 91 94 99 
100 
36
2 3 8 10 15 17 19 21 22 25 26 28 
30 31 34 35 45 49 50 52 53 54 58 63 
67 68 69 70 73 76 78 82 85 87 97 99 
28
5 9 15 21 22 23 27 28 33 34 35 38 
40 42 44 59 60 64 65 67 74 77 81 86 
87 89 90 92 
20
2 3 6 10 18 19 29 31 35 36 45 46 
47 54 56 61 77 87 88 89 
25
2 3 10 17 19 21 27 33 44 49 58 62 
64 67 70 74 77 78 79 83 84 89 94 98 
100 
22
4 11 12 15 16 18 24 35 38 42 44 51 
52 54 59 63 68 73 77 84 88 99 
26
7 9 10 14 18 21 36 38 41 43 50 53 
55 57 60 63 66 67 70 72 77 78 80 85 
94 99 
25
1 3 4 5 12 15 17 34 36 37 42 44 
46 49 51 57 60 65 76 77 79 85 86 88 
95 
28
1 3 8 10 16 22 23 28 31 32 33 34 
38 39 43 56 60 67 69 78 82 83 85 86 
90 96 97 99 
32
3 4 9 10 11 12 18 22 28 30 31 39 
44 49 51 53 55 57 68 76 79 81 83 84 
86 87 88 92 93 95 96 97 
26
2 4 5 7 18 22 23 31 38 40 41 44 
45 49 53 54 58 59 61 66 70 71 72 80 
82 90 
28
7 9 10 11 16 18 22 23 24 28 29 30 
37 38 43 46 47 50 54 56 58 61 62 72 
75 82 85 96 
30
4 5 8 9 10 13 14 21 23 25 26 32 
36 40 46 47 53 54 56 58 59 60 61 65 
66 87 95 96 97 98 
38
1 3 6 7 12 13 16 17 24 25 28 29 
30 34 36 38 42 46 50 54 56 58 61 62 
66 70 71 77 80 82 83 85 92 93 94 95 
97 99 
32
2 6 9 11 19 21 24 25 26 32 39 44 
46 51 53 54 56 58 59 64 65 69 72 73 
78 79 81 88 89 90 93 100 
38
5 8 17 18 19 21 24 28 29 34 35 38 
43 45 47 48 51 52 53 57 60 61 66 69 
74 76 81 82 83 86 87 89 91 92 94 95 
96 99 
27
4 7 11 13 21 28 30 32 33 35 37 42 
51 54 55 57 59 61 75 78 84 92 93 94 
95 97 99 
28
2 4 6 9 11 13 15 21 24 29 30 31 
38 39 42 49 50 55 58 60 63 76 82 84 
87 94 96 100 
41
1 3 8 12 13 14 16 17 20 22 23 24 
28 30 32 33 36 37 38 42 43 46 47 48 
54 63 66 69 70 72 74 77 78 81 84 86 
87 90 94 98 99 
40
4 6 8 9 13 16 18 24 26 28 29 32 
36 38 42 45 50 53 55 56 58 59 64 65 
66 67 68 76 78 79 80 81 82 83 87 92 
94 97 98 100 
31
1 4 10 12 13 20 28 30 34 37 39 40 
41 42 43 50 54 60 61 71 73 78 85 87 
88 92 93 95 96 98 99 
27
1 5 7 14 22 24 26 28 34 35 37 40 
42 45 49 51 55 64 65 67 79 81 86 87 
88 93 100 
27
11 12 13 15 17 19 26 27 28 37 38 39 
54 61 67 70 71 72 75 77 80 81 85 86 
92 94 100 
30
3 4 6 12 17 18 19 32 43 46 47 52 
53 59 60 64 65 66 67 69 74 80 81 82 
88 89 91 98 99 100 
38
3 6 8 10 13 16 17 18 19 20 22 23 
28 29 30 40 41 42 45 46 50 53 61 62 
63 66 69 70 75 76 77 81 84 85 89 91 
95 96 
37
6 7 8 9 10 12 15 17 19 20 21 25 
39 40 43 48 53 54 56 58 59 64 66 68 
70 72 73 74 75 76 78 82 86 88 91 92 
100 
33
1 4 6 14 16 18 19 22 23 24 27 28 
32 35 36 43 44 45 49 51 53 57 61 69 
70 71 78 82 85 87 94 95 98 
36
3 5 7 10 14 19 24 27 28 31 32 35 
36 37 38 39 40 44 45 49 50 55 57 68 
71 75 76 79 83 89 91 92 94 95 97 99 
32
1 2 3 7 9 10 16 21 24 29 32 34 
37 40 44 48 53 58 59 61 65 66 76 77 
84 85 87 91 92 93 97 98 
39
4 5 7 10 12 17 20 24 29 33 35 36 
37 38 40 43 44 46 47 50 53 55 57 58 
63 69 70 71 72 74 75 85 90 91 92 93 
94 97 100 
29
1 5 11 12 16 17 18 19 20 22 23 25 
29 30 38 42 49 51 57 64 65 66 75 78 
83 84 92 95 96 
41
1 6 9 13 15 16 25 26 28 29 30 34 
38 41 42 44 45 46 49 53 57 58 61 63 
66 70 73 76 79 81 84 85 87 88 89 90 
91 94 95 96 99 
37
2 5 7 8 10 16 18 19 26 27 28 36 
45 46 47 49 52 54 56 58 59 60 62 66 
67 69 73 83 85 87 88 89 90 91 92 93 
94 
31
1 3 4 6 16 20 25 26 29 33 34 38 
39 40 41 43 50 51 52 58 60 65 70 75 
78 79 80 81 86 87 90 
30
4 5 6 7 8 14 15 17 23 28 31 38 
40 41 43 44 51 52 56 57 59 61 68 71 
74 77 79 91 96 99 
27
3 7 13 14 17 25 28 31 34 36 39 44 
46 47 56 63 65 69 72 75 80 81 83 86 
98 99 100 
26
2 11 13 19 21 23 25 29 30 41 42 44 
46 50 56 57 70 78 79 81 82 84 85 86 
94 96 
19
9 10 18 21 24 25 28 37 40 41 44 45 
48 60 72 81 87 88 99 
31
1 2 5 7 8 14 16 21 23 24 25 26 
31 34 35 36 44 47 48 49 55 59 65 69 
71 85 88 89 91 92 97 
32
6 7 8 21 24 27 28 32 33 34 37 39 
43 44 45 46 53 57 58 59 63 66 70 71 
72 77 87 89 90 92 94 97 
26
2 4 9 12 13 16 17 21 25 26 32 33 
34 36 46 48 52 55 59 65 69 73 75 77 
82 85 
34
1 2 5 8 10 13 17 18 19 20 25 27 
37 39 46 48 51 53 56 57 69 72 74 75 
78 79 80 84 85 87 90 92 97 100 
36
6 7 9 12 15 26 30 33 35 40 43 45 
47 51 53 54 57 58 59 60 65 70 73 74 
77 79 80 81 86 88 89 92 93 98 99 100 
31
4 7 15 17 21 25 29 30 32 36 37 39 
42 47 48 53 57 62 68 70 77 80 82 83 
84 87 90 91 93 96 99 
32
1 13 17 19 24 26 30 32 33 36 37 41 
47 50 51 52 55 56 64 67 68 69 70 71 
75 82 83 87 89 91 92 98 
37
3 5 6 8 9 13 16 18 19 21 22 24 
25 26 28 31 32 35 38 40 46 50 52 54 
58 62 63 66 75 77 78 84 87 89 91 95 
99 
32
2 5 6 8 10 16 25 27 31 36 38 40 
42 44 45 49 55 57 60 64 65 70 73 76 
77 78 80 83 86 88 93 98 
28
1 2 10 14 15 17 18 23 33 37 40 42 
44 54 55 56 58 60 61 63 66 67 72 74 
80 84 91 100 
28
2 5 10 12 16 20 21 22 26 27 34 35 
41 42 46 48 54 55 58 59 60 61 63 66 
75 83 87 100 
29
6 7 15 16 17 24 34 35 36 37 46 48 
51 54 57 59 61 62 67 70 71 75 76 82 
83 91 96 97 100 
26
9 12 14 17 18 23 27 28 30 32 33 34 
40 44 45 46 47 58 69 71 72 74 80 87 
94 99 
32
3 4 7 8 10 15 18 20 21 22 29 30 
40 45 47 49 51 54 58 61 66 72 73 74 
76 80 82 83 85 87 95 97 
28
1 2 4 9 10 11 14 15 22 30 33 34 
40 41 49 58 63 73 81 86 87 90 91 92 
94 96 99 100 
27
1 16 22 28 35 38 41 44 51 56 59 61 
62 66 69 73 75 80 81 83 85 86 89 91 
94 97 98 
26
1 12 13 15 19 20 22 23 26 27 31 36 
60 62 65 69 72 75 78 83 87 89 90 94 
95 100 
31
2 7 10 15 21 23 26 27 31 32 35 40 
46 49 50 54 60 63 67 73 76 77 79 80 
81 83 85 88 92 97 100 
25
4 6 9 15 17 19 24 31 34 36 49 51 
53 58 60 61 63 65 74 77 85 91 93 96 
98 
34
2 5 6 7 13 15 16 17 18 19 20 25 
30 31 34 41 43 45 49 53 55 64 65 66 
67 68 70 72 81 86 92 97 99 100 
28
13 15 16 19 24 26 32 35 37 41 44 45 
46 49 56 58 60 63 66 67 68 74 75 78 
81 84 85 86 
