400 200
1 1 1 1 1 1 1 1 1 1 1 1 
1 1 1 1 1 1 1 1 1 1 1 1 
1 1 1 1 1 1 1 1 1 1 1 1 
1 1 1 1 1 1 1 1 1 1 1 1 
1 1 1 1 1 1 1 1 1 1 1 1 
1 1 1 1 1 1 1 1 1 1 1 1 
1 1 1 1 1 1 1 1 1 1 1 1 
1 1 1 1 1 1 1 1 1 1 1 1 
1 1 1 1 1 1 1 1 1 1 1 1 
1 1 1 1 1 1 1 1 1 1 1 1 
1 1 1 1 1 1 1 1 1 1 1 1 
1 1 1 1 1 1 1 1 1 1 1 1 
1 1 1 1 1 1 1 1 1 1 1 1 
1 1 1 1 1 1 1 1 1 1 1 1 
1 1 1 1 1 1 1 1 1 1 1 1 
1 1 1 1 1 1 1 1 1 1 1 1 
1 1 1 1 1 1 1 1 
62
1 2 5 11 12 14 16 25 28 29 32 34 
38 39 47 48 49 52 53 59 62 65 72 79 
85 86 88 89 91 94 97 102 103 105 107 108 
109 111 113 119 123 129 134 138 141 144 146 148 
149 151 155 158 159 162 178 180 183 188 189 190 
195 196 
52
12 13 14 18 22 29 34 38 43 45 47 51 
53 55 56 60 62 63 65 74 75 76 86 96 
97 100 102 106 107 111 113 118 123 124 125 131 
135 137 146 156 162 167 168 172 174 178 182 188 
189 193 195 196 
67
2 7 10 13 14 17 19 21 22 25 26 27 
28 32 37 39 40 42 43 44 49 53 65 72 
74 75 81 82 85 89 90 92 96 98 99 101 
105 106 108 112 117 118 119 123 126 128 129 135 
136 138 142 143 144 152 154 156 157 165 167 168 
171 172 180 182 183 186 192 
60
1 4 5 9 14 17 18 21 26 27 34 37 
40 44 48 49 52 53 55 56 57 61 69 70 
72 73 76 77 83 84 85 86 89 92 94 98 
103 106 107 108 121 123 124 126 132 134 141 142 
145 153 156 167 174 176 179 181 191 194 196 199 
56
2 3 6 10 15 16 29 34 35 38 40 44 
45 47 48 49 51 54 55 60 63 69 70 72 
74 76 79 81 85 86 93 94 95 105 114 117 
123 126 128 131 133 135 139 147 150 154 156 160 
167 175 179 185 186 188 189 190 
62
3 4 7 10 15 16 21 26 29 31 32 37 
43 45 51 52 53 54 55 59 63 65 66 68 
73 81 88 96 97 103 104 105 106 108 114 115 
116 117 125 131 132 137 146 148 149 154 155 157 
158 159 165 166 169 179 184 187 190 192 193 194 
195 200 
66
7 8 11 12 15 19 20 21 22 24 29 35 
39 40 42 47 48 49 57 59 60 66 67 72 
80 88 90 97 98 101 106 107 110 111 113 114 
115 116 121 123 125 131 136 138 144 145 150 151 
152 153 156 158 160 161 163 166 167 168 171 175 
181 182 186 188 197 198 
58
8 11 19 21 26 27 28 33 34 44 51 57 
58 62 65 66 69 73 75 81 82 84 85 86 
99 105 107 108 111 114 118 120 122 124 128 129 
132 139 143 145 148 150 157 160 165 169 171 172 
174 176 177 179 181 188 189 191 193 196 
56
2 3 4 8 11 12 13 19 26 35 45 46 
50 51 53 54 57 59 69 70 75 79 81 83 
85 86 90 92 98 103 113 115 117 122 125 130 
132 133 134 135 136 139 143 144 150 156 163 168 
173 182 184 186 188 190 195 199 
43
2 5 18 19 26 27 33 38 39 57 58 59 
66 74 75 80 83 90 92 95 97 108 109 112 
119 122 125 127 128 134 139 142 144 148 151 152 
153 159 165 170 192 195 197 
59
2 17 34 35 36 41 44 49 50 51 52 56 
57 58 59 62 65 68 75 83 86 88 89 96 
97 100 103 106 112 113 121 124 128 131 135 137 
141 145 146 147 149 155 156 159 161 164 165 167 
170 171 173 177 179 188 190 193 195 198 199 
63
1 6 7 10 15 18 27 29 30 31 32 33 
39 41 43 48 49 53 55 57 60 61 62 65 
69 71 73 76 82 83 86 88 101 105 107 110 
118 119 122 123 124 125 136 143 146 147 148 150 
151 164 170 174 175 178 179 182 184 185 187 189 
196 199 200 
63
8 9 13 15 16 18 22 23 26 34 35 44 
45 47 49 51 55 57 61 66 72 73 82 89 
94 95 99 100 101 102 103 105 107 108 112 117 
119 125 130 133 134 137 140 141 142 150 154 155 
157 158 159 161 167 170 172 174 179 180 193 194 
196 197 198 
61
3 6 11 13 17 20 28 34 41 47 50 52 
56 58 72 74 76 79 81 82 86 87 92 94 
98 107 109 114 117 118 120 122 124 125 127 130 
131 134 135 136 144 145 146 147 153 154 158 159 
161 168 171 174 177 184 186 187 189 191 193 194 
198 
51
1 4 6 11 19 20 23 25 32 33 39 41 
49 58 61 70 78 79 80 83 86 87 89 93 
94 95 100 101 114 123 124 133 135 136 137 142 
143 154 160 161 162 163 165 170 176 178 182 185 
187 194 197 
54
1 4 6 8 10 11 15 16 18 23 24 26 
27 28 29 33 42 51 53 60 63 66 69 73 
78 86 87 91 94 96 99 106 107 114 115 126 
128 134 136 146 158 159 160 161 162 164 167 175 
185 192 193 194 196 200 
57
8 11 15 16 18 20 26 28 29 30 31 39 
41 42 45 50 53 56 57 60 63 64 65 66 
68 72 78 80 87 89 90 92 96 99 102 104 
117 124 126 130 131 136 138 139 142 151 152 154 
159 160 169 171 174 175 189 193 198 
60
1 4 10 13 20 24 26 27 28 32 33 37 
44 45 48 52 57 60 63 69 71 73 76 80 
90 91 93 95 99 103 109 115 126 127 130 136 
138 146 152 154 156 159 160 165 168 170 176 177 
179 181 183 184 186 192 193 195 196 197 198 199 
65
6 7 10 18 19 22 23 26 28 34 35 38 
39 41 45 47 48 50 52 54 56 61 62 65 
68 73 75 81 82 84 89 91 92 93 99 101 
105 107 109 110 112 117 128 132 134 136 138 139 
141 150 152 154 156 159 160 163 168 171 172 184 
185 189 191 196 197 
63
1 5 8 12 13 14 20 21 27 29 30 31 
42 43 44 46 51 55 56 61 65 67 70 71 
72 74 75 92 94 96 97 103 107 110 112 114 
126 127 131 136 140 143 149 151 152 155 159 163 
164 167 169 173 177 178 179 180 181 182 184 186 
189 195 196 
54
3 5 8 9 11 12 15 16 17 23 24 27 
46 52 56 68 80 81 82 83 84 95 96 98 
104 118 123 124 125 127 137 138 140 143 144 149 
150 157 159 160 162 163 165 166 168 176 178 183 
184 186 189 191 192 200 
54
7 13 21 26 31 35 37 38 39 43 44 47 
50 53 54 55 58 68 75 76 79 90 93 96 
98 110 111 115 117 119 123 124 128 130 135 136 
138 151 154 155 159 162 163 169 173 175 180 187 
189 191 192 193 194 200 
66
3 9 11 12 14 15 17 20 23 28 31 35 
36 40 42 44 46 52 55 56 60 61 62 69 
71 72 74 76 77 81 87 88 104 105 109 111 
122 124 125 126 127 128 132 133 134 137 138 140 
141 145 147 149 155 156 160 165 166 168 174 175 
177 179 181 183 186 191 
68
2 5 14 16 20 23 26 27 28 30 31 33 
34 37 40 48 49 51 53 54 67 68 71 73 
74 75 83 84 85 86 89 92 93 95 98 101 
106 108 109 110 113 116 117 120 121 123 125 128 
130 139 146 148 150 153 154 156 160 162 163 165 
171 172 174 185 186 191 194 195 
62
7 8 17 22 23 32 33 42 46 47 49 50 
54 55 58 59 72 74 76 78 84 89 90 91 
92 93 100 103 105 110 111 112 114 115 118 125 
129 133 140 141 148 152 153 154 157 161 165 167 
168 169 176 178 179 183 184 186 189 191 192 193 
195 199 
57
1 2 9 10 12 13 15 18 20 22 23 34 
41 44 46 47 56 57 63 66 68 69 75 77 
84 87 90 92 93 97 99 101 103 106 113 114 
121 128 132 133 134 142 143 158 163 169 170 174 
175 177 178 183 184 188 191 193 194 
60
5 6 7 12 17 18 20 29 33 35 37 38 
40 41 42 43 45 48 49 51 53 58 64 68 
69 73 74 76 77 79 83 85 86 90 94 96 
98 100 102 103 108 126 128 135 141 147 151 158 
159 160 161 171 172 182 184 185 190 197 198 199 
49
1 2 6 8 9 12 15 18 20 24 31 40 
43 55 57 58 61 66 67 69 73 76 85 87 
88 89 91 94 109 116 118 120 125 129 137 151 
152 153 155 162 165 168 170 171 180 191 194 195 
199 
61
2 7 10 11 15 19 21 26 27 28 31 33 
38 39 45 50 57 60 62 63 67 68 74 77 
79 80 81 92 93 94 96 100 101 103 111 112 
115 117 118 121 127 128 129 133 134 135 141 143 
153 156 161 165 166 171 173 175 176 183 189 197 
198 
61
2 5 6 9 15 16 17 23 24 25 43 44 
47 49 50 51 62 65 68 72 74 75 79 81 
86 88 91 96 99 102 107 108 111 112 114 116 
117 118 119 120 122 124 125 129 130 135 141 152 
154 159 168 172 176 177 178 181 183 190 196 198 
199 
52
1 9 15 25 28 34 35 45 47 48 52 54 
58 59 63 68 70 82 86 87 89 96 98 99 
101 108 113 114 118 120 122 123 129 130 132 133 
137 138 153 155 157 168 173 176 179 180 184 191 
192 193 194 197 
56
3 4 11 24 31 33 37 40 46 48 49 51 
55 57 61 63 66 74 77 79 80 82 90 98 
99 102 112 117 119 122 123 128 131 132 134 135 
142 143 149 150 153 156 160 166 169 170 173 174 
175 176 180 182 183 189 195 200 
58
2 8 19 22 24 25 26 32 42 43 44 48 
52 55 60 61 64 65 70 74 76 82 83 85 
88 91 93 96 98 99 100 101 111 123 130 137 
138 139 145 146 147 148 149 152 162 163 164 165 
168 174 183 185 191 192 194 197 198 199 
53
2 4 13 17 19 22 26 29 30 31 33 34 
36 43 51 52 54 57 59 62 65 72 75 77 
78 89 94 102 104 113 114 129 132 135 137 140 
141 142 145 154 158 159 165 169 171 172 173 179 
183 194 195 196 197 
50
7 11 13 20 21 23 25 28 34 38 42 43 
47 49 53 60 76 78 80 83 86 88 95 114 
118 121 122 124 129 133 136 139 142 144 146 147 
149 153 154 161 164 165 166 173 177 180 184 185 
194 197 
61
5 10 12 21 25 26 27 28 30 34 36 38 
42 44 52 53 56 63 67 68 69 72 73 74 
83 86 88 90 93 96 102 109 117 118 123 127 
129 132 134 138 141 143 146 148 149 154 155 156 
162 164 169 171 180 183 184 189 191 192 193 196 
200 
65
1 2 3 4 10 12 15 18 21 29 30 32 
33 35 43 48 55 56 58 62 68 70 74 76 
77 86 88 89 91 95 97 99 101 104 110 112 
114 115 116 119 123 125 126 127 134 138 139 144 
145 147 148 149 150 151 152 162 163 167 170 171 
176 184 191 196 199 
64
4 6 14 15 19 22 24 25 27 28 30 31 
32 35 37 42 49 54 59 66 68 69 72 73 
75 76 77 78 80 81 85 88 90 93 94 95 
103 106 110 114 122 127 130 131 133 137 138 146 
148 154 156 164 165 166 169 170 172 176 183 185 
195 196 197 200 
57
1 11 14 15 18 26 27 34 36 41 42 45 
47 49 54 58 60 61 65 66 75 78 81 84 
85 86 91 92 93 95 96 101 105 106 107 108 
113 115 116 121 132 133 139 150 151 155 164 169 
173 175 176 185 188 190 193 195 196 
44
2 3 8 23 25 26 30 33 36 40 51 55 
60 61 68 73 74 75 78 80 81 88 101 103 
118 120 125 139 143 144 152 155 158 164 166 167 
176 177 181 182 183 184 190 197 
55
3 4 5 11 12 17 19 27 28 29 34 36 
41 43 45 53 54 55 57 61 63 65 69 73 
81 88 90 91 93 105 109 113 119 120 122 125 
127 129 134 141 146 148 167 172 173 177 179 180 
181 183 187 189 190 192 197 
59
1 2 5 6 7 13 15 16 21 24 30 31 
32 38 44 45 51 52 53 55 60 64 67 70 
72 78 81 82 84 85 87 90 96 99 100 102 
106 109 112 113 118 119 121 133 134 135 140 145 
151 156 157 158 159 169 175 183 185 191 194 
71
2 4 5 8 12 14 15 20 21 28 31 32 
33 36 40 44 46 48 49 50 56 59 61 63 
70 73 74 75 93 96 101 102 106 108 115 116 
118 120 121 122 125 128 129 132 138 140 143 144 
148 149 151 152 155 157 167 168 169 170 172 175 
176 177 178 179 180 183 187 188 191 195 198 
68
6 8 12 13 20 21 27 30 38 41 42 43 
44 45 46 48 49 57 61 64 72 74 75 76 
78 79 80 87 88 91 92 93 94 96 102 104 
107 108 114 115 121 123 130 133 137 140 143 144 
145 151 152 153 155 156 159 162 165 169 173 176 
179 184 187 191 192 193 195 198 
63
1 3 5 9 10 14 21 23 24 32 34 36 
39 44 45 54 55 60 62 65 67 70 71 72 
78 79 83 84 86 90 93 103 104 108 109 110 
112 118 120 128 129 130 131 135 136 138 141 146 
150 151 154 156 159 162 166 176 179 181 185 187 
192 194 200 
70
3 4 7 9 20 22 27 33 35 36 39 40 
44 47 50 54 55 61 62 63 66 67 72 74 
79 84 85 86 87 94 96 99 100 105 106 107 
110 116 118 120 125 126 127 130 131 134 136 140 
142 143 147 150 152 156 157 158 159 161 163 168 
171 172 173 176 178 184 186 193 194 200 
59
5 6 7 10 16 17 21 24 25 30 31 35 
40 47 50 51 53 54 55 56 59 62 64 78 
83 88 90 91 96 97 98 101 102 107 111 117 
126 127 129 136 138 141 147 150 153 156 157 158 
159 163 167 177 180 181 190 195 196 199 200 
65
1 2 5 6 9 14 19 25 28 31 34 38 
39 41 47 48 55 61 62 65 71 76 92 101 
102 110 111 114 118 126 128 133 136 140 143 144 
145 147 148 152 153 155 156 157 158 160 161 162 
163 165 169 170 171 173 174 177 178 181 182 185 
191 192 193 195 198 
66
2 4 6 8 11 12 16 21 22 30 31 34 
35 36 40 45 48 49 54 58 60 61 64 68 
72 73 84 88 91 93 97 106 110 118 119 120 
121 127 131 132 135 137 139 140 148 149 153 159 
163 164 165 169 170 171 174 175 177 180 181 182 
185 187 195 196 197 200 
66
2 4 12 14 16 17 21 28 32 34 37 43 
46 47 51 53 55 57 59 64 67 69 71 72 
73 74 76 79 80 81 82 83 86 91 92 97 
100 105 116 117 119 120 121 123 126 127 132 145 
149 150 155 157 158 159 164 171 172 173 177 180 
185 187 189 193 197 198 
60
1 2 11 12 15 19 21 23 29 30 35 42 
45 47 53 54 55 57 59 60 64 65 66 68 
74 75 77 88 92 96 109 114 115 116 117 119 
121 122 123 126 135 142 143 153 154 156 157 161 
163 164 169 179 180 183 184 185 190 192 194 199 
58
4 5 6 8 14 17 21 27 32 34 35 45 
48 49 51 54 55 57 58 60 61 62 63 70 
71 75 79 91 93 95 100 105 108 118 119 120 
123 131 132 134 139 140 144 150 153 160 162 163 
170 171 176 180 182 183 189 195 199 200 
56
1 2 3 5 10 16 22 24 28 30 31 32 
40 43 44 50 52 54 66 69 79 84 85 91 
96 102 103 105 117 119 125 126 129 136 138 142 
144 146 149 154 161 163 164 174 176 179 182 183 
186 188 190 193 194 195 198 199 
59
6 8 11 12 14 15 19 25 43 49 54 57 
58 61 62 67 71 74 76 80 81 82 85 88 
90 92 97 98 100 102 103 110 112 116 117 126 
127 133 137 144 145 149 152 154 155 158 159 160 
164 165 166 167 180 181 184 189 195 196 199 
65
2 3 4 7 10 13 14 15 18 20 29 38 
44 45 48 52 57 58 61 62 66 67 68 69 
72 73 74 75 81 86 90 91 94 95 97 98 
100 104 111 126 127 131 139 141 143 149 150 151 
154 161 162 164 165 168 170 173 174 182 183 186 
188 190 191 198 200 
70
1 2 4 6 12 16 19 23 25 28 34 36 
37 47 48 51 63 65 66 67 69 70 72 77 
78 83 84 86 93 95 96 97 100 104 105 108 
109 110 111 112 114 115 120 124 138 139 140 141 
150 151 159 162 163 168 169 170 171 176 177 178 
180 181 182 184 185 188 195 196 198 200 
50
3 7 8 9 10 16 18 21 29 41 46 52 
63 64 67 68 70 74 75 81 83 86 87 91 
92 101 103 106 109 115 120 121 126 129 134 142 
146 148 155 158 161 162 167 168 173 175 179 180 
183 190 
64
5 8 9 10 16 19 23 27 36 40 43 45 
49 51 52 53 54 61 70 72 73 75 77 79 
82 83 88 89 92 93 95 96 100 102 104 105 
108 109 112 114 116 117 119 120 122 124 125 128 
132 133 134 137 138 146 152 154 159 162 170 171 
179 186 187 188 
52
3 5 7 20 27 30 32 33 36 37 40 47 
49 51 59 69 70 73 74 77 81 90 91 98 
102 104 108 109 117 125 127 128 133 136 138 141 
143 144 162 168 172 176 178 179 180 181 184 186 
188 196 197 199 
62
2 5 6 7 21 23 29 34 39 43 45 47 
48 49 51 52 57 58 61 68 72 73 74 81 
83 86 90 98 102 104 108 109 111 112 120 122 
123 126 134 135 140 141 143 149 153 155 156 161 
162 164 170 171 172 173 174 177 187 189 191 195 
196 197 
65
4 5 6 11 21 29 30 33 35 36 37 41 
45 46 52 58 60 62 69 71 74 81 84 85 
86 90 91 98 99 100 102 123 124 126 130 136 
137 144 145 146 147 148 151 152 153 154 156 157 
158 162 163 165 166 168 169 171 176 179 184 185 
187 190 192 196 199 
65
2 6 11 12 13 20 25 26 27 28 34 35 
36 38 39 46 49 53 54 56 58 61 64 76 
79 81 89 90 102 106 109 111 112 113 117 122 
123 125 133 134 138 139 140 149 153 155 158 159 
161 163 164 169 170 171 177 179 182 183 185 186 
187 192 194 197 198 
54
5 6 8 10 12 13 14 16 18 23 25 27 
33 39 41 48 49 56 63 65 66 69 76 81 
83 87 95 104 106 108 113 120 121 126 127 136 
137 139 143 146 153 155 158 160 165 168 172 173 
177 179 183 188 191 195 
68
3 5 11 13 15 16 20 21 28 29 30 41 
42 44 46 47 49 50 54 60 61 71 73 78 
83 84 86 87 88 89 90 92 94 101 104 107 
109 112 114 121 122 123 131 134 141 144 145 146 
147 153 155 156 158 159 160 165 169 174 175 178 
184 186 189 190 192 194 195 198 
52
1 9 12 23 25 34 38 41 42 43 45 55 
58 60 61 63 66 70 73 76 77 78 79 84 
85 86 88 89 113 114 116 125 126 135 137 139 
141 142 145 151 160 164 165 175 177 181 184 190 
193 194 197 200 
68
1 6 13 17 23 28 32 34 35 37 38 42 
50 53 56 60 63 64 65 68 69 71 72 75 
79 84 85 88 97 98 101 104 105 106 107 108 
109 112 113 114 117 118 122 123 130 133 134 135 
136 142 143 146 148 150 152 154 157 158 160 162 
167 176 179 182 185 194 196 197 
68
3 5 7 11 13 14 16 22 25 29 34 37 
42 45 46 49 50 52 55 56 59 60 61 63 
68 69 74 76 78 83 85 86 87 90 91 94 
99 101 103 116 119 121 125 128 130 138 139 140 
141 142 151 152 156 162 165 166 167 175 176 182 
185 186 187 188 191 194 196 200 
55
1 3 4 7 13 24 26 31 37 40 43 45 
46 47 48 49 59 71 73 78 81 82 84 87 
94 95 102 103 105 107 113 119 121 123 130 132 
134 135 143 146 150 153 156 159 161 162 169 170 
171 173 175 180 184 185 186 
59
4 5 13 15 18 24 25 26 27 28 30 32 
35 41 44 46 51 52 55 61 64 67 68 74 
82 83 92 95 100 101 102 105 106 107 108 109 
113 120 128 130 131 134 143 146 153 154 158 159 
163 172 174 176 178 182 183 186 189 191 196 
70
2 4 7 8 9 18 21 23 25 26 27 32 
36 37 40 42 46 48 50 56 57 59 61 67 
69 73 74 76 78 79 87 89 95 96 97 99 
102 104 105 107 113 117 122 123 124 126 128 131 
132 137 140 142 144 145 148 150 151 156 162 163 
172 175 178 179 181 185 186 187 189 191 
59
2 5 6 16 17 18 20 21 24 25 26 29 
34 35 40 42 43 44 46 50 53 55 59 61 
67 74 75 78 80 83 90 92 97 107 109 112 
116 119 139 142 144 145 146 151 159 160 162 163 
167 169 171 173 174 180 181 192 195 196 199 
58
5 6 17 18 19 25 30 32 34 35 37 38 
43 48 53 56 61 63 75 76 79 81 82 86 
92 93 94 96 99 101 104 105 107 108 110 111 
112 117 118 122 127 130 136 140 141 143 150 153 
154 166 170 179 181 184 188 190 195 196 
58
1 5 6 12 16 20 21 25 29 31 35 38 
44 45 49 54 55 60 63 66 67 68 70 71 
75 78 81 86 97 102 106 108 114 116 118 119 
123 125 129 134 139 148 150 152 154 159 161 165 
167 169 170 172 182 183 192 195 198 199 
64
3 4 5 11 13 14 16 18 21 26 27 29 
30 31 32 43 46 51 59 62 65 66 68 72 
73 74 75 76 78 83 84 87 90 93 102 108 
110 114 115 119 121 124 128 131 132 138 140 147 
148 149 154 157 158 160 162 169 170 178 179 189 
190 194 196 199 
56
5 11 17 19 20 23 31 33 34 43 47 51 
52 56 57 61 64 67 70 71 74 79 81 82 
88 100 103 109 110 113 116 117 118 122 126 129 
131 132 134 141 142 156 161 163 164 166 168 170 
171 172 175 184 185 186 193 197 
52
1 5 7 11 15 21 27 28 31 34 35 39 
42 64 73 74 75 78 79 84 89 92 94 108 
109 119 126 130 132 134 141 146 152 154 165 166 
169 174 175 176 179 181 182 184 185 188 191 192 
195 196 199 200 
63
6 9 13 14 17 20 22 23 24 31 34 35 
36 37 38 39 45 47 51 52 54 59 61 62 
65 67 68 69 86 90 93 97 98 103 105 106 
107 110 113 116 117 125 129 136 138 140 142 143 
145 147 150 152 153 155 158 160 164 179 182 185 
186 187 192 
60
1 2 4 6 12 14 15 21 24 28 31 35 
41 42 48 52 56 59 65 66 67 71 74 77 
78 79 81 83 85 91 100 102 106 109 115 116 
119 127 135 140 142 143 144 146 148 155 156 165 
169 170 173 175 176 181 189 190 194 197 199 200 
57
11 15 17 22 31 32 34 35 40 44 48 52 
54 58 61 64 66 70 74 76 90 95 101 104 
109 112 114 117 118 124 125 130 134 135 137 139 
148 151 152 153 154 156 159 160 166 167 170 172 
177 178 181 182 187 190 193 195 196 
58
5 6 13 16 17 18 29 34 35 38 41 43 
45 49 50 52 56 57 58 60 62 63 65 67 
69 71 78 80 94 96 105 107 110 113 115 116 
128 129 133 134 135 138 140 147 150 156 158 160 
161 164 171 172 182 183 185 192 194 195 
64
5 15 18 21 23 24 30 32 33 34 35 40 
42 43 49 51 53 54 60 62 65 68 71 73 
76 77 85 86 96 97 102 107 108 110 111 112 
115 119 120 122 124 126 134 135 137 138 144 154 
155 157 159 160 161 170 172 174 175 178 181 183 
185 193 195 198 
65
2 6 10 12 14 17 18 19 28 32 34 36 
39 42 45 50 56 57 59 62 64 68 69 72 
79 82 83 86 89 90 91 94 96 97 100 101 
105 107 112 114 118 122 123 126 129 130 132 133 
136 137 138 143 158 164 165 168 169 170 171 174 
180 181 183 194 198 
57
2 4 14 19 22 23 32 33 34 36 38 39 
44 45 46 54 57 60 61 62 70 72 75 79 
80 82 85 87 92 94 96 98 100 102 105 121 
122 127 128 140 146 161 162 167 169 175 177 178 
180 183 184 185 191 195 196 199 200 
67
1 5 6 7 10 12 15 16 17 23 24 25 
30 35 36 48 53 58 61 62 65 66 68 69 
72 73 76 77 85 86 95 107 109 111 112 115 
116 117 119 120 123 125 126 130 131 133 134 136 
137 143 145 146 148 151 156 159 160 163 164 165 
173 177 180 181 183 191 194 
50
2 4 6 19 22 24 25 26 50 52 53 58 
65 67 75 79 80 84 87 88 92 96 98 100 
105 108 110 115 116 118 122 123 128 130 137 140 
153 154 156 157 160 161 162 165 169 174 176 183 
188 189 
54
3 4 7 11 15 18 19 20 21 31 33 35 
39 41 42 44 60 62 63 65 66 76 77 80 
85 87 92 95 101 115 120 136 137 142 144 146 
148 149 151 154 156 157 162 168 171 173 175 178 
182 183 184 186 194 199 
62
3 5 7 9 10 11 19 21 24 25 27 33 
34 37 40 48 56 57 65 67 72 73 79 80 
81 82 85 86 87 98 99 101 103 104 111 113 
119 122 126 128 132 137 139 140 141 144 145 148 
154 155 160 166 167 175 177 179 181 183 185 188 
189 198 
70
2 6 17 19 20 22 23 26 27 28 30 33 
38 39 42 43 44 47 48 50 55 56 58 64 
67 68 72 74 78 79 82 83 86 87 88 90 
92 96 97 98 100 103 105 108 109 112 113 115 
117 121 125 128 131 137 138 140 141 143 144 152 
153 156 160 161 167 175 190 194 195 200 
64
1 2 3 9 12 14 15 23 24 29 31 32 
33 34 38 45 50 55 59 62 72 76 79 81 
88 89 94 98 101 102 104 105 106 108 109 110 
111 112 117 120 122 123 125 129 136 142 149 152 
158 162 164 166 170 177 178 180 181 182 183 186 
188 193 198 199 
61
7 11 13 18 19 20 27 28 31 41 42 44 
46 48 56 61 71 76 77 80 81 83 84 85 
89 90 91 94 95 96 97 98 100 102 106 112 
114 120 132 136 137 142 143 146 147 153 154 160 
161 162 165 166 174 180 182 184 186 187 189 197 
198 
53
6 13 20 29 30 33 34 37 38 39 46 48 
50 51 53 54 59 62 65 71 72 78 81 83 
93 94 101 104 111 114 117 118 119 128 132 134 
138 143 148 151 158 160 161 163 164 172 179 182 
190 191 193 194 196 
63
5 10 12 14 15 25 26 29 34 37 41 48 
49 50 51 53 57 64 65 66 69 75 84 87 
92 101 103 110 111 112 114 115 119 121 122 124 
127 129 131 137 142 147 151 153 156 158 159 160 
162 163 164 167 168 171 175 179 180 182 186 188 
191 194 197 
52
1 6 7 15 23 37 40 42 44 45 52 57 
59 65 73 78 79 81 87 91 96 99 102 104 
108 113 115 118 121 122 125 132 134 135 136 137 
139 142 144 145 146 150 157 161 163 173 174 181 
187 190 191 193 
63
2 3 5 10 12 25 27 28 31 32 34 39 
41 43 46 49 51 53 55 62 64 66 67 68 
77 78 83 84 87 89 92 94 95 103 105 108 
111 113 114 121 122 124 127 128 130 138 143 145 
150 151 155 156 157 158 174 176 179 188 191 192 
193 196 197 
60
2 8 9 11 12 16 22 23 24 25 28 35 
36 45 48 50 51 53 57 60 62 63 64 67 
68 69 78 83 86 87 88 90 95 97 100 102 
108 109 118 128 132 133 136 137 139 150 151 156 
158 160 161 165 168 175 184 186 192 194 195 197 
61
5 14 17 18 20 25 32 36 37 38 43 45 
47 50 55 61 62 65 67 70 71 72 77 79 
82 85 92 97 100 101 102 105 109 111 114 116 
117 118 120 121 125 128 132 136 137 138 141 146 
158 160 161 168 169 170 176 179 190 191 193 195 
199 
60
1 5 6 8 11 13 16 17 21 22 27 28 
35 39 40 41 45 46 49 53 62 67 72 76 
83 88 101 103 105 107 108 111 112 113 122 125 
130 131 135 136 144 145 149 151 153 154 159 160 
163 167 169 172 175 176 179 180 183 193 195 196 
55
5 6 9 10 18 28 34 35 39 41 43 48 
50 51 54 57 58 60 64 69 70 73 74 76 
81 83 90 94 96 99 100 103 108 118 121 122 
128 129 135 136 137 153 156 160 162 163 165 166 
178 185 187 192 194 195 200 
59
2 4 6 7 9 11 14 15 17 23 30 33 
34 35 36 37 40 41 46 50 52 55 57 58 
59 65 67 71 76 84 90 92 93 94 101 103 
105 112 114 115 119 121 136 140 142 147 148 153 
161 165 169 170 182 184 185 186 188 189 191 
62
1 3 8 13 14 16 18 19 21 22 33 35 
36 41 42 43 47 51 53 56 57 59 65 70 
80 81 91 95 106 111 112 115 117 118 128 131 
134 137 141 143 145 146 149 154 157 161 163 164 
166 167 168 169 170 175 177 179 185 189 191 195 
197 198 
57
1 7 8 9 10 15 20 28 29 35 40 44 
52 53 55 57 59 61 62 64 72 75 80 82 
83 85 90 92 98 100 102 109 110 112 117 119 
120 122 123 125 130 140 147 150 154 158 162 166 
171 177 180 184 191 192 193 197 198 
62
1 3 5 6 11 14 18 19 24 26 28 29 
31 32 44 50 51 54 55 56 61 63 69 70 
76 77 80 81 90 91 93 95 104 111 114 115 
118 119 129 131 132 133 136 141 142 144 145 148 
152 156 158 166 171 172 175 183 185 189 193 194 
197 198 
56
9 16 17 18 22 27 32 40 42 44 48 51 
54 58 62 66 70 80 81 83 84 86 89 93 
99 103 105 107 111 112 115 117 121 124 132 135 
136 142 143 147 150 152 153 159 161 163 165 169 
171 176 178 184 188 189 192 196 
57
4 9 10 14 16 20 22 27 31 34 35 39 
44 49 58 59 62 63 71 72 74 75 77 80 
83 85 88 90 96 100 101 103 107 109 110 113 
117 118 121 126 127 128 129 136 138 141 143 150 
155 160 171 172 173 176 178 185 192 
55
2 4 5 9 10 14 16 17 26 28 29 32 
39 41 49 50 54 57 60 67 69 70 76 78 
79 83 84 86 88 89 92 96 102 103 106 108 
110 115 140 142 145 147 149 162 166 170 175 177 
179 187 189 190 193 196 200 
72
3 5 6 18 20 22 23 25 28 29 34 35 
36 37 40 41 44 45 48 51 52 55 56 60 
71 72 75 80 82 83 84 85 86 89 91 94 
95 97 106 108 109 110 112 114 118 120 123 127 
129 130 132 134 140 143 147 149 152 154 160 161 
162 163 167 171 180 186 190 192 193 194 196 200 
59
2 6 7 8 9 11 12 14 15 16 19 22 
29 31 37 41 52 53 54 61 67 76 78 85 
91 93 98 99 102 103 107 110 116 117 119 120 
122 129 130 133 136 139 143 146 148 151 153 165 
167 179 182 184 185 188 189 190 192 193 196 
54
1 17 22 24 29 35 40 46 50 52 53 57 
58 72 73 74 77 79 81 83 84 92 94 95 
96 99 104 106 108 117 120 121 122 130 132 133 
138 139 144 149 155 159 160 163 165 167 169 174 
178 181 182 183 185 186 
52
4 9 10 14 16 17 24 33 38 39 43 47 
57 60 64 65 66 73 77 78 80 84 85 87 
92 98 99 101 102 104 112 113 123 125 130 134 
136 146 148 149 150 151 168 170 173 177 178 182 
186 188 193 196 
53
1 3 14 15 16 27 30 34 35 38 39 41 
42 49 51 52 53 54 58 59 67 71 77 81 
92 93 99 105 107 109 110 118 122 124 125 130 
140 154 160 163 164 165 167 171 178 180 182 183 
187 190 191 198 200 
67
1 5 9 13 14 15 25 27 28 34 39 48 
50 54 56 57 60 66 68 78 79 80 81 83 
93 97 98 99 101 102 103 105 106 107 111 113 
114 115 120 123 125 126 127 129 130 135 136 139 
140 144 145 149 153 162 163 164 166 167 175 176 
178 179 181 186 192 194 196 
62
2 6 7 11 12 14 17 19 20 21 24 26 
27 33 35 46 48 57 61 65 71 72 76 85 
87 88 90 93 97 99 100 102 104 105 107 108 
111 113 116 123 124 126 130 134 136 138 139 140 
142 144 147 156 164 166 169 171 173 177 179 184 
189 190 
68
1 2 3 5 6 12 13 15 19 22 24 27 
36 41 45 49 58 64 70 74 75 78 83 85 
87 92 93 99 100 101 108 111 113 114 119 120 
122 123 124 128 132 133 135 136 141 142 149 153 
158 159 161 162 167 168 169 170 171 173 177 180 
181 184 185 188 189 190 193 195 
58
2 4 5 8 12 14 18 23 30 35 37 42 
44 49 50 56 57 58 59 60 69 72 75 88 
90 92 94 98 102 103 105 111 114 117 120 130 
131 133 139 145 146 150 151 152 153 154 155 159 
163 164 174 180 182 186 188 191 192 197 
49
6 7 12 21 22 26 33 36 38 46 52 53 
55 60 61 62 67 69 77 84 85 95 97 101 
104 105 111 113 114 126 131 133 140 142 159 161 
162 163 169 171 175 180 183 184 190 195 197 198 
200 
61
1 3 4 9 11 12 14 16 17 19 24 25 
41 49 50 57 58 76 79 81 83 85 88 90 
92 97 100 106 107 109 113 119 120 122 126 131 
137 138 139 142 143 144 146 148 150 154 155 157 
166 170 173 175 179 180 183 185 189 192 194 195 
199 
60
2 5 13 16 21 26 27 30 33 34 36 37 
38 46 49 51 53 54 61 66 76 77 78 81 
82 83 89 91 94 95 97 98 99 104 108 109 
116 119 125 130 133 134 140 144 147 150 154 155 
156 160 167 171 180 188 190 194 196 197 198 199 
64
2 3 4 6 7 15 16 23 25 26 32 41 
43 45 46 47 58 63 64 67 68 75 77 81 
94 96 99 103 108 109 114 115 122 125 127 134 
135 136 138 141 144 150 152 153 154 155 156 158 
161 163 166 167 168 169 171 173 175 181 185 186 
191 194 195 197 
62
7 9 14 18 20 24 25 27 28 30 31 35 
36 37 39 43 44 52 55 56 60 62 65 66 
70 72 79 83 87 88 89 93 94 97 108 114 
115 120 123 135 137 138 140 141 143 149 156 158 
159 167 171 173 175 177 183 185 187 188 191 192 
194 197 
57
3 6 8 10 12 15 21 27 28 29 30 32 
35 38 39 41 43 48 51 53 56 60 61 62 
77 78 80 84 94 95 98 100 101 104 107 110 
112 113 115 117 123 126 128 129 130 132 144 150 
157 158 164 180 185 190 191 193 196 
54
1 2 4 11 19 24 29 31 36 45 47 52 
57 59 63 65 70 71 72 76 77 84 85 89 
90 95 100 109 111 115 123 125 131 132 133 135 
138 149 158 164 166 168 169 172 173 177 178 180 
183 184 186 189 193 198 
63
8 9 11 14 16 25 26 27 28 30 32 33 
39 42 43 44 45 53 56 59 61 62 68 71 
76 77 87 89 91 93 95 104 108 110 111 114 
117 118 119 126 130 132 139 148 149 150 151 152 
153 158 168 170 173 174 176 181 184 187 189 192 
195 196 199 
63
5 6 7 9 13 15 18 21 27 28 31 32 
42 44 46 47 49 50 55 58 62 63 65 72 
73 74 75 78 80 81 85 88 89 90 91 95 
104 108 109 110 111 116 117 122 126 127 131 144 
145 148 151 152 153 154 156 159 161 174 176 180 
185 195 196 
52
3 12 13 16 29 30 33 34 42 43 45 46 
50 54 61 71 76 82 83 84 90 94 95 99 
102 104 107 112 113 115 123 127 130 131 142 143 
150 153 161 162 163 165 170 171 174 179 180 181 
186 189 194 197 
60
2 9 13 15 19 21 25 28 29 38 39 44 
48 50 55 57 61 63 66 70 73 74 79 80 
84 89 98 100 105 113 115 116 118 121 122 126 
128 131 132 133 134 137 140 145 146 148 152 154 
161 178 179 182 183 187 190 192 193 194 195 199 
69
6 9 10 11 20 25 28 31 32 38 39 41 
46 48 50 51 54 57 60 63 64 66 68 69 
71 73 75 81 82 86 91 95 103 107 108 109 
110 112 113 114 120 122 131 133 135 138 140 142 
144 146 151 155 156 157 158 160 161 162 163 167 
171 172 173 174 182 188 190 192 196 
66
2 11 14 17 19 23 25 27 29 34 37 42 
45 48 49 52 55 56 58 62 67 70 74 76 
81 83 84 89 93 95 98 100 109 113 115 117 
122 123 124 126 130 131 138 139 140 146 149 150 
152 154 157 159 160 163 167 169 170 174 177 181 
182 186 188 190 192 200 
62
3 7 13 15 16 17 20 21 23 25 30 37 
39 41 42 44 48 56 58 63 69 70 73 74 
75 93 94 97 98 99 101 105 106 108 110 111 
112 114 123 126 129 130 134 135 137 138 140 141 
142 154 156 160 164 174 176 177 179 180 182 185 
190 197 
66
1 5 10 15 23 24 28 32 34 40 41 42 
43 50 51 54 59 61 65 68 70 73 77 81 
82 83 88 91 102 103 106 109 114 116 117 119 
126 127 128 131 133 134 135 136 138 140 142 144 
145 148 154 155 156 157 161 171 173 175 179 180 
182 183 187 191 192 200 
62
3 6 7 13 14 17 18 19 25 28 29 31 
32 35 36 40 48 49 51 54 57 63 65 68 
70 71 84 89 96 98 99 100 103 105 108 111 
113 115 126 128 129 137 142 146 148 151 152 159 
162 163 164 165 168 182 183 185 187 190 191 192 
193 200 
60
2 3 9 12 14 16 21 23 25 27 32 39 
41 44 49 52 54 55 57 58 68 72 74 77 
79 86 88 89 90 96 99 107 109 110 113 115 
118 123 127 128 131 136 137 142 143 150 151 152 
154 156 165 168 170 172 176 182 185 186 194 195 
65
7 10 12 14 18 20 26 37 38 40 42 43 
44 49 61 62 64 66 73 74 81 92 93 97 
98 101 102 103 104 117 119 125 127 130 134 136 
143 144 148 149 150 151 152 153 157 159 161 165 
167 170 171 173 176 177 180 184 185 186 190 192 
194 196 198 199 200 
58
6 9 10 17 22 26 29 31 32 36 39 44 
51 54 55 56 58 59 63 65 67 70 73 77 
78 79 83 85 91 96 97 98 103 104 110 111 
118 120 123 127 129 131 135 137 142 144 148 149 
153 155 162 168 172 175 178 187 189 199 
67
2 5 7 10 12 13 17 18 20 21 26 27 
28 32 33 39 42 48 51 52 60 63 67 71 
74 77 79 80 82 83 87 88 92 93 96 99 
101 102 107 110 117 119 120 121 125 128 129 132 
140 145 149 151 152 154 157 159 165 168 170 171 
173 178 188 189 191 194 197 
58
3 4 5 8 10 17 22 24 26 31 40 41 
43 50 51 53 55 56 57 59 63 65 69 70 
71 75 89 91 92 105 107 112 116 121 124 127 
128 129 130 131 134 135 137 138 139 143 150 171 
172 174 177 178 179 183 187 188 199 200 
64
1 4 7 8 12 14 15 16 18 24 25 28 
29 37 41 43 45 52 54 58 61 62 69 70 
73 75 76 78 79 87 88 91 100 106 107 112 
113 122 128 130 131 134 135 136 140 142 144 146 
148 149 152 155 156 158 160 166 169 170 177 186 
187 189 197 198 
70
4 5 10 14 16 17 21 25 26 27 35 36 
40 45 54 58 61 62 64 66 69 70 72 75 
83 84 85 86 87 88 90 93 96 97 98 101 
104 105 110 111 112 119 121 123 124 127 128 132 
134 143 144 145 150 152 154 157 158 161 163 164 
165 177 180 185 188 191 193 194 199 200 
61
2 6 13 16 18 28 29 34 36 43 44 49 
50 52 53 54 55 57 65 66 70 71 75 77 
80 85 90 92 94 95 99 101 107 117 122 125 
129 130 131 143 146 148 149 151 152 153 159 160 
163 169 177 179 180 181 182 183 189 190 193 198 
199 
56
6 12 13 17 19 26 29 30 31 32 33 42 
43 46 47 52 55 57 61 62 69 75 77 81 
82 83 85 90 94 95 97 98 100 106 116 122 
124 128 134 139 142 144 148 149 151 154 158 160 
166 167 170 172 180 185 188 200 
62
2 7 8 9 12 13 22 24 26 30 31 35 
38 44 50 51 52 54 57 58 60 61 64 73 
74 75 76 77 78 79 84 89 91 104 110 111 
114 132 133 135 137 142 145 147 150 151 155 156 
160 162 163 165 166 169 174 176 183 186 193 194 
197 199 
56
3 8 10 11 15 18 23 24 26 27 28 31 
35 47 48 50 51 54 55 62 63 84 85 89 
90 92 93 101 108 110 130 133 134 136 137 139 
144 149 150 153 159 160 162 164 165 167 168 171 
173 174 176 178 182 183 192 200 
56
2 3 5 6 11 17 22 25 29 30 38 39 
40 45 48 49 57 64 68 69 72 73 74 76 
78 81 97 105 106 111 113 114 115 129 133 136 
137 139 140 141 144 154 156 159 161 163 168 171 
176 178 179 181 183 185 188 192 
63
2 3 8 9 11 12 17 19 23 30 37 40 
41 42 43 54 65 68 69 70 71 77 81 83 
85 88 89 95 97 100 101 102 104 106 108 111 
113 116 117 123 126 131 136 139 141 142 145 147 
150 153 157 158 161 162 168 172 175 177 184 191 
193 198 199 
67
2 3 6 10 11 12 14 15 28 30 37 42 
43 44 45 49 56 57 60 65 67 72 76 80 
83 84 86 94 96 98 99 100 101 105 108 110 
112 115 116 117 119 120 121 123 131 134 138 142 
150 151 152 154 155 157 159 161 166 170 174 177 
179 180 181 183 193 195 198 
56
1 4 21 22 27 29 30 35 37 39 41 44 
45 48 51 52 55 56 62 68 71 76 77 78 
81 87 88 96 98 100 106 108 112 114 119 123 
124 125 126 127 134 138 139 149 158 159 162 171 
172 177 178 181 182 186 189 200 
57
5 7 8 11 17 25 26 31 32 34 36 37 
46 49 51 54 55 58 62 73 74 77 79 83 
88 92 104 105 107 108 109 115 116 124 125 134 
137 140 142 146 147 149 156 159 162 163 164 169 
170 171 177 179 184 187 188 191 200 
70
1 11 12 14 22 23 28 29 35 37 38 46 
47 49 50 52 56 57 61 62 63 65 72 76 
77 78 79 84 85 91 93 94 102 105 107 112 
118 122 128 129 130 131 138 140 142 144 145 147 
148 149 151 155 160 165 169 170 172 176 178 180 
181 182 184 187 188 190 191 192 193 195 
58
1 2 5 6 10 12 17 23 24 25 29 33 
34 35 43 44 46 47 48 49 53 56 59 60 
61 62 63 70 72 73 74 82 93 96 97 99 
102 104 110 118 119 124 126 137 138 141 142 145 
149 150 155 166 173 175 180 181 192 198 
59
4 8 9 14 15 18 19 23 24 26 33 42 
43 50 51 53 65 66 69 70 78 79 80 87 
89 92 93 98 103 105 114 116 117 118 119 124 
130 137 138 139 142 146 154 155 156 159 162 164 
167 168 169 174 177 179 180 182 183 184 189 
58
2 4 6 7 12 17 22 27 29 37 39 40 
46 48 51 52 55 57 60 62 63 65 68 73 
77 82 85 95 98 101 102 105 107 112 113 127 
132 140 145 147 149 150 156 159 160 161 162 164 
165 166 174 176 178 181 182 190 197 198 
60
3 6 9 11 13 26 28 30 31 36 39 45 
49 50 52 55 56 62 63 64 68 70 77 82 
85 86 87 89 90 97 98 106 110 115 119 123 
124 125 126 128 137 139 143 145 146 151 152 154 
158 160 163 170 173 177 180 189 190 191 194 199 
64
4 11 12 14 15 16 21 24 26 32 33 43 
44 47 48 52 54 55 59 64 67 68 73 76 
77 80 81 85 88 94 95 98 102 105 116 117 
119 121 124 127 129 134 135 140 144 145 146 147 
153 160 163 164 165 169 170 173 174 181 188 189 
192 193 197 200 
61
3 4 12 13 16 20 21 24 35 42 44 45 
46 50 53 54 55 57 59 61 63 64 72 82 
84 85 87 88 90 94 97 98 99 102 103 105 
106 110 112 113 120 122 123 126 130 132 135 137 
147 153 155 159 168 169 173 175 177 189 192 193 
195 
59
7 8 14 18 19 21 22 24 32 36 38 39 
40 44 47 48 49 56 59 61 62 75 81 84 
85 89 92 96 103 109 110 113 115 117 123 129 
130 132 139 141 142 144 145 147 148 150 152 156 
163 168 169 172 180 187 188 192 193 196 197 
59
1 5 6 7 10 18 19 30 33 39 41 43 
46 54 57 60 62 63 70 72 75 77 78 80 
81 84 92 93 96 98 102 104 107 111 119 120 
127 131 132 134 139 141 145 148 156 157 162 169 
171 172 175 179 181 185 186 188 189 191 193 
51
1 4 6 7 11 14 21 24 27 29 35 46 
49 52 53 58 62 70 71 72 75 77 80 85 
91 98 99 101 104 108 115 123 126 127 128 133 
134 135 141 148 155 160 161 170 171 174 182 183 
188 193 198 
58
1 3 5 15 16 19 23 27 28 29 33 34 
35 40 45 46 49 51 53 54 60 64 65 67 
68 70 72 74 80 81 85 92 93 95 102 106 
110 113 115 118 122 123 124 127 137 138 139 142 
144 153 154 166 173 177 178 179 186 192 
58
1 7 8 10 11 13 14 16 21 23 24 26 
27 30 36 37 38 52 53 54 56 59 65 67 
69 70 76 78 81 86 92 101 104 107 111 118 
131 132 133 136 138 142 148 150 153 154 155 156 
171 175 176 177 188 192 194 196 198 199 
63
1 2 5 6 11 15 29 31 33 35 36 37 
43 49 50 54 56 58 64 68 71 72 74 76 
77 81 85 90 92 93 95 97 100 101 105 106 
108 111 117 119 120 121 123 127 131 132 134 143 
145 154 160 162 163 169 170 174 176 178 179 180 
181 183 193 
65
1 2 3 4 14 15 19 20 31 32 33 34 
37 38 40 43 51 55 57 58 66 67 70 74 
75 79 82 83 86 89 92 96 97 99 106 113 
123 126 129 130 131 132 134 147 149 154 156 162 
169 173 174 176 177 179 182 183 187 190 192 193 
194 196 198 199 200 
62
3 7 12 19 20 24 26 28 44 45 46 50 
52 56 64 67 73 77 79 80 81 83 84 88 
89 90 93 94 95 97 98 102 104 106 108 113 
118 122 123 126 127 133 135 136 137 144 145 147 
149 152 154 157 159 161 162 166 168 169 172 181 
182 190 
53
1 7 8 10 18 21 24 32 33 43 44 46 
51 53 60 61 66 71 72 75 76 83 84 92 
97 98 99 102 103 104 115 116 124 126 130 132 
134 138 139 153 156 158 160 162 169 171 176 177 
186 187 188 193 196 
63
1 4 6 8 10 17 19 35 40 41 42 43 
44 46 50 51 56 57 60 62 72 74 80 81 
86 90 91 92 93 94 95 97 102 111 115 116 
119 121 122 123 129 130 134 135 136 137 141 145 
147 148 149 154 156 158 161 164 169 177 186 187 
190 194 199 
56
2 7 8 11 13 19 25 27 31 39 42 43 
46 47 50 54 58 61 64 65 67 68 71 87 
99 100 108 112 115 117 118 120 123 130 135 139 
144 152 153 155 157 159 163 166 168 169 170 172 
174 176 177 178 180 192 193 200 
48
3 11 17 19 20 28 32 50 55 56 60 61 
68 70 75 77 85 92 100 108 112 116 119 122 
125 126 129 131 135 139 140 145 146 147 157 159 
164 166 167 170 178 182 183 184 191 192 195 199 
54
14 15 18 23 24 31 38 45 46 48 52 59 
64 66 73 74 76 82 83 84 87 91 94 100 
101 106 109 119 121 123 124 126 129 132 134 142 
143 144 149 151 159 161 162 163 164 166 172 174 
184 186 189 194 198 200 
60
2 4 5 6 8 10 11 15 18 21 22 32 
33 34 49 52 56 59 65 66 69 73 74 76 
81 83 85 88 92 94 95 98 102 106 111 117 
121 127 132 136 137 139 142 149 151 155 158 159 
165 173 174 179 182 184 190 191 192 195 196 200 
58
3 9 11 14 15 18 19 20 24 26 27 28 
34 37 39 56 58 62 63 66 71 73 76 77 
80 81 86 87 91 93 97 110 113 115 117 118 
121 125 126 133 136 138 147 156 157 160 171 172 
176 179 180 181 186 191 192 193 194 196 
57
3 8 9 10 13 16 17 18 19 26 40 53 
59 66 68 69 71 76 78 81 85 86 87 90 
95 97 100 102 106 109 113 122 124 129 130 133 
134 139 143 149 158 159 163 164 166 168 169 174 
177 178 180 183 184 187 190 194 200 
57
5 9 17 20 23 26 27 32 40 55 58 63 
64 65 78 80 84 85 87 90 92 99 103 106 
108 109 115 119 121 124 125 127 132 134 136 140 
143 147 150 151 153 157 160 161 163 165 175 177 
180 183 190 192 193 194 197 198 200 
67
5 6 7 10 11 14 15 16 38 42 44 45 
47 48 53 56 58 62 63 66 67 68 69 70 
71 72 78 86 89 90 94 96 99 100 101 107 
108 112 114 116 117 121 124 126 130 137 138 139 
147 148 149 150 152 153 154 157 158 164 167 169 
170 171 172 174 175 192 197 
61
1 10 13 16 17 18 19 22 29 30 32 37 
40 41 49 50 53 55 57 58 59 60 63 65 
66 69 73 78 83 84 89 93 94 95 96 99 
100 101 103 104 108 114 115 116 122 123 148 151 
152 157 167 168 173 179 185 190 191 193 195 197 
198 
69
1 3 6 7 9 22 27 29 32 35 36 37 
38 41 44 52 55 56 61 63 68 69 71 74 
76 78 80 82 83 86 88 89 90 93 96 97 
98 103 104 105 111 112 119 127 130 131 136 143 
145 146 148 152 153 155 157 158 159 160 164 170 
173 179 180 182 183 194 196 197 198 
55
4 7 8 11 12 22 31 32 35 36 43 49 
51 52 53 54 58 63 75 77 78 82 83 86 
87 90 94 95 98 104 105 109 115 116 117 121 
125 126 127 130 146 150 158 163 167 169 170 174 
176 179 188 190 192 197 200 
64
1 4 6 7 12 14 16 19 20 24 25 26 
27 31 34 38 42 44 45 49 51 53 54 56 
57 65 66 68 69 77 81 88 89 90 101 104 
107 112 115 118 126 128 129 134 135 139 140 146 
147 152 154 156 158 160 163 165 174 178 184 186 
187 193 194 195 
68
5 7 17 18 24 26 28 29 31 32 33 34 
38 39 45 50 52 56 57 61 64 65 71 72 
73 76 82 84 89 90 95 97 106 109 117 118 
119 124 129 131 132 134 135 137 138 140 141 143 
149 155 157 158 160 162 164 169 170 171 175 179 
180 183 186 187 190 193 194 197 
65
1 2 4 8 12 13 14 15 19 27 30 32 
42 43 44 45 48 53 54 64 69 70 73 76 
94 98 101 102 106 113 116 118 122 124 125 126 
127 129 130 134 137 142 144 152 153 156 159 163 
166 170 171 173 174 175 177 179 180 181 182 183 
184 189 191 192 199 
70
1 8 10 12 17 21 24 28 30 33 35 36 
39 44 47 48 51 53 55 57 60 61 64 65 
72 74 75 76 77 86 90 97 99 101 105 109 
110 112 114 115 119 120 124 126 127 129 131 132 
133 135 137 142 144 146 149 150 151 154 158 172 
173 176 177 178 179 180 181 196 199 200 
52
2 3 5 6 7 10 12 14 16 22 27 30 
33 41 43 48 50 52 54 61 63 72 76 81 
93 96 98 100 114 120 122 125 133 139 140 143 
145 146 152 158 161 166 167 171 173 174 177 180 
181 187 189 197 
62
1 9 12 15 19 28 36 37 39 43 47 48 
49 51 57 58 59 60 61 62 64 67 70 75 
80 81 82 85 86 93 100 104 105 109 110 111 
118 128 130 131 132 138 139 140 142 144 151 152 
164 166 171 174 178 180 182 183 184 188 191 193 
197 199 
66
9 10 13 17 18 19 28 33 35 39 41 43 
44 46 51 52 56 60 68 78 84 95 102 104 
106 110 115 119 122 125 127 128 131 133 136 137 
141 142 143 144 145 147 149 150 152 153 155 156 
160 163 168 170 172 173 176 177 182 184 185 186 
187 188 191 193 197 200 
64
1 8 12 13 14 15 24 29 33 34 36 40 
41 44 46 48 49 53 54 57 58 61 62 65 
66 68 73 74 75 76 79 82 83 86 87 93 
99 100 105 107 111 114 116 117 118 131 132 144 
156 157 159 163 164 169 171 174 176 179 183 185 
190 193 196 200 
61
2 4 7 15 18 19 21 26 28 29 36 40 
41 49 50 51 53 54 55 57 58 59 65 74 
78 80 83 86 87 91 97 98 108 111 114 121 
127 128 130 132 136 137 139 149 151 152 155 160 
163 166 167 168 170 172 182 183 187 193 195 199 
200 
56
2 4 7 13 17 24 25 28 29 32 39 42 
43 54 56 58 61 66 68 70 73 76 81 86 
94 101 102 112 115 118 126 131 135 136 140 141 
143 148 149 150 153 161 162 164 166 171 176 177 
182 183 186 188 189 193 196 200 
60
11 16 18 27 28 45 47 48 49 52 53 57 
59 66 68 69 70 71 73 80 82 85 89 91 
94 95 98 99 110 112 113 118 120 123 124 131 
135 137 140 141 142 150 151 153 155 157 158 166 
167 169 170 171 173 175 179 180 185 191 193 199 
65
2 5 10 14 18 19 26 27 29 33 34 38 
47 53 54 56 58 59 60 63 65 68 70 76 
79 80 83 85 87 96 98 104 106 111 113 120 
127 130 135 138 140 142 143 151 152 155 158 162 
165 166 167 168 173 174 175 182 183 186 189 190 
191 192 193 199 200 
60
2 4 5 11 13 14 16 20 23 27 29 30 
34 35 39 41 42 45 59 60 66 69 74 82 
86 89 93 96 98 101 105 111 114 115 117 120 
121 138 144 147 148 155 157 160 162 166 169 174 
175 178 180 181 182 183 188 189 190 195 196 199 
81
1 2 8 10 16 17 20 21 22 27 30 31 
37 38 40 41 44 47 48 50 51 54 55 56 
57 59 60 62 66 67 68 73 74 76 83 85 
88 89 92 93 95 100 102 106 107 111 112 113 
117 119 120 122 126 135 136 138 139 140 141 145 
146 151 154 155 157 159 160 161 163 173 175 176 
183 184 188 191 192 193 195 198 199 
60
5 7 9 12 17 19 20 21 23 25 28 29 
32 34 37 42 44 49 51 55 71 78 81 83 
84 93 95 96 97 99 102 105 107 108 111 116 
120 121 123 131 132 135 140 154 157 158 159 160 
161 167 171 173 175 177 180 182 187 188 190 196 
57
2 3 9 14 21 22 23 30 32 38 46 51 
53 60 64 65 70 71 74 75 78 87 88 96 
101 102 104 106 107 110 111 113 118 120 121 123 
126 127 130 131 132 136 139 143 147 151 152 157 
166 170 175 176 178 193 194 195 198 
57
3 4 7 9 10 12 14 17 22 32 33 37 
43 45 46 55 56 64 65 68 69 75 76 77 
79 81 90 91 94 95 99 105 112 114 126 127 
132 134 136 138 139 142 144 149 151 152 153 163 
166 168 176 177 181 187 188 189 200 
65
3 7 8 9 12 13 14 15 16 22 23 24 
26 28 33 46 47 48 57 64 73 75 81 83 
84 85 86 87 89 91 92 97 102 104 107 109 
110 113 118 123 127 130 137 141 142 145 146 147 
148 152 156 158 161 164 167 172 178 183 184 185 
186 187 189 194 198 
61
6 7 11 18 21 22 24 29 31 32 43 46 
48 53 55 56 57 58 59 60 65 69 74 80 
86 87 90 91 92 94 102 104 106 108 109 114 
115 120 125 128 130 134 137 139 148 154 155 157 
161 162 166 169 172 176 179 182 183 186 189 196 
198 
56
3 6 10 13 19 25 28 32 39 40 42 43 
44 45 50 51 54 55 59 63 65 66 67 68 
69 73 78 80 86 89 90 95 98 104 105 109 
110 115 121 123 134 144 146 149 150 162 163 164 
167 171 172 180 182 183 187 193 
61
1 11 13 14 17 25 33 42 44 48 52 54 
57 58 61 63 64 65 69 70 75 89 90 97 
99 101 108 109 129 130 131 135 138 142 147 148 
151 152 154 156 157 158 159 161 162 163 166 173 
174 175 177 178 179 184 185 186 187 189 191 195 
199 
66
3 6 12 15 23 24 36 39 40 41 43 45 
46 52 55 56 59 64 66 69 70 71 74 75 
84 86 87 89 101 103 105 108 111 117 118 119 
120 121 124 128 130 135 138 141 142 143 144 149 
151 152 156 157 158 160 162 163 166 167 178 182 
188 189 190 191 194 198 
64
5 6 11 14 17 21 26 36 37 38 39 40 
45 53 54 62 63 67 71 74 75 76 78 79 
80 81 83 84 89 95 96 97 103 112 113 115 
119 121 122 124 125 126 129 131 132 135 136 141 
142 143 145 155 156 161 168 169 171 178 179 180 
181 183 197 199 
53
8 9 17 27 32 39 42 43 44 48 51 54 
59 62 74 84 87 92 93 97 99 101 103 105 
108 110 113 115 119 125 128 131 134 143 145 146 
150 154 159 163 164 170 178 184 185 186 189 190 
193 194 195 198 200 
60
1 4 5 7 8 18 20 22 23 28 31 34 
36 37 38 40 42 45 47 49 55 56 58 61 
62 64 65 69 71 72 76 77 79 81 85 88 
92 97 99 109 112 119 121 124 129 131 133 139 
141 145 157 158 161 167 179 187 188 190 192 195 
53
2 4 6 11 18 22 25 36 49 55 57 60 
63 65 68 75 76 77 79 80 84 86 94 99 
100 101 103 104 109 110 116 120 124 125 132 134 
142 150 152 156 158 165 168 170 176 185 187 188 
189 192 193 198 199 
62
3 6 9 14 18 19 21 22 23 26 40 43 
46 50 51 53 54 56 58 61 62 64 67 70 
71 77 81 84 85 88 89 91 93 100 102 107 
111 112 114 121 123 126 132 134 135 139 141 146 
150 152 157 160 163 164 166 167 174 179 180 185 
188 190 
57
6 10 15 21 22 31 41 42 43 44 54 60 
61 64 65 69 71 72 74 78 82 85 86 93 
95 102 103 107 113 114 115 121 126 128 130 133 
135 136 141 151 152 153 154 159 161 162 163 171 
174 175 178 180 185 188 190 193 197 
66
2 5 10 11 12 13 14 17 24 26 28 30 
32 33 34 36 40 41 43 49 50 60 64 68 
69 74 79 81 82 86 87 97 100 101 103 106 
112 113 115 116 117 124 127 130 133 138 142 148 
149 150 152 153 155 157 158 164 165 167 170 171 
175 183 185 187 193 197 
59
3 4 9 14 17 21 23 24 25 28 34 35 
38 53 55 56 57 58 66 69 71 74 79 80 
83 87 88 93 96 99 102 104 108 109 110 112 
119 123 128 129 141 142 145 154 157 162 163 166 
171 172 179 181 183 184 186 192 193 194 195 
53
5 11 17 18 27 33 35 39 42 44 50 55 
56 60 68 71 73 82 93 94 95 96 100 103 
105 106 109 110 113 117 118 119 121 124 125 129 
134 137 138 139 147 155 166 168 170 175 176 183 
185 186 189 197 200 
68
2 4 6 9 12 13 14 16 19 25 29 32 
33 34 37 42 43 44 48 49 52 59 60 73 
74 76 77 79 81 82 85 87 89 90 94 99 
101 102 103 104 105 106 108 112 115 122 131 132 
133 135 137 138 139 140 141 146 149 154 157 163 
169 170 172 178 180 187 189 194 
53
2 4 5 8 10 11 12 13 15 19 21 25 
27 29 36 39 48 50 51 52 56 65 67 73 
79 89 90 93 98 102 104 107 111 119 122 134 
136 138 148 150 151 156 163 164 165 174 176 178 
186 194 198 199 200 
59
1 5 7 14 16 21 25 27 30 35 42 51 
52 54 55 58 59 61 63 67 70 76 77 78 
79 80 82 83 88 95 96 102 105 108 109 112 
113 117 121 122 123 125 128 129 133 134 135 137 
139 147 149 159 161 177 187 189 192 194 196 
61
1 5 6 13 15 17 18 22 25 32 33 37 
42 45 46 54 57 61 63 65 71 73 79 80 
81 84 88 91 92 94 96 102 103 104 105 106 
110 111 112 113 115 120 122 123 126 134 138 146 
147 151 156 158 162 163 182 185 187 192 195 198 
199 
56
2 13 16 17 18 19 20 26 28 29 36 37 
48 51 53 54 63 66 69 73 78 82 85 87 
88 91 93 94 96 98 101 103 104 109 113 116 
118 120 121 123 124 130 136 139 144 146 151 153 
162 165 166 170 172 174 177 184 
54
11 12 16 17 19 20 21 23 25 27 32 35 
36 39 42 46 50 63 67 71 73 74 75 80 
82 90 96 109 110 111 112 119 127 130 132 133 
139 141 143 145 146 147 148 152 158 164 165 166 
167 171 175 178 180 183 
58
8 10 12 15 17 18 19 21 25 28 31 32 
34 35 45 46 48 50 51 54 57 68 77 78 
81 82 84 88 93 98 99 104 107 109 111 116 
117 118 119 122 136 140 141 142 145 147 154 155 
161 164 169 182 184 185 187 191 194 197 
64
11 12 15 22 31 35 36 37 43 50 51 52 
56 57 59 66 67 70 71 73 74 76 85 86 
87 91 93 94 95 97 99 100 101 102 106 116 
120 128 129 130 131 132 135 138 140 141 143 147 
152 154 157 160 163 165 170 172 181 184 185 190 
192 193 198 199 
64
5 7 8 12 17 21 22 23 24 28 32 35 
36 42 45 46 49 53 65 66 76 77 78 79 
80 82 86 87 93 97 98 100 102 105 114 116 
118 123 127 128 130 136 137 142 143 144 152 155 
156 159 160 163 164 168 170 174 175 179 182 188 
190 192 195 198 
63
1 7 8 11 13 15 18 19 20 23 28 29 
30 34 36 37 38 44 45 53 54 64 70 71 
73 81 84 89 91 101 105 108 113 119 121 122 
123 129 130 132 134 137 138 140 141 147 150 153 
154 155 159 161 167 169 170 174 177 178 181 183 
187 199 200 
51
4 9 16 22 25 33 34 36 40 42 43 44 
45 58 60 62 64 66 68 69 72 75 81 82 
92 93 94 112 120 123 127 130 134 141 142 144 
146 150 151 155 156 158 168 171 174 176 177 180 
187 192 200 
58
1 4 7 11 24 28 36 37 41 44 45 48 
52 53 54 55 58 59 61 63 65 68 74 77 
78 80 83 84 85 86 87 92 93 97 105 106 
107 109 110 111 116 124 125 127 132 144 149 152 
154 158 172 176 180 182 186 187 195 197 
57
4 6 9 16 19 20 21 22 27 29 30 33 
38 41 47 55 57 60 67 70 72 74 86 88 
95 96 99 101 102 107 109 110 114 117 123 125 
135 136 137 139 141 144 150 151 152 156 161 162 
163 164 169 170 172 173 178 190 196 
67
4 5 10 18 21 23 24 30 32 37 38 39 
40 46 47 53 60 68 70 72 73 74 75 76 
80 83 85 94 96 97 98 101 103 105 106 109 
110 111 113 120 121 122 125 126 131 132 133 134 
142 146 150 152 155 156 157 160 161 163 172 173 
178 183 188 191 195 196 199 
65
3 6 7 10 19 20 21 24 28 30 31 34 
35 37 41 42 43 45 48 55 56 66 73 79 
83 87 88 90 94 101 103 106 110 111 114 118 
119 124 126 127 128 130 134 141 144 147 149 154 
155 156 159 165 169 173 174 175 176 177 182 183 
185 189 192 195 199 
69
1 9 11 12 13 15 18 25 27 28 29 30 
34 40 41 42 43 45 47 52 53 54 55 57 
59 60 64 66 77 78 81 84 85 86 87 88 
98 99 101 103 105 108 109 113 122 126 128 129 
136 137 139 142 144 151 154 157 158 159 165 166 
167 171 172 175 178 192 193 197 198 
56
3 6 7 8 9 14 31 33 36 43 49 51 
55 57 61 67 70 76 77 85 94 95 97 99 
102 105 106 107 110 111 112 114 116 117 119 120 
123 133 137 150 156 157 158 160 161 165 166 168 
170 173 176 180 191 194 198 200 
69
1 2 4 5 7 8 15 16 21 24 26 29 
32 37 38 41 42 55 56 58 62 63 64 65 
67 74 75 78 79 81 82 83 84 86 88 89 
90 95 96 98 101 103 106 108 110 120 122 129 
133 134 136 138 139 155 159 165 166 168 170 175 
178 180 181 188 191 192 194 197 198 
62
4 5 7 10 27 29 34 39 40 48 54 58 
59 66 69 70 73 74 75 78 84 85 87 91 
93 102 104 105 107 109 110 115 122 126 127 129 
132 135 137 138 139 140 144 146 148 150 151 153 
154 157 165 166 167 170 182 183 189 190 192 193 
195 200 
63
1 4 9 12 15 16 19 20 21 23 25 33 
34 35 36 39 46 47 49 53 57 60 63 67 
72 73 82 83 84 86 92 96 97 101 104 107 
108 116 117 118 119 122 126 130 131 133 134 144 
145 149 151 152 154 155 159 164 171 172 173 177 
194 198 199 
59
3 7 11 13 25 28 30 31 32 39 55 58 
60 62 63 70 71 72 73 74 77 80 82 84 
87 92 94 97 105 107 112 113 114 123 127 131 
135 138 139 141 142 143 144 146 147 150 152 154 
158 165 168 177 179 189 192 195 196 198 200 
62
1 2 10 11 15 21 22 25 31 32 35 41 
44 48 49 55 56 57 59 67 68 72 73 74 
75 82 86 91 96 99 100 101 109 110 111 117 
119 125 126 133 134 135 137 147 151 153 157 158 
159 160 161 171 175 180 184 185 189 190 191 192 
193 199 
67
3 5 8 11 16 20 21 23 24 26 27 28 
33 35 43 44 45 46 48 52 58 60 67 68 
69 73 80 83 88 91 95 96 97 106 107 108 
110 115 117 122 130 132 134 139 140 151 152 153 
154 155 156 161 162 163 165 168 173 174 178 179 
182 188 190 191 194 195 196 
62
2 3 6 7 9 13 15 16 18 19 36 40 
47 48 51 52 53 54 55 61 63 66 67 68 
70 72 75 79 86 93 96 103 108 110 114 115 
118 119 120 126 134 139 140 143 147 148 157 158 
166 168 172 175 176 178 179 181 182 183 184 187 
189 195 
67
1 8 11 13 17 19 23 27 28 31 32 33 
34 38 40 41 44 45 47 50 58 59 60 61 
62 63 65 74 81 82 89 92 94 95 97 98 
103 104 105 107 112 118 120 123 131 132 133 140 
145 148 152 153 155 157 160 162 163 166 171 173 
175 178 179 189 191 192 196 
73
2 3 4 5 6 14 16 19 24 27 33 36 
37 41 42 43 45 49 53 55 56 59 61 65 
67 74 75 78 81 87 89 92 93 96 100 101 
105 108 110 114 115 118 119 120 126 128 135 138 
141 145 149 151 153 156 160 161 167 168 169 172 
173 174 175 179 183 187 190 191 193 195 196 199 
200 
47
2 4 6 7 8 11 16 17 26 37 42 44 
46 49 53 54 56 60 64 69 70 72 76 84 
92 97 99 100 101 103 109 117 122 127 137 149 
150 157 160 169 172 174 176 177 186 192 200 
67
2 4 11 12 20 21 24 26 34 36 37 38 
41 43 46 47 51 54 57 61 62 66 70 71 
72 73 74 78 79 83 84 85 86 90 91 94 
95 97 108 109 110 112 122 128 129 133 134 137 
142 144 147 149 155 157 158 162 166 168 175 183 
184 185 187 192 193 195 199 
66
7 9 11 14 17 21 26 33 36 40 42 43 
48 56 58 61 64 67 70 71 74 77 79 80 
81 82 86 88 90 95 96 97 99 100 104 105 
112 113 118 120 121 122 123 127 133 134 136 139 
141 146 147 148 155 158 161 163 168 169 170 173 
181 182 183 184 188 196 
61
1 5 7 9 10 11 15 17 18 21 23 30 
32 34 37 47 54 61 62 63 68 69 74 75 
78 81 82 84 85 87 89 91 95 96 106 117 
118 120 122 130 131 133 134 143 151 152 154 162 
163 164 169 173 178 180 182 184 189 193 194 196 
199 
63
5 7 8 17 19 20 21 25 28 31 36 40 
42 52 53 54 55 57 59 61 65 67 73 77 
78 81 83 85 87 93 94 99 102 106 108 111 
112 113 114 115 117 119 121 125 127 129 130 134 
135 138 139 143 151 157 158 164 169 173 177 182 
183 188 199 
68
2 5 9 10 12 13 14 17 22 24 26 27 
28 29 30 31 32 37 39 41 42 43 45 56 
61 64 68 69 76 78 80 90 93 97 101 102 
105 111 113 122 125 126 128 130 136 139 140 141 
147 149 150 156 161 163 167 168 169 172 175 176 
177 182 183 191 194 195 198 200 
66
2 3 4 9 11 13 14 15 24 27 29 36 
39 40 41 42 44 46 47 48 49 53 58 59 
68 69 72 75 80 90 93 97 98 100 101 105 
116 121 125 129 132 134 137 140 141 142 143 147 
150 155 156 160 163 164 166 170 176 180 182 183 
185 186 188 195 196 197 
66
1 9 13 29 33 41 44 46 50 51 52 55 
57 59 62 63 68 74 75 80 86 87 89 91 
92 93 94 96 103 104 108 109 110 112 113 114 
117 118 120 121 128 129 133 135 136 137 139 146 
150 155 158 159 160 162 163 171 172 175 177 178 
179 180 181 183 195 199 
63
4 5 8 10 12 14 16 18 21 25 27 30 
32 33 38 40 45 48 52 62 66 68 69 70 
71 73 75 76 78 82 84 88 95 96 101 103 
107 108 115 117 120 124 128 138 141 144 145 146 
152 158 165 166 170 176 177 178 180 181 183 187 
190 196 198 
64
1 3 6 9 10 11 12 33 40 42 48 50 
51 52 53 56 61 65 69 71 74 76 77 86 
87 88 90 94 97 101 102 109 118 119 122 125 
126 127 132 133 135 136 140 142 148 149 151 152 
153 155 159 161 162 166 171 172 179 182 184 185 
188 191 195 197 
54
2 6 10 14 16 18 27 30 38 39 44 46 
54 58 60 69 73 76 78 80 87 90 96 99 
101 105 106 111 112 114 115 121 125 128 130 131 
133 139 140 143 144 146 154 165 166 167 171 182 
186 190 192 194 195 200 
56
1 4 5 7 15 16 19 22 28 32 37 38 
40 41 45 55 57 61 66 68 74 78 80 81 
82 83 94 97 99 101 105 108 116 119 127 128 
130 134 138 140 147 148 156 161 162 171 172 174 
175 181 185 187 191 194 196 198 
55
5 7 12 15 22 23 25 33 34 37 44 45 
48 58 59 69 71 76 83 87 88 90 97 98 
108 115 116 117 120 130 131 132 133 135 140 141 
144 149 150 151 157 158 165 170 171 174 175 177 
178 179 182 186 190 192 200 
59
5 7 9 11 16 19 26 33 44 57 58 59 
62 63 64 65 67 74 76 77 79 81 84 91 
92 97 99 101 102 109 113 120 125 126 129 130 
131 132 134 137 140 145 148 152 153 154 155 159 
160 164 165 168 173 174 177 186 193 194 198 
63
6 10 11 19 23 28 31 34 37 39 43 45 
57 58 59 61 68 69 74 79 80 84 85 86 
87 88 91 93 94 103 104 106 112 113 115 124 
125 128 129 137 147 151 152 153 154 155 156 159 
162 163 166 172 173 174 176 177 180 183 184 185 
187 196 197 
49
2 4 5 9 23 27 34 36 40 45 54 59 
64 65 67 72 82 85 88 90 92 111 118 122 
124 128 129 130 137 138 139 144 147 150 154 156 
157 161 163 169 173 174 178 179 184 190 192 197 
199 
60
2 3 10 11 14 19 22 28 31 34 35 36 
37 39 40 41 43 46 54 58 60 61 63 70 
75 77 80 81 85 92 99 101 108 109 111 119 
120 122 127 129 145 147 148 149 156 158 164 165 
172 173 177 179 181 182 184 188 189 191 192 199 
55
1 5 15 17 20 29 31 32 36 41 43 45 
47 48 49 51 58 61 63 66 67 74 79 81 
88 97 99 102 104 107 110 117 122 123 125 127 
129 135 136 140 146 150 154 157 165 169 177 178 
181 184 186 187 188 193 198 
60
1 4 8 11 12 21 27 28 30 31 33 46 
49 51 52 58 60 61 68 69 70 71 73 74 
79 80 83 84 87 88 89 90 99 102 109 110 
112 113 116 118 121 122 126 128 135 143 144 145 
146 147 151 156 158 161 164 170 177 188 198 199 
68
1 2 3 10 20 21 23 24 25 27 33 34 
35 36 38 40 44 58 62 67 71 72 73 77 
79 83 85 87 88 91 92 94 95 96 97 98 
107 109 114 118 123 124 126 128 129 130 138 143 
146 149 150 152 153 157 159 164 165 167 168 173 
176 187 188 191 194 196 197 200 
59
4 6 7 8 9 14 16 17 19 25 27 28 
31 35 37 38 41 45 47 56 58 60 64 69 
70 81 87 89 90 92 98 100 101 103 104 108 
109 115 119 124 126 127 130 131 133 134 140 151 
153 157 163 170 172 174 180 183 184 185 187 
58
1 9 13 15 16 18 21 26 28 30 33 34 
36 37 40 42 44 47 52 56 58 59 62 67 
69 74 78 79 81 83 85 88 89 94 100 104 
112 115 118 130 133 137 145 149 150 153 157 158 
160 161 171 173 176 180 187 189 190 195 
59
5 16 22 26 32 36 39 40 41 44 45 49 
53 55 57 59 67 74 75 76 79 80 81 84 
85 89 90 92 105 106 111 112 116 117 119 120 
121 125 127 128 132 137 138 139 143 149 151 152 
153 154 158 161 165 168 180 185 189 195 198 
58
4 7 8 9 11 14 15 16 22 31 33 34 
36 41 44 46 57 59 62 63 71 72 74 84 
85 93 96 99 103 109 113 117 121 122 123 124 
129 132 135 139 141 142 144 155 156 158 162 164 
170 174 180 181 184 188 191 193 198 199 
64
6 8 11 18 19 20 21 26 38 42 45 49 
50 52 53 55 57 58 61 66 68 70 71 72 
74 75 82 83 84 91 97 102 103 111 116 117 
120 125 126 128 132 136 144 145 146 147 149 155 
156 157 159 161 163 164 172 176 177 178 179 182 
183 190 191 200 
66
1 4 12 15 16 18 19 24 28 36 37 42 
44 49 52 55 56 59 61 65 66 76 77 78 
85 86 97 98 100 101 104 109 111 113 114 116 
124 129 133 137 141 143 144 145 146 149 154 163 
164 165 166 169 170 172 176 177 182 183 184 185 
187 188 191 193 194 199 
67
1 2 3 9 10 11 13 16 17 29 31 35 
36 40 49 53 55 56 57 63 65 67 70 79 
81 82 85 86 87 95 100 103 104 106 107 111 
112 113 115 116 123 124 126 127 134 135 136 137 
138 141 142 148 154 158 163 164 165 167 170 172 
173 176 177 179 194 196 197 
50
6 15 19 21 22 33 35 39 40 46 49 52 
65 68 69 75 76 77 79 81 83 87 104 105 
114 118 119 124 134 136 139 141 142 147 150 151 
156 160 170 178 180 181 182 188 191 193 197 198 
199 200 
60
3 8 10 12 17 20 27 29 30 31 35 38 
40 44 49 50 56 57 58 67 70 71 72 74 
76 78 79 82 88 89 90 97 101 102 103 105 
107 114 115 117 124 126 130 132 135 137 145 146 
147 158 159 160 169 178 179 180 185 190 196 198 
61
4 5 11 14 16 18 19 22 24 30 34 38 
39 50 53 54 60 63 64 65 67 69 70 73 
78 79 83 85 86 91 93 101 103 104 109 111 
113 119 121 123 124 128 142 150 151 152 154 155 
159 162 168 169 175 181 184 186 188 190 192 193 
195 
68
5 10 11 13 15 17 19 22 24 26 29 32 
37 38 50 52 55 57 61 62 76 78 82 83 
86 88 92 96 99 104 105 111 112 113 118 119 
123 127 130 131 133 140 143 148 152 156 158 159 
162 163 164 165 167 168 169 175 176 179 183 186 
187 189 190 193 194 195 197 200 
59
2 4 6 16 21 22 23 29 30 40 43 46 
47 50 55 61 64 65 68 81 83 84 86 88 
92 96 99 100 110 111 112 113 117 118 120 121 
122 123 124 125 128 131 134 135 139 146 148 149 
151 154 157 162 169 170 180 187 192 195 199 
71
9 13 15 17 20 24 25 29 31 33 34 35 
38 39 43 45 46 48 51 56 58 59 61 69 
71 73 74 76 77 79 80 81 84 89 91 92 
94 100 113 115 116 118 122 123 124 126 127 131 
133 134 135 145 146 147 148 150 154 155 166 172 
176 177 179 180 186 189 190 191 192 195 199 
67
1 3 7 9 13 20 21 23 24 25 29 32 
33 34 35 36 39 44 45 46 49 50 51 52 
55 56 57 58 59 63 68 73 77 83 86 87 
88 89 90 96 97 100 101 103 108 109 112 118 
127 130 136 140 143 144 145 146 147 150 161 165 
170 171 172 176 178 189 193 
79
4 6 9 10 15 22 36 38 39 41 45 46 
48 50 52 54 55 57 59 61 62 63 64 65 
66 67 70 71 72 75 77 78 83 85 89 92 
95 104 106 107 108 112 114 115 116 117 122 123 
124 125 127 133 135 137 138 142 145 146 147 149 
150 153 155 156 157 161 162 165 168 171 172 180 
184 185 188 190 195 198 199 
67
2 3 4 5 6 10 16 17 19 23 26 33 
34 40 43 46 48 51 54 61 64 66 67 68 
69 77 78 79 81 82 83 87 103 105 108 111 
112 114 116 118 119 134 135 136 141 144 145 147 
148 150 152 154 157 160 161 162 169 171 173 174 
175 182 185 190 192 195 196 
55
7 8 15 16 20 32 33 37 43 44 45 47 
48 54 60 64 70 72 75 81 84 85 95 96 
101 114 116 117 120 126 128 131 138 140 143 145 
149 152 153 154 159 160 164 165 171 172 175 179 
182 184 188 189 195 197 198 
67
1 3 7 9 10 17 19 25 26 30 31 32 
44 50 52 53 57 61 64 65 68 70 71 72 
77 86 87 88 92 100 106 110 114 116 117 119 
123 128 129 130 132 133 135 136 138 140 142 145 
152 153 155 158 159 160 163 167 175 176 187 190 
191 194 195 196 197 198 199 
64
1 3 4 5 6 7 10 11 14 15 16 18 
19 25 29 31 38 40 41 42 43 47 49 52 
53 54 55 56 57 58 59 60 67 74 79 87 
91 94 99 100 101 109 110 111 117 120 124 128 
131 132 137 143 144 147 153 162 164 165 178 181 
182 186 188 194 
58
3 4 9 14 15 17 18 20 23 25 37 39 
46 48 49 53 56 58 61 63 66 68 70 74 
82 83 84 85 87 91 95 104 108 111 119 125 
130 138 141 148 150 157 159 162 169 170 176 177 
178 179 184 185 186 189 192 196 198 200 
57
1 7 11 13 23 29 32 41 42 43 45 46 
50 52 61 79 80 83 84 89 92 93 94 97 
98 101 102 104 109 121 122 124 128 131 136 142 
143 146 147 149 150 152 153 158 161 165 167 169 
174 175 183 184 186 188 193 198 199 
67
4 6 8 14 16 19 21 27 28 35 38 39 
41 42 45 46 52 54 59 62 70 74 76 77 
80 83 85 87 92 94 97 99 100 103 105 108 
113 119 120 123 124 127 128 129 132 133 135 139 
140 142 147 158 162 163 164 171 172 173 174 181 
182 184 192 194 196 198 199 
52
3 4 5 22 24 25 27 28 31 33 34 36 
38 48 52 59 62 64 65 68 72 76 82 84 
86 102 116 118 121 127 130 131 140 152 153 154 
160 161 163 165 166 170 173 178 180 181 182 186 
189 191 192 198 
74
3 6 7 11 14 17 18 19 23 26 31 36 
37 40 44 50 51 54 59 61 63 64 65 66 
71 72 73 74 76 77 78 82 84 85 86 87 
88 96 99 100 101 104 108 109 112 114 115 116 
117 120 124 126 131 132 133 134 137 139 146 147 
148 150 154 155 159 163 164 172 173 180 188 191 
195 199 
62
2 6 9 10 12 15 16 17 19 22 24 34 
39 40 42 47 50 51 58 60 62 63 65 67 
69 73 75 81 87 90 98 101 106 107 110 111 
113 115 121 123 135 136 138 141 144 145 147 149 
151 164 168 173 175 176 177 178 179 180 187 190 
197 198 
70
1 2 4 6 8 9 12 16 17 23 26 27 
28 30 33 34 35 36 38 42 43 44 45 50 
51 54 55 58 66 67 69 74 75 80 86 89 
91 92 110 112 115 117 119 121 126 128 132 135 
136 137 139 140 143 146 147 148 149 153 161 164 
173 174 176 180 185 191 196 198 199 200 
47
3 5 6 12 18 24 27 31 34 35 39 43 
47 49 58 61 64 67 76 80 82 91 93 94 
99 102 110 113 119 120 122 124 139 153 159 160 
164 169 176 181 184 185 186 193 195 196 199 
58
4 9 11 12 16 34 50 53 54 60 61 63 
65 67 71 73 74 78 80 82 86 88 89 90 
92 95 96 99 100 103 107 109 117 121 122 125 
126 128 132 143 146 148 150 154 155 168 169 173 
176 178 182 183 184 189 191 192 197 199 
50
5 6 8 12 14 19 21 23 31 33 36 39 
46 48 60 61 63 65 69 72 76 84 90 97 
98 99 100 101 103 113 119 131 137 138 143 147 
148 152 154 158 159 164 167 176 180 183 185 195 
196 199 
57
2 6 8 14 24 26 28 29 30 33 42 47 
53 54 58 64 68 70 71 72 74 75 83 84 
85 97 105 106 109 111 113 116 118 119 123 132 
134 135 143 145 150 153 157 159 161 165 168 170 
172 174 176 180 182 183 184 191 195 
61
3 4 5 6 7 8 24 26 30 39 52 53 
56 59 61 62 66 69 70 76 79 84 93 97 
98 100 101 107 109 114 115 116 120 121 123 130 
135 136 144 146 147 149 150 155 157 158 161 170 
171 172 174 175 176 177 183 186 189 190 193 197 
198 
55
4 5 13 21 28 29 38 39 42 44 56 57 
58 62 64 68 72 73 75 77 82 83 91 92 
94 99 101 115 124 125 128 130 131 134 135 139 
140 153 158 161 162 164 166 171 172 174 179 181 
183 186 190 191 193 195 197 
68
1 5 7 8 11 12 14 18 20 24 28 29 
30 36 37 40 41 42 43 49 55 59 60 62 
64 65 71 73 74 75 87 89 92 97 101 103 
106 110 112 114 119 132 133 135 138 139 142 143 
144 150 151 152 153 157 158 160 167 168 169 172 
180 183 187 191 192 194 195 199 
51
2 6 13 17 20 23 24 29 31 34 40 45 
49 51 52 53 57 71 72 79 83 85 90 94 
95 97 101 103 104 105 107 108 116 123 126 140 
142 143 153 158 159 160 175 176 178 180 184 190 
194 196 200 
57
2 5 6 12 16 23 24 25 35 36 38 49 
56 62 63 64 70 72 74 80 81 84 92 93 
97 98 101 113 115 116 119 120 122 125 126 128 
131 132 138 140 143 146 150 151 154 161 172 174 
177 179 182 186 187 191 192 195 199 
64
5 7 13 14 16 20 25 27 37 40 41 44 
46 48 50 53 54 56 57 58 60 62 68 71 
72 73 77 80 81 86 88 89 90 91 101 103 
106 109 111 115 116 118 119 120 122 124 128 135 
136 139 140 143 154 163 164 167 168 174 175 179 
180 181 182 198 
64
2 3 8 11 12 16 18 21 23 26 31 36 
39 42 43 45 46 49 52 55 58 61 63 66 
73 75 78 79 83 84 91 96 97 104 113 114 
115 117 120 122 130 132 134 135 142 146 151 157 
158 161 163 165 167 169 171 172 173 174 179 180 
191 194 197 198 
59
5 10 15 19 21 22 28 30 38 45 50 58 
61 62 63 64 71 75 76 77 82 87 88 90 
92 102 103 105 106 107 112 113 117 118 123 124 
127 128 129 130 131 132 145 148 149 151 152 154 
155 156 159 166 171 175 186 190 194 198 200 
69
8 9 11 14 27 29 34 35 37 38 39 41 
43 46 47 53 54 56 57 58 59 62 73 76 
77 78 79 85 87 89 93 95 96 98 101 102 
104 105 108 112 113 114 116 117 120 123 124 128 
132 136 137 139 141 143 146 149 150 158 164 165 
167 168 171 176 178 185 188 195 197 
52
4 6 7 9 11 19 26 27 29 31 32 34 
35 37 48 52 56 57 58 61 66 70 72 74 
91 93 95 96 97 99 100 105 108 111 132 137 
138 140 143 145 151 154 170 171 173 177 180 185 
186 189 193 198 
48
5 6 8 13 21 27 36 38 43 47 54 55 
56 65 66 70 72 74 76 86 87 89 95 102 
108 111 112 115 121 124 128 129 131 147 148 158 
159 162 164 165 166 168 180 181 184 185 189 195 
59
2 4 5 7 11 14 24 26 29 32 35 43 
52 56 57 71 73 75 78 82 83 84 85 96 
97 99 102 105 106 108 114 115 118 119 123 129 
141 142 145 147 149 150 151 155 157 162 165 167 
168 172 178 184 186 187 188 190 191 193 194 
60
7 11 12 13 21 22 25 26 27 32 35 40 
44 56 63 65 70 71 80 95 102 106 107 109 
110 112 113 116 120 121 123 124 129 132 134 136 
137 138 140 148 150 153 156 160 164 166 169 171 
172 173 178 179 180 186 187 188 189 196 197 198 
73
2 5 6 8 15 16 22 23 24 31 32 35 
38 45 46 47 51 53 55 58 59 61 63 68 
69 70 71 72 75 78 83 85 86 87 89 91 
94 96 98 100 103 104 105 107 108 109 110 112 
121 124 131 133 134 137 139 140 145 146 150 151 
157 165 167 171 173 175 178 179 180 181 188 189 
197 
52
2 4 6 11 26 28 31 35 38 48 49 53 
55 66 68 74 77 87 89 91 92 95 101 103 
104 111 115 120 121 124 127 130 132 133 138 141 
151 153 156 160 161 164 165 166 167 171 176 178 
181 182 193 200 
59
1 5 6 10 20 23 24 25 29 30 33 35 
40 42 47 48 49 50 53 61 62 66 69 70 
72 78 81 86 90 93 94 95 99 101 110 115 
116 118 120 122 128 129 139 144 147 150 157 160 
163 166 168 171 176 180 186 189 192 193 195 
66
1 3 5 7 13 16 23 29 31 32 34 39 
40 41 45 46 47 59 63 66 69 71 74 75 
79 80 90 102 104 105 109 115 121 124 125 132 
134 136 139 140 142 144 146 147 149 150 152 153 
159 162 163 169 171 172 173 175 182 183 184 185 
187 190 194 196 197 198 
58
5 7 12 13 14 15 16 18 19 20 29 34 
38 40 47 51 57 61 62 63 71 74 75 80 
83 85 93 100 104 109 113 114 115 120 123 124 
130 133 140 142 143 145 146 147 150 153 154 160 
163 168 170 172 175 179 182 191 196 199 
50
4 10 14 23 27 28 31 35 36 42 47 48 
51 54 55 57 59 60 63 67 72 73 76 80 
94 95 98 106 113 118 120 125 126 128 131 140 
145 154 155 156 159 161 162 169 173 176 180 187 
189 192 
60
1 5 11 14 16 17 18 24 25 26 28 34 
35 37 42 47 49 52 54 55 56 60 63 64 
69 70 76 81 83 84 88 92 93 96 99 100 
104 107 109 112 113 115 121 133 141 152 154 156 
159 163 169 173 177 185 186 187 190 195 198 199 
51
1 8 17 18 19 27 29 30 34 45 46 48 
50 51 52 62 68 69 70 71 74 77 82 83 
86 95 98 102 111 113 123 126 128 129 133 136 
138 139 142 151 152 156 160 161 174 182 184 192 
193 195 198 
69
1 4 9 15 21 22 23 26 34 36 37 41 
42 45 48 50 51 57 58 59 60 61 62 64 
65 66 68 76 78 79 80 82 85 86 87 90 
93 97 98 99 100 105 109 110 114 115 118 120 
122 130 131 138 139 142 147 148 150 151 154 159 
171 173 176 180 181 186 191 196 198 
61
6 12 15 16 25 26 27 29 34 37 39 41 
47 51 53 66 70 71 72 74 75 81 82 87 
88 90 97 100 101 102 103 104 106 108 115 124 
125 132 138 139 140 145 146 148 154 157 165 167 
170 173 178 180 182 184 186 188 189 192 193 195 
197 
68
6 8 10 11 13 19 21 22 24 27 29 32 
34 36 37 39 40 43 44 48 60 65 67 71 
72 76 77 79 80 90 92 95 98 102 103 105 
107 108 110 112 115 116 119 121 122 123 126 130 
134 137 139 141 148 151 162 165 168 169 170 176 
178 181 184 185 191 194 197 198 
49
1 3 9 11 27 35 38 41 44 46 57 59 
61 65 68 71 80 87 88 89 90 98 104 109 
115 116 117 118 120 122 127 129 140 152 153 164 
166 167 174 175 180 181 182 183 185 186 190 193 
196 
58
2 4 17 20 23 24 30 31 34 37 38 42 
46 47 50 54 55 56 59 63 64 65 67 68 
72 75 84 87 88 98 99 101 103 104 105 114 
116 117 118 122 130 131 140 141 143 145 152 155 
160 163 165 166 168 171 181 184 189 198 
59
7 14 15 18 20 25 29 35 36 44 47 51 
53 55 58 62 67 69 70 73 74 82 88 89 
91 96 98 99 100 105 106 108 114 117 121 124 
126 134 139 141 144 145 146 147 148 149 153 155 
156 158 159 162 167 169 172 180 186 194 199 
68
5 9 11 14 16 17 21 25 29 31 32 33 
35 41 42 45 48 52 53 54 55 61 67 68 
71 73 76 77 78 79 81 82 88 89 92 96 
100 103 107 108 114 119 120 123 125 127 128 129 
130 134 138 141 142 147 150 151 153 154 155 159 
165 167 174 176 185 189 192 200 
60
5 7 9 12 18 21 30 35 39 40 42 50 
53 55 56 61 64 65 66 69 70 72 76 77 
79 80 81 82 85 86 89 94 95 100 103 106 
107 111 118 123 127 131 135 140 143 148 158 159 
165 166 168 173 174 175 184 185 188 192 193 197 
61
2 4 5 9 11 14 16 18 22 23 24 25 
28 36 40 43 48 50 52 56 60 62 74 75 
76 78 82 84 94 102 103 106 107 112 113 117 
126 127 128 133 134 139 140 142 152 154 155 156 
158 165 166 167 170 173 177 178 181 188 197 198 
200 
56
1 2 5 7 10 13 15 17 18 25 31 38 
41 47 48 50 51 70 71 73 76 80 90 98 
100 103 105 106 108 110 113 121 123 125 126 131 
132 134 135 140 142 150 157 171 173 175 176 178 
179 182 184 190 191 192 194 199 
54
9 10 12 14 18 23 31 33 38 42 43 50 
51 57 64 67 71 72 90 91 95 97 100 108 
111 114 115 118 119 124 130 133 138 141 142 144 
145 148 149 155 157 158 159 160 161 163 168 171 
178 180 183 184 185 197 
55
1 5 6 10 12 13 17 18 24 29 32 33 
34 39 41 42 45 49 50 55 60 72 73 77 
90 91 92 95 96 99 100 105 106 107 113 114 
116 117 118 121 124 129 130 134 135 142 157 158 
163 165 168 179 190 192 194 
59
3 4 6 10 12 16 17 20 22 25 27 28 
33 35 38 42 46 48 49 53 62 65 67 71 
78 86 95 100 102 103 104 105 108 110 112 113 
118 121 124 129 134 135 138 145 148 149 151 154 
155 170 171 181 183 184 190 193 196 198 200 
52
4 12 14 15 17 18 22 31 35 42 48 52 
54 55 61 64 68 69 72 76 77 85 88 91 
94 96 99 100 105 111 122 125 128 129 131 135 
136 142 144 145 146 147 159 160 161 166 170 174 
182 194 199 200 
47
1 2 12 19 28 34 40 43 49 52 53 54 
59 65 66 67 69 74 84 85 88 103 107 110 
113 117 118 127 131 136 145 156 158 159 162 163 
165 167 168 170 173 176 180 183 184 191 198 
70
3 5 9 17 18 20 26 28 29 40 44 46 
50 52 53 56 58 59 62 63 64 65 66 69 
71 72 74 75 77 84 85 90 93 94 95 97 
98 99 100 104 105 111 124 126 127 133 135 136 
138 144 145 148 149 150 159 160 166 169 170 173 
176 178 188 192 193 195 196 197 198 200 
64
3 5 6 13 14 16 26 28 29 34 35 37 
40 47 48 54 60 61 66 67 69 71 72 73 
74 75 78 81 84 88 95 96 99 103 110 117 
119 128 129 134 135 138 139 145 147 151 152 153 
154 157 162 163 169 175 176 177 182 184 187 189 
193 195 197 199 
60
1 10 12 13 16 20 23 24 25 29 31 33 
37 40 44 51 53 59 60 63 65 67 69 70 
72 75 76 83 84 89 93 99 101 103 107 111 
120 138 139 141 143 146 147 148 150 152 154 155 
159 163 177 178 183 184 186 187 188 191 193 196 
67
1 2 7 10 12 13 17 18 23 24 28 32 
43 44 49 52 54 56 58 61 62 65 70 71 
73 75 77 79 82 87 90 98 99 101 104 108 
112 113 122 130 132 136 142 144 145 146 148 149 
153 154 155 156 157 158 167 168 170 172 174 176 
178 180 181 189 190 198 200 
69
1 3 7 9 13 16 20 21 27 29 31 35 
36 37 39 41 43 46 47 49 50 51 52 53 
54 56 60 62 63 66 67 73 78 84 86 91 
92 93 98 101 111 113 116 120 125 127 130 140 
147 148 149 152 155 156 159 162 164 165 166 176 
178 180 182 187 188 191 194 195 198 
58
5 6 9 11 12 13 19 21 24 28 32 36 
37 39 40 44 46 53 60 61 72 74 76 89 
95 96 98 99 103 105 107 108 112 113 118 122 
127 132 134 137 138 140 143 144 146 149 150 162 
166 172 178 179 183 189 190 197 199 200 
57
2 4 16 20 26 28 34 36 38 39 40 44 
45 50 53 57 74 75 78 80 81 83 88 90 
96 98 107 108 110 112 113 120 123 128 129 130 
132 139 143 145 146 147 149 151 157 159 160 161 
162 168 171 172 179 185 186 190 191 
68
16 17 18 20 21 22 23 24 25 33 49 50 
57 58 61 66 70 76 78 85 89 90 92 94 
98 99 100 101 102 103 106 109 111 114 118 123 
124 126 128 130 132 133 134 139 142 146 147 155 
156 160 165 167 170 172 174 177 178 180 181 183 
187 192 193 194 195 196 198 200 
67
3 10 12 20 22 24 25 26 29 30 35 37 
40 44 45 48 52 53 55 56 59 65 67 73 
76 82 83 87 88 90 92 94 98 101 105 109 
112 113 116 118 119 127 130 133 134 140 142 143 
145 146 148 150 154 157 161 164 167 171 184 186 
188 190 191 194 195 197 198 
65
5 6 7 10 15 16 19 27 28 30 33 40 
41 44 45 52 58 60 65 66 67 68 70 72 
83 84 102 104 105 107 109 112 116 117 119 123 
124 128 129 130 131 134 138 140 144 145 152 154 
157 158 162 163 166 178 180 184 186 188 190 191 
192 193 194 195 199 
61
4 10 11 17 27 28 30 31 32 34 35 36 
39 40 46 47 48 54 65 70 78 81 84 85 
89 90 92 97 98 100 104 107 108 110 114 115 
117 119 124 125 127 134 139 149 152 153 154 165 
169 170 171 175 176 181 182 183 189 191 195 196 
197 
57
2 4 7 9 16 18 20 26 29 33 41 43 
47 54 57 59 62 63 74 82 84 85 86 88 
94 99 101 105 106 109 116 117 119 122 123 126 
128 129 134 135 140 145 149 150 153 160 167 168 
176 180 182 184 186 187 191 196 198 
56
3 7 9 11 13 14 16 21 28 30 31 33 
39 45 47 48 49 59 60 63 66 70 72 77 
78 80 81 87 91 93 94 103 104 105 115 116 
118 119 131 141 142 143 145 155 159 162 164 170 
172 173 179 181 189 190 194 199 
53
2 3 6 8 9 17 18 19 27 28 33 34 
35 38 39 40 44 47 59 61 66 67 68 71 
79 84 90 91 103 105 109 110 119 120 121 124 
125 126 127 136 137 144 145 146 162 169 172 173 
181 186 188 191 196 
66
3 4 7 11 14 16 19 20 21 30 32 34 
37 40 42 45 46 47 51 54 55 61 66 70 
76 80 91 94 96 97 99 100 103 105 107 109 
110 112 114 121 122 130 134 136 138 139 141 142 
145 146 149 152 155 157 158 162 166 169 173 174 
182 183 184 190 193 196 
60
8 9 16 24 25 28 30 32 35 44 48 53 
55 58 65 71 72 77 79 80 82 83 84 86 
96 98 101 102 109 112 113 117 120 127 132 134 
141 142 145 147 150 151 155 156 159 160 161 163 
166 168 171 178 180 184 185 186 187 188 190 194 
57
8 10 12 16 17 18 19 21 25 29 33 34 
36 38 43 47 51 52 63 65 68 69 71 78 
88 93 98 99 106 109 111 112 118 119 131 136 
140 142 144 149 151 158 164 165 169 170 171 173 
176 179 180 184 185 193 194 196 197 
65
4 5 11 12 15 19 23 26 31 34 38 42 
50 51 55 57 61 63 71 72 74 77 80 81 
87 89 96 103 110 111 118 119 123 124 125 129 
132 134 139 140 146 147 150 153 155 156 157 159 
161 162 163 166 167 172 174 179 180 182 183 184 
187 194 195 198 199 
62
7 9 10 15 20 21 24 27 28 32 33 38 
46 49 50 52 69 72 76 78 83 84 86 88 
91 94 95 100 102 104 106 107 108 109 113 117 
118 119 121 127 131 136 137 139 147 151 153 154 
157 163 164 166 173 174 175 180 181 183 185 190 
195 196 
49
9 12 23 26 30 32 35 36 37 44 45 56 
59 62 67 80 82 86 91 95 99 104 108 109 
118 121 124 129 136 138 144 146 148 149 156 158 
160 161 170 171 176 177 182 183 184 185 187 190 
197 
69
1 7 9 16 17 18 19 22 23 25 28 35 
38 41 42 43 50 56 62 65 67 68 72 74 
75 78 80 81 82 84 85 87 89 94 97 100 
107 109 111 112 113 115 120 121 125 126 127 131 
132 134 141 143 145 147 149 154 155 156 160 164 
169 170 171 173 174 181 189 194 196 
51
1 2 7 9 15 16 21 22 23 27 34 37 
41 52 53 54 56 58 61 64 65 66 70 71 
77 86 95 105 111 117 120 127 129 130 131 139 
142 144 156 157 159 161 166 167 180 182 187 191 
193 196 200 
61
2 8 10 16 17 18 24 26 29 31 35 36 
39 41 43 44 46 50 52 56 58 59 60 61 
64 76 77 85 90 93 99 101 103 106 115 116 
118 124 127 134 136 137 141 142 143 145 148 150 
157 161 165 168 173 175 177 181 184 186 191 194 
200 
54
3 7 15 18 19 21 28 29 30 33 34 41 
45 49 55 56 61 64 71 76 80 84 85 86 
87 89 90 92 94 97 101 119 123 124 135 145 
147 151 156 161 162 164 166 167 170 173 174 176 
178 184 185 190 197 199 
57
5 9 10 11 12 13 19 21 22 25 26 27 
29 33 34 35 37 55 58 66 68 73 74 77 
78 82 89 92 96 99 101 103 107 115 117 120 
122 126 127 128 131 135 139 140 144 148 151 154 
166 171 172 174 178 182 183 188 191 
68
1 3 6 9 14 18 28 31 35 36 39 44 
47 52 54 58 64 65 67 69 70 71 75 76 
77 78 82 85 87 89 90 98 99 103 105 107 
111 112 115 116 117 123 126 127 128 129 130 135 
136 138 139 140 143 144 145 146 150 155 156 159 
163 167 169 172 174 183 184 192 
57
3 4 5 7 12 13 14 15 19 32 33 35 
39 49 52 53 54 55 62 71 74 79 89 92 
94 103 106 111 113 115 122 123 126 128 129 131 
133 136 137 139 152 161 162 167 169 175 178 179 
180 183 184 186 190 192 193 195 200 
67
2 3 8 9 13 14 16 20 23 25 27 29 
32 33 36 37 40 41 43 44 45 46 47 50 
53 54 57 58 60 66 69 70 79 84 88 91 
95 98 99 101 102 105 121 123 124 130 135 136 
141 143 145 147 155 160 163 169 173 175 183 185 
187 188 189 192 193 194 200 
68
9 13 19 20 22 28 29 37 39 42 46 47 
49 51 57 61 65 69 70 72 73 83 84 86 
87 91 92 99 100 101 105 106 109 110 111 112 
113 116 120 121 127 129 133 134 135 138 140 143 
144 145 150 152 153 159 160 161 162 167 176 183 
184 188 190 191 196 198 199 200 
56
5 6 7 13 15 20 23 28 37 38 39 41 
48 50 51 53 55 67 69 70 72 75 82 84 
86 87 91 93 94 113 114 116 120 122 123 126 
128 132 138 144 151 155 158 161 163 166 168 169 
172 173 181 182 183 185 191 200 
62
6 8 13 14 20 24 26 29 32 33 34 36 
49 50 51 56 59 64 69 78 79 80 81 82 
88 93 95 97 101 105 108 109 111 112 114 121 
122 130 132 134 136 145 147 148 149 150 151 156 
157 158 160 161 162 166 178 179 184 187 188 196 
197 198 
57
1 3 4 7 11 14 19 21 24 29 30 31 
32 35 42 44 46 47 54 55 56 63 64 65 
67 73 75 79 80 81 94 98 99 104 118 124 
127 131 133 135 137 139 141 159 165 166 172 173 
179 182 186 188 191 193 196 197 198 
59
2 4 5 6 14 15 19 20 21 22 28 29 
30 33 36 37 39 43 45 46 51 52 57 69 
77 81 86 90 93 97 100 105 106 112 115 122 
123 131 132 140 141 147 154 156 158 160 162 163 
168 174 175 177 179 182 185 192 196 197 198 
70
1 4 10 13 15 23 24 26 29 31 34 36 
37 38 39 43 46 64 65 71 73 76 82 84 
85 87 90 91 94 96 97 101 104 109 111 116 
118 122 124 125 128 129 130 133 134 136 137 143 
144 150 151 154 155 160 161 163 166 168 170 174 
179 180 186 188 189 190 195 196 197 199 
64
1 4 11 13 14 15 16 17 20 23 24 26 
29 32 33 36 37 45 48 53 54 57 60 69 
76 77 81 85 86 87 89 90 92 103 104 105 
109 112 115 117 121 124 128 129 140 143 144 153 
159 161 163 169 176 177 179 183 185 186 189 190 
192 193 197 200 
55
3 7 10 12 13 15 16 20 26 27 29 32 
36 41 42 45 46 50 56 57 62 63 65 75 
78 81 82 84 87 89 90 94 95 97 103 105 
106 111 112 119 122 129 132 138 143 155 157 165 
168 169 175 177 187 194 198 
63
3 11 16 20 24 29 31 34 40 43 45 47 
49 51 52 55 57 58 60 62 66 68 74 75 
79 81 93 94 97 98 101 102 108 109 110 113 
116 120 121 122 123 132 137 144 145 155 156 159 
162 169 170 171 172 173 174 177 179 186 187 188 
192 198 199 
66
1 7 11 15 16 17 25 28 32 33 43 45 
46 50 55 57 60 67 69 71 72 74 77 81 
82 83 84 87 88 93 94 98 101 103 104 109 
111 114 117 121 125 127 131 137 139 141 144 147 
148 156 158 159 164 166 167 179 181 183 184 187 
188 190 193 194 195 198 
63
4 6 8 10 20 26 27 29 31 33 36 37 
38 43 47 48 51 54 58 60 61 63 64 67 
68 73 75 76 77 79 81 82 83 86 87 93 
103 104 105 111 117 120 121 124 125 127 130 141 
146 147 153 154 156 159 165 171 172 174 179 185 
186 192 200 
66
2 8 11 13 15 18 20 22 31 33 36 39 
40 43 44 45 49 51 52 58 59 61 62 65 
72 74 78 80 81 82 85 89 94 96 99 102 
106 108 109 119 120 127 129 130 135 143 147 152 
153 154 156 157 158 160 161 164 170 173 175 178 
181 185 187 188 189 194 
51
4 5 11 12 15 16 17 19 24 27 28 31 
38 41 43 48 55 58 65 66 71 73 76 78 
80 86 87 88 95 97 101 102 103 110 121 124 
125 131 133 139 140 152 161 169 174 175 181 184 
188 191 200 
63
1 2 3 4 6 9 11 14 15 18 26 29 
31 32 34 42 44 45 50 53 55 62 63 67 
71 72 75 81 84 88 92 95 98 101 106 111 
115 117 119 121 122 125 131 134 135 145 146 147 
152 154 155 162 165 166 168 173 174 186 188 189 
194 195 199 
59
2 4 8 11 13 18 19 20 21 33 34 46 
50 54 56 60 61 63 64 71 72 73 77 78 
82 83 85 92 93 94 97 108 111 117 119 125 
127 130 139 147 149 152 155 157 160 161 166 167 
169 172 182 183 186 187 188 191 193 197 199 
65
1 10 12 14 16 22 24 25 26 34 35 36 
39 41 45 48 53 54 58 59 62 64 68 69 
71 72 75 86 89 90 92 93 94 98 103 104 
105 108 113 114 117 118 120 121 124 127 128 133 
143 146 153 157 165 166 169 170 173 178 179 182 
183 184 185 195 196 
60
1 4 6 11 13 16 19 24 27 28 29 32 
38 41 44 47 50 52 59 64 67 68 70 71 
75 83 91 99 100 101 103 105 107 108 115 120 
121 125 137 138 140 143 152 153 154 157 158 159 
168 169 174 175 179 185 190 192 194 196 197 200 
54
1 4 9 21 22 23 30 32 38 39 53 54 
56 58 59 60 62 63 65 68 71 72 74 78 
83 85 96 107 109 110 111 113 115 118 121 123 
125 128 129 134 138 147 153 154 157 166 168 169 
170 172 181 183 192 200 
59
4 7 10 14 20 23 24 25 28 29 32 33 
34 51 54 55 57 59 61 63 67 72 73 74 
76 79 81 82 87 88 93 96 100 104 121 123 
124 125 129 131 132 135 142 144 145 146 152 162 
167 173 174 175 178 182 183 191 193 196 198 
48
3 4 5 13 15 17 24 27 33 38 39 47 
49 53 59 60 63 67 69 70 79 80 85 87 
88 89 90 91 97 108 117 119 124 126 132 135 
138 143 155 157 159 160 161 175 178 179 188 189 
65
3 5 6 14 16 20 24 25 27 30 32 33 
34 35 41 45 51 56 59 63 64 71 72 76 
77 82 84 85 88 89 90 93 97 98 107 108 
110 114 116 122 129 130 132 133 137 140 144 145 
146 155 156 157 161 162 163 168 171 174 178 182 
185 189 192 195 198 
58
8 13 19 24 28 29 37 39 47 54 55 59 
60 64 68 71 75 77 81 83 84 86 88 92 
97 99 100 102 106 112 113 124 129 130 131 136 
138 139 140 143 150 151 153 155 158 162 175 176 
177 178 182 185 187 188 189 191 192 198 
55
2 14 16 17 18 20 22 30 33 36 39 40 
46 51 52 57 58 67 68 69 70 77 86 90 
92 93 102 103 110 111 114 123 141 145 148 157 
160 165 166 167 170 171 173 174 178 179 180 181 
182 186 191 193 194 197 200 
57
1 2 5 10 12 18 19 21 24 30 31 32 
34 37 43 48 49 55 56 57 58 59 60 62 
63 65 74 77 79 83 84 86 89 99 102 103 
114 115 117 118 124 125 130 136 149 150 152 155 
164 171 173 181 182 183 188 195 197 
61
3 4 5 7 10 14 17 22 23 27 32 35 
36 43 45 49 50 53 56 59 62 66 67 70 
71 73 77 85 87 88 92 96 98 101 105 109 
110 111 113 114 118 119 122 128 131 137 139 141 
144 151 153 155 156 160 167 168 176 179 184 185 
196 
67
6 9 11 13 18 20 24 25 30 36 37 40 
41 42 43 45 47 57 61 65 69 74 77 80 
82 91 96 99 103 104 108 111 114 115 117 119 
120 122 128 130 132 134 137 138 142 143 145 146 
149 152 153 154 155 156 161 162 164 168 170 173 
175 176 179 187 190 195 196 
56
1 4 5 7 15 17 18 30 34 36 39 45 
53 58 63 66 68 71 79 80 85 87 95 97 
99 113 114 117 121 122 123 127 129 131 132 135 
142 145 146 148 150 155 158 159 160 164 165 167 
171 172 175 181 183 192 194 198 
63
4 5 9 12 17 24 27 39 44 45 46 48 
53 55 57 59 63 66 72 73 79 83 84 86 
95 96 101 103 109 110 114 115 121 123 128 135 
139 140 142 143 144 145 147 148 154 160 163 164 
167 170 172 173 178 179 181 182 186 189 190 191 
192 196 198 
72
1 4 5 8 15 17 18 25 27 29 30 32 
35 39 43 44 47 48 51 52 55 56 58 59 
62 69 71 73 78 81 84 86 89 90 96 103 
105 106 108 109 111 113 116 119 123 136 138 143 
145 146 157 158 159 161 162 164 166 167 168 169 
173 174 178 179 182 183 185 188 190 193 198 200 
56
9 11 18 19 23 24 25 27 29 31 39 40 
43 44 45 46 48 58 67 68 74 82 84 89 
90 98 102 104 106 108 114 116 121 133 139 140 
141 145 146 148 149 156 157 158 167 168 169 171 
173 175 181 189 193 195 196 200 
47
2 3 5 8 11 14 20 21 32 34 49 50 
54 55 77 84 87 91 104 106 110 115 116 120 
122 124 128 129 135 147 150 153 156 159 164 165 
167 168 177 180 183 187 188 191 195 198 200 
56
10 11 14 18 21 23 27 39 41 48 49 50 
52 53 60 65 67 77 79 83 84 89 90 105 
116 118 119 120 126 127 129 130 131 143 145 146 
149 150 152 155 157 159 160 162 163 164 166 167 
170 172 176 186 188 192 196 200 
61
2 7 8 18 19 24 25 27 28 34 37 41 
46 49 51 54 58 65 67 68 70 74 75 77 
85 86 88 89 92 93 96 97 98 100 103 105 
118 121 123 129 130 132 133 135 137 139 140 155 
158 159 166 167 170 174 175 181 183 185 191 195 
198 
60
1 2 4 12 17 19 24 29 30 32 33 36 
37 41 47 50 51 53 54 58 61 65 66 72 
78 80 84 85 87 91 96 98 102 103 109 111 
112 116 125 128 130 132 137 148 149 153 155 156 
157 159 161 168 170 174 178 179 185 189 194 200 
66
2 4 6 15 20 25 26 30 32 33 34 37 
38 42 48 49 51 53 56 62 63 64 66 68 
69 70 71 72 77 79 84 88 91 92 109 110 
111 120 126 127 128 132 133 134 136 141 146 147 
156 166 168 171 172 173 177 178 179 181 182 184 
185 186 196 197 198 199 
52
4 5 11 16 20 21 22 23 25 28 32 33 
36 37 39 45 50 55 57 58 65 66 73 75 
83 88 92 93 95 98 102 108 114 116 120 126 
140 141 142 147 151 153 155 158 161 162 176 177 
183 187 191 197 
61
4 7 9 10 11 17 18 20 21 24 25 28 
32 34 37 38 40 44 45 49 64 65 70 78 
81 82 85 87 89 95 101 102 106 108 111 116 
117 119 122 123 125 129 137 139 146 150 151 153 
159 160 166 169 172 173 179 185 186 187 188 198 
199 
59
5 7 10 25 27 29 32 33 35 39 40 42 
43 45 46 47 51 56 57 58 59 78 86 87 
91 94 98 102 107 109 110 111 112 114 116 120 
124 125 126 128 130 132 138 143 146 150 160 162 
163 166 176 183 185 188 190 193 194 196 199 
70
1 2 4 7 8 12 14 17 19 21 24 29 
30 33 37 40 49 54 55 56 63 66 69 70 
71 72 77 78 79 82 86 87 88 91 93 99 
101 102 110 112 113 116 122 123 125 128 129 131 
135 139 142 143 144 150 154 161 164 168 169 170 
171 172 174 177 180 181 182 186 188 196 
59
2 3 10 12 13 16 28 30 31 33 36 38 
40 42 47 48 52 56 58 59 60 63 67 69 
70 77 79 81 83 88 90 98 104 108 116 119 
121 124 131 132 139 141 143 145 149 150 155 159 
161 164 172 175 178 182 183 187 188 194 198 
71
2 3 10 11 12 13 14 15 17 18 25 32 
36 39 41 45 49 51 52 56 60 63 64 65 
66 75 81 82 84 87 91 98 99 103 106 110 
111 114 115 116 117 119 123 125 126 127 131 133 
135 138 141 142 144 145 148 152 154 160 162 166 
172 173 174 176 178 179 183 189 191 193 198 
63
1 5 8 11 12 13 23 24 26 27 28 37 
42 43 44 45 48 54 56 58 61 66 69 74 
75 81 91 93 94 95 97 102 108 110 112 121 
124 126 127 129 130 138 139 142 144 145 146 149 
150 155 157 164 166 168 171 172 175 176 180 182 
189 195 196 
61
3 5 10 11 12 22 23 26 28 29 35 36 
43 52 55 57 61 63 65 68 69 74 83 85 
93 95 97 103 105 109 114 117 118 120 123 126 
128 130 131 132 133 140 145 150 154 160 161 165 
166 171 172 174 175 176 179 183 185 187 194 197 
200 
71
5 7 8 10 16 17 24 31 37 39 40 41 
44 45 46 47 53 54 61 63 65 66 70 71 
73 75 76 77 82 83 85 87 91 96 98 100 
103 105 106 109 112 114 117 122 123 124 129 130 
131 133 135 138 141 149 150 152 153 157 158 160 
167 168 169 171 178 181 189 191 193 195 198 
68
4 11 16 34 36 37 38 40 41 42 50 54 
55 58 63 66 68 69 70 78 79 80 81 82 
85 86 95 96 101 102 104 106 109 110 118 119 
120 124 126 127 130 132 135 138 141 144 145 146 
147 149 150 151 153 156 159 163 165 167 169 170 
172 176 178 179 183 189 195 200 
62
4 6 8 14 15 16 20 23 27 28 29 30 
34 36 41 42 46 55 56 57 59 62 63 64 
68 72 80 84 86 88 92 101 103 105 111 120 
123 125 129 131 134 138 147 148 149 153 156 157 
160 162 166 168 170 174 175 181 182 186 188 189 
190 198 
70
11 16 17 22 23 28 29 31 34 39 40 42 
43 44 45 47 48 49 51 52 54 56 57 58 
59 63 66 67 68 73 77 78 82 84 90 93 
95 97 101 104 105 110 111 112 115 121 122 123 
125 136 140 141 148 149 160 165 170 171 172 177 
178 180 181 182 186 187 188 191 195 198 
55
6 7 11 16 17 18 20 27 30 36 39 40 
46 48 52 56 62 65 66 69 79 83 85 92 
95 96 97 99 102 108 111 117 118 122 123 126 
128 129 130 138 139 153 155 157 162 168 173 178 
180 185 186 189 192 196 197 
61
6 8 10 12 16 19 20 22 24 27 29 38 
39 43 47 53 57 60 62 64 69 70 73 75 
77 78 81 83 85 90 92 98 99 110 113 114 
120 121 125 137 139 140 141 147 152 154 167 169 
175 178 179 182 183 188 191 192 193 195 196 197 
200 
66
1 3 11 12 17 21 28 31 34 39 40 41 
42 45 47 49 54 55 58 59 63 64 67 69 
70 71 74 75 81 87 93 99 109 110 114 118 
121 122 123 125 132 133 137 138 146 148 149 151 
152 160 162 164 165 170 172 173 176 177 179 181 
182 188 190 192 194 200 
49
1 7 12 14 31 33 35 42 47 48 54 56 
58 60 62 63 67 68 69 72 75 78 81 82 
84 96 97 99 104 114 123 125 126 129 131 135 
142 145 149 153 154 159 170 177 180 190 192 198 
200 
67
4 7 8 9 10 12 15 17 20 22 30 32 
34 35 36 37 39 41 50 51 60 62 68 71 
73 82 84 87 92 94 104 105 113 114 116 125 
131 134 137 142 143 146 147 148 149 151 156 157 
158 164 165 166 167 168 170 171 173 180 181 183 
185 186 188 191 192 193 197 
57
8 11 14 21 24 27 32 33 35 37 43 48 
49 51 52 55 56 57 58 62 68 70 73 76 
82 83 87 95 96 97 112 120 121 127 129 130 
135 139 142 151 156 159 161 165 168 171 172 175 
177 179 180 185 189 192 195 196 198 
58
4 6 8 14 17 22 24 25 32 33 36 37 
43 44 47 50 51 53 54 57 64 69 71 77 
80 83 84 86 87 89 90 93 96 97 113 114 
115 121 124 127 135 137 147 151 153 156 168 169 
172 178 182 190 193 194 195 197 198 199 
59
9 11 23 25 28 29 34 36 40 41 43 45 
51 53 58 63 64 65 68 69 70 72 73 75 
78 80 86 91 92 94 96 98 105 108 120 121 
125 128 131 132 134 138 139 140 141 143 145 147 
148 149 158 161 167 168 169 170 187 188 194 
