100 200
1 1 1 1 1 1 1 1 1 1 1 1 
1 1 1 1 1 1 1 1 1 1 1 1 
1 1 1 1 1 1 1 1 1 1 1 1 
1 1 1 1 1 1 1 1 1 1 1 1 
1 1 1 1 1 1 1 1 1 1 1 1 
1 1 1 1 1 1 1 1 1 1 1 1 
1 1 1 1 1 1 1 1 1 1 1 1 
1 1 1 1 1 1 1 1 1 1 1 1 
1 1 1 1 1 1 1 1 1 1 1 1 
1 1 1 1 1 1 1 1 1 1 1 1 
1 1 1 1 1 1 1 1 1 1 1 1 
1 1 1 1 1 1 1 1 1 1 1 1 
1 1 1 1 1 1 1 1 1 1 1 1 
1 1 1 1 1 1 1 1 1 1 1 1 
1 1 1 1 1 1 1 1 1 1 1 1 
1 1 1 1 1 1 1 1 1 1 1 1 
1 1 1 1 1 1 1 1 
19
18 27 53 61 62 63 76 80 98 109 110 113 
131 137 141 175 176 194 200 
23
1 6 8 12 15 31 36 39 59 71 78 79 
103 121 126 135 146 160 167 180 185 186 199 
18
15 40 42 60 66 72 73 80 88 121 130 133 
141 174 193 195 197 199 
22
24 30 55 56 70 84 87 102 103 124 138 142 
153 165 169 170 174 180 182 189 192 196 
17
2 14 56 70 73 80 91 97 115 121 132 142 
149 158 170 172 185 
19
1 8 11 28 30 46 50 68 69 78 82 106 
118 121 122 133 134 168 194 
23
3 4 8 14 18 19 20 22 39 41 76 112 
125 131 141 142 145 165 166 176 192 196 199 
17
28 32 37 42 76 88 90 100 118 131 132 155 
156 168 174 175 200 
11
22 29 40 52 74 91 93 141 178 190 192 
20
18 22 23 26 29 59 60 72 78 97 115 116 
118 121 132 139 160 171 175 180 
23
20 21 25 49 68 69 73 76 77 86 88 94 
98 104 105 114 123 125 131 159 160 182 187 
17
14 18 20 56 62 71 77 78 97 106 126 129 
130 142 150 191 198 
33
4 10 13 15 16 17 19 44 48 50 53 55 
59 72 87 96 98 107 109 111 112 116 123 134 
148 155 157 162 169 181 189 195 198 
14
5 12 68 76 115 129 130 132 133 139 147 150 
174 175 
18
7 24 28 36 45 60 63 66 68 101 113 114 
123 129 132 138 178 187 
15
9 23 60 68 78 80 97 107 114 117 139 144 
167 189 199 
20
10 17 21 32 43 56 68 69 89 103 106 137 
142 143 154 171 175 176 196 200 
13
4 6 18 31 58 69 92 97 100 107 123 145 
149 
19
5 8 23 28 43 78 85 88 100 110 131 145 
152 155 156 164 167 191 200 
20
30 33 45 52 56 63 75 86 96 100 128 134 
144 164 177 179 182 188 196 199 
24
2 6 13 28 29 32 39 45 48 49 64 68 
76 83 88 94 100 112 117 129 130 138 147 187 
18
5 16 17 27 35 49 53 56 68 72 90 105 
118 121 136 137 147 186 
23
12 13 19 38 64 77 78 90 96 107 111 112 
113 118 122 124 133 154 158 170 173 176 177 
19
5 8 10 54 58 60 64 73 78 85 88 97 
101 110 140 160 170 192 198 
15
14 19 28 39 41 59 64 67 70 100 106 142 
157 180 183 
16
1 4 7 28 29 37 47 64 65 81 104 115 
120 143 167 175 
24
8 12 27 55 70 79 83 88 98 105 108 113 
117 123 124 130 131 136 147 154 161 166 177 194 
25
13 45 58 59 71 81 85 98 100 101 109 117 
128 131 135 147 149 153 165 166 168 170 171 184 
195 
13
5 6 22 34 41 45 71 77 78 89 95 115 
129 
19
15 21 32 38 44 61 64 71 81 87 92 95 
102 112 113 144 164 177 183 
22
2 7 12 24 55 66 68 92 100 103 107 111 
129 130 131 132 137 141 161 167 177 184 
19
4 9 22 24 32 65 72 88 95 124 125 132 
154 156 157 162 174 179 181 
24
10 27 34 37 74 75 91 99 104 110 111 112 
114 122 132 136 162 174 183 184 185 193 194 195 
28
7 10 39 42 43 46 53 54 63 64 66 67 
84 85 104 126 130 133 140 141 149 160 161 175 
181 182 183 189 
21
17 20 35 44 45 46 52 80 85 107 110 112 
116 124 135 139 171 176 184 190 200 
19
33 39 40 43 61 69 75 77 86 103 135 141 
143 146 157 158 170 182 198 
25
1 11 17 22 24 28 31 39 40 70 73 76 
82 86 99 110 118 121 128 143 147 150 154 170 
192 
19
11 12 15 28 34 36 40 64 70 71 99 101 
110 124 141 172 175 189 194 
21
2 7 15 20 29 32 33 34 38 50 65 73 
75 117 125 132 147 159 178 192 196 
25
7 8 10 35 49 63 69 80 83 89 97 105 
110 116 118 122 135 155 163 169 172 175 181 191 
200 
23
6 22 34 46 53 56 71 79 84 98 103 110 
124 127 151 153 156 170 176 182 185 190 194 
21
10 20 27 54 76 86 92 95 99 101 112 115 
125 129 133 136 143 146 154 178 185 
19
8 10 22 26 33 52 60 61 77 79 88 105 
110 120 146 153 162 163 170 
20
17 31 58 70 83 101 121 125 129 139 145 151 
164 166 169 170 173 177 185 188 
29
15 34 37 71 72 75 81 83 87 90 92 93 
97 100 103 109 112 114 124 126 129 134 139 154 
161 167 174 176 182 
21
1 15 32 45 54 56 74 78 112 116 118 124 
128 132 136 145 148 167 176 197 199 
20
5 24 52 64 74 80 81 107 126 146 151 158 
159 167 180 182 183 188 189 200 
23
1 8 9 12 21 22 30 40 43 49 50 53 
86 92 93 118 122 137 144 146 161 174 195 
18
6 33 54 63 77 87 97 100 105 121 123 139 
143 151 160 167 170 197 
19
7 12 25 34 39 51 55 64 107 108 121 122 
128 163 164 184 186 195 197 
11
7 16 32 58 72 80 112 156 165 181 195 
19
30 51 59 72 88 95 100 104 112 115 121 123 
149 156 159 179 183 184 198 
15
10 38 66 74 75 83 97 100 102 107 136 157 
176 196 198 
19
9 13 22 35 41 69 72 77 93 105 119 123 
142 155 157 167 176 186 196 
27
5 7 25 28 43 45 48 61 63 69 70 76 
86 88 91 101 111 136 142 143 144 148 154 155 
157 163 193 
13
51 68 79 101 102 106 123 148 162 187 190 192 
200 
15
20 21 22 37 74 125 129 138 146 149 150 152 
162 164 184 
19
12 24 27 33 39 85 86 92 105 111 112 126 
133 141 148 150 160 185 198 
23
12 20 31 33 37 40 41 60 63 69 86 94 
103 112 113 121 131 132 137 139 152 169 184 
22
7 19 34 39 44 49 54 59 66 82 83 86 
96 112 120 125 138 146 151 179 190 198 
20
11 14 18 23 34 35 46 61 65 73 90 93 
136 142 144 154 157 167 186 196 
12
20 23 60 73 108 135 143 149 156 157 179 181 
9
14 43 53 113 118 152 171 177 192 
18
1 11 12 47 51 83 92 99 108 109 121 128 
138 147 159 166 170 172 
17
19 27 30 35 40 42 50 53 56 60 65 86 
89 105 113 176 190 
20
3 24 33 51 63 96 97 109 112 114 128 133 
139 151 156 165 173 187 189 192 
26
2 14 17 22 23 25 31 41 52 54 55 57 
59 60 61 69 94 99 113 117 126 133 140 151 
154 198 
26
14 17 20 23 24 30 41 48 55 59 72 84 
85 87 96 97 103 116 123 141 153 155 156 185 
187 197 
27
7 9 21 23 30 31 32 37 40 43 44 50 
84 94 112 115 117 127 128 151 152 157 158 163 
164 169 178 
15
20 23 34 35 54 71 94 95 107 115 124 152 
159 170 176 
20
2 5 19 24 25 32 40 51 53 59 60 75 
101 122 123 130 145 152 161 198 
25
3 11 24 27 32 34 39 47 62 71 81 95 
100 104 109 118 129 143 149 152 157 162 177 178 
188 
15
5 20 32 42 45 48 69 100 111 124 166 177 
198 199 200 
24
31 32 37 60 62 63 79 96 98 99 102 132 
136 148 149 154 157 167 168 169 171 194 196 200 
22
1 5 9 21 37 41 43 59 65 67 71 79 
80 85 92 103 105 113 115 124 159 170 
19
6 29 37 39 68 71 73 85 91 119 120 142 
145 146 151 167 189 190 196 
26
23 29 31 44 50 55 58 71 75 88 94 104 
108 113 114 125 128 136 141 149 151 153 157 160 
161 189 
11
18 27 40 46 88 117 119 136 178 181 192 
15
59 67 74 76 92 113 120 124 128 134 143 155 
160 182 193 
27
7 16 18 26 30 37 47 50 51 52 58 72 
83 90 93 95 113 116 122 163 172 174 175 177 
185 186 193 
20
5 16 51 53 83 88 94 100 120 123 126 135 
144 154 168 177 178 181 188 198 
14
1 2 14 17 33 34 45 73 107 118 165 167 
175 191 
22
1 8 19 26 32 34 49 75 78 82 87 91 
97 103 107 117 129 130 137 177 178 193 
21
7 27 37 45 46 51 63 65 69 75 77 90 
93 98 125 147 151 161 192 195 199 
10
38 66 75 83 96 123 144 150 156 169 
18
26 30 35 39 50 54 67 84 91 117 118 124 
136 159 174 179 185 188 
19
24 27 39 41 49 50 82 97 100 103 122 130 
134 139 142 151 161 166 167 
22
15 31 35 36 38 40 57 80 100 108 112 117 
132 138 143 144 148 154 164 170 192 196 
11
21 31 43 51 54 61 88 148 151 198 199 
16
15 29 32 50 55 59 98 120 122 123 137 152 
157 158 187 192 
30
1 16 24 29 42 53 54 56 64 74 85 92 
99 101 102 106 108 109 117 128 131 133 135 138 
139 162 169 192 194 195 
29
1 5 8 23 28 37 40 46 72 73 75 79 
84 88 112 113 115 120 127 135 141 153 160 169 
173 174 177 190 198 
14
30 33 51 55 60 78 90 95 97 135 147 171 
175 194 
14
3 4 47 96 114 133 136 137 142 143 158 165 
174 197 
31
12 20 23 42 53 54 75 84 88 90 96 100 
110 111 117 118 122 134 139 145 150 160 165 169 
170 171 180 191 192 193 195 
22
9 23 44 57 63 65 70 72 93 94 120 122 
123 144 147 148 149 165 166 183 185 188 
31
12 19 22 28 30 32 35 36 68 85 99 102 
105 108 112 118 120 121 133 138 141 142 164 169 
170 174 175 179 189 192 199 
21
13 21 22 34 36 38 45 50 56 66 80 82 
104 121 128 135 138 148 163 182 195 
26
2 10 24 27 28 30 38 39 43 46 59 70 
79 83 92 119 120 135 150 155 163 166 175 181 
187 193 
18
13 25 40 51 77 80 90 94 98 99 105 120 
126 129 136 151 152 190 
