200 200
1 1 1 1 1 1 1 1 1 1 1 1 
1 1 1 1 1 1 1 1 1 1 1 1 
1 1 1 1 1 1 1 1 1 1 1 1 
1 1 1 1 1 1 1 1 1 1 1 1 
1 1 1 1 1 1 1 1 1 1 1 1 
1 1 1 1 1 1 1 1 1 1 1 1 
1 1 1 1 1 1 1 1 1 1 1 1 
1 1 1 1 1 1 1 1 1 1 1 1 
1 1 1 1 1 1 1 1 1 1 1 1 
1 1 1 1 1 1 1 1 1 1 1 1 
1 1 1 1 1 1 1 1 1 1 1 1 
1 1 1 1 1 1 1 1 1 1 1 1 
1 1 1 1 1 1 1 1 1 1 1 1 
1 1 1 1 1 1 1 1 1 1 1 1 
1 1 1 1 1 1 1 1 1 1 1 1 
1 1 1 1 1 1 1 1 1 1 1 1 
1 1 1 1 1 1 1 1 
19
18 33 37 47 86 98 99 102 118 120 125 128 
148 166 167 169 175 195 197 
22
15 30 36 40 44 48 70 78 83 86 93 101 
105 108 110 141 162 173 175 180 192 198 
21
39 62 80 83 88 96 99 105 113 115 116 118 
121 126 132 147 148 157 177 183 194 
18
4 10 43 51 56 59 60 101 107 109 117 121 
125 130 133 157 172 175 
23
3 5 6 18 20 41 55 56 69 71 82 87 
127 129 132 133 152 153 154 158 174 180 188 
20
7 16 21 38 74 83 85 89 96 116 133 143 
150 152 154 166 173 179 195 198 
16
4 13 31 34 36 39 54 62 89 107 127 140 
141 146 171 175 
20
12 17 18 26 28 37 40 47 53 76 78 88 
106 114 127 136 168 175 183 191 
22
4 11 13 26 33 42 43 54 96 99 119 124 
127 132 136 139 159 177 187 189 198 199 
19
8 22 35 41 57 70 71 120 127 136 139 149 
160 164 168 175 195 198 199 
26
1 8 15 23 26 29 33 36 39 46 48 50 
60 83 105 110 111 144 157 162 172 177 185 186 
190 192 
19
21 28 33 51 62 63 66 81 138 140 146 158 
161 163 169 179 184 188 190 
22
2 26 46 57 66 76 88 92 96 99 106 120 
122 125 131 135 145 156 164 168 181 194 
21
9 34 37 38 39 47 49 62 66 71 97 108 
114 116 154 162 164 173 181 185 195 
27
8 9 22 23 27 42 45 51 61 71 83 86 
100 102 109 118 121 129 133 155 156 159 162 168 
170 172 199 
17
48 49 73 80 86 97 111 116 130 136 139 152 
175 189 195 198 199 
20
32 56 61 66 96 98 101 109 112 121 136 138 
142 148 152 157 160 164 165 171 
27
9 10 29 37 39 49 52 59 68 78 82 83 
86 94 95 97 117 121 122 129 136 140 150 175 
182 184 195 
15
12 13 21 25 48 52 81 88 92 106 127 132 
160 171 191 
19
4 8 13 16 36 55 66 73 91 95 111 136 
142 146 147 150 164 166 189 
13
2 18 67 88 90 98 107 123 132 147 152 184 
189 
29
14 16 27 44 45 64 66 77 82 84 92 103 
106 107 110 113 132 133 137 144 149 150 154 160 
177 193 194 198 200 
19
8 36 37 53 57 58 59 61 78 80 106 133 
147 158 163 165 177 182 199 
23
2 12 19 23 25 37 40 43 54 69 70 73 
84 85 88 100 101 141 161 168 178 192 194 
17
26 29 38 44 73 75 81 88 99 121 134 145 
164 167 175 185 187 
17
7 9 28 42 48 50 55 58 72 87 113 135 
142 178 181 186 191 
22
26 31 33 54 66 72 80 85 90 102 105 113 
117 122 134 143 152 165 177 188 195 199 
23
10 12 14 17 23 28 33 37 38 48 66 70 
82 104 113 132 138 143 147 158 185 189 197 
17
3 46 51 59 62 63 64 73 91 101 103 129 
134 145 163 185 197 
21
41 46 61 63 70 74 79 82 87 96 104 117 
130 131 137 141 168 169 172 173 188 
22
7 22 31 37 38 54 57 72 98 99 100 101 
107 118 126 137 147 152 163 165 182 187 
19
15 26 33 74 110 123 128 132 154 156 157 159 
173 176 179 180 183 184 199 
19
4 6 34 37 62 69 71 73 76 98 99 105 
118 121 151 169 176 185 190 
18
7 16 32 66 77 81 87 105 107 110 112 126 
135 139 140 142 144 168 
22
3 23 27 29 35 38 45 53 90 101 110 124 
143 149 154 167 170 174 179 181 189 199 
14
9 10 22 32 50 58 64 92 97 112 158 167 
190 197 
13
5 15 66 67 71 80 89 91 105 137 158 166 
193 
21
1 7 9 16 17 28 30 39 50 91 93 96 
98 106 107 117 143 152 159 185 200 
22
5 13 16 17 29 41 52 72 86 97 99 110 
122 132 138 142 143 144 168 174 184 197 
12
3 42 52 71 73 95 128 149 163 172 178 189 
27
5 14 24 29 30 49 53 55 69 80 81 90 
103 109 114 115 129 136 138 145 151 152 154 173 
182 188 197 
17
27 74 85 97 116 125 132 137 146 149 150 165 
171 174 186 190 195 
20
5 9 28 49 54 61 62 64 95 105 112 133 
139 142 146 154 155 167 180 185 
15
26 43 47 48 50 63 65 82 87 101 104 127 
166 173 181 
17
6 9 10 24 34 56 109 127 131 147 151 154 
163 173 174 180 196 
17
5 24 26 28 30 35 37 45 55 98 116 129 
139 190 191 197 198 
21
4 12 36 38 60 64 65 69 71 76 82 103 
114 137 139 145 158 177 180 183 193 
15
4 12 25 40 47 50 67 80 96 135 148 162 
174 175 184 
22
6 24 28 30 31 40 45 56 57 80 96 102 
116 118 132 133 135 152 155 179 192 195 
20
14 30 38 44 47 57 60 61 69 70 77 108 
111 112 160 161 173 182 189 197 
17
6 11 12 22 28 44 52 64 80 94 126 135 
148 166 184 191 192 
19
10 31 32 37 54 55 70 81 89 95 101 107 
116 122 123 146 160 167 197 
29
21 23 28 29 32 34 35 42 43 45 53 54 
63 64 82 88 100 106 128 129 137 146 151 154 
166 167 184 187 193 
15
4 9 25 41 62 65 66 76 86 102 117 125 
140 189 198 
20
16 17 18 20 21 29 39 55 56 63 66 80 
93 106 134 146 156 167 182 184 
19
10 18 38 40 44 50 80 90 94 98 110 119 
126 136 142 146 158 162 194 
16
14 16 28 39 43 51 67 94 112 137 147 173 
180 189 190 197 
24
21 22 24 25 60 65 69 75 77 78 92 102 
114 126 127 129 136 142 145 153 157 172 184 193 
21
5 13 22 26 30 33 36 41 56 66 107 116 
124 129 131 135 138 144 157 175 184 
17
14 16 25 28 63 73 74 76 93 104 105 125 
130 148 156 168 187 
23
11 13 20 25 26 28 34 37 50 66 68 80 
85 88 89 122 138 149 151 168 180 190 196 
21
22 36 37 54 62 76 89 91 94 95 98 103 
104 120 134 142 146 159 161 171 198 
24
1 4 13 24 42 52 56 66 83 84 95 115 
118 119 121 122 144 147 154 155 160 164 187 194 
18
2 33 38 45 53 62 72 91 131 132 133 135 
175 180 186 188 196 198 
20
34 37 43 44 48 62 84 93 97 128 135 136 
141 165 170 175 182 183 188 200 
14
25 31 35 43 66 70 79 91 124 162 164 168 
179 182 
23
4 17 19 31 32 34 35 37 41 42 46 60 
69 85 94 99 104 108 145 146 152 164 197 
21
12 17 26 35 37 38 46 68 86 93 94 107 
117 130 133 135 184 186 191 194 199 
21
20 33 41 45 47 71 78 84 107 133 138 139 
153 168 174 182 191 193 194 197 199 
15
24 46 54 60 83 87 116 127 138 152 156 159 
187 191 194 
23
9 11 20 21 23 35 46 48 55 57 73 79 
82 101 114 136 151 162 163 170 187 192 193 
19
8 21 24 37 40 48 54 64 76 89 95 101 
111 120 122 142 145 156 194 
14
37 42 53 60 83 89 91 97 125 137 153 161 
183 188 
26
1 5 11 12 26 30 33 43 46 71 74 83 
99 107 112 118 121 129 131 137 148 157 161 165 
177 182 
15
4 55 63 69 70 75 77 78 79 95 106 112 
120 126 136 
18
2 3 9 20 42 58 67 79 104 105 123 128 
132 135 158 170 174 200 
14
2 48 100 116 126 131 137 151 159 162 164 165 
170 199 
20
2 19 20 44 77 90 91 96 106 107 108 109 
118 126 128 135 151 169 175 195 
20
12 19 31 34 49 53 77 79 80 93 94 113 
115 121 127 167 173 179 196 199 
22
11 20 23 34 35 45 46 59 66 83 86 96 
116 129 132 138 170 175 180 181 182 184 
19
4 10 18 30 40 67 78 103 109 111 133 143 
151 162 165 167 170 180 189 
19
7 34 45 49 61 84 101 114 117 121 122 129 
134 156 171 173 175 179 198 
18
12 13 33 34 51 60 72 80 95 96 100 104 
108 158 165 173 188 199 
13
12 15 17 30 38 51 70 74 97 102 108 180 
193 
21
13 16 28 29 70 75 98 110 112 124 132 145 
164 169 175 176 180 185 189 199 200 
16
21 23 35 54 58 62 69 72 76 79 96 109 
140 152 172 199 
22
15 20 29 30 44 45 72 73 84 88 127 130 
134 141 143 144 168 172 180 183 187 197 
17
37 38 52 58 69 80 81 94 109 118 135 152 
156 170 173 177 195 
15
13 24 29 30 34 72 79 80 84 96 112 142 
152 161 184 
23
10 12 18 33 37 39 42 56 62 86 105 107 
117 119 127 130 134 139 153 157 159 171 199 
22
2 7 11 24 25 26 42 49 64 66 71 72 
83 111 116 118 156 181 185 188 192 199 
18
8 11 18 30 35 36 47 61 72 89 105 125 
127 135 148 158 166 197 
26
34 36 39 42 50 61 73 74 76 80 82 88 
90 126 133 134 142 149 163 165 177 180 187 190 
198 199 
16
5 16 28 29 53 76 87 98 101 105 127 150 
154 181 192 194 
29
6 7 10 16 20 23 40 48 51 53 66 69 
73 82 88 91 107 119 133 142 145 158 179 183 
187 188 190 193 197 
17
6 16 21 41 43 44 49 57 70 78 80 104 
109 129 147 154 156 
18
3 30 33 50 63 72 102 127 133 135 137 139 
143 147 174 189 191 192 
17
2 11 22 52 53 59 78 82 112 123 125 126 
131 151 152 184 191 
20
8 32 34 41 42 47 52 56 74 96 103 107 
109 125 134 135 141 163 165 171 
16
14 28 36 43 46 52 83 92 109 131 138 151 
153 155 170 189 
26
1 15 40 42 48 52 62 63 76 90 95 100 
112 115 119 130 135 138 152 170 172 181 182 187 
189 198 
24
9 27 30 52 55 59 94 102 105 106 108 132 
134 136 137 147 161 164 168 174 179 188 192 198 
22
5 10 22 30 31 38 41 45 61 68 81 98 
113 128 129 138 141 163 164 167 181 198 
19
7 9 15 21 30 35 43 51 68 72 81 98 
102 107 155 164 169 180 195 
16
2 12 19 24 35 53 65 115 117 119 141 145 
172 179 193 199 
15
18 25 28 46 77 87 97 103 105 113 123 138 
139 143 184 
26
11 26 27 39 47 51 58 68 78 82 85 107 
109 111 126 133 154 164 166 168 170 171 172 189 
192 197 
21
3 12 25 26 44 74 75 77 93 103 123 130 
131 136 143 152 153 166 168 177 193 
20
11 17 18 28 43 56 61 64 78 88 90 95 
105 108 112 116 146 154 156 161 
17
24 30 38 41 51 55 57 62 63 81 106 108 
116 121 159 183 198 
18
6 29 30 38 40 44 46 91 93 124 127 134 
137 139 146 150 163 166 
16
1 4 14 40 56 57 85 96 117 118 140 148 
150 160 165 171 
34
20 21 32 33 39 40 56 58 64 66 68 69 
75 99 101 104 107 108 113 133 143 145 152 154 
158 159 161 172 174 176 179 189 190 194 
19
39 41 48 49 51 58 82 84 85 86 111 139 
141 144 146 158 163 164 166 
13
10 11 36 121 123 124 140 144 146 166 179 182 
190 
21
1 5 9 19 21 26 60 75 76 83 91 94 
115 120 126 127 133 142 157 185 197 
22
3 10 19 23 34 51 65 71 78 85 96 103 
116 127 131 139 140 155 169 170 180 193 
23
15 22 26 28 44 50 53 60 63 70 87 89 
91 126 127 128 139 156 158 170 176 182 190 
19
5 22 36 40 52 54 80 95 96 125 131 133 
134 148 151 170 184 186 198 
15
3 6 26 46 67 70 101 114 121 129 138 151 
185 186 200 
26
19 25 26 45 48 50 57 65 68 69 71 72 
98 101 103 106 114 127 137 138 142 145 147 158 
159 195 
17
5 7 11 17 35 51 75 133 140 146 148 156 
163 171 175 187 191 
15
42 57 67 72 73 75 77 111 137 144 167 174 
176 190 200 
15
3 9 18 31 47 48 53 99 101 106 132 165 
180 181 199 
30
2 7 11 13 23 27 35 41 54 60 72 74 
83 88 98 100 109 122 127 130 131 133 137 145 
147 159 162 165 170 172 
20
1 15 16 23 25 52 55 63 72 79 88 105 
140 159 169 174 178 179 182 189 
9
10 49 63 89 119 145 156 197 198 
19
10 15 23 30 50 58 66 79 85 95 97 106 
108 116 128 136 158 165 174 
8
26 45 83 95 123 179 185 194 
15
2 13 23 32 70 72 99 110 114 122 140 144 
151 167 196 
20
3 20 22 32 43 54 56 63 64 66 103 106 
112 125 126 142 156 166 168 177 
22
3 25 35 43 74 87 90 92 98 100 114 119 
127 128 131 132 143 149 161 163 164 174 
17
23 24 29 57 60 81 116 130 131 132 152 159 
160 170 174 195 198 
19
13 15 28 36 60 61 95 100 106 117 127 135 
138 139 143 163 189 191 200 
23
4 12 27 28 34 38 46 53 55 65 67 73 
74 83 86 102 105 112 117 126 141 188 195 
13
19 32 34 42 76 101 106 113 120 129 147 157 
158 
28
4 8 9 12 15 45 55 59 68 75 91 97 
100 105 115 117 118 130 139 143 148 157 158 175 
177 183 196 197 
27
17 29 40 44 46 49 50 51 61 76 78 87 
92 96 109 118 131 148 150 151 162 163 165 168 
182 184 187 
20
1 9 23 31 52 55 66 100 102 105 107 109 
114 117 125 134 157 161 165 182 
24
11 17 19 23 26 49 55 59 63 80 83 101 
111 130 155 162 166 174 178 181 187 188 191 194 
29
5 13 37 55 61 79 84 87 91 107 109 128 
132 133 136 137 139 141 142 149 157 165 169 178 
179 183 193 194 196 
29
5 9 16 43 46 61 67 68 73 84 86 88 
98 99 103 105 112 113 124 127 132 143 149 153 
162 163 180 188 197 
13
17 22 49 55 56 60 72 112 129 166 167 175 
194 
14
32 56 61 64 74 76 77 82 91 94 100 137 
181 192 
21
2 3 4 13 15 22 32 43 51 52 63 74 
91 112 113 128 134 138 158 186 195 
12
34 55 62 84 85 90 100 132 168 188 190 196 
26
7 12 16 29 36 50 55 74 77 83 90 103 
106 107 110 120 127 134 141 152 162 164 166 167 
169 186 
24
39 42 43 49 52 53 58 61 71 73 97 101 
109 129 143 145 156 160 162 169 174 176 180 194 
22
7 8 27 29 35 53 54 63 64 70 74 82 
99 101 103 111 116 122 152 164 177 192 
26
10 16 39 40 44 48 54 58 64 72 76 77 
78 89 93 107 110 115 159 160 164 185 187 198 
199 200 
20
25 30 45 60 65 66 82 94 97 111 121 137 
144 148 159 161 174 188 191 196 
17
12 27 31 33 39 40 61 80 96 97 109 137 
154 168 187 196 200 
28
1 4 9 13 15 32 33 34 42 49 51 63 
90 96 100 110 112 115 117 118 141 146 156 164 
166 171 179 188 
23
1 25 27 28 33 40 46 76 85 89 97 99 
100 102 107 111 122 132 143 147 156 173 174 
16
13 16 32 39 60 61 72 82 86 96 135 136 
146 164 197 200 
20
15 21 24 29 34 38 55 62 75 76 94 95 
110 122 128 146 167 174 177 187 
20
22 31 40 45 48 52 65 83 95 96 114 115 
135 142 152 167 171 182 188 195 
26
1 3 9 16 18 28 35 50 53 57 65 68 
69 77 81 82 92 135 172 177 186 187 189 191 
192 198 
21
13 17 20 23 26 36 41 44 52 72 78 87 
89 135 145 146 156 173 176 178 192 
11
4 8 63 70 96 103 111 168 180 181 189 
20
7 8 27 33 34 49 66 73 77 84 98 99 
100 101 123 149 164 167 179 181 
19
15 17 19 22 32 55 67 68 78 91 99 111 
116 126 129 131 132 134 178 
19
4 14 33 59 60 75 97 99 111 117 123 131 
132 138 141 157 163 165 191 
21
13 34 41 45 47 48 64 102 104 105 108 109 
130 134 135 168 172 174 175 190 194 
14
7 25 30 32 35 42 80 88 92 103 111 112 
122 198 
14
22 27 38 61 79 85 116 124 128 143 157 161 
189 199 
19
17 23 39 40 54 67 79 85 93 117 118 136 
151 152 159 176 185 196 197 
21
2 8 18 28 41 47 57 72 73 85 98 110 
114 124 131 139 140 142 143 180 181 
18
24 27 39 52 63 71 72 75 96 104 133 145 
165 175 177 183 185 199 
26
3 41 42 43 45 61 63 66 68 69 83 84 
88 93 100 101 119 122 127 132 144 145 148 153 
168 199 
18
23 24 26 67 77 82 85 87 95 97 132 144 
145 147 157 164 188 190 
23
10 21 22 30 38 45 52 59 91 92 98 100 
107 114 117 119 134 172 179 183 184 186 191 
20
7 22 28 29 31 37 69 77 110 112 114 116 
127 130 135 152 168 169 177 181 
28
6 12 13 38 43 45 50 52 70 77 79 89 
91 95 106 136 140 146 167 178 179 186 187 189 
194 195 198 199 
15
9 12 14 21 34 36 38 40 41 44 80 94 
109 113 123 
16
5 14 16 29 35 38 42 46 76 90 108 113 
127 160 165 194 
18
2 18 46 60 63 64 73 79 103 104 106 137 
139 140 141 156 158 188 
23
17 22 51 54 61 64 73 80 90 115 125 135 
142 151 152 156 164 173 174 179 185 194 197 
18
1 2 7 8 33 36 40 46 54 76 90 126 
128 133 156 164 167 179 
27
1 15 18 48 49 51 61 63 75 76 79 89 
98 101 111 114 117 132 137 141 147 152 166 173 
176 179 191 
21
13 19 43 61 65 68 70 72 86 90 92 97 
103 125 141 152 155 167 189 196 198 
20
9 12 13 16 23 42 58 71 84 89 94 97 
107 115 117 118 130 148 156 183 
22
8 12 39 42 54 67 69 94 96 100 108 109 
117 129 148 160 169 171 184 187 188 194 
19
12 13 16 21 31 42 50 57 60 62 74 96 
116 117 120 124 136 161 185 
26
4 20 25 27 29 39 56 57 62 68 77 80 
83 84 85 87 90 97 98 112 120 128 132 134 
164 174 
17
1 2 21 27 34 37 44 53 56 90 112 125 
142 151 158 160 182 
17
10 20 35 46 60 73 75 88 89 97 99 102 
103 150 183 185 193 
24
6 8 9 38 40 81 85 95 100 101 104 105 
106 117 125 129 139 146 154 157 172 174 179 187 
23
4 22 23 30 36 44 45 46 54 62 63 69 
76 87 94 112 136 143 151 181 186 191 194 
18
8 9 22 31 40 45 101 111 114 136 139 151 
154 164 184 189 192 198 
23
1 32 33 40 54 70 71 80 84 85 87 90 
91 128 146 163 164 169 175 179 186 194 199 
24
6 16 20 22 30 44 46 49 69 73 80 85 
91 107 120 126 132 133 144 146 150 189 194 197 
19
7 14 27 37 60 63 73 75 89 122 134 154 
173 177 180 187 195 197 200 
27
27 42 47 50 55 64 70 73 76 90 96 108 
115 120 122 123 135 138 140 141 156 165 168 175 
177 194 200 
21
39 40 42 43 45 89 103 116 124 127 128 133 
135 139 145 153 159 168 179 186 189 
24
44 49 58 71 85 92 95 120 121 134 148 150 
151 162 169 172 180 186 187 188 189 191 192 198 
28
20 34 39 48 54 66 70 80 83 85 91 94 
95 96 103 110 113 114 132 133 136 145 163 167 
168 177 191 197 
16
10 33 35 40 53 55 57 79 88 115 117 119 
171 173 176 182 
18
3 12 24 32 39 46 55 68 74 87 101 116 
122 129 136 170 183 186 
22
2 9 15 17 25 33 51 53 58 76 87 114 
118 124 133 136 143 149 152 188 189 198 
