400 200
1 1 1 1 1 1 1 1 1 1 1 1 
1 1 1 1 1 1 1 1 1 1 1 1 
1 1 1 1 1 1 1 1 1 1 1 1 
1 1 1 1 1 1 1 1 1 1 1 1 
1 1 1 1 1 1 1 1 1 1 1 1 
1 1 1 1 1 1 1 1 1 1 1 1 
1 1 1 1 1 1 1 1 1 1 1 1 
1 1 1 1 1 1 1 1 1 1 1 1 
1 1 1 1 1 1 1 1 1 1 1 1 
1 1 1 1 1 1 1 1 1 1 1 1 
1 1 1 1 1 1 1 1 1 1 1 1 
1 1 1 1 1 1 1 1 1 1 1 1 
1 1 1 1 1 1 1 1 1 1 1 1 
1 1 1 1 1 1 1 1 1 1 1 1 
1 1 1 1 1 1 1 1 1 1 1 1 
1 1 1 1 1 1 1 1 1 1 1 1 
1 1 1 1 1 1 1 1 
66
6 11 12 14 16 19 23 24 25 27 31 32 
40 43 45 46 51 53 54 56 59 60 61 64 
66 67 71 75 80 81 84 89 91 96 97 103 
104 107 108 109 110 116 119 122 125 128 129 139 
153 156 159 160 163 165 168 171 172 176 179 180 
182 185 188 189 192 198 
46
1 4 9 14 15 22 23 25 37 38 40 41 
42 46 47 48 52 54 55 58 62 66 72 76 
77 84 90 98 102 107 110 117 128 132 139 141 
153 157 165 167 173 181 186 187 198 199 
55
3 4 5 6 11 12 14 15 20 27 36 42 
43 45 46 55 57 61 64 66 67 68 70 73 
75 76 77 78 86 87 91 92 94 95 109 110 
111 113 118 120 125 132 136 138 142 143 146 147 
156 167 179 181 183 186 187 
59
8 14 15 17 27 31 32 33 35 36 39 41 
45 46 49 50 55 56 57 64 65 69 71 73 
75 76 78 79 84 85 100 103 117 118 122 123 
125 134 135 136 139 143 144 152 156 157 160 162 
167 169 171 175 176 177 178 184 185 192 200 
54
10 16 18 24 25 32 34 37 38 47 50 53 
61 66 80 81 89 91 99 101 103 104 105 117 
118 119 121 125 126 127 132 134 143 145 151 156 
159 161 162 163 164 165 166 168 170 174 177 178 
181 182 184 186 199 200 
58
4 5 6 11 19 22 26 32 33 35 46 51 
55 56 58 59 63 75 88 91 92 94 97 105 
114 115 116 119 123 126 127 130 131 136 137 140 
145 146 147 150 155 157 158 162 163 165 167 170 
171 174 175 182 187 188 192 193 194 196 
58
2 3 5 8 9 11 14 15 20 21 25 26 
27 32 39 41 44 49 51 54 58 60 62 63 
65 69 75 76 86 88 90 93 106 107 110 111 
113 114 119 120 127 128 129 138 142 143 147 156 
161 162 163 174 175 180 182 183 188 190 
54
3 5 6 7 8 10 18 19 21 23 25 28 
30 31 33 35 37 41 45 56 58 59 67 69 
79 92 94 97 100 107 109 113 120 135 136 147 
148 150 154 155 161 162 163 165 166 167 170 176 
177 182 188 189 191 192 
57
1 4 5 13 14 15 16 19 20 28 30 37 
38 41 44 46 48 53 59 60 62 63 65 78 
79 81 82 88 93 96 101 106 111 114 116 120 
121 123 125 128 129 131 132 133 138 139 143 144 
146 147 171 172 179 185 187 196 200 
62
3 6 7 11 15 18 22 29 30 31 33 34 
40 41 42 46 48 52 53 54 56 61 67 68 
73 76 83 91 93 94 97 100 102 107 108 109 
111 112 119 124 128 132 138 139 143 146 148 150 
151 152 153 156 160 169 170 178 184 187 189 190 
193 199 
59
1 5 6 8 9 13 14 19 21 24 27 36 
40 41 46 47 49 50 52 53 55 58 60 66 
72 77 79 80 81 82 90 94 96 99 103 106 
111 113 115 116 118 119 126 128 129 132 133 137 
151 161 170 171 178 188 189 192 193 196 198 
65
5 13 16 20 22 26 27 28 35 38 41 44 
47 48 49 50 57 61 64 68 71 72 74 78 
80 81 84 90 94 96 100 101 104 107 108 110 
118 119 121 127 129 134 136 142 144 145 148 149 
150 151 152 156 157 159 163 165 172 174 176 181 
183 186 189 190 192 
65
4 5 10 17 21 22 23 24 28 36 41 46 
47 54 55 58 65 70 72 74 76 80 83 84 
85 86 87 90 97 99 100 101 103 104 106 107 
108 112 113 120 123 129 130 136 138 139 140 141 
144 145 151 153 154 156 159 169 171 173 175 177 
180 183 184 186 191 
64
5 8 9 13 16 23 25 27 29 32 33 35 
37 41 43 44 45 50 58 60 61 63 67 68 
70 74 76 79 82 84 85 86 89 93 94 98 
99 101 107 108 110 111 117 119 124 137 138 142 
145 157 162 169 173 175 178 180 181 183 184 186 
191 192 194 195 
58
2 3 6 10 11 12 13 18 20 35 38 39 
45 49 50 52 55 56 59 61 69 70 71 72 
77 79 84 90 92 93 94 97 102 104 106 108 
113 123 124 126 133 136 148 149 150 152 153 160 
169 170 175 179 182 185 186 188 192 197 
65
1 3 4 5 8 11 12 21 27 30 37 42 
47 48 50 51 59 60 66 69 73 75 81 82 
83 84 86 87 93 96 98 102 110 112 116 126 
127 133 137 140 143 144 147 151 153 154 156 158 
162 165 167 171 172 174 176 181 182 183 191 193 
194 197 198 199 200 
64
2 3 4 14 16 20 24 29 32 36 39 40 
45 46 51 53 60 63 69 70 71 74 81 83 
85 86 88 89 90 95 97 101 108 110 115 121 
122 123 126 127 130 136 141 145 146 153 154 157 
162 164 166 175 177 178 179 180 181 182 185 187 
191 193 197 198 
54
1 2 6 11 22 23 26 27 37 42 49 50 
51 52 54 58 66 68 70 71 73 78 79 86 
91 96 99 100 105 107 109 119 121 124 128 129 
140 145 146 149 154 156 161 164 168 172 179 181 
184 185 186 196 198 200 
57
9 12 14 17 19 26 27 30 31 33 35 39 
48 50 51 53 60 67 71 75 77 80 81 82 
87 91 99 100 106 107 108 114 125 126 130 137 
139 144 145 149 151 152 159 161 163 167 172 176 
179 185 186 187 188 192 193 197 199 
63
1 2 10 11 13 14 16 20 24 29 40 42 
44 45 52 56 57 60 65 74 75 77 78 79 
84 86 87 91 94 97 98 105 109 111 112 113 
116 120 123 127 140 141 143 145 162 163 167 169 
172 173 178 181 182 183 185 187 188 189 192 193 
195 196 199 
63
4 5 6 9 10 12 16 22 24 29 34 37 
41 43 46 48 49 50 63 65 67 69 71 72 
78 79 84 97 99 105 106 108 109 110 112 113 
114 115 119 120 121 125 131 136 140 143 150 155 
156 169 173 174 176 178 179 181 183 184 187 188 
189 193 197 
42
1 6 12 14 21 23 24 36 37 41 43 48 
56 59 61 66 70 73 78 81 88 89 101 103 
106 108 109 118 119 130 132 140 146 162 170 171 
176 177 178 191 193 198 
65
2 4 6 11 12 19 20 22 27 30 33 34 
35 42 43 46 48 52 53 56 60 61 65 67 
70 73 75 76 77 83 84 85 91 94 100 110 
113 114 116 117 122 124 126 131 134 142 144 149 
154 157 158 163 166 167 170 174 176 180 183 184 
185 194 195 199 200 
57
2 4 5 10 14 18 21 23 24 28 29 45 
53 54 57 58 64 68 75 81 82 86 88 92 
98 100 102 103 110 115 117 118 119 121 122 123 
126 133 135 136 137 148 150 151 154 158 161 163 
165 167 169 172 174 180 189 191 195 
70
5 8 9 13 14 15 16 20 21 22 25 27 
28 30 33 38 41 42 45 47 50 55 60 62 
64 68 72 73 74 75 77 78 79 83 85 86 
91 92 97 99 104 105 106 108 111 112 113 119 
121 124 128 132 140 146 148 152 160 161 162 164 
168 173 174 185 186 187 189 193 198 199 
59
9 10 12 13 21 22 26 28 31 44 45 48 
59 62 64 65 67 77 78 82 83 84 85 93 
95 100 103 108 109 110 117 120 126 128 130 132 
133 142 144 145 146 150 152 154 159 165 166 172 
179 182 185 187 189 190 191 195 197 198 199 
76
5 6 8 11 12 14 22 25 27 30 31 32 
33 34 35 39 40 43 45 48 51 52 55 57 
58 59 62 64 67 68 71 75 79 82 83 85 
86 90 99 102 107 108 111 116 126 127 128 129 
130 133 135 138 139 141 143 146 148 150 152 154 
156 157 159 167 168 170 174 175 176 184 185 186 
188 192 193 195 
53
6 8 16 20 21 35 43 46 47 60 66 69 
70 73 74 77 78 79 84 91 92 98 99 101 
105 107 112 127 128 129 130 133 134 136 142 143 
144 146 147 152 153 156 168 171 172 178 179 182 
187 192 194 198 200 
57
1 8 9 10 11 16 17 19 20 22 28 29 
30 38 43 44 47 50 55 61 62 64 66 70 
77 79 83 84 87 89 91 97 99 108 115 116 
117 121 122 130 131 139 141 145 150 157 159 162 
169 171 172 175 184 187 188 199 200 
66
1 3 5 12 14 20 21 23 24 29 33 42 
46 48 49 52 55 57 59 64 67 69 73 76 
80 81 84 87 89 90 91 92 93 94 97 99 
100 102 104 105 110 114 115 116 121 125 131 136 
139 141 146 147 151 158 159 160 162 168 170 172 
173 175 176 177 188 196 
66
1 2 6 10 11 13 16 20 21 23 25 31 
32 44 48 49 50 51 53 54 56 57 58 60 
66 67 70 71 73 76 84 85 91 92 99 108 
109 110 111 113 116 117 119 132 134 135 139 142 
147 149 150 154 155 157 160 162 164 170 172 174 
181 183 186 191 193 196 
65
5 6 9 10 16 24 25 26 30 48 51 57 
58 60 63 64 70 73 75 80 81 92 93 94 
97 105 109 111 113 114 115 116 118 119 121 124 
125 130 134 136 139 141 145 147 148 149 159 161 
162 164 166 167 170 171 174 175 178 180 183 184 
187 192 195 199 200 
58
2 3 4 6 11 18 19 20 26 31 34 35 
40 41 43 47 50 54 55 57 60 65 66 71 
74 75 77 79 86 88 95 99 103 106 110 119 
123 124 128 129 138 141 144 154 156 157 161 163 
164 165 166 179 181 183 186 191 195 196 
71
1 7 12 14 15 16 19 20 21 26 29 33 
34 38 42 45 50 52 55 56 57 58 59 60 
62 63 66 67 68 70 72 73 80 86 88 92 
98 99 103 104 112 116 117 124 125 126 129 137 
138 148 149 150 154 155 160 161 162 164 165 170 
171 172 174 175 180 182 184 185 186 191 200 
64
4 7 8 12 14 17 21 25 26 30 35 39 
41 42 47 50 51 57 61 63 64 65 73 74 
75 78 80 84 85 86 87 91 97 98 101 102 
103 110 113 114 118 121 125 126 135 136 139 146 
151 154 155 158 162 163 165 169 171 172 174 175 
180 183 188 200 
62
9 11 14 18 19 26 28 30 36 37 40 44 
45 46 56 61 66 69 72 80 82 83 84 85 
89 103 104 106 110 111 113 117 122 130 131 133 
138 141 143 146 148 149 151 154 159 160 164 166 
167 168 171 172 175 183 185 186 187 191 192 195 
197 199 
63
8 11 14 22 28 29 32 33 34 35 36 40 
41 43 46 51 55 56 58 59 61 64 73 76 
80 85 87 88 90 100 104 107 112 120 122 126 
128 129 133 136 137 138 140 142 143 145 146 148 
152 153 165 169 171 175 176 177 180 183 187 188 
191 195 196 
60
2 3 5 7 8 10 14 19 22 25 28 36 
37 46 49 50 52 60 65 71 73 76 93 94 
100 105 107 113 119 121 127 136 138 140 141 143 
145 147 154 159 162 165 168 169 170 171 173 175 
177 181 182 183 186 190 191 192 195 196 198 199 
66
3 4 6 8 9 15 16 17 18 19 20 24 
27 32 35 39 42 47 52 55 64 74 76 80 
82 85 86 88 91 92 93 95 96 97 98 99 
100 107 109 111 114 119 121 122 123 124 134 140 
144 146 148 150 152 155 158 160 162 164 167 169 
179 182 189 190 191 192 
59
5 8 15 18 21 23 25 30 33 34 35 41 
42 44 45 48 55 64 67 70 71 72 74 75 
77 79 81 83 86 91 104 111 115 117 125 127 
133 134 135 144 145 146 149 152 156 158 159 162 
169 170 174 175 176 189 190 193 195 197 198 
66
5 6 8 10 12 14 15 16 33 38 39 41 
47 57 58 61 63 71 75 76 81 82 84 85 
88 92 93 94 97 102 105 108 113 119 120 121 
124 127 130 132 134 136 138 140 142 145 148 150 
151 153 156 158 159 165 167 169 173 176 177 180 
183 186 197 198 199 200 
67
2 4 5 6 7 9 11 12 20 22 26 31 
32 34 40 41 43 44 45 56 57 59 65 69 
70 73 79 80 82 86 87 90 93 95 98 100 
101 102 105 112 115 116 117 120 126 140 142 143 
146 147 150 152 154 160 161 164 165 170 171 177 
179 180 185 196 197 199 200 
61
3 4 5 7 11 12 13 15 16 18 25 26 
28 30 31 32 33 35 38 41 43 46 52 53 
59 61 62 65 73 79 81 86 87 88 91 92 
96 102 103 105 106 107 108 111 115 119 128 132 
140 151 156 158 159 161 162 164 173 190 195 199 
200 
52
10 15 16 19 29 37 38 43 51 59 64 65 
67 84 86 87 89 90 95 96 100 101 105 106 
111 112 115 118 122 123 126 127 128 133 138 146 
147 148 152 155 157 162 163 167 168 175 176 178 
186 188 194 200 
66
3 4 7 8 9 10 16 18 19 24 25 26 
28 31 36 37 38 45 54 57 59 64 66 71 
72 73 79 81 85 91 92 100 101 109 114 123 
124 128 130 133 137 143 144 145 149 150 157 158 
161 162 163 164 166 169 174 177 178 180 182 183 
184 188 192 194 198 199 
48
5 6 9 10 16 19 24 26 32 34 35 38 
44 58 60 63 70 77 80 87 93 94 99 100 
116 118 120 124 127 129 130 133 135 138 141 146 
152 158 161 162 163 167 169 180 183 192 193 195 
64
3 5 6 7 8 11 13 14 16 20 26 27 
30 34 40 42 55 59 62 67 68 74 78 83 
87 88 94 95 102 104 106 108 109 111 116 118 
122 130 131 132 136 139 145 146 147 148 149 150 
152 157 158 160 169 170 171 173 175 177 178 179 
181 194 197 198 
52
5 10 13 14 15 23 24 30 32 34 37 40 
43 52 56 58 63 65 67 75 76 82 86 94 
95 98 104 109 113 119 121 130 135 140 145 149 
151 152 153 156 159 167 171 180 182 184 186 189 
192 195 197 199 
66
5 7 10 15 16 18 19 21 23 24 25 26 
36 40 41 42 43 44 45 47 52 56 59 60 
65 69 72 74 81 85 91 97 103 104 105 106 
109 110 112 113 115 120 122 123 133 140 145 146 
148 152 153 154 155 158 161 163 166 167 168 169 
173 179 189 192 198 199 
57
1 2 5 12 14 22 27 28 30 31 37 40 
44 47 52 58 66 68 73 76 80 82 83 84 
86 89 90 92 93 95 98 99 102 104 106 107 
108 113 120 124 126 131 138 154 159 168 170 171 
175 176 177 185 189 191 192 195 198 
63
4 5 7 13 14 15 19 20 22 23 27 28 
32 33 35 36 37 38 48 49 53 61 62 65 
68 73 74 76 78 85 88 94 95 98 99 100 
104 112 113 117 118 119 120 125 126 128 137 144 
149 150 151 157 163 164 166 167 169 171 184 186 
187 192 193 
56
7 17 19 24 26 28 29 31 43 45 53 57 
60 63 64 65 66 68 69 70 73 74 77 78 
83 85 93 96 99 102 103 107 111 121 132 138 
142 143 146 149 157 163 165 167 174 175 176 177 
179 185 190 195 196 197 198 199 
57
2 3 4 8 9 10 22 25 27 28 30 31 
33 41 46 48 49 56 64 69 70 71 73 82 
83 87 90 91 92 94 97 98 103 111 116 124 
127 128 129 140 150 157 158 161 164 167 169 175 
178 182 186 187 189 190 192 194 195 
62
5 6 9 11 14 28 29 39 40 42 47 49 
51 52 55 57 64 66 67 69 71 72 77 79 
83 85 86 88 90 97 99 108 111 114 115 116 
118 121 122 123 127 128 130 142 143 155 161 162 
165 167 171 173 175 181 184 187 189 190 193 194 
197 198 
50
5 9 12 13 14 16 22 24 25 28 33 34 
44 46 49 51 53 72 74 75 90 91 99 101 
103 104 111 116 127 129 130 131 132 135 142 144 
146 150 154 155 156 161 162 165 172 184 187 189 
198 199 
65
7 8 11 12 15 16 19 23 24 30 31 34 
36 37 41 45 46 47 50 54 56 57 58 62 
64 67 70 71 77 81 90 97 100 103 107 111 
112 115 124 125 132 134 137 138 141 145 146 148 
149 150 154 159 160 161 167 168 169 173 176 179 
181 187 190 192 200 
57
5 7 12 13 20 29 30 36 38 47 50 51 
52 58 64 71 80 81 82 87 88 89 90 93 
94 97 100 102 105 106 107 110 115 117 118 126 
129 138 141 144 154 156 161 165 168 170 173 174 
175 176 182 183 187 189 190 191 192 
56
6 7 13 14 15 20 22 24 28 30 34 36 
38 41 43 44 45 50 51 55 56 57 62 65 
69 72 76 79 82 85 93 94 98 99 101 108 
122 123 135 138 141 145 156 161 162 164 168 169 
173 178 184 186 192 193 196 198 
61
1 3 5 9 11 12 16 21 23 24 34 37 
39 41 43 47 51 53 59 60 62 68 73 74 
75 81 84 87 91 93 97 100 101 107 108 112 
113 114 124 126 130 134 141 144 145 147 148 154 
156 157 163 167 168 170 172 173 180 181 186 187 
195 
58
13 17 18 19 22 25 28 35 36 41 42 46 
50 56 57 59 63 68 70 74 77 79 87 88 
91 92 93 107 110 116 119 120 123 128 129 137 
139 140 142 145 147 148 151 153 157 159 166 169 
171 173 178 180 182 185 191 195 198 200 
63
1 2 6 8 9 11 12 20 21 22 23 24 
31 36 39 40 41 47 48 49 52 57 58 59 
62 63 65 67 68 73 82 83 86 92 94 99 
104 106 107 108 118 120 121 123 126 127 132 134 
137 141 142 143 149 150 160 166 167 169 180 181 
188 189 200 
65
3 5 6 9 11 13 15 19 22 23 24 27 
28 29 30 34 35 41 42 45 46 49 51 53 
57 62 64 66 71 74 87 90 92 94 97 100 
103 106 107 110 112 115 116 120 126 129 132 133 
149 150 153 158 160 161 162 164 168 169 171 175 
178 179 181 192 200 
71
1 2 3 4 8 9 10 11 12 17 18 19 
20 22 23 32 37 44 45 47 48 50 54 56 
60 67 71 72 73 74 80 83 84 88 90 92 
96 97 99 105 108 112 113 114 121 122 126 128 
133 139 141 146 147 148 151 156 158 161 167 168 
174 175 176 179 180 181 182 189 190 192 197 
71
2 6 8 10 13 14 16 18 21 24 27 30 
35 38 41 42 44 45 46 50 51 53 68 69 
70 73 74 77 78 79 84 88 89 90 93 96 
97 111 113 115 119 122 128 129 130 133 134 135 
138 139 140 141 146 148 149 159 161 162 163 166 
167 170 175 182 184 191 192 194 196 199 200 
60
3 5 10 21 22 24 28 32 35 37 38 39 
41 44 47 60 69 71 76 77 84 86 92 94 
95 98 107 110 111 113 114 117 121 122 123 131 
136 138 139 140 147 148 149 153 157 158 160 163 
164 165 167 170 171 188 190 192 194 198 199 200 
47
3 5 7 14 20 25 28 34 36 39 40 45 
47 49 56 58 59 61 62 68 74 76 82 94 
96 98 107 111 113 118 120 125 128 134 135 137 
138 139 140 142 162 174 183 188 189 193 196 
58
1 2 3 4 11 13 18 19 20 22 27 34 
40 58 64 70 71 75 77 80 82 85 88 92 
93 96 97 98 99 101 102 103 104 111 114 115 
123 125 144 146 152 153 154 160 164 168 171 172 
173 175 176 179 183 184 187 193 194 198 
59
7 9 11 23 28 35 36 37 39 40 41 42 
44 47 54 59 60 67 70 72 73 74 78 88 
90 97 99 100 108 110 117 119 120 122 125 127 
132 133 141 143 145 146 148 150 151 153 155 156 
162 170 173 175 179 181 185 190 194 196 197 
55
4 6 7 18 19 26 27 31 35 37 41 48 
64 72 75 76 78 82 83 90 92 93 94 98 
100 102 113 115 116 120 121 122 126 130 132 133 
134 136 142 147 152 153 165 166 169 172 174 184 
189 192 193 194 195 196 200 
57
2 7 8 14 15 19 27 30 40 47 54 58 
64 65 66 67 69 70 77 78 82 90 95 107 
111 114 119 121 122 123 125 129 132 142 147 150 
151 155 156 157 159 160 164 166 167 168 172 176 
177 181 182 185 186 187 193 194 199 
59
3 4 8 9 17 18 25 32 34 42 44 48 
55 56 59 61 67 71 73 78 79 81 83 87 
91 93 94 95 96 97 98 108 113 114 115 124 
126 131 133 135 139 142 146 149 153 158 160 161 
164 165 169 171 175 176 178 189 194 195 199 
57
3 4 6 8 11 14 15 19 25 26 29 30 
33 35 43 44 47 51 59 61 62 66 81 83 
88 90 91 93 97 104 109 110 111 116 119 123 
128 140 142 147 151 152 153 155 160 167 170 176 
178 179 181 182 189 190 192 195 200 
72
1 2 4 12 13 17 21 25 26 27 31 33 
34 35 37 41 49 56 57 58 60 62 67 68 
69 71 73 83 85 88 94 95 101 105 106 108 
113 114 115 118 122 125 133 138 140 141 142 146 
147 153 155 156 157 159 160 161 162 165 166 169 
172 173 176 177 183 187 188 190 191 194 196 197 
53
1 4 10 11 12 13 29 34 36 38 39 48 
49 65 69 75 81 83 87 91 97 103 107 109 
113 117 119 120 123 132 133 138 139 141 145 146 
148 152 154 155 161 162 167 169 170 174 178 184 
186 191 192 193 195 
73
1 6 7 10 11 12 14 15 20 22 24 25 
27 30 35 39 41 42 45 46 48 49 50 51 
52 54 55 63 65 66 71 73 74 76 78 81 
82 84 85 88 91 95 96 98 100 104 106 107 
111 114 125 127 129 132 145 148 149 150 159 160 
164 166 168 170 174 185 188 189 192 193 197 198 
199 
64
2 9 13 21 22 24 26 28 30 31 39 45 
47 50 51 52 55 64 65 66 68 69 70 71 
73 79 80 81 82 85 88 90 91 98 100 107 
123 125 126 134 135 139 141 142 146 156 158 163 
166 168 170 172 173 174 176 178 179 182 183 185 
189 192 193 199 
62
8 9 10 12 17 24 30 35 38 39 40 44 
50 51 53 60 64 66 69 75 78 79 84 85 
91 92 96 105 107 108 111 113 118 121 127 130 
132 133 134 139 141 145 146 148 154 155 159 160 
165 167 168 169 177 178 179 183 184 185 189 194 
196 198 
61
2 3 4 5 15 20 23 24 30 39 42 44 
45 48 49 51 58 61 63 64 67 68 70 74 
79 80 84 87 90 92 99 106 108 111 114 115 
116 125 127 129 133 134 138 145 147 151 153 156 
157 158 159 160 168 178 182 192 193 194 195 198 
200 
56
3 9 10 15 17 18 20 21 28 30 32 34 
35 40 42 44 54 57 64 67 68 71 75 82 
87 91 93 97 98 109 115 116 117 127 129 132 
135 137 139 142 148 161 162 164 165 167 168 174 
176 183 184 185 186 189 198 199 
56
1 7 10 12 13 14 21 22 34 35 38 43 
54 57 58 61 62 67 68 70 73 76 84 86 
87 88 89 90 99 104 123 124 125 127 130 137 
143 148 149 150 158 161 163 165 167 170 171 173 
182 184 186 195 196 197 199 200 
65
5 12 22 28 29 30 31 35 36 38 46 47 
48 49 53 54 55 58 62 63 64 66 72 79 
84 85 87 94 101 105 110 111 112 115 116 118 
120 124 126 130 133 134 135 140 143 145 153 156 
157 159 160 163 165 167 168 169 171 174 175 180 
182 186 192 199 200 
62
1 4 7 15 16 17 18 20 21 23 29 30 
32 33 37 41 44 51 60 63 65 67 68 72 
74 75 77 79 82 83 85 86 87 96 97 103 
104 107 113 115 119 126 139 140 141 148 150 156 
161 162 164 166 169 175 176 182 186 191 193 194 
195 197 
64
3 9 17 19 20 23 26 31 35 36 39 44 
49 55 58 60 61 65 66 72 78 82 84 85 
89 97 105 107 109 110 111 116 119 121 122 124 
125 128 129 130 131 132 135 141 142 143 147 149 
150 153 156 157 164 165 167 170 174 176 182 183 
184 192 196 198 
68
5 7 9 12 15 18 19 20 22 24 26 31 
34 38 40 42 44 47 48 53 60 61 62 63 
67 70 73 75 78 82 84 85 87 89 98 102 
107 110 114 121 124 125 126 127 130 131 138 140 
141 143 146 148 149 151 157 158 163 164 165 171 
174 176 178 187 189 194 195 197 
54
8 9 26 27 32 34 41 47 50 53 55 58 
63 69 74 81 85 94 95 99 101 102 106 107 
108 113 117 119 121 122 124 127 129 132 136 138 
144 146 150 154 158 161 163 165 166 167 170 176 
178 184 187 195 196 199 
57
3 4 12 20 21 23 25 26 27 29 30 32 
33 34 39 43 44 47 52 53 55 58 63 64 
65 70 80 81 84 96 97 99 101 104 114 126 
128 129 130 131 134 136 139 142 144 146 155 156 
158 162 172 174 178 186 190 196 199 
69
6 9 18 23 24 27 31 33 36 39 45 46 
52 54 61 63 64 65 69 72 73 75 77 84 
85 87 90 98 104 107 108 109 118 119 121 124 
126 128 134 135 136 137 138 139 140 141 142 143 
148 152 157 158 160 162 163 169 172 174 177 181 
182 183 185 186 189 192 193 195 199 
50
5 7 11 13 21 22 23 25 30 44 46 47 
50 51 54 56 57 58 60 64 71 78 79 81 
83 84 86 103 109 110 111 116 119 121 126 137 
141 142 143 145 147 150 156 161 164 167 174 178 
184 185 
57
1 4 5 6 13 16 18 30 37 39 45 48 
49 50 57 64 71 78 79 89 91 94 97 98 
100 111 112 117 118 120 122 123 125 128 136 137 
143 149 158 159 160 161 163 165 169 170 173 175 
178 179 180 185 186 190 191 193 200 
67
2 3 4 7 17 21 22 25 32 37 40 41 
50 54 56 57 58 59 68 69 75 81 82 84 
86 88 89 90 93 100 104 108 112 117 120 121 
122 125 134 139 141 143 150 153 154 155 156 157 
160 163 164 165 166 167 168 170 172 174 175 179 
181 182 186 189 190 194 196 
57
5 10 17 29 30 31 36 41 42 44 47 50 
51 52 53 54 64 67 69 71 72 73 76 82 
83 84 85 86 89 93 104 106 108 114 118 119 
123 130 132 138 146 147 148 149 158 163 164 165 
168 169 172 179 180 187 188 192 195 
56
4 6 7 8 12 36 38 43 47 48 49 51 
53 58 63 64 68 70 75 81 84 87 89 92 
95 98 99 102 104 105 107 108 110 113 114 115 
116 120 122 123 127 129 130 135 137 138 156 165 
172 175 176 181 183 187 190 199 
60
4 7 8 10 12 13 16 17 29 33 39 46 
47 50 53 54 60 61 63 69 71 73 74 76 
77 82 83 84 86 89 90 94 95 97 102 107 
108 116 118 119 135 136 141 144 150 152 162 164 
170 171 172 174 175 179 181 182 185 187 192 200 
59
2 6 8 10 12 14 17 25 33 34 37 44 
50 52 56 57 60 62 64 65 66 68 73 76 
82 84 90 94 99 100 105 116 121 129 130 132 
136 140 144 145 148 154 157 158 159 165 166 170 
173 174 177 179 189 190 191 194 198 199 200 
69
1 4 5 6 9 13 15 16 21 24 28 30 
32 35 36 38 39 40 45 46 50 51 58 59 
60 65 67 70 71 74 76 85 89 90 92 97 
99 100 103 105 107 109 110 112 119 120 127 129 
130 131 138 139 140 141 143 146 162 164 167 168 
169 171 175 178 187 190 195 196 199 
56
2 17 21 23 25 26 32 47 49 51 54 56 
58 59 60 61 64 69 72 73 75 80 83 88 
94 99 100 107 109 111 112 120 122 127 129 135 
138 142 143 147 150 154 157 160 161 164 166 167 
168 169 173 174 175 179 185 191 
56
2 5 6 9 12 14 18 21 24 27 34 44 
45 52 54 61 62 65 67 77 83 85 90 91 
92 95 99 105 111 120 122 123 124 127 130 133 
136 143 148 152 153 154 156 162 164 170 172 174 
178 183 185 186 187 189 191 195 
57
2 4 6 7 13 20 21 23 24 29 31 33 
37 39 40 41 45 49 55 71 73 75 76 78 
82 91 100 101 105 111 119 120 121 128 134 135 
139 150 152 155 156 157 164 167 169 170 171 172 
180 183 185 188 191 193 195 196 198 
58
5 9 10 11 14 15 16 19 33 35 38 39 
41 55 56 58 61 64 66 74 77 79 80 81 
83 86 89 90 94 95 97 101 106 108 110 111 
120 121 123 124 132 144 147 153 158 169 171 172 
178 179 180 182 183 186 190 194 196 198 
51
1 2 6 7 8 14 17 28 29 31 33 34 
41 42 46 56 61 62 63 70 77 78 79 80 
81 82 83 86 89 95 98 102 115 121 122 127 
133 137 139 141 146 147 150 157 175 176 178 185 
188 190 193 
58
1 5 7 14 16 20 28 31 35 43 44 45 
48 52 53 56 60 61 70 76 78 81 86 88 
89 91 94 96 99 107 109 112 114 117 118 123 
124 126 127 131 138 143 149 156 159 161 162 163 
168 171 172 178 179 188 190 195 197 198 
63
3 8 13 15 18 20 21 23 24 25 26 37 
41 44 48 55 56 61 64 65 66 67 69 70 
71 73 76 79 83 85 88 89 91 92 93 95 
101 102 109 114 115 117 122 128 132 133 145 148 
150 154 161 162 166 167 171 173 176 180 182 185 
186 187 188 
58
1 2 3 5 8 13 16 17 29 35 41 42 
50 52 53 59 69 70 83 86 87 93 101 102 
104 105 109 111 112 115 117 120 122 123 126 134 
137 140 141 142 143 147 148 149 159 162 167 174 
177 180 188 190 191 192 193 195 199 200 
51
2 3 10 13 15 20 21 22 29 30 41 54 
55 61 62 64 65 74 76 79 89 90 91 100 
101 103 104 105 106 114 121 126 127 130 140 142 
143 145 151 152 154 158 159 160 171 174 185 191 
194 195 200 
60
2 7 11 12 13 14 15 17 19 22 33 34 
36 38 49 51 57 58 63 64 66 69 72 73 
78 82 85 87 90 93 95 98 100 107 122 126 
128 130 133 136 143 144 145 147 149 150 152 155 
158 159 161 167 168 169 170 171 179 191 193 195 
65
4 9 11 15 17 18 20 26 31 33 34 39 
40 41 56 57 58 61 64 68 69 70 71 72 
73 76 81 84 85 90 93 98 99 105 106 108 
110 115 116 118 121 124 128 130 131 133 137 142 
143 148 156 159 162 165 169 171 175 179 182 183 
184 185 191 192 196 
66
1 3 8 11 12 18 19 26 28 30 44 46 
48 49 61 64 66 69 70 72 73 74 75 78 
79 88 89 92 93 95 101 104 106 108 109 114 
115 116 118 123 127 129 131 139 145 146 148 150 
151 152 153 155 161 167 169 171 172 176 177 181 
182 189 194 197 198 199 
54
3 17 18 39 40 42 44 45 46 47 48 51 
70 77 81 82 86 87 96 99 100 104 105 108 
115 119 121 122 123 125 130 133 138 143 146 148 
150 157 158 162 165 167 168 171 174 176 183 184 
188 191 193 194 195 198 
66
4 9 13 17 19 20 24 25 31 34 38 40 
43 46 47 52 53 57 58 60 69 73 75 77 
78 81 83 90 91 94 97 103 107 111 112 113 
118 122 126 130 131 134 135 137 144 145 147 148 
152 153 155 156 157 160 170 173 175 179 180 181 
183 187 188 189 192 195 
63
2 3 4 7 10 12 13 14 26 28 32 33 
35 37 40 42 44 46 47 50 58 59 64 69 
74 76 81 84 85 86 88 91 96 103 107 108 
110 111 120 121 125 126 128 130 132 136 145 146 
149 150 151 153 155 156 163 164 169 174 178 182 
184 189 198 
53
2 8 11 12 16 17 19 21 24 25 27 37 
40 42 48 54 61 62 63 69 74 82 85 87 
93 97 98 100 102 103 105 113 119 121 122 123 
128 130 144 147 148 152 159 166 170 171 174 176 
181 183 185 195 197 
55
2 4 16 17 18 19 22 32 38 42 45 46 
48 50 52 54 55 57 59 66 71 72 76 77 
82 87 92 98 99 101 108 115 118 120 122 125 
127 128 129 132 134 135 138 143 148 150 156 177 
181 182 185 189 191 192 194 
63
3 6 7 12 14 15 19 22 25 31 32 39 
46 49 51 53 57 66 67 68 72 74 75 79 
80 82 84 86 90 91 95 97 101 105 109 110 
111 121 128 131 134 142 147 152 153 157 158 159 
161 164 168 171 173 174 179 180 182 183 184 190 
192 195 197 
70
7 8 11 14 15 16 19 21 25 27 28 30 
35 41 42 46 52 53 54 56 58 60 62 64 
69 75 76 79 81 83 84 88 98 99 103 104 
105 106 109 110 117 119 120 125 128 130 131 136 
139 141 143 145 146 147 152 153 154 161 165 167 
168 170 171 177 182 186 187 194 195 199 
63
2 4 7 17 19 20 21 23 24 30 33 35 
40 42 43 44 45 52 57 61 62 63 65 66 
67 73 75 84 85 87 88 103 106 114 124 125 
127 130 131 132 133 135 136 139 143 146 148 151 
154 161 162 166 169 170 178 181 185 186 187 193 
194 196 199 
59
2 4 6 11 13 16 20 25 26 27 28 29 
34 35 38 39 42 43 45 49 54 56 59 61 
68 69 75 79 81 87 90 103 104 111 113 115 
123 124 125 126 130 131 133 139 140 147 148 152 
154 159 160 176 177 178 188 192 193 197 199 
64
6 10 11 12 18 23 28 29 32 37 39 42 
46 51 56 59 63 66 76 78 84 88 90 96 
97 100 104 105 107 111 113 114 117 118 119 120 
121 123 124 126 131 132 135 136 137 144 146 147 
152 163 167 168 169 172 176 183 186 187 189 191 
192 195 198 199 
56
1 3 6 13 15 20 25 28 29 38 41 45 
46 50 51 56 58 65 71 74 85 88 92 93 
94 98 101 108 113 117 120 121 127 131 134 135 
136 144 145 148 151 152 158 160 162 165 167 170 
171 180 182 186 187 190 199 200 
61
1 3 11 13 14 21 24 28 30 31 36 39 
42 54 55 58 61 68 74 78 81 87 88 90 
95 106 107 108 109 110 111 114 117 118 120 122 
123 130 131 135 139 142 144 145 149 150 152 154 
167 170 171 172 174 178 180 187 189 192 193 196 
198 
48
7 9 10 16 22 23 26 28 29 30 34 36 
43 46 47 51 55 57 58 62 69 73 75 85 
87 94 101 111 121 125 135 141 147 148 151 152 
154 155 156 161 162 165 170 174 177 179 195 199 
58
2 9 19 20 26 27 29 30 32 34 37 38 
40 46 50 51 53 54 55 56 58 63 66 67 
69 71 73 74 76 92 96 97 101 102 103 111 
112 115 123 129 139 143 146 147 150 158 159 161 
167 168 172 173 176 180 182 190 191 192 
58
1 3 4 5 11 14 15 19 23 25 27 30 
34 36 40 41 43 45 46 47 50 56 65 68 
69 72 76 78 80 83 88 89 90 91 92 93 
94 95 105 113 118 120 121 126 129 134 143 146 
148 152 155 162 163 165 171 186 192 194 
64
6 11 13 17 18 21 22 24 27 34 41 42 
43 47 48 56 69 73 79 81 83 87 91 94 
97 100 103 104 105 108 109 110 113 116 119 123 
125 127 128 129 132 133 138 145 150 154 156 157 
159 160 163 169 170 177 180 181 183 185 187 188 
193 194 198 199 
56
7 20 22 23 28 32 36 40 41 44 45 50 
51 53 55 56 62 64 66 71 73 74 79 83 
87 90 93 95 99 112 113 116 118 121 124 125 
130 135 137 140 143 149 152 162 165 167 169 170 
172 178 183 186 193 195 198 200 
55
1 3 7 8 13 15 20 23 29 33 39 41 
43 49 52 53 54 55 60 62 63 64 65 69 
71 81 82 83 84 89 94 95 101 104 113 116 
117 120 123 124 127 131 146 149 152 155 157 163 
167 176 177 188 189 198 200 
60
2 3 10 21 23 24 33 41 43 44 47 49 
52 56 57 58 60 62 63 64 67 69 71 73 
77 89 93 97 100 102 103 106 109 111 113 120 
122 123 124 125 129 132 137 139 145 149 150 152 
153 156 157 159 160 170 171 176 177 193 194 195 
57
6 8 9 10 14 16 19 23 41 43 46 49 
50 54 56 57 59 61 65 66 69 70 77 79 
82 87 88 89 93 97 99 101 107 110 111 114 
115 121 130 133 139 141 142 148 151 152 155 163 
164 170 171 178 180 181 182 191 193 
64
1 6 7 9 10 15 20 21 22 32 34 35 
38 43 44 46 48 52 55 60 62 63 69 71 
73 74 76 83 84 85 86 88 91 93 97 98 
100 101 103 104 117 122 124 127 128 129 135 138 
139 142 143 144 150 151 158 161 172 184 190 192 
193 197 198 199 
59
2 3 4 14 24 27 29 30 37 38 42 60 
61 62 66 71 72 78 86 88 89 90 91 98 
99 103 107 111 113 114 122 123 129 130 132 133 
134 137 138 141 146 149 153 154 159 166 167 168 
171 174 177 179 182 183 185 191 198 199 200 
51
4 7 15 19 26 32 45 46 48 49 51 52 
60 61 62 69 82 85 88 95 100 101 116 124 
135 141 144 145 152 153 154 158 163 165 166 169 
170 174 175 176 178 181 183 185 187 191 192 193 
195 197 199 
56
4 8 9 13 14 18 20 29 37 45 48 50 
52 54 59 62 67 68 71 72 73 81 82 86 
91 93 98 108 109 113 117 126 129 141 143 144 
149 153 154 158 159 160 161 166 167 170 176 177 
179 184 187 188 190 191 192 200 
56
3 8 9 13 14 17 26 32 33 34 36 37 
42 44 49 55 56 66 69 74 83 84 89 103 
104 107 108 110 111 126 127 132 133 134 137 138 
141 143 146 151 156 160 161 165 167 170 177 180 
182 190 191 192 195 196 198 199 
61
1 3 5 6 11 13 14 16 18 22 28 29 
31 35 36 48 50 52 53 54 57 58 62 74 
80 83 85 91 93 94 95 105 109 111 112 113 
116 120 121 123 129 130 135 144 146 147 151 153 
158 166 178 180 181 182 184 185 190 191 195 198 
200 
60
6 7 10 11 12 17 19 20 25 27 30 34 
35 37 38 41 48 50 51 53 54 62 70 71 
72 78 80 82 86 87 89 99 104 107 113 116 
118 121 123 128 129 134 135 138 139 141 156 171 
172 174 177 178 179 181 182 184 191 193 195 197 
56
1 2 8 12 18 24 25 27 29 30 31 46 
48 53 56 60 61 62 66 75 76 77 78 80 
83 90 92 94 96 120 121 122 130 132 133 138 
140 142 143 144 145 147 148 150 153 154 156 157 
158 170 175 176 181 185 191 199 
69
5 8 10 11 13 18 20 22 23 26 28 32 
35 47 51 56 57 61 65 75 79 80 81 84 
96 97 99 101 103 104 105 106 115 116 118 121 
124 126 127 133 137 138 139 140 141 142 151 152 
156 159 160 163 168 169 170 171 174 175 176 177 
178 181 182 183 187 190 194 196 197 
59
5 8 17 18 20 21 22 23 24 27 36 37 
38 44 47 48 50 52 54 63 65 66 75 76 
78 80 81 85 91 95 101 115 120 122 124 127 
129 131 132 141 142 144 146 147 157 158 160 168 
175 178 179 180 182 184 185 188 190 192 195 
64
4 6 8 13 18 22 23 26 28 33 35 37 
44 47 57 64 73 74 76 77 83 87 93 95 
99 104 106 107 108 109 112 113 118 120 121 123 
125 126 131 132 133 138 140 142 143 146 147 148 
149 153 158 159 161 163 164 167 170 181 183 185 
186 187 189 193 
64
3 6 10 14 17 18 19 20 24 27 28 30 
31 36 40 41 42 44 50 51 54 62 64 65 
70 73 74 76 84 87 92 95 98 100 104 105 
117 120 121 129 131 137 138 142 146 147 152 160 
162 163 168 169 171 172 176 179 183 187 188 192 
194 195 196 197 
53
4 5 8 12 25 26 28 40 43 48 51 57 
62 67 72 74 77 78 79 81 85 91 95 99 
100 102 103 105 106 119 127 129 130 131 132 136 
138 140 143 144 153 157 161 168 171 179 181 184 
187 191 192 194 199 
63
3 5 6 8 9 10 14 18 19 20 25 30 
40 42 45 57 58 60 61 63 67 69 73 78 
81 85 90 93 96 97 98 100 102 107 110 112 
114 119 123 129 133 134 138 149 152 153 155 158 
161 162 164 165 166 172 180 181 184 191 194 195 
196 197 200 
54
5 6 11 12 18 30 33 35 38 48 52 53 
56 60 65 75 76 77 78 79 85 93 94 95 
99 102 110 114 123 124 128 129 130 132 134 138 
139 145 146 154 165 166 167 168 170 172 173 175 
177 178 180 183 190 191 
62
4 6 8 13 14 15 19 22 24 25 38 39 
42 43 49 51 54 58 62 64 65 70 72 73 
76 80 82 83 86 88 89 92 95 96 98 103 
106 112 130 132 137 138 142 143 146 147 148 153 
156 159 160 167 172 174 185 189 190 192 195 196 
198 200 
55
1 5 7 11 13 14 17 21 22 24 26 27 
28 35 37 38 41 45 55 56 63 65 71 72 
76 81 84 85 94 96 98 99 104 107 110 113 
116 124 133 139 143 148 150 152 155 163 176 177 
179 183 190 191 192 193 200 
71
2 8 18 21 23 30 31 33 37 38 39 40 
45 48 49 59 63 64 66 68 70 71 76 77 
79 80 84 85 86 87 88 93 95 96 97 109 
111 112 115 117 120 122 131 137 141 142 143 149 
150 152 153 154 155 156 165 166 170 171 172 174 
179 181 182 185 186 187 188 190 194 195 197 
53
5 6 10 12 19 20 23 24 31 33 34 35 
38 40 44 48 53 55 58 70 72 77 80 83 
90 91 92 95 98 101 102 106 109 110 113 114 
115 140 145 150 152 155 160 163 164 166 170 175 
183 187 195 196 199 
60
2 3 4 8 13 23 25 27 31 32 35 38 
40 45 47 49 55 56 59 64 69 77 78 83 
85 87 90 94 96 98 99 100 107 112 113 117 
119 120 121 125 130 131 137 138 139 141 144 146 
149 152 156 165 166 169 171 177 183 188 192 196 
54
4 9 11 13 16 21 22 28 34 35 37 43 
45 48 51 53 69 76 78 80 82 85 87 97 
101 103 108 109 111 112 113 115 117 120 122 127 
128 135 138 144 147 152 154 160 162 168 176 180 
183 190 191 192 198 199 
51
1 2 8 10 13 14 17 21 23 25 47 50 
53 62 68 70 78 84 85 86 94 98 104 120 
121 123 125 126 127 130 131 132 133 136 139 142 
144 150 158 159 163 166 174 177 178 182 188 189 
193 195 196 
66
3 4 5 6 12 15 17 18 23 24 25 28 
31 37 38 41 44 45 47 50 54 55 61 66 
72 75 79 83 88 89 91 96 98 99 110 116 
119 121 127 129 132 134 137 138 141 142 145 146 
148 149 150 154 163 164 165 168 177 178 179 180 
181 182 188 192 193 199 
53
5 9 16 20 23 24 26 32 43 47 50 51 
54 62 66 68 69 71 76 77 78 80 83 87 
93 94 95 104 110 118 121 129 136 137 142 146 
147 151 152 157 161 167 172 173 176 178 181 185 
186 187 191 192 195 
59
2 9 10 12 14 15 17 25 27 30 31 32 
40 43 47 52 56 57 67 68 73 77 81 83 
84 85 86 95 98 100 103 106 110 114 118 125 
126 127 135 138 139 142 143 147 149 156 159 165 
167 172 175 178 180 182 186 189 190 191 200 
62
2 3 12 15 19 20 22 25 28 29 34 35 
36 41 50 51 52 54 59 62 63 65 66 69 
71 87 90 102 104 105 112 117 120 121 131 133 
135 136 140 141 143 146 148 149 152 153 158 160 
162 163 165 167 170 171 175 181 185 187 189 192 
194 199 
62
1 6 8 12 13 14 17 19 21 27 28 31 
36 37 39 42 44 53 56 58 68 69 70 71 
72 78 79 82 83 85 92 94 95 104 112 113 
121 122 127 135 137 138 139 142 146 148 149 151 
153 156 157 169 175 179 180 184 188 194 197 198 
199 200 
72
2 4 8 11 14 18 20 23 24 28 34 36 
37 39 44 46 47 50 51 56 63 65 68 73 
74 79 84 85 93 95 96 97 98 99 101 104 
105 108 112 114 117 119 120 121 123 125 126 127 
130 131 133 134 141 143 145 147 150 157 165 166 
170 171 174 179 180 183 184 186 188 190 191 200 
58
1 2 16 18 22 28 30 32 36 38 39 42 
45 51 54 55 56 57 62 67 69 74 79 85 
100 102 103 105 108 112 123 124 125 126 131 133 
138 139 143 146 149 155 161 163 165 171 181 182 
183 184 185 186 190 191 194 196 198 200 
71
1 2 7 8 14 17 20 22 23 25 26 34 
35 38 39 40 41 43 49 50 51 55 57 58 
59 65 66 67 70 73 74 76 80 85 87 89 
91 94 96 99 102 104 108 110 114 117 119 120 
121 123 124 136 137 143 146 147 148 149 151 152 
153 154 161 171 173 175 177 184 186 193 195 
68
1 2 3 5 6 7 9 10 14 15 17 18 
23 25 32 35 38 43 45 47 48 49 51 53 
56 63 64 65 67 68 74 77 78 82 85 87 
90 93 95 101 104 108 112 113 120 121 124 130 
131 133 151 155 156 158 164 166 169 170 172 175 
178 182 185 187 193 196 197 198 
69
8 14 15 22 23 25 26 27 35 37 38 42 
43 46 47 49 50 52 59 61 63 64 65 66 
77 80 81 87 88 90 91 94 96 97 102 103 
108 109 113 118 132 134 135 136 137 141 142 151 
154 156 157 158 162 164 167 170 171 172 175 177 
179 180 183 185 187 191 192 196 200 
70
3 4 6 13 16 21 25 26 27 28 30 32 
36 37 39 41 42 46 50 52 57 58 59 60 
61 64 65 69 79 81 82 85 86 90 91 94 
95 98 101 102 115 117 118 120 121 125 127 130 
133 134 136 144 145 146 152 153 162 164 171 172 
173 183 185 187 188 192 196 197 198 199 
64
14 17 22 24 30 33 34 36 37 42 45 46 
48 50 54 58 62 63 64 66 67 70 71 72 
75 77 78 81 93 94 100 102 107 113 116 117 
123 124 125 126 130 133 134 137 141 145 148 156 
158 161 162 164 167 169 170 174 175 176 177 178 
179 180 185 195 
64
1 5 12 16 18 26 27 28 34 36 38 40 
43 44 51 55 58 60 65 66 68 70 81 90 
91 96 97 99 103 106 110 111 115 122 124 125 
129 131 133 136 143 144 146 147 150 151 152 155 
161 164 166 167 168 170 171 172 174 175 184 190 
191 195 196 198 
50
2 3 7 8 11 13 16 20 28 30 33 36 
47 51 53 72 73 74 77 80 92 97 98 101 
107 111 118 120 131 133 139 146 152 157 160 162 
163 167 172 173 180 184 187 189 190 191 193 196 
198 200 
52
7 16 18 19 21 35 44 48 49 52 54 56 
61 66 74 76 78 81 82 93 94 97 101 108 
111 113 115 122 124 125 128 135 137 143 145 149 
150 151 152 153 160 161 165 166 167 173 178 182 
185 188 191 197 
67
3 5 9 11 15 16 17 18 19 25 28 30 
31 32 33 34 36 38 40 45 46 50 53 59 
61 63 65 80 83 87 92 94 95 99 101 102 
103 119 122 126 128 133 134 135 136 141 144 154 
157 158 159 160 161 165 166 169 171 173 174 177 
181 182 186 192 194 195 198 
66
2 5 10 14 18 21 25 26 31 37 38 40 
41 46 51 52 57 59 61 64 70 72 75 78 
91 92 93 94 95 96 99 100 107 111 112 120 
121 134 135 136 137 138 139 140 143 147 148 151 
153 160 163 166 168 171 172 173 176 177 181 182 
188 192 196 198 199 200 
74
1 2 3 6 17 20 21 22 23 24 35 36 
37 38 39 40 41 46 49 53 54 59 60 62 
66 67 69 70 71 74 76 78 82 83 85 92 
98 100 101 102 106 108 109 116 118 127 130 132 
134 137 140 143 144 145 148 149 151 152 159 160 
161 162 163 165 169 172 176 177 179 186 191 193 
195 200 
63
1 6 8 10 19 20 21 22 26 27 31 34 
35 44 49 54 55 56 62 67 70 74 75 76 
78 79 83 84 85 86 87 89 90 94 96 99 
100 102 110 113 120 121 124 126 134 136 138 140 
149 150 152 154 161 162 164 165 166 169 170 188 
191 195 198 
49
11 15 17 18 20 21 25 27 38 42 44 48 
50 54 65 67 70 75 80 82 87 90 100 103 
104 107 112 113 116 118 130 132 142 145 149 150 
157 162 163 164 166 172 184 185 189 190 194 197 
199 
61
4 6 10 20 22 24 26 27 28 43 44 45 
46 53 66 69 72 77 78 79 86 89 90 91 
97 98 103 105 107 110 112 113 116 117 118 121 
122 123 126 131 134 141 150 151 156 157 158 165 
171 173 178 181 182 185 186 191 194 195 196 199 
200 
57
1 5 7 11 19 20 22 24 28 36 37 42 
44 53 55 56 63 64 68 69 70 75 76 77 
83 91 94 95 97 99 101 102 106 108 113 114 
123 124 125 129 139 143 147 151 153 155 156 157 
158 163 165 167 174 178 180 194 195 
58
5 9 16 17 18 19 24 25 30 34 35 37 
45 49 51 52 53 54 60 61 66 74 82 83 
84 88 102 105 107 110 112 116 118 122 125 131 
136 143 145 148 150 153 157 158 159 161 163 170 
171 173 175 180 184 185 186 194 197 200 
65
4 6 7 9 15 18 27 30 32 34 35 36 
37 39 43 49 50 52 54 55 57 58 60 65 
67 70 80 81 82 84 85 86 88 90 91 97 
98 100 101 102 116 124 125 127 130 136 138 144 
145 152 154 155 156 158 160 162 171 174 176 183 
184 188 192 197 199 
72
1 3 4 7 13 16 20 23 24 26 29 30 
31 32 34 35 36 53 56 58 59 60 62 64 
65 66 69 74 76 82 84 85 87 89 94 96 
98 99 102 106 108 111 114 115 118 125 127 128 
129 132 134 139 142 144 145 147 155 158 159 165 
167 170 174 177 178 184 185 186 189 197 198 200 
54
2 9 18 21 23 26 33 35 36 38 39 41 
53 59 62 63 64 77 79 80 84 87 88 89 
94 95 100 102 106 125 126 128 130 135 136 143 
147 148 153 156 158 160 161 166 172 173 174 175 
184 188 190 198 199 200 
59
3 8 14 15 20 21 25 27 28 33 42 44 
49 51 52 53 58 61 63 64 65 71 73 74 
78 82 86 89 90 100 106 108 110 111 114 115 
119 127 137 141 148 151 152 153 161 165 168 174 
175 177 180 181 182 186 188 193 196 198 200 
66
2 4 7 11 17 18 20 26 27 34 35 39 
42 45 49 50 51 56 57 58 59 63 69 73 
76 77 83 87 91 94 95 100 101 102 104 113 
114 116 119 127 133 136 137 141 144 150 154 158 
159 160 161 162 163 164 166 167 168 170 171 172 
173 174 175 189 192 199 
63
1 4 8 9 10 13 14 18 19 21 24 26 
27 28 29 39 42 45 47 52 54 58 61 70 
71 74 77 84 85 92 97 100 104 105 108 113 
115 116 122 123 124 130 131 132 139 140 144 146 
148 153 157 158 163 166 167 169 173 174 190 191 
192 196 197 
61
7 14 16 19 21 27 28 33 34 38 40 42 
44 47 50 54 56 58 60 61 66 67 70 72 
77 78 79 82 83 84 86 93 94 95 97 100 
101 121 122 123 125 126 129 132 136 137 146 148 
152 160 164 171 172 175 176 181 182 184 195 199 
200 
66
1 2 4 6 9 12 14 16 17 19 22 23 
25 28 35 36 37 40 44 45 51 52 53 56 
61 63 66 71 72 76 78 80 83 84 86 89 
90 101 102 104 106 116 118 121 125 126 127 130 
133 139 140 146 149 153 158 161 163 164 166 177 
184 185 187 194 195 199 
75
1 5 6 9 13 14 15 18 23 30 31 32 
35 38 39 46 47 48 54 56 57 58 60 61 
62 68 71 72 73 75 78 79 80 81 82 85 
88 89 94 102 103 104 105 107 109 110 113 114 
118 120 121 123 128 133 140 144 147 148 149 154 
155 162 165 168 170 171 175 176 180 181 182 185 
192 194 196 
53
8 15 28 29 31 34 36 37 38 39 46 50 
56 57 60 61 75 76 77 81 82 83 85 86 
89 111 119 123 124 125 129 131 135 137 139 142 
143 145 147 153 157 159 160 162 164 178 181 183 
184 188 192 196 200 
58
1 4 5 6 7 8 11 13 17 24 25 26 
29 33 39 43 51 57 62 69 70 75 78 79 
81 83 85 86 89 94 96 100 107 108 110 111 
113 115 117 122 127 128 130 132 134 142 144 161 
162 164 165 168 180 181 187 193 196 200 
60
1 3 5 12 13 18 23 28 31 32 34 40 
45 48 50 52 63 64 65 67 68 69 71 73 
77 80 81 85 86 89 96 98 106 110 112 121 
123 124 129 130 133 136 137 144 145 148 162 164 
170 171 174 175 176 178 183 184 188 191 193 197 
67
2 5 6 10 12 15 20 24 29 30 32 35 
36 37 39 40 44 48 49 50 51 54 56 61 
65 67 69 75 76 79 81 82 83 94 97 102 
105 111 115 117 123 127 133 138 140 142 143 144 
150 154 156 161 163 165 166 167 173 175 176 179 
183 184 187 188 194 198 199 
59
7 9 10 12 16 18 24 25 26 27 28 30 
32 35 38 40 43 46 49 50 52 53 57 59 
63 67 69 71 80 81 82 83 94 95 96 97 
98 102 117 124 125 127 131 133 142 145 152 156 
159 165 166 172 173 182 184 188 189 193 198 
59
2 6 7 9 10 13 15 19 22 27 28 31 
32 36 42 50 53 55 57 58 59 60 66 69 
74 75 77 90 91 94 95 98 101 104 107 110 
112 117 119 123 131 137 139 141 144 146 147 155 
160 164 167 170 171 173 174 177 179 189 194 
60
9 13 14 17 24 29 30 34 40 41 44 48 
54 58 64 66 69 72 75 76 78 81 90 98 
102 106 110 112 114 118 119 120 121 123 130 132 
134 138 142 146 147 149 154 156 158 160 161 164 
167 168 172 176 181 186 187 188 191 195 196 198 
58
7 12 16 17 22 26 28 29 30 32 35 39 
40 41 50 51 57 65 74 76 78 80 82 83 
85 88 90 91 92 98 104 105 108 109 112 118 
122 124 135 144 150 152 153 154 162 164 165 169 
171 172 174 175 176 180 190 197 198 199 
66
4 5 7 12 14 15 16 17 25 26 27 28 
29 31 39 41 45 46 48 49 55 56 57 59 
60 61 64 68 71 73 75 76 78 81 89 97 
100 107 109 112 113 119 121 122 126 127 133 136 
140 144 147 148 155 158 159 161 164 166 168 171 
174 175 176 184 186 190 
68
2 3 4 7 10 12 18 20 21 22 33 37 
39 43 46 52 56 59 60 62 66 68 75 78 
79 82 85 86 93 96 97 105 108 109 112 115 
116 117 118 120 121 123 124 130 131 134 135 137 
141 142 149 150 154 155 157 165 166 167 168 169 
171 174 178 184 189 193 196 200 
70
2 3 4 8 9 10 11 12 23 25 28 31 
33 35 40 45 47 49 52 54 56 57 60 62 
64 67 73 74 76 81 86 88 91 92 98 102 
103 104 106 107 111 116 122 124 125 134 136 141 
142 144 148 149 150 151 153 154 156 165 166 169 
170 172 173 177 178 182 183 188 192 195 
59
2 8 28 33 35 41 44 46 48 57 58 60 
61 67 69 78 80 84 90 91 92 94 95 97 
98 106 110 124 127 128 130 132 135 138 142 144 
147 148 149 152 153 155 157 160 163 169 170 171 
172 177 185 186 188 191 193 195 196 198 200 
58
2 12 22 29 31 39 42 49 52 54 55 56 
58 67 69 74 77 79 80 85 88 91 95 101 
104 107 109 114 115 116 118 121 122 123 124 129 
133 136 142 147 152 153 158 160 161 164 165 168 
170 174 180 182 183 184 189 192 194 196 
68
2 3 9 11 15 20 23 27 33 35 37 38 
39 43 44 45 50 51 53 58 60 62 63 64 
67 70 74 75 76 84 87 89 90 92 93 94 
95 96 97 98 100 103 114 122 125 126 127 130 
132 135 139 140 141 143 152 155 159 165 166 170 
176 178 179 189 192 194 195 196 
56
2 9 11 15 23 25 28 29 33 41 43 44 
49 50 52 53 61 62 63 66 71 75 76 78 
80 82 88 92 93 98 100 109 113 114 115 118 
121 123 125 130 139 143 148 152 155 162 169 172 
176 178 185 192 195 196 198 200 
64
1 2 18 19 20 21 24 28 35 39 42 43 
46 49 50 52 53 58 68 70 72 74 75 77 
80 81 84 89 93 101 106 108 110 111 115 117 
120 122 123 126 127 129 130 135 139 141 144 145 
147 148 149 151 158 159 161 166 169 178 190 191 
193 196 198 200 
56
3 8 10 17 18 22 25 30 31 32 33 35 
44 51 54 68 69 71 78 79 83 85 86 87 
89 90 97 105 112 113 114 117 119 126 129 130 
133 140 143 144 152 156 164 166 169 172 176 180 
181 183 184 191 192 195 196 198 
62
2 4 6 15 17 23 24 28 31 33 40 54 
59 64 66 70 71 73 78 82 83 84 86 89 
90 96 103 105 108 109 114 120 121 122 127 130 
138 139 141 142 144 146 151 154 158 159 161 163 
165 167 168 173 174 177 180 185 187 189 190 195 
197 198 
58
1 6 10 13 16 18 26 32 33 38 47 52 
56 57 66 71 72 73 74 76 79 84 87 91 
92 94 96 104 106 107 112 114 119 124 125 126 
127 128 129 135 137 148 153 156 160 164 165 166 
168 170 171 173 175 179 183 188 189 191 
59
1 3 5 8 9 16 17 18 19 20 24 28 
29 32 35 40 42 46 47 48 49 54 56 64 
65 68 70 73 82 83 85 88 94 95 98 105 
116 121 126 129 131 132 134 135 137 142 146 156 
169 173 177 178 183 187 188 193 195 197 200 
60
3 7 11 13 17 19 20 26 27 29 33 39 
40 41 45 47 48 49 50 51 58 63 65 66 
67 84 88 93 94 95 96 101 102 104 106 108 
110 115 118 121 122 131 135 136 138 140 147 148 
154 156 157 163 171 182 186 188 189 193 197 200 
65
2 3 7 8 9 10 11 13 15 20 22 29 
30 34 37 40 42 47 48 49 52 57 59 62 
64 68 71 73 79 84 86 87 89 95 101 110 
114 118 121 124 128 131 134 138 142 147 154 155 
157 163 164 168 170 172 174 177 178 179 183 184 
186 187 194 197 199 
55
1 5 16 20 24 29 33 38 39 43 44 47 
48 57 58 62 63 64 66 69 78 79 80 81 
82 84 85 88 98 101 111 112 117 121 122 124 
133 134 137 139 145 150 153 155 158 159 168 175 
178 179 182 185 194 195 200 
48
3 5 11 12 13 16 17 21 22 25 28 32 
33 46 47 51 63 65 67 74 76 86 88 89 
95 96 97 99 103 105 107 114 117 119 124 125 
126 131 133 137 143 146 156 157 167 172 184 191 
74
1 2 3 4 8 11 12 13 20 22 25 29 
31 34 36 38 43 46 48 50 53 54 58 63 
65 66 67 69 70 71 72 77 79 82 87 88 
89 91 101 102 104 105 108 109 110 112 116 119 
122 126 135 136 138 139 142 147 150 153 158 163 
169 170 171 172 173 175 177 179 180 181 182 184 
195 198 
62
2 5 11 15 16 18 20 21 22 28 30 33 
35 36 39 44 45 51 56 60 61 63 66 70 
73 74 75 79 80 83 87 89 91 94 95 107 
108 118 123 128 130 133 135 141 142 144 146 148 
156 165 166 167 170 171 177 183 185 186 190 191 
193 195 
59
2 4 6 10 12 13 14 16 18 21 23 24 
26 29 40 41 42 43 45 54 62 63 65 66 
69 75 81 87 88 99 103 106 109 111 117 124 
125 127 128 136 137 142 144 145 152 155 157 165 
167 168 169 173 176 177 181 188 190 194 198 
71
2 12 14 15 16 17 18 22 25 29 31 34 
35 42 46 47 48 49 51 53 54 59 65 67 
70 73 76 80 82 86 87 92 93 96 97 100 
108 109 114 122 123 125 132 133 134 135 136 139 
144 145 147 148 150 156 157 165 166 168 170 171 
173 178 180 183 186 189 191 193 198 199 200 
58
6 7 12 13 14 16 19 21 27 31 33 34 
38 40 44 47 48 53 57 58 59 69 76 78 
83 84 85 88 89 102 105 107 110 118 119 120 
121 138 139 146 151 153 157 160 161 162 165 166 
173 175 177 179 183 188 190 193 194 200 
62
2 4 7 8 9 11 15 18 22 24 31 33 
35 36 37 38 46 54 55 62 63 67 68 70 
72 74 75 79 82 87 91 94 96 98 101 104 
109 112 114 116 117 119 120 121 125 133 135 145 
147 150 151 155 160 173 174 176 181 182 190 192 
194 195 
56
4 6 9 19 20 23 30 33 41 48 49 53 
56 60 65 70 71 77 85 87 88 92 94 96 
98 105 106 107 109 117 119 120 123 124 126 127 
139 142 143 144 146 151 152 155 164 166 169 178 
182 184 186 188 194 195 197 199 
52
2 4 10 13 15 20 23 30 33 37 43 46 
58 63 72 74 75 76 87 88 89 95 99 101 
106 107 112 114 115 116 123 124 128 139 140 145 
151 152 154 155 156 170 174 177 181 183 188 192 
197 198 199 200 
71
2 3 4 5 6 9 12 13 14 18 20 27 
29 30 32 37 41 42 43 44 46 47 56 63 
64 66 69 70 73 74 77 80 85 92 94 95 
96 99 102 103 106 114 115 118 127 130 132 135 
137 138 139 140 145 148 153 155 159 160 161 164 
167 168 175 176 178 179 182 187 189 190 198 
67
1 9 14 18 20 24 26 27 28 30 31 36 
37 41 48 54 55 62 65 66 69 70 73 75 
83 84 86 94 98 103 104 106 107 109 112 119 
123 125 130 132 137 140 141 142 143 145 147 148 
150 151 152 154 158 160 164 165 168 177 178 179 
181 185 188 191 193 197 198 
69
1 9 10 13 15 18 20 22 31 32 33 42 
45 46 47 48 54 56 63 67 73 74 76 77 
78 83 87 89 90 91 95 97 99 102 106 107 
111 118 119 122 128 131 132 133 135 139 142 145 
147 149 151 154 155 162 166 167 175 177 180 182 
183 185 186 190 192 193 194 196 200 
56
5 11 19 23 25 26 30 37 38 44 48 49 
52 55 58 69 70 76 78 85 90 93 99 101 
105 106 109 114 115 116 119 120 126 130 134 135 
137 138 139 141 142 151 154 155 158 163 164 165 
170 175 181 187 195 196 197 198 
65
1 5 6 13 21 24 26 30 31 34 36 41 
42 45 49 55 57 60 61 62 69 70 75 76 
83 87 89 91 95 100 101 103 105 107 109 110 
112 114 118 119 123 126 129 131 133 135 136 139 
140 143 147 150 151 155 161 164 165 166 180 187 
192 194 196 198 199 
60
10 22 26 30 32 37 39 42 45 47 51 54 
56 57 59 61 63 64 65 66 68 90 93 95 
96 104 107 110 113 118 121 125 128 130 131 132 
133 134 135 137 138 141 145 146 147 154 158 161 
164 171 176 178 180 186 187 191 193 194 195 198 
61
3 4 14 22 23 26 31 32 36 37 39 40 
45 57 60 76 79 83 86 90 92 94 100 102 
104 105 109 110 113 114 117 120 121 124 125 127 
131 132 134 135 136 139 141 144 146 148 155 156 
159 161 162 166 172 175 176 177 184 191 192 197 
198 
61
4 6 8 9 12 14 18 23 26 27 40 41 
47 48 52 56 60 62 64 66 68 71 76 78 
79 80 83 84 85 87 89 91 98 99 100 104 
105 111 114 115 121 124 126 127 128 137 138 147 
160 162 165 166 167 168 175 180 182 187 191 197 
198 
45
1 10 13 14 17 18 33 39 44 52 70 77 
80 81 86 89 99 101 102 108 114 115 119 120 
121 122 130 131 133 140 143 146 153 154 166 168 
172 182 183 184 188 190 191 193 200 
54
1 2 4 12 23 31 32 37 38 48 49 51 
55 57 61 64 68 69 71 74 75 84 85 88 
94 95 98 106 108 112 113 115 117 118 130 135 
141 142 144 150 156 160 163 165 169 173 176 181 
182 183 186 189 195 200 
55
6 12 13 26 27 33 35 38 47 48 49 51 
54 60 61 68 73 76 77 80 82 86 87 88 
92 104 106 110 111 112 113 114 120 122 123 124 
127 128 130 131 133 138 144 146 150 161 169 173 
176 178 180 187 189 198 200 
54
4 6 9 13 14 18 21 31 33 36 37 39 
43 48 49 50 53 63 66 70 74 78 82 86 
90 94 95 97 99 102 103 106 109 110 114 117 
119 121 125 128 129 130 136 144 149 152 169 175 
179 185 187 188 189 194 
61
8 11 14 15 18 20 21 23 33 36 40 44 
47 52 53 59 65 66 70 71 74 75 76 79 
81 90 91 92 94 95 98 100 101 106 107 116 
117 119 122 124 125 129 130 131 137 143 151 152 
154 157 159 161 162 165 168 173 175 186 190 197 
200 
52
1 8 9 13 14 22 23 24 25 28 30 35 
39 52 58 65 67 74 91 92 96 99 109 110 
117 125 127 128 130 132 134 139 141 145 147 150 
156 159 161 162 172 173 176 177 180 184 185 186 
188 195 197 200 
62
1 4 7 8 12 14 15 16 18 27 28 33 
35 36 40 44 46 47 50 54 56 62 64 65 
69 77 81 83 84 87 94 95 99 101 103 104 
114 117 119 125 127 131 132 135 136 137 139 142 
149 154 156 157 167 170 173 174 178 179 180 181 
191 199 
65
4 6 7 11 14 23 36 37 39 40 42 45 
50 54 55 58 59 62 63 66 68 71 74 77 
81 82 86 88 91 92 94 95 99 100 106 109 
110 114 121 122 127 130 132 133 142 143 149 158 
160 163 165 166 167 168 169 173 177 181 182 185 
188 191 193 194 199 
64
7 10 12 18 20 27 35 36 37 42 43 49 
50 51 53 55 57 59 64 69 71 85 87 89 
93 95 96 103 107 108 110 111 113 116 117 120 
123 125 127 134 135 139 144 146 151 152 154 156 
163 165 166 170 172 173 176 178 179 180 181 182 
188 190 196 197 
62
4 15 18 19 21 30 39 42 44 46 50 61 
63 66 67 68 70 72 78 79 82 88 90 93 
95 99 101 102 103 106 112 113 121 122 124 125 
127 128 131 133 134 136 140 141 145 147 152 155 
157 158 166 168 169 174 177 178 185 187 192 196 
198 200 
59
7 11 14 23 24 28 37 38 41 43 44 46 
47 48 53 57 65 66 73 75 76 77 78 80 
82 83 88 92 95 97 109 113 115 116 119 120 
125 127 130 134 137 143 145 146 147 149 152 153 
158 163 165 166 171 172 174 175 180 186 196 
62
2 5 7 9 10 13 16 18 19 20 21 24 
41 49 50 61 68 73 76 78 79 82 88 89 
92 93 94 97 98 99 103 104 106 111 114 120 
121 130 131 139 140 141 142 144 147 148 150 151 
153 155 156 163 173 176 177 178 179 181 182 185 
197 198 
57
9 11 12 14 15 23 25 26 27 29 32 36 
37 38 42 47 49 50 54 67 70 72 75 76 
79 81 83 84 86 93 101 104 111 116 124 134 
135 136 146 148 151 153 154 168 169 172 173 175 
176 177 182 185 188 189 194 195 197 
60
2 3 8 9 10 11 18 24 26 27 30 33 
35 36 37 39 40 50 51 55 56 57 58 61 
68 72 74 75 83 86 88 89 90 91 94 97 
98 99 115 118 123 126 135 137 142 143 147 155 
156 161 168 173 175 177 182 185 186 187 188 191 
68
1 2 4 10 11 12 16 25 26 27 28 29 
30 31 34 37 39 45 47 56 59 65 67 68 
77 79 80 83 87 89 95 97 98 100 101 102 
103 107 110 113 117 123 126 127 128 134 137 138 
139 142 144 148 150 151 152 153 154 155 159 164 
165 166 172 174 175 179 198 200 
52
3 13 14 19 24 25 27 28 38 44 46 47 
49 52 54 58 60 65 68 75 78 80 84 87 
91 95 96 100 103 105 108 110 111 114 115 120 
130 135 138 143 149 152 153 162 163 166 174 181 
184 194 195 198 
56
1 3 9 13 18 22 28 31 32 34 39 43 
61 63 66 68 69 74 86 90 91 93 98 101 
106 111 112 113 114 116 121 122 124 125 127 131 
134 139 142 146 150 151 164 165 168 169 172 174 
177 178 181 184 187 190 192 194 
52
6 10 12 14 15 17 18 23 24 27 45 46 
51 62 67 69 72 75 77 78 80 84 85 92 
94 96 100 102 109 111 118 122 123 124 125 126 
135 140 141 145 149 155 159 166 169 171 181 188 
191 196 198 199 
63
2 4 8 9 10 11 12 14 17 23 31 32 
33 37 38 42 44 49 55 56 62 63 64 66 
71 75 77 79 82 83 85 87 89 90 91 94 
97 103 105 107 108 123 126 128 137 141 154 156 
159 166 167 168 171 174 178 181 183 186 187 188 
191 193 199 
72
2 4 6 13 14 16 17 37 42 44 45 51 
54 55 57 58 59 61 62 63 65 68 69 70 
75 77 79 80 81 82 83 85 86 90 95 104 
109 112 113 114 115 119 120 122 124 125 126 128 
130 131 136 137 141 142 144 145 149 152 157 160 
161 165 168 173 174 176 184 185 186 189 194 199 
56
4 16 17 19 20 25 30 35 38 42 44 48 
54 55 63 64 74 78 79 80 85 86 89 99 
100 101 106 107 109 121 123 125 135 139 140 146 
149 150 151 152 158 160 162 164 165 173 175 176 
177 178 183 184 192 194 197 199 
63
1 5 6 9 11 12 14 15 19 20 22 31 
33 38 41 44 48 50 51 53 59 62 63 67 
71 73 75 76 82 84 88 89 91 92 93 94 
96 100 103 105 107 108 111 123 126 127 131 134 
137 139 144 149 155 158 161 162 168 170 181 186 
194 198 200 
55
1 6 11 17 18 26 29 40 41 42 43 44 
45 51 52 58 61 66 74 76 79 80 81 82 
83 89 93 94 97 102 104 106 110 111 112 115 
119 122 128 134 141 142 146 148 152 153 158 164 
167 172 178 183 185 192 193 
63
1 2 3 4 5 6 11 16 19 22 24 25 
31 38 39 42 46 50 54 56 59 61 63 64 
69 73 74 83 84 86 87 98 104 105 111 112 
114 121 122 127 129 130 132 133 136 137 139 144 
145 146 147 154 157 163 169 170 176 177 178 180 
183 186 188 
57
8 13 16 18 26 27 28 29 33 43 53 54 
55 58 60 63 65 68 72 74 78 88 94 101 
104 107 115 118 119 123 125 126 127 131 136 139 
141 144 145 155 156 157 159 163 166 169 175 179 
180 181 182 188 191 194 196 197 200 
62
2 8 14 17 21 22 23 24 26 28 30 33 
34 36 38 40 45 47 48 51 52 53 54 58 
60 61 64 66 68 69 77 82 83 95 99 101 
107 116 127 129 130 131 134 139 146 147 149 152 
153 154 156 158 166 167 171 176 179 180 181 183 
184 185 
64
7 8 9 10 11 21 24 25 26 31 34 40 
42 46 53 59 64 65 68 73 79 80 82 83 
84 85 86 87 90 94 100 108 110 116 118 120 
124 128 129 131 136 141 147 148 149 150 153 155 
160 162 163 165 167 168 169 176 178 179 184 187 
188 190 194 199 
58
1 4 5 6 13 14 18 25 26 30 31 35 
38 40 41 44 46 47 48 51 59 73 76 79 
85 86 88 91 102 104 107 110 112 114 115 119 
127 134 140 143 145 150 155 159 162 163 168 169 
170 174 175 178 181 185 187 188 194 198 
57
7 8 11 14 16 17 23 26 27 28 31 35 
44 47 49 54 55 56 57 61 63 68 72 74 
75 78 80 84 85 86 93 95 96 99 106 109 
113 122 131 133 135 136 138 140 141 143 152 153 
157 159 172 175 184 185 189 196 200 
65
3 12 13 15 19 26 30 33 34 36 37 38 
39 41 42 44 46 50 53 54 62 63 64 74 
75 76 85 88 89 94 96 101 104 105 106 107 
110 114 123 124 129 131 136 141 146 150 155 157 
159 161 167 168 171 173 174 178 181 186 189 190 
192 194 195 197 200 
57
3 8 11 12 14 19 23 24 28 32 33 34 
35 36 43 45 46 47 49 54 57 65 67 68 
75 77 79 80 83 86 87 89 91 102 103 108 
109 116 121 130 131 135 138 141 151 160 162 165 
166 172 173 174 176 184 187 196 200 
67
1 2 4 6 7 9 13 18 24 25 27 30 
32 36 40 42 45 50 51 52 55 57 59 61 
66 77 79 81 85 86 88 89 91 97 98 99 
100 102 109 112 121 123 125 131 133 134 136 139 
140 141 146 148 151 152 159 160 165 171 174 175 
177 179 181 186 191 199 200 
69
1 2 16 17 18 20 21 29 32 34 39 43 
49 51 56 59 61 64 69 74 81 82 86 87 
90 93 94 95 96 99 103 104 112 116 118 121 
122 127 128 132 134 136 139 140 144 148 151 154 
155 156 157 163 166 167 168 169 170 173 175 176 
178 184 189 190 194 195 197 199 200 
73
3 6 9 11 13 15 17 18 19 20 32 33 
35 37 41 46 48 49 57 60 61 62 65 68 
70 71 78 79 80 83 85 90 94 96 97 103 
104 106 107 109 110 114 116 119 122 124 129 132 
133 136 137 138 139 142 147 151 154 155 159 162 
165 167 168 169 170 173 174 184 189 190 192 195 
196 
58
7 12 13 24 26 28 30 31 32 33 34 37 
44 45 48 50 56 57 58 59 61 62 63 64 
67 74 84 86 94 98 99 100 104 105 107 109 
115 117 120 132 133 142 152 154 155 159 161 163 
166 168 172 174 175 181 189 194 195 196 
48
1 2 7 9 14 17 21 34 35 36 42 44 
46 52 53 63 64 66 69 74 83 84 86 87 
89 91 94 102 107 114 117 118 123 124 136 138 
140 152 153 156 162 163 165 167 170 176 181 200 
61
2 4 5 6 7 9 15 21 22 23 28 33 
37 39 52 53 54 59 61 63 68 70 71 75 
78 79 80 86 89 90 91 94 98 105 107 116 
121 122 125 126 127 129 138 139 140 144 148 162 
165 166 167 168 171 174 175 179 182 186 190 191 
197 
60
8 10 14 17 19 20 24 25 26 28 30 32 
38 44 45 48 51 59 68 69 70 73 82 93 
95 96 98 99 104 106 115 119 122 123 127 130 
132 138 139 140 143 145 149 151 153 155 156 158 
160 161 166 170 171 172 178 185 187 188 190 195 
59
5 9 16 18 19 20 22 25 31 32 33 36 
38 44 49 59 60 64 66 70 79 82 83 85 
86 87 94 95 102 107 110 111 114 117 118 119 
130 131 132 136 141 144 146 147 152 153 155 166 
168 169 171 174 180 184 190 192 193 194 197 
47
3 5 16 17 26 27 33 35 36 37 45 46 
52 55 64 65 66 70 78 81 85 90 92 97 
98 100 102 103 109 128 134 137 138 140 144 150 
152 158 164 168 170 172 173 178 189 198 199 
62
11 13 14 15 17 21 23 25 26 27 29 35 
38 40 41 44 51 57 59 61 62 63 73 82 
83 86 87 88 97 103 106 107 115 116 118 121 
128 132 135 136 138 143 146 147 152 153 156 159 
162 164 165 169 172 173 183 184 186 188 193 194 
195 199 
68
4 6 11 12 18 28 29 31 33 39 41 42 
44 45 48 52 56 58 59 61 63 64 66 69 
71 76 79 86 87 88 89 90 96 98 99 100 
101 102 105 109 110 113 114 117 131 132 134 136 
140 144 146 149 151 158 161 163 166 167 169 171 
180 184 185 187 192 196 199 200 
69
2 4 5 6 10 11 14 15 16 20 22 28 
30 31 33 34 38 40 42 48 50 51 52 53 
55 56 57 59 61 65 68 69 71 74 76 82 
87 88 92 102 106 107 109 110 111 112 115 116 
122 125 130 134 137 139 140 144 150 151 154 155 
158 167 169 174 187 191 193 199 200 
60
4 7 13 20 21 23 27 34 35 36 37 43 
48 58 63 67 68 70 73 75 78 79 80 84 
86 87 92 98 99 107 116 125 128 130 131 134 
135 142 148 150 152 153 159 160 167 168 170 171 
172 174 175 177 179 182 186 187 188 194 196 197 
63
1 2 3 4 9 11 19 21 22 23 26 27 
28 36 39 41 42 48 49 52 55 67 76 85 
87 90 91 100 101 104 105 109 111 115 120 121 
128 132 133 138 145 146 149 150 151 152 153 154 
156 157 158 160 163 168 169 174 175 176 177 180 
182 189 191 
60
1 4 5 6 8 19 20 24 26 28 33 34 
36 37 49 50 51 52 58 59 71 72 74 77 
84 94 95 96 99 101 102 107 111 112 116 119 
120 124 126 128 129 134 136 137 142 144 145 146 
147 152 153 154 155 158 165 167 172 181 186 188 
57
2 4 5 12 19 20 25 28 36 37 39 40 
43 45 52 55 56 64 68 69 73 76 78 80 
83 85 87 90 92 93 98 100 111 123 131 133 
139 142 145 146 149 152 157 158 164 166 167 168 
172 174 180 183 185 187 191 192 193 
59
1 7 10 14 18 22 27 29 34 35 42 47 
48 50 54 57 61 62 63 69 70 71 74 75 
77 85 91 100 102 105 108 109 110 115 116 119 
120 122 124 127 128 129 132 135 137 150 151 153 
155 161 165 168 180 185 188 190 191 196 200 
54
11 18 26 36 42 44 46 53 54 55 56 65 
66 70 74 76 83 84 88 93 94 98 104 111 
115 116 119 128 131 133 136 137 142 143 147 150 
151 158 165 167 169 170 172 173 176 177 178 180 
189 191 192 195 198 199 
57
1 7 9 10 14 15 19 23 26 35 36 39 
46 50 51 67 73 75 79 83 85 86 87 91 
95 98 101 108 115 123 124 128 130 131 132 135 
137 139 143 146 149 150 153 158 166 167 168 169 
170 174 183 184 185 187 193 195 197 
61
4 5 6 11 13 14 18 20 30 31 35 41 
42 43 49 51 56 57 58 59 61 62 70 74 
77 79 90 96 99 100 105 113 114 117 122 128 
130 131 133 140 141 142 143 147 148 153 154 155 
162 163 171 174 177 181 184 186 192 194 195 196 
199 
60
2 3 6 7 9 10 11 29 31 35 37 39 
41 42 44 50 55 61 63 66 69 70 76 80 
83 92 93 94 95 98 100 102 104 106 111 113 
116 119 122 124 128 129 136 140 141 144 146 148 
153 159 163 170 173 174 179 181 189 193 196 198 
66
2 8 10 11 20 30 32 33 44 47 50 52 
55 60 61 64 67 69 71 72 77 81 86 87 
92 93 95 97 102 104 106 108 109 110 111 113 
114 115 122 124 131 132 137 141 142 144 145 153 
156 159 162 165 167 168 169 172 173 174 177 182 
184 186 188 193 198 200 
66
2 3 13 14 20 21 29 31 32 34 35 36 
37 38 41 42 43 47 48 49 50 51 57 60 
68 69 70 73 74 78 83 85 89 94 95 96 
101 102 104 110 111 116 117 118 124 127 129 132 
134 135 137 140 141 142 146 154 157 159 164 169 
170 171 175 176 178 194 
63
4 5 12 13 14 17 20 21 23 24 25 31 
32 34 39 41 48 49 51 53 63 64 65 71 
72 75 79 80 84 87 88 89 90 92 99 100 
107 109 110 111 119 120 124 126 128 131 134 142 
145 148 151 158 160 162 163 168 169 170 172 192 
193 194 198 
45
1 6 12 18 21 38 42 44 56 80 83 84 
91 93 97 99 101 102 107 109 110 111 115 121 
130 133 145 153 154 155 159 166 171 176 178 179 
181 182 184 187 189 191 196 198 200 
65
7 8 9 15 17 21 22 28 31 40 41 47 
48 50 54 56 61 66 75 77 78 84 85 90 
94 96 97 102 103 108 112 118 119 120 125 128 
138 143 144 146 147 148 155 156 159 162 165 166 
167 169 172 173 176 177 178 179 180 181 183 188 
193 196 198 199 200 
73
4 6 8 11 12 14 15 17 18 20 23 29 
32 33 34 35 46 47 51 52 54 55 63 64 
66 68 69 73 77 79 84 85 86 87 91 97 
101 112 113 118 119 121 122 128 129 130 131 132 
133 134 137 140 146 147 149 151 152 153 155 156 
160 165 167 168 169 170 174 184 185 193 196 199 
200 
69
4 8 18 19 20 24 29 35 37 42 44 45 
47 49 52 53 54 66 67 70 77 80 81 82 
83 84 90 91 92 95 96 97 98 99 100 101 
103 107 108 111 112 115 116 117 118 121 127 132 
135 137 138 140 141 145 151 154 165 166 171 172 
173 176 181 182 183 189 191 194 198 
61
1 6 7 8 12 14 16 18 19 20 21 23 
25 26 27 28 29 36 38 39 45 49 50 57 
61 67 75 78 80 83 87 91 95 96 97 102 
105 106 117 119 123 126 130 138 143 148 150 153 
156 157 158 160 175 177 178 179 180 181 184 185 
190 
51
1 16 20 22 26 28 29 39 41 42 46 53 
58 60 61 64 71 73 76 82 86 87 89 96 
98 111 116 120 132 137 139 140 143 146 147 151 
156 158 162 164 165 167 169 175 177 178 183 189 
193 195 200 
59
3 8 10 21 25 27 32 38 42 43 44 53 
56 58 60 65 70 71 72 73 77 78 79 85 
89 93 94 100 103 105 110 115 117 118 119 121 
124 125 126 127 128 133 141 147 154 159 160 166 
167 168 169 172 174 175 176 179 186 194 199 
55
2 7 9 10 14 16 17 28 32 37 43 47 
50 52 57 58 59 60 63 69 71 72 74 79 
83 86 87 89 90 97 98 102 107 114 115 128 
133 135 138 139 145 146 147 150 161 163 164 165 
167 168 181 183 190 194 199 
62
1 2 6 17 20 25 31 32 33 34 35 36 
45 47 53 58 61 66 69 70 72 74 75 89 
93 94 100 101 109 113 115 118 121 122 125 127 
130 131 132 133 138 141 145 152 155 156 160 164 
165 168 169 170 172 175 177 180 182 183 184 185 
194 198 
57
2 5 8 18 23 25 34 36 39 42 44 46 
48 55 57 58 60 71 83 84 87 88 89 91 
93 94 99 100 103 106 107 110 114 116 119 120 
122 123 131 134 136 139 140 142 146 147 155 157 
158 161 163 165 167 175 179 180 195 
66
1 3 6 8 10 17 18 20 26 28 37 45 
50 52 53 56 57 59 64 66 67 69 71 72 
75 78 79 82 84 86 88 97 100 103 105 107 
111 112 113 119 120 123 124 127 129 133 135 141 
146 148 149 150 151 159 161 164 166 175 178 179 
188 189 190 192 193 198 
53
6 7 8 10 21 22 25 31 32 34 35 56 
58 61 74 78 80 83 87 94 98 106 115 117 
119 120 126 129 131 139 140 144 145 146 147 149 
152 153 156 157 162 164 169 174 176 182 185 188 
189 190 196 199 200 
57
1 3 4 8 11 12 16 17 20 29 30 39 
43 46 48 49 53 55 59 63 64 68 72 73 
74 75 80 83 84 86 87 88 90 92 99 100 
101 107 110 112 118 128 140 149 150 156 157 160 
176 177 179 185 187 189 192 198 200 
69
2 3 4 6 10 15 17 18 21 24 27 28 
29 30 31 32 33 35 38 39 40 43 49 59 
63 66 68 72 75 80 81 86 96 97 100 102 
103 105 106 109 114 115 116 119 120 123 125 126 
129 134 135 136 138 143 145 148 149 152 155 156 
157 158 166 178 179 180 184 187 190 
55
5 7 13 14 15 17 19 26 29 31 32 33 
35 36 44 51 54 60 67 70 72 74 78 84 
85 90 91 100 101 103 109 111 114 116 120 123 
125 134 140 144 148 149 151 162 164 167 171 178 
181 182 184 185 190 191 200 
64
1 2 5 10 11 14 15 25 27 29 32 36 
38 42 46 52 53 54 56 61 66 67 68 70 
72 73 77 81 84 85 97 100 101 108 110 111 
113 117 122 126 132 133 136 137 138 143 144 147 
152 159 162 163 166 171 172 174 176 179 182 185 
192 194 195 197 
50
2 4 10 12 13 19 20 22 27 29 32 36 
38 39 40 42 43 56 59 60 63 66 77 81 
83 93 100 102 105 107 114 118 123 124 125 136 
145 153 160 161 166 168 173 177 182 184 194 198 
199 200 
64
1 3 4 7 9 17 22 27 31 35 37 39 
40 42 43 46 53 56 62 65 66 70 71 73 
76 85 86 89 90 92 93 98 100 108 110 115 
121 122 124 126 127 128 129 135 140 141 142 150 
151 156 157 159 162 163 171 172 176 182 184 186 
187 188 193 197 
57
5 6 7 10 13 15 16 19 22 23 34 41 
43 45 55 60 65 76 87 91 93 95 104 110 
111 113 115 117 120 122 127 132 134 135 136 142 
144 146 149 150 154 155 156 161 162 166 168 171 
174 177 178 180 183 184 189 191 199 
62
6 9 11 15 16 18 19 21 33 35 38 43 
44 46 47 53 54 59 63 64 66 68 69 72 
73 77 83 86 87 96 98 103 106 108 110 114 
115 116 117 121 124 125 132 134 136 138 144 149 
151 153 154 155 158 159 164 169 170 172 175 183 
195 198 
67
1 4 5 7 9 12 13 15 17 18 20 22 
27 28 29 31 32 42 44 48 50 51 52 54 
57 64 65 67 74 77 80 82 85 88 91 93 
94 101 102 111 114 115 119 120 126 130 131 133 
135 136 137 140 144 146 147 149 154 158 170 177 
178 186 187 188 190 192 199 
65
5 7 12 14 18 21 24 25 28 29 30 34 
44 45 50 60 62 63 65 69 73 74 79 84 
87 88 89 97 99 100 103 104 114 116 118 121 
124 131 133 134 138 139 143 145 147 151 152 154 
156 160 171 173 174 176 177 178 179 180 185 186 
188 189 190 193 199 
45
6 7 9 14 17 18 24 27 34 54 59 61 
63 65 66 67 70 73 81 83 85 91 94 99 
108 119 121 125 126 127 130 140 143 144 150 163 
164 168 169 173 175 186 189 197 200 
56
6 7 9 12 13 16 20 21 28 30 35 37 
38 41 43 44 49 54 57 64 80 81 82 86 
87 90 91 92 94 95 96 101 106 117 136 138 
141 143 148 150 152 155 158 163 164 166 169 173 
174 176 179 183 184 188 193 197 
57
3 7 8 10 12 15 16 21 27 32 34 37 
41 45 48 49 57 61 65 71 74 76 78 80 
88 98 101 103 104 105 110 120 122 123 134 136 
139 146 151 157 161 163 164 165 167 170 177 178 
180 181 182 183 184 186 187 189 191 
63
7 8 9 14 16 24 28 30 31 32 38 42 
43 50 51 55 59 60 61 62 63 66 67 69 
76 80 81 82 83 87 89 97 98 99 101 102 
103 107 109 112 117 119 132 134 137 140 144 146 
148 151 152 155 159 160 176 183 184 185 187 188 
196 197 198 
74
3 10 13 14 19 24 28 33 38 40 41 43 
45 47 48 50 54 56 57 60 62 66 69 71 
77 78 80 81 83 84 89 90 96 101 103 104 
106 108 111 112 121 122 124 127 131 132 133 135 
137 140 143 145 147 148 151 152 154 156 160 161 
162 164 167 168 176 177 178 182 184 186 188 193 
194 196 
70
2 3 4 6 9 15 17 22 23 24 25 30 
33 34 37 40 44 46 47 51 52 53 56 57 
60 67 69 73 74 75 83 87 89 93 94 96 
106 115 117 122 123 127 128 130 132 134 135 136 
141 147 162 165 167 168 170 172 173 176 177 178 
180 183 184 190 191 192 193 195 197 198 
61
7 8 16 21 22 26 27 29 30 31 36 37 
40 41 42 47 48 52 54 58 60 73 74 76 
84 85 87 90 91 93 98 106 107 109 113 118 
122 129 132 135 142 145 149 154 157 158 160 161 
164 168 174 176 179 181 183 187 188 189 194 199 
200 
61
2 4 5 6 17 20 22 25 32 35 46 47 
51 54 56 60 61 67 70 79 80 85 89 90 
91 94 95 96 99 100 101 103 106 108 109 110 
112 120 122 123 125 132 137 140 142 145 146 147 
148 150 152 158 160 162 166 167 170 172 173 183 
195 
60
3 4 10 13 16 19 27 34 38 39 40 43 
48 53 58 60 64 65 69 77 81 85 87 88 
93 94 95 96 98 99 100 102 105 109 111 114 
116 132 133 137 144 154 157 158 161 166 167 169 
172 174 175 176 177 179 185 190 191 194 196 199 
71
5 6 10 11 16 17 22 27 29 30 31 36 
37 41 43 45 52 53 61 62 64 65 70 72 
73 74 75 77 78 80 83 84 86 87 89 96 
99 100 103 104 106 111 114 118 122 123 128 129 
130 131 138 139 141 144 145 147 151 152 154 158 
165 172 173 177 179 184 190 191 192 198 200 
52
5 9 12 13 17 19 20 21 23 27 29 40 
41 46 47 50 52 53 54 57 60 74 81 92 
99 103 107 116 118 124 128 129 131 141 149 150 
154 158 160 161 167 173 178 180 183 184 185 188 
193 194 198 199 
51
8 12 13 17 28 29 31 32 34 44 48 49 
51 56 60 64 74 75 76 77 91 94 97 102 
108 110 111 112 116 121 125 126 129 131 133 135 
143 144 149 151 153 156 158 161 165 171 178 182 
192 198 200 
49
1 7 12 14 22 23 27 28 35 37 48 55 
59 60 62 64 65 66 68 72 86 87 97 101 
103 112 113 115 121 125 128 135 138 141 144 147 
148 149 150 158 164 165 169 173 178 185 186 196 
199 
54
2 5 6 15 17 22 23 25 28 30 32 37 
39 41 42 46 49 52 57 59 64 65 71 76 
88 89 96 99 101 105 110 122 123 124 131 133 
136 139 146 152 156 157 158 165 172 176 177 180 
186 187 191 193 195 200 
58
8 10 13 18 23 25 26 28 29 31 34 43 
44 46 48 49 52 56 63 66 68 72 73 75 
76 80 84 85 93 98 99 104 106 107 108 109 
111 115 118 121 122 130 131 134 135 139 142 146 
157 160 161 166 170 171 182 185 192 194 
77
1 4 7 9 10 12 13 14 16 19 27 30 
34 37 38 39 40 47 50 51 52 53 57 61 
62 63 65 66 72 75 79 80 82 89 92 100 
101 103 104 106 108 109 113 114 116 118 120 123 
124 127 130 132 133 135 138 139 140 141 145 150 
152 160 161 163 164 167 174 179 180 181 184 186 
188 194 198 199 200 
56
2 3 4 8 12 13 17 27 28 29 32 36 
46 48 49 52 56 63 66 70 72 75 87 95 
96 100 101 102 104 105 108 109 116 123 124 126 
128 129 138 141 142 145 147 149 153 156 164 167 
168 169 171 177 178 186 191 197 
53
1 7 10 15 16 20 21 23 25 28 29 31 
32 35 43 46 49 54 56 59 71 74 82 84 
88 93 94 95 103 105 109 112 118 125 146 148 
149 154 158 160 161 162 163 173 175 179 180 185 
186 191 192 194 197 
59
2 3 9 11 12 13 16 24 36 41 42 43 
45 49 52 58 61 62 69 71 75 77 78 79 
87 89 91 97 98 100 101 108 111 114 116 118 
124 125 129 130 133 134 141 151 153 154 155 156 
157 160 171 176 177 184 186 191 195 196 197 
52
6 13 14 16 17 24 26 32 39 40 47 62 
63 65 77 80 83 86 87 88 89 92 93 102 
103 107 108 113 114 119 121 122 124 128 129 131 
140 148 150 152 160 162 167 170 171 173 182 184 
186 188 197 198 
54
6 11 12 14 18 24 25 28 29 30 32 37 
39 44 45 46 47 48 53 54 59 68 71 80 
85 86 87 95 96 97 98 99 103 106 110 111 
115 120 126 127 133 134 138 141 142 152 154 157 
158 164 168 175 192 195 
61
9 12 16 17 24 26 35 37 39 42 46 48 
50 53 55 70 75 77 79 82 84 85 88 89 
91 94 95 96 97 100 103 104 105 108 114 124 
126 133 134 136 138 140 142 143 149 150 157 166 
167 173 175 176 180 181 185 188 192 196 197 198 
199 
64
3 4 10 13 15 16 25 26 32 33 34 35 
39 40 41 43 50 53 58 62 67 70 74 76 
79 84 86 87 88 92 93 98 102 103 104 107 
110 118 119 120 121 123 124 126 129 130 135 137 
141 145 147 156 157 166 167 168 172 174 177 180 
183 185 189 196 
70
1 3 6 10 12 13 14 15 17 18 20 25 
26 27 38 41 42 43 44 45 46 48 55 56 
59 64 69 75 81 84 89 91 94 96 97 99 
100 103 106 111 117 120 121 122 124 127 128 138 
143 147 149 150 155 157 158 161 164 166 170 171 
177 182 185 188 189 194 195 196 197 200 
71
1 2 4 6 14 17 20 24 31 39 44 45 
52 55 56 61 62 63 64 65 67 68 78 81 
82 83 85 89 92 93 98 102 103 104 106 109 
117 122 123 130 132 136 140 141 144 146 147 148 
149 150 152 153 156 158 163 167 168 169 171 175 
177 178 181 188 189 190 192 193 194 196 198 
59
7 10 15 17 22 26 33 35 36 41 43 44 
50 53 64 69 76 77 78 81 86 92 93 95 
96 97 102 103 116 117 119 120 121 122 126 130 
133 138 143 144 145 147 156 157 158 160 163 167 
168 170 181 185 186 189 190 191 192 196 199 
58
2 6 11 13 18 22 23 28 29 35 36 37 
45 46 48 50 51 52 59 62 63 74 82 83 
86 88 91 92 93 98 101 106 111 115 117 126 
127 129 130 131 139 141 151 161 162 163 166 167 
169 170 173 175 178 180 184 186 188 191 
62
8 12 16 18 19 24 26 30 32 39 43 51 
53 58 62 64 65 71 75 79 80 83 84 85 
89 90 93 94 95 96 99 101 102 103 106 108 
117 118 125 136 137 139 140 141 147 149 150 155 
159 162 168 169 173 174 179 180 183 185 186 194 
198 200 
54
4 6 8 17 24 32 41 42 47 52 58 60 
64 66 67 68 75 79 80 83 85 90 93 96 
103 106 107 110 112 118 119 120 121 122 124 125 
131 137 140 146 149 150 151 154 159 173 179 186 
188 191 194 195 196 198 
71
1 4 8 20 21 22 31 32 34 35 39 42 
43 44 45 48 49 50 51 52 58 60 61 64 
65 69 76 77 78 82 83 85 93 94 96 100 
102 103 105 106 108 109 112 119 121 128 134 136 
137 139 142 143 144 149 152 153 158 161 163 165 
170 175 179 182 183 185 186 187 188 197 200 
64
5 8 9 13 16 17 18 20 22 24 27 30 
31 39 40 42 45 48 50 51 55 61 62 63 
65 68 76 77 82 86 87 88 91 95 96 98 
100 104 109 111 115 118 120 121 127 130 131 132 
139 140 143 144 148 150 159 165 175 177 186 187 
191 192 198 200 
61
3 4 9 17 19 21 22 24 26 28 30 38 
39 42 43 48 52 60 62 66 68 71 72 77 
79 80 83 89 94 97 101 102 103 105 109 112 
114 116 118 124 126 137 141 143 144 153 156 158 
160 163 168 169 171 172 173 175 176 180 181 184 
196 
61
3 4 8 14 18 22 24 26 30 32 33 35 
40 41 44 46 50 53 56 62 67 76 80 81 
83 84 85 87 89 93 94 97 100 102 105 107 
111 119 120 128 131 134 136 142 147 149 150 151 
152 157 160 164 165 179 182 186 187 189 191 195 
199 
54
3 5 6 11 32 38 39 43 44 46 48 59 
64 66 67 77 82 84 86 89 90 96 97 100 
102 103 110 111 116 124 127 131 134 136 138 141 
147 151 152 153 155 158 160 164 167 170 172 179 
180 183 186 189 194 195 
72
2 4 6 11 12 16 17 18 19 22 24 26 
27 31 34 37 40 42 45 54 55 59 60 65 
70 73 75 76 78 82 83 86 88 93 95 97 
100 102 105 116 119 123 124 130 133 134 137 138 
142 145 148 149 150 152 155 156 162 163 165 174 
175 179 182 185 188 189 190 191 193 194 195 199 
56
2 6 11 12 13 16 18 21 22 27 29 31 
35 39 40 42 51 56 58 59 62 66 69 74 
80 84 90 93 95 97 100 102 103 107 108 114 
115 117 121 125 133 134 147 150 153 155 157 162 
166 176 178 186 187 190 191 200 
60
5 7 10 12 14 15 16 18 20 22 25 32 
33 38 39 41 48 49 51 54 58 59 60 70 
73 75 77 79 83 84 85 88 89 97 98 101 
103 104 119 122 128 130 131 134 137 139 140 150 
155 167 170 173 174 180 182 185 186 192 193 197 
55
1 2 4 6 12 20 24 26 28 34 35 36 
41 49 57 60 62 65 66 69 72 73 77 79 
81 83 85 89 98 99 105 116 122 124 129 134 
135 136 139 147 151 152 153 154 156 166 176 179 
182 184 185 188 189 193 200 
60
4 7 9 10 12 16 22 26 32 44 45 48 
49 50 59 60 66 70 72 74 79 84 86 93 
97 99 100 102 103 105 110 116 120 123 125 127 
128 134 135 137 139 144 145 148 150 151 152 153 
156 164 165 168 171 173 174 175 180 182 185 199 
63
3 6 7 10 12 13 14 17 21 26 29 37 
38 43 45 51 52 55 58 64 65 69 72 74 
75 77 79 88 89 90 94 95 98 99 106 110 
113 114 116 120 122 123 127 136 140 141 161 162 
163 165 166 173 180 181 182 184 186 187 189 192 
197 198 199 
66
4 7 12 14 16 24 25 26 28 31 33 34 
35 36 44 47 48 52 54 58 59 60 63 64 
67 70 71 73 80 81 86 87 94 96 97 98 
99 101 105 109 116 117 118 120 124 138 143 147 
150 158 159 163 164 165 170 176 177 180 183 185 
186 190 191 193 195 200 
64
2 4 6 7 11 12 13 17 20 21 22 24 
26 29 34 38 39 50 53 55 57 61 63 68 
73 74 80 81 82 83 91 92 93 98 99 104 
112 120 122 125 127 128 129 132 135 136 144 145 
149 156 164 168 170 173 176 177 178 182 184 187 
189 191 193 197 
58
13 14 15 20 22 24 29 34 36 40 42 45 
47 49 51 54 55 57 59 66 69 77 80 83 
86 87 93 96 97 102 105 108 111 115 116 119 
122 126 130 131 132 135 136 139 141 155 161 163 
164 165 169 171 175 177 182 183 184 186 
58
5 11 12 16 18 20 32 38 43 46 54 56 
59 60 61 66 68 69 73 75 76 78 79 80 
82 90 92 105 106 107 111 113 117 122 123 124 
130 131 133 134 135 138 140 143 151 160 161 170 
171 175 176 182 188 191 192 193 197 198 
61
2 6 8 9 17 18 19 27 31 32 34 35 
43 49 51 56 61 63 65 68 72 73 75 81 
85 88 90 91 92 97 100 108 112 116 117 122 
124 126 128 129 134 136 138 140 146 151 152 153 
155 161 164 165 167 170 177 181 182 190 192 193 
198 
61
2 3 6 7 13 15 16 19 21 25 26 27 
32 33 35 37 40 41 43 44 47 49 53 57 
64 67 72 73 75 78 89 95 96 97 100 102 
108 109 111 114 115 116 121 128 130 144 148 151 
152 158 160 161 164 166 167 178 184 186 187 189 
193 
65
1 3 6 13 17 19 22 27 28 31 32 33 
34 36 37 39 42 47 48 50 51 61 62 63 
65 66 67 70 71 76 77 86 88 90 92 95 
100 103 105 106 107 112 115 120 130 134 137 143 
147 149 151 156 158 162 165 169 170 176 179 188 
190 191 192 198 199 
69
1 2 11 12 20 21 23 27 34 40 41 44 
45 47 48 49 50 55 58 65 70 72 74 79 
80 85 89 90 92 93 94 95 97 98 103 111 
112 117 120 123 125 133 135 139 145 148 149 150 
151 152 153 158 162 163 164 167 171 172 173 176 
177 178 179 180 184 185 190 192 195 
68
1 14 15 18 20 26 27 30 36 37 38 41 
42 43 46 48 51 58 62 69 70 71 72 73 
76 77 78 81 85 87 89 93 96 100 101 103 
108 115 116 117 120 121 122 123 128 129 133 134 
139 148 149 151 153 154 155 161 162 163 164 165 
167 170 179 182 187 193 198 199 
63
2 3 8 13 14 17 19 20 21 23 28 29 
30 31 32 37 38 40 44 46 50 53 63 65 
69 70 73 75 81 82 83 84 85 89 98 105 
108 113 115 118 120 125 126 132 137 139 150 152 
155 157 164 167 171 172 173 182 184 186 187 191 
192 195 198 
57
5 7 9 17 23 24 26 27 31 32 39 43 
49 52 53 55 62 72 75 76 78 80 89 92 
94 96 102 103 108 111 113 115 117 120 121 125 
133 138 144 146 147 148 151 152 166 167 168 171 
174 176 184 185 189 190 191 195 200 
54
2 3 6 7 12 16 21 23 26 32 44 53 
55 61 63 67 76 78 82 84 90 98 102 107 
113 114 116 117 118 120 124 133 137 139 143 145 
147 150 155 156 159 162 166 169 170 178 179 181 
183 188 190 194 197 198 
67
10 11 13 14 19 21 23 27 40 42 46 49 
51 56 60 61 62 63 64 68 70 73 75 81 
83 84 88 92 93 96 97 100 102 103 104 105 
106 107 110 111 114 118 120 122 128 129 130 139 
141 143 144 146 147 149 153 157 159 170 173 177 
180 187 191 193 194 196 198 
39
8 9 12 15 19 38 46 48 51 52 53 60 
65 69 72 76 81 86 90 92 99 104 111 112 
122 130 136 137 138 142 149 159 165 173 176 178 
180 186 191 
60
2 4 7 24 25 30 41 50 52 53 64 67 
68 69 72 78 79 80 81 83 86 87 90 94 
101 105 113 116 120 121 122 123 126 127 134 137 
140 143 144 146 150 151 156 157 158 162 163 164 
167 169 172 174 175 176 178 179 180 192 199 200 
63
1 3 4 5 10 11 12 13 14 15 16 19 
20 24 25 27 28 32 37 41 44 49 50 52 
54 61 63 64 68 73 76 81 83 88 90 96 
97 99 101 102 103 104 106 109 119 125 140 149 
155 159 164 168 171 172 180 183 186 187 191 193 
195 199 200 
60
7 9 11 17 18 24 41 49 50 58 61 64 
67 72 74 76 79 80 81 84 86 91 92 99 
102 104 106 108 111 112 113 115 122 125 134 136 
138 141 142 145 146 148 149 152 153 154 156 161 
163 170 171 172 180 186 190 191 193 194 196 199 
63
2 6 7 10 12 14 16 19 22 23 26 27 
28 31 32 38 44 46 49 61 69 74 77 78 
79 81 83 89 90 95 97 99 104 114 117 119 
121 124 125 132 135 136 139 145 147 148 149 154 
156 158 162 169 173 175 176 180 184 189 191 192 
193 194 196 
52
1 2 15 16 17 18 22 24 29 31 32 36 
38 43 44 46 49 51 54 57 58 65 67 71 
72 83 86 93 94 99 105 106 111 113 118 133 
136 138 143 146 148 149 151 166 167 170 182 188 
190 193 195 200 
64
1 4 5 6 8 10 13 14 16 20 28 29 
31 34 40 41 43 50 61 65 66 68 71 73 
77 79 81 83 85 86 93 95 98 102 106 110 
114 116 117 119 124 125 130 131 135 139 141 143 
146 147 155 165 169 171 172 173 176 183 188 190 
192 194 197 200 
75
1 2 5 7 14 16 20 22 24 25 26 30 
35 38 40 41 47 48 49 51 52 53 56 59 
61 69 70 73 74 75 77 79 81 84 85 88 
91 96 99 100 102 105 107 110 112 113 114 115 
124 125 126 127 128 130 133 138 139 145 147 153 
160 163 165 166 167 173 174 178 180 182 188 191 
193 197 200 
66
5 9 13 15 17 26 27 31 32 37 40 41 
44 46 49 50 54 55 56 59 62 64 73 74 
78 82 83 89 90 91 96 102 104 106 108 117 
121 122 123 128 130 133 136 137 138 143 147 152 
155 158 160 162 165 168 169 173 178 180 182 183 
189 192 193 195 197 200 
60
3 4 5 7 8 9 12 16 19 26 27 28 
30 33 35 43 46 48 49 54 57 63 66 77 
78 81 85 88 89 92 93 96 99 100 110 114 
116 118 119 122 125 131 135 137 142 144 147 148 
160 163 169 176 177 181 186 188 190 191 193 196 
55
1 2 3 9 16 18 21 24 25 28 29 41 
49 53 56 57 62 63 67 70 71 75 80 83 
84 89 92 97 99 102 107 108 113 123 124 125 
128 132 138 142 146 149 151 152 157 158 161 166 
169 175 179 183 187 198 199 
61
2 5 6 10 13 14 15 17 20 24 26 32 
33 34 35 36 38 40 41 42 50 54 57 62 
63 67 68 70 76 77 94 95 96 98 103 111 
114 122 137 138 140 146 149 150 151 152 159 179 
181 183 184 185 188 189 190 193 194 195 198 199 
200 
57
2 10 12 18 19 33 34 35 39 52 55 56 
65 70 71 73 76 85 87 88 90 96 101 107 
108 111 114 115 116 117 118 119 122 137 138 140 
145 148 149 154 155 161 163 165 172 175 176 177 
178 179 181 183 184 187 188 189 193 
50
1 2 8 9 16 35 36 38 43 48 50 52 
56 65 70 76 81 84 90 92 94 96 97 99 
102 104 107 126 127 128 140 144 146 151 152 154 
156 159 160 164 170 171 176 178 179 185 186 187 
195 197 
73
1 7 8 9 13 19 23 24 28 31 36 37 
38 39 43 45 53 56 61 62 63 67 69 70 
74 75 76 78 80 81 82 84 91 92 95 110 
111 112 114 120 123 127 128 130 131 132 133 136 
139 140 142 147 150 152 159 160 162 165 167 169 
170 171 172 173 175 177 178 179 181 188 189 194 
195 
64
5 7 8 15 22 26 28 32 35 44 46 49 
51 54 55 58 59 60 61 62 69 72 74 78 
79 81 82 90 91 92 93 94 95 108 109 115 
116 119 121 130 132 134 137 138 139 146 147 150 
152 157 158 159 162 169 171 175 178 179 182 183 
184 186 190 191 
59
1 4 11 12 22 24 25 26 29 30 31 37 
38 39 43 51 57 59 62 63 65 66 72 73 
75 76 84 85 86 90 92 94 99 101 104 106 
108 119 127 129 137 138 143 146 154 161 168 169 
173 176 177 180 181 184 186 189 192 193 194 
52
1 3 5 12 17 22 23 24 25 30 35 39 
41 44 50 51 52 54 68 72 80 82 85 90 
93 96 105 107 109 110 115 116 118 119 122 123 
127 132 133 140 151 158 159 160 162 166 169 171 
173 176 188 198 
62
9 10 16 23 26 30 33 41 44 46 48 56 
61 63 68 70 75 77 78 79 81 83 85 87 
88 91 93 97 99 105 106 107 113 117 118 121 
123 126 127 128 133 135 147 151 152 158 164 165 
168 172 174 175 177 178 179 181 182 187 188 190 
193 196 
61
1 2 3 5 7 14 19 21 25 28 29 30 
34 37 45 46 48 49 53 55 56 62 66 70 
72 73 75 77 78 86 92 93 96 99 100 111 
113 118 120 123 127 128 132 133 142 143 146 148 
150 155 161 167 168 170 172 179 192 194 197 198 
200 
68
3 5 9 10 15 16 18 19 21 25 27 28 
29 37 39 50 53 54 60 61 62 64 66 68 
69 73 79 80 82 86 92 93 95 97 99 102 
105 106 112 114 115 117 119 128 130 131 135 136 
139 143 147 149 158 161 164 166 167 169 171 175 
176 181 182 183 186 187 196 199 
56
9 11 14 18 20 21 26 29 30 33 34 37 
43 47 49 51 53 56 58 59 65 68 70 72 
73 80 81 88 89 90 91 93 97 107 109 110 
111 122 130 134 142 146 148 155 157 166 167 174 
177 178 180 183 186 187 189 192 
69
3 4 6 7 8 15 19 20 22 24 27 29 
36 38 43 44 47 53 55 61 62 66 67 71 
72 78 79 81 82 87 89 91 96 102 104 114 
117 118 119 120 122 128 132 134 135 136 138 139 
145 146 147 149 150 153 157 158 160 161 166 167 
176 182 183 187 190 191 195 199 200 
56
3 8 10 11 18 20 22 24 25 29 41 43 
44 45 50 56 59 62 63 65 67 73 75 77 
80 83 84 87 91 92 94 96 101 107 110 114 
118 122 126 130 132 133 139 149 162 164 165 166 
170 176 181 183 185 195 197 199 
66
6 8 10 12 13 14 16 17 29 34 37 39 
45 50 53 55 58 61 62 63 68 69 70 72 
75 78 83 84 86 89 94 95 99 100 101 102 
104 105 106 111 112 113 118 124 128 129 134 138 
141 144 145 146 150 153 154 155 161 166 167 168 
170 171 177 178 182 185 
58
2 5 7 8 9 15 18 22 24 25 26 28 
35 36 37 38 41 42 44 55 62 63 67 68 
78 80 82 84 86 91 93 94 99 100 105 110 
120 121 127 130 133 137 140 141 143 147 150 158 
159 165 172 175 177 178 179 181 191 200 
68
1 4 6 9 11 14 15 16 22 25 27 29 
30 39 40 44 47 52 59 62 66 67 70 74 
75 76 77 78 81 87 89 95 98 101 102 103 
105 107 108 110 111 117 118 119 122 124 128 130 
132 135 138 141 145 152 154 158 160 163 167 168 
170 177 184 185 187 190 194 195 
62
3 4 6 7 11 12 13 14 16 17 18 19 
29 30 33 43 46 52 55 59 61 73 78 79 
80 85 92 95 98 106 107 108 112 113 118 122 
123 127 128 133 134 141 143 144 150 151 159 164 
166 174 175 178 180 182 183 185 188 190 193 196 
197 199 
59
6 18 23 24 25 27 29 37 39 41 42 45 
51 55 59 61 62 66 67 68 73 76 78 80 
83 93 98 99 105 108 115 117 119 120 121 124 
130 136 137 141 142 145 146 147 149 150 151 155 
156 157 160 161 174 176 187 190 192 198 200 
61
3 4 6 16 19 20 23 26 30 34 37 42 
46 47 53 54 65 72 73 74 75 77 80 85 
87 88 94 98 100 104 106 108 109 111 112 113 
117 121 125 127 128 132 133 140 142 148 157 158 
159 164 170 176 177 178 181 182 183 184 186 188 
196 
68
1 2 4 5 6 9 11 13 15 17 22 23 
25 26 30 33 36 44 46 48 53 55 59 60 
62 63 66 67 68 76 78 80 84 89 97 105 
108 109 113 115 118 119 122 123 126 129 135 136 
141 148 151 154 158 161 163 165 166 168 174 180 
181 182 185 186 190 195 198 199 
54
1 5 11 13 14 16 17 18 24 30 31 33 
34 47 48 54 59 60 61 64 78 79 84 85 
87 88 91 96 97 98 100 102 107 108 115 133 
134 135 138 141 146 148 154 159 161 172 173 177 
178 180 189 195 197 199 
54
2 18 24 32 33 36 41 45 48 49 53 54 
58 60 61 62 67 69 73 79 82 83 85 91 
96 97 101 104 105 107 108 119 121 126 127 131 
140 146 149 152 154 158 160 163 169 170 172 173 
177 178 180 183 189 196 
56
4 7 8 9 10 19 24 28 33 34 35 38 
40 41 45 46 48 51 54 60 61 78 80 86 
89 91 96 97 102 114 116 122 133 141 142 143 
144 145 149 151 154 155 156 158 160 166 172 173 
175 182 184 186 193 195 196 199 
61
9 10 13 15 18 23 24 28 30 40 42 46 
48 50 54 60 67 69 72 77 85 86 87 89 
90 91 94 95 103 104 105 107 109 111 112 113 
114 118 125 126 127 129 131 141 146 148 149 151 
153 154 155 162 172 175 176 181 184 186 190 191 
199 
63
1 2 4 5 7 11 12 13 14 16 25 29 
30 34 36 39 43 44 45 46 49 56 61 63 
64 74 76 83 85 90 92 95 97 107 110 115 
119 124 127 134 135 136 137 138 140 142 147 148 
151 155 158 160 164 166 168 172 174 175 181 182 
183 185 196 
59
4 10 13 18 25 28 29 30 31 32 33 34 
51 58 66 67 69 79 85 87 88 96 98 103 
104 108 109 111 114 123 125 126 127 134 135 137 
143 144 146 147 148 150 151 154 156 158 159 164 
171 173 174 177 178 181 184 188 195 196 199 
68
10 15 27 29 32 34 36 37 39 46 47 53 
57 63 65 66 67 68 76 80 82 89 90 91 
92 95 96 97 98 102 103 106 107 109 112 117 
118 119 123 125 127 129 134 137 142 144 145 146 
147 148 149 156 158 160 161 162 164 165 166 173 
175 177 181 185 187 189 196 199 
69
1 2 5 7 8 10 13 16 21 22 24 26 
29 30 32 38 40 41 45 46 50 53 56 58 
61 62 66 71 73 76 83 89 90 92 94 98 
99 108 112 117 118 127 133 135 137 138 139 140 
141 146 149 156 162 163 171 174 177 179 180 181 
182 183 186 187 189 190 195 199 200 
66
2 3 15 18 19 24 25 28 29 30 37 40 
41 44 45 52 60 63 66 71 74 84 87 88 
89 95 98 102 103 108 109 114 115 117 118 119 
125 129 135 137 138 140 142 143 144 148 152 154 
157 158 163 164 166 167 169 170 171 173 174 175 
176 186 193 195 196 199 
60
2 4 7 8 9 11 13 14 18 23 25 28 
31 32 33 34 35 37 38 39 43 47 53 56 
75 79 80 91 93 94 100 106 108 110 111 112 
113 119 123 124 128 130 133 143 145 146 148 154 
155 158 161 163 170 171 172 173 176 177 181 182 
67
1 2 5 6 10 11 13 16 17 18 20 23 
25 29 30 36 39 44 52 54 56 59 60 63 
87 88 91 93 95 96 97 99 103 106 107 112 
120 121 125 126 127 129 135 139 141 146 149 151 
153 154 157 158 160 166 167 168 170 171 177 178 
182 184 189 191 194 196 197 
50
1 2 4 6 7 12 14 15 24 29 30 32 
35 36 40 43 45 46 58 60 62 63 64 65 
66 67 75 79 86 87 88 94 98 99 100 101 
105 111 118 119 126 132 146 168 171 172 175 178 
181 192 
55
3 5 6 13 16 17 19 23 25 32 35 41 
42 44 47 48 51 55 60 65 69 76 83 98 
99 100 102 104 108 109 117 118 120 121 123 125 
126 127 131 136 139 140 141 144 153 164 167 169 
175 176 179 183 187 188 198 
59
2 5 8 11 14 16 20 25 27 32 39 48 
50 58 60 65 66 67 68 70 73 74 80 84 
88 90 97 100 102 105 107 112 118 119 122 123 
124 129 130 132 133 135 136 139 145 146 151 152 
154 155 158 161 173 174 177 179 184 188 199 
54
4 7 8 11 15 36 39 40 43 44 47 48 
49 54 55 61 62 66 71 74 76 78 82 83 
88 89 91 93 108 109 111 115 119 122 128 130 
132 134 143 144 146 150 151 153 163 167 168 169 
179 181 182 186 188 199 
58
2 5 11 12 13 28 34 35 37 39 40 41 
42 44 46 47 49 50 68 69 71 76 78 79 
85 89 93 99 101 106 107 110 111 122 123 124 
126 133 134 135 137 140 143 149 152 160 167 170 
171 173 175 179 181 186 188 195 196 200 
49
1 9 10 14 21 28 29 32 35 43 46 47 
48 50 58 60 61 65 70 76 77 83 96 99 
100 102 103 105 111 114 116 117 120 122 125 126 
128 139 140 141 145 151 156 159 161 169 172 180 
192 
51
9 15 16 19 20 23 25 27 28 31 39 40 
44 51 54 55 65 68 70 75 77 82 87 91 
92 97 99 105 110 114 116 117 124 125 126 145 
148 151 154 155 159 163 172 173 174 176 179 180 
181 193 197 
