200 100
1 1 1 1 1 1 1 1 1 1 1 1 
1 1 1 1 1 1 1 1 1 1 1 1 
1 1 1 1 1 1 1 1 1 1 1 1 
1 1 1 1 1 1 1 1 1 1 1 1 
1 1 1 1 1 1 1 1 1 1 1 1 
1 1 1 1 1 1 1 1 1 1 1 1 
1 1 1 1 1 1 1 1 1 1 1 1 
1 1 1 1 1 1 1 1 1 1 1 1 
1 1 1 1 
12
3 11 17 27 44 49 52 67 74 76 78 87 
14
4 5 15 20 28 33 39 59 61 66 73 86 
89 91 
15
4 15 17 22 23 32 35 44 48 52 71 77 
79 88 94 
16
1 12 13 26 32 34 41 42 43 46 49 68 
77 90 97 100 
9
1 11 12 27 40 80 86 92 99 
7
39 45 58 73 75 77 91 
14
4 5 7 24 35 43 45 50 52 57 85 89 
93 95 
6
27 35 42 67 81 91 
12
4 10 19 25 34 49 53 58 62 66 75 88 
9
5 12 34 53 70 72 74 76 77 
6
27 53 57 66 75 82 
9
23 39 50 60 63 77 84 89 90 
7
7 9 27 28 63 72 97 
8
13 29 34 41 74 80 84 89 
10
24 42 49 50 55 58 60 71 72 80 
4
42 69 84 86 
9
7 9 16 27 32 34 76 90 98 
10
7 37 44 48 50 55 60 63 75 83 
11
20 37 53 60 70 71 79 83 84 97 99 
8
12 18 26 39 44 64 79 80 
10
3 14 15 19 25 37 42 64 89 100 
6
4 14 44 57 86 91 
12
9 15 18 26 39 42 45 59 60 70 83 90 
9
16 26 38 50 51 55 67 73 80 
9
22 36 37 51 64 67 70 83 97 
7
24 40 51 69 71 84 98 
15
4 9 12 27 32 34 36 37 69 70 74 77 
88 96 97 
8
6 50 68 70 76 80 95 99 
5
10 16 34 43 56 
11
14 16 23 34 41 48 75 76 81 89 99 
5
3 74 79 86 95 
11
23 48 55 61 63 70 72 81 92 95 100 
9
20 48 52 63 65 85 93 94 98 
12
7 12 20 29 33 50 72 84 86 89 92 100 
6
22 29 43 88 96 97 
14
4 20 21 35 42 50 53 54 57 72 75 82 
87 94 
14
11 12 13 15 26 34 59 64 68 70 72 75 
80 92 
5
2 12 54 64 74 
12
5 11 32 35 43 45 51 54 55 81 87 98 
10
2 13 18 27 34 46 49 50 61 93 
8
14 18 19 21 22 46 88 97 
8
3 5 20 23 30 46 89 92 
12
2 5 17 26 29 39 44 53 59 70 73 82 
8
35 38 49 58 70 76 80 89 
12
20 27 40 53 54 64 79 82 83 88 91 99 
9
15 16 23 33 43 49 68 90 98 
8
4 6 37 50 75 83 91 94 
15
11 16 20 27 28 29 34 44 45 49 58 60 
64 95 97 
16
3 5 42 53 56 58 61 64 65 69 70 75 
78 84 91 99 
13
4 20 33 40 52 53 69 70 77 90 91 95 
96 
7
14 25 51 52 61 74 97 
8
6 36 64 65 68 77 83 84 
8
6 17 23 24 29 65 88 92 
10
3 20 21 25 26 30 33 40 64 74 
12
23 24 27 42 44 48 61 67 78 82 97 100 
13
8 17 18 33 36 37 43 61 81 82 86 92 
93 
12
5 12 17 34 43 48 49 71 72 85 93 100 
7
1 2 4 11 40 52 62 
9
16 17 21 22 37 58 77 86 94 
11
13 26 31 35 42 52 54 72 77 93 98 
6
26 41 74 79 85 98 
9
14 18 19 23 27 44 69 74 87 
10
9 13 18 23 42 46 58 69 81 97 
15
5 8 13 22 24 33 34 35 38 44 51 59 
63 98 99 
9
1 22 30 31 32 33 41 52 68 
12
5 8 23 24 25 43 59 62 64 71 93 98 
5
21 39 65 88 94 
3
3 18 29 
12
6 10 17 29 32 35 40 57 59 93 94 98 
6
1 15 18 22 29 37 
6
4 14 22 26 85 99 
8
54 57 63 65 67 80 85 95 
7
22 33 46 49 50 52 79 
16
19 20 21 29 40 41 43 50 54 62 74 79 
82 83 97 100 
10
1 9 10 11 18 31 35 42 47 49 
7
3 11 49 51 67 89 91 
16
33 35 41 43 46 47 49 58 59 60 63 64 
69 70 91 94 
7
6 11 32 33 52 71 98 
5
11 27 78 81 87 
10
18 25 27 31 35 38 47 57 64 96 
4
40 57 69 83 
7
11 31 44 47 66 71 94 
15
1 5 8 14 15 27 34 35 56 62 65 67 
71 72 99 
9
8 17 19 26 28 30 44 66 81 
12
1 6 32 37 40 41 47 54 60 61 76 87 
8
4 18 31 34 40 58 80 83 
5
6 29 41 72 82 
12
2 8 12 21 31 35 46 47 63 82 83 88 
15
1 3 4 25 28 34 36 59 60 63 70 73 
79 82 97 
9
37 49 77 80 85 88 91 96 98 
9
9 13 29 41 42 44 53 71 73 
11
10 12 21 51 55 58 82 83 86 92 97 
6
6 10 50 53 60 70 
7
1 5 8 38 60 69 76 
7
1 8 9 30 31 39 51 
8
13 32 50 57 69 83 85 90 
10
3 8 11 14 29 47 61 69 73 84 
11
6 22 26 33 38 40 55 65 67 90 97 
8
34 44 50 69 78 81 87 93 
12
2 9 14 20 23 28 29 35 42 57 62 70 
12
20 31 34 35 42 63 69 73 86 96 99 100 
14
3 10 16 22 30 38 44 47 68 75 78 80 
85 93 
13
9 11 12 18 19 25 35 55 70 72 74 85 
96 
14
9 22 23 41 53 58 60 65 66 74 78 86 
87 99 
13
2 3 8 13 26 36 41 64 77 79 80 98 
99 
15
5 17 25 28 34 35 43 48 53 67 75 90 
95 98 99 
12
12 13 19 27 29 37 50 63 72 89 93 97 
15
6 10 19 22 25 28 38 49 64 68 69 75 
77 78 85 
7
13 17 28 61 64 65 82 
9
8 19 39 44 46 48 58 67 71 
7
3 19 40 47 55 60 66 
19
12 16 25 32 40 41 46 47 49 50 56 57 
69 74 84 85 89 94 100 
9
2 8 15 22 27 59 64 79 91 
14
7 13 16 33 40 47 55 56 60 61 69 77 
81 93 
9
13 58 78 80 81 90 93 96 98 
7
15 19 26 50 55 72 87 
11
3 25 34 37 38 52 75 84 90 93 95 
8
15 18 30 40 49 61 78 81 
9
1 8 14 21 34 38 59 84 89 
11
2 11 34 43 44 59 72 74 77 90 91 
7
1 4 23 55 63 64 95 
10
5 7 16 20 23 53 55 71 72 73 
11
14 15 22 23 56 67 86 90 91 96 99 
10
8 9 18 21 22 36 44 49 81 94 
9
1 12 16 27 31 52 65 81 94 
8
1 18 22 50 53 64 81 86 
7
24 27 44 51 52 55 96 
12
4 6 26 31 45 52 53 64 68 77 83 86 
4
42 46 64 94 
11
4 8 10 21 23 25 29 49 73 91 99 
10
4 11 22 33 45 56 77 81 91 100 
14
1 13 14 23 33 38 41 45 66 72 73 76 
82 87 
8
4 14 22 36 52 55 56 57 
14
1 3 28 29 32 37 49 50 55 66 69 73 
88 95 
13
21 26 29 38 40 47 48 50 55 60 72 74 
99 
7
16 24 28 61 68 92 96 
10
7 10 23 44 46 51 55 67 76 91 
8
1 8 26 40 42 58 71 76 
14
3 7 9 11 12 24 27 39 45 46 47 63 
80 96 
10
3 5 8 11 15 80 82 83 85 93 
13
1 6 7 10 12 26 39 40 72 74 81 82 
96 
9
23 26 36 50 74 75 79 83 84 
8
29 46 67 71 79 84 89 91 
6
10 16 29 30 71 84 
8
15 17 23 31 52 68 81 94 
14
1 5 20 22 23 34 36 48 60 69 72 78 
84 93 
8
12 18 22 26 35 40 50 98 
14
4 18 19 20 38 53 60 61 69 73 87 90 
93 97 
8
1 16 17 27 32 61 77 84 
8
1 4 50 61 62 72 73 87 
10
6 21 38 54 56 67 70 80 91 95 
10
19 21 22 26 28 38 39 55 63 99 
8
28 30 32 33 39 47 49 84 
9
8 13 28 53 60 75 79 83 99 
11
2 10 31 32 35 48 54 71 78 88 90 
15
2 3 5 31 32 34 38 52 59 63 75 83 
90 92 100 
12
7 33 41 42 50 52 54 57 60 87 88 100 
9
3 13 32 40 41 44 55 61 97 
12
16 17 21 28 41 45 58 80 82 90 91 96 
7
5 40 43 44 48 93 100 
13
3 19 27 38 52 56 58 60 67 76 80 90 
100 
11
6 26 38 44 46 51 67 72 74 86 91 
9
12 15 20 45 50 55 56 65 88 
8
11 21 23 29 48 50 63 78 
7
3 5 49 71 72 78 85 
7
2 39 56 65 73 88 98 
15
1 18 19 28 33 37 40 42 55 76 79 87 
93 96 97 
8
7 12 17 22 38 85 87 91 
12
3 25 27 30 60 66 78 84 88 93 95 100 
14
2 6 13 15 25 26 34 42 59 69 80 83 
86 94 
12
1 5 15 19 41 45 48 75 85 87 99 100 
9
8 19 45 59 61 76 77 79 86 
8
8 9 19 25 44 88 93 97 
8
11 19 20 26 57 67 89 93 
12
12 15 20 26 32 70 73 75 80 85 86 88 
16
9 20 26 29 33 34 41 44 53 57 62 74 
75 81 93 96 
9
6 8 18 25 28 39 41 43 55 
9
1 7 11 12 24 51 67 71 83 
13
6 20 29 35 36 39 46 49 60 68 71 81 
86 
11
23 29 32 36 56 57 59 62 63 67 100 
12
1 20 29 31 35 41 47 56 64 66 73 91 
9
6 21 22 44 57 58 64 77 79 
18
1 7 8 13 21 25 26 29 31 44 58 67 
82 91 93 94 95 96 
8
14 16 27 34 41 77 80 96 
14
4 7 8 14 36 38 46 48 52 68 79 81 
88 94 
13
1 20 25 28 33 41 46 47 50 75 77 92 
99 
8
18 40 45 53 59 84 88 99 
9
31 36 53 54 62 81 82 84 86 
4
47 49 81 82 
12
6 9 18 42 54 58 71 76 77 79 86 90 
9
6 7 10 19 27 29 51 53 81 
11
1 7 17 27 30 32 37 46 57 69 88 
12
20 28 37 44 48 50 55 70 81 97 98 99 
13
10 14 15 28 37 46 54 57 59 69 73 93 
98 
10
11 16 17 23 29 31 38 54 86 89 
10
3 12 14 19 22 29 40 53 67 82 
11
4 21 27 29 33 53 63 68 81 84 86 
10
52 55 59 60 75 78 82 87 90 100 
11
1 10 13 15 21 25 44 49 60 63 75 
7
4 10 14 15 40 72 73 
