200 100
1 1 1 1 1 1 1 1 1 1 1 1 
1 1 1 1 1 1 1 1 1 1 1 1 
1 1 1 1 1 1 1 1 1 1 1 1 
1 1 1 1 1 1 1 1 1 1 1 1 
1 1 1 1 1 1 1 1 1 1 1 1 
1 1 1 1 1 1 1 1 1 1 1 1 
1 1 1 1 1 1 1 1 1 1 1 1 
1 1 1 1 1 1 1 1 1 1 1 1 
1 1 1 1 
31
1 4 6 8 9 13 16 18 20 21 25 32 
35 36 42 44 45 48 49 55 60 65 67 72 
75 81 84 88 89 99 100 
33
2 3 10 11 13 14 17 20 23 25 26 27 
30 31 36 40 45 47 50 59 61 62 64 68 
71 82 85 87 89 90 92 93 96 
32
6 7 11 12 13 19 24 27 29 31 39 41 
49 56 57 59 61 62 63 68 69 70 72 75 
79 81 82 83 84 89 98 100 
30
1 2 4 9 11 13 23 24 25 31 35 37 
39 46 47 48 49 52 58 62 63 67 69 70 
71 79 80 83 89 95 
36
3 4 10 12 16 17 18 19 24 25 30 32 
36 37 41 43 45 46 47 49 50 51 52 53 
57 59 64 67 70 76 84 87 89 91 99 100 
33
2 6 7 10 18 21 25 27 32 34 39 42 
47 48 51 52 54 55 56 60 61 62 63 67 
70 75 76 77 78 80 85 93 97 
30
4 7 11 13 14 15 22 26 28 30 35 39 
40 45 46 48 56 59 61 62 64 66 69 71 
72 76 83 84 89 97 
35
3 7 13 16 19 21 24 26 28 30 32 39 
40 43 44 45 53 58 60 61 62 65 68 69 
74 75 81 83 84 88 90 94 96 98 100 
26
2 3 6 9 25 27 30 31 32 41 44 46 
47 49 51 60 65 68 75 78 80 82 89 92 
93 99 
20
14 18 21 22 36 37 38 40 42 45 47 49 
55 66 67 71 72 75 78 79 
30
2 3 15 23 27 28 31 32 33 38 40 42 
44 46 47 49 50 55 58 60 72 74 77 81 
82 85 87 93 98 100 
26
2 4 5 7 10 14 19 20 24 25 26 28 
32 33 35 39 48 54 60 64 68 70 72 79 
93 95 
35
1 2 8 13 15 17 19 23 24 27 29 30 
31 32 33 35 36 37 39 44 47 51 53 54 
56 61 66 68 81 82 85 87 94 95 97 
30
16 17 18 21 24 27 28 29 31 32 35 36 
37 45 49 53 58 63 64 66 69 70 75 76 
83 84 85 88 92 99 
36
4 5 12 17 21 26 27 29 30 31 35 36 
50 51 53 54 55 58 59 61 62 63 65 66 
68 69 74 77 82 83 84 86 87 89 91 97 
32
1 9 11 14 23 25 27 29 32 33 39 43 
48 50 52 55 59 60 66 67 73 75 76 78 
81 83 84 88 92 94 98 100 
35
4 5 11 13 16 17 18 23 26 30 31 33 
36 37 41 42 43 44 45 46 48 49 52 60 
64 65 69 71 74 75 76 82 94 95 100 
30
13 14 22 27 28 29 30 31 32 33 35 45 
46 48 51 52 54 56 59 62 64 65 72 74 
75 82 83 85 89 90 
35
5 7 8 9 12 14 16 19 23 30 31 32 
38 39 42 43 47 48 51 53 54 58 63 65 
66 68 77 78 85 86 87 88 90 91 92 
32
1 4 5 8 17 19 24 25 26 28 30 35 
39 45 47 49 51 52 55 58 60 68 70 72 
77 79 81 87 93 96 97 98 
30
4 7 8 12 19 20 21 27 32 35 39 42 
47 49 53 54 55 58 59 61 66 67 73 84 
87 88 89 91 93 97 
27
2 3 12 17 26 27 28 32 36 43 47 48 
50 60 62 64 65 66 69 70 72 77 79 81 
82 84 87 
19
1 5 20 22 28 30 31 37 47 51 62 66 
74 78 81 82 87 90 95 
28
3 4 5 10 12 13 19 24 25 27 28 30 
32 33 39 46 53 65 67 72 74 78 79 83 
90 92 99 100 
27
3 15 16 18 22 29 31 39 40 41 43 46 
52 60 61 62 71 72 80 82 89 92 93 94 
95 99 100 
32
3 4 5 7 8 9 15 16 19 21 23 28 
43 48 49 51 56 59 62 64 69 70 74 75 
78 80 85 86 87 95 98 99 
30
7 8 9 12 14 15 17 22 23 25 28 31 
53 56 57 59 61 66 68 71 72 76 78 83 
88 93 95 96 99 100 
34
2 3 5 10 16 18 25 28 30 33 38 46 
48 52 53 56 62 63 67 68 69 71 72 75 
77 78 79 80 85 87 91 93 95 96 
37
3 7 10 11 12 14 15 17 22 26 28 29 
32 34 36 37 40 44 45 49 51 52 53 56 
61 63 67 71 74 75 80 84 85 91 92 94 
95 
25
2 29 30 31 34 37 38 41 45 50 52 57 
60 65 66 77 79 81 85 86 87 90 94 99 
100 
29
11 15 18 19 21 23 24 34 40 42 43 49 
54 61 63 68 69 72 74 80 81 83 84 85 
86 87 90 91 99 
33
1 3 4 6 8 11 18 19 20 21 27 35 
36 40 44 45 48 50 53 55 56 57 64 68 
73 74 75 85 90 93 94 95 97 
37
4 9 10 12 13 14 24 25 26 27 29 34 
40 42 43 44 46 47 48 49 54 55 56 57 
62 74 77 79 80 82 84 86 91 94 98 99 
100 
35
3 5 12 13 14 15 22 26 31 32 38 44 
45 50 53 60 61 65 66 68 69 70 72 74 
75 76 79 81 83 88 90 97 98 99 100 
29
5 7 11 18 21 24 31 38 41 45 47 48 
51 55 58 60 64 67 73 75 77 78 83 84 
86 91 93 97 100 
25
2 11 12 17 19 26 27 29 34 41 59 62 
63 68 69 70 75 76 78 86 88 89 96 98 
100 
30
2 4 6 8 11 14 17 21 26 28 31 33 
37 42 49 58 59 62 71 78 79 81 83 84 
85 89 90 96 98 100 
34
2 5 7 8 11 15 18 21 27 28 33 38 
43 47 50 51 52 56 59 60 67 69 70 71 
73 74 76 84 88 90 92 94 96 98 
32
1 2 4 7 11 19 25 30 33 34 39 41 
43 44 45 48 51 54 58 61 63 67 72 73 
74 75 80 83 87 89 93 97 
27
5 9 12 20 21 22 23 25 27 42 43 51 
53 56 63 65 66 68 72 76 77 80 86 89 
94 96 98 
37
1 7 11 14 15 18 24 25 26 27 29 30 
34 37 39 40 44 49 50 51 56 63 64 65 
66 69 70 72 75 86 87 88 90 92 93 96 
97 
30
1 2 5 13 20 22 26 28 31 33 37 39 
41 45 48 50 54 55 61 71 72 74 75 76 
77 79 81 83 89 97 
35
4 6 13 15 18 19 26 28 30 36 37 38 
39 41 43 44 45 48 50 61 62 64 65 70 
74 75 80 85 86 92 93 97 98 99 100 
28
9 10 11 12 13 14 19 25 26 31 43 45 
55 57 62 63 66 69 72 73 80 81 86 89 
96 97 99 100 
25
3 4 9 15 17 18 25 26 33 35 45 52 
59 66 67 68 70 73 77 78 79 81 89 91 
99 
34
6 7 8 9 12 14 17 19 23 27 28 31 
32 36 37 47 48 51 53 55 56 59 61 62 
66 73 76 78 82 88 91 92 96 99 
29
2 3 8 11 14 17 18 20 23 24 31 42 
43 44 47 50 53 56 59 61 62 65 67 70 
76 86 92 93 97 
41
2 3 4 6 10 21 22 29 31 36 39 40 
42 43 44 47 48 49 50 53 54 56 58 59 
64 68 70 71 74 78 81 83 85 86 90 91 
92 94 97 98 99 
28
3 4 6 8 12 14 20 21 24 25 26 31 
33 35 38 43 52 53 62 64 68 72 76 78 
85 87 88 90 
27
4 7 14 17 18 22 34 36 38 41 42 46 
47 48 60 63 64 70 74 76 77 85 87 92 
93 96 100 
32
2 10 12 13 19 27 28 30 32 36 40 41 
43 47 48 49 58 60 64 70 71 72 75 77 
83 84 87 88 89 93 96 97 
34
2 6 10 11 12 14 15 16 22 24 26 28 
29 40 42 46 47 54 55 59 60 62 63 66 
67 69 70 76 78 83 85 86 98 99 
29
3 6 7 10 12 13 14 16 19 22 25 34 
35 38 43 46 47 54 60 61 78 80 83 84 
87 92 94 95 99 
28
2 5 6 11 12 13 20 22 23 25 30 35 
46 48 51 53 55 56 58 60 64 69 71 74 
84 91 92 95 
32
4 5 16 18 21 26 27 28 34 37 40 51 
52 57 61 63 64 66 67 69 70 75 79 82 
84 85 86 88 94 97 99 100 
19
1 3 9 13 31 35 39 59 63 66 77 81 
84 85 86 90 93 96 99 
31
1 3 8 11 14 16 22 23 24 27 28 30 
34 36 39 40 41 42 47 51 55 71 75 76 
81 88 93 96 98 99 100 
24
5 9 10 13 16 23 31 36 48 52 54 56 
59 64 65 66 70 83 84 85 88 89 93 95 
26
2 6 7 9 12 15 25 27 28 29 36 42 
43 53 65 66 67 70 71 73 78 83 84 85 
87 89 
29
1 5 8 11 17 26 27 29 36 37 41 43 
46 48 51 54 57 64 69 71 72 73 77 78 
85 87 93 95 96 
24
3 5 10 13 25 26 33 34 35 42 51 53 
55 56 68 71 76 78 79 80 82 83 88 90 
29
1 3 12 13 17 18 21 25 26 27 29 33 
40 41 45 48 50 53 61 65 67 73 74 76 
86 89 92 94 95 
34
5 10 12 14 16 18 20 21 24 25 29 35 
38 40 43 47 49 53 54 56 57 58 62 70 
71 79 81 83 84 92 93 95 96 98 
40
2 3 4 7 14 19 20 22 29 33 35 36 
38 39 42 43 45 47 49 51 52 55 56 57 
60 66 67 68 69 73 75 76 83 84 85 86 
87 90 92 96 
25
1 8 9 15 17 18 21 24 26 31 39 44 
48 55 59 63 69 72 74 75 83 91 93 96 
99 
20
8 17 18 20 26 29 35 38 41 44 47 56 
70 71 78 79 87 92 93 94 
31
2 3 7 8 10 13 17 21 22 24 28 31 
39 43 45 49 50 54 55 57 58 61 67 73 
80 82 85 89 94 96 99 
32
2 4 9 10 11 15 16 20 21 24 25 26 
27 28 29 33 42 51 55 56 62 65 69 71 
72 79 85 87 90 93 94 98 
20
3 8 10 11 12 17 28 49 59 60 61 64 
65 68 75 77 82 87 95 97 
29
3 11 15 16 18 19 22 23 30 31 39 47 
48 51 54 58 59 62 64 67 71 74 76 85 
88 89 94 95 98 
30
12 21 23 24 25 34 36 37 42 43 45 49 
52 53 58 64 65 67 69 70 72 74 76 79 
80 85 88 90 91 98 
24
3 4 9 13 16 17 26 39 43 47 56 57 
60 62 65 74 77 86 89 92 94 95 96 98 
21
6 11 17 29 32 35 45 46 47 48 54 55 
56 57 60 64 65 68 78 86 93 
24
2 5 8 9 11 18 19 20 25 27 30 40 
42 44 67 72 74 82 86 87 95 96 97 99 
31
1 5 10 11 12 19 21 22 23 24 32 33 
41 43 48 50 55 59 60 67 68 72 74 75 
77 79 83 84 87 88 96 
25
2 3 4 7 13 15 16 18 19 21 29 33 
36 37 41 43 46 52 64 65 66 72 84 90 
98 
32
2 7 14 19 20 22 27 29 34 36 39 40 
41 46 47 49 51 52 59 62 67 72 73 74 
76 78 82 83 88 90 91 95 
30
4 10 18 21 26 29 33 36 37 44 48 50 
51 53 54 55 57 59 62 66 67 69 71 74 
77 81 88 89 91 98 
32
3 5 6 16 27 29 30 31 32 37 39 40 
41 42 45 46 54 56 59 67 70 73 79 80 
82 85 91 92 93 95 96 100 
31
1 5 7 8 9 11 14 15 26 27 28 29 
32 36 39 48 52 57 60 65 67 68 70 74 
76 77 79 80 93 96 100 
17
7 17 24 31 36 43 52 56 59 65 70 76 
77 79 84 90 100 
30
1 6 9 14 20 21 23 24 25 30 34 40 
51 54 55 61 66 67 69 74 75 81 82 85 
87 88 92 95 96 100 
36
1 5 8 10 12 13 16 18 19 23 25 27 
28 29 34 37 38 39 45 50 52 53 54 55 
59 61 62 65 68 69 74 75 82 96 97 100 
25
1 6 8 9 19 20 26 28 32 48 49 52 
56 59 60 64 67 76 79 80 81 84 89 93 
100 
28
2 4 12 14 15 18 21 22 26 30 33 35 
37 39 41 49 54 56 63 73 74 75 78 81 
86 91 93 98 
30
1 4 7 8 14 16 17 19 20 21 22 29 
34 39 47 48 51 58 59 62 70 72 76 77 
83 84 88 90 91 98 
29
1 3 4 6 7 9 11 17 20 23 30 31 
33 39 46 48 54 55 57 59 61 65 67 72 
80 82 85 87 94 
27
1 5 6 10 11 14 15 29 38 39 40 42 
43 45 46 51 53 59 61 63 65 69 75 76 
92 94 96 
22
5 10 11 14 17 20 26 32 33 41 43 54 
64 67 72 74 86 88 89 95 98 100 
35
5 8 10 12 13 15 17 18 20 22 23 26 
29 32 36 38 41 42 43 48 49 53 55 58 
59 60 62 63 70 76 86 88 90 91 98 
25
2 3 5 17 21 26 28 29 32 33 37 44 
47 51 53 54 63 67 72 73 75 78 84 87 
100 
38
1 2 5 8 9 11 15 20 25 29 31 41 
43 45 46 49 51 53 55 56 58 69 70 72 
73 75 77 79 80 81 83 84 85 86 89 93 
96 99 
31
1 3 8 11 14 17 23 28 31 34 35 42 
43 48 49 54 57 59 60 63 64 66 68 73 
75 77 84 90 94 95 98 
21
4 8 16 17 21 28 31 32 35 40 49 53 
56 58 60 61 62 63 67 75 77 
35
1 11 13 18 21 26 28 33 36 38 40 43 
45 47 48 49 50 53 60 61 65 66 67 70 
73 75 78 81 82 83 90 97 98 99 100 
34
1 7 8 15 16 22 24 26 29 30 32 34 
37 42 45 47 49 56 57 58 62 63 65 70 
71 79 80 85 88 89 90 92 93 100 
33
4 6 7 21 22 26 27 28 32 33 34 35 
37 38 39 49 51 59 60 64 69 71 73 75 
79 82 83 87 88 89 91 95 98 
25
2 6 7 8 9 18 25 29 33 35 38 44 
45 46 48 55 64 82 87 88 90 92 93 96 
97 
36
1 2 3 5 8 18 23 26 34 35 36 37 
38 39 40 42 46 56 57 61 62 64 67 70 
71 74 77 78 81 83 84 87 93 94 95 99 
34
1 5 7 8 12 13 14 15 17 18 20 26 
27 28 30 38 40 41 46 47 48 49 54 67 
68 69 72 82 87 89 91 95 96 97 
38
2 4 7 13 14 18 20 27 32 36 37 38 
39 44 45 46 48 49 50 51 55 61 68 69 
70 71 73 74 76 78 79 81 87 88 90 96 
99 100 
26
2 3 5 7 8 14 20 31 33 36 37 38 
39 53 60 62 65 67 75 76 79 81 86 90 
94 96 
36
5 6 7 8 9 12 14 16 18 22 26 27 
28 36 39 41 42 43 44 48 49 51 52 53 
55 56 59 64 67 69 76 77 78 82 85 87 
34
4 8 10 12 14 16 19 21 32 34 35 37 
38 41 56 58 60 62 68 69 70 75 76 78 
79 82 84 86 87 89 93 97 98 99 
37
1 8 10 11 12 15 17 18 22 23 25 32 
35 43 45 47 54 55 58 59 61 63 66 69 
70 72 78 82 84 85 86 87 95 96 97 98 
99 
23
5 6 8 9 10 17 23 27 33 43 44 52 
57 58 61 63 68 72 78 81 92 96 100 
22
1 3 9 12 13 30 46 53 54 58 60 63 
65 72 75 79 81 88 90 93 95 98 
28
4 16 17 18 20 22 27 31 37 38 40 41 
58 61 63 69 73 75 77 78 80 83 85 87 
91 97 98 100 
37
1 8 11 15 17 19 24 25 30 34 36 37 
38 39 45 50 54 57 64 66 67 68 69 72 
75 81 83 84 86 89 91 92 93 94 95 98 
99 
33
1 9 11 15 17 24 26 29 31 32 35 39 
42 45 46 53 57 61 68 71 73 76 77 79 
80 81 85 86 87 93 96 97 100 
28
2 8 9 13 14 16 29 36 38 41 42 43 
48 49 52 54 57 65 66 68 72 73 74 75 
84 89 92 96 
29
3 5 6 12 15 17 29 30 31 32 33 34 
36 40 41 43 45 51 53 55 58 61 71 74 
76 80 90 94 95 
28
6 8 11 13 24 26 31 32 36 37 39 44 
48 49 50 53 56 61 62 64 74 76 79 83 
86 87 90 97 
23
9 14 15 23 24 25 30 33 45 46 47 49 
50 52 56 58 67 68 76 78 81 84 97 
26
2 4 5 7 9 10 15 18 22 23 34 41 
43 53 57 61 62 63 64 65 74 80 85 89 
91 96 
39
1 2 6 7 8 9 15 17 20 27 28 29 
30 32 35 44 48 50 53 57 58 59 61 63 
65 66 67 70 74 79 80 82 86 87 91 92 
96 98 100 
32
3 4 6 7 9 11 12 15 17 20 24 28 
32 35 37 38 42 43 47 48 59 60 61 69 
70 75 77 81 88 89 97 98 
35
1 4 7 9 12 16 20 23 25 27 29 30 
31 33 35 38 39 42 43 44 50 56 57 58 
59 65 67 72 74 82 83 84 87 88 96 
36
1 4 7 10 14 16 23 25 27 28 32 33 
36 40 44 47 50 59 63 69 71 74 75 77 
78 80 82 84 88 90 91 93 95 96 97 100 
32
9 15 16 20 22 23 24 26 27 30 32 37 
40 41 43 48 51 53 55 56 58 60 61 66 
71 76 80 91 93 94 96 98 
31
3 8 10 16 21 32 33 34 36 39 44 47 
52 54 55 60 63 65 67 71 72 74 76 81 
82 83 91 94 97 98 100 
27
7 15 17 19 23 25 31 32 42 43 45 49 
53 62 66 67 68 75 76 81 83 85 89 90 
92 96 98 
26
7 8 10 12 22 26 27 28 35 37 45 48 
49 50 51 53 54 57 58 64 66 67 68 74 
78 80 
32
3 7 15 18 19 21 23 24 28 32 34 37 
38 47 53 54 61 62 64 68 69 70 72 73 
77 78 79 81 92 93 94 96 
34
2 4 10 11 21 22 25 29 32 37 39 40 
41 42 46 50 52 55 59 60 61 66 69 75 
76 78 80 82 84 91 93 94 95 96 
31
1 4 8 9 11 13 15 19 20 21 22 23 
24 30 34 46 49 50 53 54 55 60 62 67 
68 72 76 78 89 94 95 
31
2 9 10 12 16 21 22 24 26 27 30 31 
34 35 37 38 39 42 45 49 55 60 65 68 
74 76 79 85 94 95 98 
31
1 4 5 10 11 12 20 22 23 25 26 27 
32 39 42 43 44 47 48 54 59 62 65 67 
70 74 83 86 93 95 99 
33
2 4 5 6 10 14 16 28 32 38 39 40 
42 43 46 47 50 53 56 58 62 65 67 68 
74 82 83 84 87 90 96 97 99 
36
6 10 11 14 18 21 22 24 25 27 29 30 
32 33 35 37 38 43 44 45 49 53 56 57 
69 70 74 75 76 77 81 93 97 98 99 100 
30
2 5 9 13 15 18 19 21 22 32 37 44 
47 50 56 62 63 67 68 69 71 72 75 78 
79 84 88 91 92 99 
21
5 9 15 16 19 25 34 39 46 47 50 52 
55 62 68 69 74 94 97 98 100 
29
4 6 9 14 16 19 21 23 33 34 43 47 
55 59 60 61 62 65 68 69 70 72 73 74 
82 88 90 91 100 
33
1 2 10 15 16 17 19 24 26 27 29 33 
36 38 42 50 54 55 63 65 66 67 69 70 
71 72 79 80 81 83 90 91 94 
31
2 5 7 11 13 15 16 17 18 24 27 28 
31 32 35 42 45 46 47 54 56 61 63 67 
69 76 79 82 88 91 97 
28
1 12 13 14 17 18 19 23 24 25 34 35 
45 47 52 57 60 61 65 68 70 73 77 83 
89 90 91 95 
24
4 6 9 10 17 18 23 26 38 39 42 45 
49 50 54 59 62 65 66 67 76 89 97 98 
23
5 10 11 16 20 21 26 28 39 43 45 55 
56 57 60 61 66 68 69 72 83 91 97 
27
3 8 11 13 22 23 25 28 30 32 33 37 
39 42 45 48 55 60 67 68 75 76 78 85 
91 96 97 
25
3 6 7 11 12 21 22 23 29 30 32 33 
45 47 48 49 53 55 56 58 60 65 73 96 
97 
26
1 2 10 11 12 14 25 29 36 37 41 48 
49 50 52 55 56 63 65 67 68 76 80 92 
96 98 
30
4 5 8 9 14 15 17 22 26 28 31 33 
42 51 56 58 61 63 70 71 72 75 76 80 
82 85 94 96 97 98 
22
1 5 18 32 40 41 44 46 48 50 54 59 
69 72 74 84 86 87 89 90 92 95 
22
2 13 14 28 36 39 44 49 55 57 58 61 
64 68 69 77 86 87 91 94 97 98 
31
4 10 14 17 18 19 23 26 28 31 32 35 
39 41 42 43 44 49 52 53 56 62 67 68 
76 77 80 83 89 93 98 
37
4 9 10 11 14 15 18 21 26 28 30 31 
32 38 45 48 50 52 54 56 59 60 66 73 
75 80 81 83 85 89 90 91 93 95 96 97 
99 
27
4 7 8 12 13 18 29 31 34 37 39 48 
56 57 59 64 65 67 68 69 71 81 82 84 
87 91 95 
30
1 5 9 12 16 21 22 40 46 47 48 53 
55 57 64 65 67 72 73 74 78 80 82 87 
89 92 93 94 97 100 
31
1 5 8 21 23 24 25 27 33 42 43 49 
50 51 58 59 62 64 66 67 68 70 72 75 
76 77 79 84 85 91 98 
34
5 8 11 16 22 29 32 35 37 38 40 42 
43 44 51 57 59 60 62 64 65 66 68 69 
70 72 79 83 84 88 92 94 98 100 
27
6 8 15 16 24 32 33 37 41 43 44 47 
52 59 61 62 65 68 70 79 81 82 83 89 
93 99 100 
22
1 4 6 8 9 12 15 20 24 35 37 38 
45 59 68 80 81 87 93 96 99 100 
27
4 5 9 10 11 18 19 20 21 25 31 33 
35 40 41 51 59 62 66 70 73 75 78 84 
91 99 100 
26
1 7 8 10 12 23 24 25 26 27 28 30 
31 48 50 51 53 54 66 67 72 80 81 84 
86 95 
24
4 5 19 21 25 30 34 36 39 40 50 52 
56 60 63 65 75 77 80 87 88 92 93 95 
32
3 5 9 11 17 21 26 27 28 30 32 37 
42 51 52 53 55 59 63 64 65 66 67 74 
77 81 83 84 86 89 90 92 
43
3 5 8 9 12 14 15 16 17 20 23 25 
27 29 34 37 38 40 43 44 45 46 50 52 
54 59 60 61 63 68 72 73 74 76 82 84 
85 87 88 89 91 97 99 
30
2 9 13 14 17 19 25 27 28 29 32 33 
34 40 42 47 49 52 53 56 61 65 69 70 
77 82 88 92 95 99 
26
4 5 6 15 16 17 18 21 28 31 32 34 
39 43 46 52 63 69 73 75 79 83 86 93 
94 98 
27
3 4 5 6 8 10 16 17 23 30 35 36 
37 42 47 51 58 61 66 74 78 83 84 86 
88 94 96 
20
7 11 21 23 27 29 31 34 45 48 54 58 
65 67 71 73 75 82 86 99 
35
2 5 9 11 13 16 18 21 22 26 27 29 
30 33 34 36 43 47 49 50 53 59 61 67 
72 73 76 79 81 84 85 88 89 95 96 
37
10 11 12 13 16 21 23 25 26 28 29 30 
32 33 37 40 46 48 49 50 54 56 57 60 
61 70 72 77 80 81 85 87 90 91 92 95 
97 
15
18 38 45 48 56 65 66 69 71 74 78 80 
82 85 97 
32
4 12 13 16 24 28 29 33 36 37 45 48 
49 50 52 60 61 62 74 75 76 77 79 84 
88 90 91 92 95 96 98 99 
21
12 14 21 23 40 46 48 50 58 67 70 71 
73 74 77 81 86 87 92 93 100 
35
1 2 5 10 11 14 19 20 21 25 26 27 
28 29 35 43 45 47 48 51 54 58 63 69 
71 73 75 77 85 86 87 88 91 93 96 
32
1 2 6 10 11 14 26 27 28 30 33 35 
37 40 41 43 44 48 49 51 55 56 58 61 
62 68 81 85 86 87 93 98 
31
1 3 4 5 7 11 15 19 27 29 31 36 
37 44 50 60 63 71 77 78 85 88 89 90 
91 92 93 96 98 99 100 
34
1 2 4 8 9 10 11 22 25 28 34 35 
36 37 41 46 47 59 60 68 69 73 74 76 
77 80 81 82 83 84 90 91 94 95 
26
7 9 11 13 15 21 30 33 35 39 45 46 
52 54 55 57 60 67 69 70 72 73 76 78 
84 85 
30
5 6 9 10 11 12 15 17 18 21 28 29 
33 36 39 43 48 50 63 66 69 72 75 76 
79 82 83 84 91 92 
39
2 3 7 10 12 19 20 22 25 28 29 32 
34 35 36 38 39 40 41 43 44 49 53 59 
60 61 63 64 67 71 80 84 85 86 91 92 
94 97 100 
37
1 3 12 13 16 17 19 23 25 26 28 33 
34 38 40 43 50 53 56 62 64 67 68 72 
73 74 80 81 85 88 93 94 96 97 98 99 
100 
37
3 6 8 12 13 14 16 21 22 25 28 29 
30 31 32 35 36 40 44 45 49 50 59 61 
65 67 69 70 71 73 83 84 89 93 95 96 
100 
27
6 12 13 15 21 22 28 33 34 37 39 40 
43 45 48 51 57 59 63 66 74 77 80 81 
87 96 98 
24
3 4 7 11 13 14 15 16 18 26 29 31 
34 42 47 56 57 58 67 70 75 86 88 96 
28
4 5 8 9 11 13 22 25 26 31 33 34 
35 37 43 49 50 56 58 64 71 74 77 82 
83 85 86 91 
35
1 8 9 17 21 22 24 26 30 34 37 42 
44 47 50 56 59 60 64 65 66 67 70 71 
73 77 81 82 86 89 90 91 92 95 100 
30
2 3 4 6 8 11 16 27 28 33 42 44 
45 46 47 48 54 55 58 60 63 70 71 82 
85 87 88 91 93 97 
28
2 17 23 24 25 26 28 29 32 33 34 35 
40 41 43 44 46 47 55 56 58 70 73 76 
80 87 92 93 
25
4 12 17 20 21 24 30 33 36 40 46 54 
55 56 63 65 66 68 74 76 79 80 86 87 
95 
31
3 4 6 11 12 14 18 19 23 27 31 32 
33 35 36 41 49 52 53 57 66 67 68 69 
70 76 79 87 89 91 95 
29
2 3 8 10 16 17 20 26 30 31 32 33 
35 38 42 52 55 57 62 67 69 70 71 77 
85 87 90 97 98 
34
6 15 16 19 21 22 23 25 29 30 34 36 
38 46 48 49 50 57 59 60 62 68 69 70 
75 77 78 79 83 84 88 91 97 98 
35
2 3 6 9 14 15 17 18 21 27 30 31 
33 34 37 38 39 44 48 50 51 52 56 57 
59 60 61 73 77 80 88 93 97 98 100 
33
3 4 5 7 9 10 16 19 21 23 31 35 
38 44 46 47 48 49 50 51 59 62 67 69 
72 77 80 83 85 87 94 95 98 
29
7 9 12 13 16 20 22 23 24 25 27 28 
47 48 53 57 58 61 68 69 72 78 84 87 
88 92 94 95 99 
36
4 6 7 10 15 16 17 19 20 21 25 27 
28 29 32 36 37 40 47 48 50 56 59 62 
64 66 68 73 74 76 83 91 93 96 98 100 
28
4 16 21 23 30 34 36 38 39 41 47 48 
52 57 58 60 66 67 70 72 73 74 78 81 
84 90 95 97 
26
5 8 9 11 17 21 24 25 31 34 39 46 
47 48 50 55 60 61 62 67 72 74 75 82 
97 98 
29
3 11 12 15 16 21 23 30 31 33 34 35 
37 39 45 47 55 56 57 62 73 77 79 81 
85 89 90 96 98 
34
2 6 11 13 21 23 24 25 27 28 36 37 
44 47 51 55 56 59 64 66 69 74 75 76 
77 78 80 81 85 86 89 91 98 100 
30
2 3 9 12 13 14 18 19 24 31 33 37 
43 47 48 56 59 62 66 67 76 79 82 83 
87 90 93 96 97 99 
33
3 8 12 14 16 17 22 33 34 36 39 42 
43 47 50 53 56 58 63 66 70 74 77 78 
80 81 84 88 89 90 93 97 98 
35
1 2 10 12 16 21 25 26 27 32 36 37 
40 41 49 52 53 59 62 66 69 70 72 75 
76 78 81 84 86 87 88 90 92 94 96 
31
5 11 13 17 23 26 29 30 33 35 39 40 
45 48 50 53 54 55 56 60 61 63 66 72 
82 83 85 86 92 97 99 
26
5 13 14 16 18 27 29 32 35 36 40 45 
48 49 56 62 65 68 70 72 75 80 84 89 
91 93 
33
1 3 5 7 10 12 16 18 19 20 21 28 
33 35 39 40 44 48 50 52 53 56 58 61 
67 68 74 75 78 80 81 84 90 
25
14 15 21 22 23 29 31 37 38 42 45 46 
48 68 70 74 75 82 83 88 89 91 95 96 
99 
