200 100
1 1 1 1 1 1 1 1 1 1 1 1 
1 1 1 1 1 1 1 1 1 1 1 1 
1 1 1 1 1 1 1 1 1 1 1 1 
1 1 1 1 1 1 1 1 1 1 1 1 
1 1 1 1 1 1 1 1 1 1 1 1 
1 1 1 1 1 1 1 1 1 1 1 1 
1 1 1 1 1 1 1 1 1 1 1 1 
1 1 1 1 1 1 1 1 1 1 1 1 
1 1 1 1 
11
16 26 30 31 44 57 64 66 75 98 100 
8
7 30 34 45 64 71 85 92 
9
4 8 15 25 39 45 48 54 64 
13
9 12 18 21 26 28 44 46 64 66 82 92 
93 
8
8 15 30 54 61 89 96 97 
15
13 14 16 17 19 26 39 49 68 70 81 85 
92 97 99 
11
1 3 4 16 47 58 64 81 83 86 96 
10
2 26 42 43 45 50 54 58 63 92 
13
3 9 10 20 24 38 39 42 62 82 92 95 
98 
8
2 29 32 56 57 93 96 99 
12
5 33 39 41 43 56 63 67 68 71 73 88 
13
6 10 18 23 34 49 60 64 69 74 76 86 
100 
10
35 45 49 50 53 54 72 83 85 88 
11
1 2 21 31 37 47 48 57 67 87 99 
6
3 7 11 35 38 67 
11
9 16 20 49 61 62 63 65 67 72 91 
7
5 35 49 73 76 81 100 
8
9 40 46 56 80 87 90 91 
7
43 56 60 68 70 77 95 
8
4 9 28 64 65 68 74 76 
15
4 6 16 41 49 53 57 60 63 67 75 91 
92 95 97 
10
9 20 22 27 32 48 49 64 80 100 
6
24 33 54 58 59 84 
9
7 10 22 28 43 74 78 83 91 
12
4 6 11 21 28 50 55 58 60 76 91 97 
7
16 21 29 31 40 58 68 
7
12 32 42 51 69 80 86 
10
10 17 30 32 51 60 61 66 93 94 
14
1 3 4 8 11 14 24 39 51 64 78 83 
90 94 
5
18 33 36 66 78 
7
14 43 64 72 83 90 94 
18
9 16 19 22 25 41 48 49 56 62 67 70 
72 73 78 79 88 97 
11
8 37 39 52 53 62 66 71 79 91 100 
7
17 19 20 57 69 84 86 
11
5 22 30 33 35 43 44 49 61 80 95 
12
1 5 7 10 22 31 38 40 53 74 89 97 
9
18 24 34 38 40 58 74 75 82 
13
1 11 24 30 33 44 47 50 62 70 81 82 
98 
17
1 4 10 13 22 30 37 40 57 59 60 77 
79 83 84 85 89 
11
5 19 28 39 43 46 59 62 75 87 91 
7
6 9 12 37 57 91 97 
8
7 10 17 41 53 62 86 89 
10
1 3 17 44 51 72 76 84 86 89 
13
5 24 30 32 35 39 52 53 77 79 83 85 
92 
6
6 18 22 44 55 82 
6
6 9 34 64 78 85 
8
17 31 42 53 55 63 80 85 
11
26 27 28 31 36 37 46 69 84 96 97 
4
2 46 88 94 
13
5 13 18 26 27 44 48 60 67 79 89 91 
96 
9
13 37 54 58 60 69 76 92 93 
10
12 15 17 25 26 51 57 84 88 91 
11
4 14 16 21 25 36 52 64 81 84 93 
11
8 21 22 30 43 48 63 70 82 84 100 
9
18 24 34 36 40 44 56 98 100 
11
8 17 24 30 36 38 39 58 67 80 99 
14
1 21 23 35 48 53 55 57 61 64 78 87 
92 94 
5
9 35 36 74 97 
7
8 11 20 25 43 63 86 
10
42 48 59 62 68 73 87 92 96 97 
11
8 13 23 28 43 51 53 61 73 82 87 
13
24 26 28 34 46 48 51 60 62 77 78 87 
90 
6
3 14 18 28 57 83 
11
23 24 28 35 40 50 63 67 80 91 97 
10
17 23 46 48 55 58 61 72 75 79 
7
33 40 42 48 59 62 90 
13
5 16 44 45 51 54 55 65 69 70 90 94 
100 
8
5 10 13 29 30 54 59 67 
9
6 7 17 20 32 40 56 65 99 
10
3 18 19 24 26 28 48 55 62 99 
6
3 61 66 69 81 83 
7
6 44 49 55 58 95 96 
6
30 32 49 70 77 82 
10
17 20 26 28 59 61 73 77 80 83 
12
1 22 31 35 45 59 70 73 82 86 95 97 
10
25 39 40 46 51 53 57 67 91 99 
14
1 2 23 38 49 51 58 60 75 78 79 85 
88 95 
6
5 6 16 25 95 97 
11
1 3 4 5 8 10 11 21 27 77 85 
10
3 31 32 46 55 57 65 75 93 97 
12
3 8 23 28 36 41 50 67 74 86 87 93 
11
3 10 22 24 44 52 56 69 75 76 92 
12
22 32 36 37 41 42 52 61 71 83 87 94 
5
32 74 77 94 99 
10
13 26 32 37 45 47 49 79 85 99 
10
8 9 12 17 24 32 43 75 78 80 
10
1 13 14 38 40 44 53 63 68 72 
10
9 11 12 27 28 41 58 62 67 91 
12
14 23 37 42 53 56 64 79 83 91 96 97 
13
17 20 21 22 23 37 46 49 58 59 78 87 
92 
7
15 25 37 49 51 52 88 
14
4 7 16 22 28 41 43 49 53 55 68 77 
84 97 
4
16 70 83 84 
4
35 37 57 60 
13
5 15 34 42 52 56 61 62 66 75 88 90 
95 
8
9 10 16 39 47 49 64 81 
9
3 11 22 38 39 44 73 83 96 
5
17 28 33 46 78 
5
5 28 34 95 97 
8
7 14 16 18 61 79 81 82 
15
2 11 16 43 47 50 52 56 58 61 67 68 
78 79 82 
14
2 15 19 28 37 39 44 53 56 65 73 88 
95 98 
13
3 13 19 22 26 31 49 59 62 77 86 96 
97 
10
12 29 32 41 42 43 55 66 80 83 
8
4 8 29 37 52 86 90 99 
7
22 29 30 51 55 69 83 
5
36 37 38 85 92 
10
14 17 29 38 42 45 46 50 86 92 
10
4 7 8 15 45 46 54 56 64 72 
11
8 14 15 18 20 26 58 65 69 94 95 
8
8 15 23 32 54 65 79 91 
3
48 56 97 
12
2 9 10 12 16 35 39 43 54 59 62 98 
14
11 29 30 33 42 51 52 58 69 71 76 78 
81 83 
10
6 11 14 18 36 69 75 79 81 93 
14
16 43 44 46 56 61 66 75 76 79 80 85 
92 97 
8
1 2 10 21 62 70 84 97 
8
8 41 57 61 78 82 89 94 
8
3 50 55 56 83 84 86 88 
12
16 30 42 53 54 55 66 77 82 89 90 92 
8
5 45 59 61 74 91 94 100 
8
12 26 36 59 74 86 89 95 
13
1 32 37 44 50 65 69 71 81 85 87 88 
100 
11
12 21 23 34 49 61 66 70 84 86 95 
10
14 27 33 40 72 75 76 85 91 92 
9
2 16 31 32 38 59 74 83 94 
11
6 19 25 30 37 41 57 76 81 87 88 
13
2 4 14 22 29 31 46 50 59 70 83 86 
89 
7
19 23 31 50 67 88 100 
6
24 37 47 76 80 95 
14
4 12 17 24 26 30 33 50 58 59 60 74 
96 98 
6
22 32 77 86 87 94 
6
5 61 64 76 86 94 
7
9 13 22 28 54 69 73 
6
38 39 49 51 52 59 
12
10 17 18 24 38 49 54 57 70 73 80 83 
8
11 15 24 28 30 58 59 73 
7
12 14 15 34 35 74 76 
6
17 19 47 50 54 76 
8
3 6 26 46 65 85 89 91 
13
3 6 7 21 23 38 57 72 75 84 89 92 
96 
8
13 16 26 44 59 68 90 97 
6
5 43 61 90 92 94 
13
10 14 22 30 39 63 64 69 70 74 84 86 
90 
9
9 10 25 30 31 53 57 60 81 
6
2 10 20 52 54 85 
11
7 38 41 42 48 49 54 71 86 91 92 
7
23 44 47 50 55 81 93 
4
9 16 21 26 
10
11 16 63 66 82 83 92 94 95 98 
14
17 24 28 32 48 60 64 70 76 77 82 86 
88 99 
10
23 25 27 28 33 42 70 82 86 90 
8
12 32 43 48 49 64 72 86 
13
3 7 8 19 25 33 53 59 62 68 76 89 
92 
17
18 23 24 26 29 35 38 42 50 56 66 75 
76 77 81 91 97 
10
8 20 41 60 65 79 80 89 93 96 
14
6 12 15 23 27 41 42 67 71 72 76 77 
87 100 
10
3 6 9 10 25 51 56 71 93 100 
11
6 16 20 22 31 41 42 50 52 56 76 
12
13 28 40 47 55 63 73 76 89 93 95 99 
4
20 34 53 65 
11
1 19 38 39 42 47 54 81 88 98 99 
7
3 18 46 64 71 87 98 
12
16 26 41 46 48 52 53 74 79 82 88 94 
8
2 11 13 19 31 66 75 76 
15
3 4 6 15 22 48 50 61 71 78 80 85 
93 97 99 
13
7 9 14 39 48 50 59 87 89 90 91 95 
99 
7
1 6 74 76 77 82 87 
12
5 6 15 26 29 41 44 58 65 70 84 95 
12
5 43 44 46 48 50 57 60 65 69 88 91 
8
12 29 39 41 48 50 71 98 
5
6 22 53 78 89 
9
24 35 62 63 79 80 88 96 97 
14
8 9 17 18 27 42 46 55 56 67 81 82 
89 96 
17
4 7 12 24 27 29 30 43 49 55 56 64 
74 81 90 92 99 
12
19 23 25 31 35 40 64 85 94 97 98 99 
13
10 15 19 45 49 53 67 75 76 78 86 93 
95 
9
22 45 51 62 63 65 77 88 92 
12
2 3 4 8 16 30 34 52 54 56 65 100 
11
5 21 23 26 57 72 76 77 82 86 97 
8
12 16 46 51 55 77 88 98 
9
7 22 24 28 45 66 67 88 97 
3
52 67 90 
14
17 25 28 32 39 40 43 45 56 61 76 93 
96 98 
4
8 61 87 94 
6
23 26 50 60 86 98 
15
2 7 13 17 19 33 41 42 43 45 53 59 
73 76 78 
7
12 23 27 33 68 88 90 
8
15 32 55 57 71 73 81 86 
10
4 5 8 9 19 36 56 59 65 77 
14
16 32 35 41 51 52 55 59 62 67 72 82 
94 99 
7
4 6 23 35 40 67 90 
11
3 16 19 31 33 39 52 59 62 64 88 
13
26 27 41 43 50 55 66 67 69 86 93 97 
100 
9
3 6 8 27 46 49 60 74 87 
10
11 21 61 62 64 67 71 72 89 95 
8
30 47 58 79 89 90 91 94 
10
1 6 23 44 54 55 57 74 81 85 
7
28 33 41 50 61 69 86 
6
1 23 37 43 59 87 
