200 400
1 1 1 1 1 1 1 1 1 1 1 1 
1 1 1 1 1 1 1 1 1 1 1 1 
1 1 1 1 1 1 1 1 1 1 1 1 
1 1 1 1 1 1 1 1 1 1 1 1 
1 1 1 1 1 1 1 1 1 1 1 1 
1 1 1 1 1 1 1 1 1 1 1 1 
1 1 1 1 1 1 1 1 1 1 1 1 
1 1 1 1 1 1 1 1 1 1 1 1 
1 1 1 1 1 1 1 1 1 1 1 1 
1 1 1 1 1 1 1 1 1 1 1 1 
1 1 1 1 1 1 1 1 1 1 1 1 
1 1 1 1 1 1 1 1 1 1 1 1 
1 1 1 1 1 1 1 1 1 1 1 1 
1 1 1 1 1 1 1 1 1 1 1 1 
1 1 1 1 1 1 1 1 1 1 1 1 
1 1 1 1 1 1 1 1 1 1 1 1 
1 1 1 1 1 1 1 1 1 1 1 1 
1 1 1 1 1 1 1 1 1 1 1 1 
1 1 1 1 1 1 1 1 1 1 1 1 
1 1 1 1 1 1 1 1 1 1 1 1 
1 1 1 1 1 1 1 1 1 1 1 1 
1 1 1 1 1 1 1 1 1 1 1 1 
1 1 1 1 1 1 1 1 1 1 1 1 
1 1 1 1 1 1 1 1 1 1 1 1 
1 1 1 1 1 1 1 1 1 1 1 1 
1 1 1 1 1 1 1 1 1 1 1 1 
1 1 1 1 1 1 1 1 1 1 1 1 
1 1 1 1 1 1 1 1 1 1 1 1 
1 1 1 1 1 1 1 1 1 1 1 1 
1 1 1 1 1 1 1 1 1 1 1 1 
1 1 1 1 1 1 1 1 1 1 1 1 
1 1 1 1 1 1 1 1 1 1 1 1 
1 1 1 1 1 1 1 1 1 1 1 1 
1 1 1 1 
38
4 6 11 25 31 39 44 60 63 66 74 75 
88 90 96 108 132 153 163 166 176 209 218 243 
258 267 288 303 312 323 335 356 371 373 380 382 
392 398 
36
11 14 16 29 40 54 56 71 98 100 112 122 
124 156 167 196 214 221 246 258 268 277 299 307 
315 317 326 327 332 345 347 348 349 362 374 380 
51
5 8 11 41 47 73 77 80 81 87 98 131 
139 142 145 148 149 156 163 176 204 209 210 211 
228 238 249 263 275 276 279 289 294 297 303 312 
316 317 327 329 331 332 334 350 359 360 362 369 
370 380 400 
42
9 11 13 30 31 53 69 70 80 95 104 117 
120 126 141 184 186 192 195 215 216 231 233 242 
247 263 269 270 289 298 304 320 327 331 337 338 
340 343 355 359 392 398 
50
4 15 19 28 34 50 51 54 60 64 69 87 
91 92 98 114 117 121 133 146 147 159 163 171 
174 176 191 198 199 203 204 205 206 217 245 250 
251 263 269 275 296 305 313 323 330 353 356 361 
391 397 
41
2 5 9 15 31 68 69 76 78 79 86 94 
123 133 161 168 180 187 191 199 207 213 222 258 
260 262 269 274 277 278 282 286 307 326 329 337 
342 351 367 374 395 
45
7 24 28 37 50 54 59 75 76 82 85 87 
104 112 123 137 143 149 161 170 172 173 178 180 
197 206 225 236 240 245 246 255 273 284 288 294 
308 321 325 326 337 349 355 390 398 
25
6 19 20 81 108 121 124 127 136 167 198 225 
239 246 272 279 292 295 301 304 317 322 330 366 
390 
37
11 13 32 35 69 72 81 95 99 101 115 119 
124 163 170 176 189 198 205 206 210 219 238 270 
296 299 302 314 318 319 327 332 336 356 359 366 
374 
47
9 17 36 41 54 57 58 61 73 89 95 101 
109 130 132 133 180 189 196 197 200 217 219 222 
226 232 238 244 246 272 279 281 288 305 307 309 
317 321 325 350 351 354 369 376 382 387 392 
42
2 42 71 89 92 94 111 114 116 131 132 144 
168 174 177 181 184 186 199 211 212 217 221 222 
225 231 232 254 267 280 281 283 284 308 335 342 
345 352 371 392 393 395 
36
14 36 38 40 56 89 91 114 122 123 125 128 
130 151 165 167 187 200 204 231 255 261 275 279 
282 285 291 292 308 331 342 352 365 377 379 380 
38
32 34 38 47 49 60 70 93 95 140 142 155 
163 184 186 187 193 200 206 210 222 235 243 263 
275 301 308 314 321 325 328 330 336 362 369 377 
389 396 
46
2 6 36 41 54 58 63 66 83 87 92 96 
112 123 124 131 141 142 155 168 182 203 205 213 
216 219 223 243 246 251 253 254 264 278 279 301 
310 319 321 335 337 349 367 379 387 391 
42
3 14 15 21 26 32 56 61 77 96 99 103 
109 128 169 178 179 203 204 219 220 227 239 241 
243 244 254 261 267 270 282 283 293 299 300 314 
319 344 365 380 389 393 
45
3 6 7 13 18 24 64 83 88 103 104 120 
147 148 149 153 166 169 183 201 205 214 249 250 
252 275 279 288 292 296 302 311 339 344 353 355 
362 364 373 380 386 387 397 399 400 
38
29 31 41 44 58 60 70 89 103 106 120 125 
138 147 152 153 162 168 178 191 207 222 236 241 
276 282 288 316 321 335 338 343 346 350 368 377 
388 389 
39
6 13 34 47 59 62 70 89 91 102 111 112 
113 120 143 147 153 159 164 183 197 203 213 249 
254 263 278 300 302 304 305 316 319 320 334 341 
354 392 395 
43
16 26 52 67 108 109 110 123 128 142 152 159 
162 163 168 173 189 202 212 214 236 239 244 246 
252 257 258 261 270 277 278 297 298 323 327 338 
342 350 352 362 387 392 400 
55
6 24 35 40 41 44 53 54 67 72 85 88 
90 95 97 98 122 126 127 144 145 151 157 161 
163 176 184 201 204 211 215 217 220 226 244 250 
251 279 284 288 290 292 304 308 317 326 327 341 
359 362 367 369 377 385 396 
50
4 6 25 28 44 45 51 66 69 88 90 110 
112 115 123 151 157 160 161 164 166 168 175 183 
185 200 205 206 209 219 221 228 233 241 275 286 
289 295 299 307 316 320 332 342 353 356 367 375 
387 394 
36
22 42 62 64 86 87 104 108 114 120 121 126 
127 134 138 139 146 150 217 226 228 232 238 240 
255 288 332 350 352 354 356 362 363 367 372 382 
34
4 23 40 41 51 53 54 56 59 61 105 107 
120 136 139 144 151 152 161 214 217 221 235 242 
254 262 264 290 328 342 345 350 362 385 
42
22 25 31 33 42 54 77 82 96 107 115 122 
131 152 162 174 191 196 198 208 209 212 216 231 
255 263 272 277 281 283 287 307 309 325 327 331 
342 343 377 380 389 400 
42
12 18 28 32 39 41 46 77 93 99 111 113 
131 137 155 168 177 189 202 204 209 214 215 241 
247 258 260 266 277 285 296 312 322 331 337 340 
346 351 352 360 387 390 
34
24 26 48 57 67 70 97 106 126 138 147 148 
150 156 161 177 178 183 186 192 206 215 231 241 
252 258 259 267 292 320 332 347 376 392 
44
4 5 10 30 50 55 71 76 82 96 101 105 
108 112 168 180 183 184 189 196 224 243 247 259 
262 264 269 283 290 299 305 309 320 328 329 336 
342 348 351 369 374 385 397 399 
44
13 15 32 34 56 63 81 86 100 111 113 128 
139 148 152 162 173 178 183 197 199 213 215 217 
225 232 250 260 294 309 313 319 328 330 334 336 
348 349 356 386 388 390 395 397 
41
11 43 46 50 64 86 87 100 103 110 112 118 
138 140 144 157 166 171 213 225 231 240 262 266 
270 273 281 283 290 301 306 316 323 332 337 352 
357 368 386 388 398 
31
26 45 61 70 76 84 92 100 114 121 122 136 
143 151 155 175 198 222 234 244 252 275 296 315 
318 326 338 345 373 384 397 
30
3 8 17 49 53 64 83 93 99 111 140 141 
145 149 155 169 174 191 198 225 229 239 242 265 
273 301 318 345 377 387 
38
3 8 9 14 20 54 66 69 72 79 96 101 
109 110 117 120 132 145 166 187 218 219 249 280 
289 290 295 298 306 330 332 339 348 364 366 376 
380 397 
37
1 4 11 19 23 29 43 74 85 90 97 103 
117 130 142 167 169 171 176 181 200 211 235 236 
259 272 287 291 304 315 322 330 337 356 388 397 
400 
49
3 4 15 20 33 34 38 48 59 79 83 99 
105 108 113 128 136 137 144 147 162 163 171 178 
199 207 209 214 222 235 242 246 250 252 273 282 
288 289 321 347 349 358 368 380 382 383 386 391 
396 
37
2 7 16 25 38 55 59 94 99 112 139 141 
147 160 172 184 214 225 227 229 242 253 254 266 
270 284 295 301 315 326 331 334 343 353 359 363 
388 
41
21 25 44 75 78 83 84 85 93 96 118 126 
141 147 154 159 171 180 181 184 225 226 230 232 
262 266 270 278 280 282 286 288 313 319 329 343 
355 362 364 391 392 
38
26 30 47 52 57 71 72 74 76 80 87 93 
102 107 129 133 143 145 154 160 167 197 200 214 
215 237 246 268 276 289 298 310 328 329 340 370 
395 399 
44
37 46 47 52 72 77 81 88 92 95 99 107 
108 118 126 131 135 146 154 186 194 200 207 215 
217 222 223 224 231 247 266 271 276 290 302 324 
329 334 343 345 370 376 380 394 
52
2 14 24 25 38 43 55 56 59 66 69 120 
121 129 131 137 147 156 160 169 175 179 184 185 
188 192 197 216 222 233 240 249 250 251 261 278 
303 304 305 306 326 332 333 338 339 347 352 353 
354 359 371 391 
37
2 12 16 27 34 36 41 46 47 59 81 134 
138 142 148 150 169 172 175 180 190 201 221 225 
234 246 274 287 308 314 330 367 368 376 380 390 
398 
42
28 34 37 43 56 58 61 94 103 115 125 126 
128 131 156 158 173 177 179 207 216 244 251 254 
256 259 265 285 294 297 309 312 320 338 350 362 
365 367 373 374 381 400 
39
3 6 8 11 13 19 33 34 39 74 91 92 
94 99 109 125 131 139 141 142 154 163 169 175 
203 206 234 242 252 258 290 295 316 317 323 342 
358 361 380 
41
3 10 26 40 42 62 65 69 85 88 117 120 
123 144 149 162 174 194 197 198 218 229 251 255 
262 273 279 289 297 300 324 327 335 336 357 362 
368 374 390 391 399 
29
12 31 45 57 70 82 85 91 139 143 145 180 
184 187 195 217 226 234 252 272 297 303 313 316 
327 344 363 371 388 
50
2 14 24 28 35 42 47 48 51 54 57 73 
89 99 105 113 115 117 118 128 136 143 148 150 
160 163 164 195 201 225 231 238 241 245 248 262 
265 267 272 280 294 298 308 314 325 330 347 372 
388 394 
44
6 30 49 53 55 66 70 86 88 107 108 117 
135 157 169 170 173 181 191 192 193 196 198 205 
206 232 237 246 259 272 287 289 295 309 310 313 
338 343 355 361 367 371 387 400 
40
3 6 7 31 33 48 54 58 82 113 119 124 
131 141 142 163 170 176 178 179 180 181 185 187 
189 205 224 230 250 252 255 263 283 308 310 354 
366 371 383 395 
41
15 20 32 37 44 59 63 72 75 79 83 84 
93 101 107 119 131 140 145 157 166 171 175 182 
206 219 223 252 290 292 317 327 330 331 333 346 
352 360 370 372 384 
52
2 7 9 16 24 26 34 48 81 90 91 102 
103 115 142 165 173 175 182 184 191 200 202 209 
212 216 220 229 234 246 249 253 255 266 268 271 
283 297 302 310 316 330 335 343 355 356 360 363 
371 375 376 381 
39
20 26 31 47 50 72 99 100 115 142 146 148 
149 152 178 181 194 205 211 221 232 249 251 253 
258 286 291 306 308 311 316 318 327 331 339 343 
355 388 395 
44
18 37 44 45 54 58 59 67 72 74 92 94 
109 114 118 119 124 137 141 150 152 155 168 173 
175 190 205 214 217 218 222 237 259 269 271 285 
327 334 356 361 384 388 389 395 
42
29 33 44 52 59 70 74 83 86 107 114 115 
129 132 146 159 184 185 191 196 201 210 213 216 
222 226 229 239 260 262 265 271 281 284 326 353 
367 371 372 389 393 399 
36
19 35 40 59 63 77 89 105 118 127 128 137 
156 185 196 208 212 233 235 238 247 252 255 260 
267 269 275 285 291 300 308 332 340 353 359 371 
37
6 22 26 30 49 67 79 83 86 102 110 122 
123 134 145 165 168 210 250 252 254 258 261 288 
297 305 309 326 332 343 353 360 364 378 389 390 
397 
42
2 6 30 34 44 46 52 66 88 99 107 124 
135 136 137 140 157 164 167 169 173 192 202 214 
227 237 246 265 280 283 284 293 315 334 338 345 
352 354 365 379 387 394 
45
7 14 21 22 31 44 50 55 71 80 99 122 
129 130 142 153 156 173 183 190 205 211 215 217 
226 231 255 262 265 271 278 283 286 288 292 293 
302 315 320 333 344 355 357 368 397 
33
14 24 38 52 66 67 74 82 94 96 131 145 
151 154 162 185 200 227 229 231 238 243 267 283 
288 289 303 313 314 328 372 384 388 
48
4 34 38 51 52 65 69 81 86 94 107 115 
121 125 126 137 143 153 171 181 203 214 223 225 
232 234 241 259 275 277 299 309 311 322 326 327 
341 344 347 349 367 373 374 382 383 384 386 400 
48
18 24 30 40 47 56 59 63 80 84 90 97 
112 113 119 140 142 158 202 206 223 226 228 229 
230 246 253 259 260 261 262 272 275 283 298 301 
302 304 305 313 316 320 341 357 358 377 393 396 
44
6 8 25 28 30 39 44 45 59 60 93 95 
105 107 119 131 137 144 158 168 187 189 218 220 
221 222 226 229 242 244 253 283 290 294 300 310 
324 327 332 362 369 384 395 400 
36
28 46 58 74 77 86 90 95 97 100 114 115 
120 126 127 215 218 225 239 240 259 273 287 291 
300 303 319 328 333 337 348 361 385 389 390 398 
53
11 20 21 30 31 32 42 44 54 58 65 70 
74 75 79 95 108 112 117 139 143 153 158 164 
172 177 197 201 207 212 216 222 240 241 249 260 
261 262 266 269 271 285 308 309 347 349 354 355 
364 366 375 386 392 
41
18 23 32 42 51 52 53 67 72 74 139 142 
157 160 173 186 187 195 198 201 208 210 213 221 
232 235 245 249 253 260 276 281 288 317 342 351 
356 371 375 393 399 
40
18 34 59 62 64 67 78 84 86 100 107 115 
130 133 136 138 145 151 234 239 254 261 273 280 
288 294 308 312 318 323 331 332 336 342 347 353 
371 379 388 399 
40
19 21 30 36 44 63 64 86 88 96 97 108 
112 114 116 117 143 147 174 179 182 194 218 227 
228 234 236 243 246 247 256 259 261 276 287 308 
319 365 387 393 
48
17 20 21 30 34 40 57 61 64 77 94 95 
105 113 119 121 132 138 143 154 159 167 173 176 
202 203 211 227 237 241 242 243 254 255 265 278 
285 314 315 319 324 339 346 354 372 375 381 387 
48
11 50 58 68 76 83 87 95 100 104 110 113 
124 125 136 144 149 158 165 167 172 178 182 188 
189 201 216 219 225 228 241 248 258 269 273 278 
292 296 314 319 322 323 327 338 375 380 399 400 
48
3 16 20 24 25 41 43 51 67 82 88 110 
121 123 124 126 127 130 131 155 167 178 187 195 
200 202 207 210 238 243 245 251 261 266 272 285 
288 301 306 313 332 336 341 353 368 376 383 393 
40
1 3 4 11 13 15 22 31 53 58 64 89 
95 130 149 184 188 208 218 226 237 248 255 258 
260 265 274 299 316 326 336 341 344 345 361 381 
382 386 388 392 
46
4 19 22 37 44 55 60 70 73 76 86 87 
91 109 125 127 173 174 176 177 184 194 199 222 
245 251 262 266 285 294 308 314 317 318 326 327 
329 334 346 366 377 380 383 395 396 397 
37
6 12 27 53 62 69 89 113 137 141 145 148 
156 158 167 170 178 179 219 224 239 260 266 302 
307 313 333 338 340 348 361 365 370 377 379 391 
399 
42
12 13 14 22 28 32 35 51 53 54 66 73 
81 83 92 101 111 112 139 144 148 167 171 176 
196 217 249 259 283 288 309 311 313 318 336 339 
342 352 361 376 386 387 
38
6 9 17 20 25 26 50 68 74 80 90 92 
106 117 127 130 145 148 150 162 170 201 209 218 
230 243 245 258 266 273 274 302 334 335 351 357 
372 381 
45
15 18 23 25 28 40 58 72 86 102 114 116 
129 137 148 168 172 177 178 180 194 204 207 225 
252 253 255 256 257 262 267 284 294 313 330 331 
333 338 355 362 363 365 369 378 399 
43
1 9 37 41 46 58 62 69 73 82 92 125 
127 144 145 151 157 168 170 183 185 188 189 204 
206 213 222 238 242 251 269 281 282 302 307 317 
319 334 341 350 374 385 387 
34
19 22 35 40 43 45 76 102 105 111 116 119 
128 175 185 188 203 213 227 230 264 268 271 275 
277 288 319 320 321 328 351 356 361 385 
39
1 5 16 22 30 35 36 38 51 64 67 70 
76 84 110 128 129 152 187 192 206 209 224 226 
233 235 237 250 256 262 297 303 306 314 361 364 
366 378 399 
42
4 11 13 22 26 28 31 41 42 49 59 65 
84 90 96 102 120 125 127 133 154 169 176 200 
206 212 227 270 272 277 289 295 296 299 309 329 
344 349 356 362 378 387 
37
13 20 38 49 58 64 74 103 115 117 122 131 
135 138 148 162 163 167 172 184 198 204 208 224 
230 236 253 259 286 298 306 307 363 380 381 387 
399 
47
2 7 16 20 27 29 44 69 72 74 81 103 
106 114 116 121 124 134 148 166 172 190 192 212 
239 240 244 245 255 260 266 273 279 292 312 317 
319 320 328 339 345 346 347 363 379 385 389 
38
2 6 13 18 25 26 36 44 59 83 86 94 
99 103 118 131 151 156 161 166 202 204 209 218 
229 254 279 280 282 292 336 343 353 362 364 369 
380 393 
40
1 8 15 16 30 47 56 83 100 133 135 151 
189 205 216 225 230 231 235 247 275 280 284 301 
302 308 319 320 324 327 343 351 353 356 359 379 
383 388 391 398 
48
8 13 28 34 45 64 74 87 90 104 106 111 
130 135 136 139 146 149 155 168 179 180 186 193 
204 210 213 220 230 232 239 244 245 249 253 260 
272 273 280 283 289 302 306 315 351 364 370 387 
43
3 9 10 19 69 70 73 97 111 117 118 127 
145 147 156 159 160 165 167 182 183 204 212 217 
218 222 228 253 263 288 294 296 314 328 332 344 
347 348 363 375 380 389 396 
48
10 21 22 25 35 38 41 79 96 99 108 150 
151 153 182 186 189 194 206 209 222 226 231 242 
250 253 261 262 265 276 280 283 286 302 310 313 
326 328 332 333 335 337 339 345 363 389 391 400 
34
7 20 24 52 60 103 138 146 159 161 193 196 
201 215 230 235 237 239 242 243 254 263 267 274 
309 311 314 323 347 373 388 395 399 400 
39
7 10 35 71 72 75 77 87 108 113 115 125 
136 158 172 176 179 215 250 252 271 277 282 296 
304 310 320 340 342 349 354 359 360 373 374 375 
380 384 396 
40
7 21 22 50 56 60 63 70 77 81 137 139 
140 141 143 148 149 157 161 192 194 195 199 213 
220 243 244 253 266 282 285 288 294 312 314 328 
344 348 373 391 
54
3 11 14 22 30 32 48 51 52 59 60 61 
67 70 85 94 97 98 112 115 118 138 140 151 
153 165 174 197 201 203 208 215 216 236 244 261 
267 270 274 286 291 299 304 305 306 319 322 328 
349 355 375 376 377 400 
41
2 3 46 50 60 74 88 104 111 117 118 126 
128 129 137 140 143 151 164 165 173 177 182 203 
243 254 263 271 288 295 301 306 310 316 327 331 
334 349 363 372 375 
35
24 25 37 41 60 62 79 112 118 124 130 133 
136 139 179 190 215 226 228 232 245 246 277 281 
310 318 322 326 327 334 356 357 381 391 393 
42
3 6 13 19 21 29 31 38 43 44 49 58 
70 77 90 118 129 136 140 155 187 199 214 216 
220 229 230 236 248 251 278 299 302 307 334 342 
353 360 363 373 378 395 
51
20 32 37 46 89 91 93 100 102 110 123 127 
132 136 149 153 158 165 170 178 183 186 192 209 
221 225 255 257 262 264 266 267 282 286 303 305 
316 320 328 329 330 332 334 340 347 350 360 369 
380 393 400 
42
1 11 23 39 46 52 55 68 69 72 79 83 
98 112 117 129 140 141 144 163 169 179 184 197 
216 221 232 269 276 278 297 301 307 317 330 332 
334 340 347 348 364 378 
51
9 11 34 42 55 60 65 70 73 77 78 79 
103 104 111 141 142 144 145 148 150 168 177 179 
181 183 186 193 202 205 213 235 242 252 253 288 
293 312 323 330 332 334 348 364 372 375 378 385 
386 392 394 
32
9 15 17 44 45 56 91 101 140 158 191 203 
206 213 214 220 239 241 246 256 266 279 284 286 
290 292 300 314 331 333 381 392 
38
19 22 58 64 65 69 75 76 79 80 83 86 
95 99 127 173 177 181 186 191 193 199 203 217 
219 231 234 271 294 308 315 323 341 346 358 365 
376 397 
30
9 10 13 32 56 92 111 115 143 158 165 167 
169 171 180 192 194 245 290 304 307 311 331 338 
342 349 354 364 388 395 
39
19 32 46 64 65 85 89 119 131 135 137 142 
146 147 151 160 162 163 168 172 178 187 188 191 
205 225 233 235 245 252 255 279 286 292 337 366 
378 385 400 
41
4 10 26 39 67 70 75 85 99 123 132 135 
144 147 148 154 158 168 180 199 203 204 206 211 
234 235 241 262 280 281 282 294 297 330 331 332 
344 352 361 381 399 
38
8 10 57 63 72 96 138 151 152 155 178 183 
186 194 197 208 218 221 224 234 238 240 267 307 
318 333 334 336 358 361 370 375 386 387 388 393 
394 399 
40
14 25 29 34 64 70 72 74 84 110 119 122 
126 134 138 156 182 185 192 199 201 206 219 220 
237 238 240 254 270 293 314 323 324 328 348 358 
371 375 388 394 
42
9 41 42 48 53 61 74 79 100 113 123 129 
130 134 143 157 163 165 178 189 193 196 213 221 
250 255 258 267 269 279 287 312 313 331 336 345 
354 356 366 381 384 397 
41
3 5 19 26 33 34 36 64 66 74 106 134 
145 152 154 155 183 200 216 217 228 229 232 233 
234 242 262 264 276 280 286 294 296 319 321 330 
342 359 360 368 391 
40
11 21 23 27 37 40 70 76 82 98 101 110 
114 117 119 149 154 157 163 172 179 198 199 203 
204 205 207 214 223 228 231 236 245 246 287 305 
318 333 351 376 
38
2 29 42 52 61 97 101 105 110 154 160 161 
164 165 174 175 182 193 198 202 212 244 248 269 
278 283 284 307 320 325 343 347 369 371 377 378 
381 399 
58
9 10 15 29 32 41 51 53 55 66 68 72 
78 80 86 96 118 128 145 146 152 153 159 166 
181 185 190 191 197 198 203 212 213 214 221 231 
251 253 264 265 270 276 291 299 318 323 331 335 
343 352 364 365 369 375 378 379 388 394 
46
13 14 16 31 39 55 72 73 83 84 109 113 
114 122 124 125 137 141 144 150 151 165 183 209 
215 231 252 256 264 283 287 288 290 292 293 321 
329 340 354 361 363 365 381 388 395 400 
51
3 23 26 28 30 31 49 52 57 58 67 83 
97 105 109 132 152 156 162 172 175 187 190 192 
196 218 219 221 226 229 238 249 251 252 257 261 
275 277 278 300 301 305 309 332 346 352 362 369 
373 384 388 
44
4 5 38 41 48 50 74 80 85 86 99 131 
157 182 193 197 215 224 225 230 241 242 269 285 
286 300 303 307 310 312 315 318 324 327 336 347 
361 363 365 374 375 383 388 400 
52
11 12 23 38 52 54 79 80 89 103 108 113 
130 137 141 148 149 153 155 158 172 183 185 186 
187 192 199 207 212 230 232 235 236 248 250 272 
274 278 280 290 292 302 303 312 326 342 353 360 
372 387 392 398 
36
5 10 20 30 31 74 86 87 103 112 114 123 
132 154 160 165 167 168 176 185 196 205 215 223 
224 250 260 285 300 318 337 375 376 390 394 399 
32
13 21 46 47 66 74 98 108 110 115 128 157 
158 163 177 198 199 213 226 233 245 246 249 259 
276 277 278 293 317 344 376 389 
55
11 12 14 24 26 32 43 59 64 68 107 108 
109 118 122 130 134 138 142 152 153 166 172 183 
186 199 214 219 225 227 228 235 241 263 274 284 
285 292 295 296 297 299 312 315 341 347 356 357 
362 366 367 377 382 383 394 
46
10 25 48 61 64 65 76 92 100 117 119 125 
126 129 132 144 148 157 158 159 160 173 179 190 
198 210 222 237 238 246 249 261 269 271 308 314 
330 339 342 370 371 372 379 386 389 398 
42
4 13 19 23 39 54 57 67 80 95 99 112 
114 137 141 142 144 160 183 186 190 191 196 197 
201 211 221 241 251 255 257 280 282 292 316 319 
338 339 342 348 360 364 
27
4 20 38 43 44 74 84 105 111 127 174 179 
181 193 195 206 212 221 234 241 291 296 313 315 
334 353 388 
29
8 14 24 33 34 43 47 49 67 73 112 136 
139 148 158 168 194 197 249 251 261 274 302 312 
362 372 374 381 391 
45
4 15 16 36 38 54 58 59 60 95 99 106 
109 110 116 120 122 129 137 144 153 155 161 179 
189 202 214 222 237 241 248 254 258 271 276 286 
303 332 334 338 351 358 383 397 399 
49
4 8 15 37 45 55 67 72 79 83 90 94 
97 143 150 151 166 168 170 173 177 185 195 215 
216 218 227 237 246 249 255 261 262 266 306 311 
314 317 325 339 341 350 359 360 365 376 392 395 
399 
52
8 10 11 19 25 35 36 40 58 76 94 103 
110 123 141 142 145 163 169 173 176 177 186 190 
192 201 215 232 244 260 261 266 286 296 299 300 
303 310 329 332 334 338 347 353 355 356 364 374 
389 391 394 396 
37
2 3 6 18 31 49 59 72 73 90 93 107 
119 130 145 153 215 220 223 231 236 245 252 254 
273 274 292 310 321 327 328 340 365 367 369 383 
399 
43
10 18 24 27 28 36 37 42 52 58 66 70 
87 92 130 141 144 146 156 163 168 172 180 181 
207 221 230 236 245 249 260 268 277 288 296 306 
323 341 360 364 380 386 396 
39
3 28 35 44 64 70 82 96 106 119 121 129 
145 151 168 175 176 178 181 204 211 228 237 244 
245 257 277 279 284 285 293 313 315 335 339 368 
370 378 381 
43
5 20 51 56 77 81 87 95 97 100 106 117 
119 130 132 153 157 162 171 174 188 193 205 217 
220 230 231 234 235 236 258 278 284 292 301 324 
333 361 368 377 385 387 398 
48
24 25 34 48 69 72 73 76 79 83 95 100 
101 125 127 128 132 151 165 171 184 209 216 219 
220 233 236 238 240 246 248 262 269 278 288 305 
306 309 311 330 335 344 346 352 365 373 382 397 
39
8 9 10 12 14 16 25 42 67 68 84 86 
94 104 118 147 148 179 187 188 193 194 196 215 
219 220 224 237 240 245 261 264 277 280 288 319 
320 352 392 
45
4 10 17 20 36 37 43 81 90 91 95 97 
108 117 118 123 135 140 147 167 174 178 182 195 
215 219 238 246 247 280 281 284 288 313 318 321 
328 356 364 368 375 376 380 381 389 
41
8 9 18 27 44 54 63 68 69 70 74 80 
81 83 90 96 100 115 148 152 205 209 211 223 
236 238 240 245 253 255 260 287 288 303 311 321 
327 350 354 370 400 
49
2 5 6 11 17 32 53 59 71 76 88 90 
105 115 118 135 138 147 164 169 170 180 185 196 
220 225 230 233 243 247 262 275 277 282 283 294 
303 312 314 317 321 326 328 332 333 343 346 355 
362 
35
2 13 19 29 31 45 54 77 87 136 138 139 
141 154 160 178 196 222 229 237 249 258 265 273 
276 288 292 311 325 337 338 343 351 378 383 
46
1 13 19 23 46 47 48 59 78 83 104 110 
126 134 141 145 147 153 164 175 177 198 201 211 
230 242 249 256 259 269 272 283 293 305 309 314 
316 319 333 345 346 347 354 358 374 388 
43
2 6 14 15 21 55 57 60 87 95 96 114 
124 125 126 140 144 153 154 186 193 195 203 207 
213 221 236 251 262 264 281 306 314 329 333 337 
344 345 346 349 366 389 391 
39
28 42 45 46 55 68 75 76 79 105 137 141 
144 151 160 171 176 196 199 204 205 232 234 240 
254 266 268 270 285 292 302 306 321 344 350 374 
385 388 396 
48
4 12 33 34 59 85 88 91 108 125 141 147 
150 152 164 170 179 180 186 187 189 203 205 224 
231 241 244 248 249 259 262 263 264 281 290 295 
297 302 323 328 332 334 360 363 366 377 397 398 
37
2 6 7 9 32 33 50 58 62 84 87 92 
93 137 150 156 159 174 200 201 216 227 233 242 
251 257 262 277 285 321 329 334 351 356 368 374 
400 
37
18 30 31 38 46 47 50 70 91 93 115 140 
150 154 159 194 197 205 237 250 257 260 265 294 
299 310 314 318 325 326 327 332 355 357 386 390 
395 
39
26 50 61 68 69 76 99 108 118 119 121 123 
126 127 134 135 142 165 171 175 183 220 221 233 
244 246 253 263 272 302 312 324 325 345 356 364 
375 379 391 
41
5 6 12 17 21 27 32 34 44 49 54 57 
71 114 122 125 130 152 167 170 176 190 191 196 
206 208 215 237 251 260 266 285 299 316 323 338 
346 370 380 388 398 
38
22 28 35 36 45 51 69 73 86 99 117 134 
140 146 147 151 154 157 164 170 175 198 200 220 
232 240 246 255 270 281 310 340 349 353 366 369 
383 385 
29
1 17 18 20 30 51 55 107 117 126 148 158 
172 173 179 183 197 203 238 240 259 283 295 317 
325 327 330 341 343 
54
1 2 4 6 9 11 26 46 65 77 79 93 
95 111 120 124 141 145 158 164 170 179 182 196 
206 212 218 220 223 227 232 239 247 250 252 259 
267 270 275 280 295 301 310 324 332 344 348 352 
353 364 366 377 387 397 
36
2 4 13 27 34 49 68 79 115 116 118 121 
132 155 156 170 177 182 183 218 219 226 233 235 
244 260 282 285 289 306 313 319 362 368 371 381 
37
2 5 8 16 17 18 28 52 90 103 125 128 
131 132 138 163 168 184 192 210 225 229 253 260 
266 281 282 311 344 345 351 355 356 376 389 390 
399 
38
2 8 13 24 47 55 71 76 101 104 116 120 
121 127 167 176 184 185 199 216 218 220 230 259 
278 306 311 312 318 328 337 338 357 358 362 370 
386 390 
36
6 14 32 33 43 119 135 139 143 147 152 158 
173 181 188 205 213 223 239 243 277 288 296 305 
315 321 323 344 345 347 352 353 384 396 399 400 
33
31 54 69 76 88 93 103 117 123 138 153 173 
192 195 207 208 214 238 244 249 250 257 283 284 
288 293 303 323 326 337 367 382 391 
43
5 6 7 44 54 63 75 82 91 93 100 122 
128 139 159 172 181 184 188 200 203 211 230 231 
235 241 248 252 255 283 302 312 325 337 350 357 
358 365 376 378 380 394 397 
39
30 42 66 85 91 107 112 120 124 130 135 138 
144 151 155 165 168 170 174 178 181 186 188 205 
222 235 252 276 288 293 304 318 319 328 342 346 
351 363 391 
38
17 20 28 32 40 56 64 68 72 92 93 130 
134 150 165 168 183 185 193 195 197 203 219 234 
254 281 296 319 333 342 348 350 360 363 375 382 
393 395 
48
16 17 20 21 22 29 37 47 52 56 69 76 
85 91 95 100 112 114 123 140 141 155 159 161 
195 196 225 232 244 252 269 271 272 277 279 301 
309 316 328 337 347 360 361 365 369 377 378 387 
37
13 20 29 37 51 53 57 81 93 114 123 130 
137 141 151 154 168 170 183 206 212 214 217 247 
255 265 293 300 310 316 319 332 344 345 347 351 
390 
36
18 37 38 50 60 62 95 98 113 119 124 131 
137 138 168 185 189 190 193 214 217 226 236 239 
254 257 259 261 262 286 289 304 318 350 369 375 
33
1 10 28 37 68 82 85 92 96 145 148 156 
182 186 219 224 261 270 271 273 276 280 282 330 
333 335 349 357 363 365 385 392 400 
42
3 44 59 64 66 69 78 97 101 105 106 114 
118 125 126 138 175 187 188 196 206 215 239 241 
244 263 265 267 273 278 284 286 290 298 311 312 
344 347 370 376 391 400 
38
25 39 57 59 72 77 90 96 110 135 136 138 
143 151 165 174 185 211 213 236 257 264 271 273 
275 276 291 295 297 303 307 322 336 343 344 345 
380 390 
33
4 6 15 28 32 49 57 103 112 153 173 175 
176 186 192 205 213 232 234 235 236 238 240 249 
254 294 332 356 357 367 371 379 383 
41
6 13 26 31 33 37 41 57 60 66 73 101 
129 163 168 191 193 198 199 203 213 225 233 242 
251 258 266 269 274 304 316 318 324 326 330 332 
350 376 380 382 386 
41
3 12 13 30 37 40 54 56 91 105 110 114 
116 130 151 154 160 181 189 221 224 247 252 258 
259 274 277 290 292 316 322 333 342 352 373 381 
386 387 390 394 400 
44
4 16 23 38 43 58 61 64 96 103 107 116 
136 137 152 169 184 188 189 202 207 226 233 237 
239 245 246 250 253 271 285 286 303 315 328 343 
345 351 357 358 373 383 385 397 
38
8 11 27 45 49 53 103 108 112 115 156 158 
171 199 202 212 215 224 228 229 232 236 238 241 
246 248 266 279 301 315 319 325 331 337 388 390 
391 399 
46
13 19 46 51 55 65 104 107 109 113 123 127 
129 141 145 146 161 176 177 186 191 205 211 212 
213 223 225 226 239 240 247 262 263 272 277 284 
291 292 304 305 306 320 351 364 391 392 
39
22 26 39 52 57 91 119 123 127 148 159 163 
178 190 195 209 221 223 229 232 252 256 260 262 
270 276 279 295 327 329 335 360 364 376 381 382 
388 394 395 
43
5 7 10 54 62 72 94 100 109 121 124 132 
139 144 151 166 173 187 190 192 201 215 223 233 
237 241 244 285 297 300 306 313 314 323 325 339 
344 361 363 366 379 392 396 
43
13 28 34 55 57 60 62 68 71 88 104 109 
115 123 127 129 136 156 167 174 177 185 191 202 
223 239 244 253 257 261 264 265 286 290 292 316 
318 334 356 364 365 383 395 
46
5 46 75 77 78 83 84 86 105 107 135 147 
150 156 161 163 183 190 197 204 210 217 235 239 
243 250 263 282 290 291 294 298 303 316 325 328 
332 336 342 350 351 355 374 378 389 398 
48
3 8 21 22 24 54 71 85 92 98 104 106 
121 126 143 154 166 169 177 195 213 214 219 230 
231 234 235 246 249 264 282 290 303 307 309 312 
328 332 357 359 363 366 374 379 381 382 388 399 
40
11 39 51 53 60 62 73 82 87 88 99 111 
112 116 117 124 141 145 176 184 189 215 217 221 
236 238 244 248 259 277 290 291 312 325 343 353 
362 366 388 392 
32
1 14 59 65 75 96 119 121 123 136 149 155 
185 190 199 204 215 216 226 232 237 243 286 289 
304 316 323 346 363 367 369 395 
45
7 33 35 41 45 49 55 70 74 82 89 91 
102 116 119 126 151 170 174 206 212 226 228 230 
233 244 245 247 265 266 269 270 274 282 294 295 
296 299 301 305 320 349 359 373 396 
52
49 53 57 59 60 74 79 80 89 100 119 124 
127 135 136 141 144 161 171 178 180 184 189 190 
197 198 201 209 210 229 238 253 277 292 300 309 
317 322 324 332 333 335 338 339 341 342 344 353 
381 385 391 395 
46
7 18 26 27 42 54 60 61 87 95 100 109 
110 119 126 135 145 149 153 164 174 202 208 215 
220 250 253 268 277 293 301 307 310 312 322 331 
341 342 345 349 352 360 361 374 378 379 
46
13 16 23 25 29 33 34 35 43 59 67 68 
72 82 93 100 117 147 151 154 172 173 174 194 
199 202 215 234 237 250 254 260 263 266 289 308 
313 317 326 328 345 355 360 363 375 399 
42
16 44 53 55 64 69 70 99 105 108 136 157 
158 183 184 186 188 189 191 194 197 199 212 216 
218 224 258 262 264 268 313 315 322 323 326 328 
334 348 351 357 370 400 
45
3 5 12 24 28 37 42 47 58 60 63 69 
100 105 109 122 126 129 141 142 143 145 149 151 
175 179 200 207 255 257 260 271 281 287 302 309 
336 352 356 359 362 367 375 387 391 
34
9 33 44 49 54 67 70 72 73 77 86 89 
92 107 109 115 123 133 135 149 202 205 208 231 
243 259 285 307 312 318 349 361 364 385 
37
5 10 11 18 35 42 46 55 58 102 116 139 
156 159 189 191 194 220 223 224 251 253 282 298 
300 301 303 305 319 349 352 359 360 370 375 383 
399 
40
5 10 18 21 23 47 51 67 76 92 99 117 
158 173 193 204 215 216 218 227 237 241 251 267 
274 279 281 283 290 294 304 322 335 343 370 373 
384 386 392 395 
35
25 27 32 36 45 61 80 84 94 105 119 130 
143 145 168 173 193 197 200 211 215 224 226 236 
239 251 255 289 315 330 335 367 368 388 389 
50
6 11 31 43 50 53 60 63 65 85 97 118 
119 132 135 137 145 146 154 162 166 170 173 190 
191 212 215 218 238 239 241 260 262 270 295 300 
307 314 315 318 323 329 357 358 363 367 372 373 
384 395 
41
22 26 27 30 43 58 65 96 98 102 148 149 
154 155 159 161 168 169 171 184 190 214 218 225 
245 261 269 276 278 285 290 294 296 298 310 321 
337 347 366 371 380 
40
8 16 19 33 35 44 56 68 71 79 97 99 
104 106 117 121 135 143 149 153 165 178 183 198 
234 242 244 256 261 267 279 280 303 320 324 340 
363 367 379 381 
32
1 14 31 37 47 51 57 66 72 81 92 107 
110 124 125 146 157 180 185 216 264 265 280 299 
305 314 327 332 336 361 374 377 
38
7 8 18 28 29 40 51 58 67 69 91 111 
119 140 142 155 169 194 202 204 238 250 268 283 
286 287 306 313 321 322 327 355 370 372 374 384 
392 395 
33
24 37 46 47 71 72 92 97 108 144 152 166 
182 183 193 199 207 215 222 235 265 280 311 320 
345 348 349 360 369 371 375 380 383 
38
1 2 6 14 32 35 38 39 70 96 112 134 
144 145 154 156 175 190 199 203 204 232 239 255 
256 270 271 286 298 306 319 325 337 356 359 362 
365 373 
32
4 22 32 57 61 62 73 90 100 112 120 125 
138 149 179 189 197 206 219 231 246 249 256 262 
266 295 307 323 326 333 369 375 
47
5 6 31 35 39 44 49 62 86 124 136 144 
152 172 174 175 177 186 197 201 225 233 235 238 
240 247 262 277 279 281 284 290 295 303 306 309 
315 326 328 333 340 341 359 367 390 397 399 
38
35 49 63 69 87 96 99 101 113 123 124 137 
138 154 157 169 186 200 216 229 230 240 247 254 
259 265 286 317 325 334 340 341 364 373 378 384 
392 396 
32
12 21 23 24 26 31 33 91 95 106 127 128 
144 147 162 173 175 179 195 201 202 204 207 257 
259 265 289 308 328 330 345 361 
29
1 20 21 24 29 31 33 45 59 85 102 142 
160 161 175 249 255 264 270 291 301 303 305 315 
347 359 361 391 394 
48
12 13 31 54 58 62 87 95 129 130 135 140 
144 154 158 168 184 185 189 193 219 220 235 236 
237 246 247 251 252 253 261 264 266 275 276 284 
286 292 294 302 318 328 333 336 356 364 368 399 
40
3 11 48 54 89 90 91 93 96 105 118 121 
122 123 127 138 142 149 181 194 203 231 236 248 
271 280 293 298 301 311 316 319 328 340 344 357 
377 381 384 388 
33
9 29 55 66 78 102 111 159 171 184 201 204 
220 221 242 252 253 255 262 264 271 272 275 279 
282 293 313 358 368 388 390 394 399 
40
2 6 16 22 25 38 65 96 105 114 116 129 
133 142 165 167 170 218 220 225 228 263 277 293 
298 299 312 321 325 326 337 341 345 350 355 362 
366 376 383 391 
39
26 31 32 66 111 115 118 119 124 133 141 169 
170 175 183 188 192 196 203 204 207 210 226 229 
242 258 264 272 281 283 303 306 307 313 322 329 
343 372 375 
42
8 24 29 33 48 60 64 79 86 112 114 127 
130 131 150 155 158 170 175 183 184 205 211 225 
245 247 273 283 286 289 304 310 320 323 327 329 
342 347 379 391 396 399 
37
1 19 49 53 60 73 82 93 101 128 132 149 
160 178 182 195 202 207 235 237 277 289 294 303 
307 313 315 328 331 349 374 381 385 387 389 393 
396 
45
3 47 52 66 69 75 87 90 104 105 119 126 
143 155 170 176 181 192 193 213 222 229 233 234 
238 244 260 263 281 283 285 301 308 340 346 348 
351 371 372 375 388 395 396 397 399 
43
12 23 31 32 46 51 56 62 65 70 72 77 
93 97 102 105 106 116 129 136 170 171 180 181 
200 205 209 211 215 219 238 243 263 299 309 342 
346 349 352 359 383 398 400 
