200 200
1 1 1 1 1 1 1 1 1 1 1 1 
1 1 1 1 1 1 1 1 1 1 1 1 
1 1 1 1 1 1 1 1 1 1 1 1 
1 1 1 1 1 1 1 1 1 1 1 1 
1 1 1 1 1 1 1 1 1 1 1 1 
1 1 1 1 1 1 1 1 1 1 1 1 
1 1 1 1 1 1 1 1 1 1 1 1 
1 1 1 1 1 1 1 1 1 1 1 1 
1 1 1 1 1 1 1 1 1 1 1 1 
1 1 1 1 1 1 1 1 1 1 1 1 
1 1 1 1 1 1 1 1 1 1 1 1 
1 1 1 1 1 1 1 1 1 1 1 1 
1 1 1 1 1 1 1 1 1 1 1 1 
1 1 1 1 1 1 1 1 1 1 1 1 
1 1 1 1 1 1 1 1 1 1 1 1 
1 1 1 1 1 1 1 1 1 1 1 1 
1 1 1 1 1 1 1 1 
17
7 13 34 35 39 45 79 84 95 101 115 122 
172 184 192 199 200 
23
7 32 36 46 47 53 54 55 62 63 72 79 
81 96 105 117 122 158 162 175 177 178 181 
16
1 5 9 11 15 56 59 64 98 133 152 176 
178 181 186 197 
21
2 4 12 29 34 44 58 61 75 92 101 128 
135 140 152 175 179 180 182 186 198 
28
8 10 18 24 26 31 36 43 44 47 55 63 
72 73 74 92 110 115 117 120 128 135 136 141 
151 177 187 195 
35
2 15 18 34 47 50 51 66 69 72 74 84 
87 91 98 107 108 113 120 124 125 139 141 151 
152 157 163 167 169 171 172 175 178 186 192 
16
5 19 24 38 52 61 64 92 128 133 144 155 
163 165 166 170 
20
11 25 28 39 42 46 55 57 68 75 83 105 
110 114 128 133 162 166 174 189 
17
1 3 20 21 32 55 57 58 69 73 81 152 
162 168 171 199 200 
14
2 11 28 62 97 106 110 135 162 169 172 177 
181 189 
23
11 24 40 43 45 59 64 75 83 87 89 90 
98 106 110 120 133 156 157 172 187 196 200 
19
1 6 8 22 30 44 51 68 115 116 119 120 
137 144 150 158 184 185 191 
13
30 55 57 80 89 116 126 128 161 170 181 182 
193 
15
33 40 53 57 103 113 133 144 147 149 159 162 
170 179 182 
17
4 18 29 35 45 59 61 76 83 85 93 95 
122 124 132 190 198 
18
4 7 26 29 30 41 46 47 48 67 84 90 
97 169 177 182 190 198 
13
42 59 76 104 109 119 124 125 143 146 169 177 
191 
22
2 6 10 25 27 31 36 42 47 49 53 76 
90 92 106 112 119 126 142 143 146 190 
16
6 13 20 39 61 94 112 118 124 130 136 158 
167 175 181 190 
15
5 20 25 36 54 67 123 124 125 135 156 163 
166 167 183 
24
13 19 21 28 30 32 52 58 71 76 101 114 
122 129 139 149 150 156 165 173 185 187 196 199 
24
14 21 45 50 56 57 58 64 76 78 86 99 
104 108 122 128 137 153 160 175 183 188 195 198 
22
15 23 27 28 44 70 96 101 105 109 111 112 
115 118 158 164 169 183 191 194 197 198 
17
5 41 59 77 79 80 82 109 123 127 128 129 
140 149 151 158 184 
22
13 23 29 30 35 48 64 71 81 85 86 87 
101 108 134 142 143 144 145 156 169 188 
16
4 26 37 51 52 57 58 65 74 101 108 146 
166 173 175 179 
17
12 27 36 37 39 53 65 77 84 90 101 112 
152 168 169 192 198 
25
4 13 14 21 23 27 30 32 39 42 45 50 
55 105 110 113 128 149 150 159 173 177 189 192 
200 
22
6 16 63 66 79 82 97 109 111 113 114 128 
134 149 153 158 163 169 173 180 190 199 
22
2 12 24 27 29 33 47 49 51 76 98 118 
128 130 140 145 155 159 180 195 199 200 
20
29 33 54 55 57 64 83 93 99 105 111 122 
128 130 155 167 174 190 194 197 
16
21 27 30 40 42 46 54 64 85 99 106 109 
110 123 154 159 
19
20 39 44 45 47 55 64 73 80 100 111 118 
124 134 136 161 169 170 183 
23
17 41 53 54 66 69 81 84 100 105 120 121 
123 128 130 137 140 164 169 173 176 193 196 
23
1 2 11 16 40 49 54 55 79 86 89 95 
101 113 121 140 146 151 159 163 184 194 198 
19
10 43 53 63 65 86 108 117 131 132 135 136 
137 143 153 159 172 176 186 
19
2 14 22 26 27 38 40 98 109 110 113 130 
144 164 166 174 179 194 200 
15
8 37 38 44 49 50 54 61 101 119 120 128 
160 168 183 
16
16 22 23 32 33 34 111 113 123 128 131 149 
168 171 173 183 
23
2 19 25 29 41 54 65 74 92 111 113 116 
117 130 131 133 142 160 164 176 187 190 198 
23
2 12 18 24 28 40 44 47 48 50 55 65 
79 83 88 94 114 119 130 137 162 187 189 
19
5 8 25 47 50 59 60 80 91 101 127 133 
135 142 158 185 187 189 195 
22
4 10 18 25 36 38 40 51 58 97 108 111 
115 116 118 129 134 144 170 174 176 195 
19
9 38 42 44 45 55 65 66 82 94 104 113 
123 132 134 137 185 190 194 
18
16 18 41 47 67 111 118 134 135 146 158 160 
171 179 180 193 195 196 
24
11 18 35 55 60 61 70 72 89 91 95 96 
110 124 146 157 162 163 166 174 179 188 194 197 
21
7 16 17 31 39 53 62 82 89 104 107 111 
116 117 134 135 139 149 193 197 200 
19
16 25 30 45 59 67 86 104 110 112 115 122 
135 161 172 173 175 185 192 
14
3 8 21 38 53 54 69 84 95 110 118 134 
171 172 
22
4 6 13 19 45 58 67 89 96 100 105 118 
126 146 157 167 169 177 180 185 186 190 
22
11 18 22 23 28 43 55 74 79 83 108 111 
116 159 164 167 168 169 171 174 180 192 
20
8 17 39 43 50 56 61 68 76 89 104 119 
129 132 139 143 145 153 164 176 
23
1 6 12 14 23 40 48 52 57 68 109 126 
127 128 137 146 154 155 173 180 183 185 194 
20
1 3 6 7 11 13 15 17 23 26 27 32 
92 96 117 121 124 146 180 183 
17
11 21 24 26 48 54 59 71 87 91 95 96 
150 175 187 192 193 
19
15 33 43 44 46 49 51 52 54 56 82 90 
123 144 163 168 175 177 187 
17
20 24 25 36 39 59 73 97 107 124 139 145 
159 165 174 190 193 
22
3 26 33 36 46 57 62 75 76 101 104 114 
120 128 146 154 173 178 182 195 196 200 
14
4 18 20 38 59 72 82 84 86 91 111 145 
162 167 
10
10 11 15 49 124 141 154 159 175 193 
21
10 26 32 45 47 55 70 71 87 91 94 95 
100 106 116 129 134 176 190 191 195 
24
10 18 22 41 44 45 47 52 60 65 66 68 
75 87 89 91 104 129 139 143 168 190 194 195 
20
18 34 37 67 71 91 101 110 119 120 128 129 
131 143 163 165 181 185 189 197 
17
9 14 24 70 72 75 87 92 99 122 124 127 
144 152 163 173 185 
22
5 25 45 47 51 60 72 77 101 110 116 122 
129 133 139 140 145 161 171 177 197 200 
26
18 42 58 61 71 75 76 79 82 84 91 93 
95 100 101 109 124 131 135 139 151 155 156 173 
188 189 
20
4 5 25 27 40 49 54 69 74 80 88 107 
113 138 151 158 163 170 172 187 
21
3 5 8 12 33 51 80 95 104 111 118 122 
123 136 150 153 156 159 183 185 188 
25
4 10 11 16 17 26 36 43 46 59 60 64 
71 79 81 91 124 126 140 144 148 154 186 192 
194 
16
7 24 34 48 63 72 99 112 127 131 132 141 
145 177 193 200 
12
6 16 17 35 104 106 107 121 146 147 170 199 
19
3 6 46 64 67 68 69 90 92 97 99 108 
118 120 141 149 150 153 181 
15
11 16 34 42 43 56 74 86 94 97 140 148 
155 182 193 
20
5 6 26 31 32 52 66 67 77 80 89 103 
122 131 155 171 182 190 193 196 
19
7 21 24 27 36 55 56 60 68 82 87 134 
147 152 170 174 184 188 191 
14
2 16 21 45 50 88 103 109 121 128 143 149 
168 176 
20
6 14 34 46 63 69 84 85 95 103 121 126 
139 151 160 172 183 184 187 199 
27
5 15 16 18 21 27 48 56 61 71 77 87 
98 100 102 111 112 118 122 123 127 134 150 161 
168 174 176 
15
7 13 34 37 58 72 77 81 114 131 140 144 
180 183 198 
23
9 17 25 29 33 36 44 71 77 80 81 102 
105 109 112 121 122 125 128 130 158 160 170 
19
7 35 40 41 56 75 96 99 102 115 127 134 
135 138 139 145 164 182 194 
15
6 11 27 42 52 65 69 96 111 124 154 174 
178 181 194 
19
11 16 34 35 40 60 82 90 102 104 119 124 
138 140 142 164 171 184 190 
25
4 9 29 30 37 47 52 59 71 77 78 87 
88 106 112 121 122 127 133 138 153 158 160 186 
191 
22
17 25 45 52 54 58 61 77 109 114 132 136 
139 150 151 156 159 166 173 183 186 199 
27
6 12 13 20 21 22 30 35 37 53 62 101 
109 111 113 120 126 137 140 142 151 158 163 170 
179 187 190 
24
3 8 9 17 18 28 30 33 44 51 52 79 
86 90 100 101 111 112 124 126 133 147 149 160 
30
2 13 28 36 45 47 49 56 61 69 71 72 
73 78 95 99 122 125 136 137 141 149 150 161 
166 170 172 173 180 193 
21
1 17 34 44 47 75 86 87 96 107 108 113 
125 126 128 130 143 161 174 189 199 
18
5 6 10 13 22 48 52 73 87 107 122 148 
159 162 171 185 187 200 
18
8 10 17 77 103 116 121 160 165 166 167 168 
169 177 180 188 193 198 
20
11 13 27 33 45 51 59 65 67 68 70 71 
107 117 131 144 151 168 178 180 
20
24 31 32 64 66 69 75 76 87 89 94 102 
106 107 112 116 126 143 164 178 
15
1 2 14 22 78 83 85 87 89 136 172 175 
196 198 200 
24
5 6 16 18 36 37 52 56 57 68 74 75 
85 89 90 106 110 114 127 167 170 179 189 198 
22
12 15 20 23 38 49 52 60 64 96 97 132 
141 145 153 157 169 181 187 189 193 196 
18
12 13 25 38 59 70 76 79 82 83 90 92 
109 132 138 141 162 173 
22
7 17 38 55 60 64 66 68 73 75 78 92 
119 136 138 141 145 152 167 180 185 191 
11
15 75 80 84 95 102 123 127 143 155 173 
23
4 6 9 18 35 45 64 70 73 74 75 82 
99 102 120 125 139 155 160 168 172 185 188 
17
17 20 22 36 38 43 49 52 56 57 62 86 
103 107 172 177 198 
23
5 8 10 16 23 29 31 39 41 55 63 78 
136 139 143 147 148 166 168 177 183 187 197 
20
18 23 33 44 58 65 94 104 112 115 120 132 
135 138 143 162 169 170 185 197 
15
8 12 22 30 33 35 37 48 71 90 100 122 
140 154 180 
18
10 15 24 37 39 58 59 71 74 77 87 91 
92 113 118 122 136 189 
19
11 14 28 81 88 95 96 99 102 120 122 143 
148 158 159 174 176 179 181 
18
9 10 19 25 41 45 61 69 77 85 97 106 
113 122 149 158 177 193 
17
25 28 87 91 95 101 106 114 138 141 144 159 
162 165 181 185 186 
17
23 34 55 58 62 67 82 83 99 102 105 130 
137 163 173 178 179 
26
9 22 23 31 38 39 42 45 49 53 71 73 
106 115 116 118 120 127 131 133 135 150 160 170 
182 185 
19
13 23 30 48 57 60 82 105 114 117 132 135 
136 137 148 159 166 178 188 
19
11 22 34 51 52 57 76 95 97 109 132 161 
167 168 172 180 190 192 194 
19
18 30 34 41 44 53 56 57 78 82 89 91 
116 123 129 156 177 194 199 
26
5 11 14 16 25 33 34 36 59 65 77 82 
84 85 100 104 105 111 127 160 165 166 167 178 
184 188 
19
40 41 44 75 96 105 114 116 118 126 127 134 
148 156 161 170 178 181 197 
23
4 32 34 37 39 41 42 53 78 82 83 101 
103 111 116 125 130 136 147 152 158 192 193 
20
5 8 27 32 34 42 48 50 60 69 89 92 
99 111 123 128 162 166 167 198 
19
5 20 27 31 32 46 69 75 84 92 102 104 
125 138 152 184 186 190 198 
19
6 10 12 16 20 42 50 51 64 71 75 83 
129 131 146 161 176 184 188 
23
3 19 20 30 32 51 54 58 78 82 84 110 
118 126 129 149 150 155 177 179 187 190 192 
20
3 13 20 26 45 58 64 66 69 90 112 115 
121 131 145 152 153 180 195 198 
30
3 4 12 18 23 29 30 49 58 67 81 82 
90 98 100 105 110 114 122 125 140 146 150 157 
165 170 172 173 187 190 
23
5 13 14 15 20 30 37 38 40 42 64 78 
80 89 93 100 104 111 144 154 161 183 195 
21
2 5 9 11 34 51 54 59 100 105 106 107 
113 114 123 156 165 166 169 193 195 
21
7 12 37 39 44 46 47 52 87 91 119 139 
141 149 154 159 175 183 188 194 195 
13
104 105 112 118 135 146 155 156 161 167 176 195 
200 
18
14 30 42 48 49 54 55 58 61 73 88 96 
131 146 149 150 157 182 
21
4 27 37 45 63 67 76 83 85 87 97 103 
126 135 146 153 169 188 189 199 200 
26
2 7 29 31 34 48 62 64 68 72 81 87 
95 111 123 128 129 135 141 151 165 170 183 185 
187 195 
18
2 3 21 37 41 75 77 95 98 110 118 122 
156 157 162 171 172 186 
19
11 12 17 40 42 50 53 54 64 69 72 124 
126 134 139 164 170 174 184 
17
8 9 12 20 33 37 47 50 58 59 80 130 
133 136 137 169 193 
24
8 9 15 19 26 27 34 39 41 43 50 60 
65 74 79 88 112 130 136 144 171 173 177 192 
24
16 42 44 52 60 63 71 72 77 88 93 109 
111 117 121 143 150 166 167 168 172 179 196 199 
22
6 21 25 38 54 63 76 81 87 102 109 116 
117 122 134 135 137 146 148 150 172 173 
11
41 50 51 52 59 87 93 106 164 195 196 
29
3 16 22 23 24 36 37 45 58 65 74 85 
91 92 99 102 105 110 127 137 138 144 145 154 
160 173 177 188 196 
19
10 32 51 59 74 104 105 108 117 144 153 169 
171 177 184 185 191 198 200 
19
1 11 12 16 33 38 45 51 69 73 94 105 
119 144 147 176 182 187 194 
17
5 7 20 37 58 67 69 76 125 137 143 153 
163 165 174 181 189 
19
2 11 25 27 46 60 61 63 65 69 76 86 
89 90 112 127 153 157 160 
19
12 14 20 22 37 47 50 59 68 72 99 107 
108 115 126 145 150 170 195 
21
3 24 45 47 50 54 60 61 89 90 104 116 
121 122 161 162 167 173 175 178 180 
17
12 22 49 69 79 84 101 111 134 141 147 171 
177 183 187 193 200 
15
7 18 37 42 43 54 109 122 126 138 152 170 
193 197 199 
15
20 21 55 56 62 110 120 134 147 153 155 162 
171 176 177 
16
16 17 35 53 56 67 78 96 97 113 149 150 
153 166 185 200 
25
8 11 12 16 25 43 49 53 58 66 70 89 
90 105 111 117 137 158 165 168 169 173 181 196 
197 
16
26 28 32 96 101 110 126 148 153 166 171 179 
187 188 194 195 
16
39 44 49 51 62 70 90 102 124 138 141 156 
167 189 191 195 
20
2 11 30 68 78 82 85 90 108 127 145 152 
154 167 170 178 184 191 193 196 
16
19 25 27 31 33 43 46 49 87 109 117 119 
129 141 148 171 
19
7 30 39 54 85 92 95 102 108 128 134 151 
161 163 176 183 191 194 198 
22
9 23 44 46 50 56 64 70 76 78 83 84 
101 102 108 118 138 160 167 193 194 200 
20
16 21 23 40 55 76 89 99 108 109 130 136 
144 145 152 162 181 183 184 198 
12
64 72 74 96 108 115 125 153 159 184 187 188 
15
24 48 52 64 88 94 95 107 123 127 133 137 
167 173 192 
26
3 7 13 19 41 62 65 67 76 78 82 96 
97 102 114 117 123 135 138 147 152 160 168 169 
175 179 
14
20 22 26 45 47 50 54 110 111 133 135 141 
152 174 
23
12 14 15 18 19 58 67 88 91 97 100 108 
125 127 128 138 140 144 150 168 174 181 197 
16
2 9 10 11 37 39 43 110 126 134 153 155 
162 184 192 197 
19
7 10 22 42 50 51 62 64 78 80 107 108 
114 119 121 123 135 139 196 
17
2 9 13 21 37 73 78 88 103 113 114 143 
146 156 169 181 194 
21
3 4 11 26 36 37 46 63 66 74 82 84 
98 101 119 125 133 137 144 189 194 
16
8 16 25 68 70 74 78 96 97 101 112 122 
134 138 181 185 
21
11 15 17 18 22 44 46 93 99 100 108 115 
125 132 153 155 177 179 192 195 200 
27
15 23 31 43 55 56 57 59 70 75 76 81 
96 100 102 108 112 122 145 148 153 161 171 178 
183 195 200 
23
1 2 7 14 21 23 34 36 37 42 49 51 
64 84 88 122 125 130 133 136 143 180 188 
12
5 11 42 49 73 97 118 119 133 185 192 200 
12
2 36 45 79 130 133 138 151 152 175 198 199 
28
1 12 14 29 32 37 46 49 59 69 71 74 
99 103 111 115 116 119 127 128 133 137 144 153 
154 174 182 189 
20
17 22 26 30 50 63 74 79 115 120 121 128 
129 149 155 166 181 185 193 194 
16
8 21 28 58 97 110 112 119 129 131 134 135 
140 145 146 172 
24
11 19 27 30 32 33 46 50 52 53 75 78 
79 82 83 86 105 112 134 135 137 140 187 191 
26
11 46 52 58 70 75 80 89 96 102 103 107 
108 110 112 122 124 135 146 149 152 154 161 170 
175 198 
27
3 12 13 16 18 21 25 46 49 51 53 64 
67 72 74 75 88 111 119 129 135 142 166 171 
178 189 194 
25
5 13 22 26 33 38 40 48 52 54 70 76 
86 92 117 150 155 159 160 165 167 181 184 188 
191 
25
3 10 24 45 47 55 59 71 80 81 83 89 
92 99 103 104 111 121 151 156 169 170 173 190 
198 
18
2 44 59 64 77 92 105 110 129 131 151 154 
155 166 174 181 199 200 
15
10 25 35 51 71 77 100 142 143 153 168 174 
178 192 193 
22
3 5 28 29 31 40 42 62 73 81 84 89 
118 119 131 133 139 155 159 186 189 198 
18
5 46 51 55 72 80 82 100 116 129 138 156 
163 173 179 187 195 200 
18
36 46 50 67 70 71 78 81 93 98 106 123 
125 142 149 157 170 197 
26
1 14 15 18 24 31 43 49 58 68 73 94 
104 106 117 119 120 121 123 132 142 144 164 182 
187 192 
23
1 10 11 43 45 54 79 84 97 98 101 110 
112 118 137 154 155 156 159 164 178 184 191 
23
6 12 17 28 38 63 67 74 81 103 107 114 
124 131 134 138 146 148 154 167 179 180 186 
18
21 40 80 86 102 107 110 113 118 133 146 155 
158 179 181 184 189 199 
17
1 4 7 25 49 52 63 81 84 115 116 145 
150 156 159 174 199 
21
14 36 37 45 55 67 72 80 89 94 104 110 
114 123 131 140 154 166 179 186 200 
21
7 26 27 42 48 52 53 58 70 71 99 127 
130 136 139 140 149 160 181 197 200 
19
9 12 33 37 40 60 65 67 85 87 88 109 
140 154 167 181 182 186 189 
18
56 61 66 67 74 77 86 91 102 113 117 136 
147 154 164 181 187 189 
15
12 43 50 60 80 81 97 111 122 126 144 158 
159 169 173 
20
2 5 11 18 21 48 53 60 83 89 92 110 
137 153 155 161 162 164 178 182 
12
33 65 66 71 112 124 155 158 163 174 188 199 
18
1 7 11 14 24 56 68 90 106 112 136 154 
159 170 177 181 183 197 
26
2 6 9 11 18 25 34 79 83 85 90 91 
94 96 99 102 105 111 114 129 133 149 153 163 
175 199 
21
1 2 7 21 40 55 63 73 77 93 110 122 
125 134 154 156 164 192 194 197 200 
22
18 28 38 39 42 59 60 67 70 77 89 103 
121 123 132 143 145 158 173 174 186 193 
23
3 6 12 14 18 20 39 59 68 102 117 119 
120 134 137 139 142 153 171 182 187 191 193 
