75 25
1 1 1 1 1 1 1 1 1 1 1 1 
1 1 1 1 1 1 1 1 1 1 1 1 
1 
11
3 6 7 9 13 18 20 21 22 23 25 
13
2 4 7 8 9 11 12 15 18 19 23 24 
25 
10
3 4 7 10 14 18 21 22 23 24 
12
1 3 10 11 13 14 16 17 18 19 21 24 
16
3 4 7 8 9 12 13 14 16 17 18 20 
21 22 23 24 
14
1 2 3 7 10 11 12 13 15 17 18 20 
22 24 
10
3 6 10 11 15 19 20 21 23 24 
14
3 5 7 8 10 12 13 15 18 20 21 22 
24 25 
15
1 2 3 4 8 9 11 13 16 17 18 19 
22 23 24 
11
4 5 6 7 12 13 14 18 20 21 25 
11
1 3 4 5 6 7 9 11 13 14 17 
15
1 3 4 5 7 10 12 15 16 17 18 20 
21 23 25 
15
1 2 4 7 8 10 11 12 13 16 17 18 
19 21 25 
12
1 3 5 6 8 9 10 14 15 17 19 20 
11
1 5 6 7 8 13 14 15 16 18 19 
12
3 5 9 10 11 14 15 17 20 22 23 24 
21
1 2 4 5 7 8 10 11 12 13 14 15 
16 17 18 19 21 22 23 24 25 
13
1 3 5 6 8 9 12 15 16 20 23 24 
25 
11
1 6 7 8 13 15 17 18 21 23 24 
17
3 4 7 9 11 12 13 14 15 16 17 20 
21 22 23 24 25 
12
1 2 5 9 11 12 13 15 16 17 18 25 
13
1 2 3 4 7 9 12 13 14 15 17 21 
25 
13
3 6 7 8 9 11 12 14 17 18 19 24 
25 
10
6 7 10 11 13 15 16 17 23 25 
15
1 3 5 6 7 9 11 13 15 16 18 19 
20 21 25 
10
1 6 8 10 14 16 19 21 23 24 
5
11 16 21 22 23 
9
9 10 11 14 17 18 20 23 24 
12
2 4 5 8 9 11 12 14 15 16 24 25 
13
1 2 4 6 8 11 13 16 17 18 19 22 
25 
12
3 4 6 7 9 10 13 15 16 21 22 24 
13
4 5 8 9 10 11 15 16 17 19 21 23 
24 
8
3 5 15 17 18 21 23 25 
13
1 2 5 8 10 14 17 18 19 21 22 24 
25 
15
3 4 5 6 8 12 13 14 17 18 19 20 
22 23 24 
12
2 3 4 5 7 8 10 14 17 18 23 24 
12
2 4 5 6 7 14 15 16 17 19 23 24 
12
1 2 3 6 8 9 10 11 16 18 22 24 
10
3 4 7 8 9 10 14 15 18 21 
13
2 3 4 6 9 10 11 13 14 15 21 22 
24 
16
1 2 3 4 6 8 9 12 13 15 16 17 
19 22 24 25 
13
1 2 4 5 6 10 12 15 16 17 20 22 
23 
12
5 6 8 9 13 15 17 18 19 21 22 24 
15
1 2 6 7 9 11 12 15 16 18 20 22 
23 24 25 
11
2 4 5 11 12 16 17 21 23 24 25 
8
3 9 10 12 13 15 18 20 
7
1 2 8 11 12 17 24 
14
1 3 5 6 7 8 12 14 15 16 17 20 
21 22 
15
1 4 5 6 7 8 9 10 14 16 18 19 
21 22 23 
12
1 4 5 6 9 12 18 19 20 22 23 24 
13
1 4 6 7 8 11 12 13 17 18 19 21 
23 
11
2 4 6 8 11 13 15 16 17 19 21 
16
2 3 4 5 7 10 11 13 14 16 17 18 
20 21 24 25 
12
2 5 6 7 9 11 12 16 17 19 22 24 
13
4 5 7 8 9 10 13 15 17 18 19 23 
24 
12
2 4 7 9 10 12 15 20 21 22 24 25 
13
2 4 5 9 11 12 13 16 19 20 22 24 
25 
15
2 3 4 5 6 8 9 10 11 12 13 17 
18 21 23 
9
2 10 12 13 15 17 20 22 23 
12
1 4 5 6 8 10 11 15 16 20 21 25 
14
1 2 8 10 12 13 15 16 19 20 21 23 
24 25 
12
1 4 6 9 11 12 15 16 17 18 21 23 
14
3 5 6 8 11 13 14 15 16 20 21 22 
23 24 
18
1 3 4 5 7 8 9 10 11 12 13 15 
17 18 21 22 23 25 
8
4 5 8 10 13 15 18 23 
11
1 2 5 6 10 11 13 16 17 22 24 
12
2 3 4 8 10 12 13 14 17 18 19 20 
17
1 3 4 5 6 7 8 9 13 14 16 18 
19 20 21 23 25 
11
5 6 7 10 13 15 16 17 18 19 21 
21
1 2 3 4 6 7 8 9 10 12 13 15 
16 17 18 19 20 21 23 24 25 
12
1 4 7 8 11 14 16 17 19 20 23 24 
15
1 3 4 5 6 8 10 11 12 15 16 20 
22 24 25 
13
2 3 4 6 9 12 13 14 16 17 19 22 
25 
10
1 8 10 13 14 16 17 19 23 25 
15
1 2 5 7 8 10 12 13 15 17 18 20 
21 22 24 
