75 25
1 1 1 1 1 1 1 1 1 1 1 1 
1 1 1 1 1 1 1 1 1 1 1 1 
1 
12
1 4 7 9 11 12 13 14 16 17 19 25 
11
1 7 10 11 12 14 15 17 22 24 25 
10
3 4 5 6 7 10 12 13 14 23 
13
1 6 7 8 10 11 12 13 17 20 21 22 
23 
14
4 5 6 7 10 11 14 15 18 19 20 22 
23 25 
15
1 2 4 5 6 8 9 11 13 14 15 17 
19 20 21 
10
1 2 5 10 16 17 21 23 24 25 
10
1 5 6 13 14 17 19 20 23 24 
15
1 2 3 5 6 10 11 12 13 14 15 20 
21 22 24 
16
1 2 3 4 5 6 7 9 10 12 14 15 
21 23 24 25 
16
1 2 6 7 9 10 11 12 13 14 17 18 
20 21 22 24 
8
2 11 12 14 16 17 19 21 
15
2 3 4 6 7 8 11 12 13 14 16 19 
20 22 24 
9
3 4 6 11 13 16 20 21 23 
12
1 3 4 6 8 9 14 15 17 18 19 25 
16
1 4 5 6 8 10 12 13 14 15 16 17 
18 19 20 24 
14
1 3 4 5 6 8 10 11 12 13 15 21 
22 23 
8
2 5 6 10 12 14 16 19 
11
4 8 9 14 18 19 20 21 23 24 25 
13
2 5 6 9 10 11 12 14 17 18 21 22 
23 
10
4 5 6 9 11 12 13 18 19 21 
9
1 2 3 7 8 10 12 16 17 
12
3 4 5 6 9 11 12 13 20 22 23 25 
13
1 3 6 7 10 11 14 15 18 19 20 22 
23 
13
2 4 5 6 7 9 14 15 18 19 21 22 
24 
11
1 2 4 6 9 10 12 13 15 23 25 
15
1 4 5 6 7 9 10 14 15 18 19 20 
21 24 25 
12
1 3 7 10 12 14 15 17 20 23 24 25 
13
1 2 3 4 5 6 7 10 12 13 18 22 
25 
14
1 5 7 9 11 15 16 17 18 19 20 21 
22 23 
14
6 8 10 11 13 14 16 17 18 20 21 23 
24 25 
14
1 2 4 5 9 10 11 12 15 16 19 20 
21 23 
14
1 3 4 6 7 12 15 16 17 19 21 22 
23 25 
12
2 3 4 6 7 9 11 13 14 17 19 24 
9
7 10 13 14 16 18 19 20 23 
12
2 4 5 8 12 14 15 16 17 19 20 23 
12
1 2 3 4 5 7 9 10 11 14 15 18 
13
1 2 6 7 8 9 12 13 14 16 19 20 
24 
12
2 4 6 7 8 10 17 18 22 23 24 25 
15
1 3 5 6 9 10 11 12 17 18 19 20 
22 24 25 
10
1 10 11 12 14 17 18 19 24 25 
12
1 6 7 11 12 13 16 21 22 23 24 25 
15
1 2 4 8 9 10 11 12 14 16 19 21 
22 24 25 
11
2 3 8 10 12 15 16 22 23 24 25 
10
1 2 8 9 11 14 21 23 24 25 
13
1 6 8 9 11 12 13 17 20 21 22 23 
24 
11
1 2 3 5 9 11 13 18 19 22 24 
11
1 5 9 12 13 16 17 18 20 22 23 
9
2 3 5 7 10 15 16 22 24 
19
1 2 3 5 6 7 8 9 10 11 13 15 
16 17 18 19 23 24 25 
17
1 4 5 6 7 8 9 10 12 13 15 16 
18 19 22 24 25 
19
2 4 7 8 9 10 11 13 14 15 16 17 
18 19 20 21 23 24 25 
17
2 4 5 7 10 11 12 13 14 15 17 18 
19 22 23 24 25 
15
1 3 4 8 9 10 12 13 17 18 19 20 
21 24 25 
10
2 3 9 14 15 16 18 22 24 25 
17
1 2 3 4 7 10 11 12 13 15 16 17 
18 20 21 22 24 
11
4 5 6 7 11 15 16 19 20 23 24 
7
6 8 11 13 16 23 24 
11
1 4 8 10 14 16 17 20 21 22 25 
15
1 4 7 8 11 12 14 15 18 19 20 21 
22 23 24 
11
4 6 7 12 16 17 18 20 21 23 24 
8
8 9 11 15 18 19 23 24 
15
2 5 8 9 11 13 14 15 16 17 18 21 
22 24 25 
8
2 3 5 7 16 17 22 23 
13
1 4 5 8 9 13 16 18 19 20 22 23 
24 
14
1 2 3 4 5 6 7 9 13 14 15 18 
21 24 
12
1 5 6 9 10 11 19 20 21 23 24 25 
14
1 7 8 9 11 12 13 14 18 19 20 22 
23 25 
17
2 3 5 7 9 10 12 13 14 15 16 18 
19 21 22 23 24 
16
3 4 5 6 7 8 11 12 13 16 18 19 
22 23 24 25 
9
1 6 7 10 11 13 20 24 25 
16
3 5 8 9 10 11 12 13 14 15 16 18 
19 20 22 25 
15
2 3 4 5 6 7 9 11 15 16 17 21 
22 23 24 
13
1 5 7 8 11 12 13 14 19 20 21 23 
24 
14
1 3 4 6 7 9 10 16 17 18 20 21 
22 25 
