75 25
1 1 1 1 1 1 1 1 1 1 1 1 
1 1 1 1 1 1 1 1 1 1 1 1 
1 
15
2 3 4 5 6 7 8 9 11 12 13 14 
16 24 25 
12
3 4 5 6 8 9 10 13 14 18 19 24 
10
1 4 8 13 15 18 20 21 22 23 
15
1 2 5 6 7 8 11 14 16 17 18 19 
22 24 25 
17
2 5 6 7 10 11 13 14 15 17 18 20 
21 22 23 24 25 
16
2 6 7 8 9 12 13 15 16 17 18 19 
22 23 24 25 
15
3 4 5 6 7 8 9 10 11 13 14 16 
18 20 22 
8
1 3 5 12 14 18 20 25 
11
1 6 7 8 12 13 15 18 21 23 25 
14
1 2 3 4 6 8 10 11 12 14 18 19 
23 25 
13
1 2 7 8 11 12 13 16 18 19 22 23 
24 
11
5 9 10 11 12 13 16 17 20 21 25 
15
1 2 3 6 10 11 12 14 15 16 17 19 
21 22 24 
12
3 4 6 7 8 10 11 13 17 19 22 23 
17
1 2 3 5 7 9 11 12 13 14 16 17 
18 19 21 23 24 
11
1 2 3 5 7 11 12 17 18 20 21 
11
5 7 8 10 11 13 15 19 20 21 23 
11
3 5 6 10 14 15 18 19 20 23 25 
13
1 2 3 5 6 9 12 13 14 17 23 24 
25 
14
1 3 5 8 13 14 15 16 17 18 19 21 
24 25 
15
1 2 4 6 9 11 12 13 14 17 18 21 
22 23 24 
12
5 7 11 12 13 14 18 19 20 21 23 25 
12
3 6 7 8 9 14 18 19 20 21 22 24 
9
6 8 10 11 12 16 17 18 20 
10
4 9 12 16 17 18 19 20 21 23 
10
1 2 4 7 8 12 15 21 22 23 
15
1 2 5 6 7 8 11 13 15 16 17 19 
20 22 25 
8
1 3 4 6 8 10 12 23 
12
3 4 5 7 8 10 14 19 22 23 24 25 
10
3 4 5 11 14 16 17 18 23 25 
12
1 3 4 8 11 13 15 16 20 21 22 23 
15
1 2 3 4 11 12 13 14 16 17 18 21 
22 23 24 
11
2 7 8 10 11 12 15 16 20 21 23 
8
1 4 6 8 10 14 23 25 
14
2 7 8 11 12 13 14 15 16 17 21 22 
23 24 
13
1 2 8 9 10 11 12 14 15 16 20 23 
25 
16
3 4 5 6 7 8 9 10 12 13 14 16 
18 22 23 25 
14
1 3 4 5 7 9 12 13 14 17 19 21 
24 25 
13
1 2 7 8 10 11 12 13 15 17 19 22 
24 
11
1 3 4 6 7 10 16 20 22 23 25 
9
1 5 6 8 10 12 14 15 24 
9
2 4 5 9 10 17 18 22 25 
13
1 2 3 4 9 11 14 15 19 20 21 23 
25 
14
1 3 5 7 10 11 12 13 14 16 18 19 
20 25 
15
1 2 3 7 8 9 12 14 15 18 19 21 
23 24 25 
11
5 6 8 10 11 13 19 20 22 24 25 
16
1 3 4 5 6 7 9 12 13 14 16 17 
19 20 21 22 
10
1 5 9 10 12 13 15 16 20 24 
14
1 5 6 7 10 13 14 16 18 20 21 22 
23 25 
15
1 3 4 7 9 10 11 14 16 19 21 22 
23 24 25 
15
2 3 4 5 6 8 9 10 11 12 14 17 
22 23 24 
11
2 8 11 12 14 15 16 19 21 22 24 
13
4 5 6 7 8 10 11 12 18 22 23 24 
25 
13
7 9 12 14 15 16 18 19 20 21 22 24 
25 
15
1 3 6 9 11 12 13 14 15 17 18 20 
22 23 24 
9
2 3 6 7 8 14 20 21 25 
16
2 3 4 5 6 7 8 9 10 14 18 19 
22 23 24 25 
13
2 6 8 9 11 17 18 19 20 22 23 24 
25 
14
5 7 8 9 12 13 14 15 16 19 20 21 
24 25 
12
4 6 9 10 11 15 16 17 20 23 24 25 
13
1 3 4 6 7 8 9 13 15 19 22 23 
25 
13
1 3 4 7 9 10 15 18 19 22 23 24 
25 
11
1 2 3 5 10 14 15 22 23 24 25 
13
2 4 5 7 9 11 13 14 17 18 19 21 
23 
18
1 2 3 4 5 9 10 11 13 14 15 16 
18 19 20 21 22 23 
8
5 6 9 16 17 19 20 24 
14
1 7 8 12 13 14 15 16 17 18 21 22 
23 25 
14
1 2 3 7 9 11 13 16 17 18 22 23 
24 25 
16
1 2 3 4 5 6 9 13 14 16 17 18 
20 21 23 24 
11
3 4 5 7 9 12 13 14 15 23 24 
9
1 2 5 8 9 12 15 18 19 
12
2 3 6 7 8 11 12 14 16 19 20 21 
12
1 2 4 12 13 16 19 20 21 22 23 24 
13
3 4 6 8 9 12 15 17 18 19 20 21 
22 
12
1 2 3 4 5 8 13 14 18 20 23 24 
