75 25
1 1 1 1 1 1 1 1 1 1 1 1 
1 1 1 1 1 1 1 1 1 1 1 1 
1 
15
3 4 5 10 11 12 13 14 15 16 17 18 
21 24 25 
15
3 4 5 6 7 8 11 13 15 16 18 20 
21 22 23 
10
4 6 7 9 10 13 14 17 18 20 
13
2 4 5 6 11 12 16 18 19 20 21 23 
24 
9
3 5 7 10 11 12 17 22 23 
14
2 3 5 6 7 8 10 11 13 20 21 22 
23 25 
19
2 4 5 6 8 9 10 12 14 15 16 18 
19 20 21 22 23 24 25 
11
1 3 4 6 10 14 15 16 20 21 24 
12
1 4 7 8 9 14 15 16 19 20 24 25 
17
1 2 3 4 5 6 8 9 11 12 14 16 
18 19 22 23 24 
17
1 2 3 4 5 6 7 8 10 12 13 14 
15 16 17 21 25 
17
1 3 4 6 7 8 9 10 14 15 16 17 
18 19 20 22 23 
10
4 7 10 11 15 16 20 22 24 25 
14
1 2 3 4 5 8 10 11 14 16 17 20 
24 25 
10
1 3 7 11 13 15 16 19 22 24 
13
1 3 5 6 8 9 11 12 16 19 21 22 
23 
8
2 6 11 12 16 18 19 22 
12
1 5 10 11 12 13 15 17 18 19 22 24 
11
1 3 6 8 11 13 14 17 20 22 24 
18
1 2 3 4 6 7 8 9 10 11 14 15 
17 18 19 20 22 24 
12
2 4 8 10 14 15 17 18 19 20 22 25 
9
7 9 11 14 16 22 23 24 25 
11
1 5 8 10 11 15 18 19 20 21 24 
12
3 4 6 8 10 11 14 18 19 20 24 25 
7
3 6 9 14 17 19 22 
15
1 2 3 4 5 6 8 11 12 13 15 18 
22 24 25 
15
2 5 7 8 10 11 13 14 15 16 19 20 
21 24 25 
11
3 5 8 11 12 14 17 18 22 23 24 
12
1 3 6 9 10 12 13 15 17 19 20 21 
11
1 3 6 7 10 11 14 17 20 23 25 
11
3 4 7 10 11 17 19 20 22 23 24 
16
1 3 5 7 8 9 10 11 12 17 18 20 
21 22 23 24 
9
1 4 6 9 12 18 20 23 25 
13
1 2 4 5 7 11 13 15 16 19 20 22 
25 
13
1 2 4 6 10 12 13 15 16 19 21 22 
24 
13
1 2 3 4 8 9 12 13 16 20 21 23 
25 
10
6 7 9 10 12 17 18 20 21 23 
11
4 5 8 10 11 14 18 20 21 23 25 
12
1 5 7 11 12 14 17 19 20 21 22 24 
14
1 2 4 7 8 10 11 12 13 16 18 20 
24 25 
16
1 2 3 6 7 9 11 12 13 14 16 19 
20 22 24 25 
5
2 3 10 13 15 
12
3 5 9 10 12 13 15 16 18 20 21 24 
14
2 3 4 5 8 9 12 14 15 17 18 19 
22 25 
14
3 5 8 10 11 12 13 18 19 20 21 22 
23 25 
15
2 3 6 7 8 13 14 16 17 19 20 22 
23 24 25 
14
1 2 3 5 6 8 9 12 14 15 16 21 
22 24 
14
1 2 5 7 9 10 11 12 14 16 17 18 
21 25 
14
1 2 3 6 7 9 12 14 19 20 21 22 
23 25 
11
1 4 6 12 13 14 16 18 19 21 22 
10
5 9 14 15 16 17 18 20 21 25 
14
1 2 3 6 7 8 9 10 17 18 19 21 
23 25 
12
1 2 6 7 12 13 15 16 18 22 23 24 
12
2 5 7 8 9 12 15 17 18 21 22 25 
12
1 6 8 9 10 11 14 15 16 21 24 25 
13
1 2 4 5 6 8 9 13 14 15 17 19 
24 
9
4 7 11 14 15 18 19 22 25 
10
1 4 5 10 13 14 17 18 19 21 
11
2 3 4 5 7 11 12 15 18 19 21 
15
3 4 9 11 12 13 14 15 17 20 21 22 
23 24 25 
15
3 4 5 7 10 11 12 13 15 17 18 19 
21 23 25 
11
1 2 3 4 8 14 17 18 21 22 24 
11
4 5 8 10 12 14 17 19 20 21 23 
9
2 4 5 6 11 14 17 18 20 
13
3 4 6 7 9 11 12 13 16 19 20 23 
25 
10
1 2 6 7 13 15 18 21 23 24 
13
1 5 9 10 11 13 14 15 16 17 23 24 
25 
16
1 2 4 5 7 8 9 11 12 15 16 18 
19 21 22 25 
8
9 11 13 15 16 17 21 25 
12
1 3 5 6 8 12 14 15 16 17 22 25 
13
1 2 4 6 8 10 12 15 16 18 19 23 
24 
15
2 3 4 5 7 10 12 13 14 15 16 17 
18 19 24 
15
1 2 3 4 6 7 10 11 12 13 14 16 
17 22 25 
11
2 3 5 7 10 11 12 17 18 20 25 
13
1 2 4 6 8 9 10 11 12 14 15 17 
18 
