75 25
1 1 1 1 1 1 1 1 1 1 1 1 
1 1 1 1 1 1 1 1 1 1 1 1 
1 
13
1 2 4 11 13 14 17 18 19 20 21 24 
25 
8
3 8 10 13 15 20 21 22 
12
2 4 5 8 15 16 17 18 22 23 24 25 
11
2 3 6 8 11 13 14 16 20 23 24 
15
2 3 5 6 7 8 9 10 15 17 19 20 
21 22 23 
12
2 3 5 10 11 13 14 15 16 20 23 25 
7
8 9 10 13 14 20 24 
12
2 3 4 7 9 11 12 15 17 19 23 24 
15
1 2 4 6 7 10 11 14 16 18 20 22 
23 24 25 
10
2 4 6 13 14 16 17 21 23 25 
12
2 3 5 7 11 12 14 15 16 19 21 22 
9
5 7 8 13 14 15 17 23 24 
12
1 3 5 9 10 12 14 15 16 17 22 23 
12
1 5 7 8 10 15 17 19 20 23 24 25 
12
1 2 3 6 7 10 13 15 17 18 20 25 
13
1 3 6 7 8 9 12 16 17 19 20 21 
24 
12
1 2 3 4 6 10 12 13 17 19 22 24 
14
1 2 5 6 7 11 12 13 15 17 18 19 
21 23 
10
2 5 6 8 9 11 17 18 20 21 
13
2 3 5 6 8 9 12 14 16 19 20 21 
24 
9
1 3 6 8 11 18 23 24 25 
11
2 3 4 8 9 15 18 20 22 23 25 
14
2 5 6 8 11 13 14 15 16 17 19 20 
21 23 
20
2 4 5 6 7 8 9 10 11 12 13 14 
15 16 17 18 19 21 23 24 
14
5 9 10 11 13 14 15 16 18 21 22 23 
24 25 
13
1 2 3 4 6 10 11 16 18 19 21 23 
24 
10
1 5 7 11 15 16 20 21 23 24 
14
1 2 4 7 8 9 10 14 16 18 19 21 
22 23 
14
3 5 6 8 10 11 13 14 15 16 17 18 
22 24 
16
1 5 6 8 9 10 11 12 13 14 18 19 
21 22 23 25 
10
1 6 7 8 12 15 19 20 23 24 
14
1 2 3 5 6 7 9 10 11 14 16 20 
22 24 
19
2 4 5 6 7 8 9 10 12 13 14 15 
16 17 18 20 21 24 25 
15
2 3 4 6 7 10 13 16 17 18 20 21 
22 23 24 
11
3 4 5 13 15 18 20 21 23 24 25 
14
2 3 5 7 8 12 13 15 16 18 19 21 
22 25 
11
1 5 7 13 15 16 18 20 21 22 23 
10
2 9 10 11 12 17 19 20 23 24 
14
1 2 3 5 8 11 12 15 16 17 19 20 
21 24 
16
2 3 5 8 9 10 11 12 14 15 16 18 
19 21 23 25 
11
6 7 8 9 10 16 17 19 21 22 24 
13
1 2 6 7 9 13 15 16 19 20 23 24 
25 
11
1 2 6 7 10 11 20 21 23 24 25 
12
7 8 12 14 15 16 18 20 21 22 23 24 
10
4 6 7 8 11 13 17 18 19 23 
11
5 6 10 12 13 14 15 16 17 22 25 
14
1 2 4 6 8 11 14 16 18 19 20 21 
22 24 
18
1 2 4 5 6 9 10 13 14 15 16 17 
18 19 20 22 24 25 
10
3 6 7 11 12 13 14 17 18 24 
13
2 4 7 8 12 13 14 17 18 19 20 23 
25 
13
2 5 6 8 9 10 16 17 18 19 20 22 
25 
13
1 2 3 4 5 6 7 10 11 14 15 18 
21 
8
2 6 7 9 15 16 18 20 
17
1 2 5 6 7 8 10 11 12 13 16 19 
21 22 23 24 25 
13
3 4 5 6 7 9 10 11 16 17 18 21 
22 
11
2 3 4 5 6 8 10 16 19 21 22 
16
1 2 3 4 7 10 11 13 14 15 16 17 
18 19 21 25 
13
4 5 9 10 11 12 15 16 18 19 20 21 
23 
10
1 4 6 7 9 12 13 15 18 22 
10
3 4 9 12 14 17 18 20 21 23 
10
1 2 6 9 10 15 20 21 22 24 
14
1 2 3 7 11 12 13 14 15 17 21 22 
23 24 
14
2 3 4 5 7 9 11 12 13 14 16 19 
22 23 
14
2 3 6 8 9 10 12 14 17 18 19 20 
21 25 
12
1 2 8 11 14 16 18 19 20 21 22 23 
9
1 3 4 6 8 10 13 17 20 
10
1 2 3 7 10 11 14 15 18 19 
14
1 2 3 4 5 10 12 16 17 18 19 21 
23 24 
12
4 5 7 10 11 14 18 19 21 22 23 25 
14
4 6 7 8 10 13 14 16 17 18 20 21 
22 23 
13
1 2 3 4 8 9 10 11 12 13 19 20 
22 
8
2 6 7 11 13 21 23 24 
13
2 4 6 8 9 11 14 15 16 17 19 24 
25 
10
2 5 7 8 10 13 16 19 20 22 
14
3 4 5 7 8 10 14 15 18 20 21 23 
24 25 
