75 125
1 1 1 1 1 1 1 1 1 1 1 1 
1 1 1 1 1 1 1 1 1 1 1 1 
1 1 1 1 1 1 1 1 1 1 1 1 
1 1 1 1 1 1 1 1 1 1 1 1 
1 1 1 1 1 1 1 1 1 1 1 1 
1 1 1 1 1 1 1 1 1 1 1 1 
1 1 1 1 1 1 1 1 1 1 1 1 
1 1 1 1 1 1 1 1 1 1 1 1 
1 1 1 1 1 1 1 1 1 1 1 1 
1 1 1 1 1 1 1 1 1 1 1 1 
1 1 1 1 1 
42
4 8 10 13 15 17 21 25 29 31 35 38 
39 41 44 46 48 56 60 61 62 64 73 74 
75 76 78 80 82 83 84 85 91 93 94 96 
100 101 104 108 110 116 
42
4 8 11 15 17 21 23 28 29 30 32 33 
35 39 42 47 49 52 56 57 58 59 66 67 
68 71 76 77 79 81 85 88 92 97 100 101 
105 106 108 118 123 124 
31
3 7 10 11 15 17 19 22 23 34 36 37 
50 51 57 62 69 73 74 85 90 100 105 106 
108 109 110 114 115 116 123 
37
6 7 8 9 11 15 25 26 31 34 36 45 
49 50 51 54 55 58 65 66 68 73 76 79 
82 84 85 86 87 89 95 97 106 109 110 114 
120 
37
1 3 4 6 9 15 27 38 39 41 42 43 
44 48 55 58 61 62 76 79 82 85 86 91 
93 94 95 98 100 101 102 103 116 117 119 123 
125 
33
1 11 18 22 30 34 36 41 45 51 56 64 
67 72 76 77 81 82 83 91 93 98 101 103 
105 106 109 110 112 117 121 123 124 
36
5 9 11 13 15 19 20 24 25 27 28 29 
30 37 39 40 43 48 49 50 54 55 57 76 
92 95 100 102 104 107 109 111 116 119 121 125 
35
1 3 9 10 14 17 18 19 22 25 27 29 
38 48 51 53 54 59 63 66 74 76 80 81 
83 84 91 103 106 107 109 110 119 124 125 
33
5 10 14 15 17 19 21 22 26 31 33 52 
56 67 70 71 72 78 89 91 92 93 95 96 
97 99 105 106 110 115 118 123 124 
46
2 12 20 23 24 28 29 30 31 32 36 38 
39 40 43 47 49 50 51 52 56 64 65 67 
68 72 75 77 80 81 87 90 91 94 99 100 
102 103 109 110 111 116 117 120 122 123 
38
1 2 4 8 13 18 24 34 35 38 48 50 
53 56 58 60 61 65 67 72 73 77 81 88 
94 95 101 102 103 104 107 108 112 113 116 121 
123 124 
36
3 4 5 8 9 21 29 33 35 36 37 40 
48 50 56 65 68 69 75 78 79 80 82 92 
93 94 105 106 108 109 110 115 116 119 120 125 
36
4 5 10 14 18 23 25 28 30 35 42 45 
47 51 54 58 62 71 72 78 80 83 85 86 
90 91 95 96 98 103 105 106 112 117 123 125 
42
1 3 5 6 9 10 17 18 19 22 23 24 
27 35 40 43 44 47 53 55 59 61 66 67 
70 81 85 86 87 90 91 93 98 99 102 105 
106 107 115 119 120 125 
35
15 16 20 22 27 31 33 34 35 40 45 46 
49 59 60 62 65 68 70 71 74 81 83 92 
95 102 103 104 108 110 111 113 116 118 124 
33
3 6 11 13 16 22 23 24 25 26 40 45 
47 48 51 59 60 61 62 63 73 76 79 82 
83 86 88 94 107 115 118 124 125 
43
3 4 10 12 17 18 20 21 26 28 30 32 
45 46 47 49 50 52 53 54 67 71 72 73 
83 86 88 89 90 98 103 105 106 108 109 110 
112 114 116 118 120 123 125 
39
1 3 5 7 12 15 17 25 36 39 40 44 
49 52 57 58 60 61 66 74 76 78 85 86 
87 91 94 95 96 97 102 105 110 113 114 115 
116 118 121 
36
6 15 20 25 32 34 36 38 41 43 44 45 
48 49 50 55 61 62 64 72 74 77 84 89 
90 93 94 96 97 108 111 113 114 115 122 123 
31
3 14 15 17 18 20 24 27 29 30 32 40 
44 45 50 51 56 57 58 66 67 75 78 82 
94 99 104 106 109 115 117 
36
2 7 15 16 17 20 22 26 29 31 32 38 
39 42 47 49 50 59 62 65 69 79 81 93 
95 98 99 103 105 108 111 113 115 117 121 125 
41
1 4 6 7 8 9 11 13 15 18 19 20 
24 36 37 39 40 46 55 56 57 58 59 60 
61 71 72 77 84 85 89 90 92 97 99 101 
108 109 114 117 119 
38
3 4 5 11 13 16 18 28 29 31 38 39 
43 49 55 57 58 60 61 65 66 69 70 71 
81 86 90 97 98 101 106 109 110 112 117 121 
123 124 
28
3 8 10 21 23 25 27 29 33 37 39 58 
67 70 71 72 73 74 77 78 91 96 102 107 
113 118 119 124 
43
1 2 9 13 16 17 20 23 25 28 29 32 
33 36 37 43 44 45 47 50 51 54 57 58 
60 70 75 76 77 81 82 84 85 86 91 101 
115 116 117 118 121 122 123 
30
4 7 9 15 16 17 20 23 24 25 38 43 
58 61 64 65 68 70 71 72 79 85 86 92 
93 98 101 103 111 116 
35
5 7 14 16 17 19 22 25 26 32 34 35 
36 39 41 49 54 59 61 62 71 72 77 83 
87 88 92 97 103 104 109 112 114 115 123 
36
1 2 9 13 23 27 29 31 32 36 38 41 
42 43 44 45 49 51 52 54 58 70 73 78 
81 82 84 87 91 105 106 108 110 114 116 124 
39
2 7 12 13 16 23 24 29 34 36 39 45 
52 57 62 65 69 71 75 78 84 85 90 92 
94 95 98 99 101 102 103 105 107 108 111 113 
119 122 124 
37
4 7 8 14 23 27 33 34 37 40 42 44 
46 49 50 53 57 58 65 66 73 75 79 81 
83 88 89 92 94 95 100 102 105 107 110 116 
119 
40
3 4 8 14 17 19 20 23 24 27 30 33 
34 37 40 46 47 50 52 55 57 58 66 68 
69 71 73 74 86 88 94 99 101 104 111 116 
122 123 124 125 
46
2 3 5 6 11 13 15 18 19 20 27 28 
30 33 35 37 39 40 47 48 50 51 52 55 
62 67 70 74 76 81 87 88 89 90 91 94 
99 101 102 103 109 112 113 114 122 124 
35
3 8 9 12 13 19 20 21 23 25 29 31 
32 45 47 48 49 50 51 54 56 58 62 63 
68 70 82 90 91 96 97 102 104 111 112 
44
9 10 12 16 19 22 24 31 36 40 44 50 
54 55 58 60 61 62 68 69 70 71 72 74 
75 79 83 87 89 94 95 96 100 104 105 108 
109 112 114 116 119 120 124 125 
41
6 8 11 13 14 16 19 20 22 25 26 29 
32 36 37 38 41 44 53 63 67 74 76 83 
88 90 91 94 96 100 101 105 108 109 110 111 
112 116 119 120 125 
42
2 16 17 21 23 24 25 26 28 29 30 33 
34 35 36 39 42 46 49 53 60 61 63 71 
73 74 75 82 88 90 91 94 95 97 98 102 
108 110 111 118 120 121 
32
5 7 9 15 16 23 24 25 35 38 44 45 
47 49 53 54 59 66 67 69 73 77 89 90 
92 93 96 106 107 109 111 118 
39
3 6 8 10 13 15 21 22 24 25 28 32 
42 44 50 54 61 67 68 75 80 87 88 90 
91 92 98 101 104 107 108 109 110 112 113 114 
116 121 125 
38
3 9 10 12 13 15 17 18 22 34 38 40 
43 50 51 52 55 58 59 62 71 73 74 86 
92 93 97 98 99 100 102 103 104 106 110 112 
117 124 
36
1 3 5 9 12 13 15 22 24 27 28 31 
32 41 48 51 53 56 57 60 69 71 74 77 
78 85 92 95 98 102 108 110 112 114 121 124 
42
1 2 6 7 8 10 13 16 20 25 27 32 
34 36 39 42 44 45 48 49 51 58 71 73 
75 76 80 83 85 90 92 93 96 101 102 104 
107 108 109 112 113 122 
36
9 13 16 19 23 25 28 30 33 37 38 40 
43 50 57 58 65 77 78 90 93 94 95 99 
100 103 104 105 108 110 112 116 120 121 122 125 
35
1 9 12 16 18 20 23 29 30 31 32 33 
39 40 44 46 50 58 62 68 72 73 78 82 
85 90 94 98 101 106 107 117 121 122 125 
48
1 7 10 15 17 18 20 21 22 23 25 32 
34 38 39 42 44 48 49 50 51 52 53 54 
56 59 61 62 66 70 71 72 73 78 80 84 
85 86 90 100 102 110 115 119 121 123 124 125 
42
3 8 15 16 19 26 27 29 33 39 42 43 
44 48 53 55 56 57 58 61 62 65 67 68 
73 78 85 86 93 95 96 97 100 106 107 108 
112 113 114 115 116 124 
45
4 7 9 10 11 18 21 23 25 26 27 28 
31 37 38 45 46 47 49 51 55 58 60 62 
63 67 69 71 73 83 85 86 87 88 89 93 
99 103 104 109 110 116 119 121 125 
32
8 9 11 13 15 18 24 26 27 30 31 33 
36 37 40 41 42 43 56 69 70 73 86 87 
92 93 96 112 118 119 123 124 
38
3 5 6 9 14 18 22 24 33 35 36 37 
38 42 44 45 52 53 62 66 68 71 74 75 
77 81 82 84 86 88 99 102 111 113 115 116 
119 122 
38
3 7 9 10 21 23 25 29 30 33 38 42 
48 51 52 59 64 65 67 69 71 77 81 85 
88 91 95 96 103 105 106 107 114 117 120 121 
124 125 
43
3 6 7 8 11 13 15 26 27 28 29 31 
36 38 39 44 45 49 57 58 60 63 65 68 
72 80 87 88 90 91 92 93 94 96 101 103 
105 111 112 114 119 123 125 
38
3 4 5 6 9 20 21 25 26 30 33 34 
36 39 43 60 61 65 66 67 68 70 71 73 
76 78 79 80 82 85 90 91 94 100 112 117 
119 124 
43
2 7 10 14 16 18 21 22 25 27 31 33 
35 38 40 41 44 49 50 56 63 64 65 67 
68 70 71 77 80 82 85 87 88 94 95 96 
97 102 103 114 119 124 125 
43
4 5 6 9 12 17 18 20 30 31 33 35 
36 38 39 40 41 42 46 49 52 53 56 57 
58 67 68 72 77 79 81 83 85 87 93 98 
102 104 106 108 114 116 120 
36
25 30 32 34 42 43 48 49 51 53 54 56 
59 60 61 70 74 77 78 79 84 94 97 98 
100 102 103 106 107 108 112 117 118 119 120 125 
31
3 5 6 7 17 25 35 46 47 49 54 55 
64 68 73 74 76 77 79 85 92 95 98 99 
103 109 115 116 120 123 124 
35
3 4 9 12 14 20 23 33 37 40 43 45 
47 48 49 53 58 61 62 65 66 70 74 80 
81 84 91 94 97 101 102 104 114 119 122 
30
9 18 20 23 28 35 47 54 62 65 67 71 
75 76 77 79 81 84 87 89 92 96 98 99 
104 105 110 115 119 120 
36
3 8 13 18 20 22 30 37 39 42 45 47 
53 58 60 65 67 76 77 80 84 86 94 96 
99 103 104 105 109 110 111 113 119 120 121 125 
34
1 9 15 22 23 25 26 28 29 33 37 41 
43 45 55 56 58 60 61 66 67 71 77 79 
81 98 99 103 113 114 115 118 120 122 
30
6 7 18 21 24 25 26 31 35 36 46 48 
49 50 51 52 54 57 59 61 62 65 68 69 
76 97 107 109 120 121 
37
9 13 15 20 21 24 27 29 37 38 44 45 
49 50 51 52 57 58 59 64 67 71 74 83 
87 88 90 93 94 100 101 103 104 106 116 119 
120 
37
1 2 3 4 5 13 16 22 24 25 32 35 
38 42 45 46 48 50 63 67 72 76 77 86 
87 97 98 103 105 106 108 110 111 112 116 119 
121 
32
3 9 16 23 29 32 33 34 37 38 44 46 
53 58 59 62 66 68 78 83 88 89 90 91 
92 99 106 107 108 110 111 114 
38
11 13 14 20 21 24 27 28 30 37 42 43 
45 47 57 60 63 66 67 72 73 76 77 85 
87 88 90 96 98 100 104 107 111 113 116 118 
121 125 
31
14 15 17 24 26 29 30 33 41 42 46 48 
49 53 57 62 70 71 74 77 82 88 92 93 
104 113 114 115 117 121 125 
39
1 10 12 15 16 27 28 29 33 36 39 40 
43 45 46 47 52 55 56 57 60 62 69 72 
75 78 79 80 82 88 94 98 101 105 108 109 
112 122 125 
35
3 9 10 14 16 24 31 33 38 40 41 42 
50 51 55 58 67 68 73 77 82 90 91 93 
95 96 100 104 105 107 108 110 113 118 124 
36
1 2 7 10 13 19 24 25 26 30 31 32 
33 43 44 48 51 52 55 56 76 77 84 93 
97 98 99 100 101 102 108 110 111 112 115 117 
39
5 7 14 15 17 25 36 40 41 42 44 53 
55 56 59 61 64 65 66 67 69 77 85 86 
87 92 93 96 97 98 101 102 103 105 110 115 
116 120 123 
37
7 8 10 11 13 15 18 25 29 31 35 38 
40 42 43 44 45 46 50 63 67 68 81 82 
84 93 94 96 97 98 107 113 115 116 118 124 
125 
35
5 8 10 11 12 14 16 21 26 40 41 50 
61 67 68 70 74 77 80 81 82 83 85 86 
91 94 95 96 97 99 101 105 119 122 123 
36
4 6 7 8 11 14 19 24 28 33 42 46 
47 49 51 56 57 60 68 70 73 80 81 82 
86 87 89 92 94 100 102 108 110 112 114 123 
42
2 3 10 11 15 16 20 24 26 27 33 35 
41 43 44 48 59 61 62 65 69 72 79 81 
84 86 88 89 91 93 99 100 101 102 109 110 
113 115 119 121 123 124 
37
12 14 16 17 19 20 22 33 37 39 41 43 
52 58 62 63 66 69 72 75 77 81 82 83 
87 88 98 100 101 105 107 110 112 113 117 119 
123 
37
1 8 9 10 14 18 19 21 26 27 29 30 
31 32 38 47 49 50 61 71 74 77 79 88 
89 92 97 98 99 101 104 107 112 113 114 117 
119 
