75 125
1 1 1 1 1 1 1 1 1 1 1 1 
1 1 1 1 1 1 1 1 1 1 1 1 
1 1 1 1 1 1 1 1 1 1 1 1 
1 1 1 1 1 1 1 1 1 1 1 1 
1 1 1 1 1 1 1 1 1 1 1 1 
1 1 1 1 1 1 1 1 1 1 1 1 
1 1 1 1 1 1 1 1 1 1 1 1 
1 1 1 1 1 1 1 1 1 1 1 1 
1 1 1 1 1 1 1 1 1 1 1 1 
1 1 1 1 1 1 1 1 1 1 1 1 
1 1 1 1 1 
38
3 5 8 10 11 12 18 22 23 24 25 28 
31 32 39 40 45 46 51 52 54 57 66 71 
73 78 86 88 92 95 98 106 108 110 112 114 
119 121 
31
5 9 10 15 19 22 26 27 28 44 48 52 
53 66 70 71 75 76 79 83 85 88 90 99 
102 106 108 112 116 121 124 
33
2 4 11 13 14 18 23 30 33 35 45 47 
50 53 57 60 62 64 67 70 78 80 81 83 
84 89 90 92 95 97 105 123 125 
38
8 9 11 14 15 25 26 27 28 30 32 36 
42 45 46 52 59 60 67 68 70 72 74 79 
81 84 86 87 91 96 99 103 104 105 108 110 
114 115 
47
4 6 11 12 16 19 20 22 27 28 30 34 
35 36 37 39 40 42 43 46 52 53 55 56 
59 60 62 67 68 71 72 73 86 89 90 94 
95 101 105 109 110 113 115 116 119 122 123 
39
1 9 15 19 21 23 26 33 35 39 42 56 
58 62 65 66 67 70 73 75 77 78 85 87 
90 94 96 99 101 103 105 107 108 111 112 115 
117 118 123 
39
14 15 19 22 25 27 29 30 31 35 36 38 
40 42 49 51 59 60 62 64 66 67 82 83 
87 91 92 95 98 106 109 110 115 117 118 119 
120 122 123 
42
5 12 14 16 24 28 29 35 38 39 40 41 
51 56 57 58 59 60 61 65 66 71 73 74 
76 78 81 86 88 97 98 100 103 104 106 108 
110 111 114 115 121 123 
40
1 4 7 10 11 13 14 17 22 24 30 31 
33 36 43 45 48 50 52 55 56 61 64 65 
66 73 82 85 90 96 98 100 101 102 103 109 
112 114 116 118 
40
2 3 9 20 22 24 25 27 29 39 40 44 
46 48 50 54 56 58 59 60 62 64 65 66 
69 72 75 77 88 101 106 107 108 111 112 115 
116 119 121 125 
40
1 3 5 6 9 10 11 13 14 19 29 37 
38 40 43 46 47 51 61 64 65 66 69 73 
76 84 87 94 95 97 101 105 108 115 117 118 
119 120 121 125 
41
2 13 14 16 18 19 23 24 28 33 36 38 
44 45 50 51 53 54 55 56 57 58 63 64 
66 69 72 76 78 82 83 89 91 95 100 104 
108 109 111 113 123 
33
5 6 7 15 16 17 18 24 28 31 35 40 
48 49 54 62 63 65 66 76 79 83 88 97 
100 102 103 111 114 116 118 120 122 
42
1 11 13 14 22 23 24 27 29 34 36 37 
38 39 43 44 46 50 51 60 67 69 71 75 
76 77 79 80 81 89 92 94 95 97 102 104 
113 114 117 121 123 125 
34
1 5 9 12 19 21 22 23 25 26 31 33 
36 37 42 53 58 62 69 71 81 85 86 87 
99 100 102 106 111 114 115 116 118 120 
41
5 8 9 18 23 26 28 29 32 33 39 42 
45 49 50 51 52 53 54 58 59 68 70 72 
73 75 77 80 83 88 91 92 96 97 101 106 
108 110 111 114 118 
38
2 3 9 13 20 25 26 27 31 34 35 38 
45 46 48 51 52 53 55 74 75 78 81 84 
86 87 96 97 98 100 101 104 109 112 113 114 
121 123 
47
1 4 5 9 10 11 12 14 15 16 18 22 
25 27 30 32 35 42 44 51 54 55 59 65 
66 74 76 77 78 81 86 87 88 89 96 97 
101 104 106 109 111 112 113 115 116 123 124 
41
6 7 8 9 16 17 25 28 29 30 31 33 
36 38 45 50 52 54 55 56 68 73 82 83 
86 92 96 97 98 100 101 106 107 111 112 113 
120 121 122 123 124 
36
1 5 6 8 12 18 28 34 35 38 43 45 
47 48 51 52 53 59 60 62 68 72 74 79 
83 87 90 92 93 97 107 112 115 119 120 121 
33
4 6 12 16 18 21 23 28 29 31 35 43 
45 58 60 63 67 70 74 76 77 80 83 84 
86 95 99 100 110 113 117 120 121 
34
2 5 10 11 12 15 17 20 22 32 35 36 
40 42 45 46 51 53 60 63 64 66 67 72 
80 89 90 94 97 102 104 110 112 118 
43
2 4 8 10 13 18 20 22 24 25 26 27 
29 34 35 38 39 40 43 46 48 62 66 67 
69 70 76 77 79 80 92 95 97 100 103 104 
108 111 114 115 116 122 125 
40
2 3 4 7 10 16 18 23 26 28 40 41 
43 44 48 50 56 61 62 63 66 67 72 74 
86 87 88 91 95 96 98 101 103 111 112 113 
116 120 123 124 
31
6 11 13 14 16 22 26 30 41 46 48 49 
53 56 60 62 69 71 74 79 81 82 85 96 
101 103 107 110 114 120 124 
29
3 8 11 26 31 34 36 37 43 47 53 56 
59 61 65 73 74 79 82 86 87 93 109 111 
118 120 122 123 125 
33
6 7 8 13 14 15 18 20 25 34 36 39 
41 43 44 50 61 63 64 65 66 67 69 71 
76 78 79 89 101 103 107 112 117 
35
1 2 3 7 8 12 13 15 18 19 20 26 
27 31 35 39 45 47 52 57 60 64 65 67 
69 84 85 86 88 93 97 104 105 113 120 
32
3 5 9 15 16 17 19 22 23 26 30 34 
36 37 47 50 53 59 60 65 69 71 76 77 
79 87 97 98 101 107 111 121 
36
2 3 6 7 8 9 16 18 24 27 30 35 
40 42 47 51 56 57 62 64 67 70 71 72 
78 80 81 86 88 90 94 96 97 101 113 116 
47
9 12 16 18 21 25 27 29 32 37 41 42 
45 52 58 60 62 63 65 67 68 69 70 74 
75 77 80 81 83 84 86 87 88 89 91 93 
94 95 96 100 104 107 109 113 117 120 121 
38
2 3 6 7 8 9 15 28 34 36 39 40 
41 42 44 46 47 51 56 59 63 82 83 85 
89 91 92 98 99 101 104 111 116 118 119 121 
122 124 
28
3 4 6 12 13 22 28 34 35 41 49 58 
61 62 66 68 82 85 86 90 106 107 110 111 
113 120 123 124 
35
3 8 12 18 19 23 33 35 38 42 49 50 
53 57 58 59 67 69 70 71 72 73 79 81 
91 99 102 106 109 111 116 120 121 122 123 
31
14 16 17 21 26 35 39 42 43 51 52 54 
56 57 68 69 72 75 76 77 82 83 84 87 
97 100 103 107 111 112 120 
46
4 5 7 12 14 16 19 20 22 23 26 30 
31 32 36 41 46 50 51 53 59 61 62 65 
66 69 70 72 77 80 83 85 91 92 95 97 
100 101 106 107 108 113 114 120 121 122 
49
2 4 9 11 14 15 16 17 19 22 24 25 
26 30 32 34 35 36 41 42 44 47 50 58 
63 64 66 68 74 75 77 78 79 81 82 85 
86 88 89 91 96 98 103 107 108 118 120 123 
125 
38
11 13 20 21 23 25 27 28 31 32 39 41 
44 49 52 55 70 71 72 75 77 80 84 93 
96 97 98 100 102 107 112 113 117 118 121 122 
124 125 
41
4 6 10 13 18 20 24 31 41 42 44 46 
49 56 60 62 63 66 72 77 78 79 81 82 
84 89 92 95 98 99 101 103 104 110 111 112 
114 117 119 120 121 
37
3 6 8 9 10 11 12 17 19 21 22 23 
26 29 30 34 37 38 42 43 47 53 58 66 
71 78 82 88 90 91 96 98 104 107 110 117 
125 
30
1 14 15 19 22 24 26 28 30 34 37 38 
51 53 66 68 78 81 84 88 89 93 102 107 
112 113 114 118 121 123 
39
1 8 11 14 15 16 21 22 25 26 30 42 
45 47 48 50 55 56 59 64 65 67 69 70 
71 79 80 81 87 91 93 94 98 113 114 118 
121 123 124 
30
2 4 5 8 11 14 16 17 28 34 37 39 
41 43 55 58 62 67 72 75 78 79 94 98 
99 106 107 111 113 120 
38
12 16 22 23 25 30 32 33 35 52 53 57 
60 61 64 66 72 76 77 79 85 86 87 88 
89 92 95 99 100 101 102 104 105 111 112 116 
119 121 
37
4 12 13 18 20 21 23 24 26 30 32 34 
37 38 40 41 42 43 56 58 59 60 61 64 
65 66 71 74 75 90 98 99 111 112 113 119 
120 
35
1 4 6 7 9 12 13 14 23 25 29 31 
39 43 44 45 46 48 50 51 55 64 71 74 
76 80 81 88 95 98 102 104 106 107 113 
39
7 9 12 19 25 27 38 39 41 42 49 51 
52 53 55 58 68 69 71 75 79 84 86 88 
90 91 92 95 97 100 101 102 103 104 106 111 
115 117 119 
42
4 5 7 10 12 14 17 20 23 25 28 29 
32 35 38 41 42 43 50 54 55 58 64 67 
69 70 73 82 83 84 88 90 93 97 106 110 
112 118 119 121 124 125 
42
1 2 6 7 9 13 14 15 24 25 26 27 
30 31 32 35 38 49 51 53 54 55 58 64 
76 78 79 80 83 85 91 93 103 107 109 110 
114 115 116 119 121 122 
30
3 8 22 25 26 28 35 39 43 45 47 48 
52 63 64 65 67 71 76 77 79 80 82 88 
97 101 113 114 123 124 
30
4 12 19 22 34 38 42 48 49 51 56 58 
59 62 65 66 75 78 82 89 91 92 99 100 
103 104 110 113 119 121 
38
1 3 4 9 10 11 15 16 17 22 24 26 
30 37 41 42 50 52 54 55 61 63 69 73 
74 76 81 89 91 93 104 108 109 110 113 116 
119 122 
31
1 2 5 6 7 8 10 14 15 19 20 33 
36 39 42 53 55 56 57 58 59 69 78 82 
85 90 103 109 110 115 125 
44
2 6 7 8 9 10 11 12 15 20 25 31 
32 33 36 37 41 43 44 47 49 51 53 61 
62 74 80 81 83 84 88 90 94 95 98 104 
105 109 113 119 120 121 122 123 
46
3 4 7 10 13 14 15 21 22 24 27 28 
30 32 36 37 40 44 49 51 54 56 59 60 
61 62 64 66 73 74 79 80 86 87 89 90 
94 95 98 100 101 105 113 115 120 124 
40
4 7 9 12 15 17 18 21 25 26 30 33 
38 40 42 43 45 51 58 60 61 62 68 71 
76 78 81 82 83 86 87 89 90 94 102 103 
104 106 108 118 
39
3 4 6 10 11 14 18 19 20 24 26 36 
43 45 46 49 51 54 55 60 64 65 67 72 
74 76 82 86 88 89 93 96 99 101 104 105 
107 112 113 
37
2 7 10 15 17 18 19 22 25 28 30 34 
41 43 44 47 49 59 66 67 68 71 72 76 
77 79 80 88 89 93 101 104 108 109 111 121 
122 
35
1 4 6 10 14 15 23 25 29 30 34 36 
38 39 41 45 46 47 50 52 55 67 75 82 
84 85 86 94 96 100 101 109 119 122 125 
37
3 4 8 9 12 13 14 17 18 24 30 34 
39 42 46 47 48 53 56 57 61 65 66 69 
71 88 92 94 102 104 108 110 111 120 121 122 
125 
34
7 9 10 12 13 17 20 33 35 36 37 38 
44 49 50 51 52 58 66 73 76 77 78 80 
83 85 86 94 98 100 102 111 116 117 
35
1 2 4 8 11 12 21 24 26 32 34 35 
41 42 45 49 51 61 63 69 70 73 75 80 
84 86 92 94 96 103 105 106 118 123 124 
39
2 7 8 9 11 20 26 27 31 35 36 43 
44 48 50 52 54 55 60 62 65 70 72 73 
74 75 77 78 83 84 85 94 99 100 104 105 
112 119 124 
32
10 17 20 24 26 33 37 39 40 47 48 51 
59 61 63 66 73 82 83 85 86 87 90 96 
99 100 102 106 108 110 119 123 
37
8 9 20 21 23 24 25 26 31 32 37 38 
39 41 55 57 58 66 67 70 76 79 80 82 
84 85 86 87 91 92 98 105 107 108 109 111 
118 
40
4 6 7 8 11 13 14 17 19 21 23 24 
37 42 43 54 56 62 64 67 69 70 72 74 
77 80 83 88 89 90 92 95 97 110 113 114 
117 118 121 125 
34
2 11 13 16 17 20 23 27 35 36 40 56 
57 61 63 65 73 74 88 89 91 94 95 96 
99 101 105 110 112 113 119 120 124 125 
24
5 11 40 48 49 51 55 57 61 62 63 64 
65 66 69 80 93 96 97 102 103 105 109 125 
35
7 9 11 12 14 21 22 24 31 33 37 43 
45 51 57 64 67 70 71 73 74 76 80 91 
94 98 99 105 106 107 110 116 119 121 124 
38
5 10 12 13 16 21 29 34 37 40 44 45 
48 53 55 58 59 67 70 72 76 77 82 83 
85 88 93 98 99 101 103 104 109 111 113 118 
121 125 
31
4 6 7 14 16 21 27 30 36 38 44 45 
46 64 65 70 71 75 83 87 89 95 97 99 
104 107 111 113 115 116 118 
39
2 4 5 7 10 14 20 22 23 24 30 34 
35 47 48 51 52 55 58 59 63 64 70 71 
73 76 77 79 83 85 88 99 100 103 104 105 
112 119 123 
40
4 6 11 12 14 15 16 17 18 21 25 28 
29 35 37 42 49 51 52 56 57 58 64 72 
73 74 78 79 86 90 94 100 101 102 107 111 
112 115 118 125 
38
5 7 8 9 19 21 22 27 28 30 39 43 
45 49 50 54 57 58 61 67 69 70 71 74 
77 82 84 94 98 100 105 106 113 116 117 122 
123 125 
37
5 7 8 10 11 12 13 14 17 20 22 27 
34 43 45 48 56 60 66 68 69 74 81 83 
88 94 96 97 102 105 108 110 116 117 121 123 
125 
