75 125
1 1 1 1 1 1 1 1 1 1 1 1 
1 1 1 1 1 1 1 1 1 1 1 1 
1 1 1 1 1 1 1 1 1 1 1 1 
1 1 1 1 1 1 1 1 1 1 1 1 
1 1 1 1 1 1 1 1 1 1 1 1 
1 1 1 1 1 1 1 1 1 1 1 1 
1 1 1 1 1 1 1 1 1 1 1 1 
1 1 1 1 1 1 1 1 1 1 1 1 
1 1 1 1 1 1 1 1 1 1 1 1 
1 1 1 1 1 1 1 1 1 1 1 1 
1 1 1 1 1 
38
1 2 6 7 13 15 18 19 21 22 24 27 
32 36 38 40 49 50 55 61 62 68 69 74 
76 77 78 79 83 84 88 93 109 113 120 121 
123 125 
29
3 6 8 16 26 30 34 35 37 39 41 43 
44 49 55 58 66 69 70 72 74 76 86 87 
88 102 104 106 124 
35
7 9 12 13 14 19 25 29 34 37 43 44 
45 52 56 61 63 64 65 66 68 69 73 74 
77 79 81 88 91 93 105 111 112 113 124 
44
2 6 7 8 10 14 20 23 25 42 45 52 
56 61 62 66 69 70 71 72 74 79 82 84 
85 89 90 91 93 94 98 99 102 104 109 110 
111 114 116 118 119 120 122 123 
34
2 6 7 17 24 26 27 31 32 35 36 37 
38 42 43 46 55 57 58 59 65 68 69 70 
83 84 85 95 97 101 111 112 123 125 
34
5 8 9 11 12 25 27 28 29 32 38 44 
48 55 59 61 65 66 69 71 74 77 83 84 
85 87 88 91 97 99 102 106 119 125 
39
4 5 8 9 10 11 14 22 24 27 32 33 
39 42 44 46 48 58 62 65 66 68 69 76 
81 82 85 88 91 93 97 99 100 101 104 111 
119 122 125 
44
2 3 4 8 9 11 14 15 17 19 22 23 
27 31 33 36 40 41 44 45 50 52 59 62 
67 68 69 73 79 82 83 84 85 94 95 102 
106 107 111 113 114 118 119 122 
36
1 4 7 9 20 27 28 29 31 32 37 38 
39 40 45 64 73 76 79 81 82 86 92 93 
94 95 96 99 101 106 109 111 117 121 124 125 
39
5 8 10 12 13 15 18 22 23 25 30 31 
32 33 37 39 43 45 46 52 59 60 64 66 
67 69 71 76 77 78 83 88 89 94 101 102 
112 122 124 
40
7 8 12 15 16 21 23 25 27 33 34 35 
38 41 44 51 54 55 58 64 67 69 70 76 
77 78 82 85 87 98 100 102 105 106 108 109 
119 121 122 124 
42
1 7 8 9 10 11 12 13 14 15 19 20 
22 30 37 40 47 48 53 54 58 64 70 81 
82 85 86 90 91 92 94 97 103 108 111 112 
114 118 119 120 123 124 
39
2 5 6 11 14 15 23 28 29 35 39 41 
44 45 50 53 59 62 63 68 76 78 79 85 
86 87 90 91 97 99 100 102 105 111 115 117 
119 120 124 
35
2 14 18 22 23 25 29 31 32 33 34 37 
40 66 69 70 72 73 74 78 85 86 90 94 
96 98 104 107 108 109 111 114 115 120 123 
35
1 7 11 15 17 20 21 37 39 46 52 53 
54 57 60 63 65 66 72 77 81 85 86 90 
92 96 98 107 108 118 120 122 123 124 125 
32
2 6 8 13 20 22 31 32 33 38 46 48 
50 51 59 60 64 74 76 78 80 81 82 83 
84 92 96 97 110 111 118 120 
39
1 2 5 6 8 10 11 16 18 19 23 24 
28 29 38 39 44 50 54 56 58 62 65 67 
68 69 72 82 83 89 94 98 99 101 107 109 
116 120 122 
35
3 6 7 9 12 15 19 22 24 28 32 33 
34 36 37 46 52 58 61 69 70 74 76 79 
80 89 92 95 101 108 112 113 116 119 120 
40
2 5 8 9 14 18 19 21 23 26 29 33 
34 35 36 37 44 51 52 56 57 63 64 67 
72 75 79 81 83 85 95 96 100 105 106 108 
116 117 119 120 
38
1 3 5 9 11 16 17 19 22 27 35 38 
39 46 49 53 58 73 75 76 78 79 84 86 
88 90 91 92 94 96 98 102 104 108 111 113 
120 122 
39
1 2 5 11 12 17 30 34 36 37 39 49 
53 55 56 57 60 62 63 65 73 74 75 78 
79 82 84 86 88 89 91 96 98 105 109 117 
120 122 124 
33
5 6 21 22 24 33 37 43 45 47 53 54 
55 56 58 60 62 63 71 72 78 80 83 89 
93 97 99 100 106 111 113 115 124 
39
6 10 13 17 25 27 31 33 37 39 41 45 
52 56 61 62 65 67 69 76 77 79 82 83 
85 93 96 97 98 100 101 102 104 109 114 115 
117 122 123 
41
1 2 3 7 14 18 20 22 25 28 32 33 
36 43 45 47 48 49 52 54 60 61 63 64 
68 70 71 73 77 82 88 90 93 97 99 109 
113 114 117 119 124 
41
2 5 8 11 12 16 18 19 21 23 27 32 
35 39 44 45 49 50 51 55 57 61 62 64 
66 84 85 86 87 90 92 96 100 103 112 117 
120 121 122 123 125 
36
2 10 12 13 16 18 19 23 26 31 33 34 
35 36 40 43 44 45 47 50 52 54 60 63 
65 68 82 89 96 99 100 105 114 120 123 125 
38
2 5 6 14 16 17 20 23 24 26 27 39 
40 41 47 48 54 57 60 63 67 75 82 83 
84 94 95 96 98 99 102 104 105 114 115 120 
123 125 
34
7 8 10 18 22 33 34 46 47 51 54 65 
66 69 70 71 73 74 81 82 85 86 88 98 
108 112 113 117 118 119 120 121 122 125 
37
1 2 4 5 10 11 12 16 17 19 20 21 
29 33 40 42 47 48 52 53 59 62 63 68 
69 73 75 76 83 91 96 97 98 111 116 118 
120 
29
1 6 14 27 29 31 33 39 41 43 52 56 
66 68 77 82 87 88 93 97 98 100 101 102 
106 107 123 124 125 
43
2 5 6 9 14 15 18 19 21 22 23 26 
31 36 39 40 44 50 51 52 59 60 61 67 
70 72 75 79 82 86 87 88 91 95 101 103 
105 107 112 114 118 120 121 
34
2 8 17 24 26 27 29 45 46 47 48 49 
51 53 59 61 64 65 66 70 71 77 78 84 
85 87 91 94 101 102 108 115 116 121 
27
7 10 12 20 26 31 32 35 36 45 48 49 
56 62 63 71 73 75 94 99 102 105 112 116 
120 122 124 
42
6 8 15 16 17 18 21 25 28 30 32 33 
34 37 43 44 45 48 50 53 59 61 64 66 
71 76 78 80 84 88 92 93 98 99 109 115 
117 119 121 122 123 125 
35
6 7 8 15 18 20 26 33 39 42 44 46 
48 51 57 62 63 64 65 69 70 74 77 82 
90 95 99 104 105 110 112 114 116 117 118 
46
5 6 7 8 9 10 11 12 13 15 25 27 
28 30 32 34 35 38 45 46 50 51 52 54 
56 59 60 68 69 72 73 75 79 85 87 91 
92 99 100 102 114 116 117 118 120 122 
29
1 7 9 19 21 22 25 28 34 35 36 39 
44 49 55 62 63 72 74 76 80 85 87 88 
93 99 110 113 122 
35
3 4 15 16 22 23 28 30 37 39 40 47 
59 62 66 70 74 75 77 91 93 96 98 99 
104 108 113 114 115 116 117 118 120 121 123 
38
1 3 9 11 12 17 18 22 25 26 28 29 
30 41 42 44 48 49 52 53 56 57 59 60 
76 77 80 84 85 87 90 91 94 95 98 111 
114 117 
47
3 4 6 9 11 12 18 19 21 22 24 25 
27 31 32 35 36 37 39 43 44 45 46 50 
52 53 55 57 68 73 76 77 80 82 84 93 
97 99 100 103 106 107 112 115 120 122 123 
34
3 6 8 12 13 14 16 24 25 28 31 32 
42 43 46 55 58 59 62 70 71 74 78 80 
82 86 89 90 91 96 101 102 112 118 
36
3 4 12 14 20 25 26 27 28 29 43 44 
48 51 55 56 57 58 60 73 78 80 81 83 
93 102 104 107 108 109 112 117 118 121 122 125 
35
4 5 10 12 17 20 22 25 29 40 41 43 
46 49 58 59 63 66 69 74 79 83 84 87 
92 94 95 96 97 102 106 107 109 112 122 
30
5 7 9 19 21 27 34 36 43 44 48 55 
58 61 65 73 74 75 84 88 102 104 106 108 
109 112 114 119 123 124 
34
1 8 11 16 17 18 19 22 27 29 34 35 
37 42 43 51 52 56 64 74 75 85 93 97 
98 106 108 109 113 115 117 119 120 123 
41
4 12 14 18 28 33 34 35 39 40 41 42 
43 44 49 52 53 57 59 60 65 66 68 73 
76 77 86 90 91 98 101 103 109 110 112 114 
118 120 121 124 125 
26
6 7 11 15 17 18 22 34 40 42 44 48 
50 56 73 87 88 93 94 95 96 103 104 105 
108 121 
32
2 3 13 19 20 21 24 26 28 30 33 39 
50 52 60 63 65 68 70 86 92 93 103 104 
105 106 108 112 113 114 116 117 
36
1 3 5 12 13 14 17 21 25 27 28 33 
38 40 49 65 66 70 73 80 82 88 90 95 
96 97 98 101 102 106 111 114 115 117 118 125 
45
5 6 15 16 18 19 20 23 30 32 35 39 
40 41 44 49 51 59 62 63 64 67 68 71 
77 80 81 82 84 85 88 91 92 98 103 105 
107 110 111 115 118 119 120 122 123 
34
2 6 7 9 10 19 21 24 29 31 36 37 
41 48 51 53 56 57 58 59 62 64 68 69 
72 80 81 82 84 91 96 109 110 121 
53
1 3 4 5 7 8 9 13 14 17 19 22 
24 30 31 37 39 42 43 44 48 49 52 54 
55 57 61 62 64 65 66 72 73 76 80 81 
86 88 89 93 97 99 102 105 106 109 112 113 
116 117 119 121 122 
34
1 10 11 15 18 20 22 26 27 30 35 36 
43 44 48 49 50 51 62 73 74 76 81 82 
92 94 99 102 105 108 111 114 116 124 
44
2 3 6 7 11 13 15 18 19 23 24 28 
29 30 34 38 40 42 43 46 47 52 56 58 
62 65 73 77 78 79 80 81 82 83 88 90 
95 104 106 111 113 114 116 124 
48
4 6 11 14 20 21 22 23 30 31 39 40 
47 48 52 54 56 57 59 61 62 66 68 69 
70 74 75 84 87 90 92 96 97 98 100 102 
104 105 109 110 113 114 116 117 119 120 122 124 
42
2 4 5 8 15 16 17 19 20 26 29 30 
32 35 39 40 42 44 47 48 60 64 67 68 
73 77 79 82 84 85 88 94 102 103 105 106 
107 111 115 116 124 125 
37
4 5 11 14 17 28 33 34 41 43 44 50 
52 55 56 59 63 71 73 75 76 81 83 89 
90 91 94 95 96 97 99 100 108 111 112 116 
120 
36
1 2 5 9 10 14 15 18 22 25 28 33 
37 38 41 43 46 48 50 53 54 56 68 69 
72 73 76 78 81 93 101 104 106 110 116 121 
31
1 3 9 10 21 25 26 31 41 43 57 58 
61 65 67 79 87 89 90 91 97 99 100 103 
104 107 108 109 115 117 125 
42
2 5 6 13 16 21 27 29 39 42 43 45 
47 52 54 55 57 60 61 69 70 74 75 78 
80 83 85 87 90 95 100 101 103 104 108 110 
111 112 114 117 120 122 
42
10 11 13 14 15 16 17 18 19 23 24 27 
28 30 31 33 35 37 43 44 46 52 55 60 
64 68 71 73 78 81 100 101 104 108 109 116 
117 118 121 123 124 125 
36
1 6 8 12 15 22 23 24 25 26 28 31 
35 39 40 42 54 55 58 63 66 69 75 79 
81 82 87 88 90 92 95 97 100 107 108 119 
36
3 5 15 19 26 27 29 33 35 38 39 42 
46 47 50 53 58 61 68 69 70 71 76 78 
80 84 85 96 97 103 112 113 115 117 118 125 
29
7 9 12 13 14 19 21 22 25 27 36 38 
42 53 65 66 69 70 72 81 85 96 98 109 
111 112 115 117 120 
43
2 5 7 10 16 17 18 19 22 26 29 33 
34 35 37 39 45 46 52 53 58 62 64 66 
70 72 73 74 80 82 86 91 94 96 98 103 
104 110 112 115 119 120 121 
39
1 3 5 6 7 8 10 13 14 18 25 32 
36 42 54 57 61 62 63 66 67 68 69 72 
73 74 81 82 84 87 90 93 95 103 108 110 
112 115 122 
36
2 10 18 23 30 31 32 39 40 44 47 49 
50 56 57 58 65 70 73 77 78 85 88 89 
91 92 95 96 99 105 107 111 115 116 117 124 
42
2 5 6 10 11 17 22 23 24 25 26 28 
30 32 34 37 43 44 52 53 57 59 66 71 
73 74 77 80 84 85 90 91 94 97 100 102 
105 108 116 118 120 121 
38
5 6 9 13 14 16 19 21 23 28 29 30 
41 43 44 46 57 60 62 68 79 85 87 92 
95 96 99 100 109 110 112 114 117 118 119 120 
122 124 
40
3 5 6 7 11 17 18 19 21 22 23 28 
32 35 40 44 45 47 53 55 56 57 64 73 
78 89 91 95 98 101 102 106 108 110 111 112 
115 117 121 125 
30
4 5 7 12 17 18 19 22 23 34 46 48 
59 64 65 66 81 88 93 95 98 101 104 105 
108 110 111 112 114 124 
38
1 7 13 17 19 20 21 32 34 38 40 47 
56 57 61 62 63 64 67 77 80 83 86 94 
96 98 100 105 106 107 108 113 116 120 121 122 
123 125 
34
6 8 19 22 24 26 27 30 32 40 43 44 
48 49 55 57 58 64 70 73 74 75 77 80 
83 84 88 95 97 107 112 117 119 125 
40
1 5 6 7 9 10 12 19 24 26 28 32 
42 43 45 46 48 51 55 57 58 65 68 75 
77 81 84 87 91 99 106 107 109 110 112 114 
115 117 119 121 
34
6 7 16 22 25 27 33 41 46 47 48 49 
53 54 55 66 74 75 76 81 85 88 89 97 
100 106 107 108 113 115 118 120 121 125 
