75 125
1 1 1 1 1 1 1 1 1 1 1 1 
1 1 1 1 1 1 1 1 1 1 1 1 
1 1 1 1 1 1 1 1 1 1 1 1 
1 1 1 1 1 1 1 1 1 1 1 1 
1 1 1 1 1 1 1 1 1 1 1 1 
1 1 1 1 1 1 1 1 1 1 1 1 
1 1 1 1 1 1 1 1 1 1 1 1 
1 1 1 1 1 1 1 1 1 1 1 1 
1 1 1 1 1 1 1 1 1 1 1 1 
1 1 1 1 1 1 1 1 1 1 1 1 
1 1 1 1 1 
38
1 3 8 13 18 24 25 26 30 32 34 37 
39 40 41 49 59 60 62 64 66 71 77 79 
80 82 83 86 90 93 95 97 101 107 112 116 
121 125 
40
1 6 12 15 19 20 25 29 33 34 35 39 
40 41 42 49 52 60 64 65 66 70 71 74 
76 78 84 86 87 88 93 94 96 97 99 100 
101 105 106 119 
43
1 2 3 11 13 15 16 17 19 20 25 27 
32 40 41 44 50 56 58 59 60 61 62 64 
65 66 67 68 71 73 77 81 83 86 87 94 
95 96 99 106 108 115 119 
43
1 2 5 8 9 10 14 17 24 31 36 38 
39 45 46 47 51 53 57 58 60 62 63 66 
67 68 73 78 87 90 92 93 100 103 104 110 
112 113 114 115 116 118 121 
43
4 5 11 13 18 22 24 27 28 30 32 33 
35 36 42 43 44 45 51 54 57 60 61 63 
64 67 68 69 84 89 91 95 96 97 99 100 
104 108 109 110 111 119 121 
32
6 13 16 25 26 28 29 30 35 36 39 41 
42 50 55 61 63 64 65 71 86 102 103 110 
111 114 115 117 118 120 121 123 
41
2 4 5 9 10 14 19 20 24 26 27 32 
33 34 35 36 39 42 43 45 46 47 50 52 
53 57 64 65 68 75 76 78 83 84 105 108 
112 113 121 122 124 
38
1 2 9 11 12 14 18 28 30 35 39 45 
47 49 53 54 55 56 59 60 62 64 65 69 
72 75 77 90 91 94 100 102 103 109 112 113 
116 119 
32
2 3 5 13 17 18 23 24 37 42 44 47 
56 61 62 63 72 73 77 83 90 91 93 98 
100 106 113 114 117 118 119 125 
33
8 13 14 19 23 30 34 38 40 41 51 53 
56 61 64 74 80 83 84 87 88 90 91 92 
93 94 96 109 114 118 122 123 124 
41
3 4 5 13 14 15 17 22 23 24 29 31 
32 35 36 43 46 53 55 57 59 60 68 69 
80 83 84 86 92 94 96 97 100 102 105 106 
113 114 116 120 125 
31
2 3 6 15 19 22 23 24 25 39 46 50 
62 67 72 74 77 79 82 87 91 92 96 97 
100 102 110 113 119 124 125 
38
4 5 9 10 11 14 18 20 21 22 23 25 
29 30 35 38 39 40 42 56 57 61 66 69 
77 78 80 84 87 99 105 106 108 111 112 117 
118 123 
41
2 7 9 10 12 16 20 22 26 29 31 32 
45 46 47 53 54 56 58 63 64 69 70 71 
75 76 78 81 82 92 93 96 98 101 108 113 
114 115 122 123 125 
39
3 9 13 14 19 24 27 28 32 35 36 41 
42 44 48 50 53 54 63 73 74 77 80 84 
86 89 90 93 94 96 100 101 102 106 108 110 
112 116 121 
38
2 4 14 15 22 25 31 43 47 51 55 59 
60 61 62 68 70 73 76 77 79 82 84 86 
87 91 93 94 95 98 100 102 103 105 109 113 
114 117 
38
4 8 9 10 11 19 23 27 31 35 38 42 
43 44 45 47 50 60 62 64 67 70 71 74 
81 82 87 89 90 100 103 105 108 111 114 119 
120 123 
37
5 12 13 14 16 17 21 24 28 29 33 42 
48 51 52 57 61 66 68 72 75 77 78 81 
84 85 87 88 89 94 95 100 101 104 111 115 
125 
49
4 6 7 10 11 14 17 20 22 23 24 25 
33 34 36 37 39 40 41 43 46 48 49 54 
57 61 64 68 71 72 73 75 78 80 84 86 
88 92 101 102 104 105 114 116 117 119 123 124 
125 
30
3 4 9 12 15 22 23 32 51 52 54 55 
57 58 61 64 67 74 75 80 81 83 87 89 
91 103 108 114 117 122 
33
2 7 8 11 13 14 17 28 37 38 42 47 
50 54 55 67 74 75 76 82 83 88 89 92 
96 102 103 105 106 112 115 120 125 
39
2 3 8 9 10 11 15 16 18 22 24 27 
29 32 34 48 52 67 69 71 73 74 76 85 
87 88 90 96 97 98 99 100 103 108 109 110 
113 120 121 
39
4 7 9 14 25 26 28 29 33 34 35 37 
44 45 48 49 53 54 55 60 68 72 75 78 
82 92 94 95 96 100 101 106 107 108 111 112 
120 124 125 
38
6 7 9 11 15 17 23 25 28 29 30 36 
39 43 44 47 49 50 52 53 54 57 62 73 
76 83 85 87 91 95 96 99 102 106 109 111 
119 123 
42
6 7 12 13 24 27 31 32 33 38 42 43 
44 45 47 48 49 50 51 52 54 57 60 66 
68 72 82 83 84 92 100 102 104 107 108 112 
115 119 120 122 123 124 
36
3 5 8 11 18 25 27 30 35 38 43 44 
45 47 52 53 55 56 60 71 78 80 84 93 
99 101 102 103 106 107 108 111 117 118 122 124 
39
3 4 5 6 7 8 10 11 15 17 20 24 
30 33 37 42 43 51 58 60 61 62 70 71 
82 90 95 105 107 108 111 113 114 115 116 117 
118 119 123 
37
1 10 12 18 20 21 23 27 30 31 33 35 
37 44 45 56 58 65 69 71 72 74 76 77 
80 89 90 91 94 96 98 99 101 102 104 111 
122 
36
8 10 13 18 22 23 24 26 27 43 49 53 
55 63 64 65 72 76 79 81 90 94 97 98 
99 101 104 107 110 114 115 116 120 122 123 124 
37
1 4 6 10 12 15 16 17 18 19 24 25 
29 35 40 49 51 56 57 59 63 65 71 73 
75 77 86 88 89 90 106 108 110 114 117 121 
124 
29
2 5 7 14 17 18 21 25 28 33 39 45 
51 52 53 62 67 72 81 83 84 88 89 90 
98 106 108 111 124 
53
2 3 5 7 8 9 12 15 22 29 31 33 
36 37 39 41 42 43 45 46 53 54 57 58 
60 62 63 64 66 68 71 74 75 77 78 80 
85 88 92 94 96 98 101 103 104 105 108 109 
110 117 118 122 123 
34
1 2 8 10 11 12 16 17 25 32 34 36 
41 43 48 58 60 61 63 65 66 71 72 74 
75 78 85 86 89 106 112 117 121 124 
34
3 4 7 11 21 23 29 30 32 35 36 41 
50 52 53 58 63 67 70 73 74 77 79 80 
90 96 98 100 102 106 118 122 123 124 
27
2 18 21 24 25 28 30 37 52 58 60 61 
63 64 65 76 77 83 86 88 95 98 117 118 
121 122 124 
32
1 5 9 15 19 22 27 29 39 40 41 51 
53 55 61 70 72 76 77 79 80 83 91 92 
93 94 97 100 102 104 109 115 
45
2 4 10 13 21 25 36 40 41 44 46 47 
53 60 62 64 66 68 69 71 72 73 74 76 
78 79 82 85 87 91 92 93 94 99 101 102 
103 104 110 113 114 115 118 120 121 
36
1 3 4 7 15 16 24 26 27 28 30 34 
40 46 51 60 62 64 68 69 74 78 81 86 
89 90 93 94 98 99 100 107 108 120 122 125 
34
4 9 10 12 15 16 17 19 25 26 32 34 
35 41 43 45 47 48 52 53 57 62 69 76 
84 92 95 96 103 105 107 118 120 121 
39
5 8 13 16 22 24 29 30 32 34 35 37 
39 40 41 46 47 48 49 53 56 64 70 71 
75 76 79 88 92 93 97 102 106 107 111 112 
114 117 124 
40
3 10 11 12 14 17 18 20 24 25 28 29 
30 35 38 43 44 49 53 54 66 76 79 85 
91 92 93 94 96 99 100 104 106 107 111 115 
116 118 121 125 
39
3 7 12 20 21 26 27 28 30 32 33 35 
37 47 49 51 53 56 59 64 65 66 75 78 
80 82 85 91 93 94 95 96 99 100 103 104 
106 107 114 
33
7 21 24 26 33 35 40 43 51 52 54 62 
66 67 70 72 76 77 78 82 87 90 92 96 
98 100 102 107 119 120 122 124 125 
37
4 5 6 8 9 16 17 18 20 22 23 32 
39 40 48 49 51 52 55 70 75 80 82 83 
86 96 98 99 101 102 105 106 108 111 117 122 
125 
38
1 2 5 7 10 13 19 20 25 30 34 36 
37 39 45 48 49 53 55 56 61 64 65 67 
68 71 81 82 88 89 96 103 106 109 110 115 
119 123 
33
1 13 15 20 21 22 30 32 37 41 48 57 
60 61 64 65 66 70 76 78 82 83 86 92 
100 103 109 111 114 118 122 123 124 
34
8 15 19 21 30 32 48 49 56 57 59 60 
61 63 66 70 71 73 74 75 83 86 87 89 
97 98 106 108 110 114 115 120 121 123 
41
3 6 7 9 10 12 15 16 17 18 19 22 
23 24 25 45 52 55 58 60 62 67 69 71 
77 79 81 82 84 87 89 90 95 103 107 110 
112 114 115 118 122 
32
1 8 10 11 22 24 26 30 33 36 37 43 
48 50 59 60 69 81 83 86 88 91 92 94 
95 101 103 106 107 109 116 119 
48
2 4 6 7 9 12 17 18 23 27 31 35 
36 38 39 41 42 43 44 46 47 49 54 57 
58 61 69 73 74 75 78 81 84 91 93 94 
95 96 98 100 102 105 106 107 109 112 115 119 
37
3 6 13 25 27 31 34 39 41 43 45 46 
47 54 62 65 66 67 77 80 82 84 88 89 
93 95 103 104 110 113 114 115 116 117 118 120 
123 
35
3 8 10 15 25 27 28 30 35 37 38 46 
47 50 52 54 57 58 64 71 73 77 78 79 
82 85 86 88 89 93 94 100 101 107 111 
27
4 10 17 28 40 42 43 56 61 63 64 68 
70 71 76 78 83 92 95 99 109 110 112 113 
116 123 124 
27
1 3 12 13 19 21 29 30 43 55 56 64 
67 72 78 85 86 91 94 98 99 103 104 106 
120 121 122 
34
1 3 10 16 22 24 28 30 33 37 42 45 
48 51 54 55 58 59 74 75 77 91 95 98 
100 103 108 112 113 116 119 120 122 125 
33
2 5 6 11 13 16 19 24 32 34 35 36 
37 39 45 49 50 59 61 62 63 72 77 83 
92 96 101 104 109 111 112 113 117 
23
1 13 15 21 24 26 27 30 37 42 49 63 
66 71 77 80 82 101 104 111 112 116 118 
28
1 2 4 13 15 18 36 38 39 46 47 50 
52 56 58 59 75 76 78 84 90 91 99 100 
108 120 122 123 
43
4 10 12 14 18 22 24 28 35 38 39 41 
42 45 47 51 56 57 58 59 61 65 70 71 
72 74 75 79 81 83 84 85 89 90 91 92 
94 102 103 110 120 121 124 
38
5 7 11 12 14 19 20 24 26 31 36 39 
41 48 53 55 57 62 64 65 71 75 78 82 
83 85 86 87 88 93 95 99 100 103 106 117 
120 123 
41
2 10 19 22 25 26 29 31 38 42 43 44 
48 56 58 62 63 67 72 73 74 88 89 91 
93 95 96 97 98 99 102 103 104 106 110 112 
113 117 118 124 125 
44
1 6 8 9 10 13 14 20 21 22 23 25 
37 42 44 47 48 50 53 54 56 57 61 63 
65 70 71 72 73 78 79 80 83 86 87 88 
99 101 106 109 111 117 122 123 
35
2 3 7 14 15 18 20 22 26 40 44 45 
47 48 55 67 69 76 80 84 87 94 95 97 
100 102 105 106 109 110 113 114 118 121 124 
36
3 7 20 24 28 29 32 34 35 38 45 51 
53 54 57 63 69 71 72 76 77 80 84 87 
90 91 93 96 103 108 112 113 117 122 124 125 
39
3 5 6 7 9 18 21 22 23 24 25 28 
30 34 46 47 50 51 54 56 57 61 62 76 
83 85 92 95 97 102 107 109 115 117 118 119 
120 121 123 
40
5 6 10 13 14 15 19 29 31 32 34 38 
41 42 47 49 53 57 62 68 69 70 76 85 
94 96 97 104 105 106 109 112 113 114 116 118 
119 120 123 125 
31
1 5 7 13 14 29 35 36 41 43 44 45 
46 50 58 61 69 76 77 83 84 85 87 89 
95 96 100 111 119 120 125 
42
1 4 10 15 20 22 27 30 32 37 38 44 
49 52 55 66 68 69 70 74 76 78 79 81 
85 87 89 91 92 93 97 98 101 103 104 108 
111 114 115 119 121 124 
36
12 13 18 20 22 25 28 29 32 34 38 44 
45 49 50 51 52 56 58 62 63 64 70 72 
78 79 91 94 97 101 102 104 113 114 120 124 
33
2 5 9 11 15 21 29 31 34 35 38 40 
42 54 57 63 64 65 73 74 76 79 80 83 
88 94 95 99 100 113 115 120 121 
37
1 6 7 11 12 13 19 21 22 24 26 27 
40 42 44 45 47 48 56 62 64 68 72 78 
82 86 91 97 99 101 112 113 114 115 117 118 
123 
30
3 4 9 13 14 16 24 26 27 28 32 33 
35 40 46 47 52 53 56 68 69 75 77 80 
95 96 105 113 122 125 
40
1 5 7 16 19 20 21 26 31 32 36 39 
41 43 49 50 52 58 60 66 69 70 73 75 
76 78 81 83 84 85 90 97 102 103 104 107 
112 120 123 125 
35
4 7 10 24 25 27 31 33 34 38 39 43 
50 51 53 57 62 63 68 72 73 74 75 77 
87 89 92 98 102 106 107 117 121 122 123 
45
1 2 3 4 9 12 13 25 28 30 32 35 
37 38 39 40 44 48 49 55 57 59 62 65 
66 70 72 73 75 81 83 84 85 86 87 90 
93 101 102 113 115 116 117 119 121 
