75 125
1 1 1 1 1 1 1 1 1 1 1 1 
1 1 1 1 1 1 1 1 1 1 1 1 
1 1 1 1 1 1 1 1 1 1 1 1 
1 1 1 1 1 1 1 1 1 1 1 1 
1 1 1 1 1 1 1 1 1 1 1 1 
1 1 1 1 1 1 1 1 1 1 1 1 
1 1 1 1 1 1 1 1 1 1 1 1 
1 1 1 1 1 1 1 1 1 1 1 1 
1 1 1 1 1 1 1 1 1 1 1 1 
1 1 1 1 1 1 1 1 1 1 1 1 
1 1 1 1 1 
39
6 7 12 20 21 22 26 27 28 33 35 36 
39 45 46 47 53 54 60 68 76 78 82 85 
87 88 89 90 98 100 102 106 107 113 120 121 
122 123 124 
39
1 2 14 15 18 19 22 25 29 31 33 34 
41 43 45 48 49 53 61 62 64 65 66 74 
76 78 81 86 87 90 93 98 104 105 107 108 
109 110 115 
51
6 7 8 9 12 13 15 16 20 22 23 24 
26 29 30 35 39 40 41 43 44 48 50 53 
54 55 59 60 62 67 70 71 73 82 83 90 
95 97 100 103 105 106 109 110 111 112 113 114 
116 119 121 
40
7 9 11 13 16 17 23 30 33 36 37 39 
42 48 49 50 51 53 63 64 66 67 69 74 
80 85 87 90 96 99 101 105 106 109 111 114 
116 117 119 122 
42
2 3 4 6 7 8 15 20 21 29 32 35 
37 42 45 48 52 55 58 61 65 67 70 71 
73 74 77 81 83 86 88 90 92 93 95 96 
101 106 115 118 123 125 
34
4 9 13 20 26 28 31 33 36 43 46 47 
48 49 52 55 59 62 67 72 76 78 79 80 
83 86 89 92 96 98 102 113 118 124 
35
4 12 14 19 20 21 30 33 34 37 38 41 
45 46 49 53 58 59 63 64 68 70 76 81 
86 94 95 98 100 103 107 116 120 124 125 
34
2 10 12 17 18 26 34 35 39 41 47 48 
50 59 62 68 71 72 77 78 79 81 82 88 
90 92 96 101 108 109 112 119 122 124 
41
1 6 9 15 16 25 26 27 28 32 34 37 
38 40 47 48 49 51 53 56 59 65 66 68 
71 75 77 78 83 87 100 101 107 109 111 112 
113 116 118 120 121 
39
4 8 16 18 21 23 32 34 35 38 39 42 
43 47 49 51 52 53 57 59 61 66 70 72 
77 83 85 86 87 91 92 93 95 97 100 102 
109 110 119 
38
1 10 11 12 14 17 18 20 24 25 27 28 
36 37 41 42 47 50 57 58 59 67 69 70 
71 74 77 82 91 93 95 100 105 109 113 116 
120 122 
34
3 4 5 6 8 17 24 26 30 33 34 35 
44 46 52 54 58 59 69 73 74 75 79 80 
81 82 87 92 99 103 108 111 112 122 
39
3 6 10 11 12 17 19 25 26 33 34 38 
42 44 50 55 60 62 67 69 70 72 74 80 
85 87 89 94 96 97 100 101 102 110 111 114 
118 119 121 
39
5 11 21 24 25 26 29 30 32 34 37 38 
42 44 47 48 51 55 61 69 70 73 75 83 
85 86 87 88 91 94 95 98 99 100 101 103 
108 115 123 
37
1 8 9 10 17 19 20 21 26 28 31 33 
39 41 44 50 58 59 61 64 65 66 71 77 
79 80 92 97 99 101 106 107 111 115 117 120 
121 
31
1 6 8 11 12 15 22 24 26 30 38 41 
43 47 51 57 58 59 61 69 74 77 90 92 
95 108 109 115 116 121 125 
40
3 7 9 10 11 20 24 26 28 31 34 37 
40 43 47 53 54 55 69 75 83 88 90 91 
94 95 97 99 100 101 103 105 108 109 111 112 
114 119 124 125 
40
1 3 4 6 7 9 15 19 21 24 37 38 
39 40 41 46 47 56 64 65 67 69 70 72 
75 84 86 88 91 93 96 98 100 101 102 107 
115 119 121 125 
41
8 10 11 12 15 16 20 27 28 32 33 35 
36 37 38 40 42 43 46 50 51 52 55 61 
64 70 74 78 79 82 83 88 97 98 110 115 
119 120 121 123 125 
35
2 17 23 28 33 39 41 44 45 47 48 49 
54 56 59 65 66 77 80 82 90 91 93 97 
98 99 100 103 104 111 114 117 118 120 124 
40
2 4 16 18 19 23 25 31 35 36 40 43 
49 51 57 59 60 61 69 72 73 74 76 82 
83 84 85 86 88 89 105 107 111 115 116 120 
122 123 124 125 
37
1 8 9 11 12 13 14 17 20 21 28 29 
31 32 33 34 36 41 45 46 47 50 56 64 
68 70 72 74 82 83 86 97 106 112 119 120 
123 
43
4 9 11 13 14 16 21 23 27 28 32 33 
34 36 38 40 45 48 56 57 59 60 61 69 
70 76 79 80 83 89 92 94 98 103 107 111 
112 113 114 115 118 119 125 
33
1 2 4 8 13 17 30 31 37 41 42 52 
56 57 59 65 66 69 75 77 79 81 83 93 
104 108 109 111 113 116 118 121 125 
39
2 6 13 14 22 25 27 35 37 40 43 44 
46 49 55 59 64 67 68 70 76 87 88 90 
91 92 94 96 102 103 104 106 108 109 111 116 
119 121 122 
42
3 4 5 6 8 10 11 12 14 19 21 28 
30 34 36 40 42 44 47 55 61 63 66 69 
72 79 80 82 83 84 86 88 94 97 101 103 
104 113 114 117 118 122 
32
2 5 6 9 10 18 20 25 29 31 32 34 
38 43 44 46 48 53 56 67 76 79 83 84 
85 92 97 99 104 105 119 125 
37
2 5 14 15 19 22 23 26 38 49 50 51 
53 55 58 60 61 62 64 67 75 77 79 85 
86 87 88 89 96 97 99 109 110 111 117 121 
123 
33
5 10 11 14 17 19 21 24 30 31 36 37 
38 39 46 49 51 59 60 70 77 78 80 85 
86 88 98 99 103 104 110 116 125 
39
2 6 11 16 23 25 30 37 39 40 41 42 
43 44 51 52 55 60 69 70 71 73 74 75 
78 85 89 90 94 95 98 103 105 106 109 110 
113 114 115 
45
6 15 16 17 18 20 24 25 26 32 35 40 
41 42 44 45 47 50 52 53 56 66 70 71 
72 75 77 80 82 83 85 86 89 91 94 101 
109 112 115 116 117 118 123 124 125 
43
4 5 6 13 14 15 19 23 27 28 30 32 
33 34 39 40 44 48 55 57 60 65 68 72 
75 76 77 79 83 85 94 96 97 98 102 104 
107 108 112 118 120 121 125 
32
5 9 10 16 18 24 25 33 35 37 38 41 
46 49 51 56 68 74 86 92 94 97 100 102 
104 109 112 114 115 120 123 125 
26
1 2 4 5 10 14 19 20 24 40 48 54 
55 58 63 65 73 74 93 94 100 104 113 118 
121 123 
31
5 6 10 13 22 24 26 31 34 35 40 44 
49 58 59 62 63 71 74 77 78 80 86 87 
100 105 108 114 119 120 125 
42
2 11 12 15 16 18 19 20 23 25 28 31 
32 34 36 40 41 45 51 52 55 58 61 67 
76 77 78 82 84 85 88 89 92 94 95 97 
102 111 114 116 118 125 
36
3 4 6 7 8 11 18 19 20 22 29 30 
36 45 50 54 56 57 60 62 74 75 77 78 
81 86 89 99 101 102 106 107 109 112 117 125 
34
2 4 13 15 17 18 20 28 29 31 33 35 
38 48 50 51 56 60 63 67 68 70 72 83 
85 88 89 92 94 101 108 111 121 124 
32
9 10 12 13 15 20 23 30 31 32 36 37 
42 44 47 57 65 70 71 81 83 87 88 90 
91 95 96 106 109 115 118 122 
39
1 15 16 18 20 21 22 26 31 34 36 41 
43 46 55 56 57 58 65 68 70 75 76 77 
81 86 92 93 94 96 99 105 114 115 116 118 
120 124 125 
44
1 2 6 10 16 20 21 29 33 34 37 39 
40 41 42 44 46 49 50 51 53 60 61 64 
67 68 69 70 71 80 85 86 89 92 95 96 
97 100 102 103 104 113 117 118 
37
2 7 8 9 27 34 36 37 41 46 51 55 
57 65 75 76 80 82 85 86 91 92 93 95 
99 105 106 107 108 110 111 112 117 119 120 122 
124 
42
1 3 5 9 11 13 15 17 29 31 33 37 
39 40 42 47 50 55 62 63 64 71 77 78 
79 81 82 85 88 89 94 97 100 103 105 109 
111 113 115 117 119 121 
35
1 3 5 10 13 15 17 21 22 24 27 30 
33 37 38 39 43 52 55 59 60 62 66 71 
79 84 88 92 105 109 110 113 122 123 124 
46
2 3 5 6 8 12 13 14 18 24 28 29 
30 31 36 37 39 42 46 49 50 56 59 61 
64 71 72 74 75 77 82 85 87 88 94 95 
98 103 109 110 111 118 120 121 122 125 
33
1 2 9 15 16 23 24 28 29 31 37 39 
52 61 62 66 72 74 77 79 81 85 87 90 
93 95 99 106 109 111 114 117 122 
36
3 5 7 13 19 21 23 24 26 27 33 35 
40 42 44 46 56 57 58 61 63 65 66 67 
75 80 81 84 91 97 102 105 106 111 121 124 
44
1 3 5 6 11 17 18 19 21 22 27 29 
36 39 45 46 52 55 57 58 61 63 64 67 
68 69 70 71 72 73 76 79 82 85 87 88 
91 94 95 101 109 112 117 121 
46
2 7 8 9 10 11 18 21 22 26 27 28 
31 34 35 38 41 42 43 45 47 54 56 58 
61 65 67 70 71 79 81 83 84 87 88 94 
96 105 107 108 111 116 119 122 124 125 
40
3 6 15 19 23 28 29 30 32 34 35 37 
41 48 50 53 55 56 57 67 68 72 74 80 
82 85 87 94 96 100 101 102 103 108 109 114 
118 121 122 125 
41
1 6 7 10 12 17 18 19 21 24 25 28 
29 30 33 35 41 46 47 53 55 58 59 62 
65 76 79 88 89 92 98 99 103 104 105 106 
112 117 118 122 124 
31
1 5 8 9 10 11 18 19 29 33 36 37 
41 44 48 56 57 63 65 67 71 75 76 94 
99 104 109 110 111 116 120 
31
7 10 12 16 20 22 23 30 37 41 44 46 
50 53 61 71 72 76 81 83 87 93 96 97 
99 100 104 106 108 114 119 
45
6 9 17 19 23 24 26 28 31 32 35 36 
39 46 48 50 51 53 54 56 57 64 65 66 
70 74 75 77 80 81 83 84 85 87 90 91 
94 102 105 111 112 115 119 121 124 
34
4 5 9 10 11 13 21 31 33 35 39 41 
42 48 49 51 57 58 65 67 68 69 72 73 
76 81 84 86 88 95 99 111 115 121 
35
1 4 5 9 18 22 28 35 36 41 43 48 
49 51 52 54 55 63 64 69 73 74 79 81 
85 86 94 96 98 99 102 107 118 119 120 
37
1 3 9 14 15 19 29 31 34 36 39 45 
47 48 49 50 52 54 59 67 68 70 71 77 
78 81 85 86 89 91 93 96 100 112 116 117 
122 
32
3 6 11 17 22 35 39 44 46 48 51 54 
58 60 63 64 65 70 76 79 83 87 93 94 
95 100 103 109 111 118 121 124 
34
1 7 10 12 18 19 21 33 36 40 43 47 
49 54 55 59 62 63 66 71 73 82 87 91 
93 94 95 100 105 112 114 117 119 121 
33
6 9 10 13 14 16 21 24 25 27 28 29 
31 32 37 41 42 45 46 49 52 54 58 60 
62 65 73 76 81 87 100 106 120 
46
4 5 7 8 9 10 11 12 14 15 16 18 
22 26 32 34 40 41 46 47 48 53 56 59 
60 63 65 67 70 71 72 75 77 80 81 85 
90 98 100 111 112 113 115 117 118 121 
40
3 8 13 15 19 20 29 31 34 37 42 48 
49 56 59 61 64 65 69 70 72 74 75 78 
80 83 88 90 91 94 95 96 97 99 104 114 
119 121 123 125 
38
4 10 15 18 22 23 29 33 36 40 49 58 
59 67 70 71 73 74 76 77 79 82 85 90 
91 93 94 96 102 106 107 109 110 118 120 122 
123 124 
35
1 3 6 7 8 10 13 15 29 34 38 43 
46 48 52 53 54 60 63 67 68 70 74 82 
87 91 97 98 100 103 105 108 118 122 125 
45
1 5 6 12 16 20 23 25 28 29 31 36 
37 40 45 47 50 53 60 65 66 67 68 72 
77 79 81 82 88 90 91 93 94 99 105 106 
108 109 110 111 114 116 120 121 122 
36
2 5 12 16 21 22 29 31 32 34 37 38 
41 43 45 49 51 54 59 63 68 83 85 87 
88 90 92 97 98 100 104 108 112 115 117 124 
39
3 4 6 7 10 15 16 18 22 28 33 36 
37 38 42 43 44 45 60 62 64 65 66 67 
69 77 81 83 85 87 90 100 102 103 104 105 
111 120 124 
40
4 5 7 11 13 14 15 18 23 25 29 31 
32 33 36 46 51 53 54 56 59 63 65 66 
69 71 76 78 79 82 83 85 95 99 101 108 
112 115 118 125 
37
1 2 4 5 7 10 13 28 29 45 46 47 
49 51 52 54 66 67 68 69 70 71 89 91 
94 96 98 101 104 106 108 109 110 111 119 121 
125 
36
11 13 15 20 22 25 28 33 35 37 38 44 
45 47 50 51 56 59 67 74 77 79 85 93 
94 97 98 99 103 104 106 108 113 120 123 125 
34
1 6 11 14 17 18 19 23 42 43 46 49 
50 53 57 59 63 69 72 75 79 80 87 91 
98 101 107 110 112 114 118 120 122 124 
40
1 7 12 17 20 21 22 24 25 29 39 42 
44 48 55 56 57 58 62 63 65 67 76 82 
84 86 90 91 96 99 100 102 104 109 112 115 
117 118 120 121 
32
3 11 12 15 16 23 26 30 37 47 51 53 
58 61 64 68 70 75 77 82 86 93 95 96 
100 103 107 109 112 114 119 125 
33
1 2 9 12 28 29 34 35 37 39 41 46 
48 50 58 67 68 70 78 81 82 86 87 93 
94 98 99 100 101 106 109 110 124 
32
3 9 12 13 14 17 18 22 24 25 27 33 
34 35 36 40 53 55 56 61 69 71 74 93 
103 107 113 115 118 123 124 125 
