50 75
1 1 1 1 1 1 1 1 1 1 1 1 
1 1 1 1 1 1 1 1 1 1 1 1 
1 1 1 1 1 1 1 1 1 1 1 1 
1 1 1 1 1 1 1 1 1 1 1 1 
1 1 1 1 1 1 1 1 1 1 1 1 
1 1 1 1 1 1 1 1 1 1 1 1 
1 1 1 
41
1 2 3 4 5 6 7 12 13 14 17 18 
19 22 25 27 30 31 33 34 35 36 38 41 
44 45 47 48 51 54 57 58 59 61 62 63 
65 66 68 70 73 
36
2 3 4 7 11 13 16 17 18 19 21 24 
25 31 32 33 35 36 37 41 42 43 46 49 
50 55 57 62 63 65 66 67 70 73 74 75 
41
1 2 5 6 7 10 14 15 16 18 20 24 
27 29 30 33 34 35 37 41 43 44 49 50 
51 52 53 56 60 61 62 63 64 65 68 69 
70 71 72 74 75 
41
1 3 4 5 6 9 11 12 13 14 17 18 
20 21 22 25 26 28 29 30 31 34 37 42 
46 50 51 52 54 55 56 57 60 61 63 64 
70 71 72 73 74 
35
1 2 3 5 6 7 9 13 18 21 26 27 
31 32 33 35 36 38 39 40 44 45 46 47 
48 51 54 56 58 60 62 68 69 72 73 
32
5 8 9 10 15 20 23 24 29 30 31 32 
35 36 40 42 43 44 46 47 48 51 52 53 
55 59 60 66 67 73 74 75 
32
1 7 9 12 13 16 17 21 27 29 30 31 
32 35 38 39 40 42 47 54 55 57 59 60 
61 63 65 66 67 68 69 74 
48
1 2 3 4 5 6 7 9 10 12 13 15 
16 19 20 23 24 25 27 28 29 33 34 35 
36 37 38 39 40 42 45 48 51 52 53 56 
57 58 59 60 63 65 66 68 69 70 74 75 
26
2 5 14 15 22 26 28 30 31 32 35 36 
37 39 42 43 46 50 51 52 55 56 63 64 
70 71 
32
1 6 7 8 9 10 12 24 25 27 28 30 
32 33 36 37 38 42 44 51 53 54 55 61 
63 64 65 66 70 72 73 75 
40
1 2 3 7 8 10 12 13 15 16 17 20 
21 22 24 27 28 30 32 34 35 37 38 39 
41 43 44 45 51 54 57 58 60 61 62 65 
67 72 73 75 
31
6 7 8 10 13 14 15 16 21 22 24 28 
29 30 34 37 41 43 44 45 46 47 48 50 
55 58 59 61 63 69 72 
37
1 3 8 9 10 11 12 14 16 17 19 21 
22 25 26 27 28 29 30 31 35 36 40 41 
44 48 50 52 53 56 58 59 60 62 69 71 
74 
36
7 11 13 15 16 18 19 22 23 24 25 27 
28 30 31 38 42 43 44 45 47 48 50 54 
55 57 58 60 61 62 63 65 66 70 71 72 
35
2 6 7 9 13 15 17 18 20 25 26 27 
28 30 31 34 41 42 43 44 47 50 53 54 
56 57 58 60 62 67 68 69 70 71 75 
38
3 5 7 8 12 14 15 20 21 22 23 24 
25 27 31 32 39 40 41 42 43 44 46 47 
48 56 58 59 60 61 62 64 65 66 67 69 
71 75 
40
2 4 5 10 13 14 15 21 22 23 24 26 
27 32 33 36 38 39 40 41 45 46 48 50 
52 54 55 59 60 62 63 65 66 67 68 69 
71 72 74 75 
33
1 3 4 9 14 15 17 22 23 25 26 27 
29 37 38 39 47 48 50 51 52 55 56 57 
60 63 65 66 67 68 69 71 75 
43
2 3 5 6 7 9 11 12 13 14 16 17 
18 20 21 25 26 28 30 34 37 39 40 41 
43 45 47 50 52 55 58 60 61 63 64 65 
66 68 69 70 72 73 74 
39
1 5 6 7 9 11 15 16 17 18 19 20 
21 23 25 26 28 29 32 34 35 39 40 41 
45 50 54 56 59 60 61 62 63 66 68 69 
71 73 75 
38
2 3 5 8 9 16 17 21 22 23 26 27 
30 33 34 36 38 40 43 45 46 48 49 50 
51 54 55 57 58 60 61 63 65 67 71 72 
73 75 
37
1 4 7 8 9 12 13 14 15 16 18 22 
23 24 26 27 29 30 31 34 35 38 39 40 
41 44 50 54 55 57 60 64 65 70 71 72 
73 
33
2 3 8 12 14 15 17 18 19 20 22 25 
26 27 28 29 31 36 39 40 41 42 45 46 
47 51 53 63 64 65 71 72 73 
43
1 3 4 7 8 9 10 12 13 14 16 17 
18 22 25 27 28 30 32 33 34 40 42 43 
44 45 47 51 53 54 55 56 57 59 62 64 
66 68 69 71 73 74 75 
33
1 3 4 6 7 8 9 10 12 13 14 17 
22 25 26 33 34 35 38 39 41 42 43 44 
46 49 52 55 58 59 70 73 74 
45
1 2 4 6 10 12 13 15 18 19 20 21 
22 23 24 25 27 29 30 31 33 35 37 38 
39 41 43 44 45 48 49 51 52 53 55 56 
61 62 64 65 68 69 70 71 73 
38
2 4 5 8 12 14 15 19 23 24 26 27 
30 32 33 36 40 41 42 44 45 49 51 53 
57 58 61 62 63 64 65 66 68 69 70 71 
74 75 
37
1 2 6 7 8 14 15 16 18 19 20 21 
22 23 24 27 30 35 36 44 45 51 52 53 
54 55 58 59 63 64 65 67 68 70 72 74 
75 
45
1 2 3 4 5 7 8 10 11 12 13 14 
20 23 26 27 28 29 32 33 35 38 39 43 
47 48 49 50 54 55 56 57 58 59 61 63 
64 66 67 68 69 70 72 73 75 
38
1 2 3 4 7 8 11 12 14 15 19 20 
22 23 25 27 29 30 33 37 40 43 47 50 
51 54 58 59 61 63 64 66 67 68 70 71 
72 75 
33
1 2 3 4 5 6 7 13 19 20 21 22 
23 29 32 35 36 38 40 41 43 44 45 46 
47 52 53 57 61 63 69 72 73 
35
1 2 5 6 7 8 9 10 11 12 13 14 
18 24 25 27 31 34 36 38 40 41 43 44 
45 46 55 58 61 63 66 69 72 73 75 
35
1 4 7 10 11 14 17 19 20 21 22 29 
30 31 34 35 39 40 48 49 50 51 53 54 
56 62 65 66 67 69 70 71 73 74 75 
40
1 3 4 6 8 9 10 12 18 21 24 25 
26 27 28 29 30 35 36 38 39 41 42 43 
44 45 47 49 51 52 55 61 64 65 66 67 
71 72 73 74 
36
3 7 9 13 15 17 18 19 20 23 24 28 
29 30 32 35 37 38 39 41 43 47 48 50 
51 52 54 55 58 61 64 65 68 71 73 74 
37
2 3 4 6 11 12 14 18 19 20 22 23 
24 25 28 29 32 33 34 36 40 41 44 48 
49 50 51 52 53 55 61 62 63 64 67 69 
70 
36
3 4 5 6 7 8 9 10 11 16 17 20 
21 24 25 26 27 34 36 38 39 42 43 46 
47 50 54 55 56 59 62 65 69 71 72 74 
34
2 3 6 10 12 13 14 15 17 18 20 21 
26 27 30 31 34 36 39 40 42 43 44 46 
47 54 56 57 59 63 69 70 73 75 
38
2 3 4 5 6 9 14 15 16 18 21 22 
23 24 25 27 29 31 35 37 38 39 41 45 
47 50 51 57 58 59 60 61 62 63 68 69 
71 75 
33
4 7 13 14 15 16 23 26 28 30 31 32 
37 38 40 41 43 44 46 47 48 51 52 56 
59 63 65 66 67 68 71 72 73 
36
2 3 6 7 8 9 10 12 15 17 18 19 
20 21 22 23 25 27 28 29 30 39 40 42 
43 51 52 59 60 61 62 63 65 67 72 73 
39
4 6 9 10 12 15 16 17 18 19 22 23 
27 28 29 31 32 33 34 35 38 45 46 50 
53 54 55 56 57 58 60 61 64 65 66 67 
69 74 75 
38
1 2 3 4 10 11 14 15 17 21 22 25 
30 31 34 35 37 38 39 40 42 45 46 50 
52 54 55 58 60 61 62 64 65 66 68 73 
74 75 
29
1 2 5 6 7 10 11 13 18 20 25 27 
28 36 40 41 44 45 48 55 56 57 65 66 
69 70 72 73 74 
40
2 4 5 7 8 9 10 11 12 18 20 21 
23 25 27 32 35 36 37 41 43 44 48 49 
50 51 54 55 56 58 60 61 63 66 67 69 
70 72 73 75 
43
2 4 6 8 9 10 11 13 15 16 17 20 
21 22 23 24 27 28 31 32 33 36 37 38 
41 45 50 52 54 56 57 59 60 61 62 63 
64 68 70 71 72 73 74 
35
2 3 5 6 7 8 11 15 18 19 20 25 
26 30 32 33 34 38 39 40 42 43 45 49 
52 55 56 59 60 62 63 64 68 74 75 
31
1 2 3 6 8 10 12 16 22 23 24 25 
28 29 30 31 33 37 38 39 40 44 52 53 
57 58 60 61 62 71 74 
46
1 2 3 4 7 8 10 13 14 17 18 19 
20 22 23 25 26 29 32 34 35 37 38 41 
42 43 44 46 47 49 52 54 55 56 58 59 
61 62 64 65 68 69 70 71 72 75 
36
2 3 4 5 7 8 14 15 17 18 19 20 
27 29 30 31 32 33 34 38 39 40 43 45 
47 51 52 56 60 64 66 67 69 70 74 75 
