50 75
1 1 1 1 1 1 1 1 1 1 1 1 
1 1 1 1 1 1 1 1 1 1 1 1 
1 1 1 1 1 1 1 1 1 1 1 1 
1 1 1 1 1 1 1 1 1 1 1 1 
1 1 1 1 1 1 1 1 1 1 1 1 
1 1 1 1 1 1 1 1 1 1 1 1 
1 1 1 
37
3 6 10 12 13 14 15 16 17 20 22 24 
25 26 27 29 30 31 32 33 35 39 42 43 
44 45 48 53 56 59 60 64 65 67 68 69 
75 
40
1 2 3 4 9 10 11 12 15 16 17 21 
23 25 27 29 30 33 34 35 36 37 41 44 
45 47 49 50 52 56 58 62 63 64 65 66 
69 70 71 72 
38
4 6 7 9 10 11 12 15 16 18 20 23 
25 26 31 33 35 36 38 41 43 44 45 47 
48 49 50 53 54 55 57 59 61 63 65 70 
71 75 
39
2 3 6 10 11 12 13 15 17 19 21 22 
24 25 26 31 32 34 35 38 39 40 41 44 
45 49 50 51 52 53 54 56 59 62 65 66 
69 70 75 
40
2 5 7 8 9 11 12 14 15 17 18 22 
23 27 29 33 35 36 37 39 41 42 43 44 
45 46 50 53 54 55 58 59 60 61 63 64 
66 67 70 72 
44
3 4 5 6 7 9 10 11 16 18 19 20 
23 27 28 29 30 31 33 34 36 37 39 40 
41 42 43 44 45 46 47 49 57 58 59 60 
63 65 66 69 71 72 74 75 
34
2 4 8 10 11 17 19 20 21 33 34 35 
39 41 42 43 44 46 47 50 52 53 57 58 
60 61 62 64 65 67 68 72 74 75 
39
1 2 4 6 8 9 12 14 15 16 17 18 
19 20 22 24 26 29 31 32 33 35 40 42 
43 44 46 52 54 55 57 59 63 64 65 67 
71 73 74 
44
4 5 6 9 10 11 12 13 14 15 16 19 
20 22 23 24 27 28 34 37 38 39 40 41 
42 43 45 47 48 50 52 53 54 56 57 58 
64 67 68 69 70 71 73 74 
30
3 4 5 9 11 21 22 23 28 29 31 33 
36 42 43 46 47 49 50 51 52 56 57 61 
64 67 68 69 73 75 
35
3 5 8 10 15 18 20 22 26 27 28 29 
31 33 35 37 38 39 40 42 43 45 46 47 
50 55 56 58 59 60 63 67 69 72 74 
40
5 6 7 11 12 13 14 15 20 22 26 27 
32 33 34 36 37 38 39 40 41 47 48 49 
50 52 53 55 56 59 61 63 65 67 68 69 
70 72 73 74 
41
5 7 8 10 11 13 16 21 25 28 29 31 
32 33 34 36 37 38 39 40 41 42 43 45 
46 47 48 49 52 53 56 57 60 64 65 66 
68 69 70 74 75 
36
2 3 4 5 6 8 11 12 14 16 19 23 
25 28 29 32 34 35 37 39 40 41 46 47 
48 49 54 59 61 62 63 64 65 67 70 75 
36
1 2 3 4 7 12 15 16 17 21 22 24 
28 29 30 31 32 33 35 39 41 42 45 48 
50 53 55 58 63 64 65 67 68 70 71 73 
30
2 7 9 11 14 16 17 23 26 28 31 32 
34 40 41 43 44 48 49 50 56 60 64 67 
68 69 70 71 72 75 
38
3 4 8 11 13 15 16 18 19 21 23 25 
27 29 30 31 32 34 36 37 38 40 42 44 
45 46 48 50 53 57 60 62 64 65 67 69 
72 74 
38
1 4 6 8 11 12 13 14 15 16 17 18 
19 20 21 28 29 30 31 34 37 38 40 41 
42 43 45 48 49 50 54 55 57 58 63 66 
67 74 
36
3 4 5 6 7 9 10 14 15 16 17 20 
22 23 30 33 36 37 38 39 43 45 46 50 
51 53 55 56 58 60 66 68 69 73 74 75 
34
1 2 5 9 11 12 13 15 17 18 21 22 
26 28 29 30 33 34 35 37 38 43 48 50 
52 55 59 62 63 65 66 68 73 74 
40
4 5 7 8 9 10 11 12 14 17 19 20 
24 25 26 29 30 31 32 33 34 38 42 45 
47 48 49 50 51 57 58 59 60 64 65 66 
67 68 72 73 
43
1 2 4 5 6 7 10 12 13 14 15 16 
17 18 20 21 23 25 26 28 32 33 39 41 
42 43 46 48 52 54 55 56 57 58 59 61 
65 66 67 69 72 73 75 
44
1 2 3 4 5 12 13 15 16 17 21 22 
30 31 33 34 35 37 39 41 42 43 44 47 
49 51 52 53 54 55 56 57 60 61 62 63 
65 66 67 68 69 70 72 74 
31
2 3 8 11 14 15 17 19 20 21 22 26 
27 28 30 33 34 36 39 40 48 52 60 61 
62 63 66 67 68 72 73 
39
2 4 5 6 7 11 12 13 18 19 20 24 
26 32 34 35 37 38 39 40 41 44 46 47 
49 51 54 55 57 58 59 60 62 64 66 67 
69 70 74 
42
1 2 4 6 7 8 10 16 18 19 20 21 
22 24 26 27 28 29 30 33 34 35 41 43 
44 45 47 48 49 51 52 53 55 57 58 60 
61 63 68 71 72 74 
35
1 8 10 11 12 13 15 17 19 25 28 30 
32 33 34 35 36 40 41 42 47 48 50 51 
53 54 55 58 63 64 68 69 70 71 72 
38
2 3 5 8 9 11 12 13 19 22 25 27 
31 34 35 37 38 39 40 42 43 45 48 49 
50 51 53 55 57 60 63 64 66 67 69 70 
73 75 
37
1 3 9 13 17 20 21 22 25 27 30 31 
32 33 34 39 43 44 45 48 49 50 52 53 
54 57 58 60 61 63 65 66 67 68 69 70 
73 
33
2 4 6 7 9 10 12 14 20 25 28 33 
35 37 42 45 48 49 50 51 54 56 59 60 
61 62 63 64 65 66 67 70 74 
37
3 5 6 7 10 11 15 20 21 23 24 25 
27 32 33 36 37 38 39 43 44 47 49 50 
51 53 56 57 58 61 62 63 64 65 71 74 
75 
34
1 4 6 7 12 14 18 19 21 22 25 26 
28 29 34 35 39 44 46 47 51 54 56 57 
59 60 61 62 63 65 71 72 74 75 
43
1 9 10 11 18 19 21 22 23 25 27 28 
29 32 34 36 37 38 39 40 42 43 44 45 
47 48 51 52 53 54 57 58 59 61 63 64 
67 68 69 70 72 74 75 
38
1 3 6 7 8 9 10 12 13 15 16 17 
19 20 22 24 25 29 30 31 33 37 39 44 
45 46 50 52 53 55 56 59 60 61 63 67 
71 74 
38
3 5 7 11 14 16 17 23 25 30 31 32 
33 34 36 37 40 42 44 45 46 47 48 49 
51 52 54 55 59 60 61 62 63 65 69 70 
73 74 
41
4 5 6 7 11 12 13 15 18 20 21 22 
23 27 28 29 30 31 32 33 34 37 38 39 
41 43 45 47 48 50 52 55 56 58 60 61 
66 67 68 71 72 
34
1 3 9 12 13 15 19 20 21 24 25 27 
28 29 31 32 34 35 38 40 44 45 46 47 
48 51 53 54 60 63 65 69 74 75 
31
1 4 5 9 10 11 13 14 19 25 28 29 
30 31 34 36 37 44 45 49 50 54 58 61 
62 65 68 70 73 74 75 
34
2 4 11 13 16 17 20 22 23 24 25 26 
27 28 33 38 39 41 42 43 44 45 46 51 
56 57 58 63 67 68 69 70 74 75 
37
5 6 7 10 11 12 14 15 16 18 19 22 
24 26 28 29 30 31 32 35 40 41 42 47 
51 52 56 58 59 60 61 62 63 64 67 71 
75 
35
1 6 10 11 12 13 14 19 20 21 22 24 
25 26 30 33 34 36 40 41 44 46 47 48 
53 54 55 58 63 65 67 68 69 71 72 
33
1 2 3 4 5 7 12 13 14 15 17 19 
21 27 31 33 37 42 43 53 55 56 59 62 
63 64 65 66 67 68 70 72 74 
37
2 3 8 9 11 14 17 18 19 20 21 22 
24 28 30 31 32 38 39 42 43 49 50 52 
57 58 59 60 61 64 66 67 69 70 71 72 
73 
36
1 3 4 5 6 9 14 15 16 17 18 19 
21 23 24 27 28 29 30 31 36 39 41 42 
44 45 57 59 61 63 64 65 68 69 71 73 
32
1 2 3 4 6 9 12 18 19 21 23 28 
31 33 34 36 42 43 44 45 48 50 51 53 
54 55 58 60 64 68 73 74 
36
3 8 9 13 14 17 19 20 21 23 26 27 
29 30 31 35 36 37 40 41 42 44 53 54 
55 56 57 61 62 63 65 66 68 69 72 75 
28
2 8 10 12 17 19 20 21 22 23 24 29 
32 35 40 41 42 43 48 49 51 54 56 62 
66 68 71 73 
37
5 6 10 12 14 15 17 19 20 21 22 23 
26 28 34 39 40 41 42 44 45 46 48 49 
50 51 53 56 57 58 60 61 62 64 65 68 
71 
38
1 2 3 5 7 11 17 19 25 28 30 32 
33 36 38 39 40 42 44 46 47 48 49 54 
55 58 61 63 64 65 66 67 68 69 70 72 
73 75 
38
1 2 4 6 7 9 10 12 14 16 27 28 
29 30 32 33 34 35 37 38 39 41 42 43 
46 47 51 52 57 58 61 62 65 66 69 70 
71 75 
