200 400
1 1 1 1 1 1 1 1 1 1 1 1 
1 1 1 1 1 1 1 1 1 1 1 1 
1 1 1 1 1 1 1 1 1 1 1 1 
1 1 1 1 1 1 1 1 1 1 1 1 
1 1 1 1 1 1 1 1 1 1 1 1 
1 1 1 1 1 1 1 1 1 1 1 1 
1 1 1 1 1 1 1 1 1 1 1 1 
1 1 1 1 1 1 1 1 1 1 1 1 
1 1 1 1 1 1 1 1 1 1 1 1 
1 1 1 1 1 1 1 1 1 1 1 1 
1 1 1 1 1 1 1 1 1 1 1 1 
1 1 1 1 1 1 1 1 1 1 1 1 
1 1 1 1 1 1 1 1 1 1 1 1 
1 1 1 1 1 1 1 1 1 1 1 1 
1 1 1 1 1 1 1 1 1 1 1 1 
1 1 1 1 1 1 1 1 1 1 1 1 
1 1 1 1 1 1 1 1 1 1 1 1 
1 1 1 1 1 1 1 1 1 1 1 1 
1 1 1 1 1 1 1 1 1 1 1 1 
1 1 1 1 1 1 1 1 1 1 1 1 
1 1 1 1 1 1 1 1 1 1 1 1 
1 1 1 1 1 1 1 1 1 1 1 1 
1 1 1 1 1 1 1 1 1 1 1 1 
1 1 1 1 1 1 1 1 1 1 1 1 
1 1 1 1 1 1 1 1 1 1 1 1 
1 1 1 1 1 1 1 1 1 1 1 1 
1 1 1 1 1 1 1 1 1 1 1 1 
1 1 1 1 1 1 1 1 1 1 1 1 
1 1 1 1 1 1 1 1 1 1 1 1 
1 1 1 1 1 1 1 1 1 1 1 1 
1 1 1 1 1 1 1 1 1 1 1 1 
1 1 1 1 1 1 1 1 1 1 1 1 
1 1 1 1 1 1 1 1 1 1 1 1 
1 1 1 1 
127
3 4 5 6 7 8 9 13 14 19 24 25 
27 28 29 31 32 37 39 40 41 43 49 53 
57 59 60 61 68 77 78 79 83 94 96 98 
101 105 111 112 113 116 126 127 128 132 138 152 
157 159 168 170 174 176 181 184 187 188 190 196 
197 198 203 212 219 223 225 230 232 233 235 237 
240 243 244 245 247 248 250 252 257 260 263 265 
268 269 274 277 278 291 297 298 304 305 309 310 
315 318 325 329 331 332 333 335 338 342 344 351 
356 359 360 361 362 363 366 374 376 377 379 382 
385 387 388 389 390 396 398 
128
6 7 9 11 14 16 19 21 30 31 33 38 
39 45 49 60 61 62 64 68 73 75 80 81 
83 92 93 98 102 103 104 107 109 113 114 120 
121 123 126 127 130 131 134 144 146 147 149 154 
157 158 162 167 171 175 182 188 191 194 195 197 
199 201 202 203 204 206 207 210 214 216 218 220 
221 222 224 226 227 228 230 233 236 241 249 253 
254 257 261 262 265 269 271 273 276 277 284 287 
292 293 294 296 297 299 301 310 311 312 314 316 
317 324 331 334 337 346 348 350 353 354 356 360 
361 371 372 373 375 385 389 391 
126
1 5 7 9 16 17 22 23 28 30 33 35 
36 41 42 45 47 49 56 62 71 76 78 83 
84 86 87 89 95 98 102 103 104 105 106 107 
108 111 113 123 126 128 129 130 131 134 135 137 
139 140 142 143 152 156 157 162 163 166 167 173 
176 178 179 184 185 186 188 190 195 197 200 201 
202 205 210 212 217 218 221 223 225 226 232 234 
235 236 237 245 249 253 257 258 260 262 263 270 
273 275 283 286 292 297 298 300 303 310 311 315 
319 322 324 332 347 348 349 358 365 366 368 379 
382 384 387 390 391 398 
105
3 6 9 10 27 29 33 34 37 38 40 42 
48 54 56 61 62 67 81 87 93 94 96 101 
103 104 118 122 123 137 139 143 148 153 155 158 
159 160 162 163 166 172 189 192 206 213 216 218 
220 225 228 232 233 234 236 241 242 244 248 251 
253 257 259 269 272 273 279 283 286 291 300 301 
303 306 308 310 316 325 330 331 332 334 340 345 
347 349 352 355 356 362 364 366 367 372 373 376 
377 378 386 387 390 392 393 397 398 
141
3 7 8 11 14 17 18 21 23 25 26 27 
29 30 33 35 37 40 41 43 44 51 53 61 
63 65 67 69 70 72 76 77 79 82 83 89 
93 94 95 96 99 101 104 106 109 111 115 116 
118 119 120 121 126 135 140 142 143 148 153 155 
161 166 167 170 178 184 186 188 189 191 196 197 
202 203 205 209 212 214 217 224 230 231 233 238 
240 245 248 250 252 258 262 266 269 274 276 278 
281 284 286 288 289 290 296 297 298 302 304 306 
307 308 309 311 312 313 318 319 321 322 332 334 
335 337 340 342 344 349 354 356 358 360 362 363 
365 368 382 386 391 394 395 398 400 
135
2 5 7 8 10 14 18 22 24 28 33 34 
38 43 47 51 53 61 66 68 69 72 73 74 
75 79 80 82 83 86 89 90 91 97 100 103 
107 108 111 113 115 121 126 127 130 131 134 140 
141 147 148 152 153 155 158 159 160 161 171 172 
173 177 178 179 181 183 187 189 194 196 197 201 
203 209 210 212 215 220 223 228 234 245 246 250 
253 257 262 265 270 272 273 275 278 280 281 284 
287 290 294 301 303 304 305 307 308 309 313 314 
315 318 321 322 326 327 329 333 334 337 344 349 
355 358 360 362 364 368 371 373 374 381 388 389 
391 395 400 
132
1 2 3 4 5 11 12 13 23 24 25 26 
29 33 35 37 38 45 46 48 55 57 64 68 
78 81 82 83 86 94 97 109 124 125 134 136 
137 138 141 145 146 147 148 156 158 160 165 174 
176 178 182 183 186 189 192 193 194 195 197 200 
204 210 212 216 217 218 219 220 223 225 227 231 
239 241 244 245 247 251 253 254 255 262 263 266 
267 270 272 274 278 286 289 293 298 299 300 301 
302 303 304 306 311 316 320 321 322 323 324 327 
334 335 338 343 347 348 352 355 360 362 363 365 
366 368 370 373 377 380 383 386 390 391 393 397 
119
10 11 13 20 26 28 31 34 36 53 69 74 
77 84 85 90 95 96 98 103 107 111 113 114 
115 118 120 126 127 129 131 132 136 138 140 141 
142 143 145 147 148 152 154 155 158 159 160 161 
167 179 182 186 188 191 195 199 201 203 208 209 
210 213 220 227 231 235 237 242 246 248 254 255 
258 260 264 267 271 274 275 278 279 281 287 289 
290 294 302 304 305 315 318 321 324 327 331 333 
336 337 339 340 341 342 349 350 351 361 369 370 
375 376 380 381 383 387 389 390 395 398 400 
106
3 7 9 10 11 13 14 25 35 38 41 44 
45 58 59 65 67 71 82 83 84 85 87 88 
89 96 100 101 115 118 120 122 123 124 126 131 
134 136 138 140 147 151 152 155 157 162 170 172 
173 178 181 187 188 191 203 206 213 215 216 218 
219 220 224 228 229 232 233 241 248 251 256 259 
260 263 264 268 279 280 282 290 296 297 300 302 
305 306 316 318 321 322 323 324 325 327 329 347 
350 356 370 375 384 386 388 394 395 400 
115
6 7 14 16 22 26 27 28 34 37 42 47 
52 56 57 61 64 72 74 76 80 82 84 85 
89 92 93 97 99 100 103 117 120 123 127 130 
139 140 142 143 145 146 149 150 159 165 166 169 
170 171 177 181 182 184 193 197 198 203 205 207 
209 213 215 217 224 230 232 236 238 240 242 243 
244 247 248 251 259 262 268 269 271 284 295 315 
321 322 328 329 330 333 339 340 341 343 344 346 
349 350 352 353 356 363 366 367 369 373 374 377 
381 384 388 390 391 395 398 
116
3 10 21 25 32 40 42 48 50 52 55 60 
66 67 68 69 73 75 76 77 79 80 86 89 
91 92 93 95 97 98 101 106 111 117 120 122 
126 127 128 130 135 137 141 142 144 145 149 153 
160 165 173 175 178 182 198 199 201 207 210 212 
213 214 215 217 219 222 224 225 238 250 251 254 
255 257 259 264 270 272 274 277 280 281 294 295 
296 297 300 303 305 309 311 312 316 321 324 329 
330 334 337 340 347 348 355 361 366 367 371 376 
380 385 387 389 390 392 398 399 
125
3 6 10 12 13 16 17 19 25 27 28 29 
30 33 40 41 46 51 54 58 62 63 71 72 
74 77 79 83 89 94 97 99 103 106 107 109 
113 114 115 116 117 120 121 129 131 132 136 144 
145 150 151 154 158 159 161 165 166 168 172 175 
176 191 198 200 202 203 204 205 208 212 213 215 
218 223 224 226 233 235 236 238 240 241 243 247 
248 249 256 258 266 274 281 282 285 286 289 290 
293 296 299 300 302 303 308 310 314 325 328 330 
335 341 348 350 352 353 355 356 367 376 379 381 
383 389 392 394 395 
121
1 3 4 8 9 10 12 13 15 19 20 24 
25 27 39 50 51 53 60 62 64 66 68 69 
72 73 75 77 79 81 86 87 90 95 103 111 
122 123 124 125 126 127 128 133 135 137 139 145 
149 151 152 154 155 163 165 168 173 176 177 179 
180 184 185 186 191 193 196 197 198 202 203 208 
210 212 214 237 238 242 244 247 252 255 257 262 
266 267 268 270 277 284 287 291 292 293 296 297 
301 305 308 309 314 317 324 326 327 329 333 334 
335 337 351 354 355 368 379 382 386 390 392 394 
400 
112
7 8 10 19 24 26 27 31 33 34 35 38 
39 40 47 51 57 58 60 65 71 81 82 83 
85 87 92 94 98 99 102 106 108 112 115 122 
127 128 129 130 135 137 138 142 143 152 155 160 
166 168 172 177 182 186 188 195 196 198 206 208 
211 212 213 215 216 220 224 239 246 254 257 259 
263 266 268 269 271 274 276 280 283 284 287 290 
294 295 298 300 306 307 310 313 319 321 322 329 
334 338 346 347 349 351 364 365 366 367 369 370 
379 380 383 391 
123
1 2 3 7 11 15 18 23 27 28 32 33 
35 40 41 44 46 49 50 54 56 61 65 73 
74 78 82 85 93 100 102 103 106 108 109 112 
114 120 135 138 140 147 151 157 161 166 167 171 
172 173 175 176 178 180 181 182 183 184 193 194 
197 200 204 206 207 209 210 219 220 224 226 227 
229 231 234 237 239 249 255 256 258 263 265 268 
270 279 285 291 292 293 294 295 299 300 304 309 
314 315 319 320 321 322 326 327 328 332 341 342 
344 345 354 360 364 369 370 372 376 379 382 383 
387 390 399 
131
2 6 7 9 12 13 19 26 30 33 34 36 
39 54 55 58 61 65 68 70 72 74 86 88 
90 91 93 94 98 101 103 104 108 114 115 118 
121 123 126 128 130 133 135 136 137 138 149 152 
155 157 158 159 160 161 164 168 169 176 177 183 
185 192 194 199 200 202 203 212 213 218 221 228 
229 230 231 242 244 245 246 250 252 253 257 259 
261 266 268 269 270 272 274 276 278 279 283 284 
290 293 296 302 314 316 318 319 320 322 323 326 
327 332 334 340 344 347 348 354 355 357 361 362 
364 366 372 373 375 377 379 384 386 392 395 
123
1 2 9 11 15 18 20 23 24 26 27 29 
37 39 48 50 58 60 64 65 67 69 70 81 
86 87 89 94 98 106 108 117 119 121 129 130 
133 135 136 138 140 142 144 145 149 151 152 161 
162 165 168 173 175 182 185 186 190 191 193 194 
195 197 199 200 202 203 206 211 213 215 217 226 
227 233 237 243 249 250 253 258 262 263 265 266 
275 282 285 286 287 293 296 298 304 306 308 311 
313 314 318 322 324 329 330 332 335 337 344 347 
348 354 355 356 364 366 367 372 374 375 377 388 
394 399 400 
107
2 3 4 5 6 9 12 15 27 36 37 39 
41 52 59 61 65 67 68 71 77 78 81 85 
87 88 90 95 98 101 110 111 115 118 121 130 
136 139 140 142 147 150 151 152 154 155 171 174 
175 181 184 196 198 200 201 203 204 207 213 215 
218 221 223 224 225 226 232 238 239 245 246 252 
253 260 262 268 270 271 275 276 279 282 284 286 
289 300 303 309 320 322 323 329 332 334 336 341 
352 353 357 359 363 364 373 382 390 391 394 
117
2 8 14 19 20 21 22 23 26 29 30 34 
35 40 42 47 48 49 52 53 57 58 61 62 
64 66 69 81 82 86 90 91 93 96 99 100 
105 106 108 110 111 115 116 118 122 130 131 134 
136 137 142 144 145 153 160 164 175 176 185 190 
195 202 204 212 220 226 228 231 232 236 237 241 
244 246 264 270 277 278 279 281 282 283 293 297 
303 307 308 309 322 332 333 338 343 348 350 351 
354 356 357 358 367 371 373 374 376 378 379 380 
381 383 386 388 389 391 393 394 399 
118
2 3 6 8 9 13 15 19 25 28 30 39 
45 47 49 50 56 61 67 73 75 78 80 81 
82 87 89 91 92 94 101 111 114 115 116 122 
123 127 134 142 144 147 148 155 161 163 170 173 
181 184 194 195 198 202 206 207 209 212 215 217 
219 223 230 234 235 238 239 241 243 245 247 248 
251 252 254 258 259 260 264 266 268 270 272 279 
288 297 299 308 309 310 314 320 321 324 328 331 
333 335 336 342 348 349 353 354 356 358 359 362 
365 369 370 374 377 378 382 389 394 399 
125
1 3 5 7 10 11 18 20 21 22 23 25 
29 30 31 35 41 42 44 54 55 57 58 67 
69 75 76 79 80 83 84 85 86 89 91 96 
97 98 99 110 123 128 129 132 134 136 152 154 
159 162 164 165 166 167 170 171 173 174 179 183 
186 192 196 198 199 202 207 208 218 225 230 232 
233 234 235 239 241 242 246 248 251 253 255 256 
259 263 264 266 268 270 276 282 284 293 308 309 
312 314 322 326 332 333 334 339 342 345 346 348 
349 350 357 358 360 368 369 370 371 376 381 382 
386 391 394 397 399 
108
6 12 13 15 16 21 27 29 33 41 50 56 
59 61 74 76 82 84 85 92 100 101 102 103 
107 112 115 117 127 130 131 135 140 142 145 146 
149 151 153 169 171 172 173 180 181 183 185 186 
188 190 192 196 197 199 200 212 213 215 227 228 
235 236 239 247 256 259 260 261 263 267 269 277 
282 284 285 287 296 297 298 302 304 305 307 311 
313 317 318 322 323 326 327 332 336 342 344 352 
355 366 369 372 377 380 389 390 391 392 394 398 
137
2 4 8 12 13 16 18 21 23 24 26 27 
29 38 40 44 45 46 48 50 51 52 55 57 
59 60 65 66 68 70 71 75 78 79 82 84 
86 87 96 98 104 106 110 114 115 116 118 119 
123 124 130 131 138 140 144 145 154 155 157 160 
162 164 168 172 173 177 179 183 190 192 194 202 
204 205 207 218 221 223 232 234 244 246 248 250 
253 255 258 259 260 262 265 269 273 274 281 282 
284 285 286 290 292 297 298 299 300 302 305 306 
307 309 310 312 314 315 316 323 330 335 336 339 
340 341 346 350 352 358 365 367 369 370 373 382 
387 390 391 395 398 
117
2 7 8 11 16 21 23 25 26 28 37 38 
39 40 45 51 56 57 58 68 69 72 73 75 
83 89 94 95 98 100 107 117 119 121 125 129 
131 133 137 142 144 150 153 154 158 165 174 177 
179 180 182 184 186 187 192 201 202 203 204 205 
210 214 220 221 222 241 243 246 248 249 250 251 
255 257 263 264 267 268 269 272 275 287 290 292 
293 294 295 299 302 303 305 306 307 309 310 313 
321 333 334 341 342 343 345 346 348 354 355 359 
364 366 373 380 384 388 392 395 397 
130
3 5 6 17 18 24 27 30 38 40 41 43 
44 47 50 51 53 55 56 57 60 62 63 66 
70 73 77 85 87 88 90 92 99 100 101 104 
105 107 109 111 114 118 129 130 135 139 140 144 
154 157 158 162 166 168 172 175 180 183 187 190 
192 196 197 201 203 210 219 221 231 234 235 238 
240 241 244 247 252 256 259 261 265 268 272 273 
278 282 283 284 287 288 292 296 300 301 303 304 
305 306 307 308 313 314 316 317 319 321 324 327 
328 329 333 336 340 345 347 349 352 355 363 364 
368 373 375 379 382 389 391 393 396 398 
126
1 7 8 9 11 20 21 29 30 34 37 40 
42 43 44 51 52 54 59 63 64 66 67 79 
81 83 85 88 91 95 103 104 108 114 116 118 
119 121 123 124 129 139 141 143 145 146 149 154 
160 163 173 176 177 180 184 186 194 196 199 200 
205 206 208 219 220 223 224 229 232 233 235 236 
237 238 240 241 242 244 247 251 252 257 261 264 
265 267 269 271 275 276 278 280 284 286 288 290 
293 294 298 304 307 312 314 315 323 327 328 337 
339 343 349 352 354 358 359 362 364 365 368 370 
373 378 382 383 393 394 
124
4 5 9 12 14 18 22 24 26 27 29 30 
32 34 40 41 42 43 44 49 51 58 61 62 
63 65 73 80 81 85 89 90 92 97 98 105 
106 109 111 112 113 118 119 122 127 133 136 143 
146 156 158 162 169 170 177 179 180 181 184 185 
186 192 195 197 200 205 206 214 218 227 229 237 
238 239 241 242 245 246 247 248 251 253 259 261 
262 263 271 273 275 278 281 286 287 288 289 296 
297 303 307 308 309 313 316 317 321 326 330 336 
342 351 352 354 356 370 372 378 379 383 384 385 
390 392 393 399 
135
2 4 9 11 12 14 16 19 20 24 26 28 
29 31 33 34 38 41 46 52 56 61 66 67 
69 74 75 76 80 81 83 85 89 91 98 100 
103 104 109 110 112 115 117 120 121 125 131 133 
135 136 137 138 139 140 144 145 146 150 158 159 
167 168 173 189 191 193 196 197 201 206 207 211 
214 217 219 220 222 223 226 228 229 230 232 233 
234 239 240 241 242 250 254 256 260 262 265 266 
279 280 287 291 292 295 296 300 301 302 304 311 
312 314 315 321 322 324 334 344 347 350 352 353 
354 358 362 363 367 370 371 372 378 379 383 384 
391 397 400 
118
1 2 3 9 13 16 19 22 23 24 25 28 
30 33 34 40 43 45 46 51 57 66 67 76 
77 79 80 90 93 94 96 99 115 116 123 127 
128 129 130 134 135 139 149 151 154 160 162 170 
175 182 186 189 191 195 201 204 208 216 218 222 
224 230 233 238 241 244 249 252 253 254 255 259 
271 273 282 283 286 288 290 291 298 299 301 302 
303 305 308 309 311 318 326 328 330 335 340 342 
344 350 351 353 355 357 359 362 366 368 369 370 
375 376 379 382 384 385 388 389 396 399 
122
2 30 31 32 33 43 44 46 51 52 56 60 
61 63 64 79 84 85 88 90 93 96 97 98 
100 101 104 105 106 108 111 116 128 130 136 137 
140 142 144 145 149 154 167 172 177 178 180 183 
189 190 196 197 198 199 202 203 209 210 212 214 
215 216 221 224 225 226 235 240 241 243 247 256 
257 260 262 264 266 269 272 278 280 282 284 287 
290 292 293 296 303 306 312 314 317 323 324 327 
335 336 338 339 341 352 354 356 357 361 366 367 
368 369 372 373 376 377 379 380 382 383 389 391 
396 397 
113
2 14 16 17 19 22 34 35 38 41 43 45 
47 50 51 67 73 76 85 86 90 91 94 108 
113 116 130 134 138 144 147 148 151 155 156 167 
169 174 175 176 177 179 180 185 188 189 190 193 
196 199 202 213 216 217 221 223 230 232 237 241 
244 248 251 253 261 264 265 266 271 273 275 276 
279 282 287 294 298 299 302 305 307 308 314 315 
318 321 325 327 328 330 334 337 338 343 345 349 
351 353 356 360 363 366 371 372 373 377 379 389 
391 392 393 398 399 
112
2 3 4 10 12 13 14 15 16 19 20 24 
25 39 40 42 45 47 53 59 64 68 73 74 
78 80 93 94 101 105 108 111 112 125 126 128 
129 132 137 140 150 155 158 161 165 175 176 188 
192 194 195 199 200 202 209 211 214 215 217 223 
227 229 237 242 245 247 248 252 253 255 257 261 
264 266 274 285 290 293 295 297 299 300 303 307 
310 314 333 334 337 339 343 346 347 349 352 356 
358 364 365 375 378 383 384 385 387 388 393 394 
395 396 397 400 
108
9 12 16 19 26 27 36 38 39 41 44 45 
48 52 54 55 62 64 66 73 78 80 83 85 
88 92 96 99 102 103 104 106 108 111 112 125 
129 134 139 140 145 148 149 151 154 162 164 167 
169 171 175 186 190 192 195 196 197 198 201 202 
207 214 216 219 220 223 232 236 246 247 249 250 
254 261 264 270 272 275 279 282 285 290 293 298 
302 304 311 322 327 332 338 339 340 341 344 346 
356 358 361 362 368 372 380 383 388 394 397 400 
116
4 6 10 21 24 25 33 36 39 40 41 43 
48 54 56 57 62 64 65 69 75 77 78 80 
83 93 95 96 100 102 108 113 114 118 119 120 
122 132 135 136 139 140 143 144 148 149 154 155 
156 158 160 162 170 171 172 175 183 186 188 189 
190 194 205 206 209 210 214 216 221 223 232 238 
241 242 245 248 261 262 266 267 268 269 278 279 
284 297 298 306 313 317 318 319 320 324 325 328 
329 330 336 338 341 342 352 359 367 368 370 376 
377 378 379 389 390 391 394 399 
128
3 14 18 24 28 39 47 48 50 52 54 63 
64 68 72 73 75 76 78 79 83 84 88 93 
95 98 101 102 103 109 110 115 121 124 127 135 
136 140 143 145 146 147 153 157 163 165 183 188 
189 191 192 195 196 199 208 210 211 213 215 221 
224 226 228 230 233 240 246 252 254 255 258 259 
264 267 270 272 275 279 281 282 286 287 290 291 
293 294 296 300 303 314 315 317 319 321 322 323 
324 325 326 330 331 332 333 337 340 343 344 347 
352 354 355 357 358 359 360 367 368 372 374 377 
378 379 381 383 384 392 395 396 
120
2 8 9 12 14 18 19 20 22 28 29 37 
41 43 46 48 56 58 62 63 68 70 72 73 
76 87 91 98 103 109 110 111 114 118 120 125 
126 132 133 134 138 143 145 149 151 152 154 156 
161 162 164 165 175 182 183 184 185 188 189 192 
193 194 195 197 202 203 207 208 210 216 222 228 
234 243 252 253 254 255 257 258 264 267 271 272 
274 276 277 279 295 300 306 309 310 314 317 318 
321 330 335 337 341 346 348 351 352 356 363 364 
367 379 381 382 385 386 389 392 393 396 398 400 
116
10 16 28 29 36 37 38 42 49 54 57 60 
63 64 66 67 68 72 74 75 77 80 82 84 
86 91 95 97 111 112 125 126 135 136 140 141 
142 144 147 149 150 151 153 156 160 162 164 168 
169 172 177 178 184 185 187 188 189 190 192 193 
194 196 199 205 208 209 210 214 218 222 230 231 
237 238 239 240 243 245 251 257 258 263 268 275 
282 284 285 290 296 301 303 305 309 310 311 317 
320 321 324 333 334 336 339 341 350 352 353 354 
359 368 372 375 380 385 390 399 
125
6 7 11 12 13 17 18 21 38 39 47 53 
58 61 64 66 67 70 74 76 77 81 82 83 
88 90 93 101 102 106 107 108 111 114 115 120 
121 123 125 134 135 137 139 141 142 143 145 151 
154 156 161 165 171 175 178 183 185 186 191 195 
201 202 203 206 211 214 221 222 225 226 228 230 
232 233 237 245 246 247 251 254 256 257 258 263 
264 266 272 275 277 278 280 281 286 287 288 289 
300 303 314 315 321 323 324 328 329 334 339 341 
342 345 351 355 357 360 366 369 370 373 375 378 
383 386 388 389 399 
116
3 5 14 24 29 32 35 37 41 46 50 58 
63 64 66 67 68 69 82 86 89 92 95 96 
100 101 106 107 109 118 128 129 131 140 142 143 
147 152 161 162 163 164 174 178 180 185 186 190 
193 194 196 202 208 211 214 216 220 222 223 224 
231 232 233 235 236 239 241 244 246 247 249 260 
265 267 273 281 283 286 287 291 292 294 297 303 
306 308 314 315 316 319 322 323 329 339 341 342 
344 347 349 356 358 366 367 370 371 372 374 376 
379 382 383 384 389 396 398 400 
126
3 6 9 13 14 15 18 20 24 35 37 44 
46 48 50 52 57 58 66 74 76 78 79 80 
81 82 87 88 94 95 96 97 98 99 101 104 
107 109 112 113 114 119 120 123 127 128 134 136 
144 148 150 151 155 166 168 170 172 173 176 178 
179 186 187 191 195 196 200 203 204 205 206 213 
214 218 220 222 223 224 232 233 234 236 240 241 
243 248 249 250 266 281 282 283 286 288 294 296 
299 302 306 309 312 313 317 318 319 323 326 338 
343 347 349 350 353 356 357 359 366 371 372 374 
382 385 387 388 395 398 
136
2 4 7 11 12 13 14 22 24 25 26 27 
29 31 33 34 35 40 44 46 52 54 55 62 
63 64 65 67 69 72 79 80 86 89 90 93 
98 100 101 104 105 106 109 110 111 112 114 118 
120 124 128 130 133 140 145 153 154 160 164 165 
175 178 182 183 184 189 190 191 192 193 196 197 
205 213 214 217 218 221 223 224 228 230 232 238 
241 244 245 253 255 256 258 261 262 268 271 275 
281 282 297 298 300 306 307 309 310 314 316 320 
321 324 330 331 334 335 336 337 342 354 358 360 
363 364 365 366 367 371 372 374 376 381 387 388 
395 396 399 400 
99
5 6 9 11 18 20 22 24 35 53 59 73 
76 77 80 81 88 89 91 94 96 104 107 109 
113 114 115 120 123 126 146 152 154 158 161 163 
166 167 170 172 177 180 182 187 191 196 203 204 
208 209 216 217 218 241 242 251 259 262 267 268 
269 270 273 274 275 276 285 288 299 300 302 303 
305 306 307 308 320 328 333 339 340 349 352 353 
355 356 360 361 362 364 369 370 373 377 383 387 
391 396 399 
129
2 6 7 8 9 11 12 15 16 19 21 25 
37 40 41 42 44 47 50 54 56 57 59 63 
67 68 70 72 74 79 81 84 85 87 93 97 
98 100 101 103 104 105 110 114 115 116 117 120 
121 123 125 126 137 140 141 142 145 148 151 154 
155 158 159 162 170 171 172 176 177 184 187 190 
192 193 196 209 210 219 220 229 231 234 235 240 
242 245 246 248 254 260 264 272 282 286 293 297 
298 299 301 304 305 306 307 309 310 314 315 320 
323 324 329 332 334 335 338 348 349 359 362 367 
368 370 375 376 382 384 390 392 397 
133
5 19 27 30 37 43 48 49 50 53 54 55 
60 61 64 69 78 81 82 86 87 88 89 94 
96 99 102 105 109 110 117 118 125 127 128 129 
131 134 136 139 140 146 148 149 150 156 158 159 
160 162 167 168 169 176 177 178 179 180 181 187 
194 195 196 198 199 200 203 205 207 208 209 210 
217 219 222 226 227 229 234 235 238 241 245 246 
247 249 258 261 262 266 267 270 272 275 277 280 
281 282 285 287 290 294 298 301 305 312 316 319 
321 322 324 326 333 335 344 355 356 358 359 367 
368 369 370 378 379 382 383 385 386 387 390 399 
400 
135
1 2 3 6 10 13 16 18 22 23 30 33 
38 41 44 45 49 50 55 56 58 60 70 71 
74 82 84 85 93 94 98 100 107 118 122 125 
132 134 135 139 140 143 144 148 149 152 155 156 
161 164 166 169 172 174 176 178 184 187 188 189 
196 204 207 208 209 210 212 216 224 225 226 227 
231 233 246 249 253 257 260 267 269 270 271 272 
273 275 279 281 282 283 284 293 299 300 302 303 
304 306 307 308 311 315 317 319 322 331 335 344 
347 349 350 352 353 354 355 356 357 359 360 361 
362 363 364 365 366 368 371 372 380 390 392 393 
396 397 398 
122
1 4 5 13 17 18 19 21 45 49 50 52 
57 59 61 67 68 69 70 73 76 80 81 82 
86 89 91 93 94 96 97 99 104 107 109 114 
115 116 117 134 136 137 140 141 153 156 167 169 
172 173 176 178 187 188 189 191 194 195 200 201 
206 208 217 218 220 221 223 224 225 228 234 239 
240 242 249 250 253 257 259 260 265 267 268 272 
273 278 282 283 286 291 293 294 297 298 299 308 
311 315 317 321 324 325 336 339 341 343 351 352 
356 361 362 364 371 372 376 377 379 384 385 393 
394 397 
134
5 7 9 11 12 15 18 19 20 23 28 29 
30 31 32 33 34 35 36 37 39 42 44 45 
46 47 54 57 58 60 63 65 69 73 74 77 
83 84 86 91 97 98 104 107 108 111 114 117 
126 128 133 136 137 139 142 143 144 145 146 152 
155 157 163 165 171 175 178 181 182 185 187 193 
194 200 205 207 216 217 224 228 230 231 232 238 
239 240 243 245 248 249 261 264 268 270 272 273 
274 275 280 286 290 291 292 293 294 296 298 301 
311 312 315 318 322 334 341 342 345 346 348 349 
353 355 363 367 370 375 379 380 381 384 385 388 
394 396 
120
2 5 9 10 11 16 18 20 21 30 36 39 
40 46 52 53 54 60 63 66 71 72 77 78 
79 80 81 87 88 92 93 98 99 110 114 115 
119 124 127 129 130 131 134 142 143 145 154 159 
162 163 170 172 173 174 175 176 177 180 182 183 
193 195 198 201 202 209 211 214 215 218 224 231 
233 234 241 242 244 247 249 251 254 255 257 266 
275 277 283 286 287 288 290 293 302 313 320 321 
323 327 331 332 335 342 345 347 351 352 353 354 
360 367 368 372 373 376 380 382 393 394 398 400 
119
1 11 13 21 23 25 26 27 29 37 41 45 
49 55 64 68 73 75 78 80 82 86 89 95 
99 100 104 105 106 110 116 117 123 125 126 129 
130 135 138 140 141 142 149 151 153 154 164 165 
173 177 179 180 182 185 186 188 191 195 199 201 
209 211 214 215 219 220 223 228 231 235 237 244 
250 251 254 255 258 260 261 263 265 267 270 272 
276 277 284 285 293 296 302 306 308 311 312 316 
317 325 329 332 341 343 344 346 349 361 362 363 
368 377 378 379 383 384 386 390 395 397 400 
97
2 6 7 13 19 22 23 31 35 46 56 63 
71 72 78 84 89 94 101 103 106 114 115 117 
122 126 127 132 137 138 141 154 158 160 170 171 
174 179 180 181 182 185 186 189 191 205 210 213 
223 224 226 227 228 232 240 242 244 247 253 257 
273 274 280 282 284 292 295 307 323 324 325 329 
330 331 332 339 340 341 344 347 348 351 353 354 
355 362 367 369 378 379 380 383 384 390 393 398 
399 
122
4 7 8 11 14 20 21 29 36 42 54 56 
58 59 64 71 74 77 78 79 81 86 90 104 
105 108 109 110 112 113 114 116 119 122 123 124 
129 145 152 155 156 158 159 167 168 174 176 180 
185 191 192 193 199 201 205 206 209 211 214 217 
218 219 231 236 238 240 243 245 248 249 260 266 
268 272 274 276 280 282 284 291 292 293 298 301 
310 314 316 318 320 330 332 336 339 342 345 346 
348 350 351 354 356 357 359 360 361 362 364 367 
368 369 370 372 375 376 377 381 389 392 393 394 
395 398 
127
1 2 4 5 7 9 11 15 32 33 34 37 
38 40 42 47 49 50 54 56 58 66 67 74 
75 82 89 97 102 105 112 113 114 115 117 119 
120 121 125 127 143 144 146 150 151 156 170 171 
173 180 186 191 192 193 197 199 200 201 202 204 
205 209 211 216 217 218 221 222 223 229 231 238 
241 243 246 249 254 256 257 277 281 284 285 286 
292 295 296 301 305 307 309 311 315 316 321 322 
325 332 333 334 341 342 343 349 350 351 354 355 
366 367 369 370 372 374 375 376 377 380 381 384 
385 389 390 393 395 397 398 
134
4 5 7 9 11 13 15 17 20 21 22 25 
28 29 34 37 41 42 50 51 55 56 60 61 
62 63 65 69 77 78 79 81 88 101 107 110 
114 119 121 122 124 127 128 130 131 132 133 134 
135 138 139 141 145 156 160 164 165 166 169 170 
171 172 173 174 176 178 179 181 186 190 191 194 
197 200 203 204 205 207 208 210 211 214 223 225 
234 239 254 255 260 263 270 272 274 276 278 279 
280 284 285 292 293 295 302 304 305 306 309 310 
312 324 326 329 334 337 338 343 345 347 349 351 
359 360 361 363 367 368 370 371 372 377 387 396 
398 399 
116
1 2 6 8 12 18 21 23 24 30 32 33 
35 36 38 40 42 43 49 51 52 53 56 59 
62 63 67 82 84 89 98 99 100 101 103 104 
109 110 116 118 121 122 124 128 131 133 137 141 
143 145 147 149 155 160 161 164 165 167 168 169 
178 179 182 199 202 215 216 217 220 222 224 231 
234 236 239 241 242 245 248 250 251 253 264 265 
271 272 274 286 289 298 303 305 308 310 317 320 
326 330 341 342 346 351 355 356 357 358 366 371 
372 373 378 379 383 392 398 400 
122
2 3 4 6 10 15 19 21 27 30 31 32 
38 41 42 43 44 47 48 55 56 64 68 70 
73 86 89 91 95 96 98 99 119 121 124 133 
137 138 139 140 144 145 146 150 151 152 153 154 
159 164 168 172 173 174 176 180 182 186 191 195 
199 203 210 211 212 213 215 218 219 221 224 225 
226 228 230 233 235 240 246 248 261 270 273 277 
278 279 282 284 289 291 292 293 300 302 304 306 
307 308 315 316 321 326 327 329 331 343 347 349 
350 352 357 360 374 379 381 383 388 389 390 392 
396 397 
135
2 3 4 7 9 10 15 19 23 24 27 32 
33 35 36 37 40 42 44 50 51 54 56 60 
65 66 68 70 71 74 75 78 84 85 88 89 
90 94 99 100 106 109 111 112 120 121 122 129 
133 136 139 140 144 146 148 150 151 155 157 158 
159 161 164 168 169 170 173 176 178 179 191 194 
212 214 218 225 226 229 232 235 236 240 245 250 
254 260 261 263 264 266 269 272 274 277 278 292 
293 295 296 297 298 299 300 301 309 311 313 318 
319 320 321 322 323 324 325 326 335 339 343 344 
345 346 349 356 359 367 372 375 378 379 386 387 
388 391 394 
119
1 3 5 14 16 17 19 20 25 35 47 52 
54 57 58 61 64 68 69 70 71 73 79 82 
87 88 100 101 102 103 104 105 107 109 112 114 
115 116 120 125 132 136 137 140 141 144 145 146 
147 160 161 162 166 174 180 181 184 185 196 199 
205 206 209 218 230 238 240 242 244 245 258 259 
260 262 265 267 268 271 272 277 278 282 286 292 
294 295 297 300 301 302 303 304 310 311 314 320 
321 323 324 335 344 345 346 349 350 351 353 354 
357 363 366 370 371 373 374 375 383 393 396 
115
3 16 17 21 23 27 30 32 34 36 38 40 
56 59 62 68 69 72 75 83 86 88 90 92 
95 99 116 119 127 129 131 139 142 144 147 148 
152 153 154 155 159 160 166 167 169 170 173 174 
176 180 183 191 193 194 197 200 209 211 213 216 
217 218 220 223 231 232 236 239 240 241 243 247 
249 252 254 256 257 258 268 269 277 282 283 287 
288 291 294 305 310 314 321 323 328 332 335 336 
337 347 351 352 355 357 359 361 370 377 380 382 
383 387 391 393 395 396 400 
122
6 17 22 24 25 35 37 46 49 51 52 53 
57 66 67 69 70 75 79 83 87 89 91 93 
94 96 99 103 106 107 108 109 111 113 117 118 
120 121 128 129 133 134 137 138 139 140 141 142 
143 145 149 151 152 157 160 166 169 170 171 172 
174 192 198 199 205 209 211 218 223 224 235 241 
245 259 260 261 272 273 279 282 283 285 286 291 
296 300 301 304 305 309 314 318 319 324 327 331 
333 336 337 339 343 345 349 350 351 353 355 359 
363 366 367 369 374 375 377 378 379 388 391 392 
394 395 
121
11 16 17 31 38 43 44 45 47 52 54 55 
59 64 66 69 74 77 78 82 84 89 94 97 
102 106 107 109 110 111 113 115 119 124 126 127 
134 137 139 142 144 146 149 155 157 161 166 170 
171 175 188 190 192 194 197 204 207 209 210 212 
215 218 224 228 229 233 248 250 255 257 258 265 
266 270 271 274 275 277 278 286 287 288 293 298 
302 307 309 315 317 319 321 322 324 325 327 332 
337 338 339 341 345 347 350 351 361 362 368 370 
371 374 375 376 379 382 385 386 391 392 396 397 
400 
120
4 5 8 10 11 15 17 18 23 25 29 30 
31 36 37 42 47 48 54 56 57 59 60 65 
71 75 78 80 82 83 85 90 91 92 93 98 
102 103 121 122 129 131 132 136 137 142 144 152 
160 163 168 173 174 175 178 188 193 194 196 200 
201 203 206 207 209 211 213 216 225 229 232 237 
238 240 243 247 252 253 260 261 263 264 268 277 
279 280 281 284 287 291 294 302 305 307 312 316 
319 321 322 323 326 328 331 332 337 339 350 357 
361 365 369 371 375 376 383 392 396 397 399 400 
117
1 8 9 10 13 16 19 23 24 27 28 35 
36 39 52 53 64 65 66 70 72 74 79 81 
82 83 84 86 88 90 91 95 96 100 103 107 
108 114 115 119 123 135 141 142 144 145 147 149 
150 153 154 160 162 163 164 169 172 173 176 177 
181 186 195 198 200 207 208 210 212 216 220 230 
247 256 273 281 282 283 288 290 291 292 294 297 
300 307 309 312 313 314 316 317 322 326 327 329 
332 334 340 342 344 357 358 359 360 365 367 368 
373 381 384 386 390 395 396 398 399 
132
2 4 12 14 15 17 18 26 27 28 32 33 
35 36 38 40 41 42 46 47 49 52 54 55 
57 59 61 62 65 66 67 70 73 75 84 85 
91 92 93 98 100 102 107 115 120 122 123 124 
125 128 132 135 139 141 144 145 149 153 163 166 
167 170 172 173 174 180 186 187 189 190 195 202 
203 206 211 218 219 221 223 224 226 233 234 236 
237 239 240 243 245 248 249 253 255 260 266 268 
272 273 274 275 276 277 292 293 299 300 301 304 
306 311 312 316 317 318 320 323 324 330 333 337 
344 348 349 350 359 364 368 370 376 378 387 391 
113
2 3 5 6 8 10 13 18 26 30 37 39 
46 50 59 62 63 64 67 68 76 79 80 99 
104 107 108 109 110 115 121 122 123 131 133 138 
139 140 142 147 149 151 152 153 154 155 157 163 
169 171 176 183 186 187 191 197 198 200 205 207 
220 222 227 228 229 237 239 250 255 256 257 259 
262 280 281 287 289 293 296 301 302 306 307 310 
313 316 318 319 320 321 324 326 335 336 338 343 
344 349 352 354 356 358 359 363 365 373 375 380 
389 393 395 396 397 
131
9 11 22 26 30 31 37 43 44 45 46 49 
51 52 56 60 62 68 72 73 74 78 79 83 
87 88 92 93 96 99 104 105 106 110 112 117 
119 121 123 124 127 130 134 135 137 140 144 146 
149 152 153 154 160 166 167 170 174 176 177 178 
182 186 190 192 193 200 202 205 206 209 210 212 
213 214 218 221 224 225 226 227 231 232 236 237 
240 241 244 246 249 250 251 253 256 266 267 268 
269 275 279 284 289 291 294 296 297 311 315 317 
319 321 323 324 326 328 329 330 334 337 340 343 
346 347 357 369 370 372 373 375 379 383 400 
117
1 5 6 10 16 17 18 21 23 40 42 45 
47 53 55 59 62 65 72 79 86 88 93 94 
97 99 101 110 111 116 118 119 120 123 127 140 
145 146 147 148 150 151 159 160 163 167 171 175 
176 179 184 188 191 196 198 199 200 202 203 214 
216 218 219 226 228 230 232 233 237 239 242 244 
247 248 260 264 265 271 278 280 282 286 289 293 
295 297 300 302 303 304 309 314 316 322 325 328 
332 340 347 348 349 350 361 362 365 366 372 377 
380 382 385 387 389 393 396 398 400 
136
1 2 4 5 8 10 12 15 16 24 29 30 
31 37 38 39 41 42 44 45 46 50 51 52 
53 54 55 57 59 61 62 72 74 75 77 79 
88 92 93 94 95 97 99 105 112 116 120 122 
124 128 136 138 140 153 155 156 160 162 163 164 
166 168 169 170 171 172 174 177 179 186 193 195 
203 207 214 215 221 222 225 226 227 229 230 234 
236 237 239 240 246 249 251 254 260 263 264 266 
267 268 273 279 280 294 298 300 304 308 310 317 
322 323 325 329 334 339 342 343 346 352 355 357 
359 362 363 364 365 370 372 375 382 386 387 388 
390 394 396 397 
123
12 13 14 17 20 30 31 33 40 41 46 48 
54 55 57 58 67 68 69 70 72 75 77 80 
81 84 85 101 107 110 113 126 128 129 139 143 
146 150 156 159 161 162 167 171 173 174 177 179 
191 193 194 195 197 202 203 205 206 217 223 230 
232 234 237 238 240 249 252 254 256 257 260 262 
263 264 267 270 273 274 275 276 279 285 287 290 
291 295 296 302 303 307 308 314 315 316 317 318 
323 327 329 335 343 344 347 349 350 352 356 357 
358 359 361 363 364 365 367 369 372 376 380 384 
386 389 390 
125
2 3 5 7 11 13 15 16 26 27 28 38 
42 48 50 52 60 61 62 63 67 68 70 72 
74 79 80 84 93 96 100 103 104 113 116 117 
118 119 120 121 124 129 131 132 133 139 140 142 
143 145 147 149 151 152 156 161 164 167 171 175 
178 179 188 192 200 201 202 205 209 214 225 227 
232 235 237 238 245 247 253 257 260 262 263 264 
266 278 281 286 288 296 297 298 305 306 308 309 
311 312 316 318 321 328 336 337 339 341 344 345 
347 348 351 353 355 357 362 363 366 369 377 378 
382 385 386 393 398 
98
1 2 8 9 16 23 27 33 41 46 48 51 
54 56 57 59 62 68 71 72 74 75 77 79 
82 83 91 94 97 107 108 109 113 114 115 116 
117 127 130 133 134 138 141 143 146 150 151 153 
156 161 162 163 166 173 175 185 187 195 198 208 
212 220 222 224 229 238 243 246 251 255 259 266 
267 278 289 298 303 305 306 318 320 321 329 331 
342 347 354 357 358 359 360 364 368 369 376 392 
395 399 
113
1 9 14 17 18 28 30 31 32 33 34 36 
39 41 42 44 48 52 53 56 64 67 68 71 
75 79 80 83 86 88 89 94 107 109 113 114 
116 117 125 126 132 134 136 142 146 154 156 157 
159 160 164 167 168 177 184 190 191 195 198 199 
200 202 205 209 214 218 220 224 233 235 238 240 
241 247 251 254 255 257 258 260 264 273 278 280 
281 286 290 294 298 301 303 304 312 315 318 321 
322 331 332 333 341 342 345 348 352 357 359 360 
363 369 374 375 387 
111
6 8 10 12 17 23 24 25 26 28 31 39 
50 64 67 79 88 94 97 99 105 106 111 112 
113 117 118 120 122 123 125 126 127 129 143 145 
146 147 152 160 164 166 168 173 182 183 185 187 
190 192 193 199 207 210 217 219 220 223 226 231 
235 242 248 251 253 254 256 264 265 267 269 273 
274 277 279 282 285 292 294 299 301 304 315 324 
328 330 332 333 334 338 340 341 343 345 346 347 
352 355 358 360 364 366 375 377 381 385 387 388 
389 391 400 
120
2 6 7 10 11 20 23 28 34 38 39 42 
45 49 53 63 67 68 72 73 79 82 83 92 
95 97 101 104 109 110 113 115 117 118 121 130 
131 132 133 139 143 150 154 155 157 158 162 163 
166 170 172 174 181 183 184 193 201 202 211 213 
217 225 226 229 230 233 234 235 236 239 241 243 
244 245 246 247 249 253 268 270 272 273 275 277 
278 283 284 290 293 298 301 303 304 309 311 314 
317 321 323 329 332 333 334 335 340 342 343 345 
348 354 355 358 364 369 370 371 373 374 387 390 
115
5 8 10 11 13 17 19 22 23 28 29 30 
34 40 46 57 61 64 69 70 75 77 79 80 
83 91 94 95 98 100 105 107 112 115 121 124 
128 131 132 138 139 142 150 152 153 157 161 169 
170 180 181 182 183 189 213 219 223 225 227 236 
237 240 241 244 254 261 263 264 269 270 271 273 
274 276 278 290 297 304 307 308 311 313 314 323 
325 326 327 328 329 330 332 333 336 339 342 344 
349 350 353 354 356 357 359 362 363 367 372 376 
382 386 389 391 396 397 399 
126
3 4 9 11 15 26 30 31 35 44 47 50 
60 63 68 72 73 75 91 93 95 98 102 103 
106 109 115 116 120 121 124 127 128 129 132 133 
137 141 142 145 148 153 154 158 159 163 164 170 
174 175 184 187 191 193 194 198 199 212 213 221 
224 226 227 228 231 233 235 236 244 245 250 253 
255 256 257 259 263 267 268 269 270 279 286 288 
293 297 298 301 302 305 306 307 309 310 315 323 
325 327 328 329 335 336 337 340 341 346 347 348 
349 350 352 354 355 356 358 359 361 363 365 371 
374 380 392 393 395 397 
135
3 4 6 7 8 9 10 12 17 18 19 21 
28 29 30 31 33 36 44 45 47 51 57 63 
69 71 72 73 74 76 77 82 89 91 94 96 
98 102 106 110 111 119 121 126 130 137 140 143 
145 146 151 152 154 156 157 158 160 162 163 165 
168 170 176 177 180 181 182 191 195 197 199 205 
208 211 212 219 223 224 229 236 242 254 260 262 
265 266 271 274 275 279 283 288 290 292 293 294 
298 299 301 303 310 311 312 313 314 315 319 322 
324 329 330 332 333 334 335 341 346 349 350 351 
356 361 368 373 378 383 384 385 387 390 391 392 
396 397 400 
113
3 4 5 7 9 10 11 14 21 27 28 30 
31 34 35 36 38 41 51 52 54 57 58 61 
66 67 71 72 79 86 91 92 94 95 96 101 
103 105 110 112 115 116 124 125 135 148 150 157 
158 163 164 165 168 171 173 174 182 184 185 186 
187 202 203 205 209 211 216 218 220 221 222 227 
228 233 235 238 247 248 250 253 256 259 261 262 
264 266 277 291 292 294 317 319 323 327 329 332 
334 338 342 344 348 354 360 370 371 372 377 378 
380 384 391 398 400 
123
1 3 5 7 10 19 24 25 27 29 34 38 
49 51 53 54 56 57 60 61 64 67 68 74 
75 76 85 99 100 103 104 108 115 118 120 125 
126 128 132 133 148 149 150 152 153 154 156 161 
162 166 169 171 175 176 178 179 185 187 190 191 
192 193 195 196 197 201 202 203 209 213 214 215 
218 227 229 230 237 239 245 246 247 249 252 255 
258 259 263 264 266 268 275 276 282 287 291 300 
302 306 315 320 321 322 326 327 329 331 336 339 
340 344 345 346 351 355 362 367 373 376 381 382 
389 396 400 
130
1 2 5 11 13 24 30 37 39 41 48 54 
55 56 64 67 69 70 71 74 81 87 89 95 
99 101 105 108 111 114 115 119 120 123 124 127 
128 135 137 141 146 160 164 167 171 174 182 183 
186 189 191 193 199 200 202 209 211 213 216 220 
225 228 229 240 241 242 243 246 248 253 256 257 
263 264 267 273 277 279 283 286 287 289 297 298 
299 301 303 309 310 312 313 314 315 317 318 320 
321 322 324 325 330 334 341 345 346 347 348 350 
353 356 357 361 362 363 366 367 369 370 371 372 
374 375 378 382 383 386 387 389 394 400 
124
1 2 5 6 18 22 26 27 29 34 38 39 
41 43 47 48 50 57 58 61 65 66 67 68 
69 70 71 76 79 81 83 84 88 91 92 94 
95 99 100 103 109 111 113 115 118 119 123 127 
128 139 144 145 146 148 151 152 154 160 161 173 
174 176 177 178 179 185 190 194 200 201 203 204 
205 211 218 224 225 226 227 229 231 234 236 238 
245 253 258 260 261 262 270 271 272 274 288 297 
300 304 305 312 313 318 340 341 342 343 344 347 
349 352 358 359 362 364 369 379 381 382 383 384 
386 394 398 399 
109
6 8 10 14 15 22 23 25 34 40 41 42 
44 47 48 59 61 66 71 77 85 88 96 98 
104 105 107 108 110 115 120 121 122 129 130 131 
136 141 142 147 149 151 152 158 159 165 167 168 
169 171 172 175 178 184 185 196 197 199 201 202 
224 225 227 231 234 237 239 242 248 250 254 260 
268 269 278 281 285 287 290 291 300 301 302 305 
306 307 308 313 322 324 326 329 330 333 345 346 
354 360 364 370 377 378 382 386 389 391 394 395 
398 
102
5 7 9 11 14 15 16 20 21 30 33 35 
42 48 57 58 59 61 62 63 66 67 71 78 
80 84 88 91 92 102 104 110 119 121 130 131 
135 143 147 156 158 160 161 164 172 177 178 192 
195 196 199 211 214 215 218 219 221 223 225 227 
228 233 235 236 242 243 244 247 251 252 253 259 
268 269 271 280 284 288 297 300 301 304 320 321 
323 327 329 334 346 349 350 351 360 361 362 369 
377 387 388 393 398 400 
125
1 3 10 11 13 14 16 18 21 23 25 31 
33 37 44 49 52 53 55 58 59 61 72 78 
79 80 81 83 86 89 91 104 107 108 110 112 
114 115 117 119 120 124 125 127 128 149 150 152 
153 154 157 165 168 178 182 186 187 189 191 205 
206 208 212 213 214 215 220 221 222 223 225 226 
230 232 233 234 238 243 245 246 248 253 255 256 
259 260 265 268 272 273 278 279 282 287 288 295 
300 301 303 309 313 319 320 321 323 324 328 329 
331 332 333 335 346 349 353 359 362 370 381 382 
384 385 389 392 400 
125
4 7 8 12 13 19 23 27 29 32 34 35 
36 39 40 43 51 52 58 59 66 67 70 73 
77 82 84 86 88 90 91 95 96 105 106 110 
112 115 116 117 119 127 130 132 135 137 138 142 
146 147 148 149 153 155 156 157 158 161 164 167 
173 175 176 178 183 186 188 192 195 196 198 204 
210 216 218 226 235 237 249 250 262 263 264 266 
268 270 271 272 273 291 292 295 303 305 308 315 
316 322 324 326 327 330 338 340 342 346 347 348 
350 352 356 359 360 362 370 372 375 376 381 387 
389 391 392 394 399 
119
10 23 31 39 40 42 51 54 56 59 62 66 
71 76 78 83 84 87 88 89 91 92 94 97 
99 104 118 119 121 122 128 132 139 141 143 161 
162 167 168 169 175 177 183 185 189 192 195 196 
197 199 202 204 206 207 208 209 219 222 225 226 
231 235 236 241 245 246 252 254 258 259 261 262 
263 269 271 272 273 275 281 284 285 286 287 288 
289 293 294 295 300 301 306 312 314 317 318 323 
327 331 332 346 347 348 351 356 357 364 365 366 
367 373 376 377 381 385 387 390 397 399 400 
137
1 3 8 18 25 30 31 34 36 39 40 43 
44 45 47 48 51 55 57 61 64 72 75 76 
77 78 79 81 86 87 88 90 92 93 94 96 
98 102 103 106 110 114 118 119 121 124 125 127 
131 134 135 146 149 153 157 159 160 163 165 168 
173 174 177 180 181 187 188 189 191 193 194 196 
197 200 202 204 209 210 212 215 216 224 231 232 
233 238 243 244 246 248 250 253 257 263 264 265 
266 269 271 273 284 286 292 293 294 300 301 302 
303 305 306 309 316 321 323 324 325 333 335 336 
337 341 344 346 351 354 356 359 360 361 364 367 
370 380 381 384 398 
105
1 5 7 17 18 20 25 26 31 32 33 35 
40 44 58 62 65 67 73 76 77 82 83 89 
92 93 96 97 102 106 109 115 118 127 134 135 
139 143 145 146 150 152 157 160 166 169 170 171 
178 179 183 187 189 191 194 195 198 200 201 213 
223 225 227 228 231 235 240 245 246 258 260 261 
265 273 275 278 282 283 291 295 304 307 308 310 
322 324 325 329 333 334 347 348 349 350 357 362 
365 367 372 373 380 387 388 396 398 
111
2 6 9 10 11 18 22 29 31 35 47 48 
52 54 56 57 65 66 78 84 85 88 89 94 
97 102 110 121 122 123 124 126 129 130 142 143 
147 149 151 163 168 169 171 172 176 177 190 192 
195 199 204 205 208 210 215 223 226 229 231 232 
235 244 249 252 256 259 262 263 267 268 269 272 
277 279 281 284 285 286 292 293 294 295 303 304 
305 306 307 309 317 319 322 326 334 346 349 350 
352 357 361 366 371 373 374 376 380 384 387 388 
393 395 399 
110
8 11 16 26 39 40 42 43 47 49 55 57 
58 63 64 66 68 70 74 76 79 80 95 97 
99 100 107 108 111 114 118 123 125 130 131 138 
149 150 152 156 161 162 165 167 170 174 175 176 
177 181 182 183 184 190 191 194 195 197 199 200 
207 210 217 220 221 233 235 245 249 255 262 265 
270 275 276 281 287 293 296 298 299 306 308 310 
321 323 327 334 337 340 350 351 353 358 362 363 
366 367 368 374 375 376 379 390 393 394 395 396 
397 399 
126
13 14 17 20 29 30 33 36 37 39 40 43 
44 46 48 53 57 59 61 69 71 75 85 86 
90 91 96 98 102 109 112 120 121 124 130 134 
138 142 146 153 154 156 160 165 167 172 177 179 
182 187 189 191 199 203 206 208 212 214 215 219 
221 222 225 227 229 231 232 238 242 245 250 251 
257 258 261 263 267 270 272 274 280 283 284 287 
289 292 294 295 297 299 301 302 303 305 306 307 
308 309 312 321 323 326 327 332 336 340 341 342 
344 348 353 354 355 358 361 363 369 374 376 377 
383 385 388 391 394 398 
122
1 4 5 9 23 26 28 29 33 36 40 42 
49 51 57 60 65 67 68 69 70 71 73 75 
79 86 88 90 92 97 103 106 111 115 122 126 
129 130 136 138 142 143 146 149 151 152 155 157 
158 159 165 166 169 170 171 177 190 192 194 198 
208 211 215 216 218 219 222 224 226 228 239 241 
242 243 248 256 257 268 276 278 279 281 282 287 
288 290 292 293 295 296 302 304 305 307 309 312 
314 317 318 321 322 324 331 334 336 337 338 339 
340 348 350 358 363 367 372 375 378 381 383 384 
390 392 
104
3 8 21 27 28 29 37 41 48 49 53 55 
59 61 62 63 68 70 71 77 79 82 89 92 
96 99 101 106 107 108 112 113 117 127 130 132 
144 150 152 154 155 161 166 169 170 174 177 179 
180 184 189 193 194 195 199 202 203 205 209 212 
214 215 217 220 226 227 235 236 237 240 248 252 
255 261 270 274 277 278 281 286 288 289 290 308 
313 319 321 330 334 338 339 341 343 345 356 357 
368 370 375 385 386 388 389 400 
106
4 7 8 12 20 25 28 31 33 43 48 49 
61 63 65 66 68 72 73 77 81 87 91 96 
97 100 102 106 109 110 111 112 113 127 128 130 
133 137 144 145 146 153 157 159 174 175 176 179 
182 186 187 190 200 201 205 208 215 217 222 232 
233 242 250 254 263 264 265 267 270 275 277 282 
285 289 290 291 294 295 297 298 305 306 314 316 
328 329 336 341 343 347 348 353 358 359 360 370 
371 373 379 380 381 387 391 392 393 395 
126
1 3 5 8 11 14 16 19 32 41 44 46 
49 50 53 54 56 57 61 63 64 69 74 79 
81 83 85 86 92 93 95 97 103 107 109 111 
125 126 136 139 143 144 150 151 155 156 157 159 
162 164 167 170 175 184 189 190 193 197 200 201 
202 203 205 206 207 215 216 217 221 222 226 227 
228 229 241 245 249 252 253 260 263 266 267 268 
278 281 283 293 297 300 302 303 308 310 312 314 
315 320 321 328 331 334 335 337 338 341 344 345 
348 349 357 364 365 366 369 371 375 376 377 380 
383 386 389 390 397 400 
123
3 4 5 25 27 28 29 30 32 33 37 39 
41 44 46 47 48 49 51 53 54 56 62 64 
70 73 74 82 84 86 93 95 101 105 111 117 
119 123 129 140 142 149 150 155 156 159 160 164 
166 167 169 170 173 174 175 179 183 186 187 191 
197 199 201 205 210 213 214 215 216 218 227 228 
232 236 238 246 249 256 265 267 269 276 280 282 
284 286 292 293 303 307 308 309 311 315 316 317 
322 323 329 331 335 337 338 341 343 346 350 351 
353 356 358 361 363 367 368 369 371 380 382 385 
392 398 400 
115
3 4 5 13 14 16 18 22 25 27 29 32 
36 38 44 49 53 54 58 62 63 67 68 71 
72 74 77 80 85 86 90 91 104 106 107 108 
111 116 120 121 127 128 129 134 140 142 143 145 
146 148 152 153 156 163 168 169 171 176 178 180 
181 186 188 208 211 218 222 227 230 235 236 237 
238 240 241 252 253 257 265 277 285 286 287 289 
292 295 296 303 304 316 317 320 323 325 329 330 
331 337 340 342 346 348 350 354 357 370 374 379 
381 382 384 390 394 395 398 
121
3 4 7 8 11 13 16 19 22 23 25 29 
33 35 38 42 45 48 51 63 66 74 75 76 
83 84 94 96 97 103 104 105 108 109 111 114 
116 117 118 127 128 130 132 135 140 145 147 148 
149 153 159 163 164 165 168 173 175 180 183 196 
197 201 212 213 214 218 221 222 225 228 232 238 
240 248 250 258 265 272 273 274 276 279 280 285 
292 294 295 296 297 298 306 314 316 319 322 324 
332 335 338 343 347 348 351 358 361 367 371 373 
374 377 378 380 384 385 387 388 389 390 393 395 
397 
113
4 6 8 16 19 22 25 28 32 33 35 40 
41 44 45 56 60 63 65 67 75 78 94 95 
96 97 98 107 112 115 116 117 120 127 131 134 
142 144 148 152 154 158 161 165 169 174 178 182 
183 184 187 190 191 197 202 205 207 210 211 215 
216 218 219 220 221 231 233 244 246 256 273 275 
280 283 284 289 292 293 296 300 302 303 305 309 
313 321 322 323 332 335 336 341 346 347 348 349 
352 360 362 367 368 369 370 377 378 384 386 389 
390 393 395 399 400 
132
1 3 9 15 16 19 23 29 33 34 38 41 
44 51 53 60 64 68 69 72 76 77 79 83 
88 89 90 93 94 96 102 103 104 109 110 112 
114 115 121 132 133 135 136 139 142 145 146 151 
152 155 156 157 173 177 178 179 181 184 188 189 
198 199 204 206 207 211 212 218 219 221 223 224 
234 236 239 243 248 250 251 252 256 257 259 260 
261 263 264 266 267 270 271 272 275 276 277 280 
283 285 291 292 294 301 316 318 320 321 322 328 
329 330 333 338 343 344 345 346 347 351 355 358 
359 362 364 366 368 369 375 379 386 387 397 399 
124
4 16 17 19 21 23 26 31 34 35 37 41 
43 45 47 48 49 54 55 57 58 59 60 65 
66 77 78 79 85 86 89 91 93 94 95 96 
97 98 100 105 107 108 109 112 116 117 119 120 
123 127 133 144 152 158 159 161 165 166 170 176 
177 187 190 193 195 200 203 209 210 215 217 223 
229 231 232 244 247 249 252 253 255 257 261 264 
265 272 273 274 275 280 287 288 290 299 305 306 
307 318 322 323 325 332 340 341 345 346 347 360 
366 367 374 375 379 380 383 384 389 391 392 393 
394 395 396 398 
121
1 3 4 6 9 10 15 27 28 33 36 37 
41 42 45 51 57 58 63 66 67 68 69 82 
84 90 92 93 98 106 109 113 118 119 121 123 
128 129 131 135 136 137 144 151 152 154 160 166 
169 170 177 179 181 183 189 192 197 205 206 207 
217 220 228 230 237 247 252 256 258 259 260 261 
265 267 268 271 276 277 282 284 287 290 294 296 
300 301 302 305 307 310 313 317 319 323 326 327 
328 330 331 332 333 335 337 343 344 349 350 357 
358 362 363 364 368 369 370 376 377 384 390 395 
396 
125
1 5 6 7 8 9 12 14 15 18 20 21 
23 30 32 34 35 39 42 44 45 55 58 59 
63 64 66 73 75 76 77 80 83 85 86 87 
90 98 101 106 109 113 114 116 117 122 130 133 
134 135 141 143 144 146 149 153 160 162 163 168 
170 171 174 176 180 184 188 192 195 198 199 202 
210 212 216 218 227 229 230 233 235 236 241 243 
259 261 262 264 272 275 276 281 282 288 289 292 
294 295 298 300 302 305 306 311 314 319 326 327 
330 332 337 338 339 341 342 365 369 370 378 379 
388 391 394 396 399 
119
1 3 6 8 11 13 16 20 21 23 28 36 
37 44 45 46 47 48 49 57 59 64 68 69 
71 74 78 79 82 83 86 91 97 98 105 109 
110 112 119 121 124 126 128 130 131 138 140 149 
153 154 158 162 169 171 174 178 181 185 188 191 
192 195 196 203 208 215 218 226 227 237 242 243 
245 246 250 254 262 270 274 275 280 281 282 283 
291 292 300 301 305 306 310 312 316 317 320 321 
323 325 337 338 342 343 352 353 356 360 362 364 
370 377 380 385 386 387 391 392 395 397 399 
110
4 6 9 13 14 16 22 23 25 28 31 33 
34 36 40 44 45 46 50 52 53 54 59 62 
64 72 78 79 81 82 97 102 103 106 108 109 
110 112 114 121 122 134 143 150 152 157 163 171 
180 190 191 194 197 203 204 208 211 212 213 218 
221 223 224 225 227 241 243 245 250 254 255 257 
261 262 264 267 271 272 275 277 278 280 283 289 
292 294 295 296 303 311 312 313 316 320 327 328 
329 341 349 360 365 366 371 379 389 393 394 396 
397 400 
125
4 6 7 8 16 19 31 32 36 41 45 46 
50 60 63 65 67 68 70 71 73 74 75 76 
81 92 93 95 99 101 102 104 107 109 113 114 
116 123 126 130 133 135 138 141 146 151 157 160 
162 168 170 172 173 175 176 177 180 182 185 190 
192 194 208 209 212 215 228 233 234 235 238 239 
243 247 248 251 259 261 263 268 270 271 273 274 
275 276 277 279 281 282 283 285 290 291 292 296 
298 302 303 309 310 311 313 315 316 318 323 327 
328 329 336 337 341 342 348 354 355 356 364 373 
381 383 385 387 390 
116
3 4 8 10 11 13 15 16 18 25 30 37 
42 43 45 57 60 67 69 70 74 75 77 80 
81 85 87 89 92 94 96 103 105 107 110 115 
117 119 122 124 129 130 133 135 136 143 144 146 
147 151 154 157 158 162 163 168 173 181 182 187 
188 202 204 205 219 224 234 239 242 245 246 247 
251 254 255 257 263 273 278 283 286 288 291 293 
294 298 299 301 311 313 315 317 327 329 330 331 
333 341 344 346 350 351 365 370 371 373 379 380 
381 382 383 384 387 395 397 400 
114
5 10 12 13 14 18 22 30 32 33 36 40 
41 46 48 50 51 52 55 57 58 63 66 67 
68 71 74 81 83 87 89 92 100 114 116 117 
118 119 123 124 125 127 130 134 139 140 141 143 
147 155 158 160 162 168 177 182 185 195 202 208 
209 213 214 218 219 230 232 233 234 235 250 253 
255 256 263 264 266 270 272 273 279 283 285 290 
291 292 295 298 299 301 302 306 309 310 311 320 
325 328 333 346 353 354 355 360 362 371 372 375 
377 382 383 387 398 400 
124
1 3 5 8 9 10 14 15 20 26 30 33 
35 38 41 42 44 47 48 53 58 63 66 68 
69 75 76 80 81 82 83 89 90 105 107 109 
112 116 121 122 126 130 132 137 144 145 147 148 
150 153 157 158 159 160 166 167 169 177 186 187 
188 191 193 194 195 201 202 203 205 207 212 217 
224 236 240 253 254 265 266 268 269 273 275 276 
283 287 291 292 295 298 300 301 303 305 309 312 
317 318 320 322 325 329 337 339 341 347 348 352 
360 361 362 365 371 373 378 379 382 387 389 390 
391 394 395 397 
113
2 3 5 7 12 18 19 26 29 30 32 34 
41 42 46 56 59 60 62 66 67 70 73 75 
77 78 79 81 85 86 87 92 93 99 102 104 
107 109 111 114 115 116 117 120 124 137 142 144 
152 155 157 167 170 171 172 175 179 186 191 197 
201 203 204 205 213 215 223 226 227 232 236 237 
241 246 249 253 255 258 260 261 266 270 271 274 
279 282 284 298 299 301 304 310 313 314 320 324 
327 330 340 346 347 348 353 354 356 357 362 364 
367 371 379 399 400 
132
1 5 6 18 19 20 21 22 23 24 29 34 
36 40 42 43 46 50 51 55 56 60 61 63 
67 69 73 74 83 91 93 95 98 104 105 106 
109 110 114 116 122 124 127 129 132 137 140 142 
148 149 158 159 163 165 166 167 168 169 171 173 
174 175 178 180 182 184 190 193 194 196 201 205 
206 208 210 211 213 214 217 220 222 225 227 228 
230 231 232 242 256 257 267 273 274 275 280 283 
289 290 291 294 300 301 302 305 306 309 310 314 
317 321 323 325 326 327 328 331 335 341 347 350 
356 357 359 360 369 371 377 387 391 392 393 396 
115
3 16 17 26 27 30 32 46 47 48 52 53 
55 58 69 70 75 87 89 92 95 102 104 105 
106 109 114 115 117 118 122 123 128 130 131 133 
136 138 139 142 144 146 155 158 164 169 172 174 
175 177 180 182 183 184 189 192 197 202 208 209 
215 220 221 227 228 243 244 248 251 252 260 263 
266 270 272 273 274 277 279 281 284 286 288 289 
292 293 298 300 305 308 315 318 319 320 323 328 
332 335 338 339 355 356 358 360 361 363 365 375 
376 380 382 385 386 391 400 
137
4 5 6 7 10 19 22 23 25 26 31 33 
34 36 38 40 41 46 49 53 59 65 68 70 
76 77 81 86 87 88 91 93 94 97 99 102 
104 106 107 109 111 112 114 117 119 120 122 133 
134 136 139 144 145 146 149 150 155 157 163 164 
166 171 172 173 176 180 182 187 189 193 200 205 
206 207 213 219 221 223 227 239 240 245 250 251 
252 253 254 261 262 263 264 267 268 273 274 283 
284 285 287 288 291 293 294 304 306 311 312 313 
317 319 323 333 339 340 343 348 351 353 354 355 
358 359 364 366 368 370 371 372 375 378 379 380 
388 392 393 395 399 
119
7 17 18 22 23 24 25 28 33 43 47 51 
56 60 63 65 66 67 68 71 74 75 76 78 
83 84 100 101 104 108 112 113 116 117 119 120 
121 124 125 126 129 133 135 136 141 143 149 158 
162 164 170 175 176 177 178 180 182 184 186 188 
200 204 209 216 217 220 222 223 224 227 234 235 
236 237 248 253 255 256 259 265 268 270 275 276 
277 278 281 284 285 287 292 293 295 297 301 303 
305 306 319 320 322 324 325 329 330 337 343 347 
361 362 370 372 375 377 379 382 388 391 400 
112
2 3 10 11 13 14 30 36 37 41 42 47 
49 54 58 59 64 65 69 71 75 77 82 83 
84 89 93 97 99 100 104 106 117 119 120 123 
129 130 135 137 138 140 141 144 146 147 148 149 
154 161 163 165 166 170 171 175 176 184 190 191 
202 214 218 219 221 230 233 237 240 242 247 248 
253 255 258 272 278 283 293 295 307 313 318 320 
325 327 328 329 336 342 348 351 353 354 355 356 
357 360 365 367 368 369 373 374 377 384 386 387 
396 397 398 400 
121
5 8 9 11 13 15 16 19 21 33 35 37 
38 40 42 49 56 61 63 64 65 66 70 82 
83 85 87 88 93 96 97 108 109 111 113 116 
117 118 123 124 125 129 141 144 145 149 152 154 
156 157 160 162 166 169 178 180 182 187 190 194 
196 197 200 205 209 214 217 219 220 224 228 229 
234 236 239 240 243 248 251 255 260 261 266 269 
271 280 282 284 285 286 287 290 304 305 307 308 
312 319 322 324 335 346 349 351 352 354 355 359 
364 365 368 369 371 375 379 387 390 393 395 396 
400 
126
5 6 8 13 15 22 24 28 30 35 38 39 
40 41 46 54 55 56 58 62 65 66 73 79 
81 83 84 88 91 95 98 99 101 108 110 111 
112 113 114 127 129 131 138 140 146 151 156 157 
161 163 165 168 170 171 172 176 177 180 181 182 
183 188 190 193 196 197 199 200 209 214 216 218 
225 228 230 232 236 241 243 249 254 259 270 272 
276 279 281 282 285 291 298 301 302 311 312 313 
317 318 321 323 328 331 335 336 338 340 342 346 
347 350 351 352 354 357 361 364 365 371 374 379 
384 386 391 393 395 398 
129
1 6 8 9 10 14 17 18 26 27 28 30 
31 34 37 38 42 43 44 47 50 51 64 65 
71 73 75 76 78 79 85 87 89 101 103 109 
112 116 117 123 127 128 132 133 135 137 139 141 
145 150 154 157 159 161 162 165 166 168 170 179 
183 189 197 198 200 204 210 214 221 222 224 226 
227 229 230 232 233 238 242 244 248 251 252 259 
262 266 270 271 272 274 275 276 277 282 290 291 
293 295 296 299 304 308 310 312 319 320 321 322 
324 325 335 336 343 346 348 351 352 355 359 360 
363 368 371 373 374 377 385 390 391 
122
8 11 12 16 18 26 29 30 35 37 38 41 
45 46 49 54 59 72 73 90 93 95 102 104 
112 116 118 123 128 131 135 136 138 142 145 147 
150 156 165 169 173 174 178 180 182 183 184 185 
186 188 190 193 194 199 204 211 216 219 222 223 
228 230 231 237 238 240 241 243 244 246 251 252 
255 258 259 261 265 266 269 273 278 282 286 289 
290 292 295 299 303 306 307 309 315 318 319 320 
322 323 326 327 328 331 333 343 345 348 352 353 
354 355 358 359 365 368 369 383 387 389 394 397 
398 400 
107
4 5 12 17 20 21 23 29 36 37 39 51 
56 63 71 74 75 76 77 80 81 87 90 94 
101 105 113 114 115 124 126 132 134 143 148 149 
156 157 165 174 175 177 179 182 184 185 187 188 
190 202 203 206 207 215 219 223 225 226 227 233 
235 236 238 246 251 253 256 259 274 275 279 280 
281 283 285 286 288 290 293 301 302 308 314 315 
317 320 329 331 332 333 340 341 345 353 354 355 
358 371 375 376 385 390 393 394 396 397 399 
107
9 10 14 19 22 23 24 26 29 32 36 40 
54 61 67 71 73 77 79 80 85 88 92 99 
104 106 107 108 111 112 113 114 121 122 123 124 
130 135 138 146 151 156 159 165 167 169 170 171 
173 174 184 189 201 209 213 215 218 221 230 231 
237 241 248 249 250 255 261 262 263 264 268 270 
274 277 286 292 294 295 297 305 306 319 322 323 
330 331 332 333 342 345 352 353 354 362 365 368 
369 370 373 382 383 385 386 388 390 392 397 
124
9 11 15 18 21 23 24 25 26 27 31 35 
41 42 47 50 51 57 58 59 63 64 67 70 
71 72 77 78 79 83 88 89 94 95 96 102 
105 107 112 113 115 133 134 136 142 143 144 152 
155 157 161 162 163 168 169 171 173 175 176 177 
178 179 180 186 189 190 196 201 205 206 210 211 
212 215 224 225 227 230 234 237 241 244 245 247 
256 259 261 263 264 266 267 269 270 273 284 286 
290 303 306 308 310 320 322 328 329 331 335 336 
345 349 353 354 356 357 359 368 372 374 384 385 
391 393 396 400 
108
4 5 6 10 17 22 26 31 34 35 40 42 
47 48 51 56 59 62 66 68 74 77 79 80 
85 91 100 101 102 107 118 119 123 129 130 132 
133 134 135 137 138 142 144 146 147 149 156 161 
163 165 170 171 173 176 187 189 191 194 195 201 
205 210 213 218 223 230 233 238 240 241 242 246 
248 249 252 253 260 266 277 287 297 299 301 305 
307 314 320 323 329 333 339 342 351 352 355 360 
370 371 372 375 380 381 386 387 388 395 396 397 
117
1 2 4 5 7 8 9 17 21 26 28 30 
32 34 37 51 55 56 57 58 60 64 65 70 
71 72 73 78 79 80 86 92 100 102 105 121 
126 127 135 136 143 147 154 159 170 173 177 183 
185 186 191 192 195 196 203 204 207 208 210 218 
219 220 225 228 237 241 244 245 251 254 261 265 
267 270 273 276 282 287 288 289 292 296 300 301 
302 307 310 315 316 318 321 323 327 328 330 333 
336 339 342 343 345 353 355 359 366 370 374 381 
383 384 386 388 392 394 395 396 398 
121
1 2 5 10 13 16 17 19 23 24 33 34 
38 39 44 45 57 58 63 65 66 67 68 78 
80 82 87 92 97 102 103 106 116 123 127 128 
135 139 142 144 150 151 156 157 158 166 171 172 
177 181 186 188 189 193 202 203 204 205 207 210 
213 217 218 227 228 230 233 252 253 254 263 264 
265 270 271 272 273 276 279 283 287 288 289 294 
296 298 302 305 306 312 314 318 324 325 329 332 
339 342 343 348 349 356 361 363 364 365 370 371 
372 373 374 376 380 381 384 387 393 396 397 398 
399 
124
1 8 11 13 14 16 17 20 29 34 44 48 
51 52 60 61 65 67 70 79 80 92 95 100 
101 108 110 113 117 121 123 126 127 132 135 136 
137 138 142 145 146 147 148 150 152 154 155 156 
160 164 167 172 174 179 180 185 189 192 193 196 
197 206 210 214 216 219 222 225 228 229 233 234 
240 244 245 246 247 249 253 257 260 262 263 264 
271 272 273 278 280 290 293 294 299 300 301 303 
304 309 310 319 321 325 329 330 333 334 335 343 
346 348 349 357 362 364 367 369 377 379 380 385 
387 388 389 391 
129
1 2 4 7 8 9 10 11 21 22 23 28 
29 37 40 41 43 48 56 58 60 63 69 71 
75 76 82 83 85 86 87 90 93 96 100 102 
109 112 115 121 125 128 132 139 145 146 149 154 
155 157 158 163 170 181 185 188 193 194 195 197 
201 207 209 223 224 226 231 232 235 239 242 248 
249 251 253 254 258 265 270 273 274 276 279 280 
281 287 290 291 292 299 307 308 311 312 315 317 
323 324 329 330 335 338 340 341 343 344 346 347 
350 352 353 357 358 359 360 361 362 363 375 376 
381 383 386 388 390 392 394 398 399 
111
3 4 5 8 9 11 16 18 21 23 26 34 
36 38 39 40 46 49 51 54 65 69 70 71 
73 74 77 87 88 89 93 94 98 101 102 105 
111 120 128 130 131 134 144 146 147 149 156 160 
165 166 167 169 171 172 176 182 183 186 194 204 
205 208 209 211 219 224 225 226 229 236 241 242 
244 245 246 247 250 253 254 264 265 267 277 279 
283 296 301 304 310 317 319 344 345 346 347 348 
350 351 353 355 359 366 369 373 376 380 383 386 
388 390 391 
124
3 4 6 14 19 23 28 33 40 45 46 48 
49 51 52 53 56 59 64 69 70 77 94 101 
105 106 109 110 111 113 114 115 117 118 121 122 
126 128 129 131 132 137 138 141 142 148 151 152 
153 161 164 169 170 171 173 174 177 185 191 194 
196 200 203 207 209 211 212 216 217 228 230 238 
247 249 251 252 254 258 264 268 272 278 279 281 
283 293 294 295 302 305 307 308 309 310 311 312 
318 321 324 327 329 331 333 335 336 340 342 346 
347 348 351 353 355 356 359 364 365 366 369 375 
387 391 392 394 
102
12 17 24 28 32 38 40 41 42 43 45 46 
47 51 53 54 56 64 67 68 78 80 81 85 
87 88 90 91 92 98 103 105 109 111 120 125 
126 130 131 139 144 150 152 160 161 163 165 171 
173 174 179 186 193 194 196 198 203 206 207 208 
214 215 219 223 238 240 243 250 252 254 261 264 
269 271 276 279 286 290 294 297 307 318 319 321 
325 328 334 335 338 349 352 354 357 363 371 374 
375 376 378 382 395 398 
118
8 15 19 23 26 30 37 39 40 48 49 50 
53 60 61 64 65 66 68 70 72 78 82 89 
90 98 101 102 106 109 114 116 121 123 125 132 
135 138 141 144 147 152 157 158 161 162 167 172 
174 175 178 179 181 186 190 195 200 202 203 205 
206 209 212 213 216 223 232 239 243 254 255 256 
257 265 267 274 275 277 287 288 289 294 298 302 
304 308 313 316 322 323 324 328 329 330 331 332 
334 341 342 345 347 348 351 352 358 362 365 367 
368 371 373 375 377 380 391 397 398 399 
116
2 5 10 11 19 20 24 25 26 27 28 30 
32 39 44 46 52 54 59 63 64 66 78 79 
80 87 89 91 95 97 100 103 108 111 113 117 
119 128 130 131 133 135 141 148 150 152 155 156 
173 178 179 183 188 189 190 195 196 197 199 204 
205 206 210 211 218 219 221 225 230 236 238 240 
244 248 250 257 262 264 267 275 285 287 288 290 
292 297 298 300 302 303 305 307 310 322 327 331 
333 336 337 339 340 342 350 351 355 358 359 362 
364 366 382 387 393 396 397 398 
129
1 2 4 9 10 15 21 22 23 27 29 30 
37 39 41 44 46 47 53 56 57 58 59 63 
72 77 81 88 93 103 105 106 109 112 118 120 
121 122 123 126 127 129 131 140 143 145 146 148 
150 164 170 173 175 177 182 183 184 187 192 195 
197 199 201 202 206 209 210 217 218 220 224 227 
230 233 238 243 245 250 257 258 265 267 270 273 
275 278 279 295 301 303 304 306 307 308 309 311 
314 315 317 319 321 327 328 332 333 336 337 339 
340 341 342 344 345 348 353 357 362 365 367 370 
377 385 387 388 390 391 394 396 399 
120
4 6 8 11 12 13 19 20 25 31 35 39 
40 41 42 46 47 48 53 60 63 65 66 68 
69 73 79 87 89 93 100 102 118 125 130 136 
139 141 150 152 154 155 157 158 159 160 162 166 
168 170 172 174 175 179 181 185 189 190 199 200 
203 207 211 219 220 221 222 225 227 228 230 232 
235 236 243 246 249 254 260 263 267 270 275 276 
278 281 288 289 290 291 292 293 301 302 304 306 
307 322 326 328 334 339 349 354 359 360 361 362 
364 367 373 377 380 381 386 389 392 393 398 400 
117
3 6 8 9 12 14 16 20 26 31 34 36 
38 44 53 59 61 63 66 72 75 77 80 94 
102 106 107 111 114 118 119 127 128 132 133 139 
141 148 150 153 154 155 158 163 164 170 173 175 
180 183 186 189 197 198 200 206 211 212 223 225 
226 230 231 233 235 237 246 249 250 252 256 259 
272 273 274 275 279 280 286 289 294 298 301 303 
306 308 311 313 315 318 323 324 325 330 335 336 
338 343 344 351 356 359 362 363 366 368 370 372 
378 384 386 387 391 392 394 398 399 
105
9 10 13 16 19 20 24 27 29 30 31 33 
37 38 39 40 41 50 55 56 60 67 68 70 
71 77 78 92 95 100 103 106 107 112 114 115 
120 122 124 126 127 139 142 145 147 151 152 156 
157 159 164 167 168 169 172 175 176 188 189 190 
193 205 207 209 219 220 222 236 237 242 243 247 
251 254 258 263 268 273 277 286 287 290 293 300 
301 309 331 332 333 336 338 340 343 344 351 352 
356 359 363 364 379 382 390 397 399 
132
2 4 5 6 9 10 11 14 15 21 26 30 
34 35 39 44 46 48 57 60 62 64 65 66 
68 71 72 74 75 78 82 89 91 92 101 112 
114 119 120 125 129 130 134 136 137 139 142 145 
147 152 153 157 159 161 163 165 166 168 171 180 
184 187 188 192 199 200 201 205 206 207 208 217 
219 222 226 230 231 237 238 241 242 244 248 250 
254 255 258 259 260 263 266 267 270 275 278 281 
284 285 290 292 297 300 301 302 306 316 321 322 
323 324 329 330 336 341 342 343 346 348 353 356 
363 364 366 367 368 369 379 380 383 396 398 400 
135
2 3 4 9 10 18 23 26 29 31 34 46 
49 50 56 58 59 65 67 74 77 83 84 87 
88 91 92 95 99 100 101 103 106 107 111 118 
122 124 128 129 132 133 139 142 143 144 145 147 
148 152 153 154 156 163 165 168 169 171 174 180 
181 183 188 190 193 195 196 197 203 204 205 207 
211 215 217 218 220 225 227 236 238 240 242 244 
248 250 253 254 258 259 260 263 269 274 279 282 
285 288 292 294 296 306 311 312 313 320 323 324 
326 327 329 337 341 343 345 346 349 351 354 357 
358 361 366 371 372 374 376 383 384 385 386 388 
393 394 400 
117
1 2 4 5 8 15 19 21 29 30 36 37 
38 42 44 46 50 57 59 65 69 70 73 75 
77 80 82 87 88 89 97 98 99 101 107 108 
110 117 119 129 135 139 146 148 149 152 153 169 
174 177 178 181 182 188 193 195 197 201 202 203 
205 207 209 216 218 226 229 231 236 243 248 250 
258 263 264 270 273 274 276 279 289 292 293 294 
295 299 301 302 304 307 308 309 310 313 315 316 
322 325 334 335 336 340 342 347 349 350 355 359 
363 368 373 374 378 380 391 395 398 
112
5 10 19 25 26 34 36 37 38 39 48 53 
55 57 60 62 65 70 72 75 82 84 86 87 
93 94 95 98 102 103 106 107 112 113 118 119 
122 126 127 129 137 139 141 149 154 155 156 157 
159 160 164 165 167 169 177 179 185 191 196 197 
200 201 208 213 215 227 230 231 236 246 247 253 
255 256 264 270 271 272 279 280 282 283 291 295 
297 299 307 311 314 315 316 318 326 339 342 355 
357 361 363 366 369 370 371 372 378 382 383 384 
385 390 393 399 
107
2 4 6 7 10 14 17 18 19 23 30 33 
40 41 47 49 57 58 59 60 74 76 80 81 
84 101 106 107 109 110 111 122 124 125 131 132 
135 138 140 142 143 147 149 152 155 165 170 172 
173 175 177 180 183 192 193 198 202 203 208 209 
213 215 231 232 245 246 249 250 253 254 256 260 
263 264 270 272 274 278 282 285 291 295 305 309 
311 313 316 326 334 341 342 347 353 357 363 366 
368 369 371 376 380 385 389 393 396 397 398 
118
2 4 6 7 9 14 20 29 35 43 44 48 
52 57 60 67 72 84 85 88 89 90 98 104 
105 106 111 112 121 124 126 130 131 133 134 138 
143 144 145 149 150 155 159 167 172 178 182 184 
185 186 188 191 192 199 201 202 205 207 210 213 
215 217 218 221 228 234 237 238 239 242 245 246 
247 248 254 257 258 261 265 268 271 272 273 274 
286 288 291 294 301 302 304 307 308 309 310 312 
313 324 326 328 329 336 346 349 350 351 352 359 
361 366 367 378 385 387 389 390 394 399 
114
1 2 4 9 12 28 31 33 41 43 49 51 
55 56 57 61 67 74 75 78 93 94 95 96 
101 102 107 111 112 119 120 123 125 129 131 134 
135 136 137 138 140 142 143 145 151 156 157 165 
169 172 175 178 188 189 191 192 194 195 196 198 
207 215 216 218 221 225 228 230 233 239 240 242 
249 256 262 263 264 267 268 271 276 278 283 286 
288 290 293 296 298 301 304 314 318 319 326 334 
337 341 347 348 350 357 358 360 367 368 370 371 
373 375 380 383 387 388 
124
2 3 9 14 15 21 22 23 28 29 33 34 
39 44 47 49 54 58 59 63 72 77 82 84 
85 88 90 94 97 99 100 101 103 104 106 109 
110 115 126 133 135 137 143 145 147 149 151 154 
159 164 169 173 176 180 184 192 193 199 207 208 
209 210 211 214 215 225 228 231 233 245 248 253 
255 259 264 270 271 272 276 282 286 290 292 295 
296 297 302 305 307 309 311 312 313 315 322 324 
328 329 330 331 334 336 340 341 346 347 349 353 
361 362 368 369 370 379 381 382 383 385 387 389 
392 395 397 400 
124
4 7 8 9 13 14 15 16 20 23 26 27 
28 30 33 34 35 40 44 45 52 54 58 65 
74 75 76 79 81 89 92 96 99 101 102 106 
110 111 112 113 118 121 126 128 131 151 157 159 
160 161 162 167 168 169 171 173 174 176 182 190 
191 194 196 199 203 209 210 211 213 214 215 222 
223 225 226 227 243 248 249 255 257 260 262 263 
265 274 275 276 278 279 281 283 284 292 296 297 
304 313 315 322 323 331 336 337 340 342 344 351 
353 356 357 358 360 364 365 368 371 376 380 382 
387 390 391 399 
120
3 6 9 24 26 27 28 31 36 40 45 46 
47 51 52 59 61 71 73 77 79 83 88 91 
92 94 95 101 103 105 107 110 112 117 120 121 
127 131 132 134 135 137 142 146 151 153 155 157 
165 166 170 171 173 180 182 186 187 189 190 192 
200 204 205 206 211 212 213 217 219 220 222 223 
225 227 229 230 233 237 238 239 241 244 248 249 
250 251 279 288 289 291 294 300 306 307 312 316 
322 324 326 329 337 339 344 346 350 351 355 356 
358 361 369 371 372 376 387 389 390 391 395 400 
115
3 5 7 9 12 13 15 25 29 30 32 38 
45 47 49 56 62 67 68 73 77 84 86 99 
101 105 106 108 109 120 121 123 125 127 135 140 
143 145 151 153 154 155 156 157 160 161 162 165 
169 177 179 181 182 187 192 193 194 196 198 200 
204 209 213 215 218 223 232 233 235 238 240 244 
250 258 262 263 264 276 282 283 285 286 288 290 
297 301 310 311 314 315 324 326 328 337 339 340 
341 342 349 354 355 361 365 367 368 370 371 372 
377 380 381 383 385 391 393 
113
3 9 10 13 18 19 33 34 37 40 41 46 
47 50 59 64 70 74 75 85 86 89 90 95 
97 108 114 115 118 119 121 123 125 126 127 133 
135 136 141 142 147 148 160 163 169 174 176 179 
181 189 193 198 201 203 204 205 206 208 209 215 
217 218 220 223 228 233 235 244 246 248 251 259 
263 272 275 278 280 281 285 287 294 298 299 303 
307 310 311 312 313 322 324 327 329 332 336 344 
345 354 357 358 359 366 371 372 373 374 376 379 
382 383 387 394 395 
110
2 6 10 12 14 18 19 37 43 46 54 56 
57 62 67 68 69 75 77 79 80 86 89 90 
91 96 100 106 109 110 116 118 119 122 124 125 
129 131 133 134 138 139 144 145 155 158 160 162 
169 171 173 175 180 184 190 192 201 202 203 208 
217 222 226 229 233 234 236 244 258 261 263 266 
269 277 281 284 285 288 293 294 298 300 302 304 
309 310 312 314 320 323 325 333 343 348 350 351 
353 354 357 361 373 374 375 381 384 388 389 390 
395 399 
110
1 6 9 13 14 17 19 22 25 32 34 37 
40 46 53 62 64 67 71 79 80 81 82 86 
90 91 95 100 103 104 109 113 114 116 122 124 
126 133 139 149 155 157 160 163 165 169 170 173 
174 175 177 182 185 188 190 194 204 227 231 235 
246 258 259 260 262 264 265 267 268 269 272 274 
280 282 284 285 292 298 301 302 305 307 308 315 
316 318 319 321 322 329 331 337 338 341 350 353 
354 355 358 363 366 370 373 380 383 387 389 393 
396 399 
116
4 7 8 10 15 19 20 24 25 28 34 41 
43 46 47 49 52 53 55 60 61 62 69 71 
76 89 90 93 96 102 103 109 112 117 119 124 
127 130 133 134 143 151 155 156 158 160 163 169 
171 173 178 181 185 188 192 199 201 202 211 216 
219 221 222 224 225 228 230 231 236 245 251 256 
258 260 268 270 271 272 273 280 285 290 296 297 
298 310 313 314 315 318 323 327 328 332 339 340 
344 349 352 357 359 360 362 364 366 368 372 373 
375 376 377 380 381 387 396 400 
115
3 5 7 8 9 15 24 26 32 35 36 37 
42 46 54 57 64 68 72 74 75 80 87 90 
94 97 103 104 108 109 113 130 131 132 134 138 
141 144 146 150 153 156 157 161 162 164 166 170 
174 176 178 183 184 186 188 191 192 195 196 204 
207 208 210 212 225 227 229 230 231 235 237 246 
247 249 256 264 265 267 277 282 290 291 293 298 
300 302 306 309 317 319 320 323 324 327 330 331 
333 335 336 339 342 356 369 371 374 381 382 384 
385 390 392 393 394 397 398 
107
10 17 18 20 24 27 29 47 48 53 56 59 
65 66 69 72 74 75 77 84 88 95 98 99 
100 101 102 104 112 114 118 121 143 144 150 152 
154 155 160 162 168 170 177 180 182 188 192 194 
199 208 209 213 217 222 223 224 228 231 232 233 
235 237 239 241 244 246 249 252 254 259 261 267 
269 275 282 288 289 292 293 295 296 299 300 304 
309 311 314 318 326 328 333 334 340 346 347 349 
351 352 364 366 372 374 381 389 390 391 400 
129
2 3 4 5 8 9 10 15 18 19 20 22 
23 24 27 29 32 33 35 37 40 43 44 55 
57 59 65 67 70 74 75 77 78 82 85 86 
87 88 90 93 94 99 102 103 106 109 112 124 
126 132 140 141 146 147 151 152 158 160 162 163 
167 171 172 173 177 179 180 187 194 195 205 207 
209 213 218 221 224 225 228 229 230 231 232 233 
234 236 241 245 246 250 251 270 274 281 285 294 
295 298 308 312 313 314 315 316 318 321 332 336 
338 341 345 347 350 351 352 354 355 357 361 364 
371 374 375 377 380 395 396 399 400 
117
1 5 6 9 12 14 17 20 22 23 27 30 
33 37 39 40 41 43 44 51 57 63 72 73 
74 86 88 89 97 100 101 107 113 114 116 124 
126 131 132 134 136 137 138 141 145 146 147 153 
156 165 168 172 190 196 197 201 204 206 207 210 
212 214 215 216 217 218 219 220 223 224 228 229 
232 238 239 240 242 246 247 249 251 257 258 261 
262 266 274 276 279 280 281 284 291 296 297 298 
301 302 307 309 314 318 341 343 344 349 351 354 
360 364 365 367 371 375 379 387 395 
102
6 13 14 23 27 31 32 33 35 39 44 46 
47 48 53 57 59 87 89 91 92 93 100 102 
105 110 112 115 120 122 124 126 135 140 142 143 
152 156 160 161 165 166 175 176 181 186 187 188 
194 195 200 206 211 214 215 217 218 222 224 225 
226 227 233 236 237 240 241 242 249 254 255 256 
262 265 266 268 269 273 278 284 291 292 293 297 
304 309 312 314 325 326 332 337 345 356 357 358 
362 363 366 371 390 397 
135
4 5 6 7 8 9 13 19 29 30 36 37 
38 39 41 42 44 48 49 50 52 59 60 61 
62 64 74 75 77 84 90 91 92 93 95 96 
98 102 103 106 111 113 114 122 125 131 135 142 
151 152 154 159 160 162 165 166 169 172 175 176 
177 182 183 185 186 189 192 203 204 207 208 210 
214 219 221 224 226 228 229 231 232 238 242 248 
250 258 260 262 265 267 272 273 275 276 277 278 
282 283 284 288 296 299 300 301 303 305 307 310 
314 317 327 330 332 338 343 344 347 348 349 351 
355 357 368 372 376 377 380 381 385 389 391 393 
394 398 400 
133
1 4 8 10 13 15 21 22 25 30 31 33 
36 40 42 46 51 52 54 58 59 65 67 70 
72 75 79 84 92 98 103 109 111 112 118 121 
127 131 132 141 142 144 149 150 153 154 158 160 
161 163 164 166 167 168 171 174 181 183 184 185 
189 194 196 198 208 211 213 218 223 225 227 229 
232 234 239 240 243 244 250 260 261 263 269 270 
272 279 280 283 287 288 290 293 298 300 301 304 
309 310 317 322 327 329 330 334 335 336 347 350 
353 354 355 357 359 362 364 366 367 370 375 376 
378 380 381 382 385 386 387 388 390 391 392 396 
399 
139
8 9 14 17 18 19 20 23 25 26 28 36 
41 43 44 47 51 59 60 62 65 66 75 76 
77 78 79 81 83 86 91 98 100 103 105 106 
109 111 113 114 118 120 121 122 123 131 133 136 
140 143 144 146 157 161 163 164 165 167 168 169 
172 176 177 184 185 188 191 194 196 197 198 199 
201 209 211 212 213 214 227 228 229 230 236 239 
240 244 248 249 252 255 256 258 260 261 262 263 
271 277 281 285 287 288 289 291 295 296 297 303 
304 306 308 309 310 312 321 326 333 334 336 337 
339 341 342 346 348 351 353 358 359 365 367 373 
378 379 383 391 395 396 400 
127
5 15 19 23 25 29 32 44 51 60 62 67 
68 70 71 72 75 78 82 85 87 88 89 91 
94 95 96 98 101 103 104 108 110 122 125 127 
130 136 142 143 149 152 154 156 157 159 161 163 
164 170 171 172 176 180 183 184 187 188 191 193 
195 197 198 199 200 204 209 210 212 214 216 217 
218 220 223 235 240 242 243 247 251 253 254 255 
264 266 270 276 280 283 285 287 289 290 293 298 
302 311 315 317 318 321 322 326 327 332 333 334 
335 339 340 345 347 351 352 353 354 364 365 367 
369 372 373 380 386 387 399 
121
1 2 6 7 8 12 23 24 25 26 28 32 
33 44 46 58 60 66 76 77 78 87 91 93 
98 104 105 107 108 110 112 115 118 124 125 134 
136 137 141 148 151 153 158 159 165 166 168 171 
172 174 176 183 187 188 189 191 193 197 199 200 
208 209 212 217 221 223 228 237 239 242 250 252 
256 259 262 263 267 268 273 280 282 283 284 287 
289 290 293 295 296 299 301 309 312 315 321 322 
325 329 330 333 338 339 341 344 348 352 354 359 
366 370 371 375 376 377 380 381 383 387 392 398 
399 
115
6 7 8 12 22 23 27 31 34 35 39 41 
44 47 50 54 60 62 63 64 67 73 75 81 
82 83 84 87 93 94 95 96 99 100 101 103 
104 105 110 114 116 117 123 126 133 134 135 137 
143 146 151 152 154 163 166 171 172 178 179 184 
185 187 191 195 197 198 199 207 216 217 222 226 
228 229 230 245 249 260 263 264 266 268 270 271 
272 278 282 286 296 301 304 311 312 313 326 328 
329 342 344 345 351 355 358 359 362 374 375 381 
383 384 387 390 391 395 397 
134
6 7 8 15 16 17 19 21 22 23 25 27 
30 32 33 35 39 45 48 49 50 51 52 53 
55 56 58 61 65 67 69 75 78 83 86 87 
95 104 105 107 108 110 111 112 114 120 122 123 
135 138 139 140 142 144 146 147 148 150 154 156 
160 162 166 168 175 177 180 183 184 186 188 189 
191 192 195 203 205 207 209 210 212 214 219 223 
227 229 230 237 239 241 246 247 251 255 258 263 
267 268 275 281 286 287 288 289 294 299 303 304 
311 313 314 321 322 323 324 333 335 340 341 342 
345 346 351 363 365 370 371 378 385 386 387 393 
396 397 
130
1 2 3 10 11 12 21 24 27 31 33 39 
41 42 46 47 49 55 57 59 61 68 69 72 
74 76 77 81 82 83 84 89 91 98 99 102 
104 107 112 123 124 137 146 151 154 155 159 165 
171 174 175 184 189 193 199 200 203 204 206 211 
212 213 214 216 218 220 221 222 225 229 233 235 
236 237 238 240 242 243 248 250 251 255 256 263 
270 280 282 287 290 293 299 311 314 315 316 321 
324 330 331 333 337 344 345 346 348 350 355 357 
358 359 360 361 363 367 368 369 371 372 376 378 
379 381 384 387 388 390 391 392 393 399 
133
6 7 10 13 17 18 23 25 26 31 32 36 
38 40 44 45 54 59 61 69 71 75 78 79 
82 83 84 87 93 94 95 96 100 104 105 108 
116 117 119 120 123 128 133 135 141 153 158 159 
161 162 163 166 174 175 180 186 188 191 193 194 
197 199 200 201 204 206 209 211 213 216 218 219 
222 227 228 231 233 235 238 240 241 245 246 253 
261 267 270 271 273 274 275 276 280 281 282 286 
291 293 294 298 299 302 304 308 311 314 315 316 
321 322 328 332 333 334 340 343 344 347 349 350 
351 353 357 358 362 367 370 373 384 390 391 393 
399 
128
3 7 10 26 29 33 34 35 36 37 41 49 
51 63 66 70 71 74 76 77 79 80 83 88 
91 92 95 96 103 104 105 110 113 118 120 121 
125 126 136 137 142 144 146 147 152 153 163 164 
169 175 176 178 179 181 186 189 190 193 201 207 
208 209 213 215 217 218 219 220 221 223 230 234 
238 239 243 244 251 253 254 255 256 257 259 260 
261 262 265 269 272 273 274 279 284 286 288 292 
294 296 300 305 309 318 319 321 322 325 328 329 
330 333 342 343 353 355 358 361 362 365 371 375 
377 379 384 385 387 390 397 398 
112
3 11 20 21 22 23 25 27 28 30 32 37 
43 44 45 46 52 59 65 69 70 71 73 75 
77 79 80 89 90 93 96 100 101 103 115 116 
118 120 121 122 125 130 134 136 137 140 141 142 
146 150 155 156 157 168 177 182 183 190 194 203 
204 209 216 219 225 226 227 233 236 240 241 248 
250 253 258 259 263 268 273 282 285 291 295 306 
308 310 320 322 325 327 328 332 333 334 341 345 
346 347 348 349 353 356 365 370 373 375 377 379 
381 384 385 388 
109
6 7 8 9 28 38 52 64 73 79 83 85 
89 90 105 109 115 122 123 124 125 130 131 134 
136 137 142 151 154 157 163 166 168 169 171 173 
174 175 176 179 182 183 185 194 199 210 211 214 
216 234 238 241 242 244 245 246 256 257 258 261 
262 264 268 269 275 276 283 284 285 288 291 293 
295 303 305 306 309 310 318 319 321 327 328 330 
332 339 341 342 346 349 350 352 354 357 360 361 
364 367 374 378 382 384 385 390 392 395 396 399 
400 
117
1 17 22 23 25 28 31 32 33 34 38 44 
48 51 52 58 60 61 62 63 65 69 72 77 
79 81 82 83 84 90 92 93 95 96 98 99 
101 108 111 115 124 129 134 137 141 147 150 155 
162 171 172 174 182 183 186 187 195 198 202 224 
225 228 233 238 239 242 247 249 252 255 260 262 
264 266 270 271 273 274 275 277 284 287 289 290 
291 293 295 297 302 306 307 311 314 315 316 322 
327 329 330 332 334 340 342 346 349 350 355 357 
358 373 374 377 378 379 386 395 399 
113
2 3 7 11 16 22 23 24 25 28 31 32 
37 38 41 42 43 49 50 52 53 56 59 60 
65 72 75 77 79 82 83 87 88 91 94 99 
106 110 113 119 122 126 130 133 141 146 151 156 
162 164 167 168 169 172 176 181 182 184 185 198 
201 203 204 205 209 213 214 219 221 222 226 228 
231 235 246 255 256 257 260 262 263 265 266 271 
274 275 286 289 305 306 311 312 313 320 322 327 
329 336 342 345 346 350 351 356 362 366 370 372 
379 380 387 393 398 
131
1 2 5 10 22 27 28 29 30 34 35 38 
40 41 45 46 47 48 49 56 58 64 67 68 
71 81 89 91 93 95 96 104 105 106 107 111 
130 135 136 141 142 144 145 150 152 153 156 158 
169 171 175 182 184 186 190 191 194 196 198 200 
203 211 212 213 215 220 221 225 227 229 230 234 
236 237 238 239 243 247 249 252 255 258 261 262 
263 265 267 271 272 274 275 280 283 284 288 290 
294 301 305 309 310 313 316 319 320 322 326 329 
331 336 338 339 340 342 343 349 350 357 358 360 
365 369 371 385 386 389 391 393 395 399 400 
108
2 3 5 7 17 18 20 25 34 37 40 46 
53 61 62 65 70 77 83 88 90 92 96 103 
117 129 133 134 135 137 143 148 150 160 162 163 
166 170 174 175 182 183 185 190 191 196 203 204 
205 208 211 212 216 217 224 225 228 229 233 235 
237 239 247 249 250 256 265 270 273 275 276 281 
283 286 288 290 295 296 297 300 305 307 312 322 
323 325 327 328 329 332 333 335 336 337 338 340 
342 343 351 352 357 362 363 367 371 382 386 398 
104
3 18 19 20 21 24 28 31 36 39 47 48 
54 61 62 69 84 91 92 94 95 107 109 114 
116 119 124 125 127 128 132 135 136 144 146 149 
151 157 164 167 168 169 173 179 181 187 194 196 
198 206 210 221 223 231 235 236 237 239 242 249 
250 251 252 253 261 263 268 273 274 278 281 286 
297 304 305 306 307 308 313 315 318 319 329 333 
336 338 339 340 346 348 353 357 359 361 365 367 
371 375 378 379 380 387 389 400 
121
7 9 10 12 15 23 29 30 34 35 36 41 
42 45 48 52 56 60 61 63 66 68 69 78 
80 84 87 88 97 100 103 110 112 113 128 139 
147 149 150 151 153 162 164 166 168 171 172 173 
174 177 180 181 187 189 192 196 201 202 204 206 
207 210 213 215 217 218 219 220 223 227 228 231 
235 237 245 247 250 251 262 264 266 267 270 271 
272 288 289 291 292 313 317 319 321 322 323 329 
330 332 335 339 341 342 343 344 347 350 351 352 
355 358 362 364 366 369 374 375 377 382 392 393 
400 
125
1 5 7 9 16 17 23 25 34 35 38 39 
40 42 46 48 52 53 56 57 60 66 70 75 
76 78 87 88 89 91 99 106 109 116 117 118 
119 123 124 125 127 128 135 140 142 143 144 145 
151 152 155 159 160 161 164 177 178 195 198 200 
202 206 207 208 211 214 216 222 224 230 232 233 
236 241 242 244 246 248 250 253 254 256 263 264 
271 277 279 288 292 293 294 295 296 300 301 304 
306 307 321 328 332 335 336 341 344 346 347 348 
349 355 357 364 366 368 369 372 374 376 377 379 
384 387 388 395 397 
131
5 7 8 13 17 21 23 29 31 33 35 36 
38 43 45 49 50 52 53 54 61 68 73 74 
76 77 81 82 86 88 92 93 94 97 98 99 
100 103 107 108 109 112 113 122 125 128 131 137 
138 145 146 149 151 153 155 156 157 162 167 171 
172 173 176 178 180 185 186 190 193 194 197 198 
204 207 209 213 215 216 219 223 231 234 236 238 
239 243 246 248 252 266 276 277 279 284 285 288 
289 292 296 300 309 317 321 326 327 331 332 339 
342 343 345 347 349 350 352 354 356 359 362 365 
370 371 373 375 379 384 385 389 391 395 397 
138
5 7 11 14 16 17 18 21 23 25 27 28 
37 41 42 45 47 48 50 52 53 56 59 66 
68 74 76 77 79 81 89 92 95 101 104 111 
112 120 121 122 127 131 132 138 139 140 143 144 
145 147 149 150 155 164 165 166 167 169 174 180 
181 183 187 189 190 191 192 199 201 202 208 212 
214 216 221 223 224 227 232 235 237 238 242 244 
257 259 261 262 267 268 269 277 278 282 289 291 
292 293 303 307 308 309 311 313 315 321 323 329 
333 335 339 341 343 345 346 348 357 358 360 361 
362 365 368 371 373 376 378 379 380 382 383 384 
389 390 393 394 395 400 
119
1 4 7 10 13 15 19 21 24 30 33 34 
37 41 44 46 50 51 56 58 60 61 63 69 
71 83 84 86 88 93 96 99 104 106 108 111 
113 115 117 118 121 132 138 141 143 144 147 150 
156 159 160 167 168 170 175 187 189 194 199 202 
204 205 207 212 215 220 223 227 229 230 232 233 
237 241 244 250 251 254 256 260 262 264 265 274 
275 276 279 284 286 287 288 291 293 299 302 308 
309 310 319 323 326 331 332 333 334 338 341 342 
345 348 351 358 367 372 373 377 389 396 397 
117
9 14 16 17 18 32 38 44 50 53 61 62 
67 68 69 75 76 83 85 86 89 91 106 109 
111 114 115 120 122 125 130 134 135 136 137 139 
144 147 148 151 152 167 171 174 175 177 179 180 
181 182 189 198 199 210 215 216 220 222 229 234 
241 245 248 249 251 255 257 258 259 260 262 263 
268 271 273 278 279 282 284 286 287 290 292 293 
298 299 304 306 309 322 324 326 331 334 338 344 
346 348 352 353 354 355 357 360 361 369 373 374 
375 377 379 383 384 385 387 389 398 
123
3 5 7 10 13 15 16 25 28 30 32 34 
41 45 46 48 54 61 71 74 75 78 80 85 
86 87 88 89 94 95 98 99 101 103 115 119 
120 121 122 123 126 132 134 135 141 142 143 148 
150 152 153 157 168 169 172 173 174 176 179 186 
197 198 199 209 212 214 224 225 228 229 232 235 
242 251 252 254 255 257 259 261 263 264 266 268 
271 273 276 292 298 299 302 305 310 314 315 316 
318 321 324 326 328 330 336 337 339 340 343 345 
351 363 364 372 373 374 379 383 385 389 392 395 
396 399 400 
131
1 2 4 10 11 21 23 27 33 40 41 43 
44 48 49 56 59 61 64 65 66 68 70 72 
74 76 79 80 82 84 89 90 91 99 101 104 
106 113 114 117 121 122 124 133 134 135 142 143 
144 149 150 153 157 160 162 165 169 170 174 175 
181 186 188 191 195 196 198 200 203 206 207 208 
214 218 231 233 237 240 242 255 262 265 267 275 
281 283 284 289 292 293 294 295 299 304 312 314 
315 318 319 320 321 327 329 333 334 335 337 338 
340 341 343 345 356 357 363 364 366 370 371 372 
382 383 384 385 387 388 389 393 395 399 400 
124
1 6 15 24 25 26 27 32 33 42 44 47 
49 54 56 59 61 67 79 87 88 90 91 95 
98 100 102 104 106 108 114 119 123 126 133 135 
140 144 146 151 159 161 162 164 165 166 170 172 
175 178 180 185 187 191 196 198 199 207 208 209 
212 215 219 224 232 235 237 240 249 250 251 253 
256 259 260 263 264 269 273 276 277 279 281 286 
290 293 294 297 304 305 307 317 320 322 323 328 
332 334 337 338 340 343 344 345 346 357 367 368 
372 373 375 378 380 382 383 384 385 386 387 389 
394 395 396 397 
110
8 11 13 16 17 20 22 27 32 33 34 38 
41 47 48 52 54 55 56 68 70 76 84 87 
91 96 97 98 99 101 104 112 114 116 123 124 
127 128 129 131 134 135 138 145 146 147 150 152 
155 156 159 160 161 163 165 169 170 171 178 181 
191 194 195 199 200 212 216 223 224 226 227 229 
233 235 244 248 258 259 262 279 288 293 306 308 
314 321 322 330 334 336 342 344 345 349 358 359 
365 367 369 370 371 372 374 377 378 384 391 392 
395 399 
115
2 4 7 9 12 15 16 17 20 25 29 33 
34 35 41 43 54 58 60 61 62 64 66 71 
74 76 78 84 85 98 99 100 108 109 110 111 
112 118 130 131 132 136 142 144 145 153 155 159 
162 170 171 172 174 176 180 182 183 189 190 193 
199 202 209 212 219 220 225 232 233 234 238 239 
240 245 246 250 259 267 280 282 286 296 298 299 
301 303 309 312 313 314 318 321 330 335 343 345 
349 351 352 354 355 357 362 363 364 369 371 372 
375 383 385 387 391 392 400 
109
3 5 13 14 15 16 17 22 26 28 31 35 
42 43 44 49 58 59 62 63 66 68 71 73 
75 76 81 92 94 98 110 111 119 125 135 137 
139 140 146 147 151 152 156 158 160 163 166 167 
174 178 185 190 191 194 195 197 201 207 216 218 
227 235 237 238 245 246 248 250 251 252 255 257 
263 267 272 274 277 283 286 288 291 292 295 301 
314 315 323 325 326 329 331 333 335 336 344 346 
347 349 354 356 361 365 373 380 383 389 393 397 
400 
120
1 12 13 24 25 26 27 31 34 40 42 43 
44 53 59 64 74 75 78 83 84 93 95 99 
105 106 107 108 109 117 118 120 124 125 126 129 
131 135 136 142 145 146 148 149 152 155 157 160 
169 172 176 181 186 187 188 193 201 202 205 206 
208 209 211 212 218 219 221 223 224 231 235 238 
241 245 252 253 258 259 260 262 264 269 271 272 
275 278 281 283 284 285 286 289 298 300 302 304 
307 310 311 314 323 328 334 341 343 350 355 357 
360 361 365 366 367 369 373 374 377 390 395 396 
119
6 9 11 14 16 19 22 24 25 26 28 30 
31 35 41 43 46 48 58 64 65 66 69 70 
72 73 74 75 78 81 95 97 102 104 106 119 
120 123 128 131 134 146 154 157 159 160 163 165 
171 173 176 179 185 186 192 193 195 199 200 202 
213 214 217 220 223 224 225 233 237 242 247 251 
252 259 263 271 280 287 288 291 292 293 294 298 
299 300 302 304 305 306 307 308 320 323 325 327 
328 329 332 337 339 340 342 344 349 356 357 359 
362 369 371 381 383 384 388 389 395 396 400 
107
2 5 7 11 13 17 21 29 33 35 36 48 
53 67 77 80 99 102 103 106 108 110 114 117 
123 126 129 130 134 141 146 149 157 159 168 169 
171 173 175 186 187 193 194 196 200 206 210 211 
222 223 226 228 233 234 235 237 239 243 248 251 
252 253 255 257 260 267 268 270 273 274 278 279 
280 281 287 288 292 299 300 307 310 313 324 325 
329 330 335 337 340 341 343 344 349 365 366 368 
370 372 373 374 378 379 380 383 397 399 400 
111
3 8 10 16 21 23 28 29 37 38 39 47 
56 58 59 64 65 68 72 76 79 82 84 85 
90 94 97 103 104 109 110 111 116 117 119 122 
124 128 135 138 140 145 148 151 152 155 156 158 
159 166 169 171 174 176 182 188 190 194 199 204 
213 217 218 225 228 231 247 254 260 262 263 266 
271 292 299 300 305 308 312 313 314 316 320 321 
325 327 328 329 333 336 337 341 348 350 351 352 
357 358 361 366 368 375 377 378 379 380 383 385 
387 391 397 
118
1 3 4 6 8 9 10 13 15 16 19 26 
28 29 33 36 37 44 51 65 70 72 80 82 
84 85 88 89 91 97 104 105 108 110 111 112 
114 118 129 132 133 141 148 155 156 157 158 161 
163 165 180 181 191 192 206 208 210 212 216 217 
221 222 224 228 236 237 239 246 247 248 254 256 
262 263 264 266 270 271 272 277 279 280 282 283 
293 296 297 298 301 304 306 317 318 327 328 330 
331 335 336 339 342 353 354 355 359 362 363 364 
368 372 375 378 382 387 389 391 393 394 
121
1 5 6 7 9 12 15 17 19 28 31 36 
37 46 47 48 51 65 70 74 75 76 80 82 
86 91 92 103 110 114 122 128 129 131 141 142 
143 144 147 152 153 155 156 164 166 168 172 173 
176 177 179 181 188 190 191 196 199 200 201 204 
207 210 215 216 217 219 220 221 222 226 227 233 
235 237 240 241 242 244 246 248 257 259 266 267 
269 275 277 280 281 284 294 300 306 309 313 319 
333 337 338 343 344 345 348 350 363 364 368 369 
370 375 378 379 381 384 386 387 390 394 396 397 
398 
104
7 13 15 18 21 30 43 45 57 64 68 73 
75 76 81 83 85 88 99 106 110 115 117 118 
132 135 136 137 138 145 147 161 162 163 165 171 
177 180 183 186 188 190 197 201 203 205 210 214 
220 222 223 231 238 239 241 243 250 251 258 264 
265 267 271 272 278 279 280 286 287 289 290 294 
298 300 310 319 321 322 332 338 340 342 347 348 
350 352 356 360 361 364 365 366 367 370 371 373 
377 379 380 381 394 396 397 398 
134
5 6 8 17 18 20 26 28 31 35 38 39 
43 49 51 53 55 61 66 68 76 77 84 87 
96 98 101 103 110 111 113 116 117 118 119 120 
128 135 139 144 145 147 148 150 152 153 158 160 
163 165 167 168 169 171 175 181 184 190 191 194 
195 200 205 206 207 211 212 215 218 219 220 226 
227 228 232 233 235 236 237 240 241 248 249 252 
256 262 269 270 272 274 277 281 282 286 291 293 
294 299 300 302 304 306 309 310 311 313 317 323 
327 328 330 332 334 335 336 337 339 342 348 350 
352 355 359 361 364 369 374 375 387 388 389 393 
395 399 
111
4 6 7 9 16 22 24 25 29 31 33 34 
35 40 43 47 48 50 55 56 63 64 65 74 
76 79 80 86 88 89 94 96 99 101 103 104 
114 115 116 120 121 126 131 146 150 151 156 160 
164 166 176 185 190 192 198 201 202 204 223 226 
227 231 233 237 247 249 252 253 255 256 257 260 
269 272 277 278 279 280 285 291 295 311 312 314 
315 317 322 325 328 329 330 333 334 338 340 344 
346 347 349 351 353 360 371 376 377 382 386 387 
393 394 396 
122
6 10 11 13 15 18 19 21 25 30 40 41 
45 47 50 51 52 59 68 69 74 77 78 80 
82 84 86 97 104 105 106 107 109 110 114 115 
120 121 123 125 126 129 130 136 139 143 145 149 
150 152 161 163 166 169 170 171 178 181 184 192 
193 194 197 203 204 205 206 218 221 223 224 227 
231 232 234 236 237 238 241 244 248 251 252 253 
255 257 260 263 268 277 280 288 290 301 304 313 
320 322 323 330 331 332 340 342 345 346 348 351 
358 360 364 366 369 378 379 386 390 392 394 396 
397 400 
123
10 13 15 20 22 29 30 31 43 48 53 59 
61 62 63 67 71 73 80 83 85 89 92 93 
95 98 105 107 109 110 111 112 113 116 118 119 
123 128 130 134 135 136 141 147 154 156 160 163 
165 166 175 178 179 180 183 184 188 190 196 198 
202 210 211 213 224 225 232 235 239 241 246 247 
249 251 252 259 261 262 264 266 267 268 269 272 
276 278 279 283 284 285 287 289 299 302 304 306 
307 314 315 319 320 322 323 328 329 330 335 338 
340 341 346 347 350 351 352 355 372 375 377 381 
386 387 395 
134
5 6 7 8 12 15 17 18 20 23 30 31 
43 45 46 47 48 57 58 69 74 84 85 87 
92 96 98 100 103 106 108 109 111 113 115 122 
124 125 131 133 134 135 139 146 147 148 154 159 
160 164 167 171 174 182 184 188 190 196 198 201 
202 205 207 211 213 218 219 220 224 228 238 240 
241 244 246 251 252 253 255 256 259 260 263 265 
267 268 269 273 274 275 276 278 282 284 285 293 
294 297 300 304 305 312 314 316 326 327 328 330 
331 332 334 336 339 341 342 345 347 349 359 360 
361 363 365 368 371 380 385 388 390 392 393 394 
398 400 
117
2 4 5 7 13 16 18 20 21 22 24 25 
26 31 33 36 37 38 40 43 44 47 60 63 
64 69 79 80 83 84 88 92 100 101 102 104 
110 112 125 126 129 132 145 146 147 148 154 160 
164 167 176 177 181 182 184 185 189 193 198 200 
201 202 205 206 208 210 211 214 215 218 219 224 
229 233 237 242 245 248 249 256 257 264 265 269 
276 278 281 284 287 300 310 313 320 327 331 332 
335 338 344 345 350 355 359 361 368 370 374 378 
380 382 385 387 391 394 395 397 399 
130
2 3 4 14 16 18 24 26 27 28 29 31 
32 36 37 42 43 44 45 46 51 54 56 57 
65 68 69 73 78 79 81 88 89 96 98 99 
103 105 108 114 118 123 125 127 128 129 132 137 
139 141 144 151 153 159 161 162 163 170 173 180 
183 185 188 198 199 208 211 218 220 223 226 227 
229 236 237 238 240 245 246 247 249 250 253 256 
261 263 268 269 273 275 276 280 283 284 290 294 
297 302 305 307 310 311 312 313 317 318 319 320 
324 326 327 330 331 337 341 359 361 369 372 373 
375 377 382 385 386 387 390 396 399 400 
130
3 7 8 14 17 19 22 29 30 36 37 40 
45 49 50 51 53 56 62 68 75 78 79 80 
88 92 94 101 104 106 108 110 114 120 121 126 
128 130 132 133 136 137 138 144 149 152 153 156 
159 163 165 167 171 172 183 187 188 190 192 203 
204 206 207 209 210 212 213 217 222 225 227 230 
231 233 234 240 241 242 245 247 250 253 260 268 
271 276 279 280 282 287 288 289 292 294 297 301 
303 304 306 307 309 316 317 320 321 324 326 329 
337 341 342 348 356 357 358 363 364 368 369 372 
374 377 378 381 384 386 387 389 391 399 
119
1 7 10 13 18 22 27 33 36 37 40 43 
48 49 52 55 61 62 65 70 76 77 82 84 
85 96 99 106 117 122 126 132 134 139 140 142 
143 147 149 153 155 162 165 168 170 171 174 178 
179 183 185 195 197 201 204 205 212 216 217 219 
227 231 234 235 239 241 244 245 247 254 255 265 
266 270 271 273 277 278 284 286 287 288 289 290 
295 298 299 303 307 315 319 323 325 328 329 330 
332 337 338 345 347 351 353 354 358 360 361 363 
365 372 373 374 379 382 387 391 396 397 400 
