200 400
1 1 1 1 1 1 1 1 1 1 1 1 
1 1 1 1 1 1 1 1 1 1 1 1 
1 1 1 1 1 1 1 1 1 1 1 1 
1 1 1 1 1 1 1 1 1 1 1 1 
1 1 1 1 1 1 1 1 1 1 1 1 
1 1 1 1 1 1 1 1 1 1 1 1 
1 1 1 1 1 1 1 1 1 1 1 1 
1 1 1 1 1 1 1 1 1 1 1 1 
1 1 1 1 1 1 1 1 1 1 1 1 
1 1 1 1 1 1 1 1 1 1 1 1 
1 1 1 1 1 1 1 1 1 1 1 1 
1 1 1 1 1 1 1 1 1 1 1 1 
1 1 1 1 1 1 1 1 1 1 1 1 
1 1 1 1 1 1 1 1 1 1 1 1 
1 1 1 1 1 1 1 1 1 1 1 1 
1 1 1 1 1 1 1 1 1 1 1 1 
1 1 1 1 1 1 1 1 1 1 1 1 
1 1 1 1 1 1 1 1 1 1 1 1 
1 1 1 1 1 1 1 1 1 1 1 1 
1 1 1 1 1 1 1 1 1 1 1 1 
1 1 1 1 1 1 1 1 1 1 1 1 
1 1 1 1 1 1 1 1 1 1 1 1 
1 1 1 1 1 1 1 1 1 1 1 1 
1 1 1 1 1 1 1 1 1 1 1 1 
1 1 1 1 1 1 1 1 1 1 1 1 
1 1 1 1 1 1 1 1 1 1 1 1 
1 1 1 1 1 1 1 1 1 1 1 1 
1 1 1 1 1 1 1 1 1 1 1 1 
1 1 1 1 1 1 1 1 1 1 1 1 
1 1 1 1 1 1 1 1 1 1 1 1 
1 1 1 1 1 1 1 1 1 1 1 1 
1 1 1 1 1 1 1 1 1 1 1 1 
1 1 1 1 1 1 1 1 1 1 1 1 
1 1 1 1 
109
2 9 11 17 22 23 25 26 29 34 36 43 
45 46 48 52 57 59 62 68 73 74 76 86 
104 105 107 110 111 112 115 117 118 123 127 129 
130 145 151 154 155 162 165 167 169 171 172 174 
178 180 181 183 185 190 191 195 198 201 202 208 
210 230 232 237 239 240 250 251 252 254 256 260 
262 266 268 271 275 279 292 294 298 308 310 312 
314 318 319 321 327 331 335 337 338 342 343 344 
353 354 358 367 373 374 378 382 383 391 394 397 
400 
121
2 3 8 12 13 15 17 23 26 28 36 40 
46 47 55 57 59 60 64 66 71 75 77 78 
82 85 92 94 96 98 99 102 107 108 109 111 
112 115 118 122 123 132 139 142 150 155 159 161 
164 165 166 167 168 178 179 180 183 185 187 192 
193 197 198 202 203 207 210 212 213 217 221 231 
238 240 248 249 251 259 266 268 270 271 279 285 
286 288 290 291 295 298 302 303 304 307 308 311 
312 315 316 317 319 321 323 327 330 335 337 341 
342 343 344 346 347 349 355 362 368 371 377 379 
380 
119
2 3 17 19 21 22 25 29 31 32 33 34 
37 42 43 45 54 61 63 66 74 76 81 83 
86 87 89 90 99 106 112 117 118 122 125 126 
131 142 148 153 156 158 164 165 166 170 171 173 
177 178 182 185 188 190 192 194 196 200 203 204 
207 210 211 212 216 217 220 221 223 224 237 240 
241 248 251 252 254 260 263 268 278 286 287 288 
291 309 310 311 312 320 321 322 324 329 331 332 
334 336 337 340 341 344 347 355 357 363 366 367 
368 371 372 373 376 378 383 390 391 393 394 
127
4 8 9 10 12 16 19 20 23 29 35 38 
41 42 44 46 47 53 54 67 70 76 77 80 
82 87 91 97 101 102 105 106 108 110 111 113 
115 119 128 129 134 137 139 140 144 146 149 151 
153 154 158 165 171 173 179 183 185 187 190 192 
197 199 201 202 205 206 207 212 215 219 225 226 
228 233 239 244 254 256 257 261 262 263 266 267 
271 279 280 282 285 295 296 298 300 302 307 308 
317 320 322 323 325 329 330 332 333 339 340 341 
346 352 353 355 356 360 362 363 367 368 372 374 
376 378 379 384 386 395 397 
112
1 3 13 14 16 21 31 35 37 49 55 58 
59 61 62 63 65 70 73 75 76 78 81 82 
83 87 91 97 101 105 110 112 119 121 124 129 
133 134 138 141 142 143 144 145 146 152 156 158 
161 162 164 167 169 179 191 192 196 197 200 202 
204 209 222 226 228 229 237 239 240 248 250 257 
264 278 283 286 294 300 303 304 310 319 322 326 
328 329 330 331 333 335 338 343 345 346 347 348 
350 352 354 355 358 364 369 371 374 381 384 391 
394 396 399 400 
116
3 4 6 10 15 17 21 24 30 31 33 35 
41 42 43 53 54 55 65 66 69 74 75 80 
82 84 86 89 93 96 103 107 113 116 122 124 
127 129 131 135 138 141 142 145 146 149 153 157 
158 160 161 162 164 171 172 179 183 191 195 199 
207 213 215 224 231 236 243 247 249 250 252 254 
255 257 267 275 277 278 288 290 294 295 297 305 
306 308 309 315 316 320 323 324 329 330 331 333 
334 336 338 341 343 346 348 349 356 360 362 364 
371 375 382 384 387 393 397 399 
130
2 4 8 10 12 15 18 20 26 27 29 33 
35 44 46 48 52 53 58 59 61 65 67 74 
76 81 83 85 86 104 105 109 110 113 116 117 
120 121 122 124 126 130 132 133 136 139 141 143 
147 151 156 157 158 159 161 168 174 175 184 192 
193 194 196 197 198 202 203 205 206 209 222 225 
228 231 234 236 239 244 246 249 252 254 255 258 
261 265 267 268 276 280 281 282 283 286 288 293 
294 295 304 308 309 310 311 312 320 322 325 329 
330 331 334 335 341 343 345 348 352 354 357 361 
366 368 372 374 376 378 380 382 385 394 
105
4 7 8 9 17 22 26 29 38 43 47 48 
52 54 56 63 64 75 76 78 81 85 95 96 
102 103 105 114 115 117 127 130 133 134 136 137 
141 146 151 159 160 164 174 175 176 178 180 182 
183 185 186 188 193 199 203 204 209 211 217 219 
223 234 243 246 251 256 258 262 265 266 268 269 
272 278 283 287 290 292 296 302 305 307 308 312 
317 322 324 325 328 340 345 347 353 355 357 358 
360 368 377 379 381 384 387 389 397 
127
4 6 12 20 21 24 25 31 32 36 37 41 
42 43 45 47 56 59 60 61 63 64 69 70 
74 80 88 90 94 95 98 100 102 106 107 111 
115 122 123 128 133 140 143 145 148 153 155 157 
160 162 169 177 180 182 185 186 187 189 200 201 
205 220 221 224 230 233 235 247 249 251 253 254 
259 262 263 264 267 268 273 274 275 276 286 287 
288 289 291 292 294 295 296 298 303 308 311 319 
320 321 328 330 333 335 337 338 339 340 344 348 
354 355 356 358 359 360 362 363 365 371 375 376 
377 379 389 392 393 395 400 
135
3 9 13 16 17 18 21 27 28 30 35 39 
41 43 44 45 46 47 49 57 59 62 63 64 
71 74 79 82 83 88 92 95 96 97 98 100 
101 107 110 113 115 117 119 121 122 127 129 138 
139 147 151 158 159 164 171 172 173 175 181 183 
191 192 195 198 211 217 219 222 224 225 231 236 
238 240 245 247 248 249 250 251 255 258 259 260 
267 270 272 273 274 276 283 286 288 297 302 303 
306 307 311 316 318 322 329 330 331 332 334 336 
337 339 343 344 345 346 351 352 353 355 357 360 
361 364 367 370 375 379 382 384 386 387 390 392 
394 396 398 
128
1 8 9 16 18 20 29 34 36 46 48 49 
50 52 53 54 57 62 72 75 80 84 85 88 
92 93 96 97 98 100 102 107 110 113 119 121 
131 138 141 145 146 155 156 157 161 163 170 172 
173 179 181 184 187 191 193 198 200 204 206 207 
211 212 213 214 215 216 219 221 224 226 227 228 
239 242 243 245 248 249 253 255 256 266 269 270 
271 272 274 278 280 286 287 288 290 291 295 296 
306 308 311 312 313 317 319 320 326 329 331 337 
338 341 342 346 348 352 354 355 358 361 363 367 
370 379 380 387 391 396 398 399 
130
6 12 26 30 32 36 39 40 42 45 50 54 
61 69 72 73 76 80 81 85 88 91 93 94 
97 100 107 109 110 113 121 122 124 125 128 130 
131 135 136 137 140 144 148 153 158 167 168 169 
171 173 174 177 178 179 184 186 188 189 190 193 
199 202 204 208 209 215 216 217 222 225 228 230 
238 240 241 243 244 246 247 248 251 254 255 259 
262 263 264 266 268 270 273 274 277 278 279 280 
285 293 299 300 306 309 312 317 319 322 325 326 
334 337 338 345 346 348 349 356 362 365 367 370 
379 380 381 383 390 393 395 396 397 398 
128
1 4 6 7 12 14 16 19 21 24 25 26 
29 30 32 37 38 42 43 44 47 50 52 61 
62 64 65 68 78 82 83 91 95 98 101 105 
106 108 113 114 115 116 118 119 121 127 137 140 
142 146 151 152 153 155 161 163 165 176 177 178 
183 184 185 193 194 197 198 200 201 210 211 213 
214 216 219 223 224 226 227 230 231 233 237 240 
241 243 245 249 257 258 262 271 274 284 287 292 
293 297 298 304 305 308 310 312 314 315 324 326 
331 335 342 344 346 348 349 350 352 354 358 363 
371 376 378 380 388 389 393 395 
113
2 3 5 9 17 18 26 27 28 34 35 39 
44 48 50 54 60 61 81 89 98 100 108 110 
115 116 117 123 124 126 127 131 132 133 135 136 
146 153 156 158 159 163 167 168 170 179 184 186 
191 201 202 203 210 212 217 218 219 220 222 226 
231 239 242 243 249 250 251 254 256 259 263 270 
271 276 281 284 285 287 291 292 293 294 300 301 
302 303 306 307 312 319 325 332 335 343 344 349 
353 355 360 361 362 365 372 374 375 376 377 378 
386 387 389 390 394 
120
7 10 13 16 19 20 22 23 26 38 42 44 
45 47 50 54 61 62 65 67 69 70 74 78 
80 81 87 88 94 97 100 104 109 114 119 123 
125 130 132 134 135 141 142 144 147 153 155 157 
164 168 172 176 178 181 182 185 190 198 202 203 
204 208 215 217 219 220 222 230 231 234 238 239 
243 249 253 255 259 263 268 269 270 271 276 279 
281 282 283 287 289 295 296 299 300 303 311 313 
317 319 329 331 332 334 335 338 344 345 346 353 
356 358 368 372 373 384 389 390 394 395 397 398 
120
5 6 7 8 12 20 23 27 31 32 33 34 
38 39 41 43 44 55 63 72 77 78 81 82 
83 84 85 89 93 95 96 99 100 102 106 112 
113 119 124 125 127 133 134 135 138 139 140 143 
145 146 150 153 155 156 164 168 170 171 172 173 
178 179 185 196 197 201 213 217 219 223 225 226 
229 235 236 239 243 245 251 252 254 255 262 269 
273 276 278 279 281 288 289 290 293 301 302 305 
308 311 316 320 322 335 337 339 348 349 357 358 
362 368 370 372 380 385 387 389 390 392 395 399 
104
12 15 17 19 23 27 29 32 35 39 46 49 
53 55 59 61 65 68 72 75 78 81 85 88 
90 91 99 107 113 114 116 118 120 123 126 127 
145 148 153 158 161 163 167 175 180 194 195 196 
208 215 221 224 230 233 234 235 241 246 248 250 
251 252 253 254 255 258 260 262 269 276 277 281 
289 292 293 297 298 300 307 309 312 317 320 322 
323 324 331 333 337 339 350 352 355 356 361 367 
370 373 374 377 380 390 391 398 
115
3 5 6 7 10 11 14 17 29 30 34 41 
43 46 51 59 64 65 67 70 75 81 82 87 
91 93 96 97 99 102 103 105 107 108 109 111 
112 114 116 120 121 124 126 128 129 130 132 136 
138 140 143 147 151 155 165 171 172 173 182 188 
191 195 198 201 205 206 207 208 211 214 216 218 
221 228 243 248 252 253 255 256 259 261 263 264 
274 277 283 284 287 290 292 293 301 302 304 306 
316 324 327 334 336 337 349 351 354 356 357 360 
364 366 369 372 374 388 395 
114
7 12 14 20 22 23 27 31 33 34 36 40 
41 42 48 49 51 53 61 63 65 68 69 70 
71 76 87 88 90 91 97 108 109 114 116 122 
129 133 134 136 138 142 145 151 152 153 157 161 
165 168 170 173 179 181 183 184 185 186 187 188 
199 203 205 210 215 223 227 230 235 236 237 241 
242 245 251 252 259 264 269 270 278 280 281 289 
291 294 295 297 304 313 320 325 327 329 331 332 
335 337 344 345 347 349 355 359 360 366 369 371 
375 376 379 389 390 397 
122
2 4 5 7 9 10 11 31 35 37 48 52 
53 54 56 60 67 68 69 70 72 73 74 78 
81 83 85 88 89 91 92 94 95 100 102 104 
106 107 108 113 119 124 125 134 135 136 140 141 
148 151 157 159 163 165 166 172 179 180 183 184 
187 190 192 195 198 199 212 215 221 222 225 229 
230 233 234 237 241 245 248 250 253 256 261 265 
266 268 274 276 281 284 287 289 291 294 297 298 
300 301 319 324 327 332 347 348 352 353 355 360 
363 365 366 367 368 377 378 383 388 393 395 398 
399 400 
130
3 5 7 9 15 22 24 25 27 29 33 34 
35 36 39 42 43 45 46 61 64 65 66 68 
73 74 75 76 78 79 82 83 87 90 97 98 
101 105 106 108 111 112 115 117 118 119 121 123 
129 131 134 137 140 145 148 150 158 167 169 171 
174 177 181 188 189 192 193 195 197 198 199 200 
208 211 213 214 219 221 223 225 227 230 231 239 
242 245 247 248 251 254 258 262 263 264 265 266 
271 273 280 284 287 289 290 291 293 295 296 302 
303 307 312 315 324 325 338 340 343 346 347 348 
350 358 361 362 366 374 375 383 389 397 
138
5 11 12 13 17 19 21 23 24 25 26 27 
30 31 32 34 37 41 42 48 52 53 54 55 
57 58 59 67 68 70 75 84 85 88 89 90 
91 92 94 95 98 99 101 103 104 107 110 112 
113 117 119 124 130 139 140 149 153 157 162 165 
173 175 176 177 178 179 180 182 184 185 190 191 
192 194 198 199 202 205 206 207 209 212 215 220 
224 225 226 228 230 232 233 237 241 243 244 245 
256 262 264 274 275 279 281 286 287 288 290 294 
300 303 306 308 314 317 324 327 329 330 331 332 
336 348 350 356 357 359 361 363 371 372 373 379 
381 382 385 391 394 397 
122
1 2 4 11 17 19 25 26 27 30 31 32 
37 44 52 54 55 58 60 64 65 66 74 78 
79 83 91 97 98 100 103 104 107 112 115 122 
123 128 129 132 133 141 145 146 150 156 157 161 
171 172 173 182 188 194 197 200 201 204 209 213 
216 222 227 229 230 232 233 234 239 240 241 242 
248 259 261 262 266 269 274 275 276 278 279 284 
286 289 290 291 295 296 299 303 305 310 315 317 
320 323 324 326 336 338 343 346 347 349 351 352 
355 360 363 366 369 371 372 375 381 383 386 393 
394 400 
107
9 12 13 19 25 28 35 37 46 48 50 55 
57 66 68 72 74 88 89 91 94 98 99 114 
115 120 133 134 136 137 138 139 141 142 145 146 
149 150 151 153 156 159 163 165 172 173 184 185 
189 191 196 197 199 200 201 202 203 205 208 214 
216 222 225 226 228 235 238 241 242 243 245 246 
250 251 258 260 276 278 281 282 294 298 300 305 
314 315 318 324 325 335 337 350 352 356 360 363 
367 368 369 370 375 376 379 381 382 391 395 
110
1 5 6 7 9 11 12 13 14 16 23 24 
26 29 30 40 41 43 50 55 56 59 65 73 
74 81 87 89 91 93 95 96 102 106 117 118 
122 123 126 132 137 142 143 154 155 164 165 169 
170 171 173 174 176 181 186 187 195 196 197 201 
203 206 209 213 214 218 219 224 225 234 238 244 
246 247 258 259 260 267 273 275 285 288 289 298 
301 308 314 321 323 327 328 329 340 345 349 350 
351 352 362 365 371 372 377 382 385 386 389 394 
397 399 
125
3 6 17 20 21 22 25 30 32 39 44 48 
49 51 52 55 58 61 62 68 74 75 76 78 
79 82 83 84 85 86 89 91 95 97 101 109 
114 116 118 119 125 130 132 133 135 136 137 138 
140 144 147 148 152 158 163 168 169 170 173 175 
176 184 186 188 194 197 199 201 205 206 208 218 
225 226 227 233 235 236 237 239 240 249 254 256 
261 270 272 274 275 277 280 282 283 286 287 291 
307 313 316 317 321 322 323 325 328 335 337 338 
339 340 347 349 351 356 359 363 370 382 387 389 
392 395 396 397 398 
120
9 14 23 26 27 28 29 30 31 42 46 48 
49 52 53 59 60 61 68 71 73 77 83 84 
86 88 89 91 102 103 107 108 111 112 117 118 
119 121 122 132 135 136 137 141 142 144 146 151 
152 153 162 164 167 168 170 171 174 177 183 185 
189 190 194 195 196 197 209 211 212 218 225 230 
233 235 239 245 248 259 262 263 264 267 268 270 
272 283 284 285 286 299 301 310 314 318 321 322 
323 327 330 332 334 335 337 340 343 344 351 359 
364 365 369 373 380 381 389 392 393 394 398 399 
116
3 4 8 13 14 22 25 29 31 42 43 46 
48 49 58 59 60 68 69 72 81 87 89 90 
93 97 98 100 114 116 118 119 124 125 131 133 
134 140 150 157 158 161 165 166 169 171 173 181 
182 183 184 185 186 187 191 198 199 205 208 218 
220 234 235 242 243 245 252 256 257 261 264 273 
276 279 282 290 291 292 293 295 297 298 300 304 
306 307 309 312 315 316 321 322 329 335 336 341 
343 350 351 353 354 356 358 359 361 362 368 370 
371 372 384 389 390 398 399 400 
127
3 9 12 14 15 19 20 21 22 26 30 31 
34 36 45 49 51 53 54 55 61 62 64 83 
84 85 90 91 97 98 99 103 106 108 109 112 
118 119 121 122 124 126 128 131 132 135 138 139 
144 146 147 149 153 156 157 158 161 162 167 170 
173 176 181 182 196 200 201 205 209 210 215 220 
221 223 225 227 238 240 241 244 253 254 255 260 
263 264 267 271 274 276 279 286 287 294 296 298 
299 302 305 307 312 314 315 321 329 334 337 340 
342 345 348 354 359 363 365 366 367 369 370 374 
375 384 385 390 391 395 398 
99
3 4 6 13 19 25 34 40 42 45 48 50 
52 53 56 57 61 62 63 78 91 93 94 95 
102 110 112 118 125 131 132 134 138 147 149 153 
154 155 156 158 159 160 163 166 167 173 179 183 
189 190 193 196 197 201 207 209 216 219 221 222 
223 239 240 248 256 257 260 263 273 275 276 281 
283 290 296 298 305 306 307 308 312 315 316 323 
328 329 333 335 337 338 340 348 349 356 367 368 
372 380 394 
117
1 3 4 6 7 9 12 13 14 15 16 23 
24 25 29 31 32 34 38 46 48 53 54 61 
62 63 64 67 69 72 79 80 82 85 90 93 
96 100 101 104 109 111 112 113 114 119 121 123 
124 126 128 139 155 157 160 163 167 168 171 179 
180 182 186 202 203 209 212 214 216 217 218 221 
224 228 229 246 254 257 262 274 275 277 278 279 
280 285 293 301 306 307 309 313 317 321 324 325 
326 328 330 331 338 341 347 348 349 356 364 365 
368 370 373 378 385 387 395 397 398 
124
9 11 13 17 25 26 30 33 35 42 45 50 
52 60 62 67 70 71 72 79 81 83 87 90 
92 95 100 103 105 107 109 111 112 118 124 127 
129 133 135 139 141 145 146 148 152 153 159 160 
161 164 165 168 170 171 172 174 176 177 179 184 
185 186 188 191 195 199 205 206 210 212 215 218 
219 221 223 225 226 227 230 240 245 247 254 259 
261 271 275 280 281 282 283 284 285 289 299 300 
302 303 312 313 314 316 320 321 331 336 338 342 
356 357 360 361 368 371 372 377 378 388 389 393 
397 398 399 400 
119
3 4 6 10 12 18 19 22 23 26 38 40 
42 43 44 45 48 50 58 59 60 63 68 69 
76 78 87 91 92 95 108 111 115 116 121 123 
126 128 130 131 133 138 139 140 146 149 151 158 
159 160 163 167 170 175 176 183 184 187 188 190 
194 195 197 198 204 205 214 215 221 227 230 231 
238 243 247 248 249 251 258 259 266 268 272 273 
278 279 281 285 287 290 299 300 304 306 308 311 
318 328 329 331 342 346 347 350 355 361 365 369 
370 372 373 383 384 387 388 391 394 396 397 
132
3 9 14 15 16 19 20 28 36 37 39 41 
43 48 49 51 59 60 62 67 69 70 71 72 
78 79 82 84 85 87 89 92 95 96 99 104 
106 108 109 110 114 117 123 124 125 129 146 151 
153 161 163 168 169 172 176 177 181 185 189 191 
193 195 197 200 210 211 213 215 218 225 237 240 
244 245 246 251 256 258 260 261 262 263 271 275 
278 279 280 283 287 291 295 296 303 304 308 318 
319 320 321 324 326 330 331 337 338 340 342 346 
348 350 353 354 356 357 362 369 370 372 374 375 
377 379 380 382 383 384 385 386 388 395 396 397 
107
5 6 9 11 13 17 19 24 30 34 39 40 
51 52 58 60 62 63 64 65 69 73 75 78 
79 84 85 86 87 94 96 97 100 101 104 106 
107 121 123 128 131 133 134 137 140 141 145 152 
157 161 162 163 164 175 178 192 195 198 208 215 
217 218 225 242 247 256 262 264 265 270 276 281 
282 283 285 290 296 298 299 307 310 312 317 324 
326 332 333 339 343 344 346 348 360 362 368 369 
370 371 373 376 377 378 380 381 383 388 393 
124
2 3 4 9 10 18 20 21 22 26 27 28 
33 34 37 38 41 44 55 57 59 60 61 63 
68 75 80 83 84 86 88 90 99 101 105 109 
110 112 118 119 123 125 129 130 139 141 142 145 
147 148 153 159 160 166 169 179 180 181 182 197 
200 210 216 222 225 242 244 245 254 256 261 262 
265 266 271 272 275 279 280 283 286 287 290 291 
292 294 297 298 300 305 308 309 316 317 320 326 
327 332 334 335 338 339 343 344 345 347 349 352 
357 363 365 368 369 370 373 377 383 384 385 386 
391 394 398 399 
138
2 3 4 11 12 16 17 18 20 21 24 25 
29 32 33 36 38 40 41 45 46 48 51 53 
56 61 63 65 66 67 68 77 93 99 101 102 
108 110 115 118 120 121 122 126 128 130 131 135 
137 138 140 141 144 151 155 160 162 168 172 173 
177 180 181 185 187 189 190 193 194 199 202 203 
205 206 216 217 222 228 237 238 239 241 242 247 
248 253 259 260 264 265 266 271 275 276 283 287 
288 289 290 294 297 300 302 304 305 306 308 310 
314 316 322 325 327 328 329 338 344 349 351 352 
355 359 361 362 364 365 367 373 377 378 379 382 
384 386 392 394 398 400 
127
9 11 12 15 16 18 23 25 27 29 33 40 
41 48 50 55 56 58 62 66 73 76 79 80 
86 92 93 95 97 102 104 105 107 108 112 114 
118 123 126 127 128 129 136 140 141 145 148 150 
151 154 155 157 160 164 166 167 169 175 176 180 
182 184 186 187 189 195 196 199 201 207 211 218 
219 224 228 230 231 233 237 239 242 245 248 249 
251 255 257 259 260 261 265 276 288 289 290 291 
292 296 300 301 302 304 312 320 331 332 333 340 
342 343 344 345 347 352 358 361 363 370 378 381 
382 390 393 395 397 399 400 
113
3 4 5 7 10 13 15 16 23 27 28 35 
38 39 43 44 46 48 49 53 57 65 66 67 
68 77 79 83 90 91 96 98 100 101 103 110 
111 112 113 115 118 119 128 134 139 142 147 148 
152 154 159 163 166 170 171 175 179 191 194 195 
206 208 210 213 216 218 220 223 225 226 231 232 
235 239 244 245 246 251 258 271 276 280 283 297 
298 302 305 307 310 311 315 318 321 322 323 331 
338 340 341 343 345 350 357 358 367 374 375 376 
385 393 397 398 400 
114
2 3 7 10 12 15 17 19 20 28 32 34 
35 38 41 42 47 57 60 64 67 72 75 78 
80 83 85 87 93 103 104 106 110 113 114 115 
119 124 125 128 130 131 134 141 153 155 160 165 
166 167 171 178 179 184 185 186 187 189 195 202 
203 205 214 217 219 220 224 228 230 231 235 238 
241 242 248 257 258 260 261 271 274 275 281 283 
293 301 308 311 312 315 316 318 326 329 331 339 
340 347 350 351 356 364 370 374 376 377 378 388 
390 391 392 393 394 397 
125
2 6 11 13 26 32 35 36 37 40 41 44 
45 46 49 50 55 57 63 66 76 77 78 79 
80 81 83 96 98 100 105 106 108 109 113 114 
116 122 124 134 140 141 147 153 159 160 161 168 
171 173 179 180 191 194 199 206 207 210 211 214 
215 217 224 226 230 233 234 239 249 250 251 253 
256 257 261 263 264 265 266 270 272 276 279 283 
285 288 289 292 293 294 295 301 304 305 306 311 
314 316 318 323 324 325 328 330 332 335 342 343 
348 349 351 355 357 373 378 383 384 386 387 390 
391 392 395 396 398 
131
7 18 21 22 26 30 31 37 40 43 44 49 
52 55 57 61 63 65 77 81 83 84 85 87 
89 90 92 94 101 103 106 114 119 120 125 127 
129 134 135 143 147 148 149 152 155 156 160 162 
165 171 174 176 178 180 185 189 191 196 198 200 
202 203 204 210 211 212 214 216 217 220 221 222 
223 226 227 229 236 240 243 244 247 253 256 257 
259 262 265 269 272 274 277 279 284 287 289 291 
293 294 295 296 302 303 305 306 307 308 315 316 
320 321 324 325 333 336 342 343 352 354 360 365 
367 368 369 374 379 382 383 384 388 397 400 
109
2 5 6 7 19 21 24 25 33 37 40 43 
44 45 50 51 53 54 64 66 69 73 74 79 
81 83 85 87 90 102 103 105 106 109 111 114 
116 121 122 135 138 144 150 155 159 171 172 177 
181 196 203 209 213 217 218 220 221 222 223 228 
230 236 237 239 245 246 250 258 260 261 271 279 
283 285 286 294 297 298 302 303 305 309 310 311 
313 319 327 329 332 339 340 342 345 346 349 352 
353 361 363 366 371 373 381 383 384 391 394 396 
400 
117
6 9 11 16 17 18 19 25 27 28 29 31 
35 41 54 57 64 71 77 79 80 87 89 90 
94 98 99 106 109 110 121 122 123 124 127 128 
129 130 131 135 136 140 141 144 145 147 152 153 
157 166 169 171 175 176 178 180 184 192 193 195 
197 200 201 203 206 208 211 212 226 229 230 236 
248 250 256 259 264 265 268 269 272 276 278 282 
283 284 285 289 290 292 293 295 297 298 300 303 
318 323 328 330 331 333 334 341 347 348 349 354 
363 365 372 374 376 384 391 394 397 
121
1 7 13 16 17 23 25 26 27 29 36 46 
53 63 67 72 74 76 78 82 86 88 92 94 
99 102 111 113 115 118 123 124 128 129 134 137 
142 145 147 151 158 159 163 164 167 174 176 181 
189 193 194 195 197 198 200 205 209 213 214 215 
216 220 221 225 229 230 239 241 243 245 246 249 
252 256 259 260 263 266 271 272 276 278 280 283 
286 288 290 292 294 296 298 301 303 307 315 321 
322 323 328 332 334 335 336 337 344 346 347 355 
360 361 363 367 375 380 381 385 387 390 392 396 
400 
119
5 7 8 14 16 21 23 26 34 36 38 39 
41 44 45 46 48 49 52 56 57 60 70 72 
75 77 79 87 88 90 93 94 111 114 115 116 
118 123 127 128 129 132 134 136 140 143 149 152 
157 158 165 172 177 180 183 186 188 192 194 195 
202 204 212 219 222 223 224 227 228 231 233 237 
247 248 253 265 266 271 274 275 287 289 291 293 
294 297 304 306 307 312 313 314 316 321 324 326 
330 342 344 346 351 352 354 359 365 366 368 373 
376 377 378 382 386 389 390 393 395 396 398 
131
2 3 5 10 19 20 21 22 24 27 30 32 
34 37 39 43 45 56 59 66 67 68 69 70 
72 79 84 87 89 93 94 97 100 105 108 110 
111 116 119 125 128 131 134 135 138 141 144 148 
151 157 162 163 167 169 174 176 178 182 187 188 
189 190 197 200 207 210 211 215 219 222 225 227 
228 230 233 242 244 250 252 254 256 261 262 265 
267 269 272 275 277 280 281 285 286 288 298 299 
305 306 307 308 314 316 323 327 331 333 334 337 
338 340 341 342 344 345 346 350 354 360 361 363 
365 366 372 375 378 379 385 389 397 399 400 
125
2 6 11 20 23 33 35 39 41 46 47 55 
65 67 69 77 80 81 83 86 90 93 94 95 
96 99 101 103 106 110 113 115 116 118 119 120 
124 125 131 132 136 137 143 146 150 152 157 162 
164 165 168 169 170 173 174 176 178 179 183 189 
194 196 201 206 209 210 213 214 217 219 224 225 
227 229 232 238 250 252 255 257 258 259 261 262 
264 268 271 272 274 276 278 279 281 282 294 306 
310 311 312 313 316 317 322 325 327 331 333 337 
342 343 348 350 353 356 357 363 367 369 374 376 
378 386 387 391 396 
118
2 4 6 8 10 13 19 23 25 27 29 30 
35 38 39 40 41 42 44 46 50 51 57 58 
59 65 68 75 79 81 85 87 89 94 98 100 
102 107 108 114 129 130 132 137 142 149 150 151 
153 160 163 164 165 167 168 175 178 179 182 185 
189 190 194 197 201 203 204 211 216 221 224 227 
228 236 237 242 244 247 250 258 265 269 273 275 
279 282 288 293 294 295 299 300 302 307 310 311 
315 317 319 325 329 332 333 337 338 342 348 362 
371 373 378 379 382 387 391 394 396 398 
122
1 2 4 6 8 21 22 27 28 41 44 47 
49 63 65 69 71 76 78 79 81 88 89 90 
93 94 95 98 99 103 104 106 118 122 123 128 
132 133 134 135 157 162 163 166 167 171 173 174 
175 178 180 182 193 195 196 203 204 205 206 207 
208 211 213 214 215 216 221 226 228 234 235 237 
240 241 244 245 248 249 252 256 261 264 268 272 
274 276 278 279 282 285 290 292 297 302 307 310 
311 312 313 321 323 326 331 332 335 337 340 341 
343 347 355 361 362 363 364 368 371 387 388 391 
392 398 
126
3 4 6 8 9 10 12 17 19 21 23 24 
28 29 31 33 36 38 41 42 47 48 49 50 
51 53 54 57 59 62 65 68 69 71 73 78 
84 87 88 90 92 93 95 97 111 112 113 117 
119 121 122 124 130 131 133 138 140 141 148 156 
157 159 162 164 165 167 171 173 177 178 185 186 
188 193 194 195 198 199 209 214 215 217 219 224 
225 229 232 236 240 244 247 250 251 253 254 259 
264 266 267 269 273 275 280 286 288 293 299 312 
319 321 325 327 329 333 346 352 355 356 357 369 
370 372 385 386 388 395 
124
1 2 7 9 11 15 16 18 19 20 21 23 
28 30 31 39 40 48 49 51 53 55 58 59 
69 72 76 79 80 88 90 91 92 94 109 112 
119 120 122 124 130 131 136 139 141 145 148 155 
156 161 167 168 170 174 177 178 180 183 184 185 
195 196 199 200 202 206 211 213 216 217 223 233 
234 237 238 247 250 252 255 256 261 262 265 266 
267 268 271 275 290 291 293 294 298 299 301 303 
304 305 306 321 323 329 330 331 338 341 345 347 
352 354 356 358 360 364 365 369 370 371 372 373 
380 387 389 395 
131
2 5 8 10 12 13 14 29 31 32 35 36 
37 47 50 51 52 53 58 59 62 64 72 77 
84 85 87 90 91 95 97 98 99 100 102 103 
104 105 106 108 110 111 116 117 120 121 128 129 
131 133 135 141 143 146 149 151 152 153 156 159 
160 163 165 168 169 171 173 174 176 181 183 184 
185 187 192 197 213 218 224 225 230 235 238 244 
246 257 263 267 271 272 275 280 282 284 292 294 
295 296 317 318 319 323 325 327 333 342 346 349 
350 351 353 360 361 362 365 367 369 373 374 375 
379 384 386 388 389 391 393 394 397 398 399 
123
1 3 7 10 16 17 20 22 23 28 29 30 
32 34 39 42 47 50 54 57 59 64 73 75 
76 77 78 81 82 83 85 86 94 95 97 111 
114 116 124 125 127 131 135 136 140 141 147 149 
152 154 159 164 168 171 174 175 176 177 184 194 
197 199 204 207 212 214 216 218 221 226 231 232 
234 237 240 247 248 250 256 257 259 260 269 270 
271 274 277 281 282 285 288 291 295 306 310 312 
314 316 322 326 328 329 332 334 335 336 340 342 
343 347 348 349 357 360 364 367 372 376 378 389 
390 392 396 
123
3 4 6 21 22 25 29 30 33 34 35 36 
38 40 46 49 62 64 66 70 73 74 78 85 
86 87 90 98 101 106 108 111 120 121 127 129 
130 134 137 143 144 150 153 154 156 158 162 164 
167 168 171 176 181 183 184 186 187 188 196 197 
199 203 205 206 207 208 214 220 223 224 225 235 
236 237 238 244 245 250 259 260 262 268 269 271 
274 278 280 281 283 285 298 300 301 303 314 315 
322 324 327 329 334 336 339 346 347 349 354 355 
358 360 362 365 368 369 370 373 381 383 385 386 
388 390 398 
120
3 13 15 20 25 27 28 31 32 37 38 41 
46 48 51 52 62 71 79 83 84 85 86 95 
96 98 99 102 103 107 110 116 117 120 123 126 
129 135 136 140 145 146 147 148 149 151 153 154 
155 160 161 166 168 170 175 176 178 179 188 192 
194 196 198 202 204 208 212 215 216 218 219 221 
225 229 231 238 247 248 252 260 263 264 268 271 
273 274 276 277 278 281 285 287 293 294 296 300 
301 302 303 308 309 311 312 320 328 329 330 335 
338 344 356 360 367 369 371 380 388 394 395 400 
114
10 11 16 17 23 34 36 37 39 45 46 50 
51 52 55 59 62 64 65 74 79 81 82 84 
85 91 98 101 106 111 113 125 128 132 134 136 
138 139 148 150 151 162 165 169 170 172 177 181 
183 187 192 194 195 197 198 202 212 214 216 219 
225 226 228 230 232 238 240 243 244 247 252 254 
256 257 259 262 264 275 276 282 284 285 287 290 
294 305 309 310 314 324 327 332 335 340 341 342 
343 349 355 358 360 361 368 370 372 374 377 379 
380 382 384 389 393 398 
122
1 2 6 8 11 14 18 21 24 28 32 39 
42 45 46 50 52 55 56 59 63 65 67 69 
82 86 96 97 98 105 107 110 113 114 115 117 
122 123 128 129 132 134 135 137 139 141 145 151 
155 156 160 167 168 173 174 176 178 181 183 187 
190 193 196 197 202 203 206 207 209 210 212 214 
217 220 221 222 226 241 255 256 263 267 271 277 
278 279 282 283 286 290 292 294 297 300 301 303 
304 306 308 309 317 322 326 328 329 341 342 345 
350 351 356 358 361 362 370 372 373 376 378 396 
398 399 
100
4 8 11 14 17 22 31 35 37 39 43 50 
53 55 56 65 66 70 72 73 74 79 84 86 
88 90 94 98 99 103 104 109 111 122 123 127 
135 137 139 141 142 147 150 151 161 168 169 170 
176 178 179 180 185 191 199 200 210 212 216 217 
218 222 225 240 246 247 248 249 250 271 276 280 
281 285 290 291 294 295 301 303 304 306 308 320 
321 337 341 343 346 349 353 356 363 375 380 381 
383 388 393 397 
119
13 20 22 24 26 29 30 33 35 36 41 42 
48 49 50 51 57 69 74 75 76 77 93 94 
95 100 102 110 112 120 123 125 126 127 134 137 
145 149 159 162 164 166 167 169 173 176 178 179 
180 182 189 193 197 201 203 211 212 214 219 220 
223 225 226 228 229 233 235 240 242 246 250 260 
265 271 273 274 286 287 288 297 299 302 304 308 
310 318 321 323 326 327 329 334 339 342 344 347 
348 349 351 352 353 358 359 360 366 367 369 371 
373 375 377 378 379 382 386 397 398 399 400 
115
4 8 14 16 22 27 30 33 35 39 40 42 
44 48 53 54 57 60 63 64 70 73 74 75 
77 80 83 89 93 94 95 97 98 102 108 109 
110 112 115 116 122 124 127 128 139 142 144 146 
148 152 153 154 159 160 162 166 171 174 175 179 
185 189 190 192 198 209 216 217 218 221 223 225 
226 235 243 246 248 256 259 263 264 265 269 271 
280 286 289 291 292 293 294 310 312 314 319 325 
329 332 333 334 337 344 346 347 348 358 361 363 
366 371 372 378 379 390 393 
120
3 6 11 12 15 20 24 29 30 31 35 38 
39 40 41 45 47 51 55 62 68 71 72 73 
74 75 78 79 80 86 88 89 90 93 95 103 
107 109 112 117 123 127 133 137 140 142 151 152 
154 156 160 161 163 169 172 173 177 178 185 188 
201 207 210 211 219 223 224 228 230 231 234 237 
240 247 250 251 253 262 263 264 268 269 272 273 
274 275 276 280 284 290 297 302 309 311 313 314 
317 318 320 321 325 327 333 337 340 341 348 354 
357 358 363 367 369 370 378 379 380 387 394 400 
125
5 6 9 10 12 14 16 21 25 26 27 29 
35 37 44 47 51 62 63 70 73 78 83 91 
92 94 97 99 103 107 108 110 112 113 125 126 
130 132 134 135 136 142 148 156 159 166 167 175 
176 177 187 188 190 196 199 200 202 206 208 209 
210 217 218 224 227 231 234 235 236 239 245 247 
248 254 263 264 265 269 270 275 277 279 280 281 
288 291 292 293 294 298 299 303 306 307 312 313 
314 317 320 328 329 330 331 333 334 339 345 346 
347 348 350 356 361 363 365 366 377 382 383 384 
387 388 394 395 397 
125
4 8 9 17 18 22 27 32 34 37 40 41 
45 48 50 53 54 55 56 57 60 62 68 73 
78 80 82 94 102 103 104 108 109 110 112 117 
119 120 122 131 133 134 135 140 143 148 154 155 
156 162 164 165 166 171 174 176 178 182 187 188 
192 193 195 203 205 210 211 223 225 226 227 230 
233 236 238 243 251 254 257 261 262 264 267 269 
270 271 272 280 284 285 286 287 289 290 291 298 
300 305 309 314 317 320 322 323 326 330 332 334 
342 349 358 362 363 367 368 372 377 378 381 384 
388 391 393 397 399 
107
3 6 8 13 14 16 17 22 24 28 44 61 
62 72 73 74 75 78 79 86 91 94 96 98 
101 104 107 109 113 114 115 122 126 130 134 135 
138 143 148 152 155 161 164 168 171 181 182 186 
197 202 208 212 214 215 219 220 221 228 229 235 
237 244 246 247 249 251 258 261 264 265 266 272 
275 276 278 284 292 293 294 298 302 309 312 315 
320 324 325 338 339 346 349 351 352 355 364 365 
370 372 373 374 380 383 389 390 397 398 399 
103
3 5 9 11 24 25 34 36 50 53 54 56 
57 61 63 64 65 67 68 71 72 78 79 80 
83 96 99 110 118 123 124 128 133 137 141 142 
143 145 146 154 158 168 176 180 181 183 185 189 
190 193 196 199 206 211 218 221 222 227 229 233 
236 243 252 256 257 258 265 267 272 273 277 280 
283 288 289 291 292 295 303 305 308 319 326 330 
334 343 345 346 347 350 355 360 361 364 371 373 
374 375 381 387 390 396 397 
105
2 3 5 7 14 18 21 22 27 31 35 38 
41 44 52 53 56 59 60 70 71 72 76 79 
82 84 85 86 93 101 102 106 108 110 113 121 
127 131 135 138 140 142 145 147 149 155 157 165 
171 181 183 191 198 199 200 201 205 210 211 212 
213 218 219 220 223 231 233 236 237 249 251 253 
255 257 259 263 274 275 276 277 279 280 281 282 
291 293 296 303 308 310 322 323 332 343 353 356 
357 359 361 364 376 379 385 389 398 
109
7 8 15 28 31 32 36 41 48 50 51 53 
54 57 68 74 77 83 90 95 96 99 103 104 
114 120 125 129 131 135 137 138 141 145 146 152 
153 158 159 162 164 167 170 171 176 179 180 188 
189 190 193 195 197 199 203 204 207 208 212 214 
219 221 226 227 248 249 250 251 252 260 267 268 
271 277 281 284 286 289 296 298 302 304 305 307 
308 311 314 327 329 334 337 340 342 346 351 354 
358 359 366 367 368 373 375 379 381 384 391 395 
396 
133
1 5 8 10 12 15 16 19 23 26 27 30 
33 34 35 37 38 39 41 43 45 47 51 54 
60 61 64 65 67 68 69 72 73 77 79 81 
83 90 93 94 98 99 102 104 112 121 124 131 
138 141 144 146 150 151 154 157 160 163 164 166 
167 168 169 173 174 175 176 177 180 181 183 186 
192 193 197 200 201 207 208 214 216 218 219 221 
222 227 234 237 238 239 244 251 253 259 262 263 
267 271 272 278 279 283 284 285 286 295 299 300 
302 310 313 315 317 318 321 326 330 342 344 345 
347 348 349 350 353 360 376 377 383 386 387 398 
400 
118
2 16 17 18 20 21 32 33 34 37 40 42 
46 47 50 52 58 59 61 63 64 65 68 70 
77 80 84 85 86 96 100 101 103 104 105 106 
108 114 117 120 121 122 123 126 136 139 140 149 
151 152 154 155 160 163 167 169 176 179 182 186 
188 190 194 195 205 208 212 214 215 221 227 228 
237 238 246 247 250 258 262 266 268 269 272 273 
280 282 285 287 291 292 294 299 300 301 304 308 
309 311 317 318 319 323 325 327 329 332 333 343 
346 351 355 365 369 375 391 392 397 399 
120
2 9 11 12 17 20 21 22 23 24 25 28 
31 33 34 39 42 44 45 46 47 49 50 51 
53 55 56 64 65 75 76 78 87 88 90 91 
95 99 102 107 112 115 120 122 123 127 131 138 
139 158 165 167 168 169 174 177 181 186 188 191 
201 202 205 210 215 216 224 232 236 239 246 251 
259 264 266 267 271 272 273 276 278 279 281 286 
292 293 296 297 299 303 304 307 308 309 312 320 
328 329 335 342 346 347 348 351 352 356 360 369 
370 372 376 378 381 382 385 392 393 394 395 397 
124
1 4 11 15 17 20 22 23 29 31 32 34 
37 44 46 52 60 61 62 64 73 74 77 82 
84 86 87 90 93 98 99 103 109 111 113 115 
116 121 125 127 133 134 135 139 143 144 146 148 
149 150 151 152 155 157 158 159 161 164 165 167 
172 177 180 184 187 190 194 198 203 204 207 210 
214 216 218 220 222 226 227 228 233 237 239 241 
263 266 268 270 273 281 291 295 296 297 302 304 
313 320 327 330 331 332 335 336 338 339 341 343 
346 348 355 356 357 360 363 366 370 374 375 383 
385 388 390 398 
139
4 8 9 14 17 18 19 20 23 28 33 37 
43 46 50 52 54 62 63 64 67 68 70 74 
76 79 81 84 86 88 90 92 93 94 101 104 
106 108 115 119 120 121 127 128 130 135 146 147 
154 156 159 161 163 170 172 178 179 184 185 188 
189 197 198 202 204 205 208 209 210 211 212 214 
217 221 224 228 231 233 238 239 250 257 260 263 
265 266 269 272 276 277 279 280 282 283 287 288 
297 298 302 305 306 312 314 318 321 325 327 328 
331 332 336 339 341 344 347 349 351 352 355 356 
360 361 366 370 371 372 373 375 376 378 379 381 
382 384 385 387 391 394 399 
116
1 3 6 21 22 25 29 35 39 44 45 46 
50 56 61 63 64 65 66 67 68 70 79 82 
100 110 111 113 114 115 116 117 127 131 132 135 
139 142 143 144 146 147 149 153 154 156 161 163 
164 165 168 179 183 189 202 211 212 213 218 219 
225 227 231 241 245 250 254 257 259 261 266 267 
271 277 278 283 286 291 293 294 295 298 299 300 
305 313 314 317 319 320 334 336 337 340 343 344 
345 350 352 353 358 360 361 367 368 371 374 377 
378 384 386 388 389 390 396 399 
116
6 8 15 18 23 27 37 38 47 51 57 60 
63 70 72 96 103 104 105 106 107 120 123 124 
127 132 135 136 138 143 145 146 147 153 155 157 
159 161 166 169 172 174 176 177 180 188 189 194 
196 203 207 209 210 213 215 217 218 220 223 228 
230 231 234 236 238 242 243 246 247 252 257 263 
266 267 270 274 276 279 282 287 288 294 296 301 
302 306 310 312 318 319 325 326 327 330 333 335 
337 338 340 345 346 348 350 351 359 362 371 372 
375 377 379 384 385 388 389 393 
128
2 3 4 5 6 10 13 16 21 25 27 30 
31 34 37 49 52 61 63 65 67 72 76 77 
80 97 98 100 103 106 108 114 115 119 126 129 
131 132 133 137 139 140 141 145 150 152 158 166 
167 168 169 171 176 178 183 184 191 197 199 201 
202 204 209 210 216 227 234 237 238 240 242 244 
249 250 254 259 260 263 264 266 269 271 278 280 
282 283 287 289 290 298 299 302 307 309 315 319 
324 328 333 334 335 336 338 342 344 345 347 353 
354 360 361 363 366 367 368 372 374 379 381 382 
388 389 390 393 394 397 398 400 
119
1 2 3 9 11 14 16 18 20 24 39 40 
41 42 43 44 48 50 51 55 58 63 64 66 
67 72 75 87 96 99 100 101 104 109 112 113 
116 119 121 126 133 135 136 137 142 143 144 149 
152 155 160 164 173 177 181 183 184 188 199 202 
206 208 210 213 215 217 219 221 226 230 231 233 
235 237 238 240 249 253 254 257 261 267 268 270 
273 274 279 281 284 287 292 299 305 311 316 317 
318 323 325 330 334 337 338 346 349 356 360 369 
370 371 373 382 385 386 387 388 392 396 399 
108
1 4 11 14 15 20 27 30 39 46 47 54 
62 65 71 73 75 81 88 89 90 91 96 97 
99 101 107 110 115 118 128 130 131 134 136 139 
141 154 157 162 163 165 174 175 186 188 194 195 
197 200 202 206 211 212 216 219 221 224 225 236 
238 241 245 246 247 248 258 259 261 263 265 268 
269 271 286 288 292 293 298 300 305 311 312 313 
316 319 327 333 334 339 346 348 352 353 356 358 
359 360 365 372 373 377 378 384 386 389 390 395 
110
3 4 8 10 14 15 17 26 27 28 34 38 
41 53 56 59 61 62 71 83 85 99 103 109 
114 115 116 119 120 121 123 131 132 133 137 138 
139 141 145 152 154 161 164 166 172 177 178 185 
186 188 196 199 203 208 210 217 218 221 222 225 
230 232 234 237 238 239 244 247 250 252 254 257 
261 264 269 272 276 277 285 292 294 295 300 301 
304 316 319 320 323 329 330 333 334 335 337 340 
341 355 358 359 361 365 369 371 373 374 375 376 
384 396 
134
1 4 5 9 13 14 18 19 20 23 24 33 
37 38 39 40 43 47 50 51 52 53 54 55 
56 60 61 64 66 67 73 74 87 90 93 94 
98 102 103 105 106 124 128 129 134 138 140 141 
145 146 148 149 150 154 155 158 160 161 162 163 
165 169 171 173 175 176 179 180 186 189 190 192 
195 196 197 198 201 202 203 206 209 211 213 215 
219 222 223 225 226 231 233 234 236 237 245 246 
253 256 268 271 275 280 281 282 286 289 290 292 
299 302 304 305 307 310 328 329 335 340 341 357 
358 359 364 365 366 367 373 378 383 388 389 396 
399 400 
114
2 3 4 5 9 11 12 13 14 17 20 21 
25 28 32 35 40 44 45 47 48 52 54 60 
66 69 73 78 82 83 87 89 97 103 105 115 
118 122 132 135 137 138 139 142 145 155 157 160 
161 162 170 174 175 180 184 187 191 194 196 199 
209 210 212 216 221 227 233 236 241 247 248 249 
252 253 255 257 258 259 260 264 265 273 276 277 
279 281 294 295 301 309 310 314 316 320 325 329 
331 336 348 354 355 356 358 365 366 368 369 371 
380 384 387 388 392 399 
120
3 4 6 7 17 19 25 26 27 36 37 38 
40 47 51 52 57 58 61 65 66 70 71 74 
76 77 80 81 86 89 92 95 103 105 106 112 
124 125 126 130 132 133 138 142 157 158 161 164 
170 176 180 181 185 192 193 194 202 206 207 212 
216 217 219 220 223 227 232 234 236 238 243 244 
246 250 253 255 257 261 263 264 266 271 272 273 
275 280 286 287 290 293 295 306 310 320 325 329 
330 335 338 341 349 355 357 359 362 365 369 372 
373 374 375 376 386 387 391 394 395 397 398 399 
124
3 6 8 9 10 13 14 18 26 33 34 36 
39 42 50 56 64 66 68 69 72 76 79 80 
85 90 92 94 96 97 109 111 112 114 121 124 
129 135 137 139 140 142 148 153 155 156 159 164 
165 168 171 173 175 176 179 182 183 184 193 196 
198 201 204 207 210 213 214 217 222 224 227 228 
230 231 232 238 240 249 251 252 254 260 262 268 
269 273 274 276 283 284 288 291 293 294 295 296 
298 303 304 310 313 315 320 321 323 324 327 331 
345 346 347 349 351 354 359 362 365 371 378 380 
395 397 398 399 
129
2 11 14 15 17 20 21 23 28 47 49 54 
61 63 67 68 71 78 81 88 89 90 92 98 
103 104 106 108 109 110 111 113 121 123 125 127 
133 134 137 138 139 141 144 146 150 154 161 166 
167 171 173 176 177 178 183 184 186 187 189 190 
191 193 198 200 204 205 206 210 222 225 227 231 
233 234 236 240 243 248 249 250 251 255 260 263 
264 266 267 271 275 278 281 283 288 291 293 294 
297 300 305 307 308 309 310 312 315 324 329 333 
334 338 339 345 347 348 349 351 355 357 360 368 
370 375 383 386 388 390 391 395 400 
114
2 4 5 8 9 10 11 13 16 27 36 39 
40 44 48 52 55 57 61 62 67 71 75 78 
85 91 99 105 107 108 112 115 116 118 123 128 
130 137 138 139 141 143 150 152 155 163 177 182 
183 184 189 190 193 196 197 202 203 204 208 213 
215 220 221 223 225 226 228 231 236 244 246 247 
251 261 265 267 271 272 277 279 280 282 285 290 
292 293 299 302 304 309 310 313 320 321 322 328 
331 335 339 343 349 351 360 369 371 372 373 379 
380 382 385 388 393 394 
134
7 8 10 11 13 16 18 19 23 26 27 30 
32 33 39 43 46 49 54 55 58 59 60 61 
62 63 64 68 69 80 81 83 84 86 88 90 
91 92 95 102 104 106 120 123 127 128 129 133 
139 144 146 148 149 157 159 160 169 180 181 184 
185 186 188 190 193 195 196 200 202 205 208 213 
215 216 218 223 226 228 231 232 235 236 238 239 
240 241 248 249 255 266 271 276 281 284 286 292 
293 294 297 301 305 306 311 316 318 319 325 326 
327 328 335 339 342 344 346 349 352 355 363 365 
368 371 372 375 376 379 383 384 385 387 389 394 
396 399 
117
4 6 7 9 13 22 25 29 43 44 49 52 
55 56 64 66 68 73 74 76 79 81 85 89 
96 102 105 108 109 110 113 114 116 117 119 120 
121 124 125 133 140 141 142 151 158 162 163 169 
170 171 173 176 178 180 185 186 188 190 194 201 
205 206 212 213 216 217 218 228 235 236 237 241 
243 244 247 253 256 262 268 269 271 275 282 283 
285 286 290 291 293 297 299 300 303 305 306 318 
319 332 333 335 338 339 343 345 349 350 354 356 
362 366 382 383 388 390 393 398 399 
112
1 2 5 10 11 14 15 17 31 38 51 53 
54 60 63 65 68 70 74 82 84 85 90 91 
96 98 100 105 106 109 110 112 113 126 127 129 
134 139 141 144 146 149 150 151 152 154 160 161 
167 170 173 179 185 190 194 196 197 199 201 203 
212 213 214 222 223 229 231 241 243 249 256 266 
267 270 274 278 284 288 291 303 305 306 311 313 
314 315 318 322 323 327 331 333 334 340 343 344 
345 347 350 352 354 361 364 368 370 371 380 382 
389 392 397 399 
114
6 8 11 13 15 17 19 21 26 29 30 33 
43 57 58 59 61 68 71 72 78 83 86 87 
91 92 96 97 98 101 102 107 108 112 113 115 
119 121 124 125 129 131 132 134 136 141 143 145 
147 150 160 161 162 164 166 167 172 179 182 185 
189 196 202 203 205 212 218 221 224 229 230 236 
238 241 243 244 251 253 265 266 267 268 269 278 
284 285 290 294 298 301 302 311 312 316 325 326 
328 331 334 337 348 350 351 353 354 358 363 365 
372 376 378 384 388 392 
127
7 10 14 25 26 27 29 34 38 41 43 44 
45 47 49 54 55 56 61 63 64 70 73 75 
76 80 81 85 96 97 102 108 112 114 115 118 
120 124 128 129 135 137 138 140 143 147 148 151 
160 169 171 175 179 183 184 188 191 194 195 196 
205 207 209 210 211 220 226 227 228 230 246 249 
253 259 261 269 270 271 272 274 275 280 281 284 
293 303 305 313 314 316 321 326 327 329 330 331 
332 334 335 338 342 350 351 352 353 354 355 356 
357 359 362 364 370 371 373 374 376 380 382 383 
384 388 392 393 395 396 399 
125
1 2 10 11 13 14 16 20 24 25 32 35 
36 37 40 42 46 52 54 55 57 58 60 63 
64 68 72 73 78 83 86 88 89 90 91 92 
93 94 96 98 102 105 114 116 121 131 141 149 
151 152 158 164 166 167 168 171 174 175 177 181 
183 189 190 191 192 195 200 204 205 206 208 210 
211 218 219 222 224 225 226 228 231 232 243 244 
247 256 259 264 267 274 278 281 282 283 284 303 
304 306 307 312 319 321 323 327 328 331 335 338 
340 346 347 348 349 352 359 361 363 368 376 379 
382 389 391 392 395 
119
3 4 15 16 22 23 32 33 34 35 40 41 
42 44 45 49 52 55 56 60 64 67 77 82 
89 95 99 102 104 105 108 110 112 115 117 122 
128 134 137 143 149 151 158 160 165 168 169 172 
174 176 177 178 182 183 184 187 188 198 203 205 
207 213 215 218 225 226 227 232 241 243 248 251 
252 253 257 264 265 277 278 280 284 291 293 300 
301 306 309 317 318 323 327 334 336 339 348 350 
354 359 361 362 368 372 373 374 375 376 378 379 
380 383 384 385 386 387 391 392 393 394 396 
111
1 3 6 12 13 14 17 18 19 21 26 34 
35 36 42 43 55 64 65 70 71 72 74 77 
86 87 90 91 94 97 105 111 114 115 116 117 
121 122 123 124 126 128 132 133 139 142 150 151 
153 154 155 161 162 172 175 186 196 197 198 205 
207 208 209 212 214 218 227 232 234 238 239 240 
245 247 251 255 259 262 263 264 276 277 282 285 
289 290 292 294 302 303 304 310 316 318 324 327 
333 340 343 356 367 372 375 380 383 386 391 392 
394 395 400 
117
3 9 11 13 15 22 24 36 41 44 46 48 
49 56 62 63 69 71 72 73 74 77 85 91 
99 102 104 108 111 112 118 119 122 123 129 130 
134 135 136 137 138 139 143 148 149 153 154 157 
158 159 166 171 173 175 181 182 183 191 198 200 
208 214 216 219 223 228 230 233 234 235 236 244 
247 250 252 258 259 261 263 264 268 270 272 277 
280 281 282 283 289 292 303 306 307 308 310 316 
317 319 326 329 334 335 338 339 341 344 346 347 
355 362 366 370 373 380 386 388 399 
129
7 9 10 17 26 27 28 29 30 33 35 36 
37 39 40 42 43 44 45 46 47 48 57 66 
67 71 72 76 78 79 84 88 89 98 104 105 
107 108 111 112 115 122 123 127 130 133 134 142 
144 145 148 154 159 167 170 172 175 177 178 185 
194 198 200 201 203 204 206 207 210 211 212 213 
214 221 226 228 231 233 234 235 237 238 240 245 
250 257 258 261 263 265 268 278 279 280 283 296 
300 302 306 308 309 312 318 321 328 329 332 335 
336 343 344 354 355 358 359 360 368 369 374 376 
377 379 384 386 387 389 395 396 397 
120
2 4 6 14 15 17 18 25 27 36 38 39 
42 44 46 48 50 55 58 64 66 69 74 75 
77 78 79 81 83 86 88 89 97 104 110 111 
115 118 122 126 127 132 135 137 139 151 157 158 
160 163 168 176 179 182 184 187 192 194 197 201 
205 208 209 211 212 213 220 221 223 230 232 236 
237 238 243 249 257 259 261 262 264 266 267 269 
270 278 279 285 289 290 295 300 301 302 313 317 
325 328 333 334 335 342 345 348 349 350 358 362 
364 368 370 375 376 377 380 382 388 394 396 399 
126
3 4 7 10 14 15 16 17 19 23 25 28 
29 30 31 37 38 43 47 48 55 56 64 65 
67 71 75 83 87 89 93 97 106 107 109 115 
120 122 123 124 128 134 137 140 141 142 147 148 
156 161 166 168 174 176 178 181 183 184 185 186 
190 193 194 195 196 206 207 208 212 219 222 224 
225 236 238 240 241 242 245 246 247 248 249 255 
256 257 263 264 266 278 280 283 290 292 294 298 
301 305 313 315 317 318 319 320 329 330 331 332 
333 334 341 342 343 347 348 357 359 364 365 372 
376 379 384 391 398 400 
107
3 9 12 16 19 23 25 31 32 43 46 50 
53 56 61 64 65 67 68 69 73 74 75 77 
79 80 84 91 96 97 98 99 116 117 126 129 
130 132 137 138 142 145 146 148 149 151 154 160 
166 171 172 174 175 177 180 181 186 191 193 196 
198 199 204 211 222 232 237 239 242 245 252 253 
261 265 278 279 286 304 305 309 312 313 314 318 
321 324 326 334 339 340 341 343 344 352 362 363 
369 370 372 376 379 380 383 384 390 394 398 
121
5 12 16 18 20 25 30 31 38 42 43 50 
51 53 56 57 60 63 64 65 68 71 73 76 
78 80 85 90 91 95 97 100 106 107 110 123 
125 126 128 131 140 143 148 149 155 160 161 163 
164 166 169 171 172 173 177 186 187 191 192 193 
195 202 203 205 210 211 219 221 224 225 231 233 
236 238 240 246 247 251 256 259 260 261 264 268 
281 283 285 286 287 301 302 303 311 315 324 325 
329 331 333 334 339 342 345 349 351 359 360 365 
369 371 375 381 382 383 384 388 389 395 397 399 
400 
127
4 10 13 15 17 18 19 20 22 23 30 33 
36 43 44 51 52 54 56 60 63 64 65 71 
77 78 85 90 92 94 95 97 98 104 106 107 
109 112 115 117 118 120 121 123 132 134 135 144 
153 156 157 162 167 170 172 173 176 179 186 187 
191 192 195 198 206 208 214 218 219 230 233 236 
240 241 245 248 251 253 254 262 275 277 278 279 
281 287 288 289 293 294 295 297 298 300 303 310 
314 316 317 318 321 324 326 333 336 339 340 342 
344 347 350 351 354 357 359 361 365 369 370 371 
375 378 382 383 387 391 400 
118
11 12 14 16 19 28 30 34 36 41 42 43 
47 50 51 52 53 55 56 60 62 69 72 75 
76 78 86 87 93 97 101 103 112 113 114 115 
120 121 125 126 128 131 133 145 146 147 148 149 
153 163 164 165 170 173 181 182 185 188 191 198 
199 202 203 209 212 213 217 222 223 231 232 233 
234 239 241 242 244 245 247 251 254 256 259 267 
269 285 289 292 296 301 303 309 311 312 315 320 
321 329 333 338 339 346 350 360 362 365 372 373 
374 375 378 391 392 395 396 397 399 400 
117
2 6 12 13 19 26 27 28 29 30 43 48 
49 53 61 63 64 67 68 69 74 76 83 84 
89 90 93 97 100 101 103 104 111 113 123 126 
136 139 141 142 145 148 151 157 161 162 168 170 
175 181 182 183 188 191 192 199 201 203 205 213 
214 217 220 225 226 227 230 235 239 240 243 256 
257 260 263 268 270 274 276 280 282 285 286 288 
290 291 294 295 300 301 304 310 315 316 318 320 
322 326 327 335 336 337 338 344 351 352 355 361 
362 363 373 376 378 387 389 393 396 
122
1 11 13 16 20 23 24 26 27 30 32 34 
35 39 41 44 45 46 47 50 55 61 62 64 
65 68 69 75 80 82 89 95 99 100 103 106 
107 112 114 115 119 120 122 123 124 128 129 131 
133 137 138 139 148 154 159 161 163 164 165 167 
168 169 170 176 177 179 183 187 205 208 216 219 
221 226 227 229 230 231 234 237 244 247 248 259 
260 270 272 277 278 283 284 288 292 296 303 304 
306 310 315 316 317 322 325 327 337 338 339 340 
341 348 356 357 359 360 364 369 375 381 387 393 
395 399 
114
1 3 5 7 9 13 16 17 25 26 27 28 
29 30 34 40 46 47 50 52 53 55 57 59 
61 62 64 69 73 81 82 83 86 87 88 96 
99 104 112 125 129 131 133 135 138 141 142 144 
146 149 158 162 168 169 172 174 176 184 191 199 
205 206 209 211 220 233 235 240 242 245 251 254 
261 263 266 271 275 276 278 279 280 281 283 287 
291 295 302 304 308 311 317 320 321 322 330 334 
338 347 351 352 360 361 364 365 371 372 374 375 
376 378 381 385 389 399 
124
6 9 11 19 20 22 28 29 34 35 37 44 
45 49 50 55 63 66 70 71 74 83 89 94 
96 98 99 103 106 108 111 117 118 122 126 128 
129 131 134 136 137 138 140 143 146 150 152 154 
155 156 159 161 164 168 171 177 179 184 185 188 
192 197 198 199 200 206 214 215 216 218 222 224 
229 231 233 235 239 241 242 244 245 252 256 261 
263 266 268 269 270 281 282 286 287 301 305 313 
319 327 329 331 335 336 337 338 339 341 345 346 
349 354 356 357 358 359 360 361 363 364 365 371 
375 382 384 397 
119
1 7 8 9 10 11 12 16 17 18 32 36 
38 40 46 47 52 53 54 62 67 70 75 77 
79 86 92 97 99 100 102 106 107 116 118 122 
128 130 131 138 139 141 143 147 148 151 155 159 
160 161 172 173 174 180 181 184 189 192 193 205 
218 219 220 228 229 237 241 243 250 254 266 267 
271 274 275 277 280 282 284 287 289 291 293 295 
298 301 302 307 310 312 313 316 325 326 327 329 
332 334 337 338 342 345 346 348 356 361 365 369 
370 372 373 376 380 381 382 392 394 396 399 
128
4 6 12 21 27 32 33 34 35 38 39 41 
43 44 45 55 56 64 69 82 84 86 89 96 
99 104 107 110 112 116 119 123 124 127 129 130 
135 137 144 145 146 152 157 161 169 170 174 178 
182 184 186 188 191 192 193 194 198 202 206 208 
209 212 219 221 224 225 227 238 239 242 243 244 
245 246 247 248 254 255 260 261 262 263 267 269 
271 276 278 281 283 289 290 291 293 294 303 305 
308 309 312 313 314 315 318 321 322 323 326 327 
333 338 341 345 347 348 350 352 354 358 359 361 
369 375 377 383 389 392 399 400 
120
2 7 11 12 14 15 16 26 31 32 33 43 
45 58 59 64 67 68 72 74 77 85 88 90 
94 95 98 99 110 111 114 126 127 131 132 136 
138 140 145 148 154 158 162 165 168 170 174 178 
180 182 183 184 185 187 192 204 211 215 220 221 
223 226 230 235 242 245 248 250 254 255 258 260 
265 275 277 278 290 294 298 299 304 305 308 312 
313 317 322 323 325 327 330 334 338 339 342 343 
344 346 349 351 353 355 358 359 360 361 362 368 
371 373 377 384 386 387 388 389 394 396 397 399 
118
2 3 5 15 20 26 29 30 32 34 37 47 
58 63 64 65 75 76 77 88 90 95 96 104 
105 106 107 111 115 119 121 123 125 128 130 131 
141 143 148 152 158 161 162 163 167 168 169 170 
171 173 176 191 192 195 196 202 205 206 207 212 
213 214 220 224 225 231 235 245 246 249 251 254 
255 260 263 265 268 270 276 277 278 279 280 284 
288 290 291 295 296 298 299 305 309 312 317 320 
321 322 328 330 338 340 347 349 351 353 358 361 
365 369 370 373 377 383 388 392 393 398 
125
9 12 18 19 20 21 22 28 29 30 33 46 
49 50 53 55 58 59 60 61 71 74 77 87 
94 96 97 98 99 101 105 109 114 117 118 123 
124 127 130 135 137 138 145 147 149 150 151 155 
158 161 164 165 166 171 173 174 175 176 178 185 
187 193 194 195 203 207 208 209 210 211 215 219 
222 223 226 227 232 234 236 242 246 254 256 259 
260 261 262 274 275 276 277 279 281 282 283 285 
288 293 295 304 309 312 313 318 320 323 324 330 
332 336 341 346 350 351 355 361 362 364 366 379 
386 388 391 397 400 
111
4 5 16 17 18 20 28 29 32 37 38 40 
41 48 50 55 57 58 71 75 77 78 83 86 
89 95 97 113 115 116 117 121 122 127 132 135 
146 149 151 152 155 157 158 163 165 167 171 174 
177 180 181 182 197 198 199 202 203 210 212 215 
221 225 226 231 236 240 245 247 248 254 260 261 
262 263 265 268 271 274 276 279 285 289 292 297 
309 317 318 325 333 337 339 344 347 348 349 352 
353 357 358 361 364 367 368 372 373 378 382 383 
392 395 396 
127
3 4 7 13 16 21 22 27 29 41 43 44 
47 51 52 56 58 60 61 66 71 72 77 81 
88 89 94 95 99 104 106 107 117 118 119 122 
123 124 126 131 132 136 138 139 141 144 152 156 
157 158 164 172 178 179 181 183 187 188 193 195 
199 201 205 208 209 215 216 221 222 224 226 228 
231 233 234 236 241 245 251 253 258 263 264 267 
269 270 272 273 274 283 287 290 306 308 309 310 
312 313 316 317 320 323 324 326 328 332 335 336 
337 339 343 345 350 351 356 359 363 365 366 367 
368 371 383 386 390 392 399 
112
6 7 12 20 24 26 28 32 33 37 39 44 
45 46 47 62 63 64 75 79 82 85 92 93 
98 103 109 115 116 123 125 127 130 132 135 141 
142 143 144 147 148 157 158 160 162 166 172 177 
180 181 182 185 189 196 197 201 206 208 210 212 
214 229 231 234 236 238 240 241 245 246 253 256 
258 261 267 270 272 275 279 280 281 283 284 285 
289 294 299 303 307 309 314 318 319 326 327 329 
339 341 352 354 358 359 362 363 369 374 376 382 
386 389 390 399 
123
3 9 10 18 21 22 23 25 26 27 36 39 
42 44 47 50 51 55 59 67 70 73 75 83 
87 94 100 105 108 109 112 114 116 117 119 123 
128 129 132 134 137 138 141 148 154 156 158 164 
165 171 172 173 174 178 181 187 190 193 194 196 
198 199 200 201 205 207 214 218 219 220 228 231 
234 236 240 241 242 243 244 247 249 252 253 255 
256 263 265 266 273 276 283 285 288 292 300 302 
306 308 312 315 316 319 323 328 329 336 341 342 
345 349 351 357 372 377 378 380 383 384 388 390 
392 397 399 
102
2 4 10 11 12 14 19 24 26 27 30 32 
35 42 46 48 52 55 60 75 81 89 92 96 
99 100 104 106 109 112 113 123 127 133 139 145 
148 155 156 161 164 169 173 174 177 184 185 186 
189 192 198 201 202 204 215 219 220 222 223 227 
231 232 234 238 239 245 252 254 256 291 296 298 
303 304 305 306 307 308 313 314 317 319 321 325 
328 333 335 340 346 351 352 353 356 357 370 372 
380 391 392 393 395 396 
105
1 6 16 17 22 25 26 36 41 46 48 51 
54 56 57 62 63 65 82 84 91 94 109 115 
116 117 120 122 123 124 128 129 137 140 142 145 
147 148 154 155 156 158 159 161 163 166 172 177 
181 182 194 197 212 218 222 224 225 232 246 249 
250 251 253 264 266 270 274 276 277 278 283 286 
293 296 297 298 299 304 305 307 308 319 325 328 
329 331 337 341 345 348 349 357 361 364 369 374 
375 377 383 386 388 389 390 394 396 
136
5 7 8 10 11 15 17 20 22 23 27 29 
30 32 37 43 44 48 52 53 55 58 59 68 
72 73 75 80 83 84 85 86 92 93 94 95 
96 98 99 102 104 105 107 116 119 124 125 126 
127 128 131 134 135 140 142 145 149 153 155 157 
158 166 171 172 174 180 182 185 189 191 192 194 
196 197 201 202 204 207 208 211 221 229 233 236 
240 241 244 247 248 251 256 260 261 262 264 271 
276 278 284 292 297 298 302 303 304 322 324 325 
326 330 332 337 339 342 343 348 349 353 354 360 
361 362 364 369 370 371 376 378 379 383 385 388 
389 390 393 400 
119
7 9 10 15 22 23 25 26 27 30 32 33 
34 42 54 58 64 68 76 79 81 84 86 88 
89 94 95 100 102 109 117 118 121 127 133 138 
142 143 147 154 161 163 166 167 168 175 177 181 
182 185 187 197 214 216 218 219 220 221 231 233 
235 238 249 251 252 256 258 261 262 266 272 280 
284 292 293 298 301 303 304 306 308 309 310 313 
317 318 319 320 321 322 325 335 339 341 342 344 
345 347 352 356 359 360 365 368 369 372 376 377 
378 379 380 381 382 383 384 386 389 395 398 
128
5 10 21 27 31 34 38 39 40 44 48 52 
53 58 59 62 63 68 70 72 73 76 79 82 
89 91 102 103 105 108 112 113 115 117 125 130 
132 134 141 142 146 147 155 157 158 163 166 170 
172 174 176 186 187 188 189 196 197 199 201 204 
207 209 210 212 213 214 218 219 226 228 232 240 
244 248 249 251 254 255 259 260 261 264 265 267 
268 269 276 278 283 284 286 294 296 306 311 312 
314 316 317 318 319 324 328 329 330 338 339 340 
342 351 353 355 357 358 363 365 366 370 377 380 
384 387 390 391 393 396 397 400 
133
1 16 17 18 21 23 32 37 42 44 48 49 
50 53 60 65 67 72 74 76 78 86 88 93 
100 102 103 111 112 114 119 120 122 129 133 138 
139 146 153 154 155 156 157 160 161 162 164 167 
170 173 183 186 187 194 196 203 206 207 210 211 
214 215 216 218 219 221 222 233 239 245 246 247 
248 249 250 251 260 262 263 264 265 266 269 270 
275 277 278 279 280 288 289 292 293 298 299 303 
304 305 307 308 310 318 320 321 323 324 327 328 
330 334 336 340 341 344 348 352 354 360 365 368 
371 375 377 380 381 384 385 387 390 392 393 394 
398 
132
1 6 9 15 20 21 22 26 29 33 34 35 
37 40 44 46 47 51 52 54 55 59 60 65 
77 85 87 103 106 107 108 113 114 115 117 119 
121 124 128 130 131 132 137 138 143 146 147 148 
149 150 153 157 158 161 164 171 175 177 179 180 
185 186 187 194 196 203 216 217 219 221 224 225 
227 228 229 230 234 236 246 250 253 254 265 270 
275 278 279 282 283 285 287 289 295 298 300 302 
306 307 308 310 311 319 325 327 329 335 337 338 
339 340 344 346 349 350 351 357 364 367 368 374 
375 376 377 378 380 383 387 389 391 395 399 400 
122
3 12 14 17 19 21 22 32 38 43 44 45 
54 55 56 67 69 71 75 79 81 83 85 88 
89 90 91 93 94 95 96 97 101 102 110 113 
119 120 121 123 138 141 144 147 148 152 156 157 
159 165 169 170 173 174 178 180 181 184 185 189 
197 199 201 202 207 208 210 211 215 216 217 219 
221 225 226 228 232 235 247 253 254 256 269 272 
273 279 281 283 291 292 295 298 299 301 314 316 
319 320 324 325 334 337 340 346 350 353 357 358 
360 366 367 372 374 387 389 390 391 393 395 397 
398 400 
114
3 11 14 16 17 20 30 32 33 36 38 40 
41 42 45 47 52 55 56 60 67 72 73 78 
80 88 93 94 95 96 103 104 108 110 117 120 
128 136 138 141 142 150 151 154 163 165 167 168 
171 173 178 179 181 184 185 186 191 197 198 205 
211 214 215 221 224 225 229 230 231 233 237 246 
249 256 258 262 263 266 270 271 279 295 299 304 
305 310 311 313 315 316 320 322 327 330 331 333 
335 339 341 342 352 355 356 359 365 370 375 381 
388 389 391 392 393 397 
140
2 6 7 10 12 14 16 23 27 30 31 32 
36 37 38 40 41 43 48 49 54 56 59 60 
64 66 69 73 75 77 83 84 88 89 90 91 
99 101 102 103 112 117 122 124 128 129 132 135 
136 137 138 139 141 142 150 152 159 161 164 167 
168 170 173 174 176 181 182 189 194 198 200 202 
206 208 210 211 213 215 217 223 225 226 228 229 
235 239 241 242 245 253 254 256 257 260 264 265 
270 272 274 276 278 281 282 283 287 291 293 294 
296 298 299 301 302 304 305 308 311 316 319 322 
324 327 330 331 333 338 348 349 351 352 354 358 
365 375 378 379 381 388 397 399 
111
5 10 13 16 17 20 24 26 28 29 32 34 
39 40 42 45 50 54 57 64 68 72 74 76 
85 87 91 92 93 101 102 105 106 107 109 110 
113 116 140 146 149 157 158 159 161 162 166 172 
173 175 177 178 180 186 192 194 207 210 217 220 
227 232 236 238 242 247 252 254 256 258 259 265 
268 270 271 273 274 282 285 294 296 298 299 300 
304 305 306 310 322 324 325 328 330 331 333 334 
337 344 353 355 358 361 365 370 375 378 383 385 
386 388 395 
126
5 6 7 13 18 19 20 22 25 28 30 31 
33 43 46 54 58 59 62 64 66 68 70 73 
75 78 83 84 94 97 98 120 122 124 140 141 
143 144 145 147 149 151 154 155 162 163 165 168 
173 174 176 179 186 191 201 203 206 207 209 210 
212 214 215 216 218 224 225 228 231 232 234 240 
241 246 248 252 253 257 260 267 271 273 274 280 
285 287 288 290 292 293 302 304 307 308 309 310 
312 313 316 317 318 325 333 334 336 337 338 342 
346 348 351 354 356 357 358 359 362 363 373 374 
375 383 389 390 393 395 
102
6 11 18 20 27 39 41 48 49 55 56 66 
70 72 81 83 86 89 99 100 101 104 105 108 
112 114 115 117 118 119 120 122 123 125 128 133 
137 138 142 152 160 162 163 164 166 172 176 187 
190 196 197 203 204 216 217 222 223 231 235 240 
242 243 244 250 256 261 262 263 265 271 273 278 
280 281 282 285 294 298 299 314 319 331 332 336 
341 344 346 349 350 360 362 363 364 365 366 368 
373 374 382 384 386 396 
115
4 9 11 14 16 18 24 29 30 33 37 40 
41 49 54 56 58 61 67 72 74 75 76 78 
81 89 92 96 100 110 111 114 117 118 126 128 
130 131 136 142 146 147 148 149 151 156 157 160 
164 170 172 180 183 184 186 187 193 194 198 200 
210 212 214 216 220 223 225 228 235 237 241 244 
245 247 256 257 259 260 261 264 265 274 285 290 
293 294 295 296 300 301 305 307 322 327 329 345 
350 352 355 356 361 366 369 371 374 377 378 379 
380 383 387 389 396 397 399 
120
8 10 17 18 19 22 24 25 39 42 46 48 
58 61 63 65 66 68 69 77 78 81 83 87 
88 98 101 103 105 106 107 111 113 115 117 121 
122 123 124 130 135 136 144 146 150 151 157 158 
159 164 165 170 176 177 178 179 181 190 191 196 
203 204 210 213 214 216 217 219 223 246 247 255 
257 258 260 261 263 265 268 271 276 277 278 279 
280 282 285 286 289 290 307 308 309 311 312 313 
315 323 326 327 328 335 340 346 347 354 356 358 
364 367 370 373 377 383 389 391 394 395 398 400 
120
3 5 6 7 15 21 23 25 29 32 34 37 
38 40 42 43 45 48 49 52 55 56 57 59 
60 61 63 73 79 82 88 92 93 96 105 108 
116 124 135 137 143 147 149 150 155 156 157 161 
167 172 176 177 179 189 192 196 197 203 207 211 
213 214 216 217 227 230 232 234 239 243 244 246 
250 251 253 256 262 264 265 268 271 285 286 291 
298 302 303 309 312 314 317 322 325 327 329 330 
332 335 337 339 345 348 349 353 364 367 368 371 
372 375 377 379 385 386 390 391 394 395 396 398 
97
7 8 9 11 16 20 22 25 32 42 48 61 
64 67 68 69 80 82 90 94 95 96 97 99 
100 105 111 113 116 118 119 120 122 124 131 136 
144 149 150 151 153 159 160 164 167 177 181 184 
185 186 191 198 200 201 210 211 213 214 224 226 
236 237 242 246 251 254 259 266 269 270 271 273 
280 281 285 294 296 300 304 309 314 316 317 318 
331 332 356 362 363 364 368 373 376 380 385 390 
398 
131
1 3 6 7 14 15 17 20 21 22 25 27 
31 34 37 39 46 47 49 50 52 56 57 58 
64 71 74 75 81 82 86 95 104 109 115 117 
118 122 125 126 133 134 137 144 145 148 150 151 
152 156 158 160 163 164 166 167 169 173 176 177 
179 183 185 187 190 196 199 202 205 206 214 223 
225 228 229 238 240 241 242 243 255 258 260 261 
262 265 271 273 275 276 281 282 283 290 291 293 
297 304 309 311 316 317 318 319 320 321 323 324 
332 334 336 337 342 347 353 354 357 363 369 370 
372 374 375 378 379 383 384 385 387 395 398 
135
1 12 16 17 24 26 27 28 31 40 43 45 
46 48 52 56 62 65 69 70 72 75 76 78 
83 86 89 95 96 104 106 107 108 118 119 122 
126 129 132 133 137 138 139 145 147 154 155 157 
170 172 178 184 186 192 193 195 198 199 200 201 
202 205 206 210 213 214 215 216 218 219 220 221 
223 229 232 238 239 240 243 248 253 254 260 262 
264 267 271 274 275 280 282 286 288 292 294 295 
305 306 308 309 310 312 313 315 317 318 322 323 
327 329 330 337 339 342 344 346 347 349 352 358 
360 362 363 365 366 368 374 379 381 382 383 384 
391 398 400 
108
3 4 6 7 15 16 23 27 31 32 33 34 
38 44 46 47 49 52 59 63 64 65 66 72 
73 80 84 86 89 90 97 102 103 109 112 116 
117 121 126 137 140 143 144 147 150 152 155 162 
163 165 170 176 185 188 190 192 195 197 198 202 
210 212 215 216 217 218 220 225 229 232 236 239 
243 249 251 264 269 271 276 277 289 292 301 302 
304 308 315 316 326 327 328 330 350 353 355 362 
363 369 378 380 385 387 388 392 394 395 397 398 
131
3 4 9 11 25 28 36 37 40 50 52 53 
56 57 58 59 62 64 69 70 72 74 75 76 
83 88 89 96 97 98 105 110 111 112 113 115 
117 118 122 124 126 139 140 142 147 155 156 157 
158 159 160 165 166 169 171 173 175 183 186 188 
192 197 201 204 205 208 210 214 215 216 217 219 
221 223 224 225 226 228 232 233 234 238 241 244 
245 250 258 259 263 265 273 277 278 281 282 283 
284 286 288 291 293 295 298 300 301 305 309 310 
312 313 317 324 329 336 338 340 342 349 350 355 
358 364 376 377 379 383 385 390 394 398 400 
132
1 3 4 5 10 16 22 26 39 41 42 44 
47 49 51 52 58 60 62 64 69 70 72 75 
77 78 84 87 89 92 96 97 99 101 113 118 
126 128 131 133 139 142 143 145 148 149 152 153 
163 165 172 173 175 176 177 179 183 184 185 187 
190 199 201 209 213 216 219 224 227 229 231 232 
233 236 237 244 245 251 252 253 255 256 257 258 
259 269 270 272 276 277 279 280 281 282 283 284 
291 295 298 299 306 307 310 312 313 315 317 319 
322 329 331 334 335 339 342 344 345 347 349 352 
353 355 364 369 370 372 383 385 386 387 390 393 
114
1 5 8 9 17 19 22 24 27 31 38 40 
44 48 49 50 51 56 58 65 66 67 68 75 
80 83 85 87 88 90 92 100 102 109 110 119 
121 129 132 142 147 150 153 155 164 166 167 168 
169 170 176 178 180 183 186 187 190 193 199 202 
203 206 209 213 219 222 224 226 227 228 233 234 
236 237 238 242 252 254 265 266 270 271 283 290 
291 294 299 301 307 309 310 314 316 318 320 322 
325 329 332 344 346 353 357 359 360 363 365 375 
376 383 384 386 390 393 
103
1 2 4 5 7 9 16 26 28 32 35 41 
49 52 54 56 68 70 71 73 75 77 79 81 
82 83 88 92 94 101 109 113 129 130 132 134 
136 141 143 145 149 152 153 159 164 169 174 180 
184 186 193 200 201 207 208 222 226 233 236 244 
245 248 250 251 256 279 281 289 290 292 295 298 
299 303 304 306 309 310 312 320 324 331 333 334 
338 342 344 346 348 356 357 358 365 366 370 374 
383 384 385 388 390 394 399 
121
3 5 7 13 16 17 18 20 29 30 32 38 
39 41 44 51 52 55 56 57 60 61 67 72 
73 75 76 77 78 79 82 83 89 96 101 105 
106 109 114 119 120 122 123 124 125 131 134 136 
142 147 149 150 151 155 157 158 161 164 168 170 
179 185 186 189 190 193 200 204 207 211 212 220 
221 224 231 232 234 235 236 242 243 245 248 253 
280 284 292 299 301 302 307 314 315 321 325 329 
332 333 335 338 345 347 358 359 360 361 362 364 
365 366 369 370 373 374 382 387 390 393 396 397 
400 
114
1 2 6 7 11 24 27 29 32 33 34 36 
42 45 48 49 50 51 54 58 60 63 74 89 
92 101 102 103 104 114 115 118 123 125 129 130 
139 144 149 150 151 155 157 159 162 163 173 180 
181 182 183 189 192 197 199 202 208 210 211 212 
213 214 217 221 226 228 230 235 238 240 241 245 
246 247 254 255 256 259 260 275 276 281 285 291 
294 300 302 303 307 308 309 310 317 320 325 332 
336 337 339 340 348 350 352 353 354 359 370 372 
374 378 387 390 391 396 
122
1 5 7 9 10 17 20 25 29 36 42 44 
50 52 53 57 58 59 60 72 74 76 77 80 
81 87 88 91 95 98 99 106 107 108 115 119 
120 124 127 132 137 139 140 141 142 143 144 149 
153 154 156 157 159 160 165 166 167 170 172 175 
179 182 200 211 213 215 222 224 233 241 242 243 
246 251 255 257 266 267 272 273 276 277 278 279 
283 284 286 288 291 292 296 298 299 313 316 319 
320 323 326 329 331 332 345 348 353 354 356 359 
361 362 364 370 371 374 377 380 382 383 388 390 
394 397 
127
5 15 17 20 28 30 32 34 38 39 41 45 
48 51 56 58 61 63 69 73 77 82 85 89 
92 94 98 99 103 105 111 114 115 117 119 121 
126 127 135 136 137 141 149 159 163 166 168 172 
175 178 182 183 193 194 198 200 203 205 207 209 
210 212 214 215 216 221 228 232 233 234 239 240 
243 245 254 257 260 263 264 267 268 269 270 271 
272 274 275 276 277 278 281 292 293 301 305 316 
319 321 325 328 330 333 337 338 339 341 342 348 
349 355 357 363 367 368 370 373 377 383 385 387 
389 390 392 394 396 397 398 
121
2 4 10 13 16 18 22 27 32 37 38 41 
42 50 52 57 59 61 68 69 70 72 73 74 
76 80 83 93 101 103 108 109 110 111 113 115 
116 117 118 121 124 128 130 132 133 136 138 143 
148 150 151 152 154 155 158 159 164 167 171 175 
177 183 194 195 196 202 203 221 222 224 229 231 
237 240 241 242 245 248 250 251 252 261 263 264 
275 276 278 284 286 287 301 304 307 309 315 319 
323 328 334 344 345 350 357 361 364 366 373 374 
376 379 380 381 384 385 389 391 394 396 397 399 
400 
120
5 15 16 18 24 27 29 32 34 35 41 45 
46 51 52 53 54 56 59 63 73 79 81 82 
83 84 85 86 87 88 93 98 102 111 113 114 
125 131 134 135 136 142 144 146 150 156 157 158 
163 165 167 168 169 181 186 191 193 199 201 203 
208 209 210 211 215 220 221 222 228 229 234 235 
238 239 240 250 254 256 260 269 270 273 279 281 
289 294 297 305 307 311 312 315 316 318 319 322 
326 328 334 341 345 349 350 352 355 356 358 360 
366 370 372 375 380 381 383 385 389 391 395 400 
114
2 8 15 16 20 21 40 43 44 54 57 59 
64 68 71 72 76 80 85 86 87 88 97 98 
100 103 105 108 110 113 114 115 118 124 126 129 
135 136 138 139 143 158 159 161 171 172 181 184 
185 186 192 195 196 198 199 203 206 211 213 215 
217 221 222 223 227 229 230 236 238 243 248 256 
264 268 269 270 271 272 273 274 279 280 288 289 
290 292 300 303 310 311 312 315 318 323 328 329 
330 333 334 349 351 353 357 358 359 360 361 362 
365 366 375 387 392 397 
113
3 15 19 20 21 22 27 28 30 41 43 45 
48 55 57 60 65 66 68 70 71 74 75 82 
87 89 93 98 100 104 107 108 109 113 116 117 
118 119 121 128 132 134 139 158 162 163 165 167 
170 179 182 187 192 193 195 206 209 210 211 217 
219 220 221 227 228 230 231 239 240 241 250 252 
257 262 264 269 271 275 280 285 286 292 298 299 
304 305 306 308 311 312 313 320 323 330 337 339 
340 341 342 347 348 355 359 368 371 372 373 379 
384 385 386 394 395 
131
10 12 13 17 20 21 23 27 28 29 31 38 
53 54 55 59 61 64 68 72 76 77 78 82 
86 87 89 92 93 98 99 100 101 103 105 107 
108 109 116 121 123 125 126 128 134 135 137 143 
145 147 148 149 153 155 158 165 166 170 178 179 
181 184 187 193 194 195 197 198 200 207 209 215 
216 218 221 225 229 230 234 242 244 248 251 254 
259 262 263 265 267 268 271 272 280 282 285 293 
294 298 299 301 304 308 310 312 313 314 321 323 
326 327 331 332 334 335 339 340 342 348 352 353 
360 364 366 370 375 376 378 382 385 394 398 
123
3 4 5 6 7 10 23 24 25 29 30 32 
33 36 40 42 44 45 49 50 57 62 64 67 
70 74 85 96 99 100 101 103 105 106 109 110 
113 116 121 124 126 131 134 140 141 144 146 154 
155 157 158 160 165 168 171 179 198 201 202 203 
206 210 214 215 220 223 226 230 231 232 235 238 
240 242 248 252 254 258 262 263 264 268 269 271 
272 276 278 279 282 291 295 302 307 308 310 312 
315 319 320 323 325 327 328 330 332 333 339 340 
341 349 350 352 355 361 362 369 371 376 377 383 
387 389 391 
113
1 2 5 6 8 11 13 15 20 22 24 25 
26 27 28 29 37 39 40 43 50 53 55 59 
66 69 78 89 92 99 103 107 112 117 134 143 
144 145 150 153 161 162 167 172 175 176 183 186 
193 196 197 198 199 200 202 206 211 215 220 225 
235 236 237 238 243 251 253 255 256 259 260 263 
271 272 274 282 285 289 292 293 299 303 304 305 
307 310 311 312 319 329 330 332 339 342 344 346 
353 355 356 359 361 368 371 372 376 378 379 383 
389 390 397 398 400 
117
5 8 13 15 21 24 26 27 34 36 37 38 
39 43 47 48 50 52 53 62 63 69 77 78 
81 84 89 94 95 99 100 101 102 107 109 118 
119 122 123 125 129 130 138 139 146 148 151 153 
156 161 165 169 176 179 183 188 195 197 201 206 
210 211 215 217 218 220 221 228 231 235 244 247 
251 254 257 260 262 264 267 273 277 282 283 288 
290 291 296 298 301 307 318 320 322 328 329 330 
335 336 337 343 346 348 349 351 360 369 370 377 
379 383 386 387 389 395 397 399 400 
130
7 10 11 12 14 17 18 23 24 27 30 33 
34 36 37 40 42 44 47 58 59 60 62 64 
67 70 75 76 82 83 84 88 90 91 92 93 
95 96 97 99 105 108 111 112 115 116 120 123 
126 129 133 137 139 150 152 156 157 158 159 161 
162 163 164 166 170 171 174 175 177 180 184 188 
191 195 196 200 204 207 213 225 227 233 234 235 
245 247 250 253 256 258 264 266 269 271 274 275 
277 280 284 295 300 302 304 306 307 310 311 320 
329 332 336 338 339 340 343 352 355 358 359 361 
370 371 373 375 377 378 380 390 394 397 
131
3 8 13 14 19 20 22 23 26 27 30 31 
35 43 45 49 50 53 54 61 63 72 75 77 
78 88 90 92 95 101 103 106 112 115 116 120 
122 125 130 134 136 142 144 147 148 150 152 154 
161 162 166 175 179 180 181 184 191 195 197 201 
204 205 206 207 209 218 220 223 225 231 232 234 
235 236 242 243 245 248 249 250 253 255 257 258 
262 266 267 269 276 278 280 288 289 293 294 297 
300 302 308 309 313 314 317 319 321 324 325 328 
329 332 334 341 346 347 352 354 358 362 366 368 
370 377 379 380 381 388 389 391 395 396 398 
121
10 16 18 26 30 33 36 41 44 45 46 49 
51 56 58 59 62 63 64 67 73 74 79 82 
85 90 93 94 96 99 100 102 104 105 112 116 
118 120 121 128 129 131 133 144 147 150 156 159 
160 164 165 166 169 174 175 176 178 179 183 192 
193 194 197 202 205 206 210 213 217 219 224 230 
235 239 244 257 262 263 270 271 272 273 275 278 
280 283 286 287 295 297 301 305 311 315 317 321 
322 327 328 333 334 336 341 344 346 350 351 360 
361 366 368 370 371 373 375 380 382 383 386 390 
394 
122
8 10 11 13 15 19 20 21 26 43 44 45 
52 54 55 56 58 60 64 65 67 68 71 76 
77 78 91 105 108 110 116 119 125 127 132 139 
148 149 150 155 162 163 166 167 168 170 173 174 
181 189 190 191 192 195 199 203 208 209 211 216 
217 221 223 225 226 230 232 234 235 239 240 243 
244 246 250 258 265 266 270 271 272 276 281 282 
283 285 286 287 289 290 295 300 301 308 309 310 
312 316 318 321 336 340 341 343 345 349 352 353 
354 359 366 369 371 372 374 376 378 380 382 388 
391 398 
122
2 6 12 14 18 25 33 34 35 36 40 41 
42 43 44 49 52 58 59 60 63 65 67 70 
71 73 74 79 83 85 88 94 98 104 110 111 
118 127 129 131 136 137 142 145 146 152 158 162 
164 165 166 167 169 172 174 180 182 184 185 186 
187 191 195 196 198 200 206 210 221 222 224 228 
230 233 235 237 242 245 247 249 251 253 257 258 
259 265 268 269 275 278 279 280 283 284 285 289 
300 305 306 309 310 316 318 321 325 326 328 331 
335 336 338 341 344 345 348 352 361 385 389 394 
395 398 
124
2 5 7 14 19 23 25 30 39 41 42 43 
53 54 56 58 62 77 78 80 83 84 87 88 
89 91 93 94 95 96 101 107 108 113 114 115 
116 118 120 126 131 133 144 152 153 157 159 161 
162 166 167 171 173 174 175 185 187 192 194 197 
206 207 209 210 212 213 215 219 220 221 224 227 
228 230 232 234 238 247 248 254 257 259 261 262 
265 269 281 282 283 284 297 299 303 304 306 309 
310 311 313 323 325 326 332 335 338 341 346 348 
352 357 361 362 364 365 367 370 371 379 380 386 
388 389 390 392 
109
3 6 9 15 18 22 23 28 36 37 45 47 
52 53 57 58 63 66 71 72 74 76 80 83 
91 95 100 109 114 121 124 125 140 141 142 146 
147 148 149 159 160 164 165 171 175 176 180 185 
186 190 192 200 207 211 217 223 231 243 245 247 
253 254 255 256 267 271 273 274 278 279 284 286 
291 296 300 302 306 309 312 316 318 322 324 325 
329 331 334 335 337 340 341 346 347 348 349 350 
351 352 358 369 371 372 381 383 388 391 394 396 
399 
119
1 5 7 16 17 20 22 23 25 26 29 31 
37 38 41 44 51 52 56 67 70 71 73 99 
101 110 112 114 123 124 125 127 136 139 145 146 
148 151 154 156 161 162 163 165 166 168 173 174 
176 178 179 184 191 194 195 197 198 200 202 204 
205 208 209 211 215 220 223 224 226 228 230 231 
237 239 242 250 251 255 257 268 270 273 282 287 
294 295 297 300 303 304 306 309 321 322 326 328 
333 334 339 340 343 344 349 350 351 359 362 365 
366 371 373 378 380 381 383 385 390 392 396 
128
1 3 5 8 12 13 15 17 18 20 34 36 
37 40 47 49 54 57 69 72 73 76 77 78 
81 82 88 91 94 101 103 104 105 113 123 126 
127 130 131 136 138 143 145 146 147 149 152 157 
158 159 161 163 165 166 169 172 174 175 176 179 
187 190 193 195 197 199 201 203 206 208 211 228 
237 240 241 242 244 246 251 253 254 256 259 260 
261 263 265 269 272 273 275 281 292 294 295 298 
299 303 307 315 318 319 320 321 326 330 332 334 
341 342 343 346 349 352 359 367 368 369 370 376 
377 378 380 381 387 396 397 400 
114
4 5 10 12 16 25 30 32 41 43 45 47 
50 54 60 61 62 64 65 69 74 77 78 79 
82 83 84 89 91 95 98 103 105 106 108 116 
132 133 136 139 140 141 143 145 150 161 162 167 
170 171 173 178 184 185 190 193 200 202 203 209 
210 215 220 228 229 230 231 232 233 242 243 244 
246 249 250 251 253 254 256 265 267 268 270 288 
291 292 294 300 301 306 307 322 325 334 337 340 
346 352 353 354 355 357 363 368 372 373 377 380 
384 385 386 388 389 398 
125
4 9 13 16 17 20 25 32 33 42 45 46 
48 50 52 54 60 62 75 80 84 88 90 92 
93 96 102 105 109 113 114 118 119 122 124 126 
132 133 135 136 137 139 145 146 147 156 158 161 
163 165 169 172 176 177 182 186 188 190 192 193 
195 196 198 203 204 206 210 215 216 219 226 228 
229 235 239 240 241 242 245 257 259 263 264 265 
267 268 270 272 277 284 287 292 296 299 300 304 
309 311 313 322 325 329 332 338 340 341 343 346 
348 349 357 359 361 363 364 367 370 371 382 384 
386 388 389 391 399 
138
1 3 8 13 14 15 16 18 19 24 26 28 
30 40 42 43 45 46 49 52 54 58 61 62 
63 68 69 72 76 77 80 83 84 85 89 91 
93 94 96 102 103 104 109 112 114 115 118 125 
126 131 132 134 135 141 144 146 148 149 154 155 
157 159 166 169 171 177 178 181 183 185 192 193 
201 208 209 210 211 215 222 223 225 226 229 230 
237 238 240 244 251 254 260 264 265 267 269 274 
278 279 283 289 290 291 292 296 299 301 308 309 
311 312 314 318 319 324 325 327 331 337 338 339 
343 346 349 350 353 355 361 377 378 379 380 386 
387 390 392 394 397 399 
124
1 3 4 8 16 18 28 34 37 40 46 47 
51 52 53 55 57 58 60 62 63 64 67 72 
77 80 85 90 95 97 100 102 107 109 110 115 
117 120 122 123 124 130 133 138 140 142 146 147 
149 151 153 154 157 165 167 172 183 185 186 193 
195 197 203 207 213 222 225 226 231 236 239 240 
242 252 253 258 260 264 268 271 272 273 275 277 
281 285 295 296 297 300 304 305 306 307 310 313 
316 319 322 324 325 331 334 340 347 353 354 355 
358 361 362 365 367 372 378 379 380 381 386 393 
394 395 397 400 
116
1 3 5 11 12 13 18 26 29 32 40 42 
49 53 54 56 57 58 59 67 73 74 80 84 
85 90 91 95 98 104 108 116 121 124 128 132 
135 138 146 149 150 152 166 173 177 178 179 184 
186 190 193 197 198 199 200 209 211 212 213 218 
219 220 222 226 227 228 233 235 237 239 241 254 
255 258 261 263 265 271 273 275 276 286 300 301 
302 306 309 311 312 313 316 317 319 322 323 324 
326 329 331 334 335 339 340 341 342 348 349 353 
357 360 367 368 374 385 399 400 
125
3 14 24 25 30 35 38 47 48 49 61 62 
64 67 70 73 77 78 82 83 85 87 89 94 
98 108 110 114 118 125 126 129 132 133 136 137 
141 145 149 150 154 160 168 170 177 180 181 185 
186 189 191 197 205 207 214 215 217 218 219 224 
232 236 239 248 249 253 255 259 260 262 264 268 
269 270 272 280 281 282 286 288 289 291 293 297 
298 300 302 303 304 305 307 308 311 313 314 315 
316 320 324 329 330 333 337 343 345 346 350 354 
357 358 359 362 365 366 367 374 376 379 383 384 
385 392 393 396 397 
118
2 5 6 10 15 17 18 19 20 21 26 41 
42 44 48 53 55 56 59 61 64 69 70 75 
77 82 83 91 93 95 99 104 106 107 111 119 
122 126 133 138 141 154 157 158 159 164 166 167 
168 173 175 176 178 180 183 189 192 193 196 200 
205 206 208 215 218 220 221 224 230 233 239 246 
255 257 259 260 261 266 268 276 282 283 289 290 
292 298 299 300 303 309 310 314 321 325 336 341 
342 343 350 355 358 360 362 363 366 367 371 373 
376 378 381 382 385 387 390 394 398 400 
106
1 5 9 11 18 35 38 45 50 54 56 59 
61 62 65 66 75 78 80 83 87 88 98 103 
105 106 107 112 118 123 125 127 130 144 146 151 
153 156 158 169 171 175 178 180 197 200 201 203 
205 209 211 217 224 231 233 234 237 240 241 244 
250 252 255 256 259 262 265 270 273 275 277 279 
280 288 292 294 295 299 308 311 313 322 327 331 
333 335 338 343 354 358 359 361 363 364 367 369 
372 373 377 379 380 383 385 386 394 395 
136
7 11 12 16 17 19 20 22 25 30 36 37 
39 41 42 47 48 50 56 58 61 62 67 69 
76 77 89 92 94 98 100 101 102 106 108 109 
112 113 116 117 120 121 122 124 130 132 133 138 
140 141 145 147 151 159 161 162 163 169 171 172 
176 177 182 190 191 193 200 201 202 210 215 216 
218 219 226 228 231 232 235 236 246 248 250 251 
255 257 261 265 268 270 271 280 284 286 288 289 
293 296 297 298 309 311 312 314 317 320 325 333 
336 337 339 343 346 347 350 352 353 355 358 361 
364 367 368 371 375 376 379 381 383 384 386 388 
391 394 395 398 
125
2 7 8 9 17 19 21 23 26 27 31 32 
33 35 40 41 47 52 53 55 56 62 65 68 
74 77 79 81 82 90 96 97 99 100 106 107 
111 112 119 121 122 123 125 132 134 137 139 140 
143 148 161 162 169 170 171 177 178 179 181 190 
191 197 199 201 204 206 207 209 210 211 213 228 
234 236 237 239 241 242 246 248 251 256 258 260 
261 262 266 267 269 274 278 279 283 289 291 295 
299 300 313 314 315 316 320 321 324 327 329 331 
340 341 351 357 359 360 361 363 366 372 377 379 
380 386 390 392 393 
117
8 11 16 18 26 28 35 38 41 49 53 54 
56 57 60 63 70 72 76 77 91 100 101 108 
110 111 114 115 118 121 125 127 131 133 137 141 
142 143 146 147 148 155 158 160 162 165 166 168 
171 178 182 185 187 188 190 191 194 196 199 200 
201 202 203 205 206 210 212 214 216 219 223 225 
234 240 245 247 248 251 252 255 256 260 263 265 
267 271 274 275 276 277 279 281 287 289 296 304 
305 309 315 320 326 327 332 337 340 345 350 352 
357 359 360 368 371 373 374 377 382 
113
3 4 6 8 11 14 15 16 18 23 24 30 
36 43 45 47 52 55 57 58 59 65 66 69 
71 81 85 91 93 95 98 104 107 108 114 118 
119 126 133 134 142 143 146 148 151 154 162 168 
169 172 177 181 182 183 187 193 196 198 200 204 
205 214 232 235 237 239 241 247 251 252 256 258 
261 265 268 270 271 275 277 278 294 306 309 314 
320 324 329 333 334 337 342 344 348 349 350 356 
359 360 366 367 370 372 373 374 375 376 377 378 
388 389 392 396 398 
118
2 5 6 8 10 11 12 13 19 20 26 27 
30 34 46 47 51 54 56 59 63 74 75 81 
86 92 94 106 107 109 110 111 114 117 119 125 
126 130 131 134 141 142 143 148 154 156 157 160 
164 166 171 173 174 176 184 187 188 190 193 194 
195 206 207 211 212 214 215 216 221 225 229 237 
242 244 247 263 264 265 267 271 272 274 275 278 
280 283 284 285 291 294 299 302 311 315 317 324 
327 331 332 333 339 343 349 350 353 357 359 360 
362 364 366 368 371 372 373 383 385 394 
116
3 7 14 25 26 30 40 42 44 45 48 53 
61 62 63 64 65 68 74 80 81 83 85 87 
93 98 101 103 104 106 107 108 120 124 125 129 
131 132 134 135 136 137 141 143 144 146 156 158 
159 161 164 165 179 181 183 193 197 198 200 201 
202 206 213 215 217 226 228 232 234 235 236 244 
246 250 253 254 258 266 268 269 276 278 285 290 
297 299 303 306 307 309 310 312 316 318 326 337 
339 340 341 344 346 347 349 350 353 357 366 372 
375 378 382 385 386 389 395 397 
138
4 6 7 9 13 15 17 24 26 27 35 37 
38 41 42 45 46 49 51 54 59 61 62 65 
67 71 73 76 83 85 88 90 91 93 96 98 
100 101 104 105 106 107 108 111 112 113 122 126 
128 130 134 135 139 148 153 158 159 162 164 167 
169 174 175 181 184 193 194 199 202 204 207 208 
214 216 220 221 222 229 230 231 235 236 239 242 
243 244 246 249 250 255 263 265 267 273 274 276 
280 281 283 284 286 288 289 295 297 300 301 303 
308 309 313 316 323 327 328 334 337 339 343 345 
347 348 350 357 360 364 367 368 369 371 373 374 
376 378 386 396 397 399 
123
2 6 9 11 17 18 19 20 22 23 24 25 
30 31 34 39 43 44 51 56 59 61 62 67 
68 70 75 81 83 87 89 93 96 105 108 109 
112 115 123 131 134 138 139 142 143 147 148 152 
154 155 165 166 169 172 173 175 177 178 180 183 
185 187 192 200 205 206 208 212 216 225 227 232 
236 238 251 252 253 255 261 264 265 266 268 269 
272 273 276 277 285 293 296 311 316 317 319 321 
322 326 331 335 337 343 345 346 347 349 350 355 
360 362 366 369 373 374 375 381 387 391 393 394 
397 398 400 
125
4 10 11 16 21 25 26 27 29 30 31 32 
38 43 44 47 48 51 53 66 75 78 79 80 
84 88 90 91 93 94 99 100 102 104 105 107 
116 117 119 121 126 129 144 145 148 150 158 159 
166 168 169 175 177 180 181 184 185 188 189 193 
198 199 200 204 210 217 219 220 223 224 226 227 
228 231 232 236 243 244 246 247 248 253 254 257 
261 262 267 273 277 278 291 293 295 304 308 309 
313 316 318 319 320 325 327 329 330 333 334 339 
340 341 346 352 353 358 360 364 365 367 368 373 
377 391 395 398 399 
131
3 4 7 12 13 14 16 17 18 20 24 25 
32 35 36 38 41 42 51 52 56 61 64 71 
73 77 81 82 90 92 95 102 105 106 112 113 
116 124 126 129 131 151 152 155 157 159 160 161 
162 164 168 170 171 176 178 180 183 184 185 188 
189 192 194 199 201 202 203 204 205 211 212 213 
215 216 218 219 221 222 223 226 229 230 240 246 
248 249 250 254 261 262 266 268 270 274 279 282 
292 295 297 299 303 306 307 319 323 324 325 326 
327 328 329 331 332 337 339 342 344 353 355 357 
358 359 371 376 379 382 384 389 390 393 400 
127
2 11 13 16 17 18 23 26 29 31 34 36 
38 41 42 50 51 52 53 56 57 61 62 65 
66 69 73 83 84 95 96 97 100 103 104 106 
107 109 110 111 112 114 115 116 117 118 119 120 
126 130 135 139 142 147 153 163 170 173 180 181 
184 188 194 195 197 198 199 203 204 209 214 224 
226 232 234 238 241 242 244 245 251 253 254 258 
267 271 273 274 278 279 281 284 285 290 296 297 
303 304 308 310 312 320 323 324 325 326 327 328 
335 337 338 339 341 350 356 363 366 378 380 381 
382 384 385 387 388 389 391 
124
3 8 9 10 11 14 15 20 21 26 32 35 
40 44 45 47 52 65 66 68 74 75 76 77 
82 87 91 92 93 99 103 104 107 108 109 110 
115 116 117 122 123 124 125 131 132 133 134 144 
149 150 151 152 155 159 160 165 169 171 172 175 
177 178 179 184 185 187 189 191 192 197 198 201 
209 210 211 216 217 218 224 225 226 239 242 247 
256 257 258 262 263 265 266 271 273 279 280 284 
290 295 297 304 309 311 312 316 325 328 332 335 
337 350 351 355 366 367 369 370 372 376 377 381 
382 386 394 399 
114
1 8 13 19 21 29 30 32 34 35 42 43 
48 53 55 57 66 68 70 71 72 76 77 86 
87 91 93 103 105 106 110 122 123 124 133 135 
138 139 142 144 149 150 154 157 159 162 164 165 
169 170 172 174 184 190 194 198 199 201 208 216 
221 222 226 228 233 237 238 241 244 246 251 257 
258 261 262 267 273 276 278 281 282 285 287 289 
303 304 307 308 315 316 317 320 321 322 323 324 
325 326 329 330 331 334 349 350 351 354 377 384 
385 388 389 393 396 399 
119
9 13 18 19 20 21 25 30 31 34 39 40 
48 55 61 66 74 77 79 83 90 94 97 98 
99 100 111 112 114 119 123 124 130 132 133 134 
136 137 140 148 152 160 162 163 164 165 170 171 
173 176 180 183 184 185 188 189 191 195 204 207 
210 211 213 214 216 218 219 226 227 230 236 237 
239 248 251 256 257 260 264 265 266 267 270 271 
272 281 282 285 287 295 307 309 310 313 319 320 
321 322 323 329 330 331 334 335 337 339 341 343 
358 359 361 362 366 369 385 389 390 393 395 
123
2 5 6 8 10 22 25 29 35 36 37 38 
41 42 44 48 50 53 59 61 65 67 73 75 
77 78 81 82 85 86 93 96 100 105 106 107 
108 109 118 119 122 127 129 131 136 138 140 149 
151 154 155 159 172 174 175 177 183 184 185 192 
195 212 213 216 222 224 227 229 230 236 237 240 
242 244 253 261 262 264 269 271 272 276 278 290 
291 293 294 295 299 301 302 304 306 307 309 310 
311 313 317 319 330 331 332 333 335 341 345 350 
351 354 356 360 362 364 365 371 380 381 382 384 
390 396 399 
130
11 16 19 20 23 31 32 36 44 48 52 53 
55 62 63 68 69 70 71 76 78 81 84 87 
88 89 93 96 100 104 106 108 111 116 117 120 
124 126 127 133 140 147 150 152 153 159 164 166 
167 168 169 172 177 178 184 186 187 188 189 192 
193 200 202 205 213 214 215 220 224 225 226 228 
241 244 248 250 251 255 258 259 260 264 265 267 
270 282 283 285 293 295 297 299 302 304 306 307 
312 313 319 321 338 339 341 346 347 348 351 354 
355 356 359 360 361 362 363 368 370 371 372 374 
376 378 381 386 387 391 395 396 397 399 
122
11 13 15 16 20 21 23 26 27 29 30 32 
35 43 55 57 60 71 73 77 83 87 89 90 
93 94 106 108 109 112 114 115 118 119 123 127 
128 130 131 132 136 138 140 142 145 147 149 160 
162 165 171 172 173 178 181 184 185 186 188 189 
193 194 199 201 202 205 206 208 213 214 216 221 
224 225 231 232 235 240 243 247 256 260 261 263 
264 272 280 282 291 294 297 303 305 307 308 309 
312 320 321 324 326 338 339 341 343 346 350 351 
357 359 361 362 364 373 377 380 381 383 387 388 
391 392 
111
6 8 11 13 15 16 20 23 26 27 33 34 
35 43 46 47 49 52 54 56 59 60 69 77 
79 83 84 89 90 95 96 100 110 116 122 127 
130 131 132 133 136 137 141 142 146 153 155 156 
159 166 173 177 179 180 199 203 206 207 209 212 
220 222 229 232 235 238 251 252 255 257 258 260 
265 266 267 269 270 289 295 297 302 303 308 309 
310 319 322 324 327 328 335 337 338 339 344 346 
347 348 353 357 364 373 374 375 378 379 381 384 
388 389 393 
122
1 3 4 5 11 13 17 19 23 24 31 34 
35 36 37 38 40 43 52 53 55 56 57 61 
65 68 72 78 80 81 85 87 90 91 96 107 
108 113 116 117 121 122 123 124 127 129 132 133 
135 137 140 141 144 155 156 159 163 166 170 174 
183 185 187 189 192 198 201 206 208 209 214 215 
220 223 226 232 235 243 246 248 256 259 260 261 
264 266 272 278 281 284 286 288 289 291 295 297 
302 308 311 317 322 334 342 345 347 349 353 356 
359 361 362 364 366 371 377 380 384 394 397 398 
399 400 
114
1 2 7 15 17 22 27 28 31 34 37 38 
40 42 44 45 46 50 53 55 57 63 66 73 
78 83 89 92 96 97 102 104 108 112 116 117 
118 125 127 137 139 140 141 144 151 153 155 156 
162 164 165 166 177 183 186 188 189 193 196 204 
205 206 209 214 215 218 219 222 232 237 241 244 
252 253 254 255 257 258 264 269 271 275 276 277 
285 286 296 299 300 301 303 304 310 312 315 322 
326 330 331 333 337 339 344 348 350 361 364 371 
383 391 394 395 397 400 
113
1 4 7 18 21 24 32 33 34 36 38 41 
46 48 50 53 56 58 63 64 69 74 80 86 
89 95 96 98 99 108 116 117 121 124 127 129 
137 140 143 145 146 157 164 166 167 168 173 178 
181 183 184 190 202 205 206 210 213 225 229 231 
234 236 238 248 252 254 258 259 261 269 273 274 
275 278 280 283 284 285 286 297 299 302 305 309 
310 311 312 328 336 341 342 343 346 347 352 356 
357 359 360 364 365 368 370 371 372 379 385 387 
388 392 395 397 400 
127
2 9 11 13 16 17 18 19 22 26 27 35 
37 40 42 44 47 49 50 52 54 57 72 74 
75 78 85 87 88 90 93 94 96 97 99 101 
103 104 106 109 118 122 127 134 135 138 146 150 
154 155 157 162 163 166 170 172 173 175 176 190 
194 195 200 201 203 205 206 207 210 212 215 217 
219 223 225 227 230 233 237 247 248 250 253 258 
261 265 268 273 276 278 284 286 287 288 293 296 
298 299 300 303 310 312 313 314 317 318 330 333 
335 340 344 346 348 349 354 356 373 374 377 380 
381 387 391 393 396 399 400 
121
4 6 8 11 12 14 21 22 24 30 33 34 
39 42 50 51 52 53 59 63 64 67 69 72 
73 75 76 80 81 92 93 96 97 101 105 111 
112 113 114 117 119 127 130 132 135 136 138 143 
144 146 150 154 156 159 161 165 169 173 185 186 
195 204 206 212 213 216 219 223 227 230 235 236 
242 243 247 257 260 268 269 271 276 280 284 285 
287 290 291 299 300 301 302 305 306 314 315 316 
319 322 323 328 329 330 331 334 339 341 343 347 
348 349 358 359 360 362 364 367 380 381 386 393 
397 
128
1 2 3 4 7 8 9 17 20 23 25 29 
30 32 35 38 46 56 58 59 71 75 76 77 
81 86 92 95 105 109 110 114 118 122 125 127 
128 130 131 139 141 146 147 149 151 152 153 154 
155 158 159 160 161 163 176 179 180 181 183 194 
199 201 205 206 207 210 212 223 226 230 235 243 
244 249 251 253 256 257 263 267 269 273 274 275 
276 279 285 288 293 296 297 302 305 306 307 311 
318 319 322 323 324 328 329 330 332 334 336 337 
339 341 347 348 353 356 358 362 366 367 371 372 
373 376 379 387 389 390 391 397 
99
2 5 9 15 16 18 22 24 27 30 33 37 
38 45 46 49 50 51 52 53 59 60 61 63 
64 75 76 78 80 82 85 87 89 90 91 96 
101 106 109 110 117 130 135 138 142 155 156 158 
161 163 166 180 183 184 190 193 202 207 209 223 
225 228 229 230 233 251 257 263 276 277 287 300 
301 302 303 307 316 320 321 324 330 333 341 345 
353 356 358 359 363 364 367 370 373 378 380 386 
391 396 397 
130
2 9 11 16 19 22 23 25 26 35 39 46 
48 55 57 58 60 62 63 64 67 70 75 91 
94 96 98 101 105 110 116 118 121 123 124 125 
129 131 132 135 142 146 147 150 152 153 159 162 
167 170 177 178 180 181 184 187 189 191 192 202 
204 205 209 211 212 226 228 229 230 237 238 240 
242 246 248 249 250 251 256 260 268 270 272 273 
274 275 278 284 285 286 288 289 290 293 294 297 
299 301 302 303 304 305 306 310 313 314 315 316 
319 322 324 326 327 329 330 333 334 339 346 347 
352 363 369 370 381 385 388 392 394 397 
109
1 3 5 6 8 13 30 34 35 37 38 39 
44 46 47 51 53 58 63 67 71 78 81 82 
84 89 90 95 98 105 109 116 121 122 131 136 
146 156 160 161 173 186 188 191 193 196 201 202 
205 206 210 214 219 220 232 234 235 236 240 254 
256 262 266 269 270 272 276 277 280 281 284 286 
290 293 296 297 298 299 303 304 305 306 310 311 
319 320 322 323 325 331 332 345 350 351 357 362 
363 364 366 377 380 382 383 386 389 393 394 396 
399 
110
1 8 9 11 12 15 16 18 20 22 23 28 
29 33 36 38 40 47 53 56 58 70 76 78 
81 88 89 94 95 99 101 102 107 110 114 120 
121 126 128 129 131 133 137 143 151 154 157 158 
161 164 167 169 172 175 176 177 185 187 202 206 
207 209 215 219 222 224 226 230 232 237 238 239 
240 242 247 249 253 257 260 261 264 265 271 272 
273 275 282 291 293 297 299 305 308 310 317 327 
334 340 344 349 351 355 356 365 366 368 375 377 
390 396 
126
4 8 9 19 20 21 23 26 37 38 39 41 
46 47 53 59 60 62 65 68 70 72 75 83 
85 86 88 90 91 103 105 110 111 113 115 120 
121 122 126 128 129 136 137 138 143 144 145 152 
155 157 158 159 165 168 169 176 178 183 193 195 
196 197 199 201 204 209 216 217 218 220 226 228 
231 233 234 235 236 238 239 243 250 253 255 256 
259 260 263 267 268 271 272 275 281 282 283 285 
286 287 295 299 300 304 306 319 327 328 333 336 
339 344 345 347 349 359 360 361 362 367 369 373 
376 379 383 387 391 398 
106
8 10 13 17 20 23 25 26 29 30 31 33 
34 35 39 42 46 48 55 57 59 60 68 72 
79 80 84 85 86 88 110 117 119 120 124 140 
155 156 158 163 165 166 168 170 173 174 179 181 
188 192 194 202 206 207 218 222 229 230 231 233 
242 243 248 249 253 255 268 270 271 275 277 280 
281 282 283 290 291 292 297 304 305 306 308 313 
315 316 325 328 332 338 343 344 355 361 362 363 
365 367 374 386 387 388 393 394 395 396 
126
4 6 7 9 12 13 17 22 23 25 28 30 
35 36 37 40 44 45 48 49 50 52 57 62 
65 68 71 73 74 77 78 85 91 97 99 100 
102 106 112 116 117 120 126 133 146 149 150 152 
153 154 156 163 164 169 174 176 187 188 190 195 
196 197 199 205 206 209 210 213 214 218 220 226 
229 230 232 233 235 236 237 243 244 253 256 258 
262 263 265 267 276 277 280 282 284 285 286 289 
295 296 301 305 309 317 323 324 330 334 338 339 
340 343 344 351 352 354 361 368 372 377 378 379 
380 382 383 384 388 390 
111
4 5 8 20 22 28 29 30 33 34 38 42 
43 47 48 54 56 57 58 62 64 65 66 71 
76 77 86 94 96 98 101 106 113 114 119 121 
124 125 128 130 131 133 135 143 144 146 147 154 
157 168 177 180 187 190 191 200 201 202 204 205 
207 208 210 220 223 239 242 247 256 263 265 267 
268 270 271 273 276 283 288 290 292 298 309 312 
315 318 322 325 330 332 333 338 341 342 343 347 
354 355 362 367 368 369 376 378 379 381 383 385 
386 390 397 
135
8 10 11 12 15 16 19 20 23 25 31 37 
38 40 41 44 48 52 53 54 57 58 59 60 
63 67 74 79 80 81 85 86 89 95 98 103 
116 120 122 123 124 127 129 131 133 135 136 137 
140 150 151 152 153 156 159 160 162 167 169 171 
172 173 177 179 197 201 203 210 211 214 224 225 
229 233 238 239 247 248 252 254 256 257 260 262 
266 268 270 275 282 284 286 289 291 293 295 296 
297 305 306 307 309 312 315 320 321 322 323 327 
328 330 331 334 337 339 352 353 354 357 359 360 
367 369 370 372 374 379 381 382 384 387 394 395 
396 397 400 
