200 400
1 1 1 1 1 1 1 1 1 1 1 1 
1 1 1 1 1 1 1 1 1 1 1 1 
1 1 1 1 1 1 1 1 1 1 1 1 
1 1 1 1 1 1 1 1 1 1 1 1 
1 1 1 1 1 1 1 1 1 1 1 1 
1 1 1 1 1 1 1 1 1 1 1 1 
1 1 1 1 1 1 1 1 1 1 1 1 
1 1 1 1 1 1 1 1 1 1 1 1 
1 1 1 1 1 1 1 1 1 1 1 1 
1 1 1 1 1 1 1 1 1 1 1 1 
1 1 1 1 1 1 1 1 1 1 1 1 
1 1 1 1 1 1 1 1 1 1 1 1 
1 1 1 1 1 1 1 1 1 1 1 1 
1 1 1 1 1 1 1 1 1 1 1 1 
1 1 1 1 1 1 1 1 1 1 1 1 
1 1 1 1 1 1 1 1 1 1 1 1 
1 1 1 1 1 1 1 1 1 1 1 1 
1 1 1 1 1 1 1 1 1 1 1 1 
1 1 1 1 1 1 1 1 1 1 1 1 
1 1 1 1 1 1 1 1 1 1 1 1 
1 1 1 1 1 1 1 1 1 1 1 1 
1 1 1 1 1 1 1 1 1 1 1 1 
1 1 1 1 1 1 1 1 1 1 1 1 
1 1 1 1 1 1 1 1 1 1 1 1 
1 1 1 1 1 1 1 1 1 1 1 1 
1 1 1 1 1 1 1 1 1 1 1 1 
1 1 1 1 1 1 1 1 1 1 1 1 
1 1 1 1 1 1 1 1 1 1 1 1 
1 1 1 1 1 1 1 1 1 1 1 1 
1 1 1 1 1 1 1 1 1 1 1 1 
1 1 1 1 1 1 1 1 1 1 1 1 
1 1 1 1 1 1 1 1 1 1 1 1 
1 1 1 1 1 1 1 1 1 1 1 1 
1 1 1 1 
134
2 7 14 15 18 20 21 22 27 28 30 31 
32 40 43 44 49 50 51 55 59 62 67 72 
73 74 81 83 87 88 95 97 100 104 107 110 
112 114 118 122 124 125 128 132 133 136 139 141 
145 147 150 152 153 157 158 162 164 170 172 173 
175 177 178 179 188 190 192 194 197 201 202 204 
205 206 208 210 213 217 219 221 224 228 233 234 
235 241 244 247 253 254 259 262 266 267 270 272 
273 274 275 281 287 289 290 291 295 297 298 301 
304 307 312 313 322 324 325 329 332 342 346 359 
360 365 367 370 371 375 377 381 385 389 390 397 
399 400 
101
8 11 14 18 23 30 34 35 43 49 53 54 
55 61 64 74 75 82 84 90 92 103 106 109 
110 115 117 134 135 141 146 148 160 162 164 166 
170 172 179 184 185 186 198 201 203 204 215 216 
220 221 222 224 227 228 229 230 239 242 244 246 
251 255 256 257 258 260 268 269 278 279 287 288 
291 292 296 298 301 302 304 306 307 314 324 328 
331 336 337 338 341 345 350 354 357 358 360 369 
372 376 379 385 389 
119
5 6 9 10 13 14 15 20 27 28 30 34 
40 44 45 56 59 60 63 65 78 79 80 87 
102 105 106 116 121 123 125 129 135 142 143 147 
149 154 158 163 167 168 174 175 185 189 195 196 
197 198 200 203 204 207 209 214 216 226 227 228 
230 232 233 235 237 240 246 248 251 252 253 266 
270 271 273 278 280 282 289 294 295 302 303 304 
305 306 307 310 317 318 322 323 325 326 329 334 
338 345 347 350 351 354 357 358 359 361 364 372 
373 380 383 384 385 386 387 390 392 399 400 
120
6 7 11 13 15 19 20 22 35 39 41 45 
47 55 62 63 66 68 69 73 78 80 85 88 
89 92 94 102 104 110 118 124 125 126 127 130 
131 134 135 141 143 147 149 150 152 156 157 165 
169 170 173 176 178 179 182 183 187 188 196 202 
207 209 214 218 219 223 225 226 227 230 243 244 
251 252 253 257 259 263 265 268 272 275 278 279 
280 283 285 300 305 312 319 320 328 329 333 342 
346 349 350 355 357 358 359 365 367 369 371 372 
373 376 377 381 382 383 391 392 394 396 398 400 
106
1 5 8 10 12 15 18 21 22 27 29 34 
42 44 45 50 52 53 54 59 64 69 74 79 
80 81 87 91 92 96 97 100 101 110 112 117 
123 128 129 133 143 144 145 151 155 156 158 167 
169 173 181 188 192 195 206 210 212 222 230 237 
238 239 240 245 247 250 251 261 263 268 273 277 
278 283 287 298 300 301 313 318 319 323 325 327 
336 347 349 351 352 356 357 363 364 366 367 369 
374 379 382 384 385 390 391 392 397 399 
119
5 12 17 22 26 28 31 34 35 36 38 40 
51 54 57 59 64 65 66 69 73 82 83 84 
87 90 91 93 95 97 98 99 100 101 104 105 
116 117 123 128 130 131 132 142 143 147 148 152 
155 156 157 163 166 167 169 178 180 185 187 188 
190 192 193 195 197 205 207 210 216 225 226 234 
236 237 239 245 247 248 250 259 260 263 274 280 
281 282 287 289 295 296 297 298 300 301 302 303 
304 309 314 316 320 338 339 343 344 345 346 347 
349 352 354 357 363 367 373 375 376 377 383 
109
1 2 3 7 8 10 16 18 23 26 27 40 
42 43 44 46 49 50 51 52 59 61 73 74 
75 76 78 82 84 91 94 102 105 109 119 123 
126 134 150 151 154 157 159 160 162 165 168 169 
170 171 174 177 178 179 185 187 188 192 195 198 
202 203 207 212 214 215 216 218 223 226 236 239 
241 242 243 246 250 252 254 256 268 273 283 284 
288 289 291 305 306 307 308 311 313 317 322 323 
326 327 362 374 375 382 384 389 391 392 394 397 
400 
113
2 4 6 7 11 16 18 20 21 30 31 33 
36 46 52 53 54 58 59 63 65 66 68 70 
74 81 82 83 87 89 90 92 95 96 103 108 
116 124 130 132 133 137 139 141 143 145 151 152 
153 159 167 168 169 179 182 188 189 191 193 197 
201 203 208 210 220 226 227 229 231 233 238 241 
244 247 249 258 260 266 268 269 274 275 282 283 
287 292 297 306 309 315 322 329 330 332 334 337 
344 346 350 360 364 371 373 379 380 382 383 386 
395 396 398 399 400 
111
1 3 5 9 13 19 24 26 29 38 46 48 
49 50 54 57 68 70 71 73 74 77 78 84 
92 97 99 106 112 113 114 116 119 124 127 137 
141 142 143 144 147 155 159 168 172 175 180 184 
187 189 191 193 194 199 201 203 209 211 213 215 
223 225 227 232 233 235 238 239 244 246 248 249 
257 259 260 263 269 272 274 277 278 279 283 288 
289 292 293 294 295 313 314 318 323 328 330 331 
335 337 341 344 350 355 362 363 369 382 384 386 
392 395 399 
140
6 8 10 15 17 18 20 21 24 25 31 32 
34 38 41 43 44 46 47 48 49 54 63 66 
68 71 73 78 89 92 93 94 96 103 107 112 
115 116 118 120 122 123 126 128 132 134 136 138 
140 144 148 154 159 160 161 164 167 169 170 171 
172 173 175 178 181 183 186 187 188 191 194 196 
197 198 201 202 206 209 217 218 223 224 225 227 
231 236 237 244 245 246 250 251 253 255 260 261 
262 263 265 268 271 272 274 276 280 286 287 289 
291 292 295 298 303 305 309 321 323 324 326 334 
335 348 352 354 355 356 357 358 363 374 375 381 
382 386 387 391 392 394 398 399 
130
2 3 4 6 12 13 19 22 29 34 36 42 
46 48 51 52 56 59 61 65 68 70 74 78 
82 83 86 88 90 93 96 98 99 102 104 105 
106 107 110 115 116 117 128 130 132 134 141 143 
146 150 152 155 157 161 162 168 170 183 184 185 
187 190 191 193 198 203 205 210 214 216 221 226 
231 233 234 235 238 239 240 241 243 246 248 252 
254 255 257 261 266 267 269 270 271 272 284 287 
293 294 299 300 303 304 306 308 309 312 317 319 
321 322 328 333 338 339 347 349 353 354 359 361 
363 364 365 366 371 376 378 391 393 399 
108
6 9 11 12 15 19 24 26 27 28 30 37 
38 39 40 42 53 54 59 73 77 86 94 96 
102 104 113 115 120 123 129 140 142 144 145 150 
151 156 163 164 169 170 173 177 184 188 189 197 
201 202 204 209 214 215 216 217 218 222 223 224 
226 231 237 238 243 246 248 262 265 268 270 271 
272 277 278 289 292 294 300 301 302 310 311 313 
316 317 319 322 327 329 338 340 341 344 348 349 
350 356 362 368 369 375 376 380 382 391 394 400 
121
12 14 16 21 22 23 24 27 38 39 46 47 
48 49 55 56 59 60 63 64 66 69 76 90 
91 92 93 103 104 109 113 114 115 117 125 128 
131 133 136 138 139 141 142 144 145 146 148 160 
161 162 163 165 171 173 175 176 181 184 187 196 
199 203 207 225 226 231 232 233 237 239 247 249 
253 261 263 266 268 277 280 281 285 286 287 291 
293 295 296 301 307 310 312 313 319 323 327 334 
338 339 340 342 346 347 348 349 350 354 356 357 
358 365 366 367 369 373 381 385 387 388 390 394 
400 
111
3 5 9 16 22 25 33 35 39 51 61 63 
64 65 67 70 72 74 76 84 86 90 91 93 
95 107 112 116 118 120 126 133 136 137 142 155 
168 169 171 173 175 177 182 184 185 187 189 190 
192 198 201 207 208 209 211 216 218 220 225 228 
237 241 242 253 256 258 260 263 266 270 271 272 
273 275 281 282 286 288 291 295 296 299 304 311 
314 316 320 325 331 333 334 336 337 338 346 350 
351 356 357 361 364 366 369 371 372 373 379 387 
390 392 395 
110
3 4 7 10 16 17 20 23 24 26 33 34 
35 36 41 45 51 53 54 57 58 63 64 75 
91 97 102 103 106 107 108 110 114 118 120 127 
129 130 134 140 141 143 156 158 164 165 166 168 
169 170 174 176 178 182 185 186 187 188 189 193 
194 195 197 203 205 207 210 215 233 244 250 251 
259 260 266 267 274 275 277 279 282 283 287 293 
297 301 307 313 316 319 326 329 334 338 342 347 
348 354 355 358 360 362 366 374 377 380 382 384 
385 386 
117
6 8 13 19 27 29 31 37 40 44 46 49 
51 58 60 61 64 65 68 73 76 80 81 83 
86 88 91 94 98 103 105 107 115 118 119 122 
123 128 140 141 142 143 145 150 151 152 156 158 
159 172 173 175 178 179 185 193 194 198 202 203 
206 208 209 212 217 219 221 222 227 233 236 245 
246 248 261 262 270 272 273 277 280 282 285 288 
290 293 300 302 304 305 306 307 310 317 323 329 
332 333 334 342 343 346 350 353 354 355 367 372 
373 374 381 382 383 394 395 396 398 
120
2 9 11 15 16 18 20 21 28 29 34 37 
38 42 43 44 46 49 59 64 67 68 69 73 
77 78 81 89 91 95 96 100 102 103 104 106 
109 110 112 113 118 119 125 127 134 136 142 144 
154 155 156 160 163 165 166 175 179 180 181 185 
188 193 194 196 197 198 199 201 203 204 207 212 
213 223 227 229 230 231 234 236 240 242 247 249 
255 261 262 268 277 281 284 288 290 292 302 308 
310 311 318 321 322 323 332 333 336 340 344 345 
350 358 363 366 367 369 371 372 379 388 390 394 
122
9 11 14 15 24 26 29 33 36 37 38 42 
44 45 51 55 60 61 64 65 68 75 77 85 
89 90 92 93 96 97 98 115 120 122 124 127 
128 133 136 139 141 144 145 147 150 151 153 158 
159 162 164 165 166 169 170 172 173 178 182 183 
184 190 191 193 194 197 203 206 208 209 214 217 
218 220 226 229 231 232 233 245 247 250 259 260 
261 265 274 277 280 285 288 289 291 298 303 305 
310 311 315 319 320 323 325 326 331 333 334 335 
342 346 357 359 366 373 377 379 382 387 394 396 
397 398 
109
1 11 12 15 16 17 18 19 24 25 32 34 
35 37 42 45 47 55 57 67 68 74 77 82 
84 89 92 97 98 100 103 104 105 106 107 108 
110 112 117 118 126 130 131 138 141 144 148 152 
154 157 158 161 163 169 173 177 178 179 187 193 
194 198 201 211 213 214 215 216 217 219 220 223 
225 232 240 242 244 248 262 266 267 270 271 277 
281 287 292 300 304 305 308 310 312 317 322 328 
331 337 342 347 379 380 383 384 388 392 395 397 
399 
128
3 9 10 22 28 31 34 36 38 40 48 49 
50 54 59 66 67 73 74 76 78 81 86 89 
95 101 104 105 106 108 115 117 118 125 131 132 
134 135 138 150 151 152 153 154 155 159 162 163 
165 167 171 175 181 186 187 191 202 203 205 207 
212 219 220 221 224 227 229 232 233 234 235 238 
242 244 246 248 251 256 258 261 264 267 269 272 
276 278 279 280 281 286 291 294 297 300 301 306 
307 309 314 317 320 321 324 327 331 333 336 342 
347 348 352 353 355 364 366 370 377 378 379 380 
381 382 386 389 394 395 396 397 
111
2 6 7 13 14 17 20 30 31 34 37 42 
43 47 49 51 56 62 66 82 89 91 99 102 
105 106 107 116 118 119 125 126 128 130 131 132 
135 140 144 152 153 154 159 160 165 173 177 181 
188 189 190 191 192 197 199 201 205 211 212 228 
230 232 241 242 245 253 255 256 257 258 260 264 
272 273 277 291 293 298 299 300 303 306 308 309 
315 317 318 319 324 331 333 334 336 337 339 344 
345 347 351 353 359 365 368 370 371 373 374 378 
383 390 395 
122
2 4 8 10 11 12 13 18 19 20 23 28 
33 37 41 50 52 56 58 60 62 65 66 68 
85 86 90 93 96 102 107 109 111 112 113 121 
122 124 125 127 128 129 132 133 137 139 140 144 
148 153 154 158 162 166 167 170 176 180 181 182 
193 194 197 198 199 205 207 208 219 221 222 224 
226 227 228 236 243 247 248 251 255 261 265 266 
267 269 271 273 275 278 281 285 286 290 292 293 
296 304 307 312 313 316 317 320 326 330 331 340 
346 348 354 357 366 367 369 372 374 382 389 391 
392 397 
128
1 2 9 17 18 19 22 24 25 27 31 32 
35 36 39 41 42 47 48 51 64 68 69 70 
75 78 84 86 93 97 101 103 104 105 110 116 
119 126 129 130 131 132 134 140 142 146 147 149 
154 156 160 161 163 165 166 170 171 177 185 187 
189 195 197 200 201 202 204 208 212 213 214 216 
219 220 225 237 238 244 250 256 257 261 271 273 
275 278 279 284 290 292 296 299 302 304 305 308 
311 312 317 325 328 329 331 335 336 344 346 347 
348 350 352 356 359 361 362 364 369 370 372 374 
376 377 380 383 384 386 395 400 
117
6 8 9 11 18 20 23 25 36 44 55 58 
61 69 72 76 78 85 86 87 88 89 93 104 
107 108 109 110 111 113 114 115 117 124 126 128 
130 132 133 134 136 142 145 146 156 157 164 167 
168 169 171 182 185 190 191 192 194 195 196 202 
207 215 217 224 226 231 233 239 251 253 257 260 
261 266 267 275 277 281 289 294 296 303 304 306 
307 310 312 314 316 317 318 323 325 326 330 331 
338 342 344 347 349 351 354 362 365 366 369 374 
375 378 379 381 382 386 394 395 398 
119
5 6 10 17 21 22 23 29 30 32 35 36 
45 47 50 51 58 64 72 75 78 80 83 87 
90 92 93 96 98 105 107 109 110 115 119 121 
125 126 127 128 131 134 140 141 145 147 148 150 
153 154 165 166 174 177 180 181 184 190 192 194 
195 198 199 201 203 205 206 208 210 211 216 220 
221 224 225 228 234 235 236 251 256 258 259 265 
271 273 274 275 279 281 283 288 291 296 298 301 
311 312 313 315 324 326 328 330 332 333 334 338 
339 340 345 347 357 367 370 377 380 383 397 
131
3 9 10 14 16 19 20 27 29 34 38 46 
53 54 60 61 62 64 65 68 74 77 79 80 
82 85 86 90 91 94 102 103 108 113 115 118 
119 120 127 130 131 138 140 144 146 149 152 154 
155 159 162 163 167 168 169 170 171 175 176 178 
182 186 187 188 191 194 195 207 214 215 218 221 
225 228 231 235 238 240 246 250 255 257 260 265 
267 274 275 282 284 285 286 289 294 295 299 300 
304 306 307 309 310 311 312 317 321 323 325 326 
328 331 335 337 339 341 342 343 345 348 349 350 
352 358 370 371 373 377 380 387 396 397 398 
124
2 5 7 10 14 17 18 19 28 33 35 36 
38 42 43 44 47 51 65 66 70 71 72 73 
74 75 80 81 82 84 85 91 92 96 98 99 
104 106 107 111 116 119 120 122 125 130 134 137 
145 149 155 158 160 162 165 168 171 173 177 178 
180 181 183 184 185 186 188 191 192 195 199 208 
210 214 215 218 225 229 243 245 246 253 257 259 
260 262 263 264 272 273 275 280 282 284 286 294 
296 302 309 311 314 318 319 320 323 324 325 329 
330 342 343 344 351 353 360 364 368 373 376 379 
383 386 393 400 
113
3 8 20 22 27 31 34 43 46 52 56 58 
60 61 66 67 75 77 79 81 82 85 86 90 
102 104 105 108 109 113 117 119 120 125 126 130 
131 136 138 139 142 146 147 153 164 165 175 176 
178 179 182 187 189 191 195 203 206 209 212 214 
216 220 221 222 226 231 234 238 241 248 253 254 
258 262 263 268 280 285 290 295 297 298 301 303 
305 306 308 310 314 317 321 324 326 333 337 339 
346 351 353 356 359 362 363 369 374 382 384 385 
387 393 397 398 400 
105
4 12 16 17 19 24 30 38 43 44 47 52 
57 60 62 69 76 85 86 91 101 103 106 107 
108 113 116 118 119 121 123 129 135 137 139 140 
142 144 149 150 154 156 170 171 172 179 181 183 
191 197 199 204 207 216 220 223 234 235 238 240 
244 245 252 259 264 265 266 268 272 274 275 278 
279 280 283 285 290 291 294 301 323 325 331 333 
334 335 340 344 345 356 357 363 366 376 377 382 
386 387 390 391 395 396 397 398 399 
104
4 13 22 25 26 32 34 36 45 47 49 54 
60 61 67 72 75 87 91 93 97 109 116 118 
123 124 126 129 131 135 136 137 140 145 146 151 
155 160 162 168 178 188 195 197 199 206 212 220 
225 227 230 239 241 242 244 246 249 250 252 253 
254 255 256 258 261 262 270 275 277 279 281 282 
291 296 300 308 313 323 326 330 337 341 343 346 
348 351 352 353 355 358 360 366 367 376 377 383 
384 387 390 393 394 398 399 400 
141
5 6 7 10 12 18 19 20 26 28 37 39 
42 43 47 49 53 54 56 58 59 68 69 73 
77 81 84 86 87 96 97 102 105 107 110 112 
113 116 118 121 123 126 131 132 138 143 146 147 
150 151 154 159 161 164 167 171 174 177 179 183 
185 187 190 191 198 206 207 211 213 223 226 231 
232 234 241 243 244 250 251 255 256 258 259 261 
262 263 264 266 267 268 269 278 279 282 284 285 
295 297 301 304 306 307 308 309 315 319 320 331 
334 335 337 338 341 342 349 350 354 357 358 359 
363 366 369 370 372 373 375 376 379 380 382 384 
387 390 391 392 393 394 395 398 399 
111
2 12 14 19 20 23 30 33 46 51 54 60 
61 64 67 70 74 79 86 93 94 98 102 104 
107 108 110 111 117 118 121 124 126 130 133 134 
143 146 147 148 149 153 156 157 159 161 163 166 
171 174 177 180 186 189 192 194 200 203 204 205 
209 210 211 222 223 225 227 231 232 239 243 248 
251 253 261 262 263 269 272 274 276 281 284 287 
289 293 303 310 316 317 318 319 323 328 329 332 
334 338 341 346 349 356 357 360 374 375 379 381 
384 385 394 
116
4 19 20 21 23 24 27 29 31 32 33 35 
37 42 44 48 50 51 55 57 66 67 68 69 
73 75 76 77 92 94 103 105 106 108 109 111 
116 119 122 124 126 127 129 131 132 142 158 160 
174 176 177 178 181 182 186 187 189 190 192 195 
196 198 200 204 206 215 221 223 233 234 236 237 
253 263 265 266 269 271 274 275 276 278 279 281 
284 291 294 295 300 302 303 304 307 313 323 325 
326 327 328 334 340 341 343 345 349 351 365 374 
375 376 377 378 379 381 382 389 
110
3 4 5 6 7 8 23 25 28 29 31 36 
44 50 63 64 72 74 75 77 79 85 87 89 
90 96 100 102 104 112 115 118 121 127 131 133 
143 150 152 158 163 165 170 171 174 181 184 196 
197 199 202 207 209 213 214 216 217 229 237 239 
240 242 245 246 249 252 260 262 263 264 266 270 
271 274 277 282 287 288 290 291 293 296 299 308 
313 323 325 330 331 334 338 343 352 356 357 359 
362 367 370 373 375 381 382 383 385 390 391 393 
397 398 
118
7 9 13 17 18 20 21 27 28 30 34 35 
37 38 39 41 43 46 51 52 59 61 74 78 
79 80 82 87 93 99 101 103 112 114 115 118 
120 121 122 123 124 125 132 135 136 150 158 162 
163 165 169 170 173 176 177 178 182 189 190 192 
202 205 208 215 219 222 223 225 226 229 232 237 
239 240 242 246 248 254 256 257 258 263 264 271 
279 280 283 290 291 292 294 301 303 304 309 311 
312 313 314 316 321 324 328 329 332 337 338 347 
350 356 357 365 369 370 379 391 394 399 
117
1 2 14 17 22 26 28 31 32 35 36 37 
38 42 43 45 46 48 50 57 69 70 79 83 
86 88 91 98 102 103 106 108 109 112 113 118 
120 121 124 125 126 128 130 131 132 133 135 136 
138 139 141 146 149 152 158 160 167 171 178 181 
184 186 188 193 199 206 207 209 210 216 218 219 
223 227 235 244 246 251 254 262 263 264 268 273 
276 277 292 295 299 301 303 304 313 314 321 326 
330 333 334 336 341 346 347 350 351 353 355 359 
362 363 365 372 376 379 385 391 394 
111
4 5 9 12 14 15 21 23 25 26 27 29 
31 34 38 39 40 42 43 51 58 61 64 65 
66 69 74 81 86 88 89 90 96 105 108 109 
111 113 114 117 119 122 127 135 138 141 144 150 
166 173 176 177 184 186 188 191 194 195 199 200 
207 211 213 218 226 231 232 235 239 241 246 247 
249 252 255 259 260 263 270 282 284 286 302 310 
311 314 317 318 319 320 322 324 325 331 333 341 
342 347 349 350 351 352 359 363 374 386 388 389 
396 397 400 
103
8 11 19 21 25 26 42 44 46 51 53 56 
57 67 69 70 73 75 85 86 93 94 96 98 
99 103 105 106 107 108 114 116 119 120 122 125 
129 132 133 136 143 149 151 162 164 168 191 197 
198 200 201 205 206 207 210 211 216 220 226 227 
228 230 231 233 241 242 248 252 254 267 268 269 
279 281 297 298 299 302 306 312 314 318 319 322 
323 326 330 331 334 342 349 351 355 358 370 376 
380 381 382 383 386 389 397 
146
2 4 10 11 12 17 19 21 23 26 28 31 
32 37 39 43 48 52 53 54 58 59 61 67 
68 69 71 72 73 74 76 77 84 89 91 97 
98 100 101 103 105 113 117 118 119 122 123 125 
126 127 130 132 133 136 139 142 144 145 146 150 
155 157 158 162 163 164 165 166 167 169 172 173 
174 189 190 195 196 197 199 200 201 202 203 204 
209 216 217 219 220 222 234 235 238 240 245 247 
254 258 259 261 262 263 267 273 275 279 284 285 
288 291 293 294 298 301 309 311 313 315 317 319 
320 329 333 336 342 343 344 345 349 355 366 370 
373 376 378 381 383 384 385 389 390 392 395 396 
397 398 
116
1 2 7 10 17 19 23 28 30 36 37 38 
50 56 58 74 75 77 80 81 90 93 96 97 
98 102 105 109 111 120 123 125 128 136 137 139 
140 141 142 144 145 152 153 157 159 161 166 167 
170 171 177 180 181 182 188 190 192 202 204 208 
211 214 219 220 221 223 226 227 234 235 237 238 
246 249 250 251 253 254 256 257 259 264 266 271 
272 276 284 285 289 295 297 298 313 314 319 321 
326 329 336 338 342 343 347 351 356 358 359 368 
375 378 384 385 387 390 393 400 
111
4 8 12 14 18 22 26 36 37 39 42 46 
49 51 54 57 67 68 71 72 74 75 79 88 
96 109 111 113 118 119 120 122 123 124 127 131 
133 135 141 142 147 151 155 158 159 161 164 166 
167 169 170 178 179 185 188 189 190 194 196 197 
198 200 207 209 211 222 223 226 230 233 234 239 
240 243 244 246 254 255 256 257 267 273 277 281 
287 288 291 292 296 301 307 308 309 312 313 320 
322 330 335 346 352 353 366 373 377 382 385 386 
390 395 400 
110
3 10 13 16 20 24 31 32 35 36 37 38 
41 42 45 49 50 54 56 60 61 62 64 67 
71 75 78 81 85 89 90 96 97 98 100 103 
104 109 113 114 116 119 120 122 123 132 138 139 
140 147 152 154 158 166 169 170 171 181 183 198 
205 207 208 215 222 223 224 226 227 235 236 238 
245 249 256 258 259 260 263 268 272 275 285 289 
295 297 298 301 303 309 312 314 323 324 336 343 
345 346 351 353 354 361 363 372 374 381 382 387 
397 400 
115
6 15 20 22 23 24 25 28 29 33 35 38 
44 50 56 57 62 64 66 69 73 76 77 83 
84 85 89 90 92 95 98 102 106 107 109 111 
113 117 119 120 122 126 130 134 137 138 140 144 
147 151 153 156 158 161 164 171 172 179 181 184 
185 186 187 194 199 203 205 206 208 211 219 221 
234 239 241 246 249 251 260 261 266 268 275 278 
279 282 285 287 292 300 302 305 310 327 328 329 
331 338 340 343 347 351 352 355 356 359 365 369 
370 372 373 381 382 390 395 
123
7 11 14 18 20 29 30 32 34 38 40 43 
45 47 51 52 53 58 62 66 67 69 71 77 
82 83 90 93 103 105 106 124 125 127 128 132 
133 144 146 152 157 158 159 173 175 176 178 181 
184 188 190 193 202 208 210 214 216 217 221 223 
231 243 245 252 255 257 258 259 263 265 267 269 
273 277 279 280 283 286 287 289 293 294 297 298 
300 302 303 305 306 312 314 315 318 323 328 332 
333 336 338 341 343 344 346 350 352 354 359 360 
361 362 365 366 370 373 374 376 377 383 384 387 
389 395 397 
135
3 4 8 10 11 12 16 17 18 23 27 30 
33 34 35 36 43 45 47 49 52 57 67 68 
69 72 74 77 84 86 87 91 92 94 95 99 
106 108 112 113 114 117 118 124 131 135 136 139 
140 142 144 145 150 153 154 155 158 162 165 166 
169 170 172 175 177 180 181 187 192 194 195 196 
199 200 201 202 204 205 206 207 221 222 226 230 
234 240 241 242 252 253 254 262 267 269 272 274 
277 281 282 285 289 291 292 297 303 305 307 309 
316 319 320 321 323 325 329 335 337 341 344 348 
351 353 354 359 365 370 374 379 381 382 384 386 
387 395 397 
105
6 7 16 20 22 23 24 31 36 40 42 44 
48 55 69 73 74 76 78 79 92 97 104 105 
106 107 115 116 120 121 124 125 134 136 137 138 
139 141 149 151 161 162 164 166 169 174 175 177 
180 186 189 190 199 200 212 217 227 229 231 235 
241 248 252 257 258 262 272 273 274 276 281 282 
285 292 293 299 301 310 316 320 321 322 326 328 
331 336 343 344 346 347 348 352 355 359 365 372 
374 375 376 384 389 390 391 394 400 
118
1 5 9 13 14 15 21 22 26 34 36 39 
40 41 42 47 51 52 57 59 67 68 69 72 
89 97 98 109 111 113 115 124 126 127 128 130 
131 133 134 136 140 141 142 145 148 149 153 162 
165 166 167 168 170 172 173 174 175 177 185 188 
190 201 203 209 212 218 224 231 232 235 238 241 
242 244 245 250 254 255 258 259 262 268 271 275 
287 288 289 297 304 305 306 308 320 322 326 333 
337 338 341 342 343 349 351 360 363 365 366 367 
368 369 373 377 378 384 385 387 389 397 
122
7 8 16 18 19 20 25 29 33 36 40 41 
45 46 49 52 56 57 61 62 64 69 74 77 
78 84 92 94 95 102 103 112 113 115 120 124 
129 136 137 139 141 148 150 155 157 163 164 165 
166 171 172 174 177 178 182 186 187 189 191 194 
195 199 205 206 207 208 213 216 225 229 231 235 
238 243 246 252 259 267 277 279 283 284 285 286 
287 290 291 292 294 295 300 304 308 310 311 312 
313 319 321 327 333 335 337 339 342 346 352 356 
361 362 364 366 368 370 371 374 375 376 379 387 
395 400 
127
4 10 11 15 22 23 24 25 27 30 34 35 
37 38 41 43 44 45 48 51 58 59 60 62 
63 68 73 74 75 81 83 87 88 89 90 94 
100 108 114 117 122 126 127 129 131 138 139 141 
149 152 153 162 164 165 170 177 178 182 183 186 
189 197 201 206 214 217 221 222 223 226 227 229 
235 243 244 246 250 256 257 258 260 267 268 273 
276 279 280 282 286 288 289 290 291 295 299 302 
307 310 323 328 333 335 336 338 340 344 347 350 
351 353 358 363 364 368 370 374 375 378 379 380 
381 384 391 393 397 398 399 
102
1 2 3 6 9 13 14 24 25 27 29 39 
60 61 63 69 71 72 74 75 77 78 81 92 
97 100 103 104 105 106 108 118 122 135 137 142 
154 157 158 161 162 170 172 176 197 204 208 212 
213 220 222 225 227 232 234 240 241 242 246 249 
250 261 265 266 267 269 270 273 274 276 277 283 
290 292 293 295 296 302 303 306 309 319 325 327 
335 338 339 347 353 359 362 365 367 369 377 378 
383 385 388 391 396 398 
123
2 9 13 17 26 27 29 30 33 35 37 42 
46 49 50 51 53 59 69 70 73 75 76 79 
82 84 87 88 90 91 94 95 99 100 101 102 
106 107 115 117 120 123 124 129 130 132 138 144 
145 146 151 152 155 159 161 163 164 167 176 178 
185 189 194 200 203 209 216 219 221 223 225 233 
234 238 239 240 242 243 244 245 246 251 254 255 
258 259 260 262 273 278 279 280 286 289 290 293 
296 308 309 310 311 313 315 324 334 335 337 339 
343 344 347 352 361 363 371 374 377 378 379 383 
393 394 396 
121
2 8 9 12 15 18 21 24 43 46 49 53 
56 57 60 63 66 67 74 77 81 83 84 89 
96 97 98 99 104 105 106 108 111 112 113 116 
119 124 125 128 130 133 138 141 143 144 150 151 
159 164 168 171 172 173 174 176 177 184 187 188 
190 194 203 205 207 208 210 213 217 218 219 223 
238 240 243 244 251 254 257 261 271 289 292 296 
299 301 302 303 304 309 316 327 328 329 331 333 
334 343 344 346 349 350 352 353 357 359 360 361 
363 364 365 370 372 375 377 382 386 389 395 396 
398 
120
3 4 5 11 12 22 25 26 31 32 33 36 
41 43 47 48 49 51 55 56 57 58 59 62 
64 68 71 74 78 82 83 85 87 88 89 91 
92 94 115 117 127 132 142 146 156 165 168 171 
175 177 179 180 185 191 192 203 206 210 214 215 
216 218 219 220 224 225 231 232 233 243 244 245 
249 261 262 264 269 270 272 273 278 287 288 290 
291 292 294 295 299 301 302 317 327 331 334 336 
341 343 348 349 351 353 355 361 362 365 366 367 
370 372 373 374 376 378 380 386 387 395 397 400 
126
1 2 5 6 8 11 17 18 21 22 25 27 
29 32 33 37 41 48 49 55 56 62 64 69 
74 79 84 86 89 91 96 98 99 103 104 116 
117 118 119 121 125 129 130 133 140 146 147 151 
153 156 165 166 170 172 175 178 180 187 191 195 
197 198 199 204 205 206 207 210 216 218 219 220 
221 224 226 227 229 230 231 233 234 238 242 247 
248 259 264 276 277 280 282 284 287 290 296 301 
302 305 306 307 309 316 317 318 319 320 328 331 
332 333 335 347 348 349 355 357 362 372 375 376 
380 381 384 386 387 394 
115
1 2 3 4 7 9 14 15 19 21 40 41 
45 47 48 49 50 51 56 64 65 72 81 82 
85 89 90 100 107 111 112 114 125 126 128 129 
135 138 139 141 146 148 153 155 159 161 165 167 
168 169 171 172 178 179 184 187 189 195 197 209 
211 216 217 220 221 222 224 225 228 235 236 238 
240 246 247 250 251 261 266 267 269 270 272 276 
281 284 285 292 295 297 299 301 304 306 307 311 
323 324 325 328 338 348 349 350 352 354 363 375 
378 385 392 393 394 398 399 
134
2 4 5 7 8 17 19 21 22 25 26 31 
35 38 40 46 48 50 58 60 65 77 79 81 
82 86 87 90 92 97 98 100 102 105 110 111 
112 114 118 119 120 122 125 129 130 131 133 135 
140 145 147 149 151 153 154 160 168 169 170 172 
176 177 178 182 190 195 196 197 201 208 209 212 
216 218 219 220 221 225 227 228 231 232 234 237 
239 250 251 252 253 255 256 259 263 264 269 271 
273 275 279 280 281 289 291 292 299 301 303 305 
306 310 311 315 317 326 328 331 338 344 346 352 
354 359 364 367 372 373 374 377 378 383 384 389 
390 400 
112
3 4 6 8 10 18 19 24 31 37 41 46 
47 49 50 52 56 61 63 71 76 77 80 85 
86 87 88 95 97 102 109 115 118 122 128 130 
137 138 139 141 148 149 156 159 161 163 165 167 
169 170 176 177 178 184 188 190 191 193 204 205 
211 214 216 217 220 221 222 231 235 240 241 243 
244 245 246 250 255 262 271 277 280 282 285 286 
289 297 308 312 321 324 325 330 337 338 339 340 
342 349 352 360 362 364 369 370 372 374 379 382 
387 389 393 397 
138
1 3 4 6 8 14 16 23 26 28 34 35 
37 41 43 46 47 50 53 56 58 65 68 72 
74 75 79 83 84 85 88 90 91 95 101 102 
104 105 106 108 110 112 113 115 116 117 119 120 
123 124 126 127 128 131 133 134 142 145 147 148 
154 157 159 163 164 168 173 176 177 179 180 181 
187 191 192 195 196 198 200 202 206 209 213 214 
215 222 223 242 243 246 247 252 256 262 264 271 
278 281 282 284 288 293 303 307 310 311 312 316 
318 319 320 321 324 325 328 340 341 344 348 349 
352 357 358 360 366 369 374 375 380 383 386 387 
388 389 390 393 398 400 
120
1 4 5 6 8 13 16 17 18 24 29 37 
38 39 44 45 46 49 56 58 61 62 63 73 
81 89 96 97 100 102 106 113 122 123 126 127 
131 132 140 141 142 145 149 154 155 158 160 161 
163 165 166 169 174 176 177 180 182 186 195 202 
204 205 206 212 213 216 220 224 227 230 234 235 
236 238 242 247 252 253 255 271 272 274 275 284 
287 290 291 299 300 303 307 313 314 315 318 320 
322 325 328 334 335 341 342 343 344 345 346 348 
353 358 359 362 363 368 371 373 374 378 386 398 
113
4 6 10 13 19 21 22 23 26 30 34 43 
44 50 51 55 58 60 61 62 63 65 71 72 
73 75 83 87 89 96 98 104 105 108 110 120 
121 123 132 140 142 145 151 152 155 160 168 169 
170 171 177 179 182 186 187 188 189 190 192 193 
200 219 221 227 229 231 238 239 246 247 251 252 
255 269 270 272 273 274 275 277 278 280 284 289 
290 292 298 300 302 304 310 319 324 330 331 332 
334 335 357 360 361 362 367 368 375 377 380 384 
385 388 391 392 400 
121
3 4 5 8 18 25 26 29 37 41 44 47 
48 53 58 63 67 69 70 71 73 80 89 96 
106 108 118 123 124 125 132 134 135 136 138 145 
147 150 151 153 156 161 166 167 170 174 177 187 
188 190 192 195 198 199 202 203 204 205 213 215 
218 223 224 227 232 234 235 237 240 244 256 260 
261 262 273 277 280 281 283 284 287 288 294 295 
297 301 302 304 305 311 316 318 322 323 327 328 
329 330 332 333 339 341 343 344 352 353 354 358 
366 368 370 371 373 377 380 384 386 388 393 398 
400 
118
1 3 6 7 8 10 13 17 20 21 22 23 
25 30 32 37 40 41 45 48 50 55 58 60 
65 67 75 77 78 81 82 85 86 98 101 102 
106 110 112 116 119 120 128 129 130 143 149 152 
162 165 170 171 176 179 182 183 187 192 194 202 
206 207 208 211 212 213 215 221 224 229 230 232 
235 236 240 242 245 247 260 262 268 269 270 272 
280 284 285 286 291 292 302 304 306 310 312 326 
328 330 332 333 336 337 343 344 345 346 352 356 
358 361 370 374 375 382 393 395 397 399 
109
1 2 3 5 9 16 34 37 43 47 52 56 
57 61 66 68 69 70 81 83 94 100 109 115 
120 121 128 131 132 135 138 139 148 158 159 162 
172 177 180 182 183 185 186 187 188 192 195 206 
211 212 214 215 217 220 225 226 227 228 233 242 
246 248 250 255 257 261 270 272 281 282 283 286 
287 288 289 291 294 295 300 303 306 309 312 313 
315 321 323 324 325 326 329 333 340 342 345 350 
354 358 359 361 374 376 377 380 382 386 391 399 
400 
119
1 3 4 7 22 23 24 29 33 38 42 43 
44 48 49 53 54 57 58 61 65 72 76 77 
81 82 83 85 87 88 96 114 117 119 129 133 
134 137 144 145 147 155 157 158 160 162 164 165 
167 168 173 178 179 181 185 188 192 197 206 210 
214 215 216 217 219 221 223 226 229 235 240 246 
247 259 262 267 271 272 275 280 282 285 290 296 
300 315 316 318 319 322 324 329 331 332 340 342 
343 349 352 353 355 356 358 359 363 364 366 367 
369 378 385 387 390 392 395 396 397 399 400 
127
3 9 14 17 20 21 23 28 33 38 39 43 
45 48 49 51 53 54 55 56 62 65 66 76 
78 79 85 87 90 93 95 96 97 98 99 102 
108 110 113 115 117 118 120 122 124 125 131 134 
143 146 147 151 162 166 169 177 186 190 192 193 
195 199 200 203 204 210 214 220 226 231 232 233 
235 237 238 242 244 245 248 253 257 258 266 276 
278 283 286 295 296 299 300 301 303 304 306 307 
309 312 313 314 315 317 319 321 322 325 327 333 
334 344 348 352 354 355 361 364 365 366 372 375 
378 380 384 391 393 395 400 
113
1 4 13 14 25 30 33 34 57 62 63 65 
66 73 76 79 81 83 84 89 90 92 96 109 
116 118 120 124 128 133 141 142 146 149 150 151 
155 157 161 162 165 166 168 171 172 177 182 186 
190 192 199 204 207 211 213 217 219 222 230 235 
240 243 247 254 255 258 260 261 267 268 270 271 
273 278 279 283 290 291 293 300 304 308 314 315 
317 320 321 325 339 340 342 347 348 352 353 354 
355 357 358 362 368 370 371 375 381 382 385 386 
391 393 396 398 400 
132
2 3 5 6 7 9 11 12 13 19 20 24 
25 28 30 31 32 35 36 37 40 42 46 53 
59 60 66 67 68 71 73 75 77 95 96 101 
103 104 109 117 119 122 123 124 126 127 131 133 
137 141 142 143 148 157 158 160 164 168 169 171 
173 175 188 197 199 200 206 211 217 221 223 228 
233 238 239 241 243 252 253 254 257 259 261 264 
266 269 271 273 274 280 283 286 287 290 293 294 
296 298 299 300 301 309 310 311 319 320 323 324 
325 329 333 340 342 343 346 353 354 355 361 368 
371 372 374 380 383 388 389 390 391 396 397 398 
142
3 9 10 11 16 17 23 35 36 38 40 42 
45 54 58 60 71 75 76 78 79 80 84 87 
88 91 94 95 97 98 100 102 103 106 107 114 
116 117 119 120 123 124 125 126 127 128 129 130 
131 143 150 154 158 159 160 164 170 171 172 175 
180 183 185 187 188 192 195 197 198 199 200 204 
207 208 211 213 215 219 220 223 227 228 233 234 
236 244 247 249 250 264 265 271 272 278 279 283 
285 286 287 288 290 296 298 299 301 302 308 309 
314 323 324 326 333 334 335 336 341 343 347 350 
351 352 356 357 359 363 365 368 369 370 373 374 
383 384 385 387 388 389 393 394 396 400 
120
5 7 8 9 12 13 16 19 27 29 34 47 
48 49 52 53 56 59 60 61 62 66 67 68 
70 71 72 81 82 83 84 91 95 104 115 118 
127 130 132 134 145 146 148 151 152 154 156 157 
171 172 173 180 181 186 188 194 197 198 201 203 
204 206 208 210 217 219 224 228 231 232 233 235 
237 242 244 251 253 254 258 260 262 263 266 267 
269 274 278 280 282 287 290 293 294 298 299 309 
312 315 317 318 319 321 325 328 333 338 339 347 
349 351 354 357 361 365 369 376 377 380 395 400 
128
1 5 7 8 9 13 14 20 24 26 28 33 
34 35 42 43 44 45 46 48 51 53 56 64 
66 67 69 72 75 78 80 83 84 87 88 89 
91 94 95 99 103 109 113 115 118 123 129 130 
132 133 138 139 141 147 150 152 157 158 164 167 
168 169 171 172 173 174 175 178 179 182 184 185 
189 190 193 194 201 207 209 211 212 214 215 223 
226 229 230 238 242 253 254 258 260 261 263 264 
271 272 273 275 293 298 304 306 307 320 324 326 
330 339 341 342 353 355 356 359 363 364 365 368 
370 375 377 379 380 384 391 399 
109
3 16 19 20 26 31 32 43 45 52 54 60 
61 65 67 68 70 74 75 76 80 89 92 94 
98 111 113 114 116 119 120 122 123 124 126 127 
129 131 137 139 143 156 159 163 171 175 183 184 
187 193 200 205 206 210 216 218 223 227 229 237 
238 245 246 249 250 251 254 259 267 268 277 281 
284 286 292 293 298 300 303 307 309 310 316 317 
318 324 329 331 332 338 339 341 344 345 347 349 
353 357 362 363 367 369 371 375 377 381 385 386 
396 
126
1 2 4 6 7 9 10 18 19 20 21 23 
27 28 32 34 36 39 43 44 45 48 49 51 
54 56 60 64 68 73 78 80 81 84 88 91 
95 97 101 102 107 115 117 120 124 127 138 139 
142 143 144 152 153 157 158 160 161 164 171 182 
185 190 192 194 202 203 204 205 209 212 217 218 
221 226 231 233 234 240 241 242 243 246 247 248 
253 260 261 266 275 281 282 284 286 287 289 290 
292 294 304 306 307 308 309 310 312 322 324 330 
335 337 344 346 351 354 357 359 360 362 369 377 
381 382 384 388 395 399 
116
3 5 6 7 15 18 23 26 28 34 37 38 
39 42 44 48 51 58 60 63 64 68 71 75 
83 84 85 88 90 91 92 100 110 116 119 124 
131 133 134 136 137 143 155 159 164 165 166 170 
171 172 175 179 187 188 205 211 213 219 220 224 
225 229 250 252 258 260 266 268 269 274 276 277 
280 281 283 286 292 293 303 307 308 314 315 317 
318 323 326 328 329 330 332 336 340 341 342 343 
349 350 351 353 356 364 366 369 370 371 373 375 
377 378 381 382 384 389 394 396 
106
4 10 11 18 20 23 26 28 36 37 38 42 
45 55 56 57 58 60 61 65 72 73 76 79 
80 91 92 94 96 99 103 114 126 127 132 135 
143 147 150 154 155 162 163 166 170 173 174 177 
180 188 190 194 196 209 215 218 219 221 229 232 
233 235 238 242 244 246 250 253 254 258 259 260 
263 264 265 266 268 272 274 284 291 297 300 307 
309 322 323 325 334 337 339 340 348 356 357 361 
363 367 368 371 375 377 378 386 387 393 
103
1 3 9 10 15 19 21 23 27 28 29 30 
34 35 42 54 59 68 69 70 80 81 82 84 
88 90 93 95 99 102 103 107 108 111 112 114 
118 120 125 129 131 133 136 140 150 158 164 171 
173 179 182 183 187 188 191 193 216 218 219 221 
222 226 233 236 242 247 253 257 264 266 273 274 
275 279 284 288 293 297 305 306 309 310 326 327 
328 337 347 356 363 365 366 368 370 373 376 377 
378 379 382 386 387 391 393 
116
3 7 8 9 16 20 21 23 28 33 35 36 
40 41 43 45 52 54 57 59 61 63 76 79 
86 88 89 90 92 95 97 98 103 109 112 116 
120 125 126 130 139 140 141 145 150 155 162 166 
172 174 178 183 184 185 186 188 194 197 203 209 
210 215 220 221 222 231 237 240 244 246 250 259 
260 263 274 276 283 289 290 291 303 308 310 312 
313 314 326 328 329 333 334 336 341 345 346 349 
353 355 356 358 359 361 362 363 367 368 373 376 
378 379 386 387 390 393 396 397 
130
2 4 5 8 9 15 17 22 23 25 27 31 
32 37 44 51 55 58 60 63 65 68 69 71 
73 77 80 81 84 85 86 88 90 92 95 96 
101 102 107 108 109 110 118 120 121 122 125 127 
130 138 142 143 144 145 151 153 154 157 160 161 
167 169 173 177 182 189 190 194 206 210 212 216 
224 225 229 230 231 233 234 236 237 240 241 245 
249 253 254 255 260 262 263 274 276 281 284 285 
287 288 291 300 303 304 306 309 310 315 316 317 
318 319 323 324 325 331 332 333 337 340 341 346 
349 353 354 357 360 365 369 374 376 388 
111
1 6 7 13 15 25 29 35 36 39 40 49 
50 53 58 71 74 75 80 89 93 96 98 99 
103 105 111 134 139 141 142 151 153 155 156 157 
158 160 161 165 166 168 172 173 180 182 184 187 
191 194 196 200 204 207 208 209 210 213 215 216 
217 226 231 233 234 235 246 251 252 256 259 263 
269 270 271 275 279 281 283 286 287 288 290 294 
295 296 297 298 300 301 307 321 325 329 330 333 
342 343 348 351 362 368 369 373 375 376 378 382 
390 393 400 
119
1 6 7 13 15 20 23 26 28 29 33 36 
38 39 42 46 48 56 60 67 76 79 80 82 
83 86 92 95 97 101 103 104 114 119 121 122 
127 131 132 133 134 135 137 143 144 147 148 150 
151 159 161 164 166 170 173 174 175 177 178 182 
185 186 189 195 196 197 202 204 208 210 215 216 
221 227 229 231 235 237 240 241 242 244 245 251 
252 254 257 258 263 269 280 295 297 302 305 306 
312 329 334 342 344 345 348 349 351 352 353 358 
361 362 363 366 367 370 372 376 381 387 400 
128
3 5 9 10 14 15 19 24 26 27 29 31 
33 34 35 39 40 42 45 47 49 52 54 55 
59 67 69 78 81 93 94 97 99 107 110 112 
113 123 125 126 127 130 132 134 138 139 140 144 
145 150 157 162 164 165 167 168 169 170 173 178 
179 184 185 194 200 204 206 207 208 210 213 215 
216 219 220 222 230 231 232 233 234 236 238 244 
246 250 251 252 253 254 256 263 273 274 280 281 
282 285 290 291 293 301 305 306 315 316 317 321 
337 342 343 350 351 352 356 363 364 369 370 375 
380 382 383 388 389 391 397 400 
129
1 5 8 9 14 18 28 30 31 32 33 35 
36 40 43 51 53 54 55 56 58 68 77 81 
86 88 90 91 93 96 97 99 104 114 115 117 
118 121 122 126 128 130 131 132 133 137 139 140 
145 146 147 157 158 159 161 163 164 167 175 179 
180 181 183 184 186 187 192 193 211 213 214 225 
229 231 232 235 236 239 240 243 244 249 252 259 
261 262 270 272 273 275 276 281 282 289 294 302 
304 307 313 320 321 324 330 332 335 337 338 344 
346 347 356 357 360 362 365 366 370 377 378 379 
382 384 387 391 392 396 398 399 400 
114
5 13 17 18 21 23 26 31 35 40 41 43 
46 52 53 55 59 61 67 70 73 76 80 83 
84 92 96 102 104 105 106 107 110 112 117 121 
125 127 129 132 133 135 136 137 139 141 142 146 
147 148 159 169 170 172 177 178 184 185 190 191 
194 200 203 210 212 213 215 216 223 229 231 235 
236 247 250 262 265 266 268 271 272 273 274 279 
280 286 287 295 302 306 307 310 313 315 319 333 
334 335 345 346 352 354 357 359 360 361 367 377 
378 380 383 387 393 399 
118
5 7 11 13 14 18 23 27 34 37 47 51 
53 55 57 58 59 60 64 69 72 75 76 77 
82 95 97 99 102 109 112 118 121 124 129 132 
134 136 139 143 144 152 156 159 161 165 166 175 
176 187 191 195 197 203 209 212 213 220 226 227 
228 229 230 235 239 241 242 243 244 249 252 255 
257 258 259 263 266 270 271 272 273 275 276 279 
281 285 286 287 289 295 297 298 305 313 316 318 
319 321 328 337 342 343 349 351 353 355 356 358 
362 374 377 385 387 390 392 393 395 399 
120
5 7 11 12 14 23 25 27 28 29 31 34 
35 36 45 49 51 52 57 58 69 74 79 80 
84 85 86 89 90 92 93 94 96 99 101 105 
109 111 113 114 119 120 135 136 144 153 154 157 
158 159 162 163 171 174 177 178 181 183 186 187 
189 190 200 201 202 204 206 207 211 212 213 214 
219 220 223 224 226 248 249 251 258 262 265 266 
274 275 276 277 283 287 290 295 298 303 312 315 
316 321 325 326 327 338 342 345 346 349 350 352 
353 354 369 371 372 374 379 380 383 386 393 400 
128
2 5 7 10 16 19 23 30 31 36 38 39 
41 43 44 46 47 50 53 54 60 62 64 65 
66 72 76 83 85 86 90 92 96 99 101 102 
104 107 108 109 111 112 115 117 119 121 124 132 
138 140 143 148 149 152 155 156 157 163 165 171 
172 177 181 182 186 189 191 192 194 207 208 216 
223 225 226 229 231 232 235 238 241 251 255 256 
257 263 271 272 273 280 282 283 285 289 292 295 
300 303 304 305 310 317 324 327 328 329 333 335 
337 338 339 340 343 344 356 362 365 366 371 372 
374 378 380 384 389 390 392 394 
106
1 3 7 8 12 13 16 20 23 24 25 27 
51 52 53 54 60 64 65 72 74 75 78 83 
87 90 92 110 112 116 117 118 119 120 121 124 
125 126 129 132 139 142 145 146 148 155 156 157 
161 162 167 168 177 180 183 188 189 191 202 212 
214 222 231 232 234 235 241 245 247 254 262 269 
275 276 286 287 295 301 302 306 308 313 320 322 
323 327 335 337 338 343 344 348 350 352 356 357 
359 365 366 371 374 379 385 388 397 399 
111
1 4 9 11 19 20 26 32 33 35 47 49 
50 51 54 59 67 71 72 83 84 97 109 112 
113 117 119 126 127 130 136 137 141 144 145 148 
153 155 157 160 164 165 172 174 175 178 183 187 
195 197 200 210 211 217 222 223 225 231 235 238 
239 241 242 243 251 253 257 272 275 277 278 280 
282 283 285 287 288 290 292 293 295 298 302 303 
306 308 309 316 319 320 326 327 329 334 345 350 
351 352 355 357 361 366 369 371 382 387 388 389 
392 396 399 
114
4 5 6 8 15 20 26 28 30 34 45 53 
59 68 70 72 74 76 78 83 84 87 97 99 
103 105 109 114 125 126 127 131 135 139 140 147 
149 152 154 156 157 160 165 166 175 180 181 182 
183 185 188 194 196 199 201 204 206 207 210 215 
220 221 223 224 241 243 244 252 257 258 260 261 
262 263 266 270 271 274 276 280 282 292 295 297 
298 299 306 307 313 318 319 325 327 330 335 336 
341 342 349 350 351 357 362 363 365 368 379 383 
386 388 389 390 392 400 
132
1 2 4 9 12 15 16 17 18 19 21 23 
26 27 32 35 44 47 49 50 54 57 58 64 
67 70 72 73 74 75 77 78 84 88 92 93 
102 105 112 113 117 119 125 130 132 134 139 140 
141 142 143 145 152 156 159 160 163 169 170 171 
173 175 177 179 180 188 190 192 195 196 206 211 
215 218 219 225 227 230 231 233 241 243 249 251 
255 261 262 266 269 270 271 272 273 274 278 280 
287 289 291 292 295 298 300 303 310 311 312 314 
318 323 324 327 328 340 342 343 347 349 350 351 
353 355 356 362 364 366 367 369 370 381 393 396 
118
10 13 15 20 21 23 33 34 49 57 59 62 
65 73 78 79 84 86 91 96 100 102 103 111 
115 116 117 125 127 130 134 135 140 142 143 147 
149 151 153 154 155 159 166 174 177 178 182 184 
186 187 188 189 191 200 201 204 206 210 211 213 
218 223 231 233 235 236 238 239 241 244 251 257 
260 261 262 263 264 266 267 268 270 271 272 285 
287 289 290 294 296 298 303 305 312 317 319 321 
333 339 341 343 346 351 352 354 356 357 358 363 
371 372 375 377 379 382 383 388 392 394 
119
1 3 7 8 15 23 24 27 28 29 31 34 
35 38 39 41 45 47 51 57 63 69 71 75 
80 83 85 86 87 88 89 94 95 97 103 104 
105 106 108 111 112 122 128 130 133 135 137 151 
152 156 159 161 167 168 169 170 172 173 178 179 
182 189 197 199 201 205 207 210 212 216 217 218 
220 221 225 231 239 241 244 245 248 249 252 256 
257 265 274 276 279 280 282 283 285 300 304 308 
311 312 320 325 328 330 345 348 355 357 360 361 
364 367 369 370 373 378 379 381 383 387 393 
119
4 5 12 17 19 28 30 31 33 35 36 37 
41 44 51 53 56 63 64 69 71 72 79 80 
81 89 91 97 98 105 110 116 117 121 123 125 
131 134 137 138 144 147 155 164 166 168 176 178 
179 182 185 194 200 202 206 210 212 216 218 219 
228 230 235 240 246 248 253 255 259 267 268 269 
271 273 276 279 282 283 285 286 289 298 301 302 
303 313 315 319 320 321 329 331 333 335 340 345 
348 349 352 354 355 361 363 364 365 367 368 374 
375 377 378 379 380 386 387 389 394 397 400 
125
4 7 8 12 16 17 18 20 21 29 31 33 
41 44 46 48 55 59 63 64 68 69 74 84 
86 90 98 99 100 101 102 106 112 114 115 120 
124 128 133 136 138 139 142 145 147 150 152 156 
157 162 163 166 167 168 172 178 180 186 189 192 
198 201 204 206 207 213 214 223 231 234 236 237 
244 245 246 248 250 257 259 260 261 279 281 283 
284 288 296 299 307 308 309 311 312 321 322 326 
328 333 335 336 338 340 341 342 351 352 353 359 
360 361 365 366 368 369 370 371 376 377 379 382 
389 391 394 397 398 
137
1 2 4 5 7 9 12 17 23 27 30 33 
34 37 41 45 47 50 53 55 56 58 60 65 
67 69 72 74 76 78 84 88 92 97 103 116 
122 123 125 126 127 129 131 134 135 138 139 141 
146 147 151 152 153 154 155 156 159 160 161 164 
171 172 173 174 178 181 185 194 200 204 209 211 
212 215 217 219 223 224 228 231 234 235 237 238 
242 247 248 252 253 256 258 262 264 271 273 276 
277 278 284 285 287 289 291 293 294 299 304 305 
306 313 319 325 327 328 331 332 333 334 337 338 
339 340 349 352 353 357 359 362 367 377 379 380 
381 383 388 394 398 
121
4 13 22 31 33 42 43 44 47 48 52 55 
58 59 62 63 64 66 70 72 78 82 87 88 
90 91 92 94 97 98 100 103 104 107 114 116 
120 122 127 129 130 131 134 140 141 143 149 152 
155 156 159 160 164 165 166 167 168 170 171 178 
180 183 190 192 208 212 215 216 224 225 227 231 
236 240 251 252 254 260 262 265 269 278 280 281 
282 285 287 288 293 297 298 299 309 312 325 328 
329 331 333 338 339 341 345 347 351 358 359 360 
362 364 367 374 375 376 380 382 388 390 395 398 
399 
125
3 8 13 21 25 26 32 34 37 38 39 41 
42 43 44 58 61 68 71 75 76 78 80 83 
87 88 89 90 92 93 99 100 102 106 107 111 
117 119 124 125 126 129 131 132 136 137 139 140 
141 142 144 145 146 149 152 154 156 158 167 168 
170 172 175 176 179 186 195 199 202 211 213 214 
216 217 218 226 239 240 243 244 245 249 251 254 
255 258 260 261 262 266 267 280 282 286 288 292 
294 298 305 307 309 311 313 314 315 316 317 324 
326 333 334 336 338 346 350 356 361 366 372 373 
375 380 381 384 388 
128
3 5 7 15 16 17 18 25 26 28 32 33 
34 36 37 43 47 48 49 54 55 56 57 60 
67 70 77 79 80 84 89 91 92 95 102 103 
104 110 112 118 119 123 127 128 130 134 135 137 
141 142 143 145 146 150 154 161 164 168 172 174 
178 181 190 192 194 195 196 197 202 207 212 214 
218 219 222 226 228 240 245 246 249 250 258 259 
262 263 264 266 276 278 279 281 296 297 298 300 
302 304 306 310 318 319 323 329 332 333 337 338 
341 343 348 352 355 359 361 362 364 366 372 380 
381 382 386 387 390 393 397 399 
140
1 4 12 15 16 17 20 21 22 23 24 26 
28 31 37 38 42 45 48 53 56 57 60 61 
65 69 73 79 81 84 88 89 95 100 101 105 
109 110 112 116 127 129 130 132 133 135 136 142 
144 147 148 149 151 153 158 159 166 168 169 170 
173 178 179 181 190 193 195 196 197 199 204 209 
211 216 217 221 222 223 224 229 231 244 245 246 
248 249 254 256 260 262 264 265 266 269 272 274 
279 281 289 290 291 293 294 296 297 298 300 301 
303 304 305 308 309 312 313 315 316 320 329 334 
335 341 345 347 349 357 358 359 360 363 368 373 
377 380 381 382 388 393 394 399 
112
1 2 6 7 16 32 33 37 39 42 43 44 
45 46 48 56 57 59 61 63 64 69 76 79 
80 83 84 88 90 91 92 93 98 115 116 129 
132 135 137 140 141 142 146 156 159 161 164 169 
172 174 177 178 180 181 184 185 191 192 197 200 
203 206 210 212 214 217 222 225 226 227 228 230 
231 232 233 248 249 250 251 255 260 262 268 273 
276 277 278 282 285 288 289 293 295 297 309 321 
324 340 348 353 356 358 361 378 381 384 386 388 
394 397 399 400 
124
4 8 9 14 15 16 20 24 25 26 32 33 
41 46 47 49 55 58 61 66 70 72 83 84 
91 94 95 96 99 101 107 108 111 119 123 131 
135 140 146 157 160 164 167 168 170 175 176 177 
183 189 191 197 199 204 206 208 210 211 216 217 
220 222 233 235 236 238 239 242 252 255 259 260 
262 265 266 270 272 274 276 279 281 288 294 295 
300 301 302 306 307 311 312 317 321 324 328 330 
332 334 336 337 338 339 342 343 345 346 348 349 
352 355 357 359 362 374 376 380 383 385 387 389 
392 393 397 399 
95
11 12 13 15 16 22 24 30 41 46 53 67 
69 85 86 88 89 96 106 108 109 112 114 127 
129 135 136 137 139 146 150 155 158 160 162 173 
182 184 187 190 191 193 198 203 205 206 207 208 
209 211 215 219 220 221 222 225 229 234 235 239 
240 244 246 247 253 256 265 276 277 287 289 294 
295 296 298 299 306 307 308 322 324 331 332 336 
345 350 364 366 370 372 374 389 391 395 397 
129
3 5 6 7 8 9 10 16 17 20 21 26 
30 34 35 39 44 53 56 58 61 67 72 76 
78 79 80 81 84 90 97 101 102 104 106 113 
114 116 124 125 127 133 135 136 138 142 147 148 
152 153 160 162 170 174 175 178 180 182 186 195 
197 202 204 209 211 212 214 215 218 219 223 224 
227 228 234 239 247 248 249 250 252 254 255 258 
259 262 264 273 275 279 280 282 285 288 296 297 
301 302 307 309 311 313 315 319 320 321 325 331 
333 337 341 345 346 355 358 359 362 363 365 370 
372 376 378 381 383 384 385 388 397 
122
8 12 13 17 18 20 23 29 30 32 35 39 
41 43 49 51 53 54 61 66 67 68 76 80 
81 93 98 100 105 107 114 116 117 121 123 129 
136 138 145 146 147 150 151 153 162 163 165 170 
172 173 176 177 179 181 183 185 188 190 191 197 
198 200 202 205 209 213 214 215 216 225 227 228 
239 241 242 246 247 249 251 255 256 258 261 265 
269 270 274 276 283 289 292 294 300 303 305 309 
310 312 313 314 317 324 339 341 346 347 352 357 
359 360 363 369 372 375 376 377 379 386 388 394 
396 399 
119
1 8 10 11 15 17 21 25 28 29 32 34 
39 40 43 44 48 51 56 62 81 82 88 89 
99 101 107 108 109 110 111 112 114 115 118 121 
122 124 126 128 139 140 146 147 148 149 157 161 
164 165 170 171 172 173 174 175 178 180 189 191 
198 200 202 209 210 213 217 218 220 224 225 229 
233 234 238 251 254 258 270 272 273 280 282 285 
289 295 306 307 310 315 321 324 325 327 329 330 
339 341 343 345 347 353 354 357 361 368 369 374 
375 376 380 381 383 384 390 391 395 396 398 
118
1 3 8 11 16 18 20 26 28 37 39 46 
47 51 52 57 60 64 65 67 68 74 76 83 
85 86 89 91 98 102 105 110 112 114 118 121 
125 126 127 130 131 132 139 142 145 146 149 151 
156 157 158 159 160 166 167 168 171 174 175 180 
182 185 188 200 208 213 214 215 218 220 223 226 
227 228 231 232 234 241 244 246 250 251 252 255 
257 260 262 270 272 274 280 282 286 299 301 304 
307 309 310 315 318 321 323 340 344 349 357 359 
362 365 369 373 374 389 392 393 398 399 
112
1 4 6 10 14 17 18 19 26 29 31 32 
37 38 45 48 57 58 59 69 77 78 80 86 
88 90 97 98 100 101 103 105 106 108 115 116 
128 129 131 132 137 138 142 144 145 147 148 151 
155 165 171 175 177 182 186 189 194 196 198 206 
209 212 213 214 221 224 229 230 236 238 239 240 
242 244 248 249 251 256 258 259 264 270 275 285 
287 288 290 292 293 302 304 306 312 316 322 323 
325 328 335 338 339 343 357 364 369 371 373 375 
377 378 386 395 
129
1 6 8 10 15 18 20 27 30 31 41 45 
46 50 51 54 55 58 59 63 64 66 71 75 
76 77 81 82 97 106 108 117 118 121 124 126 
129 133 140 141 143 145 147 149 150 151 157 160 
162 169 170 172 173 180 181 183 184 185 187 188 
192 193 197 198 199 200 202 204 208 215 218 222 
224 232 236 240 242 245 251 254 258 259 263 266 
269 270 271 273 275 283 286 287 290 291 295 296 
297 299 300 304 309 314 315 317 320 321 330 331 
332 335 340 342 348 351 360 365 366 369 371 372 
375 376 379 382 388 392 397 398 400 
117
1 4 12 13 15 20 24 28 29 34 36 43 
44 46 49 54 55 67 71 72 79 83 86 89 
94 96 97 101 105 106 107 108 109 112 113 115 
121 122 126 127 131 141 142 143 146 148 149 150 
151 152 154 157 159 161 164 166 169 175 181 182 
183 185 187 189 190 193 199 203 216 218 219 230 
234 237 238 239 241 245 246 252 253 254 259 260 
261 265 266 274 280 281 288 291 296 297 302 309 
315 317 319 323 328 331 338 340 342 350 355 359 
360 362 364 367 378 383 394 395 397 
103
14 19 24 25 26 32 37 39 45 47 50 53 
55 56 58 71 72 75 78 79 80 81 85 88 
91 93 102 109 119 120 121 124 125 128 129 136 
137 146 149 151 153 155 159 168 172 174 175 176 
179 180 185 186 187 194 195 208 214 215 217 219 
221 227 232 234 236 251 252 256 259 267 268 269 
273 277 278 279 281 283 287 289 292 295 299 303 
304 306 322 325 326 333 336 341 345 347 355 358 
363 374 378 383 389 394 397 
117
3 8 10 17 19 20 21 26 35 40 46 47 
49 50 51 54 55 56 57 59 60 70 73 79 
87 88 94 97 99 101 111 113 115 117 124 125 
128 132 133 138 139 147 152 153 160 162 166 167 
170 176 177 181 182 183 202 204 205 206 209 210 
213 219 220 223 224 225 229 235 237 244 245 248 
252 255 259 260 262 273 280 282 292 295 296 297 
298 299 300 301 302 304 308 310 316 318 320 321 
322 325 341 343 345 354 358 361 362 367 373 378 
381 382 383 386 388 391 395 396 397 
138
2 4 5 6 12 13 14 15 16 17 18 19 
25 31 32 33 34 39 42 43 53 56 57 58 
63 64 66 68 74 82 96 97 98 103 105 106 
112 115 118 119 122 123 125 127 132 136 139 140 
142 143 147 150 156 158 159 163 166 167 169 174 
177 181 184 186 187 188 189 190 194 197 198 204 
205 207 211 216 218 221 222 224 226 230 234 237 
240 242 244 245 247 249 250 251 255 257 258 261 
262 268 270 276 277 278 279 281 283 286 287 288 
299 303 305 312 319 324 327 329 334 335 336 343 
354 357 365 367 371 373 375 377 378 379 383 388 
389 392 393 395 397 399 
131
4 11 15 18 21 22 26 29 32 39 40 41 
42 43 45 46 47 49 53 58 59 60 62 63 
66 69 80 92 94 97 107 112 121 125 126 129 
130 133 142 143 146 147 148 149 151 152 154 155 
158 162 165 166 168 169 171 172 176 177 178 182 
187 194 196 197 201 208 210 214 215 221 222 223 
224 226 232 238 239 240 242 248 252 253 254 257 
261 262 263 264 265 269 271 277 278 279 285 286 
287 288 289 291 292 294 297 300 301 305 311 315 
317 327 328 332 338 339 342 346 347 348 355 356 
358 360 363 364 369 378 385 386 395 397 400 
125
2 3 4 10 13 16 18 21 27 30 34 36 
37 39 40 46 49 53 58 63 65 68 74 79 
88 89 94 96 100 102 103 110 111 112 117 118 
121 122 123 128 135 139 140 141 142 149 151 155 
158 159 167 168 171 177 181 182 184 185 186 188 
189 190 192 194 195 196 199 200 205 208 217 218 
219 223 225 231 237 242 245 247 250 252 255 258 
267 274 278 279 280 285 286 294 295 296 299 301 
303 306 308 313 314 318 320 323 325 329 330 334 
341 349 351 356 367 371 373 375 377 380 381 382 
384 391 394 397 398 
117
1 14 20 21 26 33 37 41 44 48 49 51 
59 60 62 70 71 72 77 82 95 96 97 98 
101 103 105 109 117 119 120 121 122 129 130 138 
142 143 144 147 148 159 167 170 171 181 183 185 
198 205 208 213 215 216 219 224 230 231 232 236 
244 245 252 253 254 256 257 267 271 277 278 279 
280 285 286 287 288 293 294 297 299 303 305 310 
314 319 323 324 326 330 331 332 333 335 336 337 
339 341 342 343 344 348 349 351 352 360 366 370 
372 378 379 383 385 386 387 393 397 
122
3 7 10 13 19 20 21 23 28 30 34 38 
40 49 58 59 60 62 63 64 67 72 76 79 
83 87 89 93 98 102 103 108 109 118 124 126 
127 128 131 132 144 148 151 157 159 164 166 170 
176 177 179 182 185 186 189 191 192 195 198 204 
209 211 215 221 222 223 226 229 230 234 238 242 
254 255 262 266 269 270 273 275 276 277 278 283 
288 298 300 301 303 305 307 312 323 326 327 330 
332 333 334 337 343 345 346 347 351 359 361 362 
365 366 368 371 372 374 375 378 381 385 389 391 
396 399 
116
11 13 14 15 20 21 23 24 25 30 35 41 
45 50 52 54 58 59 60 65 69 70 74 79 
82 83 93 98 103 108 115 126 132 134 135 138 
156 161 162 167 168 169 170 171 172 174 175 183 
186 188 190 196 200 202 205 208 209 211 216 221 
229 231 238 241 242 244 249 250 255 256 257 258 
260 261 263 272 273 276 278 282 287 290 293 300 
302 311 314 315 318 320 322 323 326 329 333 335 
342 344 346 353 355 356 362 372 375 380 382 384 
385 387 389 390 394 395 396 397 
115
8 9 14 17 19 21 23 32 33 42 44 50 
52 56 60 61 68 72 75 80 83 86 88 89 
95 101 105 109 116 119 120 123 127 133 135 139 
141 142 143 144 145 147 149 151 155 157 172 173 
174 175 182 183 186 187 194 195 201 203 204 205 
211 212 222 229 231 239 240 242 243 250 254 255 
256 261 262 263 264 266 269 274 277 288 290 293 
295 298 299 312 328 332 337 339 342 343 344 345 
346 347 348 349 352 359 364 365 367 373 374 379 
382 388 389 392 397 398 399 
121
5 13 17 18 20 21 24 25 27 29 32 37 
38 39 41 48 50 56 57 59 61 64 65 71 
76 77 79 87 90 92 98 101 104 105 107 108 
109 111 122 124 131 132 135 136 139 140 143 156 
165 171 175 176 179 184 186 189 192 195 196 198 
199 202 206 210 219 221 223 225 226 227 229 234 
242 252 254 256 259 261 263 264 267 269 277 282 
283 288 290 292 295 298 300 302 308 314 321 324 
332 333 338 341 343 349 359 360 363 365 367 369 
372 375 377 378 383 384 387 388 389 390 394 396 
397 
116
2 5 10 16 20 26 30 31 32 37 39 41 
48 50 53 56 57 59 62 68 70 72 78 79 
80 87 88 96 97 98 99 103 108 110 114 116 
128 133 138 141 142 143 144 145 154 158 163 167 
175 177 182 194 195 197 198 199 214 216 220 222 
223 229 231 232 235 236 238 239 241 245 246 249 
250 257 259 261 262 268 270 272 273 274 276 277 
280 285 288 289 291 292 296 303 306 307 308 313 
325 329 331 336 338 346 361 364 370 373 376 378 
383 384 387 388 393 396 397 398 
133
3 5 10 17 19 22 27 28 29 31 34 37 
38 40 44 46 48 50 56 60 61 62 65 66 
70 72 77 78 82 83 89 95 103 106 107 111 
113 114 118 119 128 129 132 133 134 138 139 145 
147 149 150 158 160 161 162 163 164 166 168 172 
176 181 182 185 193 195 196 198 202 203 208 212 
213 215 218 220 222 224 227 228 235 236 240 241 
244 245 253 256 257 259 265 266 268 272 274 276 
283 287 289 291 294 295 297 300 306 309 310 315 
321 325 327 329 334 337 343 345 351 358 363 365 
370 371 373 375 376 377 379 384 385 392 393 397 
398 
107
3 7 13 17 22 28 29 30 35 36 41 43 
50 53 56 57 60 62 63 66 68 70 77 78 
79 81 82 83 84 85 89 91 92 93 104 106 
108 112 118 126 128 136 145 148 153 162 166 167 
169 170 171 174 175 182 198 205 207 210 214 216 
224 229 232 233 238 239 242 251 255 257 260 264 
266 271 273 274 275 277 282 283 294 296 299 301 
309 310 312 320 321 328 330 331 336 340 351 360 
363 367 370 375 378 379 385 386 389 396 397 
117
5 10 20 23 26 28 29 31 36 40 41 46 
47 49 50 53 54 56 61 62 63 65 67 75 
77 88 94 95 96 98 99 100 106 108 111 113 
115 120 122 123 124 127 129 133 135 139 141 146 
149 154 155 156 158 163 164 165 169 175 178 182 
184 191 200 206 209 212 214 217 222 223 231 232 
233 234 237 238 242 243 246 247 250 260 264 265 
267 276 278 280 284 292 301 304 310 312 316 319 
321 322 325 330 337 340 343 349 356 361 367 371 
375 377 379 381 383 384 385 395 398 
134
5 6 8 9 11 13 15 22 27 28 29 31 
38 43 44 46 47 50 53 54 57 58 70 71 
72 74 76 82 83 84 85 87 91 112 116 119 
124 125 128 130 132 140 141 143 144 145 147 151 
152 158 159 161 162 163 170 173 177 182 183 184 
185 187 188 192 193 196 217 224 226 231 234 236 
239 244 247 248 249 250 252 253 256 257 258 261 
262 263 268 270 277 279 281 282 283 287 292 294 
295 297 298 302 303 306 308 309 315 320 325 327 
334 335 337 338 339 340 345 347 349 353 354 362 
368 370 371 377 378 380 382 385 392 393 394 395 
397 400 
122
1 14 16 20 22 24 27 33 35 39 40 42 
49 53 67 71 73 75 76 89 91 92 93 95 
96 101 106 110 112 115 117 124 128 129 130 131 
136 139 141 142 144 145 146 150 151 158 159 160 
162 163 168 170 173 177 180 182 185 186 187 188 
192 194 195 196 198 199 204 208 209 216 218 220 
221 226 238 244 248 252 254 255 259 260 261 262 
266 268 275 284 286 296 297 298 304 306 307 309 
310 312 316 317 319 321 325 327 328 339 340 347 
350 354 355 361 362 374 375 376 377 384 386 388 
394 398 
122
3 6 9 13 15 17 22 24 25 27 33 41 
44 46 47 48 53 55 59 64 68 78 83 86 
90 91 95 97 107 112 114 117 118 119 121 123 
124 129 132 133 134 136 142 145 153 161 164 165 
166 167 168 171 174 178 179 181 182 186 190 191 
192 194 201 203 204 207 210 213 216 219 220 222 
228 232 236 242 249 256 261 262 268 271 276 279 
282 288 289 294 296 300 302 304 306 307 313 315 
317 320 325 326 328 334 338 339 341 343 347 349 
351 353 355 357 376 382 385 386 388 389 390 392 
393 397 
111
2 3 6 7 10 12 14 17 18 20 32 33 
43 56 70 72 76 78 80 83 84 87 90 95 
98 101 102 107 109 118 119 121 122 124 128 134 
135 137 138 148 151 159 160 161 163 171 176 180 
183 184 187 191 192 193 195 202 203 207 210 211 
212 214 216 217 220 221 224 229 233 235 241 242 
243 244 246 250 255 257 263 268 280 281 284 299 
300 302 310 311 312 313 314 315 316 325 330 337 
338 342 343 347 362 368 374 376 378 382 385 386 
391 392 397 
128
2 4 8 11 16 19 20 22 24 26 27 29 
30 32 36 39 40 49 51 55 59 62 63 70 
74 77 78 79 81 82 83 87 92 94 99 108 
110 111 113 117 120 121 122 123 127 130 133 134 
137 141 142 148 149 152 155 157 160 161 163 164 
166 168 173 175 179 190 192 193 197 208 210 212 
217 218 219 226 227 235 236 246 247 250 251 254 
256 258 259 261 263 265 269 270 272 273 276 294 
295 300 305 307 309 312 314 315 318 321 323 328 
337 343 344 345 353 354 356 357 362 363 371 375 
380 381 383 384 386 388 397 400 
107
1 15 18 19 20 26 28 31 34 48 50 51 
52 58 60 67 68 70 72 75 76 79 81 91 
100 102 109 114 118 120 122 126 128 129 134 137 
138 139 147 148 151 158 172 173 174 176 182 183 
186 196 200 202 204 205 210 213 214 219 221 228 
234 242 243 250 262 263 268 278 284 285 290 295 
296 297 299 300 303 309 310 311 313 314 316 322 
329 330 332 336 337 339 340 342 347 348 350 354 
365 372 374 378 383 387 392 393 394 395 399 
107
5 9 10 16 22 23 29 32 34 37 38 42 
44 47 62 65 66 67 70 73 75 76 84 87 
92 94 97 100 107 112 119 123 125 128 140 141 
148 149 151 155 160 161 163 164 178 179 188 192 
193 201 207 208 211 213 216 219 220 221 224 225 
227 229 239 241 242 243 251 260 264 265 272 276 
277 278 283 288 290 291 304 312 315 317 321 322 
324 330 333 334 336 342 343 348 353 357 360 361 
366 371 374 376 384 385 387 390 392 394 400 
160
1 2 5 6 7 8 9 10 13 14 17 18 
19 24 26 34 48 52 53 60 61 63 66 68 
70 75 77 81 84 86 87 88 89 90 93 96 
97 99 101 103 105 108 109 114 116 118 121 125 
127 131 132 137 139 144 146 151 152 153 161 162 
164 165 166 172 173 176 177 179 182 188 194 196 
197 198 200 204 205 207 208 210 212 216 217 218 
219 220 223 224 227 229 232 234 237 240 245 248 
250 251 253 256 265 266 267 270 273 274 275 280 
282 285 287 289 290 293 294 297 299 300 306 308 
314 315 316 318 319 320 322 326 327 328 332 333 
334 335 336 338 339 344 345 346 350 352 354 357 
359 365 366 370 371 374 375 383 384 385 389 391 
393 397 399 400 
105
2 7 8 15 18 20 30 32 34 43 44 52 
57 66 67 69 73 79 85 87 89 92 103 104 
105 110 111 114 119 121 124 125 131 133 134 136 
138 141 142 143 144 145 152 155 158 159 161 162 
164 169 184 200 204 208 209 216 219 220 221 229 
231 234 235 236 237 238 240 243 249 252 257 263 
271 273 277 281 283 284 286 289 294 295 297 304 
310 315 320 330 331 333 339 342 343 346 351 355 
361 362 366 374 378 379 381 389 396 
119
3 11 13 14 16 23 29 30 42 44 47 51 
52 60 62 65 66 72 73 76 80 85 90 94 
96 97 102 109 111 114 116 123 128 130 131 134 
137 141 143 145 150 153 155 156 159 160 166 167 
173 174 185 186 191 192 196 199 206 209 213 214 
216 217 218 220 225 226 227 231 236 238 244 250 
252 254 259 261 263 266 268 272 275 278 279 282 
284 285 290 291 293 294 296 300 302 303 306 307 
313 319 320 323 324 327 333 336 340 343 345 359 
360 372 379 382 383 385 387 388 390 395 398 
121
1 3 8 9 13 14 16 29 32 37 44 51 
53 54 56 59 62 68 69 71 77 78 79 80 
81 91 94 101 103 108 113 116 119 121 123 125 
126 129 131 135 142 143 146 147 150 151 152 154 
157 163 164 169 170 175 177 179 181 186 187 189 
190 192 195 196 197 199 200 201 204 207 215 230 
237 238 242 243 245 250 251 252 256 260 263 266 
272 273 276 281 283 284 285 288 294 297 302 303 
320 326 327 330 333 336 340 341 348 353 358 360 
363 373 374 377 379 381 383 388 391 393 395 397 
400 
121
3 4 6 10 12 13 17 19 23 24 27 29 
30 31 32 37 38 46 53 55 57 60 61 63 
69 75 78 86 89 93 98 99 101 108 109 116 
118 125 130 131 132 133 139 140 141 156 164 167 
178 179 181 182 188 194 199 200 202 204 207 209 
210 211 216 220 224 228 230 235 237 238 242 243 
247 253 262 264 276 278 281 285 289 291 292 301 
302 310 312 313 314 320 321 322 325 326 328 330 
334 335 336 339 340 341 346 350 352 354 360 361 
363 367 371 373 376 382 383 385 387 390 394 398 
400 
121
1 2 8 11 13 19 20 23 24 26 27 35 
36 37 38 39 42 46 48 50 51 53 54 61 
64 65 66 73 75 76 78 81 82 84 87 92 
104 106 109 118 119 120 122 123 124 139 143 144 
155 156 160 161 162 166 168 175 176 181 182 185 
186 188 191 195 203 207 221 225 227 231 232 233 
235 236 237 244 246 256 258 259 261 263 264 265 
267 279 290 294 295 301 302 303 305 308 309 311 
316 317 321 325 326 327 334 338 340 342 345 347 
362 363 367 369 370 376 378 380 381 386 389 393 
397 
121
1 19 20 23 24 25 26 32 34 36 38 40 
45 46 48 49 52 54 55 57 60 62 68 72 
73 80 81 85 87 90 93 94 99 103 110 112 
113 119 124 127 129 134 135 137 141 144 155 157 
158 159 161 164 167 168 170 175 176 178 184 185 
193 194 195 200 202 203 207 218 220 223 225 230 
231 235 239 241 244 246 251 258 264 269 271 273 
274 275 276 287 290 292 296 297 299 300 302 308 
310 312 313 316 326 327 332 333 334 335 336 337 
344 349 355 358 362 363 365 370 371 376 378 397 
400 
130
1 4 6 7 12 17 20 21 23 24 25 26 
27 29 38 40 42 44 46 47 48 51 53 54 
55 63 73 74 78 79 83 87 88 91 94 96 
98 99 100 102 106 107 109 115 116 117 123 126 
128 130 135 142 151 155 158 161 163 165 166 172 
174 181 184 186 188 193 195 196 197 205 207 210 
217 218 224 225 229 231 232 235 237 238 242 248 
252 254 255 258 259 264 267 269 274 278 284 286 
290 300 306 307 308 315 317 318 321 326 328 330 
332 334 336 339 342 344 345 348 351 353 354 367 
370 375 379 381 384 390 396 397 398 399 
125
2 3 6 12 14 21 22 25 26 29 39 42 
43 49 51 53 55 59 61 64 66 67 69 71 
72 74 75 77 79 81 84 86 87 89 93 101 
103 107 113 118 119 120 124 131 141 143 144 146 
147 154 156 159 160 166 170 171 179 180 185 189 
200 203 204 207 208 222 225 239 241 244 252 253 
255 259 269 270 271 272 273 275 276 280 284 286 
287 289 291 296 297 302 303 304 305 306 307 308 
314 317 319 326 328 331 336 338 339 341 342 345 
346 351 353 354 358 359 360 362 367 370 371 383 
389 390 392 394 399 
109
1 8 13 16 21 24 27 31 34 39 46 50 
51 55 60 62 64 65 66 67 69 70 71 72 
83 86 93 96 100 101 102 103 106 107 110 115 
118 122 124 127 133 134 136 142 146 147 148 149 
152 153 154 170 172 174 178 184 192 200 201 202 
208 209 217 223 227 233 241 249 252 257 264 267 
276 278 279 286 293 295 296 302 311 313 314 319 
321 323 325 329 331 333 334 335 337 344 347 348 
355 358 364 370 372 374 375 377 382 387 392 397 
400 
122
2 5 6 8 9 11 21 23 27 29 30 31 
33 37 39 42 44 50 51 56 61 63 66 67 
69 71 74 76 79 80 87 88 90 92 94 98 
99 103 111 113 118 123 128 135 136 137 138 141 
144 148 156 159 160 163 164 166 167 169 170 175 
179 182 186 190 198 202 207 210 215 218 222 228 
229 230 232 234 236 239 242 245 249 254 255 256 
262 264 268 272 273 276 288 289 290 293 299 301 
302 304 305 321 323 332 335 337 338 342 352 356 
361 366 368 371 372 375 376 377 380 381 388 389 
390 399 
132
1 3 5 9 18 19 23 26 27 30 33 37 
38 43 44 46 50 52 56 58 62 67 71 73 
74 75 76 77 79 80 91 95 111 113 117 118 
119 120 130 134 137 141 142 145 153 155 160 161 
164 169 172 173 178 180 183 188 190 192 193 198 
208 213 218 220 221 223 225 226 228 229 232 234 
238 241 244 245 246 248 249 250 251 258 262 264 
266 269 271 273 277 280 281 286 287 288 295 302 
304 305 307 309 313 318 319 321 325 327 334 338 
342 343 344 348 358 365 367 369 370 371 372 374 
375 380 381 383 384 387 390 392 393 396 398 400 
126
1 2 10 12 15 16 22 27 28 30 35 36 
44 47 51 54 57 59 60 62 66 67 78 79 
81 87 89 94 97 98 101 105 111 114 125 129 
131 133 134 139 141 145 148 151 157 160 162 165 
166 171 176 177 182 186 188 189 191 192 202 203 
212 214 220 225 230 232 236 237 242 243 247 249 
253 258 270 272 274 275 281 282 284 286 289 291 
294 300 302 305 309 310 313 315 317 324 325 327 
331 332 335 337 341 345 349 350 351 353 356 358 
362 363 364 365 366 368 372 374 376 383 384 386 
388 389 390 391 399 400 
119
4 8 9 10 15 28 29 30 34 47 48 52 
55 56 58 60 68 70 72 73 83 85 87 98 
103 105 108 110 111 116 117 121 124 126 129 130 
131 132 134 138 142 146 148 151 153 155 157 161 
166 168 176 180 184 185 186 189 191 194 198 199 
204 207 210 211 218 220 221 225 229 241 246 252 
253 258 263 267 269 272 281 282 284 286 288 289 
290 291 293 294 297 301 302 303 304 310 313 316 
317 319 320 329 338 341 344 346 347 350 362 364 
368 371 374 378 381 385 386 388 389 393 396 
115
1 2 3 4 8 13 14 18 19 21 22 27 
31 32 36 37 38 40 46 50 57 58 60 66 
71 72 73 81 82 84 94 96 98 99 102 103 
106 107 108 112 113 124 125 130 132 134 139 147 
148 149 153 156 161 163 168 171 172 174 177 181 
185 187 191 194 199 204 205 209 212 217 219 234 
240 253 254 256 264 274 277 281 283 291 292 294 
295 298 306 311 312 315 316 317 320 321 322 324 
328 331 335 336 339 340 341 343 344 347 349 360 
364 369 374 376 377 391 399 
127
2 4 6 9 10 17 21 22 24 25 28 29 
30 33 34 37 45 46 49 52 54 58 59 62 
64 65 66 67 68 69 71 76 81 83 84 89 
91 92 94 101 108 114 119 120 121 122 123 126 
129 135 139 140 141 150 153 157 158 175 178 187 
190 194 195 201 203 204 212 215 216 221 228 234 
238 243 255 256 262 263 269 270 276 278 282 290 
292 293 300 303 304 305 308 312 313 315 318 319 
323 324 326 332 333 335 337 338 339 345 348 352 
356 359 362 363 364 367 368 370 371 374 377 378 
380 385 389 394 395 396 399 
122
5 6 7 8 17 18 21 25 28 38 39 41 
47 51 56 60 62 63 67 68 69 70 75 82 
95 98 99 102 104 106 108 109 115 116 117 119 
121 126 129 130 131 135 136 137 138 141 142 145 
149 154 155 157 169 172 181 187 190 199 202 206 
208 210 217 226 227 229 230 242 244 248 249 255 
261 266 267 271 273 275 276 278 280 283 284 287 
292 293 294 303 306 309 314 319 320 322 324 325 
326 334 335 337 338 339 347 349 350 353 356 359 
362 364 366 367 368 374 375 376 377 379 384 395 
396 399 
108
2 3 8 9 10 11 12 13 15 18 19 32 
36 48 50 52 55 62 64 66 68 70 72 86 
89 102 108 110 111 115 121 128 129 130 132 133 
141 146 151 155 159 165 166 180 194 195 196 198 
202 206 208 209 211 212 215 217 219 224 226 231 
236 237 239 240 241 245 248 253 257 260 263 265 
269 276 278 279 282 293 295 304 305 309 312 314 
316 317 319 321 323 328 333 335 336 339 343 347 
351 353 355 356 357 361 366 367 368 378 380 385 
118
3 4 6 7 8 12 14 15 21 22 26 31 
32 35 36 38 50 54 57 59 64 66 72 75 
80 81 82 83 86 87 89 99 101 104 113 114 
116 123 128 129 138 140 143 144 145 151 152 163 
166 171 175 180 181 184 188 189 193 195 196 199 
201 203 207 210 212 217 221 222 225 226 233 235 
236 237 238 240 241 244 249 250 252 255 256 259 
267 269 270 271 272 273 274 277 279 285 288 292 
294 301 303 306 309 315 319 325 327 329 334 352 
355 358 360 361 364 384 385 391 395 398 
112
8 11 16 17 18 31 34 36 37 40 45 56 
62 66 68 72 74 75 77 79 86 89 90 94 
101 102 108 116 118 119 121 124 126 130 132 136 
140 147 149 150 151 152 159 163 164 166 175 178 
180 182 183 188 190 191 193 196 204 205 207 210 
214 217 222 227 233 239 243 245 250 252 254 257 
263 265 270 272 282 286 288 297 307 310 314 315 
317 318 319 322 323 325 336 338 339 341 345 347 
349 352 353 354 355 357 366 367 370 378 381 385 
386 395 398 400 
115
1 4 5 15 16 20 28 30 31 34 36 38 
41 44 46 51 53 54 59 69 73 80 82 86 
90 93 94 98 99 102 117 121 130 132 134 136 
140 145 146 149 150 154 155 157 164 178 180 187 
190 191 194 197 201 203 206 208 213 217 218 224 
225 231 232 234 238 239 242 243 244 248 251 254 
259 268 270 278 281 283 284 287 289 291 296 297 
298 301 305 309 310 313 316 321 327 331 332 333 
338 340 341 342 343 348 349 350 352 355 360 362 
364 367 377 380 388 394 397 
102
1 3 8 9 11 14 15 16 19 20 27 40 
60 63 65 68 73 74 76 81 85 88 95 96 
107 110 118 121 123 124 130 134 137 138 143 146 
150 151 156 157 158 159 163 172 175 176 191 195 
196 197 198 199 204 206 209 211 217 226 228 230 
234 236 238 243 250 252 260 262 264 269 279 286 
290 292 295 300 301 304 310 311 315 316 317 320 
322 331 333 345 349 351 352 357 364 368 377 378 
380 382 389 391 397 399 
116
1 10 12 18 28 33 47 48 56 58 67 69 
70 72 73 77 78 80 82 86 96 101 103 109 
111 112 119 122 129 130 132 136 137 144 146 147 
151 154 158 165 168 172 175 176 179 181 184 185 
186 187 195 199 200 202 208 210 214 218 223 226 
230 235 236 237 240 244 245 250 253 255 258 260 
261 262 267 269 272 275 285 286 295 299 304 307 
308 310 311 313 315 316 317 324 333 336 337 338 
339 341 344 347 348 349 352 358 360 362 368 371 
378 379 382 385 386 388 392 397 
112
6 7 9 12 14 17 19 25 29 34 36 41 
46 55 63 65 66 69 77 78 82 84 85 87 
90 93 94 96 97 101 104 105 110 120 126 129 
130 132 133 134 137 152 154 155 158 163 165 168 
170 174 180 194 195 197 200 210 222 228 234 236 
245 246 247 250 253 260 261 269 272 275 284 285 
287 289 293 297 298 300 301 303 304 307 310 313 
314 319 322 323 328 331 332 337 338 339 341 342 
343 344 345 350 351 363 368 372 373 378 384 385 
386 389 390 399 
116
2 6 7 8 9 10 18 21 22 25 26 27 
29 33 35 36 37 38 40 42 44 49 53 58 
59 63 66 67 80 82 87 88 93 95 96 105 
113 116 119 121 127 132 133 135 142 143 148 151 
155 156 158 159 161 166 168 174 176 187 188 190 
191 192 194 195 204 210 213 214 215 218 221 222 
235 243 245 246 249 258 264 268 270 273 276 277 
278 280 281 286 287 291 292 294 296 298 304 308 
310 316 317 321 322 327 333 335 343 344 349 356 
357 358 363 373 383 387 393 395 
113
4 6 8 22 24 26 35 41 51 55 57 59 
62 69 70 71 73 74 76 85 86 91 94 96 
101 107 115 119 121 122 127 130 132 136 149 152 
154 158 161 162 163 165 168 171 179 182 184 185 
187 191 198 199 200 204 206 212 218 227 231 234 
236 238 240 242 250 252 255 256 257 258 265 273 
274 275 281 286 294 298 300 302 304 309 310 311 
312 315 319 325 326 329 332 343 345 346 347 352 
353 354 360 363 366 368 374 376 379 385 390 391 
393 396 397 398 400 
120
4 5 12 15 16 18 28 34 36 46 51 54 
61 65 66 70 72 79 85 89 91 92 93 97 
98 101 102 103 107 110 115 122 124 128 132 138 
140 142 147 148 149 156 160 163 168 170 171 172 
174 177 179 180 182 185 191 192 193 194 197 201 
205 206 207 209 210 214 215 216 217 221 224 225 
228 231 232 237 239 241 248 249 253 255 258 259 
260 265 267 269 275 276 278 279 281 287 291 293 
294 296 299 300 301 305 308 314 320 322 331 349 
350 351 358 361 369 371 372 376 382 390 391 398 
118
3 5 9 16 22 23 32 34 35 36 39 42 
49 51 54 59 60 61 62 63 66 75 76 80 
82 84 89 102 105 108 109 115 116 121 124 127 
128 130 131 137 142 143 146 149 153 154 156 159 
160 161 167 171 172 174 185 186 189 192 194 198 
202 203 204 206 214 215 217 222 224 225 228 239 
244 249 251 257 262 263 265 269 271 272 273 274 
275 282 290 293 294 295 298 300 312 313 314 315 
317 319 323 330 332 336 340 342 345 357 358 363 
371 372 378 382 389 390 392 393 395 396 
121
1 2 3 11 14 15 19 20 24 25 27 33 
40 41 47 51 54 55 59 65 67 70 77 81 
82 84 87 96 97 98 99 101 106 108 116 117 
119 120 125 127 130 133 140 146 153 156 157 159 
161 162 163 169 171 173 174 175 176 178 180 182 
183 188 190 192 198 199 207 210 211 213 215 218 
219 220 231 235 242 248 256 257 264 266 267 269 
270 274 277 279 281 282 284 288 301 302 312 316 
321 323 325 328 330 332 333 335 340 342 345 348 
349 353 360 361 362 378 385 386 388 389 393 395 
400 
113
4 13 23 26 29 31 34 35 37 44 46 49 
58 60 64 72 76 77 78 80 81 82 83 86 
90 91 100 108 109 110 112 115 120 121 126 127 
129 137 141 152 154 156 157 160 161 167 172 181 
185 187 192 199 201 211 212 214 219 220 226 230 
233 238 242 243 247 248 250 256 258 267 271 276 
278 280 282 283 284 285 287 293 297 302 303 305 
308 311 312 313 315 316 318 324 331 335 340 342 
351 352 353 354 356 357 364 365 371 377 383 385 
386 387 396 397 400 
103
6 7 8 9 10 14 20 24 33 38 55 70 
74 75 80 81 87 93 97 105 109 115 119 122 
126 127 132 135 138 139 141 143 165 168 169 170 
173 179 184 185 190 193 198 204 205 206 207 211 
213 217 218 228 232 236 238 239 240 243 244 250 
254 257 259 265 266 271 284 289 294 297 301 305 
308 310 314 317 325 327 330 334 335 336 337 338 
340 346 353 359 361 362 363 364 367 368 371 375 
377 381 386 389 391 393 394 
116
1 2 3 8 10 14 23 24 27 30 36 38 
40 47 49 53 57 58 65 67 73 75 79 80 
81 92 93 96 104 105 106 112 114 115 117 121 
122 123 125 129 131 138 148 152 153 156 157 158 
161 164 168 171 173 175 177 179 182 186 187 188 
192 202 208 214 219 224 227 240 243 245 250 251 
255 257 261 264 269 271 272 282 286 288 289 290 
291 294 298 304 308 316 320 321 324 327 328 333 
335 338 339 341 345 349 352 356 362 365 368 371 
376 381 385 388 389 391 392 397 
117
7 9 11 12 16 19 23 25 32 33 34 36 
37 38 40 46 53 58 61 63 65 68 69 74 
77 78 79 81 83 84 86 87 91 94 95 96 
97 101 103 104 105 108 112 119 120 123 125 126 
127 130 132 133 141 146 147 148 155 157 161 164 
168 169 172 178 179 181 186 195 198 207 220 222 
226 237 239 258 263 264 265 268 269 271 276 278 
282 285 286 290 294 298 299 302 306 307 309 319 
320 321 322 323 325 329 340 343 344 352 363 364 
370 375 376 384 387 389 391 395 399 
127
2 4 7 8 14 22 23 28 29 30 36 40 
41 48 50 54 59 60 62 65 66 72 74 75 
77 80 84 86 93 94 96 97 109 110 111 113 
119 125 126 127 132 134 136 137 139 140 142 143 
144 147 149 150 151 154 156 158 164 169 182 183 
190 194 197 204 206 212 213 225 226 228 231 232 
235 245 248 253 256 258 272 274 278 282 283 284 
285 286 288 290 293 294 295 296 298 299 304 305 
309 312 318 319 322 325 329 332 335 337 338 343 
344 345 346 350 357 358 360 364 366 370 374 376 
377 381 382 383 386 394 399 
119
5 6 11 21 25 29 31 34 36 37 42 47 
54 62 63 64 66 72 73 77 79 83 89 91 
92 93 97 100 104 105 106 107 116 124 131 143 
144 147 148 149 154 159 168 179 180 183 189 190 
191 193 194 196 199 201 202 206 209 210 215 216 
217 223 229 231 232 237 240 244 252 255 256 259 
271 274 276 277 281 284 288 294 301 302 303 304 
308 310 311 313 317 321 322 324 328 329 330 333 
335 337 342 344 347 351 353 354 355 356 365 367 
368 370 371 380 384 387 392 393 395 399 400 
101
3 12 13 16 17 28 29 31 34 35 36 37 
43 49 50 54 56 68 71 78 84 87 88 96 
103 107 110 114 132 134 141 142 144 145 151 155 
157 158 159 161 162 164 168 174 186 189 198 205 
208 209 215 217 219 224 226 235 249 250 257 258 
262 263 265 270 275 276 277 279 280 283 290 291 
298 299 300 309 310 311 321 322 323 324 327 330 
336 339 349 355 357 360 367 368 374 376 381 384 
385 389 397 399 400 
113
13 17 19 27 32 33 42 44 46 47 49 50 
51 54 57 64 66 69 71 72 77 84 88 93 
95 104 111 115 116 118 119 122 125 126 133 134 
139 151 153 157 159 165 172 175 180 184 185 188 
189 191 195 199 200 205 206 211 215 221 222 227 
232 233 234 236 239 251 252 257 263 270 274 275 
276 278 280 282 283 286 288 289 291 292 296 297 
298 300 307 314 316 319 328 334 338 339 343 347 
349 351 354 355 356 362 364 367 370 374 375 376 
384 387 388 389 394 
116
5 8 9 10 13 20 23 24 25 29 31 32 
36 37 38 40 46 51 55 57 60 61 62 65 
66 70 75 76 84 85 88 89 94 102 104 109 
115 120 123 129 132 133 135 140 148 150 152 154 
155 157 158 160 161 166 169 172 173 178 183 185 
190 191 192 193 202 205 208 211 212 221 222 223 
224 239 242 245 254 259 270 284 288 290 292 295 
301 304 312 316 321 325 340 342 344 346 348 351 
354 355 356 358 359 367 368 372 374 375 378 379 
382 384 389 390 395 396 397 399 
118
9 12 17 23 29 30 37 38 39 41 42 45 
47 53 54 56 61 65 66 68 69 70 71 75 
76 78 79 80 82 87 88 91 106 107 108 111 
116 118 120 123 124 125 126 127 129 136 138 142 
145 149 161 162 164 168 171 175 181 183 186 190 
191 195 196 201 206 207 212 214 216 222 223 227 
231 234 238 243 244 254 262 265 267 269 271 272 
277 279 282 283 284 287 289 293 296 305 307 308 
311 314 325 326 329 334 336 337 345 349 351 358 
360 366 368 375 385 390 392 395 397 400 
122
1 13 14 25 26 30 31 36 43 44 45 47 
48 59 68 69 70 73 76 82 86 93 94 100 
101 108 109 111 113 116 117 124 127 132 135 138 
139 142 148 154 156 157 160 166 175 178 179 180 
183 186 189 191 194 198 205 207 208 211 215 218 
220 225 229 230 233 235 238 240 244 246 247 248 
251 253 254 261 265 268 272 273 274 278 282 283 
285 286 294 295 298 300 305 314 320 322 332 340 
343 344 345 347 348 349 350 358 365 370 371 373 
378 379 380 384 386 387 389 390 391 395 396 397 
399 400 
109
8 14 16 18 19 26 29 34 35 40 41 51 
53 57 61 64 81 82 83 84 88 97 98 100 
104 105 107 110 113 114 117 120 122 123 129 135 
136 151 154 156 163 167 170 175 179 183 184 189 
197 203 205 206 207 209 210 212 214 215 218 224 
226 233 234 235 237 244 245 250 253 255 257 268 
269 271 273 277 284 290 291 294 296 298 299 311 
314 317 318 320 322 324 325 327 330 331 340 341 
342 345 349 353 361 363 367 369 370 386 395 396 
399 
119
1 3 4 5 20 23 26 27 28 31 37 42 
47 48 55 56 76 80 82 86 88 92 97 98 
99 100 104 105 107 111 113 115 117 120 134 135 
136 140 144 146 151 157 160 164 167 168 170 172 
175 178 179 195 199 204 205 212 215 216 218 219 
222 227 228 229 231 240 241 242 243 245 248 251 
260 261 264 267 272 273 275 278 281 291 292 296 
297 302 305 317 318 330 332 333 334 336 337 338 
343 344 346 347 350 351 354 355 359 363 368 369 
370 371 373 374 375 381 384 386 389 391 394 
112
7 9 13 15 21 23 24 26 27 31 40 45 
46 47 57 60 64 66 67 69 70 72 78 80 
85 89 94 97 101 104 109 110 111 115 121 122 
127 129 133 136 139 144 152 153 155 158 164 169 
170 173 175 178 181 182 183 186 187 189 194 200 
201 203 205 207 208 217 218 226 234 235 236 240 
254 255 257 258 259 260 261 263 274 279 287 288 
291 294 298 303 304 306 307 309 314 317 324 327 
331 332 335 346 365 369 370 376 378 380 384 386 
388 393 395 398 
125
2 11 16 19 22 23 24 25 28 29 32 33 
36 39 40 41 42 43 44 45 47 48 50 55 
57 62 68 69 72 74 82 85 86 87 88 92 
93 95 99 100 102 105 108 109 115 116 117 118 
122 133 137 150 159 162 167 171 172 174 178 181 
182 189 191 192 199 203 204 210 214 219 222 230 
231 241 244 247 250 251 252 253 254 258 260 264 
266 269 270 272 273 275 276 279 282 284 285 286 
288 293 295 297 298 303 304 308 314 320 329 331 
332 345 349 352 353 357 359 360 361 365 369 376 
380 382 384 391 392 
120
1 8 9 22 23 24 26 29 31 33 36 37 
39 44 46 47 51 53 56 57 58 61 65 67 
73 75 78 80 82 87 90 91 94 95 97 98 
99 107 111 113 115 118 121 125 127 137 147 150 
154 157 158 159 163 168 170 174 177 180 181 185 
186 190 193 195 196 201 209 213 216 217 220 221 
222 232 244 250 251 253 254 257 258 259 264 269 
274 282 285 289 292 295 299 300 308 309 312 320 
323 330 333 334 341 346 347 350 354 357 360 363 
366 369 370 372 373 375 377 382 383 386 392 397 
130
1 2 3 12 14 15 17 18 19 21 22 23 
25 31 32 35 37 38 39 40 42 44 47 52 
58 60 67 69 70 74 75 77 78 86 87 90 
93 99 112 117 119 120 130 132 134 135 136 140 
145 148 149 150 155 157 159 162 164 165 174 178 
180 181 182 184 188 191 192 194 202 203 206 207 
208 209 215 216 217 218 220 223 233 236 240 245 
253 258 260 261 262 265 266 267 269 274 276 282 
292 296 303 304 308 310 318 319 320 324 326 329 
332 334 337 344 349 350 352 364 365 367 371 372 
374 375 379 388 390 392 394 397 399 400 
132
1 5 6 7 8 10 14 16 17 22 23 24 
26 27 29 30 36 49 54 56 61 62 66 68 
72 74 76 78 88 89 90 91 96 98 101 105 
107 110 112 113 116 117 125 126 127 128 129 130 
137 139 141 156 158 166 168 172 176 177 179 182 
184 185 193 195 204 205 209 210 211 216 217 219 
224 227 231 232 233 235 237 238 241 242 244 245 
249 252 254 255 256 261 262 265 268 269 273 274 
279 281 286 287 288 294 295 298 299 302 304 306 
316 318 327 328 332 336 340 343 347 351 352 356 
359 366 378 380 381 387 390 393 394 396 397 400 
124
8 9 12 14 18 24 27 28 30 31 37 39 
42 45 62 64 66 72 74 77 79 82 83 84 
86 91 92 99 101 102 105 109 115 117 119 121 
128 129 131 136 137 139 146 147 150 153 158 159 
168 175 177 178 190 191 194 196 197 202 203 204 
205 209 210 213 214 216 219 221 223 224 239 240 
241 248 253 265 269 280 283 284 285 289 290 291 
295 297 305 306 311 320 321 323 324 326 328 330 
331 334 335 337 339 340 343 345 346 347 350 356 
358 359 360 361 362 363 368 370 372 375 376 379 
380 381 382 390 
137
4 5 6 7 8 9 11 15 19 28 31 36 
37 46 64 65 66 68 73 75 80 81 85 97 
98 99 101 103 104 107 108 109 110 111 117 120 
124 127 129 132 138 141 143 145 146 147 148 149 
154 155 157 158 164 169 170 172 173 177 180 182 
185 186 187 191 195 200 203 207 208 214 215 217 
218 222 227 228 229 233 235 242 246 247 248 251 
253 256 263 268 269 275 276 277 278 280 282 285 
286 287 288 294 295 297 299 300 301 303 304 307 
310 312 314 320 322 325 328 329 330 331 335 338 
339 340 342 347 349 355 359 361 362 368 373 375 
380 382 383 399 400 
142
1 4 10 11 13 15 16 18 19 25 36 39 
40 41 42 44 45 50 54 64 70 74 77 86 
88 90 92 93 95 97 99 102 108 109 110 119 
123 127 129 130 131 132 134 135 136 138 144 147 
148 149 152 156 159 163 166 168 169 171 174 176 
178 180 183 185 188 189 191 192 199 201 203 204 
208 209 211 213 217 218 219 223 225 226 227 229 
230 231 232 233 234 240 242 246 251 253 254 259 
261 266 267 269 273 276 286 287 288 289 293 296 
299 300 305 307 308 309 317 323 325 327 339 340 
343 346 353 354 363 365 369 371 372 374 376 378 
379 380 381 383 387 388 389 390 395 399 
126
2 3 8 9 10 11 15 17 19 22 23 26 
28 34 36 43 47 48 58 63 68 71 72 73 
74 75 77 78 81 82 83 86 88 98 100 101 
103 104 105 108 109 110 112 114 115 117 122 124 
130 134 135 137 139 144 145 147 149 152 165 168 
172 174 177 178 179 182 184 187 189 206 211 212 
216 219 221 224 225 238 240 242 244 251 257 262 
264 265 268 269 271 282 290 292 293 299 300 301 
305 309 311 315 316 318 320 322 330 339 341 343 
348 349 351 352 355 356 361 363 364 368 372 378 
380 383 385 388 394 400 
135
1 2 3 5 10 12 15 31 32 37 39 41 
44 49 51 56 57 58 60 63 68 69 70 71 
72 80 91 92 93 95 97 99 119 120 121 122 
123 125 127 128 135 141 147 148 151 152 156 157 
158 161 163 169 171 175 180 183 186 192 194 195 
199 200 206 207 209 215 219 222 227 229 230 232 
239 240 241 242 244 252 255 257 259 260 263 265 
266 268 270 271 272 274 275 277 278 280 282 285 
287 288 289 292 294 298 299 314 317 319 329 333 
334 342 343 349 351 352 353 355 357 362 364 365 
369 370 371 374 376 377 378 380 382 386 387 393 
394 396 399 
139
1 2 3 4 10 15 17 19 28 31 36 37 
42 46 47 48 52 58 65 70 74 76 77 80 
81 82 84 86 88 89 94 95 98 100 112 117 
119 123 124 126 129 130 141 144 145 154 155 156 
159 160 161 162 163 164 168 174 175 178 181 184 
185 190 193 198 202 203 205 206 208 209 210 211 
212 214 216 219 225 233 234 237 241 243 244 248 
253 255 257 261 262 264 267 273 278 280 282 287 
291 293 295 296 297 301 309 310 311 318 319 322 
324 329 330 334 335 337 339 340 341 344 347 349 
350 351 355 356 360 364 367 371 372 374 375 378 
380 384 386 394 395 397 400 
118
4 6 21 25 28 39 43 46 50 52 55 60 
65 66 68 74 80 82 84 86 92 99 100 101 
102 107 109 110 118 125 133 135 144 149 151 152 
155 156 159 166 169 177 178 184 185 186 187 188 
189 192 193 195 199 204 205 206 207 213 214 220 
221 224 226 227 228 240 242 247 252 253 254 257 
259 260 264 266 267 273 274 278 280 289 292 295 
300 301 302 307 309 311 314 320 322 323 324 328 
337 339 342 343 346 348 350 351 355 359 360 361 
363 365 366 367 369 374 376 377 386 394 
107
5 7 8 10 11 14 15 17 25 28 34 50 
52 53 58 61 68 73 75 81 82 83 85 91 
101 104 107 118 119 121 128 130 132 137 138 144 
149 150 155 164 173 175 177 180 181 184 188 189 
190 192 195 198 201 202 203 205 207 208 209 211 
218 226 240 242 246 248 252 254 260 265 275 278 
281 289 297 300 302 309 312 314 320 322 326 331 
337 340 341 342 347 354 359 361 363 366 367 374 
380 381 382 384 385 386 388 390 393 397 399 
126
1 5 10 16 18 27 30 35 37 38 42 46 
48 49 51 53 54 55 61 63 65 67 76 78 
82 83 91 94 95 96 100 108 109 110 111 116 
118 124 127 131 134 136 137 140 142 143 144 154 
155 165 167 168 169 176 178 186 190 192 196 199 
200 202 204 205 206 208 210 212 215 218 227 229 
235 236 240 242 246 249 259 260 262 264 265 270 
274 275 276 279 283 284 286 290 291 294 295 296 
297 301 302 305 313 327 332 334 335 340 344 345 
346 347 351 357 359 360 366 369 371 374 381 384 
385 392 395 396 398 399 
125
1 2 4 5 6 9 13 16 18 20 22 23 
26 28 32 35 36 40 47 48 51 61 62 65 
72 75 82 83 88 89 90 91 92 94 101 102 
105 111 112 113 114 120 122 129 131 132 134 137 
140 143 149 151 154 162 163 164 170 171 174 175 
182 200 201 202 204 207 209 212 215 216 223 224 
225 237 238 246 247 253 254 257 258 262 263 265 
266 268 272 276 282 283 284 285 286 289 299 302 
306 308 310 311 314 316 318 323 324 329 330 339 
341 344 346 353 356 370 371 372 373 374 376 381 
382 390 392 393 400 
125
1 3 10 13 14 16 19 33 39 45 49 54 
55 58 61 62 63 65 66 67 72 75 76 77 
82 84 93 101 103 114 116 120 122 124 129 131 
137 140 141 142 143 144 148 152 154 159 161 165 
166 168 169 170 172 173 174 177 181 189 193 195 
196 198 200 201 204 211 213 216 217 218 221 222 
223 227 228 229 230 244 256 258 261 262 270 271 
274 282 284 290 294 295 297 300 314 315 318 320 
322 323 327 332 336 338 345 346 347 350 352 354 
358 360 362 368 369 376 380 382 384 385 386 388 
394 395 396 397 398 
115
9 13 18 19 24 25 29 34 35 43 46 48 
53 60 63 65 66 67 68 71 72 87 89 92 
106 108 109 111 117 119 128 131 133 140 142 143 
145 146 151 160 163 165 167 170 173 176 179 187 
189 194 197 217 218 219 220 222 223 227 229 232 
235 237 240 242 243 244 245 247 251 252 253 254 
260 263 265 266 267 269 275 281 282 285 286 289 
292 297 298 307 309 311 314 320 326 327 328 332 
339 342 344 345 346 352 356 358 365 370 373 376 
381 385 386 389 390 399 400 
129
2 9 10 15 17 21 22 23 31 32 34 36 
38 45 46 50 53 54 56 57 58 59 61 67 
73 78 79 81 83 84 85 89 91 94 95 97 
105 106 111 112 115 128 129 130 132 133 135 136 
144 145 146 148 151 152 158 162 164 169 173 179 
186 187 188 190 193 196 202 204 209 210 211 214 
217 221 222 225 226 228 229 234 236 238 239 240 
242 254 256 258 267 269 270 271 272 278 279 282 
285 286 287 300 301 303 306 312 313 316 319 324 
327 328 329 333 336 338 341 344 349 352 353 359 
362 364 365 371 380 385 386 394 397 
118
1 2 15 16 20 23 30 38 40 41 42 44 
45 47 48 50 54 55 61 66 70 72 78 81 
90 94 106 108 111 112 113 114 116 121 124 125 
127 128 130 133 138 139 142 147 151 154 155 158 
159 160 162 165 169 172 182 184 188 190 194 198 
200 202 210 212 213 216 221 223 227 232 236 238 
240 242 248 249 251 253 259 261 262 263 264 265 
266 267 269 270 272 274 276 277 289 292 297 301 
302 303 307 308 310 320 326 329 332 343 348 349 
354 368 376 377 378 383 385 389 393 396 
120
4 6 7 11 22 32 33 34 39 40 41 51 
55 64 69 70 71 81 82 89 93 95 98 99 
100 104 105 106 107 110 111 114 115 116 119 121 
122 123 125 130 134 136 137 139 140 141 143 150 
154 155 165 166 173 175 180 184 186 192 194 197 
201 203 206 215 216 217 220 221 222 229 233 235 
240 242 243 251 255 257 260 261 267 269 278 280 
282 289 293 294 302 306 307 315 316 320 324 325 
326 329 333 338 339 344 353 354 356 360 361 363 
364 367 369 378 379 385 392 393 394 395 396 397 
124
5 7 8 10 13 17 19 21 22 23 24 26 
27 30 31 33 35 40 41 43 46 48 49 50 
52 64 65 68 77 81 85 87 88 90 91 92 
100 101 103 104 111 113 114 116 122 124 130 132 
135 139 141 143 145 150 152 157 159 161 168 179 
182 187 188 190 191 200 202 207 210 211 213 214 
216 218 219 220 224 228 229 232 236 241 244 245 
246 252 254 255 258 261 270 272 273 277 283 285 
286 287 289 291 294 296 310 322 326 328 333 340 
341 343 345 349 350 353 355 358 369 371 373 374 
379 387 397 400 
130
1 2 3 4 6 14 21 23 26 28 29 30 
34 36 40 41 42 50 54 55 56 57 62 75 
79 81 84 85 86 93 107 108 109 118 119 120 
122 127 128 130 133 134 137 139 141 142 143 154 
158 167 170 171 173 181 182 189 190 191 200 207 
208 210 211 218 222 223 224 230 232 233 235 239 
240 245 249 251 254 262 264 266 267 270 273 277 
280 284 285 289 290 296 302 303 309 310 311 314 
315 320 327 338 340 342 343 346 349 350 352 354 
356 357 361 363 364 365 367 368 371 372 376 378 
379 381 383 384 385 388 392 395 399 400 
108
1 2 3 9 10 15 17 23 25 30 33 36 
37 41 43 44 45 48 51 53 55 68 69 77 
80 87 88 98 100 103 104 111 113 114 115 120 
122 125 128 130 131 133 142 150 152 157 158 174 
178 179 180 190 191 192 194 195 200 202 205 209 
210 212 216 221 222 225 228 231 237 239 242 243 
245 247 256 257 260 263 267 268 269 272 280 282 
283 284 293 294 296 299 300 303 305 310 313 314 
315 321 322 329 337 344 345 348 351 352 390 395 
108
4 5 7 10 12 13 16 18 20 21 24 30 
33 36 37 39 47 51 60 65 66 69 76 83 
86 92 95 99 102 106 107 108 110 113 114 115 
117 120 123 126 128 129 133 135 137 146 151 156 
159 165 168 171 178 180 181 201 202 204 207 208 
209 210 212 216 219 222 223 226 227 228 229 231 
237 239 242 246 272 276 277 282 283 291 294 295 
296 309 310 312 315 322 325 332 336 340 348 361 
362 368 369 372 374 376 377 382 387 390 393 398 
112
5 12 15 17 25 27 29 30 32 33 34 37 
40 43 44 51 54 65 66 67 71 75 85 86 
89 91 96 97 103 105 106 108 111 112 123 124 
132 133 135 137 138 139 145 146 148 149 159 169 
170 172 176 177 180 181 186 187 210 213 220 221 
223 226 228 229 234 240 243 244 245 247 254 259 
268 272 284 290 291 293 297 303 306 308 313 316 
318 319 322 323 328 329 336 342 343 344 347 351 
353 358 361 362 365 370 373 380 383 387 388 389 
394 395 397 400 
106
12 20 22 24 30 34 35 36 41 43 49 50 
64 68 74 75 76 79 80 90 94 95 99 103 
110 115 116 119 121 124 125 128 132 134 146 149 
152 153 157 159 187 189 194 196 208 218 222 224 
225 231 232 233 236 238 245 249 255 258 262 264 
266 270 271 285 288 293 296 301 303 304 308 315 
316 317 318 323 335 336 338 340 345 347 350 351 
352 354 355 361 362 363 365 370 371 372 373 376 
377 379 383 384 386 393 396 397 398 399 
118
6 11 12 14 17 26 28 30 31 33 35 36 
40 52 54 58 66 78 80 82 86 88 91 92 
94 95 98 100 104 110 115 117 120 121 126 128 
131 135 137 150 153 159 162 163 164 169 172 175 
178 179 180 183 187 188 190 191 193 205 207 208 
209 210 213 215 218 220 223 224 225 227 231 233 
234 244 249 250 256 260 262 272 273 275 276 283 
285 291 294 295 297 301 302 303 311 316 321 324 
328 329 331 333 337 338 339 346 347 351 356 357 
359 361 364 365 366 369 375 382 397 398 
130
1 4 8 10 11 21 22 24 25 26 28 40 
41 46 49 54 56 57 64 67 69 71 76 77 
79 80 82 90 91 101 103 105 108 109 116 117 
118 122 124 134 136 147 148 151 152 153 155 156 
157 164 165 166 167 168 169 175 176 183 186 187 
188 189 198 200 201 203 214 215 217 218 220 221 
222 224 227 234 236 240 241 242 247 249 250 251 
252 263 264 266 273 277 281 285 287 291 292 293 
294 299 304 312 314 315 320 321 323 327 329 334 
337 338 339 342 344 345 347 350 358 366 367 368 
371 374 375 378 383 385 388 389 391 400 
127
4 5 9 13 14 15 17 21 22 23 24 25 
26 39 40 41 44 48 49 50 53 58 60 61 
63 69 70 71 83 85 87 88 89 94 99 100 
103 104 105 106 113 117 121 123 124 129 137 139 
150 156 159 160 161 173 180 181 182 185 188 191 
192 195 196 197 207 213 216 219 234 235 239 249 
252 253 255 258 262 265 267 268 271 274 277 283 
286 291 292 295 296 297 299 304 309 312 314 315 
316 318 319 324 326 330 334 341 343 344 349 358 
359 361 362 364 366 370 371 374 376 377 379 380 
381 382 384 387 388 396 398 
