200 400
1 1 1 1 1 1 1 1 1 1 1 1 
1 1 1 1 1 1 1 1 1 1 1 1 
1 1 1 1 1 1 1 1 1 1 1 1 
1 1 1 1 1 1 1 1 1 1 1 1 
1 1 1 1 1 1 1 1 1 1 1 1 
1 1 1 1 1 1 1 1 1 1 1 1 
1 1 1 1 1 1 1 1 1 1 1 1 
1 1 1 1 1 1 1 1 1 1 1 1 
1 1 1 1 1 1 1 1 1 1 1 1 
1 1 1 1 1 1 1 1 1 1 1 1 
1 1 1 1 1 1 1 1 1 1 1 1 
1 1 1 1 1 1 1 1 1 1 1 1 
1 1 1 1 1 1 1 1 1 1 1 1 
1 1 1 1 1 1 1 1 1 1 1 1 
1 1 1 1 1 1 1 1 1 1 1 1 
1 1 1 1 1 1 1 1 1 1 1 1 
1 1 1 1 1 1 1 1 1 1 1 1 
1 1 1 1 1 1 1 1 1 1 1 1 
1 1 1 1 1 1 1 1 1 1 1 1 
1 1 1 1 1 1 1 1 1 1 1 1 
1 1 1 1 1 1 1 1 1 1 1 1 
1 1 1 1 1 1 1 1 1 1 1 1 
1 1 1 1 1 1 1 1 1 1 1 1 
1 1 1 1 1 1 1 1 1 1 1 1 
1 1 1 1 1 1 1 1 1 1 1 1 
1 1 1 1 1 1 1 1 1 1 1 1 
1 1 1 1 1 1 1 1 1 1 1 1 
1 1 1 1 1 1 1 1 1 1 1 1 
1 1 1 1 1 1 1 1 1 1 1 1 
1 1 1 1 1 1 1 1 1 1 1 1 
1 1 1 1 1 1 1 1 1 1 1 1 
1 1 1 1 1 1 1 1 1 1 1 1 
1 1 1 1 1 1 1 1 1 1 1 1 
1 1 1 1 
115
3 6 8 11 19 20 27 36 37 42 45 46 
48 49 50 51 53 54 57 68 69 70 71 72 
76 79 80 87 88 93 103 104 105 106 108 116 
124 125 129 131 135 143 144 145 151 153 155 167 
168 171 177 179 182 191 193 194 197 200 203 204 
206 207 209 210 213 218 220 221 225 227 228 229 
238 239 241 243 247 251 252 257 263 265 277 279 
283 285 289 290 293 297 302 307 308 310 311 312 
321 327 329 332 336 344 347 349 353 356 358 359 
360 367 368 381 384 387 392 
117
1 2 11 12 13 15 19 20 27 38 41 44 
50 51 53 54 56 67 69 70 73 77 78 82 
85 87 89 90 92 93 106 111 115 119 124 128 
129 131 134 135 136 137 144 146 147 148 155 161 
165 175 178 184 186 189 191 193 199 207 210 211 
212 216 217 220 221 222 223 233 236 238 240 246 
250 259 260 261 264 267 273 274 275 280 281 286 
292 294 295 296 297 300 302 305 307 308 311 313 
315 319 324 341 346 347 352 357 360 361 362 367 
371 373 374 375 376 379 388 389 394 
130
1 4 13 14 15 21 24 25 26 32 34 36 
37 39 41 45 47 48 50 51 54 55 60 61 
63 67 68 73 75 76 79 81 82 85 89 91 
93 94 96 100 105 108 111 112 115 119 120 122 
124 125 128 129 133 138 146 147 148 149 152 154 
156 159 164 169 171 173 174 177 187 188 192 193 
194 197 198 203 204 205 206 207 208 212 220 226 
233 237 239 240 244 246 247 253 255 258 260 268 
274 275 280 283 284 292 295 306 308 316 317 318 
324 333 335 338 340 341 348 351 358 371 373 376 
380 383 384 387 391 392 395 397 398 400 
115
1 2 4 6 11 16 17 22 23 26 27 30 
32 35 36 38 39 40 41 44 47 54 58 61 
62 70 75 76 78 85 87 90 99 103 105 106 
112 115 119 123 125 133 134 139 142 145 146 151 
152 160 162 164 165 166 182 186 187 195 197 198 
209 212 220 227 229 231 233 237 243 246 247 251 
252 256 259 264 275 276 279 283 288 291 299 302 
305 309 313 314 319 330 332 333 334 335 337 339 
345 347 348 354 357 361 362 364 365 366 371 372 
382 384 391 392 396 397 400 
110
3 4 5 8 12 13 16 20 23 24 30 35 
42 45 53 59 64 71 72 78 79 80 84 85 
87 100 115 118 121 124 125 127 131 138 139 150 
156 161 163 167 168 169 173 174 176 177 178 179 
187 190 199 206 211 213 215 218 220 224 226 231 
232 233 235 249 252 257 262 266 268 275 276 283 
287 290 291 294 299 302 304 312 314 319 320 322 
325 330 334 336 339 342 345 347 349 350 355 357 
358 361 366 367 371 372 374 375 377 384 393 395 
397 398 
113
6 8 9 11 12 13 15 26 35 37 42 43 
46 47 49 58 61 62 64 65 70 73 77 80 
81 82 83 86 87 95 96 101 103 104 105 111 
112 116 118 124 126 128 131 134 141 145 154 156 
166 167 171 175 176 178 186 188 192 193 197 201 
206 212 213 216 219 230 231 236 240 241 244 246 
247 248 250 251 254 264 265 268 271 274 276 281 
294 296 299 300 303 307 308 312 317 331 336 340 
347 348 349 351 352 354 361 365 369 380 381 382 
384 390 391 393 395 
124
14 22 24 28 33 34 42 44 46 56 62 63 
64 71 72 73 77 80 85 86 87 89 90 91 
93 97 98 102 104 105 106 114 117 120 127 133 
140 141 146 147 164 166 169 170 173 176 181 182 
183 188 190 192 196 199 201 202 205 207 208 217 
218 222 223 224 227 228 229 234 236 238 241 243 
244 246 248 251 253 258 267 271 272 273 275 283 
285 286 292 296 297 299 300 310 317 320 325 327 
328 329 331 334 335 343 344 347 355 356 362 367 
370 372 374 376 377 378 381 382 385 386 387 390 
391 392 394 395 
120
6 11 24 26 30 33 34 39 40 41 43 50 
51 54 63 65 66 72 75 76 79 81 86 87 
88 90 94 98 102 107 110 116 118 119 120 124 
126 128 129 131 132 134 135 139 144 147 149 153 
157 158 161 163 168 170 178 180 182 185 189 196 
199 201 203 207 208 211 223 229 230 234 235 244 
250 254 255 258 260 261 263 268 271 273 274 276 
279 280 281 283 286 290 294 297 301 302 305 308 
310 311 313 315 324 326 329 336 343 346 348 352 
358 360 367 369 370 373 379 382 387 388 390 398 
135
2 3 4 5 7 8 9 10 12 16 18 23 
26 27 28 30 34 36 40 42 45 49 57 64 
65 67 71 72 74 75 80 81 91 95 100 102 
103 106 107 108 109 116 118 121 129 131 133 134 
135 138 144 146 148 149 152 165 173 175 176 177 
179 184 190 196 199 201 202 203 205 207 208 210 
212 216 217 218 220 224 225 229 231 236 237 245 
248 251 256 258 259 260 261 264 268 270 271 272 
275 279 283 284 285 289 290 295 304 310 311 313 
315 318 322 324 325 329 331 333 336 342 345 348 
354 360 361 362 367 375 377 378 380 382 384 391 
394 395 397 
124
9 12 18 19 22 27 39 40 41 43 47 48 
49 55 61 64 66 69 78 83 84 86 87 96 
97 103 104 107 111 113 114 116 119 125 128 135 
136 141 143 149 151 156 157 158 161 162 165 166 
168 172 176 182 184 185 188 189 190 192 195 205 
207 208 209 213 218 219 223 225 227 228 229 231 
234 241 243 244 245 247 248 249 250 252 256 262 
263 265 267 269 273 276 284 286 291 297 302 308 
309 318 320 322 323 324 326 334 336 341 343 346 
348 357 360 361 364 372 375 378 380 381 384 387 
390 394 398 400 
126
3 7 8 11 14 17 19 20 26 28 32 34 
42 45 46 48 51 53 59 60 61 62 63 68 
70 75 83 84 87 90 91 94 95 96 98 100 
101 102 103 111 112 115 116 119 121 132 137 139 
146 148 149 150 153 156 162 163 168 169 170 171 
173 174 175 176 177 189 197 202 203 205 207 212 
215 216 217 218 221 224 229 230 232 235 243 246 
249 250 255 258 260 264 265 266 272 274 282 283 
284 286 287 288 295 299 301 307 309 310 317 321 
322 328 329 333 335 342 345 348 349 359 360 361 
377 382 383 387 390 394 
104
4 5 7 8 14 18 20 21 23 24 25 26 
29 41 42 45 48 49 51 62 65 66 70 73 
74 78 79 87 88 90 95 97 99 102 104 112 
118 120 122 130 133 147 157 159 160 161 164 165 
167 170 177 183 185 195 206 211 213 221 222 223 
238 241 242 246 247 253 254 260 263 266 269 276 
281 292 293 297 302 311 313 315 317 321 322 325 
331 335 337 343 345 346 350 354 356 357 365 369 
370 371 373 374 379 386 393 397 
143
6 9 11 14 15 19 20 21 23 25 30 37 
39 41 47 50 54 57 59 60 61 62 64 67 
68 69 70 75 80 83 87 88 90 93 94 99 
101 102 104 106 110 111 115 117 120 122 124 125 
127 128 132 137 138 139 143 147 148 149 154 157 
158 165 169 175 176 177 178 185 191 192 193 201 
202 204 205 207 208 211 213 216 217 218 219 224 
225 228 231 232 234 237 238 239 243 244 246 250 
259 262 265 267 269 273 274 275 283 285 288 290 
293 295 304 305 306 312 316 324 325 326 327 328 
333 336 342 349 350 357 359 363 365 369 370 374 
375 376 377 381 382 383 384 388 389 397 400 
110
3 7 9 10 13 15 25 27 28 31 34 41 
42 43 45 50 51 53 57 63 64 65 68 74 
81 85 89 90 96 97 101 104 108 111 115 120 
122 126 127 128 136 142 145 146 148 155 156 157 
158 161 162 166 169 172 173 176 179 182 186 195 
199 206 209 211 213 218 221 230 232 233 243 246 
252 254 255 263 267 268 274 275 278 279 288 292 
294 298 304 309 312 315 324 325 326 337 339 342 
346 359 364 366 373 379 381 382 383 386 387 388 
390 399 
133
3 4 10 11 12 15 17 18 23 25 26 28 
29 31 35 40 43 45 49 51 52 53 56 59 
65 66 71 72 73 75 76 77 78 81 82 86 
87 89 94 98 101 103 105 113 114 117 127 129 
132 135 136 139 141 146 152 156 157 158 162 168 
170 174 177 188 191 192 194 195 209 210 216 228 
229 232 233 235 237 239 240 250 252 255 257 261 
262 263 272 274 275 276 283 286 293 294 296 301 
305 312 313 314 318 319 327 329 330 331 334 337 
338 341 342 346 347 354 355 356 358 361 364 368 
369 370 371 372 378 381 382 384 389 390 391 397 
400 
124
2 3 6 10 15 16 17 24 27 28 31 32 
36 39 40 42 43 44 58 61 63 65 66 73 
75 86 87 89 94 96 98 104 107 108 120 126 
128 131 135 136 138 139 142 144 147 150 152 154 
160 164 170 171 172 173 177 178 179 181 182 186 
199 202 218 219 223 224 226 229 231 233 237 238 
249 250 252 256 258 261 265 266 268 273 279 281 
282 283 287 288 294 297 300 303 304 305 309 317 
321 322 325 329 330 335 341 351 352 353 354 355 
361 367 368 371 373 374 376 378 380 381 384 388 
391 395 396 398 
122
9 10 20 30 32 33 34 36 38 39 40 43 
54 55 57 58 61 62 67 71 75 76 79 83 
84 85 86 90 91 92 98 99 102 105 107 108 
113 118 120 121 126 132 133 135 139 141 142 146 
158 159 160 164 165 168 169 171 173 174 187 191 
192 194 198 200 207 209 212 213 216 221 223 226 
230 231 234 236 238 241 243 244 247 257 261 262 
266 269 270 274 276 277 280 285 286 288 291 292 
293 302 304 305 321 327 334 339 343 345 347 349 
350 358 361 362 363 368 376 380 383 384 386 387 
393 400 
128
1 8 9 10 11 12 18 20 24 25 26 30 
36 38 39 45 48 53 55 57 58 59 60 62 
63 67 69 73 80 83 87 88 91 94 95 102 
106 107 110 112 116 118 120 122 123 128 131 134 
136 137 142 144 146 151 155 158 159 164 167 172 
175 176 177 183 184 191 193 195 198 200 204 209 
210 211 216 217 224 227 229 232 237 238 242 245 
247 251 252 254 256 258 266 279 280 281 282 285 
291 293 294 299 300 306 310 315 317 318 321 323 
326 327 328 329 339 340 345 347 348 353 362 364 
366 367 369 377 392 397 399 400 
138
1 5 8 10 14 16 17 23 25 29 30 35 
36 37 38 40 42 45 46 48 51 52 53 55 
66 72 78 79 80 88 92 93 94 95 97 99 
100 103 113 114 116 119 120 121 124 127 128 129 
134 141 145 148 151 154 156 157 158 160 167 168 
169 170 173 179 181 183 185 191 192 199 201 206 
209 213 214 217 221 222 233 235 239 241 245 248 
250 255 257 263 266 269 270 271 274 276 278 280 
281 283 288 293 295 299 300 301 304 305 306 316 
319 321 322 328 329 332 335 341 342 345 347 348 
353 354 355 358 364 367 374 376 377 383 384 385 
386 387 389 395 397 398 
118
1 2 8 11 12 13 14 16 25 34 36 37 
38 44 46 48 49 50 52 53 56 57 62 63 
67 69 72 76 77 85 89 90 93 96 100 107 
117 121 125 126 127 128 130 133 136 141 143 144 
145 151 160 161 162 165 166 171 183 188 197 200 
201 206 207 210 216 219 222 224 225 226 227 230 
235 237 240 247 249 250 253 254 270 273 278 282 
284 287 289 290 291 306 308 320 332 338 340 342 
348 351 352 354 355 356 357 359 367 372 378 380 
381 382 383 384 385 386 393 394 398 400 
118
4 11 16 17 21 24 29 30 31 39 41 49 
50 51 58 60 63 64 70 71 75 76 79 83 
84 85 88 93 95 96 110 111 112 113 114 115 
118 124 127 130 132 133 135 140 142 145 151 159 
160 163 164 168 173 176 180 181 187 190 193 196 
197 205 206 211 212 214 220 230 244 251 253 256 
258 260 261 267 270 273 274 278 287 292 297 301 
303 305 307 308 316 319 322 324 328 329 333 334 
335 341 343 346 347 349 351 354 358 360 364 365 
366 368 369 373 375 382 388 391 396 398 
132
3 6 7 8 11 15 16 24 29 30 32 36 
39 40 45 48 49 51 52 57 59 63 67 68 
69 73 74 86 89 92 93 94 97 98 103 105 
108 111 113 114 118 119 120 121 122 130 131 135 
140 143 144 145 150 153 155 157 161 162 163 169 
183 184 190 191 193 194 196 200 204 210 211 215 
216 227 229 232 234 235 236 239 244 246 251 253 
257 259 262 263 264 265 269 271 272 275 276 278 
286 290 292 296 302 303 304 306 310 311 313 315 
322 323 325 330 336 340 342 346 348 353 362 367 
372 374 375 378 382 385 390 392 393 394 395 398 
130
1 3 6 9 10 11 13 21 27 31 45 50 
52 58 63 67 76 78 79 80 84 85 92 94 
96 99 100 105 106 112 113 114 120 121 122 125 
131 132 134 136 139 143 144 145 146 147 152 155 
157 158 159 161 162 169 171 173 174 175 182 186 
187 191 194 195 196 199 202 206 212 214 216 218 
221 222 223 227 229 230 234 238 241 246 248 249 
257 260 264 267 268 271 272 273 275 276 277 279 
287 292 293 296 297 302 307 310 314 315 319 323 
331 332 333 334 335 340 342 343 348 349 352 354 
355 356 358 360 361 368 371 372 391 394 
118
2 5 7 8 9 12 16 20 22 28 31 35 
37 43 48 50 52 53 55 59 71 83 88 89 
95 98 100 102 104 108 116 117 124 126 135 138 
139 144 149 150 151 155 156 160 163 169 171 173 
174 182 187 189 193 195 198 201 203 209 213 216 
235 236 241 243 249 254 256 257 260 263 264 265 
266 268 270 272 273 274 277 278 281 284 285 290 
291 292 300 301 310 313 315 319 326 327 332 334 
339 345 346 349 351 354 356 358 362 365 368 371 
375 376 379 380 382 383 389 391 393 400 
131
2 5 10 15 16 22 26 29 31 32 33 34 
35 36 38 44 46 48 51 52 53 55 58 62 
65 66 67 69 71 72 79 81 83 87 92 98 
100 107 109 110 114 115 117 124 126 129 130 133 
136 137 140 142 145 146 148 149 151 155 156 158 
159 160 161 166 168 172 181 184 185 191 192 194 
200 205 207 215 217 218 219 220 222 225 228 230 
232 241 244 245 248 251 261 263 265 267 268 274 
276 277 278 279 282 288 289 291 292 294 295 301 
311 316 319 320 335 341 343 344 351 353 355 358 
369 371 373 378 380 387 388 389 390 396 400 
132
2 3 6 9 10 19 21 22 24 29 31 35 
37 38 39 40 42 48 49 50 55 58 61 63 
64 65 66 71 72 74 76 78 81 85 87 88 
89 91 94 97 99 103 105 109 110 113 118 120 
123 133 135 138 139 140 142 143 146 148 150 158 
164 165 171 176 177 178 181 182 184 188 190 191 
195 200 202 203 213 218 222 226 228 229 232 238 
244 249 251 253 254 255 257 265 267 268 270 275 
276 277 291 292 294 296 299 300 305 309 311 315 
317 322 325 331 332 334 340 344 346 348 350 360 
365 366 368 372 384 386 387 389 393 394 395 398 
114
6 13 14 19 23 28 31 32 38 45 46 47 
49 55 60 61 62 65 67 68 69 72 73 80 
91 93 95 103 108 115 127 135 139 140 141 145 
147 148 153 154 155 160 182 186 193 194 197 203 
204 207 208 209 211 214 216 221 222 224 234 235 
236 238 246 252 256 257 261 267 274 279 284 289 
291 292 294 296 301 306 307 308 311 313 316 321 
322 324 325 327 333 334 338 339 340 345 349 350 
352 353 355 357 359 365 368 370 373 375 379 380 
383 385 386 388 391 398 
120
5 7 9 10 14 16 18 19 22 33 36 40 
41 46 48 49 55 64 65 69 71 74 77 78 
84 94 97 100 105 108 109 113 116 118 119 120 
123 124 126 131 140 142 143 146 153 154 155 157 
159 165 167 171 172 187 190 191 193 198 206 208 
212 213 225 226 236 238 244 245 246 247 248 257 
260 275 277 282 283 285 286 289 300 301 303 304 
306 307 308 316 318 319 320 321 324 329 330 331 
332 333 339 340 341 343 345 347 348 350 351 357 
358 360 365 370 373 374 384 387 389 390 391 393 
107
14 15 17 22 23 29 36 39 40 45 48 51 
56 61 62 71 76 81 90 94 99 108 113 119 
123 125 126 128 130 132 133 138 140 141 144 149 
157 164 165 167 168 173 174 175 178 183 190 193 
194 200 202 203 205 218 221 222 223 225 226 227 
234 240 242 263 264 265 267 272 273 275 276 282 
283 284 286 292 293 299 300 304 307 309 310 312 
315 317 319 321 324 327 328 331 337 344 348 349 
351 358 359 376 378 381 386 387 390 397 400 
122
1 5 7 8 13 27 28 30 34 37 38 46 
48 50 52 56 64 65 68 76 78 81 82 85 
87 90 92 93 97 102 104 105 109 110 111 112 
114 115 116 117 121 124 125 127 129 134 137 138 
149 152 157 159 164 165 170 178 180 181 182 183 
186 189 190 192 200 207 213 215 216 218 223 228 
230 233 238 240 243 248 250 253 254 257 258 261 
264 265 267 271 273 274 276 279 286 289 291 296 
300 307 310 311 313 317 318 320 326 330 342 343 
349 353 359 368 374 382 386 388 391 395 396 397 
398 399 
126
6 10 13 18 23 24 25 29 31 40 43 45 
46 51 52 53 59 61 64 72 80 83 88 90 
91 95 99 102 105 107 110 111 114 115 120 121 
122 134 135 136 137 141 145 155 158 159 161 165 
166 170 172 173 187 189 191 192 197 198 206 208 
210 211 214 217 220 224 228 229 236 237 238 239 
242 244 251 252 254 256 259 263 275 278 281 285 
286 294 296 299 301 304 306 313 314 316 317 318 
325 326 330 333 335 336 338 339 341 343 344 348 
350 351 355 356 357 359 360 363 365 369 370 382 
388 389 395 396 399 400 
119
3 7 10 12 14 27 34 35 36 39 41 46 
48 55 56 58 60 61 62 66 67 75 83 84 
86 88 96 107 108 109 110 113 114 115 116 117 
120 125 127 130 133 135 137 142 145 150 151 157 
160 162 164 167 168 173 179 182 186 188 193 194 
198 201 203 213 217 221 230 237 239 241 244 245 
246 249 255 256 257 258 260 261 266 267 273 282 
283 286 288 293 299 300 308 310 311 316 317 321 
328 333 334 350 351 352 355 358 359 364 365 366 
370 373 375 376 377 378 379 380 381 385 391 
119
5 8 9 10 13 17 18 28 30 33 42 45 
51 54 56 58 59 60 61 63 65 74 77 80 
83 91 95 97 100 104 106 111 113 114 122 123 
124 127 128 129 130 138 140 142 143 145 147 149 
150 157 158 159 163 164 178 179 184 188 189 198 
202 205 208 210 212 216 220 221 222 228 230 234 
235 236 239 244 248 257 260 261 264 271 273 281 
282 287 294 295 296 297 299 304 305 308 310 312 
316 317 320 321 322 328 333 338 343 347 350 368 
369 370 372 376 378 381 382 387 388 391 398 
124
6 7 8 10 12 17 18 26 30 31 34 39 
42 45 49 54 59 63 69 70 76 88 94 97 
105 108 110 112 114 118 119 121 125 126 129 132 
137 144 145 146 148 149 152 155 158 168 170 172 
173 174 179 183 184 188 191 193 194 202 204 209 
212 214 215 217 220 225 229 232 233 234 235 237 
240 243 244 246 247 252 254 258 261 262 266 267 
270 272 273 274 276 278 279 281 282 285 287 288 
294 309 315 317 319 324 325 333 336 341 345 348 
349 352 353 359 362 363 366 367 368 369 371 384 
385 390 398 400 
117
1 12 13 14 15 24 26 29 30 34 40 41 
46 49 53 56 57 59 62 63 64 68 69 79 
81 83 96 104 115 119 122 123 124 128 132 133 
135 137 143 146 147 148 151 154 162 166 173 180 
186 192 194 196 197 200 201 205 207 212 215 217 
218 222 225 227 228 238 239 241 244 250 252 253 
265 267 270 273 275 284 286 290 292 295 296 302 
305 307 311 314 317 318 320 322 326 327 329 335 
336 337 339 346 354 356 357 359 364 370 372 374 
376 379 381 383 384 388 394 397 398 
121
2 4 6 9 10 11 12 16 17 18 19 25 
29 31 37 41 43 46 53 55 62 68 72 74 
79 81 84 86 89 90 93 94 104 107 108 113 
116 125 127 137 139 140 141 143 163 170 171 173 
175 177 178 181 183 184 185 192 193 196 197 219 
222 223 225 227 230 233 234 236 245 246 252 253 
255 258 259 261 266 267 269 270 271 278 279 283 
287 289 292 296 297 298 300 308 315 322 323 327 
335 337 338 342 347 348 351 352 357 362 363 365 
367 368 370 372 373 381 383 390 391 396 397 398 
400 
114
5 14 15 16 18 21 23 28 34 38 39 41 
46 49 50 54 56 59 60 61 64 71 72 76 
78 79 88 90 96 100 110 116 117 123 124 125 
127 129 133 147 148 154 159 160 161 171 174 175 
176 184 195 199 200 201 203 209 210 216 219 220 
221 226 232 233 243 244 249 252 253 254 255 260 
261 265 269 271 273 274 277 282 295 297 301 302 
303 304 308 309 313 314 315 318 319 320 323 334 
337 342 347 353 354 356 357 360 362 376 382 385 
390 391 393 394 396 398 
115
1 2 3 6 10 17 23 39 40 41 48 53 
54 56 63 68 69 74 75 77 82 88 89 91 
92 97 99 106 107 110 114 117 119 121 126 130 
133 138 142 147 150 151 152 153 154 155 157 159 
160 165 167 169 174 175 176 185 192 202 214 222 
231 232 238 245 249 251 258 260 264 267 268 271 
274 280 281 282 284 286 287 290 291 292 298 302 
307 309 310 311 313 316 318 324 328 332 335 340 
345 348 352 353 354 355 368 370 375 381 382 385 
386 389 394 395 398 399 400 
112
1 17 19 20 23 25 29 33 34 40 43 45 
53 56 60 62 67 75 82 87 88 92 99 106 
108 110 127 132 133 134 137 140 144 149 151 152 
153 155 156 160 163 167 168 171 174 176 177 179 
183 186 190 194 195 199 201 209 212 213 218 219 
222 223 225 233 235 237 239 243 249 251 253 255 
256 258 267 269 275 281 290 293 300 303 305 307 
312 313 315 320 322 325 326 329 332 334 335 336 
337 338 342 345 346 349 353 355 358 365 369 370 
378 381 384 385 
129
1 8 12 25 28 29 33 34 35 36 37 38 
41 43 46 49 50 53 59 61 63 68 69 72 
73 77 79 80 83 85 86 87 90 91 93 98 
104 106 109 114 115 121 123 124 129 132 133 134 
138 139 140 143 144 148 151 160 161 163 181 182 
184 189 192 193 200 201 205 206 209 211 225 226 
230 237 240 242 245 246 249 250 252 259 260 271 
274 276 280 282 283 287 289 290 291 296 301 303 
304 306 309 310 312 317 318 319 322 326 341 344 
346 348 354 356 358 359 368 369 370 372 373 381 
384 385 386 387 391 393 395 397 399 
115
2 7 8 9 14 16 17 18 23 26 29 30 
37 41 46 47 54 59 62 63 64 65 67 68 
70 74 77 80 84 87 88 91 93 95 98 101 
109 110 111 113 114 115 122 125 129 136 138 140 
144 147 150 155 161 167 176 182 190 199 202 206 
216 223 228 232 234 240 243 244 246 255 258 264 
266 270 271 272 276 283 289 292 297 299 301 303 
304 307 308 313 320 321 322 323 325 327 329 342 
343 347 350 351 352 354 357 360 361 364 366 373 
376 382 388 389 391 394 400 
110
1 3 10 17 26 28 29 38 42 44 48 49 
50 53 55 56 60 66 69 70 76 85 89 94 
101 103 107 109 115 116 118 121 124 126 128 130 
132 137 138 139 141 147 148 149 157 159 163 165 
170 171 173 179 195 198 204 208 211 212 213 229 
236 238 243 247 249 252 253 254 256 258 262 266 
269 271 274 276 279 282 284 290 293 303 305 307 
309 313 316 322 330 336 338 340 344 346 349 352 
356 357 358 365 369 370 381 383 391 394 395 396 
397 399 
122
1 6 8 11 14 24 25 32 35 40 41 48 
49 50 52 53 56 59 60 71 72 74 78 81 
83 84 97 99 100 102 107 115 119 127 129 130 
131 140 141 142 150 152 153 154 155 157 158 160 
168 169 178 181 192 197 199 200 203 206 208 212 
219 222 225 226 228 231 232 235 237 241 249 252 
253 254 256 258 261 264 268 271 272 273 275 276 
277 279 289 290 291 293 295 299 305 311 316 320 
324 327 328 330 331 332 335 343 347 349 352 353 
361 365 366 369 370 374 375 382 388 395 396 397 
398 399 
135
1 4 5 7 10 12 14 15 16 18 22 25 
31 42 43 44 48 53 55 58 61 63 65 66 
68 69 70 71 72 79 81 83 85 86 105 106 
107 111 113 122 123 129 131 133 135 136 138 141 
143 146 148 151 153 154 155 160 161 165 166 174 
177 181 190 192 193 196 198 202 204 210 212 219 
220 222 231 232 236 237 242 244 245 246 248 250 
251 252 253 257 258 261 267 272 273 275 277 286 
287 288 292 294 295 296 297 298 301 307 308 319 
323 326 334 335 338 342 343 345 346 347 349 350 
358 360 361 367 370 373 376 377 380 381 385 387 
394 395 399 
139
11 13 17 27 29 33 35 39 42 43 45 47 
49 52 59 62 63 66 71 72 73 74 76 81 
85 87 89 92 93 95 96 102 108 110 114 120 
123 124 126 127 128 129 132 133 135 142 149 151 
154 156 160 163 166 169 173 178 179 187 189 190 
194 199 201 202 204 207 213 214 215 216 217 223 
225 229 230 233 235 238 239 241 243 245 249 250 
254 259 261 263 264 265 266 267 271 272 273 276 
277 281 283 284 285 287 289 291 293 295 296 298 
300 304 305 308 311 312 325 326 328 329 331 332 
334 338 341 346 349 352 354 358 359 371 372 375 
380 383 386 389 390 399 400 
115
1 4 8 9 10 11 13 16 20 31 33 35 
39 48 49 50 57 59 62 66 67 68 69 76 
77 78 80 84 85 89 92 105 113 120 122 123 
128 129 130 132 134 144 148 153 156 160 165 168 
171 172 174 175 177 178 188 199 204 208 209 211 
216 223 224 227 232 240 241 242 244 249 251 252 
254 261 262 263 269 272 280 281 285 292 294 298 
300 310 321 322 323 336 338 341 342 343 346 347 
348 350 353 354 356 358 360 367 370 371 372 377 
378 379 380 383 395 396 400 
126
2 8 20 25 30 31 35 36 37 38 45 51 
55 57 60 61 70 73 75 76 79 91 92 99 
102 103 108 110 111 114 116 118 119 122 128 133 
138 139 144 146 150 156 158 160 161 162 168 171 
174 175 177 178 179 185 186 189 190 192 195 197 
202 204 205 210 212 217 220 221 222 228 229 232 
233 235 239 240 246 251 256 259 261 265 267 268 
272 273 274 275 276 277 278 279 286 291 296 299 
301 303 304 308 310 313 314 315 321 322 326 328 
329 330 333 341 343 344 346 348 350 357 360 369 
370 373 378 381 389 395 
111
4 8 9 10 15 16 19 25 36 37 40 42 
46 52 58 62 63 65 68 74 76 91 94 95 
97 98 104 105 107 110 114 115 116 122 123 125 
128 131 132 134 156 161 164 178 182 184 186 189 
196 198 204 206 214 223 226 228 230 233 234 242 
243 246 249 253 254 259 260 261 265 269 274 277 
279 291 296 306 307 310 311 312 318 319 325 329 
330 331 333 334 335 338 342 348 350 351 352 353 
354 356 359 360 373 375 376 379 383 385 386 387 
390 391 395 
105
1 12 21 23 24 25 28 31 36 37 38 39 
43 44 45 50 58 61 64 73 74 78 88 89 
92 95 108 110 111 117 125 126 130 131 143 144 
153 157 159 160 161 167 168 169 171 172 178 179 
184 191 196 199 202 204 206 209 211 212 213 226 
230 231 235 252 254 260 264 269 271 272 273 276 
280 282 288 293 298 300 309 310 315 321 333 335 
337 344 345 348 349 352 355 356 357 363 366 371 
373 376 380 381 388 390 395 398 399 
111
2 3 9 15 20 23 27 44 48 49 53 54 
56 65 70 72 73 77 78 82 88 91 92 94 
95 97 102 103 105 106 114 115 116 120 121 123 
124 139 141 147 150 152 154 159 161 163 164 169 
173 177 178 180 182 188 189 195 205 209 213 218 
224 225 240 243 245 247 248 251 256 258 260 264 
267 269 270 271 272 278 279 289 293 294 295 299 
300 301 306 307 310 312 313 321 322 324 326 330 
334 352 357 359 369 371 374 380 383 387 388 389 
391 395 396 
113
4 9 10 19 21 22 27 28 31 34 41 44 
47 50 57 58 60 61 67 69 73 74 78 83 
89 93 99 100 101 110 111 112 113 115 116 118 
122 123 129 136 141 144 145 146 153 156 164 165 
170 174 176 179 183 188 189 193 195 196 197 201 
202 208 210 212 218 220 224 226 227 229 235 243 
246 248 261 263 264 266 267 270 272 274 287 290 
295 300 301 311 315 321 322 326 329 340 342 347 
349 351 353 355 358 360 363 364 366 369 372 378 
379 380 387 399 400 
123
1 4 6 11 12 16 18 23 24 27 31 34 
36 38 39 44 45 49 53 54 59 61 66 68 
71 73 76 81 83 91 96 98 107 108 110 118 
123 128 131 133 134 135 140 141 147 148 149 150 
152 156 157 159 161 170 171 180 189 192 201 203 
205 206 208 209 210 212 224 229 230 239 248 251 
252 257 258 261 262 263 267 268 273 274 283 285 
289 290 292 293 294 295 298 301 302 307 312 318 
320 325 327 331 335 337 343 344 349 350 353 359 
364 366 368 371 372 373 374 375 378 380 382 388 
390 399 400 
129
10 13 17 18 20 22 24 26 27 29 34 36 
38 39 43 44 45 46 47 50 51 56 57 60 
63 67 71 75 76 82 88 91 96 98 99 106 
108 110 112 117 120 121 126 127 129 135 136 140 
142 144 148 153 158 159 160 165 167 173 174 175 
180 181 182 184 185 191 192 194 197 198 200 205 
209 218 228 229 232 233 239 241 248 251 252 256 
258 263 265 266 269 276 279 284 293 295 296 299 
301 302 304 306 308 311 315 318 324 329 333 335 
341 342 344 345 346 350 353 360 363 364 366 369 
372 373 380 382 383 384 386 399 400 
128
1 2 3 7 9 13 17 19 20 23 24 26 
27 29 30 32 36 40 46 53 56 58 60 62 
63 64 67 73 74 77 80 92 93 94 96 101 
102 103 106 114 120 123 124 125 126 127 130 135 
141 146 150 153 154 159 161 162 163 165 167 169 
170 171 175 177 178 181 182 184 185 189 191 192 
194 199 201 208 209 210 213 215 220 225 226 230 
232 233 234 236 242 253 254 257 266 267 270 274 
293 294 296 297 305 306 308 310 314 320 321 322 
324 329 333 334 335 340 348 349 350 358 359 360 
363 365 374 378 387 389 393 397 
115
1 3 6 19 21 24 25 26 38 46 48 49 
51 57 68 70 78 79 82 85 93 94 101 102 
111 116 118 126 127 129 134 139 140 141 144 145 
147 148 151 152 154 155 158 167 169 171 172 173 
175 176 180 182 186 195 202 203 207 208 209 210 
218 221 222 225 228 234 235 251 254 256 261 264 
265 266 269 270 273 275 278 281 284 287 288 299 
301 303 310 312 313 318 321 330 331 333 335 336 
337 339 340 346 347 349 350 354 357 360 378 382 
383 384 386 387 388 391 397 
112
3 7 12 16 17 21 22 25 28 37 46 48 
52 58 60 64 65 72 74 78 81 84 85 87 
96 99 103 107 108 109 112 122 125 129 132 133 
145 146 147 150 156 162 166 167 168 170 172 173 
178 179 182 187 201 202 205 206 210 214 217 222 
224 227 233 238 241 244 246 247 254 260 262 263 
264 267 269 270 272 274 275 278 285 296 297 298 
299 300 307 311 314 318 319 321 330 331 332 338 
339 342 343 345 361 365 367 376 377 378 380 381 
382 385 399 400 
119
3 4 6 11 17 21 22 23 26 28 31 32 
36 43 45 47 50 53 56 61 65 68 69 70 
84 89 93 95 96 99 110 111 119 120 121 123 
125 126 127 132 134 141 144 147 150 151 152 153 
154 159 163 167 168 170 173 175 181 183 184 191 
193 201 209 210 214 216 219 227 231 233 234 242 
246 247 250 254 260 267 268 274 281 283 284 285 
296 298 299 300 303 305 308 312 313 314 317 322 
324 331 332 333 335 338 339 341 342 345 346 348 
352 361 362 365 366 380 381 383 384 385 388 
130
21 24 25 27 36 37 41 45 47 51 53 55 
57 58 60 63 64 65 68 71 72 79 81 87 
90 93 98 100 103 109 111 118 120 121 128 130 
131 132 135 139 141 142 148 150 153 155 157 160 
162 164 168 170 173 174 176 177 183 185 187 191 
192 194 197 204 210 211 214 215 216 222 223 226 
229 230 232 235 236 241 242 245 247 252 257 261 
266 272 284 285 288 291 292 296 298 300 301 303 
304 310 315 317 319 323 324 325 329 331 334 340 
345 349 351 352 354 357 358 362 364 368 373 374 
375 378 379 380 381 384 389 395 399 400 
107
7 12 14 16 17 19 20 23 30 31 32 37 
40 46 54 59 60 61 62 64 73 76 80 82 
83 89 95 108 110 118 119 120 125 126 127 136 
142 143 147 152 156 166 167 168 170 174 179 181 
184 186 187 188 202 207 208 215 216 217 218 221 
227 236 237 239 241 243 245 248 251 253 267 268 
272 276 277 282 283 284 287 290 292 297 302 307 
308 309 312 317 324 326 330 336 346 351 353 356 
363 365 367 374 377 383 388 389 390 398 399 
128
2 3 6 9 11 12 22 23 24 25 27 29 
30 34 36 37 40 43 53 58 60 61 63 66 
74 81 82 87 88 89 91 97 99 102 108 109 
116 122 123 127 129 134 136 138 142 145 151 160 
162 165 168 173 174 181 184 187 190 193 198 200 
202 203 213 214 217 220 226 230 231 233 235 236 
238 242 252 253 254 259 262 265 277 278 280 283 
285 289 291 297 298 300 303 304 307 309 310 312 
313 316 317 320 333 334 340 341 343 344 345 347 
350 351 352 353 355 356 358 361 362 363 364 369 
371 372 375 376 380 381 388 390 
110
1 2 4 6 8 15 22 27 32 33 34 35 
39 41 45 47 49 51 57 62 65 66 68 73 
75 76 78 90 92 94 99 103 104 107 113 114 
116 119 123 125 126 127 128 131 133 139 141 145 
146 148 154 155 158 159 166 170 177 185 189 196 
198 199 206 209 212 218 219 220 237 243 247 253 
260 261 262 269 270 273 277 278 279 284 286 287 
294 296 303 305 316 323 327 328 331 334 338 339 
350 352 356 365 366 369 379 382 387 390 391 393 
399 400 
125
6 7 8 9 13 14 22 23 27 32 36 38 
45 48 50 51 52 55 59 60 62 64 66 74 
77 87 91 92 94 96 98 102 104 106 108 109 
112 113 122 126 132 134 135 139 140 142 143 148 
149 151 152 154 155 157 159 166 171 172 173 180 
182 185 186 189 190 192 193 201 202 203 205 208 
217 218 221 223 226 231 237 242 247 251 252 253 
254 255 261 266 271 277 278 279 287 288 289 296 
301 303 305 311 314 317 318 322 324 326 331 336 
339 344 345 347 355 356 364 366 367 368 371 372 
373 375 380 390 398 
110
1 3 4 5 6 8 9 14 17 23 26 28 
30 38 40 43 44 45 47 50 51 58 61 65 
67 72 86 91 98 102 104 106 107 109 113 118 
121 126 131 132 137 140 143 145 152 156 157 158 
160 162 167 168 171 172 176 181 183 186 187 189 
191 194 195 197 201 202 211 219 225 226 247 248 
250 254 260 263 272 276 286 289 293 296 297 298 
299 306 308 309 312 315 317 319 322 325 327 337 
348 349 353 354 356 369 373 383 384 389 390 393 
394 399 
117
3 6 7 8 10 11 12 13 15 16 17 18 
19 22 23 28 29 36 42 44 55 56 57 61 
63 72 75 76 77 80 90 93 94 96 98 100 
102 105 114 122 128 129 131 135 141 144 146 149 
154 159 164 165 170 172 175 176 180 182 189 193 
194 195 201 204 205 211 213 218 230 234 242 243 
245 249 250 264 266 279 280 284 286 291 297 303 
307 309 311 314 317 318 323 324 326 327 331 332 
334 335 349 352 353 357 363 371 373 374 375 379 
381 382 383 385 386 387 389 395 396 
128
1 4 5 10 13 20 22 24 31 41 42 45 
49 54 59 61 64 68 69 79 80 82 83 88 
89 97 100 102 104 107 109 111 113 118 119 121 
125 126 134 137 140 141 146 147 148 151 152 155 
158 159 170 171 172 175 176 177 182 184 186 188 
200 202 203 204 205 206 207 211 212 217 227 229 
232 235 240 249 251 254 259 262 263 265 267 269 
283 287 288 289 291 298 303 304 306 307 311 312 
322 326 328 336 337 338 340 342 345 346 348 353 
355 359 361 362 370 371 373 375 376 377 380 381 
382 383 385 386 392 396 397 398 
118
3 4 9 13 15 16 22 25 26 27 29 31 
35 36 37 39 42 47 48 49 50 53 60 61 
62 64 69 75 76 77 82 86 88 93 95 102 
104 109 113 119 123 131 136 141 148 152 154 164 
167 168 177 178 180 181 182 185 186 187 188 189 
192 196 199 200 203 205 208 212 216 217 218 224 
231 232 237 238 245 247 249 255 264 265 267 271 
273 278 279 280 285 295 297 298 302 303 304 317 
319 327 328 336 340 344 346 356 357 358 359 361 
364 365 367 368 378 382 385 390 393 394 
124
1 11 12 16 17 18 20 23 27 29 33 35 
36 44 46 55 56 57 59 60 61 63 68 78 
79 84 85 91 92 93 100 105 106 108 115 117 
122 123 126 127 128 129 136 143 144 145 146 147 
148 150 158 163 180 185 191 192 194 202 208 212 
220 221 223 226 227 228 229 230 231 236 238 240 
242 244 258 269 270 272 273 278 282 284 287 288 
293 294 296 300 305 307 308 310 313 315 317 324 
328 329 330 331 337 338 342 343 345 355 358 359 
360 361 362 366 375 376 380 381 383 384 385 388 
395 398 399 400 
128
1 4 6 8 10 12 14 17 18 27 28 34 
36 37 41 48 53 57 63 64 65 66 68 69 
74 76 77 84 85 87 88 91 95 96 101 105 
106 113 114 116 117 120 121 134 135 142 143 148 
149 151 153 156 159 166 169 178 179 181 185 186 
190 193 196 198 199 202 207 209 212 214 215 217 
218 219 223 225 226 228 232 238 239 242 243 244 
246 247 250 252 253 255 257 263 264 272 274 277 
278 279 282 289 290 293 299 300 307 310 316 317 
324 328 334 337 344 345 347 349 350 357 360 362 
366 367 379 387 389 393 394 399 
107
2 5 8 10 11 13 16 21 23 26 33 34 
42 45 54 59 63 69 70 74 75 84 86 91 
94 98 103 109 112 113 114 119 120 130 131 137 
139 140 141 143 146 157 158 160 162 171 173 179 
180 182 183 189 193 195 197 198 199 201 212 213 
216 219 220 223 224 231 232 237 238 239 243 245 
249 255 256 265 268 276 277 282 289 291 297 306 
309 311 312 319 323 324 325 327 329 336 345 350 
352 359 360 361 363 369 371 373 379 390 397 
127
1 3 5 7 10 11 12 13 14 20 22 26 
27 28 32 36 38 43 45 46 47 48 52 53 
58 59 65 70 71 73 75 78 81 83 84 86 
87 88 90 93 95 97 101 105 106 110 112 118 
119 124 134 137 147 148 158 161 168 178 180 182 
188 193 196 197 199 200 201 204 205 212 215 217 
221 223 225 226 234 237 238 240 242 246 249 250 
251 252 259 263 266 273 274 276 279 280 282 284 
287 294 296 297 298 300 308 310 314 322 329 334 
337 339 349 350 352 353 357 358 360 363 364 374 
382 385 388 389 394 395 400 
137
1 4 7 8 16 17 25 26 27 29 30 31 
35 36 41 43 44 46 47 48 52 53 59 60 
62 64 79 80 81 82 85 86 89 91 92 94 
102 111 112 114 117 118 123 124 127 128 133 138 
144 145 146 150 154 157 160 163 164 165 169 170 
173 176 177 179 181 186 188 192 193 195 197 198 
201 202 205 210 212 216 218 221 228 231 232 234 
236 237 241 242 246 251 256 259 260 271 274 278 
279 280 281 289 291 301 303 304 306 307 312 313 
314 316 320 328 333 336 339 342 343 355 356 358 
360 363 364 367 369 370 372 373 374 377 381 382 
386 388 390 397 399 
136
6 10 12 15 16 17 18 21 23 32 33 41 
43 46 51 52 55 56 57 59 63 64 65 66 
70 81 82 84 86 89 93 94 96 97 101 102 
103 106 110 111 116 121 122 123 124 128 129 131 
134 138 139 140 143 147 151 152 153 154 159 160 
162 167 168 170 171 175 178 181 183 185 189 192 
199 202 204 208 212 213 216 217 220 227 229 234 
235 240 242 244 247 250 256 258 259 261 264 269 
270 275 277 281 284 292 293 297 298 299 300 302 
303 304 306 308 309 310 312 316 322 326 328 335 
337 343 345 351 354 356 369 375 376 379 383 390 
391 392 395 400 
134
6 7 10 15 19 22 23 24 26 30 34 37 
39 41 46 48 55 56 57 58 59 70 74 76 
77 78 79 80 83 84 92 93 98 101 105 106 
108 109 112 123 125 133 135 140 148 153 155 159 
167 169 173 177 180 181 183 184 186 189 191 194 
197 202 208 209 211 214 216 219 223 228 229 231 
236 237 241 242 244 245 250 251 252 255 258 259 
260 261 262 270 271 272 273 285 288 294 295 299 
300 301 302 303 306 310 315 317 319 322 324 327 
337 339 340 342 344 349 350 352 354 363 367 370 
371 373 375 377 378 381 382 383 389 392 393 394 
395 398 
119
3 5 12 17 20 22 24 25 26 27 36 39 
40 43 50 54 56 60 61 62 67 68 75 80 
81 91 92 95 96 99 100 109 115 116 117 121 
125 126 127 130 131 133 134 135 139 140 141 149 
152 153 156 157 158 172 174 175 187 193 194 201 
205 206 207 208 210 216 224 231 235 237 239 243 
244 248 256 259 261 262 265 267 273 276 281 283 
286 289 290 295 300 304 306 308 310 311 321 323 
324 329 331 332 337 339 341 342 352 353 355 356 
357 364 365 367 369 379 380 386 388 392 395 
122
4 10 15 19 21 22 29 31 35 37 43 48 
54 56 57 60 61 62 66 69 71 73 79 84 
86 93 95 98 101 106 107 110 112 116 120 124 
125 129 131 143 147 150 151 153 159 161 171 172 
176 177 178 182 184 186 187 188 189 193 203 210 
212 216 218 222 235 237 238 240 244 248 249 251 
254 255 257 259 263 265 267 270 271 275 278 281 
284 289 296 298 299 311 316 317 318 321 323 324 
327 332 337 340 344 351 353 358 360 365 367 370 
371 373 376 379 383 384 385 386 388 393 396 398 
399 400 
103
1 3 14 18 19 22 25 29 32 35 42 46 
52 54 55 57 58 69 76 80 83 85 87 90 
97 99 100 110 112 114 116 117 119 121 122 123 
125 129 134 137 141 143 144 149 153 157 166 172 
174 177 179 181 184 186 188 190 191 201 202 205 
213 218 234 235 238 241 248 249 250 252 258 264 
266 269 274 275 280 282 295 296 298 300 301 312 
315 324 326 336 346 349 353 356 359 363 365 368 
371 373 376 383 392 393 400 
125
3 6 7 9 12 17 18 19 22 26 27 31 
33 34 42 44 49 54 55 56 60 64 67 69 
75 76 81 85 86 93 98 100 101 102 108 109 
111 114 115 117 121 123 127 130 132 135 140 142 
143 147 159 160 164 165 168 170 171 172 173 178 
182 184 186 192 195 197 199 200 201 204 205 208 
213 214 215 222 225 231 234 236 237 239 240 241 
242 247 250 260 264 272 293 295 296 298 311 315 
327 329 334 337 339 345 349 352 356 358 359 360 
361 362 363 364 366 369 370 374 375 377 378 381 
382 383 385 390 399 
128
1 3 6 7 8 9 19 20 25 27 30 39 
47 48 49 51 54 55 59 61 62 64 65 70 
77 78 80 82 85 86 95 99 102 105 106 112 
122 123 127 129 133 135 141 144 147 163 165 167 
168 171 174 180 182 184 189 190 191 194 195 196 
197 204 205 206 207 211 214 215 216 217 219 222 
225 227 231 237 242 243 244 247 255 258 259 260 
263 265 267 268 269 277 278 281 283 286 289 299 
300 301 304 306 307 309 319 320 322 323 325 327 
328 331 340 349 352 355 360 368 371 374 376 378 
382 384 385 386 387 388 397 400 
143
4 5 13 14 15 20 24 25 26 29 31 33 
34 35 36 40 43 44 45 50 56 60 63 64 
67 69 71 75 76 78 83 85 86 89 90 91 
93 96 97 101 104 106 109 110 111 114 116 121 
126 135 137 139 142 146 149 150 153 156 160 162 
165 167 172 178 179 180 188 189 190 191 202 205 
206 207 209 211 212 214 217 219 220 223 228 229 
238 240 241 242 243 248 250 256 260 264 266 267 
268 270 273 277 278 280 284 292 293 294 297 298 
300 304 308 310 311 312 313 314 317 319 333 339 
342 347 349 354 357 359 362 363 365 369 372 373 
375 377 380 386 387 389 391 393 394 397 400 
139
4 5 6 7 8 9 10 11 12 18 24 25 
26 29 31 33 40 41 44 45 48 49 52 53 
56 57 58 62 64 66 74 77 86 87 88 91 
94 96 104 115 116 120 125 129 130 133 135 137 
143 145 150 152 158 159 163 164 168 176 178 179 
181 182 189 190 191 192 196 208 210 211 213 222 
223 225 226 227 230 231 232 233 234 236 244 245 
247 249 250 251 256 262 269 271 273 278 279 281 
282 284 286 289 292 294 301 302 304 305 308 311 
314 316 319 323 328 329 330 331 333 336 339 340 
342 343 346 353 356 358 362 363 364 368 369 370 
374 379 380 383 394 395 398 
120
2 12 14 18 23 25 26 35 47 52 53 54 
55 56 57 58 60 61 65 66 67 70 79 80 
85 86 88 89 90 92 93 96 97 100 101 105 
108 109 112 113 128 129 130 132 135 141 145 151 
156 163 166 167 168 173 174 175 178 181 182 183 
185 187 190 191 192 196 197 198 200 205 219 221 
224 225 226 229 230 231 234 235 241 246 251 255 
257 258 262 264 268 272 274 282 284 289 291 298 
299 300 304 309 316 321 323 327 328 330 345 349 
354 359 362 380 382 385 387 388 390 391 392 394 
123
2 10 20 23 31 35 39 40 44 50 52 55 
57 58 59 61 65 68 70 72 76 81 90 92 
95 96 99 103 105 106 112 121 125 127 129 130 
135 138 140 142 143 147 149 150 151 153 154 155 
156 157 159 160 163 166 169 172 182 183 184 190 
192 198 199 202 214 219 220 223 225 227 230 234 
239 249 250 253 258 259 261 265 267 269 270 278 
279 280 291 294 296 297 300 301 305 307 309 313 
315 316 318 327 328 334 335 340 342 343 344 351 
355 356 365 368 374 376 377 379 383 387 388 392 
393 398 399 
122
8 11 12 15 20 23 24 30 31 38 42 43 
44 46 51 58 60 61 64 65 70 75 76 77 
81 82 85 89 90 95 99 100 105 110 113 115 
122 123 124 126 129 133 135 137 140 144 148 151 
153 156 158 159 160 162 167 178 187 192 194 195 
200 201 211 215 216 221 227 233 235 238 239 241 
243 248 254 258 261 264 267 270 271 273 274 277 
284 286 290 292 294 299 302 303 305 308 309 311 
312 315 317 323 324 326 328 332 335 337 340 349 
353 354 356 364 366 369 371 374 380 381 383 384 
386 395 
125
2 4 10 13 18 19 23 25 27 29 35 39 
42 43 44 45 50 54 57 62 64 65 68 70 
73 74 75 81 84 87 88 90 92 97 99 105 
109 122 131 133 138 144 145 148 149 156 157 159 
166 169 174 175 183 185 187 197 198 199 200 202 
206 207 208 213 215 216 217 218 220 227 232 239 
245 252 254 255 256 266 270 272 274 275 276 283 
285 286 289 290 294 295 296 298 300 301 303 304 
307 309 314 316 319 325 328 331 344 345 350 353 
354 355 360 361 363 365 369 370 371 373 383 384 
386 388 389 392 399 
122
1 2 4 6 14 15 17 19 21 25 26 35 
41 43 47 49 52 58 61 64 65 72 76 77 
89 95 99 100 104 107 110 111 116 120 123 127 
129 137 138 140 141 146 150 152 157 158 163 164 
173 175 177 183 185 186 187 195 196 198 201 208 
211 212 217 218 221 226 227 232 233 234 236 241 
243 246 248 249 252 254 257 261 262 265 268 270 
277 281 284 285 288 290 294 299 300 303 309 311 
312 321 327 328 330 331 334 337 339 341 342 346 
347 349 351 354 360 365 369 372 373 375 379 389 
391 394 
118
3 4 11 14 20 27 32 33 36 37 44 47 
53 55 56 60 65 70 72 78 83 91 96 100 
102 104 108 110 114 115 120 123 124 128 132 138 
139 147 150 152 153 156 163 168 169 172 174 176 
178 185 188 191 192 196 201 203 205 208 210 212 
215 216 218 220 227 235 236 237 242 244 247 250 
254 256 263 264 268 271 272 275 279 286 290 294 
295 297 298 299 300 305 317 319 321 323 327 333 
341 342 343 344 345 348 349 350 353 355 359 363 
364 366 370 373 380 383 388 393 397 398 
102
3 11 12 18 19 30 32 40 53 59 60 63 
67 71 75 80 83 88 89 91 96 103 108 117 
119 124 129 139 148 150 151 156 157 162 168 170 
172 173 176 187 188 194 195 198 201 208 215 216 
225 226 229 230 231 236 240 244 249 254 256 265 
267 270 271 272 275 278 279 280 281 282 291 292 
299 300 304 309 313 315 316 320 331 334 336 337 
340 342 343 346 350 352 361 363 364 370 372 373 
377 387 389 390 393 400 
122
6 7 9 16 17 25 30 31 41 42 46 49 
50 51 53 62 64 65 71 72 73 74 75 76 
81 84 85 87 90 91 100 101 103 104 105 108 
109 114 119 122 135 142 143 147 148 150 151 154 
155 156 158 160 163 164 166 171 175 179 180 183 
187 191 200 202 217 221 222 228 229 234 243 244 
245 247 248 249 252 253 255 262 264 271 272 273 
275 278 286 287 289 293 296 298 301 308 311 314 
325 326 327 330 333 339 340 342 347 349 354 357 
358 362 366 370 373 375 379 380 382 385 388 391 
394 399 
120
2 6 9 10 19 21 22 25 39 41 48 51 
59 60 61 66 70 73 78 82 83 90 91 94 
101 104 105 108 109 110 113 114 118 121 124 126 
128 132 133 137 146 148 153 154 155 156 158 159 
165 177 180 186 187 190 191 197 207 209 211 212 
215 221 226 227 229 230 234 235 240 242 244 246 
248 249 250 251 252 253 257 258 261 262 264 265 
270 273 274 275 278 287 288 291 292 294 295 302 
306 310 311 313 318 325 327 343 344 345 351 361 
366 367 370 371 372 378 381 382 387 393 396 399 
129
8 9 16 21 22 27 31 34 35 40 41 42 
47 53 56 59 62 63 64 66 67 68 70 72 
78 79 80 83 89 94 95 96 101 105 114 117 
119 128 129 135 140 141 144 148 154 155 158 159 
166 168 170 172 175 176 177 180 188 190 192 194 
195 196 200 203 204 209 212 213 215 216 220 224 
225 226 229 240 243 245 247 250 255 258 260 263 
266 268 274 279 281 285 290 295 296 298 300 301 
304 305 306 307 309 311 316 317 318 321 323 327 
332 333 341 343 348 349 353 360 365 367 371 373 
374 377 379 380 382 385 390 392 399 
125
2 4 8 9 11 12 13 15 19 21 24 27 
34 35 40 42 50 53 57 58 59 61 64 69 
70 77 80 94 95 99 103 110 113 115 121 122 
123 124 127 128 129 133 136 140 144 145 152 154 
156 169 172 173 177 180 186 187 190 191 195 198 
199 202 208 209 213 215 217 218 221 223 230 231 
232 237 238 240 242 243 245 249 250 251 257 260 
267 268 270 274 278 282 284 286 287 290 296 298 
299 303 304 312 314 318 319 320 321 323 326 327 
328 331 333 334 336 338 340 349 366 367 370 376 
383 389 392 394 395 
118
6 7 9 10 16 17 27 28 32 38 44 46 
47 54 60 62 65 67 70 78 83 85 89 94 
96 97 104 112 113 114 119 127 128 133 137 138 
139 144 151 154 155 156 161 163 173 174 178 179 
180 181 185 187 188 190 194 199 201 203 207 210 
214 218 220 222 223 232 233 234 235 236 238 239 
243 245 250 252 260 262 267 269 273 279 282 283 
288 297 312 314 318 322 326 332 334 335 340 343 
344 345 346 353 355 357 360 361 362 365 370 373 
374 381 382 384 388 390 392 393 395 396 
118
1 7 8 12 14 19 21 26 27 34 37 40 
42 47 48 57 58 71 74 76 80 81 82 84 
87 88 91 100 109 112 115 116 117 121 122 123 
124 125 131 133 134 143 144 155 159 162 163 169 
170 175 180 181 182 183 187 195 197 204 206 215 
219 221 224 225 239 242 249 251 255 260 264 265 
266 270 274 282 284 287 288 293 295 297 301 307 
310 312 314 315 318 324 328 331 333 337 339 340 
341 344 349 351 352 353 356 357 359 361 365 369 
370 373 383 388 389 390 391 394 395 400 
115
1 4 5 13 14 17 19 26 30 39 44 48 
52 54 55 58 59 61 63 72 77 78 79 90 
93 100 102 103 104 106 107 109 113 117 121 132 
136 137 143 147 153 154 157 158 159 162 164 166 
167 171 173 174 178 179 183 187 188 192 195 196 
197 199 204 205 209 210 211 219 220 221 223 226 
229 231 235 240 241 251 254 256 259 265 266 269 
271 275 277 279 283 285 290 293 296 299 302 305 
321 325 327 330 332 335 336 339 343 349 350 352 
373 375 376 377 382 386 391 
113
5 10 11 14 27 28 29 30 31 32 35 53 
59 64 66 71 75 78 82 95 99 100 102 106 
113 117 118 120 124 126 131 133 136 137 138 142 
144 145 146 152 153 158 160 163 166 171 176 186 
189 192 193 194 197 203 214 215 219 220 225 235 
238 242 248 249 251 252 255 257 264 265 270 271 
272 273 274 275 276 278 280 281 286 291 293 294 
296 298 299 303 312 317 318 321 327 328 332 337 
339 352 353 354 356 357 363 365 370 372 376 381 
384 386 391 399 400 
116
2 5 18 19 22 23 24 31 33 36 42 43 
49 50 54 65 68 73 76 81 82 84 89 91 
92 93 97 100 103 106 107 120 121 124 125 127 
130 138 146 154 161 164 166 167 168 171 174 175 
177 179 181 182 195 201 204 208 213 216 217 218 
220 221 222 227 229 232 234 236 237 239 240 244 
254 261 262 263 268 275 277 286 291 293 294 296 
299 301 302 303 304 308 309 310 314 315 317 320 
323 332 343 347 348 349 352 356 359 360 363 365 
366 369 370 376 381 389 398 399 
121
1 3 8 21 30 31 32 41 42 45 46 47 
48 50 53 58 59 60 70 77 83 85 87 90 
97 99 100 102 104 106 107 109 112 114 115 116 
117 120 122 123 124 126 127 128 134 142 143 145 
146 150 157 159 160 170 171 173 175 177 179 185 
186 190 196 197 198 203 207 208 222 223 225 230 
233 234 237 242 243 261 265 272 274 276 277 279 
281 289 291 295 297 302 303 304 306 308 313 316 
323 324 326 331 335 337 338 344 345 346 350 351 
355 358 361 363 364 368 374 376 377 379 380 383 
393 
120
1 4 6 11 13 20 21 25 27 32 36 37 
40 43 44 56 58 60 63 64 65 67 71 77 
82 83 89 95 97 98 99 100 101 102 105 112 
118 122 126 128 136 137 138 144 146 158 166 168 
172 173 175 177 178 181 184 185 189 190 191 194 
195 197 204 205 208 218 222 223 230 232 234 237 
240 243 248 250 252 255 258 259 263 264 274 275 
277 279 293 302 305 308 309 318 320 321 325 327 
329 332 333 334 336 338 342 343 351 354 356 359 
362 366 368 377 384 385 386 389 390 393 397 399 
112
14 15 23 30 35 42 45 46 47 48 50 51 
54 59 61 64 65 72 73 75 76 79 80 81 
90 91 93 96 97 99 100 103 104 105 109 112 
124 125 127 128 132 144 148 151 157 159 160 172 
175 181 185 187 188 192 196 198 199 200 201 202 
204 207 219 229 231 232 233 236 237 245 271 274 
275 281 284 288 291 292 296 299 302 304 306 307 
309 310 314 316 320 325 327 329 331 332 334 342 
345 349 354 355 360 370 375 377 378 380 385 388 
389 393 394 398 
125
5 6 7 9 13 15 17 19 21 22 23 25 
26 35 37 38 40 47 54 55 57 59 63 68 
69 75 78 79 84 85 97 107 108 111 114 115 
116 117 118 129 139 144 150 151 152 154 159 161 
162 163 167 170 175 178 179 180 186 189 191 198 
201 204 206 209 210 211 213 216 219 220 223 224 
225 226 229 230 231 237 240 244 246 248 250 257 
264 266 275 276 279 286 287 288 289 290 304 307 
311 312 314 316 322 324 326 328 331 334 337 344 
348 349 353 356 362 365 372 378 379 381 384 386 
390 392 395 396 400 
112
1 5 9 11 12 13 21 22 23 24 25 30 
34 41 47 49 50 52 59 60 63 69 70 74 
76 78 84 89 95 110 119 120 130 133 138 139 
140 141 143 156 158 161 164 172 175 179 181 187 
193 194 209 216 217 218 222 224 226 227 228 232 
236 239 242 244 248 252 255 256 258 259 260 263 
265 271 273 277 278 279 285 286 292 296 302 306 
313 317 318 324 326 334 335 340 343 344 348 351 
352 353 357 360 365 366 368 370 373 374 381 382 
383 387 390 392 
115
10 12 13 20 22 25 28 31 32 45 53 55 
60 61 62 65 70 75 78 86 87 90 93 94 
95 104 105 111 114 115 121 123 125 128 129 130 
131 135 136 147 150 153 157 158 161 164 166 167 
168 169 180 182 183 200 204 207 211 213 214 215 
216 220 221 224 226 227 229 235 238 243 244 245 
249 254 255 256 257 261 262 266 267 269 274 276 
281 286 291 294 304 308 312 313 317 323 326 328 
329 337 339 340 346 357 358 364 376 377 379 381 
383 384 386 387 391 398 399 
106
2 3 4 7 11 13 14 16 20 21 29 31 
39 40 48 49 52 53 58 60 63 64 65 66 
78 84 87 88 93 102 118 120 122 125 127 128 
130 131 140 143 148 151 161 168 173 176 179 181 
189 192 197 201 204 205 208 211 215 221 226 232 
240 243 244 255 270 271 273 274 275 278 279 284 
286 287 289 290 292 294 301 313 314 317 321 322 
328 334 340 343 347 348 349 350 361 363 368 369 
371 373 376 384 385 388 389 391 393 398 
117
1 5 9 13 19 28 29 34 39 40 43 44 
46 51 57 64 67 71 74 77 80 81 83 87 
91 93 95 96 97 102 106 108 112 114 119 120 
121 126 127 130 135 140 145 147 158 159 162 163 
164 166 167 173 174 176 182 190 191 195 197 198 
200 207 210 212 215 224 230 235 238 240 243 246 
247 248 255 256 260 262 263 268 275 278 285 291 
292 293 295 299 300 303 305 306 309 314 323 325 
326 333 334 346 350 355 361 368 370 372 374 378 
380 382 385 389 390 392 397 399 400 
118
7 10 11 12 13 16 20 21 23 26 32 34 
35 39 41 42 43 54 55 58 59 64 66 68 
70 76 77 79 80 81 86 89 90 91 94 96 
102 108 116 118 119 120 122 128 133 135 137 145 
146 153 154 155 157 159 166 169 176 181 186 187 
188 190 192 194 197 206 208 218 219 220 223 226 
229 230 231 236 241 252 254 256 257 270 272 277 
284 289 290 291 304 305 310 313 325 328 333 334 
335 337 339 344 349 351 357 358 360 363 368 369 
372 374 378 379 380 382 388 389 390 392 
119
6 8 12 14 16 20 24 29 32 36 39 40 
46 49 51 54 58 60 61 62 69 70 73 81 
88 92 100 101 103 105 111 113 114 115 119 120 
121 122 123 129 134 135 137 140 141 157 161 162 
164 174 181 182 183 187 188 193 197 198 199 201 
214 216 218 219 221 229 237 240 245 248 251 253 
254 260 261 263 264 267 269 279 281 292 293 294 
295 303 304 309 317 318 322 329 330 334 335 336 
340 341 342 343 344 345 347 354 359 362 364 367 
370 371 375 380 381 385 389 394 396 397 399 
125
1 3 5 6 8 14 15 19 20 23 29 34 
35 42 43 44 47 49 50 59 60 63 66 72 
77 78 81 82 84 85 86 87 99 107 108 109 
110 111 112 115 117 121 122 124 129 151 152 157 
160 163 171 174 176 179 183 189 190 196 199 201 
204 206 211 213 221 222 224 233 234 235 238 240 
243 249 260 261 265 272 276 282 284 286 287 290 
293 299 304 305 306 316 317 319 320 322 323 324 
326 330 332 336 343 346 347 348 352 353 354 358 
360 361 364 371 376 378 380 381 386 389 390 391 
393 394 395 397 399 
124
2 7 10 11 13 21 22 30 31 32 38 40 
42 44 47 50 53 55 56 57 58 62 66 69 
70 74 76 88 92 95 98 101 103 108 111 114 
117 120 121 131 132 133 134 139 142 149 158 159 
165 177 178 179 182 185 189 194 196 199 201 203 
204 208 209 211 214 218 220 222 227 228 229 231 
232 234 237 239 244 245 247 252 254 256 257 261 
263 264 271 279 281 288 292 296 297 298 299 300 
301 304 307 308 309 314 318 320 329 333 336 337 
352 356 359 363 366 371 372 373 375 379 380 384 
388 389 398 400 
141
6 11 12 14 15 19 20 24 26 28 29 33 
37 40 43 44 45 47 49 53 54 56 58 59 
72 76 77 78 80 83 85 90 92 93 94 95 
97 100 103 105 106 110 115 116 117 118 123 124 
125 127 136 138 141 150 155 156 160 164 168 170 
171 173 175 176 178 179 182 188 189 199 204 205 
208 216 218 219 223 224 231 234 241 245 249 254 
255 259 262 264 265 271 272 274 275 277 281 282 
283 284 286 288 295 296 298 302 303 305 308 311 
318 321 329 332 333 337 340 343 345 347 349 351 
354 356 357 358 360 361 367 368 370 371 376 379 
380 382 384 385 388 389 390 392 393 
114
6 12 14 21 22 23 24 28 32 37 38 45 
51 52 60 62 65 68 70 73 78 85 88 89 
97 103 108 111 112 114 118 119 124 127 132 135 
137 139 143 146 147 148 154 155 157 158 164 169 
173 179 182 183 185 186 187 199 209 210 214 216 
218 221 224 229 231 234 236 238 240 246 248 250 
252 255 257 259 260 263 266 268 270 273 278 282 
284 285 290 291 298 300 302 305 307 309 313 323 
326 334 340 343 344 349 350 357 359 368 375 380 
382 383 387 390 398 399 
134
1 3 6 9 10 11 15 22 27 29 30 33 
35 36 37 39 43 44 45 46 53 63 70 77 
78 79 80 82 85 86 88 93 98 99 100 103 
106 108 109 110 112 114 117 118 119 131 132 137 
144 146 147 151 158 162 168 169 173 175 177 182 
184 185 186 194 197 198 199 200 203 205 206 208 
212 217 218 221 223 227 230 231 239 243 244 251 
254 258 259 261 262 266 269 271 273 275 276 281 
283 284 286 287 288 291 296 299 305 306 307 313 
318 322 324 325 326 331 335 343 346 348 349 350 
355 364 366 372 373 374 382 383 385 390 396 398 
399 400 
105
2 5 9 11 13 14 15 16 21 24 25 26 
31 33 34 39 42 44 47 51 52 54 58 59 
60 63 66 67 69 70 79 84 86 87 91 96 
103 108 110 113 115 123 125 131 141 143 144 148 
150 153 155 160 168 171 174 181 199 202 207 212 
217 220 224 226 228 230 231 232 233 235 238 247 
248 255 269 276 288 291 292 294 301 308 312 313 
323 325 327 332 334 336 348 352 361 362 373 374 
376 382 385 387 389 390 395 396 398 
121
1 2 6 8 12 13 15 17 18 22 23 42 
49 51 58 59 63 66 67 69 70 82 85 87 
88 99 100 102 104 106 107 112 113 115 118 119 
122 124 127 129 130 132 133 134 137 140 144 146 
147 153 155 157 163 165 168 173 175 179 180 181 
185 189 191 193 199 205 216 224 226 234 240 241 
243 244 245 246 247 250 251 254 265 268 274 275 
276 278 280 281 290 300 301 304 305 308 312 313 
316 317 322 325 329 332 334 337 341 342 346 350 
353 357 358 359 363 368 373 375 379 381 387 392 
396 
103
2 4 6 15 25 27 28 32 45 49 52 54 
55 58 59 61 70 77 81 82 84 92 93 96 
98 99 100 103 109 115 118 120 130 137 146 147 
148 150 151 152 158 168 174 175 182 185 186 189 
191 201 205 206 208 209 212 213 215 218 222 226 
227 233 234 236 237 246 252 265 269 270 282 290 
291 295 298 307 311 313 314 315 320 323 324 329 
335 337 338 340 341 351 357 358 359 361 362 364 
372 375 377 378 381 386 387 
132
1 10 16 23 24 25 26 36 37 41 43 44 
45 46 47 48 49 54 56 57 58 59 60 63 
64 67 72 73 76 77 82 93 95 98 101 102 
103 105 106 109 112 113 117 122 127 128 129 131 
134 135 137 139 141 142 144 146 147 150 152 154 
158 162 171 178 179 180 183 186 187 193 198 201 
203 211 214 216 221 222 225 226 230 231 233 235 
242 246 248 250 254 255 264 268 269 271 273 277 
278 281 283 284 286 292 297 301 302 305 306 307 
310 315 321 325 336 337 351 352 353 354 356 360 
365 367 370 372 373 380 382 383 388 394 397 398 
130
4 7 10 14 15 18 29 31 35 36 38 39 
42 43 45 46 47 48 49 50 56 61 70 72 
74 80 81 83 86 87 90 91 96 100 105 106 
107 110 117 121 124 131 140 147 150 152 153 154 
161 173 174 176 177 178 188 190 194 198 201 202 
205 206 210 214 217 223 229 233 238 241 243 245 
247 248 258 259 260 261 264 267 268 270 271 276 
278 281 282 283 288 289 290 294 297 300 301 304 
306 307 309 312 316 323 326 327 335 336 337 338 
343 348 349 351 353 354 355 356 358 368 369 370 
374 381 384 386 387 392 395 397 399 400 
117
6 10 12 13 15 17 18 19 21 23 27 28 
29 34 37 39 43 52 54 58 59 61 62 66 
68 74 76 78 91 101 104 108 109 112 113 116 
134 136 140 142 150 152 154 157 158 165 170 172 
180 181 186 187 189 191 193 196 199 202 208 210 
213 216 218 219 223 231 232 234 236 239 241 247 
251 252 255 256 258 269 275 279 286 287 295 296 
301 302 304 306 308 310 316 318 319 322 324 328 
337 345 347 350 351 354 355 358 363 365 366 368 
376 377 378 381 386 392 394 399 400 
111
8 11 17 21 25 28 35 39 41 43 49 50 
54 57 58 59 60 64 74 76 79 82 83 84 
88 89 91 92 94 101 108 110 111 112 123 130 
133 138 141 143 144 145 149 157 160 164 169 175 
180 182 183 185 195 196 199 201 210 211 212 215 
219 220 223 225 226 230 233 241 249 250 252 253 
256 263 264 266 268 271 278 283 284 285 292 293 
295 302 305 307 311 318 319 320 325 328 331 333 
338 339 343 348 356 358 367 368 375 377 380 381 
394 397 398 
110
3 9 10 13 16 20 34 51 55 56 59 66 
68 69 72 73 74 82 84 87 91 93 96 98 
102 104 108 110 117 119 120 122 124 125 134 137 
138 141 145 148 150 151 152 154 156 157 158 160 
161 172 173 177 182 187 189 193 205 207 213 214 
216 217 226 229 235 239 243 247 251 259 271 272 
273 274 277 278 285 286 292 297 299 300 302 303 
305 309 311 321 322 324 326 327 330 335 340 345 
347 349 352 357 358 359 362 364 384 385 388 390 
393 399 
118
3 6 10 17 18 20 22 24 28 31 34 35 
36 38 40 41 42 46 48 55 58 64 65 66 
73 75 78 81 85 90 98 101 109 119 122 123 
124 125 126 127 130 132 140 142 148 151 152 159 
164 166 167 168 179 181 184 186 197 199 202 209 
216 219 223 225 227 235 238 242 246 252 256 258 
260 265 266 267 270 275 278 280 285 288 289 290 
293 294 295 296 298 307 309 315 316 319 321 323 
326 327 330 332 336 338 343 344 345 352 353 357 
359 360 369 370 380 388 389 391 394 397 
108
1 5 9 12 19 24 31 33 36 37 40 42 
43 45 51 55 57 61 62 73 75 77 85 87 
92 95 96 104 106 109 114 115 116 119 123 134 
136 140 151 153 159 167 168 173 174 177 179 180 
181 183 184 186 189 192 196 201 206 210 213 224 
225 226 227 230 237 240 244 249 265 266 267 284 
287 292 293 294 297 298 303 310 311 312 313 314 
316 322 324 325 329 331 332 333 341 347 348 349 
351 356 362 365 366 370 379 380 388 393 396 399 
123
6 9 11 14 18 20 24 26 29 43 44 52 
53 54 61 66 70 74 76 77 78 80 81 82 
88 90 94 99 106 107 113 114 116 119 124 127 
129 135 136 137 141 143 146 147 150 153 154 158 
171 174 175 177 179 180 181 184 185 193 194 195 
197 199 200 201 206 223 224 227 229 230 235 236 
238 242 244 249 250 253 256 257 259 261 262 264 
267 268 274 279 283 285 295 304 305 306 307 310 
316 320 321 323 324 327 330 331 332 338 356 359 
361 362 364 367 370 374 375 376 380 382 389 390 
391 393 395 
132
4 6 8 9 12 15 18 20 21 22 29 38 
40 44 45 47 48 50 51 52 53 56 67 69 
70 71 74 75 78 79 80 85 86 88 93 97 
100 104 105 111 114 115 117 125 133 134 135 137 
142 148 149 150 151 154 161 164 167 169 170 171 
172 173 174 181 184 190 192 193 196 197 198 200 
201 202 203 206 219 226 227 236 238 239 240 241 
243 247 249 255 257 258 259 260 261 263 268 272 
278 280 285 290 292 293 297 302 304 309 314 324 
334 335 336 348 350 353 357 358 359 361 363 364 
368 370 371 372 373 375 376 378 382 390 393 397 
126
6 8 11 16 18 25 27 31 32 39 48 53 
54 55 56 59 65 71 72 77 80 81 84 88 
91 94 95 96 97 102 103 104 105 110 113 120 
121 122 124 125 126 127 128 129 132 135 136 140 
145 146 148 149 150 160 161 162 163 166 173 175 
179 184 186 188 190 194 199 212 219 221 229 230 
233 238 242 245 248 251 252 254 255 258 261 262 
273 274 275 289 290 291 299 306 309 312 313 316 
320 321 323 324 330 331 332 333 337 338 347 348 
349 351 352 354 356 362 365 366 368 376 377 379 
382 385 388 391 395 399 
118
2 3 4 9 18 21 23 24 26 28 32 33 
36 43 52 54 56 57 61 64 66 68 70 72 
73 74 76 77 79 80 86 96 98 101 106 107 
117 118 119 128 129 130 133 136 143 149 150 153 
159 160 161 163 164 170 172 175 182 184 189 190 
195 198 199 206 209 215 219 220 229 230 234 235 
239 242 244 252 256 261 263 269 274 285 286 303 
305 308 310 313 316 321 322 327 329 332 334 336 
338 339 340 344 346 347 349 352 357 360 365 366 
367 371 378 384 385 388 389 390 392 395 
105
6 9 16 19 21 26 28 30 36 38 49 53 
60 61 62 64 68 72 73 77 81 83 90 96 
107 109 112 114 118 122 124 125 129 131 132 133 
136 138 143 146 147 151 154 168 170 171 174 175 
185 186 190 194 195 198 201 208 209 211 214 217 
219 222 224 229 230 234 235 238 239 247 256 258 
260 266 268 270 273 275 276 296 299 303 320 325 
332 334 337 342 348 351 354 357 359 360 371 373 
377 380 383 384 391 392 393 398 400 
116
1 5 13 20 23 24 27 29 32 33 34 42 
44 45 49 52 53 55 56 59 61 65 66 67 
69 72 75 77 81 82 84 86 87 92 94 98 
100 104 110 112 117 118 122 126 131 135 144 149 
151 153 160 164 171 181 183 186 189 192 198 204 
211 213 216 219 221 223 224 226 229 231 240 242 
246 250 252 254 260 262 264 273 275 278 283 291 
292 294 296 307 308 309 310 318 322 323 326 328 
333 343 346 348 349 352 353 356 359 361 362 370 
374 375 380 382 383 389 394 395 
123
1 3 7 8 10 21 23 29 35 36 37 50 
55 56 57 61 63 67 72 81 83 88 92 93 
97 99 102 104 106 111 119 122 125 126 128 130 
136 138 143 150 152 153 156 161 162 163 164 168 
170 173 178 180 181 186 188 189 190 200 206 208 
209 211 214 215 221 222 227 229 233 237 238 247 
248 251 254 260 261 263 276 282 286 287 289 290 
294 298 300 301 306 308 315 323 324 326 327 329 
332 334 339 340 342 347 349 351 354 357 358 362 
363 367 370 371 373 374 375 376 377 379 383 388 
393 395 400 
113
1 5 12 18 20 22 27 32 35 36 37 40 
41 48 51 52 59 61 62 63 64 69 72 76 
77 88 101 104 107 110 112 113 117 125 127 128 
135 137 140 143 145 147 148 150 151 154 162 167 
170 177 178 179 185 191 198 204 213 214 216 218 
221 224 226 228 233 235 238 242 247 249 257 258 
261 265 271 275 276 280 285 290 299 302 303 304 
305 307 308 311 312 313 314 315 316 319 322 323 
324 326 348 352 353 354 359 367 371 374 376 378 
381 382 383 390 396 
128
1 2 3 9 10 17 21 22 26 29 31 33 
34 37 38 40 42 45 46 51 53 57 59 63 
71 74 76 77 82 83 85 87 88 89 92 95 
101 107 108 109 111 112 113 116 118 119 127 128 
131 134 135 143 149 150 153 159 161 162 164 165 
170 171 172 175 179 181 187 188 189 190 191 197 
201 205 207 211 214 215 216 218 228 229 231 235 
237 241 242 247 254 259 265 267 275 276 281 285 
286 289 292 300 304 307 310 317 319 326 340 341 
345 346 350 354 356 357 358 361 362 375 377 379 
380 384 388 390 394 397 398 400 
132
6 7 8 26 28 29 31 35 40 41 49 52 
53 55 56 60 61 63 64 69 70 71 72 79 
91 93 97 102 104 107 108 113 114 116 117 121 
123 127 131 132 137 140 142 143 146 160 171 178 
179 181 186 188 190 193 197 198 200 205 207 212 
213 214 217 220 223 225 227 237 240 241 244 246 
248 249 251 253 255 258 259 261 265 267 270 271 
273 274 279 280 286 287 290 293 294 297 299 301 
302 303 306 307 313 314 316 317 318 322 325 326 
328 332 333 336 337 339 351 356 357 359 361 364 
366 368 376 378 379 381 387 389 394 396 398 400 
134
4 6 8 14 18 20 24 25 27 28 29 31 
34 37 38 41 44 51 55 65 66 67 69 74 
79 83 94 96 97 100 104 105 106 107 109 110 
111 118 122 124 125 126 131 132 135 139 142 143 
146 149 150 162 168 172 173 176 180 182 183 186 
188 189 192 195 196 198 200 203 204 208 210 211 
212 213 215 217 224 225 231 232 233 236 239 240 
249 253 265 266 269 271 272 274 276 279 290 292 
293 296 297 299 301 306 308 309 314 317 326 329 
333 335 336 340 341 342 343 345 347 348 350 351 
352 354 358 360 362 363 367 369 371 376 380 381 
384 389 
128
1 5 8 12 13 19 23 28 30 37 40 41 
42 46 48 51 53 57 58 62 64 65 66 68 
73 84 85 89 92 99 101 104 106 107 110 111 
115 117 126 128 129 132 133 135 139 140 146 150 
153 158 159 161 168 169 171 178 179 180 184 185 
188 190 192 194 195 196 201 207 209 216 218 219 
223 224 226 228 234 242 246 250 255 256 257 258 
262 273 274 278 279 280 284 285 286 289 290 291 
292 293 297 300 301 313 314 315 317 318 321 327 
334 335 337 341 346 352 354 358 362 366 370 371 
372 375 378 385 387 392 398 399 
132
4 6 12 15 20 25 26 31 33 36 37 40 
43 47 48 49 50 57 58 61 64 68 69 74 
76 77 78 79 80 82 84 85 88 89 92 93 
95 98 99 101 103 105 108 113 114 118 123 124 
127 129 136 137 139 141 144 145 146 152 155 156 
159 164 167 168 174 175 182 184 186 189 190 199 
204 205 206 208 211 212 213 218 224 225 230 232 
235 238 241 242 244 248 252 253 256 257 259 272 
274 276 279 282 284 289 296 300 303 304 307 309 
310 315 317 319 320 323 326 333 337 342 351 360 
365 367 368 373 379 380 386 387 388 390 397 400 
130
3 10 12 23 25 26 28 34 35 37 42 44 
45 47 48 50 55 57 60 61 69 70 73 81 
82 84 89 92 95 99 100 102 103 104 105 106 
110 111 113 114 118 122 123 124 125 129 131 134 
138 140 142 145 152 155 157 161 164 167 176 182 
183 185 187 188 189 195 198 204 205 217 228 229 
231 232 233 234 240 242 244 252 253 256 262 264 
269 271 272 275 281 282 285 296 298 299 301 302 
306 307 311 312 316 321 323 327 328 331 333 337 
338 340 347 350 354 356 357 359 373 374 377 380 
381 383 386 388 390 392 393 396 399 400 
131
6 8 9 11 14 16 18 23 31 33 35 39 
46 52 54 57 60 64 65 71 73 75 77 78 
83 84 87 88 91 92 93 105 106 116 117 118 
119 124 126 129 130 140 141 143 144 151 154 156 
157 164 165 167 169 170 174 178 179 180 181 184 
185 186 199 207 209 211 215 216 220 221 224 226 
228 229 230 235 238 239 241 242 244 249 251 255 
256 257 260 261 263 264 270 272 283 285 287 289 
293 295 296 306 313 317 320 321 323 325 327 329 
332 335 344 349 353 355 356 357 359 360 361 363 
364 366 367 368 374 376 378 380 388 389 391 
130
1 2 4 9 11 13 14 23 27 28 29 32 
40 51 53 55 62 63 64 66 69 73 74 75 
76 78 83 84 91 95 98 99 100 101 102 106 
110 111 112 119 120 122 125 129 131 132 135 144 
145 148 149 156 158 163 171 173 175 177 179 180 
181 183 196 202 205 208 211 217 218 219 220 224 
225 228 229 231 239 240 241 244 246 248 249 255 
259 262 266 267 268 271 273 277 278 279 281 285 
287 293 294 296 301 304 305 307 316 319 320 321 
323 329 332 333 334 338 343 344 348 357 358 360 
363 365 366 367 370 377 378 392 397 399 
128
3 8 10 19 21 23 31 41 42 43 44 49 
50 52 56 60 61 63 67 69 71 74 75 80 
81 85 86 88 89 93 94 95 99 100 101 106 
108 111 114 115 120 123 125 131 140 142 144 151 
154 158 159 161 164 169 170 174 176 181 182 190 
191 193 194 199 202 203 206 207 209 210 214 221 
223 224 229 233 235 237 238 240 245 255 259 262 
263 266 277 283 288 292 293 295 302 303 304 305 
314 317 322 323 324 325 328 329 330 332 333 339 
341 343 351 354 357 359 361 363 364 368 374 375 
377 383 387 390 391 394 395 398 
112
7 10 14 18 21 23 26 28 37 41 46 49 
54 58 63 71 73 75 77 87 88 89 91 93 
96 98 99 107 109 114 117 122 126 127 134 141 
144 146 147 148 153 154 155 156 166 171 177 178 
179 180 182 185 186 191 197 199 200 202 205 216 
219 222 223 224 226 231 232 234 239 244 247 248 
251 259 260 271 274 275 282 284 288 294 295 305 
306 308 309 310 313 315 319 322 323 324 326 334 
337 340 342 344 347 351 364 366 367 368 370 381 
384 386 390 392 
120
1 2 13 14 15 17 18 21 25 26 34 37 
39 41 46 49 50 57 58 61 62 63 68 71 
73 79 84 96 98 99 104 108 116 119 128 132 
135 136 137 138 143 144 147 148 151 152 159 161 
168 169 170 185 188 192 195 197 199 201 203 204 
206 208 209 212 218 219 221 227 228 231 234 239 
240 243 244 246 247 249 250 253 255 257 264 265 
270 274 276 280 282 283 287 297 302 311 312 319 
320 321 323 325 327 331 334 335 351 355 357 360 
369 371 372 374 375 376 389 390 392 393 395 398 
124
1 2 6 7 11 13 14 26 27 36 38 44 
45 46 49 51 54 55 58 61 62 71 72 82 
89 92 96 97 100 103 104 105 107 123 128 132 
135 137 138 143 149 151 155 167 173 177 179 181 
182 183 186 188 190 193 199 201 202 205 210 215 
221 225 227 230 232 236 237 238 245 246 247 250 
251 252 253 255 256 270 273 274 277 279 282 287 
288 292 295 301 303 306 307 309 310 312 315 319 
320 321 323 327 328 331 334 335 336 338 345 347 
349 350 351 358 360 363 367 370 372 375 376 381 
384 386 393 395 
111
3 4 7 11 13 17 19 23 28 30 33 35 
36 41 42 43 46 49 52 56 58 63 69 72 
76 81 84 90 91 99 101 104 106 111 112 114 
115 119 125 127 128 132 134 139 147 149 152 154 
157 162 167 168 171 175 181 182 192 193 196 200 
201 202 206 214 216 218 224 228 235 238 239 248 
252 255 257 258 261 271 276 283 290 302 319 320 
324 327 328 330 331 335 338 346 347 350 351 352 
356 357 367 370 372 373 375 377 379 386 388 390 
391 397 398 
133
3 7 13 16 17 21 23 24 25 27 28 35 
47 49 51 62 64 66 67 69 74 75 76 79 
82 88 89 92 96 97 99 100 104 105 108 111 
112 113 114 115 120 123 129 132 133 134 138 139 
140 141 142 143 149 157 164 166 171 175 178 180 
182 183 185 187 188 190 199 203 209 211 212 214 
215 216 218 225 227 228 229 230 232 235 238 240 
245 251 255 260 262 265 266 268 271 272 274 278 
280 285 288 291 292 293 296 301 302 304 307 309 
314 322 326 332 343 345 348 350 352 354 355 356 
361 373 376 378 379 380 387 390 392 394 396 397 
398 
111
4 10 11 15 18 25 34 36 40 41 42 45 
49 53 54 58 60 61 78 84 89 92 97 98 
104 105 109 111 113 118 124 130 131 134 135 136 
138 144 145 149 151 159 163 165 168 171 175 176 
178 179 180 184 189 205 208 209 212 215 216 220 
226 231 240 244 246 247 249 250 251 253 258 261 
262 266 270 273 275 277 280 285 291 293 298 299 
301 302 305 310 313 315 316 317 321 324 336 337 
342 344 348 351 353 362 367 370 380 381 386 393 
394 395 397 
137
2 4 5 6 16 20 22 24 27 32 33 36 
40 43 47 53 55 58 60 73 76 78 79 81 
85 89 92 95 97 98 101 103 106 110 115 119 
121 123 124 128 134 138 142 144 147 151 161 164 
165 166 172 177 179 180 182 195 196 198 199 200 
201 203 210 212 213 219 221 222 227 228 231 233 
235 240 243 244 245 246 251 253 258 264 266 269 
270 273 275 276 281 282 286 287 291 292 293 294 
299 305 306 307 310 314 317 319 321 322 323 326 
327 328 336 338 342 345 346 347 349 350 352 353 
356 357 358 361 363 364 368 369 370 375 376 377 
379 381 390 392 398 
108
2 4 5 6 7 15 18 20 21 23 24 25 
31 34 38 40 47 59 60 68 70 73 80 85 
91 96 98 99 101 105 114 121 125 133 138 145 
146 151 153 154 155 160 161 163 167 171 172 184 
185 188 190 196 199 203 208 209 210 222 225 226 
228 229 230 239 242 244 245 246 251 254 256 260 
264 266 273 274 276 277 289 291 297 298 299 300 
306 311 322 326 327 330 332 336 340 341 342 343 
344 347 354 355 356 362 366 374 375 382 385 389 
109
2 3 4 16 18 20 23 25 27 28 33 34 
37 38 40 42 44 45 50 51 67 73 74 85 
90 91 92 96 102 103 107 108 111 114 118 121 
133 137 138 150 155 157 160 163 169 170 171 175 
177 179 184 187 190 199 205 207 218 220 226 227 
234 235 237 241 244 247 249 254 257 263 264 266 
271 273 275 277 283 284 285 291 292 304 307 308 
309 311 313 316 317 322 327 336 339 341 343 346 
347 351 364 366 376 377 380 381 383 389 394 395 
396 
125
2 5 7 8 9 12 13 16 17 28 30 33 
35 38 45 47 48 51 52 53 55 62 66 67 
69 70 71 73 74 76 79 86 87 91 93 96 
99 105 106 109 116 118 120 122 123 126 130 133 
137 139 142 144 146 147 149 151 156 161 164 165 
169 171 172 175 180 186 191 201 203 204 210 212 
214 216 218 219 221 238 247 249 256 259 260 262 
264 265 266 267 270 277 284 286 289 291 292 293 
299 302 304 311 314 319 320 322 324 325 333 337 
339 341 357 360 365 368 371 373 375 377 378 380 
381 385 387 389 398 
121
4 6 7 8 11 19 22 23 24 26 31 36 
39 40 41 45 47 52 57 58 59 60 62 63 
64 65 69 70 72 76 87 88 89 94 98 99 
104 105 113 117 120 128 133 136 143 144 146 148 
154 157 159 161 165 166 173 174 177 180 181 182 
183 184 186 187 188 191 192 195 196 197 207 209 
211 212 218 225 235 244 247 249 255 256 257 258 
276 277 282 288 291 292 301 302 305 310 312 317 
323 324 332 334 336 337 339 341 346 347 351 356 
357 360 364 376 377 378 380 384 387 390 392 393 
399 
103
8 13 14 15 17 21 22 24 27 34 36 38 
39 40 41 45 49 52 55 70 74 89 92 94 
98 99 106 108 112 115 125 127 132 134 138 151 
157 161 171 175 176 180 181 189 192 195 200 201 
204 209 211 214 216 219 220 229 231 235 238 245 
247 248 249 253 255 263 264 269 270 272 276 279 
286 291 299 304 320 324 327 328 330 333 334 337 
340 341 348 349 351 358 359 360 361 364 373 380 
381 384 385 392 396 397 398 
109
1 7 8 10 13 14 15 17 18 19 20 24 
26 27 28 30 36 39 44 57 60 61 64 67 
73 74 78 79 80 90 95 98 99 100 108 112 
120 126 128 132 133 135 137 145 151 152 157 163 
164 165 169 177 182 184 198 199 204 209 218 222 
227 231 235 236 238 244 246 250 255 258 261 262 
263 267 268 271 274 278 280 285 295 310 312 313 
315 319 328 330 332 333 343 345 346 348 353 354 
363 364 368 369 370 378 379 382 383 389 392 394 
396 
131
1 5 7 14 16 17 21 25 47 48 51 52 
55 56 70 71 72 77 86 87 88 89 92 103 
105 107 113 118 120 121 126 132 134 145 147 149 
150 152 155 156 157 162 165 168 169 170 171 175 
177 178 180 181 183 186 189 190 193 194 196 200 
201 204 211 213 214 218 219 221 222 224 230 231 
232 233 236 241 243 248 251 257 261 267 276 277 
282 283 285 289 291 293 294 298 300 301 308 310 
314 315 317 319 320 324 325 328 331 334 335 336 
337 339 340 347 351 354 356 360 362 369 372 375 
376 377 378 379 384 386 390 392 393 395 399 
114
5 6 8 10 15 16 18 21 22 24 29 31 
32 36 48 50 58 70 76 81 96 98 99 102 
112 113 118 121 122 123 125 129 137 139 141 145 
148 149 152 154 155 156 158 167 168 171 172 175 
177 193 194 195 199 201 204 206 207 209 218 219 
220 227 228 230 233 234 235 236 238 240 243 249 
256 263 268 273 276 281 282 283 284 290 294 296 
300 304 306 312 313 316 328 330 331 334 335 341 
342 344 347 350 351 353 355 361 362 363 373 379 
384 388 391 392 394 396 
103
5 8 10 14 20 23 28 31 36 38 41 45 
47 53 59 61 69 72 74 76 86 87 90 91 
93 95 96 106 115 116 127 129 140 145 146 152 
154 156 157 160 163 167 168 171 174 175 177 181 
188 189 194 195 198 213 218 224 226 228 239 240 
249 251 252 256 259 261 262 269 272 280 283 292 
295 302 306 309 310 311 313 315 317 320 327 329 
338 343 344 345 355 361 365 366 370 371 375 378 
381 383 386 391 398 399 400 
86
1 6 11 17 20 21 22 25 30 32 34 35 
39 42 48 52 55 56 57 59 69 82 86 87 
92 93 99 100 119 123 124 125 141 162 165 166 
178 180 181 191 193 194 195 197 199 200 201 208 
211 216 218 222 223 234 236 240 243 248 250 255 
269 285 287 294 303 309 310 319 321 323 329 330 
339 343 345 346 348 353 356 357 358 364 375 386 
392 396 
128
1 3 4 9 10 17 22 25 28 30 40 42 
46 53 56 58 60 61 62 64 73 76 77 80 
81 84 87 96 99 101 105 108 116 118 122 125 
129 132 134 136 138 141 143 144 148 152 154 157 
160 162 163 165 166 170 174 175 187 188 191 193 
197 198 202 209 215 219 220 222 223 225 228 229 
230 234 236 242 244 247 251 253 254 255 257 262 
265 266 268 271 277 281 286 289 290 296 297 305 
306 312 315 316 317 318 320 324 327 328 336 337 
343 345 346 347 348 350 351 352 355 368 370 375 
378 382 384 385 391 392 393 400 
114
1 2 4 8 10 13 19 24 25 26 28 30 
38 46 53 55 60 63 67 71 73 75 77 81 
91 98 100 102 104 108 109 113 116 129 134 136 
145 148 150 154 157 163 164 176 179 180 182 184 
191 194 195 196 203 205 206 209 214 215 218 221 
225 227 229 233 235 237 239 251 256 257 259 261 
282 286 289 291 295 298 300 301 304 307 312 319 
320 326 327 328 329 333 337 338 339 342 344 345 
352 354 355 356 357 359 360 364 365 369 372 381 
382 383 389 392 395 398 
122
1 7 14 18 19 20 21 22 23 27 34 38 
41 44 50 53 56 60 62 68 72 77 81 92 
93 94 102 103 104 106 107 108 109 119 120 124 
125 131 133 135 138 146 147 151 155 162 165 166 
167 168 172 175 184 188 190 199 203 205 209 211 
212 215 216 222 223 224 227 233 235 238 241 243 
245 251 265 266 270 272 273 279 281 285 286 292 
293 294 296 297 298 299 308 309 316 319 321 323 
325 331 336 337 339 340 345 347 348 362 364 368 
371 375 376 378 380 382 383 384 385 393 394 396 
397 398 
126
1 3 10 13 15 17 23 32 35 37 41 43 
44 45 54 55 57 66 76 77 78 80 82 83 
84 89 91 93 99 105 107 109 110 111 120 123 
124 128 132 133 134 135 146 150 152 153 154 156 
159 160 167 168 172 173 175 176 178 179 183 186 
188 192 195 208 209 210 212 213 215 219 220 225 
227 228 231 234 244 247 248 251 252 257 261 262 
263 268 277 283 285 287 289 290 292 299 306 307 
314 317 318 319 324 325 327 329 335 337 339 342 
346 350 357 361 366 368 369 370 377 380 381 383 
385 386 389 391 396 398 
120
2 6 8 9 14 15 18 21 29 35 41 45 
51 52 56 57 58 62 69 77 83 91 99 100 
101 102 107 109 118 119 125 126 127 130 132 135 
136 138 139 141 143 146 147 153 154 155 158 159 
168 169 171 178 179 189 192 193 196 202 205 209 
213 214 222 223 224 230 232 233 234 237 242 245 
247 249 255 256 258 261 262 264 267 270 271 274 
277 284 286 287 288 291 296 300 301 309 313 317 
320 321 322 324 330 332 333 334 336 343 345 347 
352 361 369 371 374 379 380 381 383 386 393 399 
117
6 14 15 21 24 26 30 32 34 36 37 38 
40 43 47 51 52 56 60 61 62 76 78 82 
83 87 90 91 96 108 110 111 114 116 117 120 
121 123 125 126 127 130 132 134 138 139 142 148 
150 156 157 163 168 174 177 180 181 191 192 193 
197 199 200 213 216 219 225 226 227 228 231 233 
234 236 238 241 246 249 257 258 261 264 265 266 
270 275 276 281 289 292 299 304 313 314 316 317 
319 320 321 323 324 325 328 329 334 336 341 342 
343 350 351 352 354 356 378 389 395 
119
1 4 7 9 15 16 19 20 22 23 27 31 
37 38 39 40 42 46 47 50 53 54 57 58 
59 63 72 75 78 84 89 92 93 94 95 99 
102 105 107 108 109 113 115 117 121 134 138 140 
143 144 146 155 159 160 161 168 169 174 177 179 
186 187 194 196 206 207 209 212 213 215 217 222 
223 224 225 226 232 235 236 238 244 249 264 265 
266 267 268 269 272 273 277 281 282 284 287 294 
304 307 308 317 323 324 325 327 328 334 340 344 
345 347 348 360 363 367 369 373 375 379 388 
123
1 2 5 8 10 20 22 24 25 28 34 37 
48 49 51 53 61 67 69 71 73 74 82 95 
107 111 113 114 117 118 124 125 130 131 133 135 
136 144 146 150 155 157 158 160 168 170 172 175 
178 179 185 186 187 191 192 193 194 196 198 199 
201 202 203 204 205 207 211 217 223 224 225 231 
235 236 243 247 253 255 256 259 264 265 269 275 
276 278 285 290 291 292 297 298 304 307 312 314 
315 316 318 323 327 329 330 337 340 341 343 350 
353 355 360 361 368 369 371 374 377 381 385 388 
391 399 400 
136
6 8 10 14 22 24 29 30 36 40 43 44 
52 53 54 56 62 66 67 73 77 78 81 82 
85 86 87 89 93 95 96 97 102 104 105 106 
113 115 117 118 119 121 122 128 134 136 137 138 
143 146 148 152 157 158 159 162 167 170 173 176 
183 186 191 195 196 197 200 201 202 203 204 207 
210 213 215 216 217 220 226 227 230 231 234 236 
237 239 240 244 247 254 259 262 267 271 275 278 
279 280 281 284 291 292 296 298 299 305 306 307 
313 323 324 326 327 330 335 338 347 348 350 351 
352 355 356 360 362 368 371 380 384 387 388 390 
393 394 395 396 
116
1 9 13 15 20 23 30 31 42 47 50 51 
56 58 59 64 71 74 79 80 83 86 92 95 
97 100 102 106 108 113 115 117 120 124 128 138 
141 142 148 150 152 157 161 162 165 169 170 171 
178 179 180 183 184 200 201 206 207 211 212 215 
216 225 226 234 236 237 243 245 247 249 252 254 
255 257 258 259 260 265 272 276 279 285 286 302 
304 306 314 317 322 324 327 328 330 340 349 358 
359 360 362 363 364 367 373 379 382 384 385 386 
387 388 389 390 392 394 395 399 
125
2 4 9 13 14 15 16 20 22 26 29 31 
32 44 46 48 50 57 62 64 67 69 71 74 
77 79 83 87 88 89 93 99 106 110 112 114 
115 117 124 129 132 143 150 151 153 155 157 159 
161 164 172 173 176 180 182 187 190 191 195 200 
201 203 210 211 214 215 216 220 227 228 229 231 
240 243 245 247 248 254 265 267 269 274 275 276 
280 285 286 287 288 293 294 295 298 299 301 302 
303 304 307 312 313 317 318 321 322 323 324 328 
330 338 340 343 359 362 372 373 376 377 378 379 
380 386 390 393 398 
127
4 5 6 7 8 10 15 22 24 26 32 33 
34 36 38 39 40 42 47 52 53 55 58 59 
62 71 73 75 77 84 85 89 90 98 99 106 
109 111 114 116 117 118 124 125 126 128 129 130 
131 133 134 136 144 146 148 157 159 160 165 168 
170 174 175 180 181 190 191 192 193 198 202 206 
214 220 221 225 228 238 241 245 252 253 254 262 
263 264 266 267 269 270 277 283 289 290 291 292 
294 300 301 305 319 321 325 328 330 331 332 333 
337 338 341 344 347 348 353 355 356 358 359 363 
368 371 376 380 382 394 400 
125
6 7 12 16 17 29 31 32 36 40 43 44 
48 49 53 54 55 58 59 62 64 66 75 76 
78 80 81 87 88 92 98 104 110 113 115 117 
121 124 126 130 134 138 139 145 149 157 158 159 
163 164 165 169 172 173 178 182 188 195 196 198 
205 209 210 212 213 214 216 220 221 227 228 230 
232 235 236 238 239 241 245 248 249 250 253 256 
263 271 275 279 282 285 293 295 296 300 301 306 
307 308 309 312 317 318 321 329 330 336 339 340 
347 353 355 364 369 370 373 375 376 382 383 384 
385 386 394 397 398 
126
1 2 8 9 12 14 15 20 22 25 30 31 
41 46 50 56 57 61 65 68 71 73 77 78 
79 80 83 85 89 90 96 99 103 108 114 115 
116 119 121 133 134 138 139 140 144 145 148 158 
159 161 162 165 167 174 180 182 183 185 188 189 
192 193 194 195 198 200 205 210 212 214 222 224 
225 231 238 239 241 243 251 259 261 266 269 270 
271 274 278 279 283 285 287 289 292 294 300 302 
307 314 315 316 318 319 326 327 334 344 349 352 
357 361 362 364 365 366 369 375 382 383 384 385 
386 388 389 395 397 399 
117
1 2 8 11 12 13 14 18 19 26 28 29 
33 34 36 37 45 50 51 52 54 56 62 69 
74 75 79 81 83 92 95 96 98 99 102 105 
110 111 114 117 124 127 128 130 131 134 138 140 
143 146 147 148 151 153 162 166 167 168 169 170 
172 173 185 186 189 190 192 193 195 197 198 199 
202 227 231 235 236 241 251 254 255 257 265 267 
279 286 287 293 297 298 299 310 312 316 319 321 
323 324 326 331 332 334 339 344 349 350 365 367 
373 374 376 380 382 384 393 395 397 
113
2 5 7 8 9 10 12 19 21 25 28 30 
31 39 42 47 57 59 61 65 66 68 72 73 
74 75 76 79 80 82 83 84 88 89 92 104 
105 106 108 110 111 120 124 127 128 135 138 141 
142 143 149 153 154 155 156 157 159 163 172 175 
181 182 188 189 201 205 206 213 215 216 221 224 
230 231 232 235 240 241 244 248 249 255 257 258 
273 275 291 301 302 303 307 326 330 332 340 341 
356 357 358 360 361 362 364 365 366 368 372 376 
380 382 384 387 398 
123
3 4 5 6 10 20 24 26 36 38 39 40 
48 53 54 55 58 72 75 76 79 80 83 86 
87 91 94 101 113 115 116 119 123 134 136 139 
141 143 151 153 154 160 164 172 175 178 180 182 
183 184 187 190 197 198 201 203 204 205 208 220 
222 223 224 227 229 231 232 234 238 248 250 252 
253 254 255 256 258 261 265 267 268 269 286 288 
289 292 295 299 303 310 312 319 325 326 327 334 
336 342 345 346 348 352 354 357 359 364 369 371 
372 373 374 377 381 382 384 385 386 388 391 394 
396 397 398 
122
1 2 3 5 6 7 8 10 12 15 24 25 
31 32 33 35 36 37 40 44 45 50 51 52 
57 59 68 69 70 82 91 96 97 102 106 123 
125 127 129 131 133 135 138 140 143 144 147 154 
155 159 161 162 165 169 174 175 177 180 181 183 
186 187 191 194 196 197 198 199 201 204 207 214 
221 224 226 229 230 242 243 246 247 248 250 252 
257 258 259 262 269 273 275 281 285 286 305 306 
311 315 316 318 324 328 336 337 342 343 347 349 
350 354 356 359 361 362 364 367 370 372 380 381 
396 399 
113
9 14 15 18 19 21 23 28 33 35 42 47 
49 50 54 60 61 65 66 76 80 84 102 103 
104 106 114 119 120 123 124 128 130 132 135 138 
139 141 148 155 157 163 167 168 169 176 181 187 
189 192 196 197 199 205 210 211 214 222 223 225 
228 229 230 232 238 242 244 249 253 255 263 264 
277 278 281 285 288 291 294 296 298 300 301 305 
310 311 315 321 323 325 327 328 334 338 341 345 
348 349 352 354 355 358 359 361 369 371 375 376 
381 390 394 396 398 
110
1 2 3 9 10 12 18 20 25 30 31 38 
44 47 62 66 70 71 72 73 75 80 82 86 
97 102 113 119 120 122 124 125 127 129 131 132 
134 136 142 149 153 155 160 164 165 167 179 182 
187 189 191 194 197 199 200 202 207 216 218 222 
228 237 239 243 247 249 254 257 265 269 274 275 
279 281 287 289 291 293 296 301 302 309 310 311 
315 316 317 318 323 326 335 345 346 348 351 358 
359 362 367 370 371 372 378 380 388 390 391 392 
395 400 
128
1 5 12 15 17 23 25 44 45 51 54 56 
59 62 63 69 70 73 78 79 80 81 82 85 
90 93 102 107 108 110 112 113 114 115 117 119 
123 126 131 133 136 138 140 142 144 147 148 150 
155 160 162 164 171 175 184 186 188 190 194 200 
201 204 205 211 213 216 219 232 234 239 240 249 
256 258 259 260 262 274 279 283 285 288 293 296 
302 306 308 309 312 314 315 317 321 324 329 330 
332 333 340 343 344 347 350 352 354 355 357 360 
363 364 366 367 369 374 375 379 381 382 384 389 
391 392 393 395 396 397 399 400 
106
2 4 7 8 9 10 15 25 31 33 35 43 
54 58 59 61 62 63 64 68 71 73 84 87 
89 91 93 95 99 100 101 103 107 108 110 118 
122 123 124 129 131 133 136 137 140 144 148 151 
157 164 165 173 176 179 182 188 203 205 206 210 
214 216 220 223 227 229 231 234 242 243 246 255 
257 260 262 266 270 273 275 276 289 302 303 309 
314 315 316 319 323 324 325 333 337 340 352 354 
359 361 363 364 375 378 381 383 395 396 
138
1 3 5 6 7 9 12 14 15 20 23 30 
31 32 34 37 39 43 46 48 50 52 53 59 
60 62 63 68 72 79 81 83 84 85 86 91 
98 103 105 107 110 114 118 120 121 123 124 128 
135 136 141 143 144 149 150 151 152 157 160 161 
162 163 170 176 180 187 189 192 195 197 200 205 
207 210 211 217 222 225 226 228 229 233 235 237 
243 244 245 246 247 253 257 263 264 271 274 279 
281 285 290 294 297 298 299 300 303 309 310 311 
312 313 325 326 328 331 333 336 337 338 342 351 
353 356 357 358 359 362 365 368 371 375 377 379 
382 384 386 392 393 398 
127
1 4 9 10 12 13 17 18 19 20 23 25 
31 32 43 44 45 47 48 50 51 54 60 63 
72 74 78 86 89 91 93 98 102 104 106 108 
109 114 121 122 135 138 140 141 143 145 149 150 
154 156 157 161 162 164 166 168 181 182 189 192 
196 202 203 208 209 211 216 218 220 224 231 232 
233 235 240 246 247 249 250 252 254 256 258 259 
265 273 276 277 278 281 282 286 287 288 292 297 
303 311 315 322 325 328 329 332 334 337 345 346 
348 349 352 356 357 361 362 363 367 372 376 379 
383 386 390 395 398 399 400 
118
3 5 8 15 16 18 25 26 28 33 34 35 
39 40 42 43 47 49 53 56 57 61 62 64 
66 68 71 74 75 78 84 87 91 92 94 101 
104 106 107 111 114 115 119 120 130 133 135 144 
147 148 151 153 156 160 163 165 167 179 183 184 
186 191 192 196 199 202 210 212 216 222 224 227 
228 234 240 244 252 253 255 257 258 260 261 267 
268 273 276 277 280 285 288 294 304 308 309 312 
314 315 317 323 327 330 337 342 346 348 350 355 
356 361 365 374 378 380 386 388 392 395 
111
1 8 10 13 15 16 21 22 23 27 29 31 
35 43 63 67 69 73 74 76 79 80 82 88 
89 91 106 108 116 117 127 128 129 133 141 145 
146 148 149 152 155 156 162 172 178 180 184 186 
193 195 197 198 199 201 204 207 210 212 222 231 
233 236 242 244 251 253 254 256 257 259 262 263 
266 270 272 273 275 276 281 293 295 298 299 302 
306 307 311 313 322 323 324 328 333 337 339 347 
348 350 351 352 353 356 368 371 378 379 380 387 
393 395 396 
126
2 4 6 8 9 10 11 17 23 27 29 33 
40 55 56 57 59 61 68 70 74 76 77 79 
82 83 87 88 96 97 98 100 107 109 111 114 
115 124 129 134 136 137 139 141 142 144 145 148 
153 154 159 162 164 167 172 173 174 175 178 184 
192 194 195 196 197 201 202 203 210 213 220 221 
222 225 228 229 230 235 236 237 242 244 245 246 
247 255 258 260 269 292 294 295 299 302 304 306 
307 309 310 311 313 314 317 318 319 324 325 327 
328 332 333 334 344 345 346 351 352 353 359 368 
371 372 380 387 388 393 
125
4 9 10 11 13 16 17 18 19 26 27 31 
34 36 39 44 46 48 49 51 57 63 80 83 
91 95 106 109 110 113 114 115 119 122 125 126 
127 129 131 132 138 139 152 153 155 162 164 168 
170 171 172 176 177 183 184 185 186 193 194 199 
200 201 202 203 206 207 208 210 211 214 215 216 
227 228 231 234 237 242 243 244 246 247 251 255 
256 258 260 265 266 268 274 277 285 288 289 291 
295 297 300 309 311 315 318 319 321 325 333 336 
344 345 347 348 353 355 356 359 360 362 363 365 
369 378 398 399 400 
125
1 15 17 20 23 26 28 29 30 41 43 47 
50 51 52 53 57 64 65 67 71 73 74 75 
77 78 82 84 86 88 90 92 93 96 98 114 
117 119 125 126 128 132 133 136 139 140 144 150 
151 154 156 157 161 163 166 167 168 177 180 182 
189 191 199 201 202 203 206 211 216 220 222 223 
226 227 232 234 238 239 248 249 255 259 262 263 
264 265 266 267 269 271 274 275 278 279 280 287 
288 290 295 307 309 314 318 331 334 336 337 350 
355 359 365 368 370 372 373 374 375 377 379 380 
383 384 386 387 393 
112
4 8 9 16 22 23 27 31 33 35 36 45 
52 68 79 80 91 96 102 104 112 115 118 120 
121 122 123 126 129 132 135 140 142 150 158 159 
164 166 167 173 177 178 179 185 188 190 197 199 
200 201 209 214 215 216 219 224 226 228 233 234 
237 239 240 243 249 250 252 254 257 259 260 261 
262 266 269 270 274 282 283 290 293 294 296 304 
306 309 310 311 313 317 322 329 331 336 337 338 
349 351 354 364 374 375 379 383 384 385 386 391 
392 394 395 399 
122
1 5 6 17 19 20 21 29 33 36 41 47 
49 54 58 64 72 75 76 77 78 80 83 87 
96 101 106 108 109 110 112 114 116 118 121 128 
130 132 133 138 139 143 145 146 147 150 151 157 
160 173 175 176 182 184 187 191 198 200 201 205 
206 209 211 218 219 227 229 230 232 240 244 247 
249 253 254 255 263 265 267 268 270 287 288 289 
296 300 301 302 304 309 311 316 317 318 322 325 
332 340 342 343 344 345 347 350 351 352 359 368 
370 371 374 378 380 382 383 384 385 389 390 392 
393 398 
108
3 6 8 10 24 29 32 38 39 42 51 53 
55 65 66 67 69 73 77 83 87 92 93 96 
99 101 104 105 108 109 115 116 119 130 131 133 
142 150 153 154 159 169 171 181 183 185 187 188 
191 201 203 208 209 212 214 215 219 220 221 225 
226 227 231 232 239 242 245 246 250 251 252 260 
261 262 266 269 276 277 278 284 287 292 294 295 
296 304 306 307 309 311 313 314 316 322 334 338 
346 348 352 359 368 369 372 378 384 390 391 398 
122
1 4 12 18 22 33 42 45 47 54 57 58 
69 73 76 78 83 84 85 94 98 100 101 102 
103 111 113 115 116 117 129 133 134 137 138 142 
143 144 152 153 154 156 157 159 163 171 173 174 
176 189 195 196 197 198 207 208 209 210 217 218 
221 229 232 233 235 236 237 242 244 245 248 250 
251 252 254 255 263 266 267 270 272 273 280 282 
284 288 293 294 301 305 306 309 311 313 319 326 
328 339 349 353 354 358 359 362 365 367 369 370 
371 375 377 378 381 382 383 384 386 387 391 393 
394 400 
117
3 9 18 21 24 27 34 39 48 51 52 53 
55 56 58 59 63 64 65 66 67 91 92 97 
99 101 104 108 119 122 123 130 131 143 144 145 
152 154 159 164 167 168 169 170 175 176 178 179 
182 184 198 199 201 202 205 208 209 210 213 216 
225 229 241 247 249 250 253 254 257 263 265 267 
270 271 272 273 275 278 283 289 290 291 297 298 
301 302 309 310 311 317 318 322 323 331 332 336 
338 340 344 348 350 352 359 360 365 366 373 379 
382 383 384 385 391 392 393 396 397 
123
5 6 7 13 20 21 24 26 30 35 39 47 
55 56 58 62 65 67 74 77 87 91 92 94 
98 99 100 101 108 109 112 126 128 135 138 142 
151 152 155 163 165 168 174 175 176 179 180 187 
192 194 195 196 198 200 202 208 211 212 215 220 
221 224 225 227 228 233 234 236 239 240 243 244 
245 254 261 262 263 265 270 271 274 277 287 293 
295 296 299 300 301 302 306 311 320 322 328 329 
330 332 334 336 338 340 342 344 348 349 350 351 
353 356 362 364 369 370 373 376 385 388 389 390 
394 396 400 
123
1 5 10 14 16 17 19 20 25 26 32 33 
35 36 39 41 42 44 52 53 54 55 61 62 
69 70 73 74 82 84 87 88 89 94 98 106 
111 115 118 120 121 125 127 131 132 136 138 139 
142 145 154 155 156 158 160 162 164 168 174 175 
177 179 188 189 191 197 204 205 207 212 222 223 
228 231 233 236 237 238 241 245 247 248 254 256 
257 280 282 284 285 286 287 289 292 293 299 301 
302 308 309 310 312 313 314 316 317 318 322 323 
335 348 353 356 359 360 364 369 375 377 378 379 
389 391 400 
109
3 4 7 9 12 18 20 21 26 33 34 35 
36 46 51 53 58 64 65 70 72 77 78 90 
94 96 97 98 99 105 106 112 114 119 126 127 
129 135 148 149 152 153 155 162 163 168 170 171 
172 180 181 182 185 188 191 195 199 202 205 208 
215 216 217 219 224 235 242 244 246 247 256 257 
263 269 274 277 278 282 283 285 289 290 298 301 
303 310 312 319 320 338 339 343 345 352 356 357 
365 366 367 371 374 377 379 386 390 394 395 396 
400 
126
2 6 11 12 14 17 21 23 27 29 32 33 
34 36 39 41 43 45 46 48 50 51 52 54 
55 57 59 61 63 67 69 71 78 87 89 90 
91 94 96 98 100 108 109 110 115 116 126 127 
131 133 135 139 143 144 147 148 150 153 156 159 
160 165 166 175 180 183 188 191 198 203 204 206 
208 212 213 216 218 219 228 233 235 243 246 251 
252 254 256 261 266 267 271 275 278 281 284 292 
293 295 296 305 306 307 310 314 316 320 328 330 
337 341 344 347 348 353 354 359 361 368 369 371 
378 385 386 390 394 396 
119
1 5 6 8 13 19 20 22 28 30 33 34 
37 38 42 43 45 49 50 56 58 60 74 76 
81 92 101 106 109 115 120 125 127 136 138 146 
147 148 152 155 156 165 167 174 176 179 186 190 
194 196 198 199 200 204 208 209 212 216 226 228 
229 231 235 236 239 241 242 252 253 254 255 258 
260 262 267 268 277 278 281 282 284 288 292 293 
294 297 301 302 304 310 311 312 314 322 325 328 
335 342 349 352 353 357 360 364 367 369 372 374 
378 379 382 385 387 389 390 392 395 396 398 
121
2 7 9 14 15 16 18 19 21 31 35 41 
42 43 45 47 49 54 55 56 58 61 62 63 
65 67 71 73 75 77 81 88 89 101 102 103 
105 106 111 112 114 118 123 125 126 128 131 133 
134 135 140 142 145 147 149 151 155 156 163 170 
176 179 183 188 191 194 196 205 214 223 224 225 
234 235 241 243 247 251 254 257 260 266 270 271 
273 274 281 287 288 296 298 304 307 312 316 318 
325 327 328 330 331 345 346 350 351 355 356 374 
375 376 377 378 379 380 382 383 384 391 394 397 
398 
134
2 4 5 6 7 10 17 27 30 31 33 38 
44 46 52 54 55 66 68 75 76 77 80 82 
84 87 89 94 95 96 97 99 100 101 103 105 
106 107 108 109 110 113 115 122 131 132 137 143 
144 145 147 154 155 158 171 175 177 179 183 184 
185 186 190 192 196 200 201 204 210 211 212 213 
225 227 231 235 239 241 242 243 245 246 252 261 
264 274 277 279 281 285 290 291 293 295 296 299 
302 304 307 311 312 323 326 329 331 335 339 342 
343 344 345 346 350 351 354 355 359 362 367 368 
369 373 378 380 385 386 388 389 390 391 395 396 
398 399 
126
10 12 13 15 17 21 24 26 27 29 31 39 
44 50 51 52 53 54 58 60 61 63 67 68 
74 75 77 89 93 94 95 97 100 104 108 110 
122 123 128 131 134 139 143 144 149 150 154 163 
165 166 167 172 174 176 179 184 185 187 189 190 
193 198 199 200 201 211 212 216 218 224 226 227 
228 230 233 234 236 237 246 247 248 254 255 259 
260 262 263 264 265 267 277 280 283 284 289 291 
294 298 305 309 316 320 327 330 331 332 334 336 
337 338 339 342 346 350 351 354 360 361 365 369 
376 386 389 391 393 399 
120
3 5 6 7 9 19 23 26 28 30 31 38 
44 48 50 52 54 56 63 74 76 79 87 88 
91 93 100 101 103 105 109 110 112 117 125 126 
130 131 133 136 138 141 149 150 151 152 156 168 
172 173 185 190 192 196 202 203 210 218 226 230 
235 242 243 246 251 252 255 258 259 261 262 263 
275 278 280 288 290 291 292 293 295 302 303 308 
315 317 318 319 320 321 326 327 329 330 331 334 
336 337 338 341 342 346 348 351 352 353 354 359 
363 368 369 374 375 377 382 387 389 392 396 397 
155
1 3 4 6 7 8 12 15 16 18 20 24 
29 35 36 39 47 49 53 55 58 62 67 71 
72 73 74 75 77 78 83 86 87 88 90 91 
93 96 97 98 108 110 116 118 119 124 126 127 
128 129 130 132 134 136 138 139 140 141 144 147 
148 154 159 169 170 171 175 176 178 181 184 190 
192 194 195 200 204 206 210 211 214 216 219 220 
221 222 225 227 231 235 236 237 241 242 243 246 
248 253 254 259 260 264 266 272 273 278 281 282 
285 288 289 290 297 299 301 302 309 310 311 314 
316 317 318 319 324 325 326 328 330 331 333 334 
336 337 340 343 345 346 347 356 360 368 369 370 
371 372 373 376 378 383 389 390 395 398 399 
111
9 13 14 16 20 25 27 40 41 44 47 50 
51 53 58 62 67 71 72 74 76 81 82 85 
91 93 94 103 109 110 111 114 116 119 129 131 
133 135 138 141 148 153 172 177 181 184 194 198 
203 205 208 209 210 211 213 225 228 231 233 236 
238 242 243 246 251 253 262 265 274 280 281 282 
285 290 300 303 304 306 309 312 318 320 321 323 
326 332 334 335 337 339 343 347 353 355 357 359 
371 373 374 375 378 380 381 382 383 387 390 392 
394 397 399 
