800 200
1 1 1 1 1 1 1 1 1 1 1 1 
1 1 1 1 1 1 1 1 1 1 1 1 
1 1 1 1 1 1 1 1 1 1 1 1 
1 1 1 1 1 1 1 1 1 1 1 1 
1 1 1 1 1 1 1 1 1 1 1 1 
1 1 1 1 1 1 1 1 1 1 1 1 
1 1 1 1 1 1 1 1 1 1 1 1 
1 1 1 1 1 1 1 1 1 1 1 1 
1 1 1 1 1 1 1 1 1 1 1 1 
1 1 1 1 1 1 1 1 1 1 1 1 
1 1 1 1 1 1 1 1 1 1 1 1 
1 1 1 1 1 1 1 1 1 1 1 1 
1 1 1 1 1 1 1 1 1 1 1 1 
1 1 1 1 1 1 1 1 1 1 1 1 
1 1 1 1 1 1 1 1 1 1 1 1 
1 1 1 1 1 1 1 1 1 1 1 1 
1 1 1 1 1 1 1 1 
20
46 48 49 63 80 85 87 120 122 137 139 145 
157 168 174 185 186 189 194 195 
20
10 16 20 36 67 81 97 99 105 117 127 131 
133 139 144 155 159 166 172 196 
15
15 24 34 44 54 64 85 96 103 109 139 148 
151 156 166 
17
31 46 51 57 69 83 101 107 127 129 132 139 
150 169 172 177 180 
22
20 23 24 31 32 40 61 65 68 69 74 92 
94 98 100 116 122 125 147 149 186 200 
24
7 10 25 32 33 36 37 40 56 66 88 98 
105 113 127 128 131 142 143 145 147 174 185 189 
18
10 14 20 50 58 63 83 87 90 96 107 119 
137 147 149 164 175 179 
20
1 24 27 33 57 81 84 86 89 92 97 117 
134 135 169 176 184 197 198 199 
13
6 19 39 40 72 93 98 107 109 124 158 159 
192 
15
3 10 33 38 42 48 54 83 96 102 108 117 
133 154 191 
19
28 30 38 39 41 42 56 66 87 104 116 123 
127 136 155 163 178 181 198 
23
1 18 22 38 49 54 59 74 77 84 109 111 
112 115 136 144 147 154 158 180 187 190 200 
19
29 38 43 58 65 66 88 93 103 139 140 142 
155 160 168 178 187 191 193 
23
2 22 38 43 49 60 61 74 81 94 108 114 
119 120 122 128 129 147 155 163 177 187 196 
20
3 19 44 51 59 72 92 95 99 103 122 135 
142 155 156 169 170 187 193 198 
16
10 13 15 20 31 38 46 65 95 105 111 117 
126 136 156 175 
14
9 25 60 73 87 91 123 158 164 179 182 184 
186 198 
19
18 22 31 33 48 66 70 80 92 114 116 121 
142 146 147 152 174 180 196 
30
2 6 12 21 25 28 37 38 46 54 56 59 
67 69 90 93 99 100 102 112 120 129 132 133 
149 154 163 180 184 196 
19
8 14 24 28 54 60 76 99 101 113 115 128 
140 144 146 150 173 192 194 
22
2 4 16 18 20 41 44 55 60 64 66 75 
99 102 103 121 131 133 146 183 190 198 
23
7 8 10 20 23 24 38 55 62 66 69 94 
104 106 108 120 123 142 178 186 187 196 200 
13
57 81 90 93 94 117 156 158 159 163 168 171 
194 
23
1 29 40 46 49 79 93 96 102 107 111 119 
123 128 140 146 150 175 195 197 198 199 200 
26
5 10 34 36 42 51 61 64 72 74 80 82 
84 91 105 106 110 128 132 142 159 162 175 181 
185 197 
18
3 11 39 41 42 44 77 96 101 103 109 111 
164 170 175 180 186 200 
20
1 7 37 41 42 43 45 53 54 61 87 89 
99 126 134 147 159 176 186 199 
21
2 7 19 22 54 61 62 66 81 83 99 113 
118 128 130 132 137 143 184 194 198 
16
38 55 57 68 71 79 88 90 98 116 123 142 
143 169 174 190 
20
11 12 13 24 31 39 40 42 45 48 73 89 
99 130 136 138 143 150 152 154 
24
6 8 19 24 40 58 60 64 68 74 81 90 
92 98 103 107 120 122 123 129 137 149 161 170 
25
8 11 13 29 38 73 76 98 112 114 120 121 
138 139 141 145 147 153 175 176 178 179 180 183 
198 
18
6 8 12 28 30 80 83 104 108 110 117 119 
133 151 158 183 185 198 
20
5 44 45 51 54 61 67 70 78 96 102 105 
135 142 156 158 159 173 181 186 
23
1 2 6 9 12 18 34 39 40 61 70 86 
103 104 109 117 130 147 177 178 179 182 198 
18
26 51 52 57 61 67 104 116 123 133 143 144 
148 149 169 183 188 197 
24
7 18 22 26 34 36 55 71 84 86 99 103 
107 111 133 135 137 138 154 159 168 169 183 185 
21
17 28 31 38 47 49 59 70 81 85 102 110 
111 117 126 130 137 147 171 191 192 
24
1 5 14 41 74 75 76 80 85 89 91 109 
118 119 120 137 147 154 163 170 171 173 176 184 
26
8 14 15 20 25 35 40 56 59 71 80 86 
93 95 117 137 138 142 156 158 160 167 177 184 
190 198 
18
2 6 24 45 55 82 83 97 99 101 105 112 
116 148 168 181 188 190 
20
2 26 27 29 39 48 50 65 76 91 100 108 
110 118 134 139 144 167 174 179 
17
10 23 43 47 54 63 81 100 118 134 137 139 
159 162 167 177 194 
21
44 65 83 85 95 99 134 136 140 148 151 156 
158 164 165 170 173 183 186 197 200 
24
3 22 23 25 34 36 38 78 94 101 107 109 
120 128 135 142 144 165 166 168 174 176 178 186 
18
1 7 10 15 24 27 59 83 107 110 135 150 
154 158 182 188 194 195 
17
2 8 20 29 31 46 47 60 63 75 77 83 
134 144 162 176 199 
22
8 18 19 21 23 26 35 53 73 79 86 102 
108 116 118 135 142 145 172 177 191 195 
21
3 4 7 26 40 44 76 80 86 103 112 114 
127 140 149 151 162 192 197 198 199 
21
1 19 20 27 29 54 59 78 92 116 123 124 
128 130 138 146 155 165 171 179 188 
15
4 16 22 29 36 55 97 105 118 134 142 152 
153 160 172 
30
10 17 27 29 33 34 40 46 49 56 65 68 
72 73 77 102 104 113 121 124 134 152 157 159 
170 175 179 183 194 200 
17
12 37 45 54 62 74 87 100 104 112 117 126 
137 152 154 156 195 
26
1 10 13 45 47 49 59 68 71 81 83 96 
97 105 113 123 135 136 146 147 155 173 176 181 
190 195 
11
16 26 33 62 82 88 94 99 116 131 133 
24
11 25 69 76 77 82 88 89 90 97 102 124 
127 140 142 143 144 155 165 169 177 184 186 197 
24
1 4 37 42 47 50 54 59 89 92 97 103 
109 116 118 120 146 148 151 153 156 160 167 177 
17
2 7 16 21 24 54 60 62 87 91 99 108 
120 130 143 145 192 
18
25 34 53 55 72 81 89 95 119 127 149 160 
164 180 181 184 189 196 
25
15 20 21 23 27 42 48 49 50 51 79 81 
104 105 112 115 134 135 140 142 143 147 149 155 
174 
9
10 41 45 46 60 128 130 133 147 
20
5 12 26 35 43 52 67 83 85 91 98 105 
121 127 134 136 158 163 182 184 
18
2 21 33 52 62 83 89 94 103 106 109 131 
142 153 168 172 177 178 
21
10 14 34 41 50 60 66 76 82 85 97 113 
117 140 141 142 156 162 169 177 182 
25
8 14 20 23 24 25 26 28 29 38 48 67 
73 74 80 98 111 112 122 125 155 176 178 182 
200 
18
11 30 43 64 86 97 112 128 138 159 163 164 
168 181 182 185 191 194 
24
9 11 34 45 46 56 61 77 106 109 111 120 
125 130 132 136 144 154 157 170 183 185 186 194 
22
2 7 19 31 33 36 49 54 62 63 69 71 
83 86 94 106 110 119 125 135 142 161 
14
2 8 9 23 24 75 106 110 113 146 149 152 
159 185 
22
8 12 32 40 43 58 60 66 67 72 92 113 
130 131 138 153 155 160 170 177 181 189 
19
3 4 7 33 42 44 49 65 73 75 79 93 
114 116 129 150 154 184 195 
28
5 16 22 27 30 41 56 57 79 81 89 114 
116 118 120 131 133 142 145 150 158 164 168 169 
176 188 193 196 
14
5 16 42 46 67 73 74 88 94 115 119 183 
186 190 
17
49 61 62 73 78 83 111 118 122 132 139 151 
165 184 185 195 197 
15
7 8 24 29 33 45 72 121 125 152 154 157 
159 164 200 
18
4 7 18 24 36 45 48 51 54 59 61 78 
87 102 103 123 125 168 
24
5 8 17 19 21 23 45 74 77 86 87 94 
128 147 151 154 155 162 174 179 180 184 186 187 
25
5 7 12 27 43 51 64 74 78 87 89 101 
102 116 123 130 132 135 166 170 183 187 188 190 
199 
14
6 13 26 31 53 91 103 109 126 134 138 168 
178 182 
25
9 18 32 35 49 50 56 63 69 77 84 94 
95 96 105 111 115 123 128 133 156 174 194 198 
199 
24
11 26 31 38 51 54 60 71 82 84 92 94 
97 103 117 140 145 148 158 166 174 178 180 184 
17
9 24 38 41 54 57 93 113 120 126 141 142 
145 146 165 178 188 
17
1 10 18 43 53 61 79 80 110 111 126 129 
135 141 165 171 172 
19
6 13 15 25 26 44 52 62 67 73 85 95 
118 156 165 167 179 186 187 
21
1 27 29 34 40 48 85 86 87 121 123 132 
142 145 146 160 171 185 193 197 199 
17
9 21 29 36 42 50 81 97 101 102 120 125 
133 134 157 159 178 
15
4 14 17 20 22 27 43 86 95 105 110 139 
144 156 178 
19
6 8 9 28 34 38 47 53 93 105 113 121 
134 139 141 144 159 175 199 
25
1 6 9 15 27 33 36 49 52 63 67 79 
84 85 86 121 131 133 134 135 141 149 157 185 
197 
14
18 47 72 96 97 102 114 115 124 128 142 160 
161 180 
19
8 17 21 35 40 43 53 62 68 73 84 87 
132 142 153 157 166 172 174 
22
22 29 32 43 54 74 84 93 102 105 108 126 
147 154 156 160 162 164 186 190 199 200 
13
19 32 67 81 104 107 122 125 165 168 174 180 
184 
17
39 47 48 65 68 91 131 139 150 155 163 176 
180 186 189 195 196 
27
6 9 10 50 61 75 76 77 82 84 92 110 
120 124 131 132 143 147 150 153 157 162 173 179 
190 196 197 
17
13 15 17 19 42 92 93 97 103 107 119 130 
138 146 162 183 192 
28
7 10 20 35 62 65 66 76 95 97 108 112 
113 115 123 133 139 144 148 151 155 161 164 165 
167 169 189 191 
13
9 21 28 40 60 63 86 97 103 119 140 172 
183 
18
9 21 23 25 26 30 44 45 46 51 83 121 
130 150 155 171 195 196 
17
9 11 23 25 44 46 71 78 116 121 128 145 
150 163 169 186 193 
18
10 15 16 26 50 51 53 58 86 92 95 101 
116 117 137 144 161 198 
20
28 33 42 44 59 69 79 83 91 99 105 124 
132 138 143 163 165 166 182 183 
14
6 48 51 54 56 63 98 105 108 109 158 171 
187 194 
20
9 10 13 21 22 31 42 64 70 75 81 104 
110 120 124 125 132 153 169 175 
24
3 15 21 35 46 72 79 80 84 87 89 95 
96 110 116 138 142 154 158 166 176 179 191 196 
22
7 18 28 49 56 73 81 83 92 115 121 128 
134 135 151 155 160 163 165 173 189 191 
20
3 9 24 28 34 38 39 40 68 75 80 81 
83 95 102 118 128 138 141 149 
22
24 35 46 60 75 94 98 115 128 129 141 143 
158 159 161 163 164 167 172 175 195 196 
19
8 29 45 46 47 48 49 52 85 101 103 111 
114 129 140 145 153 158 160 
15
2 9 26 30 56 59 63 81 120 126 131 140 
167 172 173 
15
2 33 66 68 69 75 76 79 84 119 120 130 
137 142 172 
22
5 10 21 22 34 36 42 47 51 56 63 66 
67 78 113 121 127 151 166 173 183 198 
22
1 5 7 14 15 36 38 40 61 77 78 91 
93 112 115 124 135 159 162 167 168 181 
20
8 16 21 30 43 55 79 108 113 118 120 124 
130 143 146 157 171 178 188 192 
16
8 33 34 36 45 54 63 69 72 84 105 133 
135 142 143 146 
20
20 22 41 51 53 64 65 75 122 125 127 131 
151 158 160 175 181 191 193 194 
28
8 18 20 29 38 43 44 48 60 68 80 86 
88 99 103 104 106 109 125 127 133 134 137 139 
140 151 174 176 
14
6 8 16 20 32 64 98 103 107 136 140 145 
149 199 
16
9 18 25 38 42 43 46 50 53 61 63 70 
81 92 147 197 
21
4 5 14 46 54 66 73 74 80 97 101 135 
142 153 157 159 176 177 185 193 195 
22
1 8 25 34 38 39 43 46 47 56 77 88 
90 100 108 122 124 136 165 167 177 199 
19
19 22 32 44 73 81 90 107 112 114 124 127 
137 149 163 170 174 186 199 
21
6 17 22 39 49 54 61 74 79 81 83 92 
124 128 137 140 152 168 174 175 177 
22
7 14 23 24 26 30 42 59 66 74 80 92 
104 112 113 114 115 128 135 144 148 159 
21
9 26 51 63 77 92 95 108 110 113 114 117 
118 120 122 140 148 150 164 169 199 
17
12 21 33 44 48 58 102 110 121 128 129 161 
164 170 173 180 185 
26
7 10 23 31 38 46 51 55 67 89 92 97 
99 101 107 109 111 119 138 142 151 153 157 163 
169 199 
17
30 38 39 49 55 68 73 83 96 126 131 132 
148 149 160 181 190 
18
7 15 28 59 61 64 65 66 110 137 143 145 
149 157 171 180 193 194 
19
2 18 26 42 45 48 51 73 80 99 119 122 
126 131 148 162 174 194 197 
18
5 10 14 30 32 33 39 57 67 69 94 110 
124 136 159 176 180 190 
26
8 21 22 50 52 55 56 65 71 82 94 106 
109 113 118 123 131 139 145 148 165 172 182 188 
197 198 
28
9 17 20 21 25 32 50 55 60 61 90 97 
111 114 123 131 139 142 148 151 156 161 164 165 
168 170 198 199 
19
8 22 34 38 40 41 50 65 70 85 94 104 
109 114 121 125 153 192 195 
13
19 20 31 45 58 63 71 75 76 93 105 116 
155 
15
31 48 64 79 83 96 133 142 149 165 173 179 
191 195 197 
22
2 14 24 28 30 74 79 80 83 85 110 111 
114 123 133 139 140 176 178 186 198 200 
23
1 32 39 41 51 69 71 72 74 90 105 106 
108 109 110 118 140 141 167 168 169 173 195 
17
8 13 20 26 66 68 86 99 101 103 112 133 
141 147 186 191 193 
17
2 7 34 44 52 58 88 97 112 114 115 125 
136 149 157 170 171 
23
10 33 36 37 71 75 82 84 92 102 104 106 
121 129 135 142 156 166 167 177 178 181 190 
26
2 3 7 22 26 38 41 49 53 58 65 83 
85 90 93 97 98 101 122 127 147 151 160 181 
183 188 
16
24 25 39 65 72 77 96 99 123 136 140 148 
149 163 165 173 
27
2 5 29 30 32 46 66 79 100 105 108 110 
112 113 115 118 126 132 145 146 150 152 162 166 
169 170 182 
13
3 15 26 43 60 75 82 85 98 147 148 162 
200 
22
8 13 25 39 52 64 69 72 77 90 101 131 
142 151 152 156 162 164 173 180 190 193 
23
10 31 33 45 58 68 78 80 86 96 98 108 
131 133 153 157 160 169 172 173 181 182 200 
23
2 3 10 17 27 45 50 77 81 108 109 117 
129 138 159 160 165 176 179 180 181 183 185 
18
8 14 19 30 39 53 54 58 69 74 79 89 
100 109 147 153 158 190 
19
16 28 33 52 65 73 83 99 103 112 121 129 
133 144 150 167 182 190 191 
27
11 22 31 41 43 51 53 75 78 80 82 83 
88 105 115 119 128 132 136 162 164 170 171 177 
182 189 195 
16
37 48 49 57 102 109 123 136 137 141 155 171 
181 184 187 200 
14
16 30 43 89 90 116 133 151 152 162 186 190 
191 192 
32
11 22 35 41 44 56 68 71 77 85 89 90 
99 103 105 108 109 114 140 143 147 161 162 167 
168 179 181 183 189 191 192 194 
21
7 9 24 35 36 43 47 48 69 79 82 86 
99 105 107 109 125 127 161 182 191 
27
4 7 28 29 31 41 43 48 62 65 79 80 
90 94 95 96 98 117 118 141 145 148 159 183 
185 187 193 
27
19 20 33 44 54 55 63 66 82 109 116 122 
124 126 141 146 155 157 164 167 168 173 178 180 
184 189 193 
25
2 26 29 39 45 50 56 62 68 71 74 78 
81 86 90 95 99 129 135 146 157 159 178 196 
199 
14
6 11 15 40 50 113 116 130 135 164 167 170 
180 195 
22
8 10 12 14 22 33 36 49 54 86 93 96 
105 146 149 157 168 172 183 186 187 188 
16
9 10 11 18 23 65 89 93 106 110 123 125 
140 144 187 192 
16
13 24 32 37 56 72 77 89 120 132 134 152 
155 158 175 176 
21
9 21 22 31 32 43 46 53 58 62 76 103 
107 108 127 132 144 145 170 182 199 
16
14 16 17 44 48 65 69 74 89 95 101 119 
141 177 180 181 
16
5 6 13 21 31 43 47 49 63 67 83 91 
105 138 158 165 
20
2 13 16 22 27 36 40 44 51 72 84 85 
98 112 127 141 156 158 178 192 
13
2 23 24 69 73 81 110 143 150 152 154 156 
188 
21
23 48 50 55 82 91 102 103 107 115 140 154 
155 156 159 163 169 179 182 189 190 
24
5 38 41 52 53 57 70 77 79 83 90 95 
104 116 118 125 147 148 150 153 155 168 175 176 
21
1 3 10 26 29 38 64 90 95 103 107 124 
130 143 152 162 183 185 188 198 199 
25
21 30 32 36 43 54 57 58 61 64 84 87 
92 100 101 109 124 139 145 146 156 169 179 192 
199 
26
2 7 9 12 15 16 18 29 37 56 64 66 
72 79 105 107 116 126 140 145 153 155 161 165 
176 182 
14
39 88 107 110 132 133 139 141 144 152 153 163 
174 187 
19
4 10 11 12 15 18 29 37 38 53 80 118 
121 127 140 147 151 182 189 
24
20 24 32 38 45 60 62 66 69 82 84 85 
89 90 106 114 125 129 140 141 144 152 179 185 
20
15 32 35 38 40 45 47 54 57 64 96 99 
102 113 120 141 162 170 195 199 
17
19 20 26 46 48 60 76 77 94 117 130 134 
137 142 150 161 195 
27
11 12 17 18 26 27 39 47 53 65 66 70 
101 113 115 120 146 148 150 168 172 176 181 184 
192 196 200 
21
9 16 19 20 27 37 58 60 66 97 100 103 
104 132 152 160 165 179 190 195 200 
26
5 13 14 19 28 39 40 45 53 84 89 90 
91 95 116 118 120 121 132 137 146 156 165 169 
187 192 
24
4 8 19 27 37 43 61 69 70 75 96 113 
116 136 137 147 149 154 165 167 170 176 194 197 
17
11 42 46 54 55 56 62 69 94 99 105 112 
122 143 162 172 175 
22
3 6 18 20 28 41 43 56 60 61 72 73 
75 87 97 99 101 105 127 146 165 177 
19
14 15 19 32 70 72 86 96 98 106 108 117 
130 159 160 164 166 187 197 
15
3 11 27 46 60 79 92 124 125 135 139 157 
169 187 200 
15
11 12 21 33 38 48 65 72 89 110 173 175 
179 180 196 
22
4 45 58 72 73 75 87 97 117 121 123 125 
133 136 139 140 163 166 172 181 187 200 
22
11 16 20 35 40 42 68 76 77 81 88 90 
91 93 108 122 127 155 160 176 185 191 
12
26 34 57 67 74 76 118 146 150 164 166 189 
26
13 27 32 36 37 42 47 53 60 70 71 72 
97 102 115 119 123 130 144 158 166 170 183 190 
192 194 
12
2 20 80 86 126 137 154 156 157 178 188 195 
23
5 16 18 36 42 61 72 75 87 92 94 107 
119 124 139 145 146 150 176 190 196 198 199 
20
5 9 20 25 45 59 88 94 106 113 118 148 
150 151 153 159 166 174 184 189 
25
5 10 19 25 27 33 39 42 52 53 62 66 
79 103 104 110 114 115 117 120 124 125 166 191 
193 
21
4 12 44 47 50 66 70 73 74 79 83 87 
117 121 122 157 175 180 187 197 198 
13
6 11 16 68 102 113 130 150 163 166 178 190 
196 
16
13 38 51 52 69 71 77 121 122 126 134 160 
163 169 175 196 
13
1 24 35 65 74 75 80 87 105 124 130 135 
172 
21
6 47 53 56 66 68 69 81 82 84 92 107 
112 117 119 124 160 164 187 189 194 
22
21 29 31 37 38 43 45 49 65 88 94 120 
123 133 138 140 142 147 149 184 189 196 
22
4 5 19 21 26 30 31 42 55 58 60 66 
72 81 83 102 124 136 143 164 188 196 
16
5 17 25 34 37 40 52 53 62 68 80 91 
120 136 153 177 
19
14 15 37 39 41 46 52 57 60 69 95 103 
104 114 119 141 156 174 199 
23
1 4 7 8 30 32 37 40 47 67 68 75 
83 95 106 115 117 121 127 162 172 173 197 
24
7 28 32 36 40 55 60 61 64 65 80 81 
86 90 117 119 133 143 159 161 181 183 191 197 
20
4 8 13 19 30 50 65 72 88 93 97 106 
113 115 137 140 156 181 193 195 
27
7 12 15 26 33 35 37 39 40 66 77 81 
83 104 111 124 128 130 134 135 140 150 164 167 
181 182 193 
19
1 21 24 36 39 49 50 60 82 87 103 126 
139 144 151 173 174 175 199 
15
7 23 52 67 75 80 86 96 108 110 120 132 
134 160 188 
19
3 16 18 40 47 68 75 96 97 103 106 107 
113 123 142 151 181 184 196 
25
4 11 13 23 26 33 42 48 51 64 68 76 
98 109 110 115 129 146 149 151 154 161 174 175 
181 
21
17 21 43 46 52 62 63 68 90 130 134 136 
144 149 153 155 168 169 177 191 199 
24
3 6 20 26 32 47 58 60 75 82 99 100 
107 110 116 134 146 160 175 179 181 184 188 197 
23
4 33 38 42 43 48 61 63 67 80 83 89 
100 107 111 115 125 128 156 178 187 191 192 
21
4 5 19 42 43 59 68 75 105 109 112 120 
121 123 137 140 148 149 152 180 192 
19
3 12 18 32 36 46 68 84 95 102 108 113 
121 125 130 177 181 184 198 
20
9 44 46 53 58 66 70 99 102 106 110 113 
122 135 143 156 165 180 186 192 
14
5 8 9 28 50 76 80 87 97 139 145 146 
166 199 
21
9 22 33 36 53 55 62 73 74 75 85 86 
92 94 96 136 138 170 171 180 184 
18
22 24 27 35 40 52 61 74 80 81 90 96 
132 140 149 151 156 183 
18
6 10 28 29 30 40 49 52 53 79 104 132 
138 174 175 179 187 195 
23
1 2 11 25 26 55 65 72 75 81 90 102 
114 119 124 127 130 137 140 154 171 181 200 
16
2 4 11 32 38 63 69 90 91 109 114 131 
134 143 152 158 
18
3 6 12 45 50 54 64 76 78 111 128 149 
150 152 169 178 181 183 
22
39 40 48 52 56 59 61 63 75 76 90 94 
95 117 123 129 131 151 163 166 169 172 
15
12 17 29 31 58 78 84 96 98 138 144 155 
163 165 189 
20
16 28 33 37 64 87 97 108 109 112 116 120 
138 139 153 159 166 183 188 189 
27
19 25 35 65 74 79 81 98 104 115 130 134 
135 140 141 145 146 149 153 155 156 160 172 179 
181 188 199 
19
14 16 17 18 23 26 36 40 87 110 117 128 
131 159 166 167 172 192 196 
29
2 6 13 16 18 23 29 32 34 37 54 69 
70 79 83 104 105 113 124 140 141 142 156 158 
162 164 174 195 199 
21
11 23 50 58 71 75 82 87 90 94 99 112 
113 121 132 134 137 148 153 180 200 
13
4 6 14 30 37 44 85 95 110 153 173 191 
194 
20
2 15 19 23 31 41 53 64 82 87 101 106 
112 123 126 129 143 158 167 191 
23
2 3 11 21 30 31 54 72 75 82 85 89 
90 99 106 110 123 133 150 160 162 174 178 
20
6 15 20 50 51 73 74 81 117 126 137 141 
155 159 161 170 171 185 192 196 
17
12 23 38 57 59 65 79 101 139 141 148 154 
166 168 183 195 198 
17
23 29 38 43 77 79 93 94 98 107 110 111 
118 128 133 146 159 
13
5 23 41 70 84 108 122 129 137 147 162 173 
192 
23
3 17 26 28 29 52 56 65 71 72 86 102 
104 132 138 165 167 170 171 182 190 196 200 
19
1 2 15 17 26 40 43 52 75 82 91 101 
105 114 118 127 140 147 173 
16
11 20 34 49 50 55 78 81 124 138 149 150 
156 164 176 192 
17
4 5 15 20 32 35 37 52 81 126 129 139 
147 158 172 187 200 
23
1 6 13 16 20 23 34 43 55 71 79 84 
120 135 141 143 145 148 161 166 173 193 194 
20
3 23 29 37 38 40 63 64 70 95 96 124 
128 129 142 156 162 177 192 200 
16
15 26 34 46 54 112 124 125 129 135 150 166 
168 184 191 192 
20
5 15 28 32 44 54 72 83 84 97 100 116 
117 145 150 153 159 161 165 183 
16
8 15 42 43 64 98 112 133 146 167 177 183 
188 190 192 197 
15
9 25 33 49 60 61 69 78 106 108 142 155 
168 173 184 
28
14 17 19 21 26 30 34 35 47 58 62 69 
72 73 75 90 92 98 131 134 135 155 166 171 
180 184 196 199 
18
18 23 61 62 66 80 97 115 116 120 132 139 
149 156 165 182 185 194 
23
4 7 31 40 44 45 51 52 55 56 59 76 
105 117 119 133 139 153 154 166 173 174 194 
17
16 19 22 24 25 42 66 78 84 96 97 98 
106 159 160 162 166 
18
4 12 14 29 33 37 63 70 72 84 86 96 
105 117 158 160 174 184 
19
46 57 58 59 85 89 104 112 120 122 128 138 
144 152 159 161 176 183 192 
24
8 26 30 37 42 43 45 52 56 58 64 74 
85 89 110 113 119 131 139 154 160 171 174 181 
17
35 52 55 61 71 73 77 86 94 95 101 124 
130 134 139 153 179 
18
4 46 79 86 90 94 95 96 99 108 115 123 
130 139 169 171 174 182 
18
6 13 28 53 58 69 72 101 113 118 119 125 
139 146 149 157 171 188 
22
10 13 27 43 49 56 61 64 80 97 107 109 
111 119 121 125 142 157 168 185 190 191 
20
3 10 27 31 39 51 52 53 73 74 88 113 
123 142 174 175 178 179 188 190 
19
26 32 35 66 85 96 98 108 122 123 133 139 
149 160 163 176 179 198 200 
15
10 16 33 42 47 66 79 82 106 119 159 160 
175 179 196 
20
3 5 25 49 66 86 89 92 93 102 115 120 
129 142 152 161 162 172 176 178 
27
22 29 31 37 39 41 47 55 77 82 85 91 
98 107 113 117 121 128 135 148 153 157 168 181 
183 199 200 
16
3 8 11 33 41 50 51 59 77 95 105 108 
122 128 158 181 
15
1 4 40 46 52 79 117 121 142 153 156 174 
192 199 200 
13
3 6 15 18 28 30 38 45 96 109 156 183 
199 
22
18 26 44 47 48 49 53 69 73 80 88 96 
116 119 129 136 149 180 184 188 192 193 
16
5 41 43 44 49 58 72 73 77 102 108 113 
122 124 126 175 
21
17 19 22 24 37 47 56 58 85 87 96 97 
129 136 152 156 160 164 174 191 194 
22
27 41 43 45 61 83 94 101 105 110 116 125 
154 162 166 169 175 183 190 191 192 194 
25
1 7 21 29 42 48 52 54 71 72 74 78 
86 89 90 102 109 123 124 125 131 136 168 180 
189 
16
16 40 49 54 57 102 129 130 141 148 159 163 
164 180 186 189 
19
14 18 20 30 53 64 80 91 107 110 111 121 
128 130 134 142 163 180 193 
26
5 6 23 32 38 40 41 54 66 78 83 88 
92 110 114 119 121 130 138 141 151 153 157 161 
166 179 
17
2 7 21 28 30 35 45 47 59 62 74 83 
105 111 125 147 149 
20
15 16 21 27 60 100 111 114 129 136 138 146 
151 163 168 174 180 188 189 193 
15
3 21 22 32 72 75 86 94 99 116 127 137 
143 183 187 
16
7 32 34 84 96 97 107 111 116 120 132 160 
161 164 174 196 
26
7 10 13 25 31 38 42 61 65 85 88 118 
132 137 139 152 156 157 158 173 175 185 188 194 
195 200 
20
10 44 57 90 94 98 103 119 126 131 139 144 
145 162 167 172 175 180 182 196 
22
11 19 31 35 60 69 73 77 78 97 103 106 
128 136 140 142 162 177 179 184 185 190 
29
16 27 38 39 41 44 48 51 54 58 59 60 
72 80 89 98 101 103 115 125 132 148 150 153 
158 161 169 193 194 
22
1 11 18 33 39 58 63 70 75 100 102 111 
118 123 129 142 143 145 160 168 175 196 
26
1 8 16 25 29 32 51 69 77 78 82 101 
106 113 117 125 128 136 141 166 177 178 180 186 
195 199 
17
6 20 42 57 69 83 87 115 116 132 138 143 
145 157 161 169 180 
19
8 14 19 25 27 37 44 45 50 52 53 65 
78 94 97 115 157 171 183 
22
14 23 33 43 48 57 64 66 76 77 89 91 
97 98 103 111 150 157 167 182 191 194 
22
11 12 16 22 38 74 91 92 98 112 116 123 
128 130 138 149 152 153 158 169 171 199 
21
1 16 18 30 39 48 79 80 100 131 135 147 
148 150 158 164 166 167 188 189 192 
18
43 51 57 75 81 129 134 137 145 146 148 151 
159 164 172 183 190 192 
15
3 7 13 16 41 43 46 85 86 95 97 110 
124 126 168 
18
16 26 39 77 83 87 99 101 116 121 124 132 
137 141 145 160 186 199 
16
1 7 11 14 42 45 67 75 77 98 101 113 
138 154 171 185 
17
24 27 61 68 87 92 99 102 125 129 138 163 
165 179 184 190 193 
20
40 51 55 60 62 72 78 81 86 88 101 107 
125 131 139 153 154 164 187 195 
14
5 27 39 40 41 46 88 90 95 96 126 147 
171 179 
18
14 15 20 21 33 48 50 57 73 89 90 97 
102 108 109 149 182 194 
19
24 26 33 36 39 49 75 111 129 138 140 141 
142 147 151 157 167 170 176 
20
4 8 13 28 31 38 40 57 72 118 127 129 
130 154 159 163 171 185 190 194 
30
11 18 20 30 35 37 38 41 42 43 51 56 
60 72 78 102 117 120 131 134 145 164 172 180 
183 184 185 189 194 197 
23
4 27 29 47 49 62 68 70 76 77 80 82 
89 98 108 115 122 126 138 141 165 187 194 
23
8 11 13 14 23 29 39 43 44 51 68 71 
96 103 113 131 151 158 167 176 188 196 198 
8
21 39 66 80 90 154 174 183 
33
1 5 10 14 17 36 46 48 54 64 69 80 
81 84 90 92 93 97 106 113 114 124 125 134 
135 142 157 165 166 172 190 195 196 
23
17 50 51 55 60 61 85 96 99 102 141 143 
145 149 160 161 166 168 169 174 175 185 191 
21
1 2 19 20 33 38 57 69 77 91 93 98 
103 106 110 117 120 123 170 186 196 
12
1 13 46 69 88 118 119 123 125 133 171 191 
30
6 12 27 30 32 41 48 62 67 73 75 83 
86 87 92 94 96 108 112 115 122 127 148 151 
152 157 170 181 193 197 
21
26 32 33 36 40 46 69 83 87 90 96 132 
142 150 152 155 166 167 170 185 193 
17
4 30 33 59 65 69 86 98 110 140 144 155 
157 172 186 195 197 
17
12 16 24 29 36 60 70 88 94 98 101 117 
136 157 171 176 185 
14
6 11 31 75 99 120 124 127 130 136 142 145 
165 176 
24
1 24 26 28 38 40 44 45 46 53 55 59 
60 75 80 86 92 103 118 126 144 147 173 200 
17
30 49 55 61 74 75 84 90 103 107 120 148 
150 153 164 198 199 
18
17 22 23 25 49 59 95 110 119 121 131 145 
153 155 156 157 181 194 
22
11 34 35 41 42 46 52 80 82 87 94 108 
116 118 127 136 171 173 192 194 196 200 
11
10 11 21 27 37 57 82 98 127 140 153 
22
4 5 23 29 34 35 73 82 88 95 97 98 
113 116 137 169 170 178 180 181 185 186 
18
8 22 41 46 57 61 69 73 84 91 102 104 
113 147 167 184 190 192 
21
11 24 27 28 30 31 40 44 72 74 107 119 
121 123 127 129 141 142 155 162 175 
19
7 26 27 34 48 77 80 83 100 101 104 125 
130 133 158 170 178 179 192 
17
3 8 23 43 52 54 64 85 88 92 98 107 
119 124 176 180 197 
16
8 11 12 16 23 37 42 52 60 69 74 123 
150 169 173 196 
16
21 26 29 48 59 66 78 83 93 114 130 132 
135 144 173 180 
16
2 15 34 48 58 59 63 116 127 133 144 145 
153 158 162 186 
18
7 8 12 27 33 36 76 83 98 132 139 143 
149 150 154 193 195 197 
14
9 20 26 33 85 96 102 107 112 118 153 169 
177 195 
16
21 25 35 39 47 51 80 97 112 113 125 135 
150 156 178 198 
21
13 25 28 31 60 64 71 81 91 102 120 123 
133 149 153 159 162 172 178 183 188 
16
14 22 38 52 62 103 121 127 131 134 138 162 
175 189 194 196 
15
19 32 34 46 55 68 79 82 94 133 135 145 
152 168 195 
20
10 26 28 31 56 68 71 74 78 88 95 103 
125 132 159 160 163 183 186 193 
16
16 24 42 59 60 65 66 73 81 98 123 134 
166 173 177 181 
21
2 5 14 21 22 36 44 48 50 51 55 85 
91 106 127 139 159 162 178 189 196 
24
14 17 33 34 35 38 40 52 55 75 93 102 
106 108 112 114 120 127 142 147 158 176 186 200 
26
11 28 33 38 61 64 65 78 101 103 105 114 
121 128 129 130 131 134 138 155 165 168 184 185 
196 200 
20
19 22 23 25 26 58 75 86 109 110 113 138 
140 142 145 153 154 161 162 200 
16
24 31 55 57 79 93 112 113 137 144 175 176 
179 190 192 193 
18
10 23 47 48 61 88 95 96 99 102 123 133 
145 151 154 159 173 197 
17
13 16 24 38 41 45 55 92 115 121 139 144 
149 162 167 191 195 
29
8 11 12 14 18 21 23 24 29 31 40 44 
69 73 83 104 109 133 137 142 144 147 149 150 
155 162 164 171 188 
18
5 8 9 11 16 44 45 78 86 89 127 130 
144 154 175 180 183 187 
23
15 16 23 35 51 69 71 72 95 97 98 100 
110 111 119 120 125 133 141 165 167 175 197 
16
4 20 23 55 83 94 97 122 142 149 161 162 
167 173 189 195 
26
6 13 20 26 36 39 42 49 55 58 65 76 
90 91 100 103 132 134 137 138 145 152 154 183 
189 195 
19
4 5 8 21 24 47 62 95 98 130 138 144 
148 154 171 189 192 197 198 
23
15 20 22 44 47 49 50 51 63 70 75 96 
102 106 121 124 150 169 171 175 182 184 189 
18
22 25 30 35 36 45 53 64 69 78 79 91 
110 127 142 161 164 172 
15
1 8 18 35 49 55 76 79 122 128 136 150 
159 176 177 
14
4 34 39 74 116 130 134 140 157 170 176 183 
186 191 
19
4 7 17 35 42 44 53 93 116 117 119 132 
138 153 154 162 163 182 200 
19
11 33 38 43 45 57 64 78 102 112 116 138 
143 157 171 173 175 190 194 
27
2 13 17 21 35 43 50 51 58 61 75 81 
82 91 104 107 123 126 139 148 161 171 175 179 
186 191 198 
25
1 2 4 9 15 42 43 46 48 58 62 74 
75 81 83 84 86 104 105 119 126 136 166 186 
187 
16
23 38 42 50 52 85 86 88 107 124 134 137 
144 166 169 198 
25
6 18 28 33 44 55 65 79 89 93 97 102 
106 113 122 145 150 151 152 178 182 184 193 194 
199 
21
17 21 46 54 66 69 77 79 99 102 104 106 
109 119 127 128 142 160 171 191 197 
20
8 13 19 26 43 45 57 62 63 71 89 92 
99 107 113 120 133 142 182 195 
19
27 48 54 55 64 68 71 76 78 79 80 85 
93 101 106 113 127 131 172 
29
13 14 17 20 26 39 50 58 60 62 76 82 
87 92 93 100 128 147 154 158 159 167 172 177 
184 185 189 193 200 
18
1 24 28 43 46 49 53 54 75 79 80 116 
122 124 137 144 177 178 
17
9 17 25 45 48 63 73 77 79 87 99 144 
149 176 178 180 191 
20
5 13 21 23 29 33 51 59 64 71 77 87 
99 111 128 139 150 151 184 199 
19
16 23 28 57 59 66 72 102 111 123 127 151 
153 160 164 171 175 177 187 
14
4 9 63 89 94 99 105 128 130 135 166 186 
194 197 
22
3 13 18 21 33 39 40 43 54 64 68 87 
98 109 117 129 143 160 169 170 174 184 
22
11 31 47 53 63 73 74 87 90 92 105 106 
111 112 132 137 149 152 156 167 168 169 
22
13 32 34 58 59 68 81 82 86 96 97 104 
124 134 145 147 148 158 164 193 195 199 
20
11 42 45 58 67 70 80 93 108 124 131 132 
135 159 173 176 183 185 186 190 
16
2 11 14 16 19 33 40 59 73 77 124 131 
134 165 191 196 
16
22 34 36 48 55 63 67 81 88 98 107 147 
164 168 178 189 
24
9 26 36 38 51 68 71 73 77 79 90 98 
99 120 127 135 166 169 170 172 173 183 189 192 
21
8 15 22 36 40 41 42 64 67 72 87 90 
96 109 128 135 137 140 150 168 176 
11
14 21 30 33 48 53 145 158 164 186 200 
28
6 8 12 17 21 63 70 71 86 87 89 91 
97 116 118 119 122 131 136 149 159 161 166 170 
171 181 196 197 
19
19 32 36 50 55 64 101 102 104 106 107 113 
126 142 160 162 176 180 200 
23
12 18 35 40 43 63 66 67 71 73 77 82 
89 102 104 112 121 135 145 147 154 166 194 
15
45 47 66 81 100 112 114 131 136 138 140 141 
151 157 175 
14
31 33 44 49 63 78 91 112 140 145 181 186 
188 192 
20
28 34 36 45 46 82 91 99 100 103 104 112 
113 116 123 162 165 174 176 200 
23
3 9 20 36 45 48 51 61 62 77 88 103 
108 118 122 136 141 161 184 188 189 197 198 
20
1 36 45 55 58 66 68 71 103 113 120 125 
129 138 139 149 168 174 188 195 
20
4 6 37 38 42 46 50 67 83 85 96 101 
106 121 123 124 137 162 183 197 
23
25 42 58 73 74 78 86 89 93 97 106 116 
119 131 141 146 147 158 161 164 172 192 199 
21
3 11 49 53 54 62 66 78 79 105 109 123 
124 128 130 149 169 186 188 190 194 
16
16 36 64 114 123 124 130 156 157 162 169 176 
177 181 185 198 
25
4 5 6 13 17 18 20 33 51 53 56 59 
62 74 77 87 93 102 108 136 140 147 150 178 
179 
23
9 17 43 47 61 75 76 79 90 122 131 143 
154 155 164 177 178 181 182 183 185 186 195 
18
9 24 39 50 83 87 97 105 109 117 145 148 
161 162 163 175 190 200 
16
3 16 35 58 74 90 96 103 119 123 128 143 
156 165 176 200 
21
2 26 38 44 47 51 59 60 93 100 117 127 
140 141 144 154 159 179 192 198 199 
15
6 9 10 28 30 51 86 90 104 122 123 128 
158 163 165 
17
11 24 28 45 56 63 75 76 84 96 103 141 
151 156 158 183 198 
17
9 22 32 37 60 67 84 93 102 129 136 141 
157 162 166 175 196 
31
5 16 24 25 39 52 55 62 68 71 73 78 
82 86 87 90 92 123 130 139 140 142 148 157 
168 170 173 175 178 196 198 
19
2 7 9 35 38 47 56 58 60 78 79 84 
120 134 141 150 164 185 189 
17
8 13 28 37 39 41 56 72 73 80 143 159 
164 167 169 180 189 
15
8 12 13 24 25 59 65 66 106 119 122 127 
161 166 174 
26
2 4 15 34 35 41 51 54 69 77 80 100 
116 117 120 122 126 129 145 153 165 171 176 181 
198 200 
23
9 28 40 44 49 56 61 63 80 84 92 103 
108 122 124 126 139 147 178 181 185 191 195 
19
6 8 10 17 22 31 45 50 58 59 75 115 
135 152 154 160 165 180 186 
25
1 5 11 18 25 34 47 77 95 103 107 109 
118 130 135 138 146 156 160 164 177 180 189 191 
194 
13
7 55 66 76 87 88 90 148 150 168 178 195 
199 
16
7 38 49 64 73 84 90 100 119 125 132 147 
148 161 178 196 
11
65 66 79 85 126 127 155 158 161 168 179 
21
4 5 11 15 28 49 53 81 105 106 113 114 
115 120 126 129 133 146 157 162 164 
26
26 50 55 56 65 71 82 83 95 98 102 107 
112 114 117 150 159 170 182 185 186 189 191 194 
198 199 
20
5 16 29 30 31 47 65 69 84 107 118 126 
128 133 152 158 159 169 171 181 
20
17 21 24 32 34 59 68 94 99 100 106 116 
117 123 127 133 145 147 163 189 
16
4 33 35 42 63 71 73 101 106 136 167 173 
184 188 193 197 
11
14 16 22 41 43 99 111 123 125 162 182 
17
9 10 25 62 72 85 90 92 98 99 113 127 
131 147 159 184 194 
20
4 43 44 45 56 58 69 72 76 82 87 106 
110 132 153 154 157 167 168 173 
21
16 30 44 58 63 86 89 97 111 117 123 129 
136 146 162 175 176 182 183 193 199 
18
22 41 44 51 52 56 58 71 78 83 117 122 
141 143 151 152 193 194 
27
9 20 28 31 38 42 53 71 77 78 92 109 
111 115 122 126 127 128 135 156 160 162 176 191 
196 198 199 
21
13 14 22 33 65 74 84 104 122 123 138 140 
154 165 166 167 168 170 173 177 194 
17
8 14 27 32 41 42 44 49 110 111 112 113 
115 124 160 182 194 
20
10 11 19 39 44 54 59 63 65 69 71 91 
95 132 135 140 143 156 167 200 
15
10 26 28 30 39 47 54 59 98 113 116 120 
149 160 183 
19
6 7 18 22 35 38 40 77 81 90 94 95 
102 116 124 136 150 185 192 
29
15 39 47 54 63 64 69 73 74 80 90 97 
99 102 105 110 114 120 133 141 142 151 160 164 
170 173 178 191 192 
25
4 9 10 24 55 73 77 89 92 95 97 103 
130 145 155 157 158 162 167 169 178 189 197 199 
200 
23
5 19 27 36 44 47 54 60 65 67 77 82 
85 89 93 95 131 138 157 182 192 193 194 
20
11 14 22 55 61 73 82 96 103 104 110 129 
156 165 168 169 173 178 179 196 
15
20 22 41 43 75 83 96 98 103 106 145 162 
176 193 198 
23
6 11 13 23 27 39 40 49 64 108 112 113 
115 116 132 136 144 159 164 177 178 186 189 
22
10 14 33 36 54 63 84 88 89 97 98 107 
115 118 119 126 128 130 150 168 177 186 
19
13 34 42 60 80 88 92 95 96 104 112 126 
129 137 141 155 185 196 199 
27
12 27 39 44 47 51 66 67 73 85 86 101 
109 120 135 137 138 143 146 150 156 160 176 183 
186 189 193 
23
1 8 26 44 46 57 59 74 81 87 90 98 
105 117 118 138 150 151 156 158 160 169 181 
17
1 10 16 32 37 47 62 74 110 114 125 126 
143 146 151 171 196 
23
6 17 33 43 47 62 74 76 81 82 94 111 
120 121 128 131 133 134 138 147 162 163 189 
18
9 31 42 43 55 66 108 120 124 130 144 146 
151 167 172 180 181 191 
22
1 2 23 28 32 52 68 78 82 95 100 119 
123 126 127 131 145 148 157 174 182 188 
15
8 13 29 30 38 40 44 66 68 119 122 137 
140 198 200 
25
4 18 52 55 60 67 68 80 99 107 120 123 
124 127 141 149 152 157 158 163 169 171 183 186 
188 
18
3 12 18 27 34 37 56 62 71 73 78 143 
144 149 184 187 192 200 
17
2 52 57 65 70 74 82 102 104 109 111 134 
139 150 152 176 200 
19
1 12 27 34 43 46 68 83 92 98 104 111 
113 114 120 138 152 168 193 
17
20 24 49 68 78 114 120 135 142 143 146 149 
160 172 177 178 200 
20
11 15 29 34 42 66 78 84 86 90 94 96 
108 112 118 124 147 167 170 173 
18
2 6 17 18 28 29 74 82 89 94 103 108 
114 119 126 177 180 198 
17
2 15 16 26 32 69 73 79 86 88 101 116 
130 131 145 163 177 
18
3 8 13 22 36 60 72 80 81 116 130 132 
151 155 162 173 178 183 
21
5 16 59 61 69 74 75 86 87 108 118 129 
138 149 151 156 180 188 195 197 198 
23
9 39 44 50 51 64 71 90 93 96 111 113 
118 121 133 138 140 146 158 160 164 165 178 
16
17 19 25 33 36 64 71 73 121 131 141 143 
146 156 157 200 
14
6 25 28 29 31 41 73 106 111 121 148 157 
166 186 
23
2 10 17 20 21 26 27 28 31 43 47 57 
79 120 152 157 175 181 192 194 196 198 200 
20
13 20 30 31 37 38 52 62 72 100 101 106 
122 127 141 156 164 170 190 196 
21
34 41 42 43 47 51 63 65 75 82 92 104 
106 116 137 140 149 156 170 173 174 
21
7 16 29 34 36 44 48 53 86 93 103 106 
112 113 122 159 162 169 178 194 198 
20
7 29 45 49 60 72 86 90 91 106 110 115 
122 131 141 144 146 148 158 166 
21
13 17 31 32 41 43 46 49 50 51 54 72 
80 85 91 107 108 119 121 149 174 
12
3 72 73 89 101 118 120 125 137 147 169 194 
15
7 12 39 52 65 86 88 104 110 125 139 150 
159 185 187 
26
1 26 31 34 47 48 49 70 74 108 114 116 
123 128 131 133 137 149 151 153 170 173 175 183 
187 188 
13
22 46 64 71 87 109 117 124 152 154 166 191 
193 
18
18 27 42 58 59 61 72 81 93 108 119 124 
159 165 168 174 187 196 
16
10 42 49 54 76 78 90 92 104 115 122 125 
155 174 179 198 
22
9 10 12 17 25 31 47 48 73 95 101 117 
121 124 131 142 145 154 158 161 163 168 
12
61 68 89 105 106 107 110 111 120 127 165 181 
16
16 30 37 47 49 53 54 55 72 77 82 83 
84 108 149 179 
22
21 22 27 33 51 57 62 64 77 85 98 112 
115 121 122 130 134 135 140 180 181 194 
22
5 19 31 55 73 80 86 98 104 118 120 124 
127 140 153 155 157 162 166 170 171 184 
24
1 5 24 45 52 76 79 84 85 86 95 103 
105 106 110 116 121 124 139 149 177 184 193 199 
27
1 15 22 28 32 40 45 67 71 72 79 89 
91 94 95 100 110 116 128 141 149 152 166 186 
190 191 199 
23
5 18 35 37 45 52 67 74 79 98 108 121 
122 133 134 139 144 148 160 173 181 187 198 
21
11 16 22 31 33 41 43 61 74 78 93 96 
104 129 138 140 158 161 174 179 182 
17
14 16 21 29 35 41 68 70 75 77 95 103 
120 133 135 153 180 
22
17 20 26 36 52 56 64 66 77 89 91 103 
104 105 107 110 137 142 153 154 155 188 
16
12 24 35 38 68 73 81 84 95 108 158 162 
169 171 176 187 
19
19 25 32 36 51 74 79 91 92 93 106 107 
114 116 122 136 148 195 197 
27
11 13 15 30 39 41 42 49 67 76 89 90 
95 99 103 104 110 115 142 149 167 171 177 188 
193 198 200 
19
1 27 28 35 46 61 76 79 88 89 90 91 
100 118 130 134 150 154 186 
19
34 42 47 54 56 76 77 80 84 90 97 104 
134 151 152 156 175 188 194 
21
1 5 17 35 45 52 75 79 82 84 89 92 
93 96 135 137 150 169 174 177 186 
23
4 5 8 9 21 36 50 59 60 92 98 112 
120 125 127 147 150 152 156 160 161 176 181 
17
3 9 16 43 73 77 86 102 133 142 143 147 
157 165 171 175 184 
13
19 29 44 55 79 83 87 90 112 122 138 167 
175 
15
1 5 30 41 47 57 59 60 90 91 110 134 
139 145 197 
19
7 33 42 48 58 66 94 98 114 116 124 126 
131 134 144 157 167 181 200 
19
20 27 28 31 42 55 94 98 110 122 133 135 
136 137 141 146 165 173 200 
20
4 5 10 28 32 34 36 46 53 66 68 78 
81 91 103 109 156 175 185 194 
21
16 28 35 41 43 66 67 71 85 91 98 121 
122 135 146 157 167 174 180 182 199 
17
9 31 34 44 51 67 93 97 109 110 117 119 
146 163 186 188 200 
16
9 11 45 47 49 79 87 97 99 101 119 122 
126 135 140 162 
25
7 33 36 43 51 63 73 80 82 87 112 119 
134 141 142 143 144 150 157 159 164 174 180 182 
195 
26
9 17 42 44 48 52 56 57 59 64 82 90 
100 113 114 129 135 137 139 158 159 178 182 186 
189 193 
20
6 11 14 16 17 26 37 40 46 74 78 83 
90 109 120 136 137 138 146 166 
23
4 5 11 24 34 43 46 52 64 68 77 99 
101 104 114 135 148 162 170 177 184 186 192 
16
4 5 43 50 98 100 106 110 111 120 132 151 
157 173 179 191 
19
6 28 45 48 53 57 62 74 87 92 100 111 
134 146 155 164 177 181 200 
25
2 4 25 30 34 38 42 44 45 52 54 58 
80 83 90 98 115 116 118 125 129 155 164 165 
181 
17
29 32 35 38 43 52 56 57 81 92 94 103 
151 157 168 187 189 
21
8 10 11 16 19 20 26 28 29 34 54 68 
87 88 108 137 155 169 170 175 192 
24
2 14 24 29 31 46 55 59 67 87 98 107 
109 118 119 126 127 128 155 165 166 173 194 195 
17
14 30 37 43 47 56 61 66 68 75 77 89 
116 119 138 140 148 
20
19 24 28 37 56 62 63 66 109 111 113 130 
131 155 163 164 171 187 189 190 
20
26 38 43 48 49 64 79 95 118 140 146 147 
148 150 158 160 161 188 194 195 
25
23 25 34 45 50 61 77 89 105 113 123 128 
129 139 144 149 152 160 169 176 179 182 185 190 
195 
24
11 14 20 26 35 43 45 53 54 55 56 61 
72 74 85 90 95 98 129 139 143 150 152 177 
36
9 10 11 23 24 32 34 38 43 44 46 51 
52 55 65 81 98 106 107 113 116 118 122 123 
129 132 140 146 150 151 155 158 161 175 180 183 
25
3 8 12 20 27 40 61 65 87 94 95 100 
103 105 111 117 118 122 127 146 148 156 168 176 
189 
25
4 24 42 47 51 52 56 60 63 74 77 79 
83 115 121 122 126 129 141 164 175 181 183 190 
197 
14
17 34 67 71 83 110 118 120 129 132 141 152 
159 177 
22
3 6 8 18 20 24 32 38 45 53 64 76 
79 84 90 104 125 131 142 147 176 185 
23
18 26 33 34 40 50 52 71 72 80 105 114 
116 124 127 131 135 147 161 168 169 182 191 
24
3 5 9 18 25 26 56 59 67 74 81 89 
107 119 122 127 129 131 158 170 172 175 177 192 
15
11 28 32 35 74 91 98 102 117 125 128 141 
178 184 191 
16
17 23 25 37 49 76 93 103 107 123 125 164 
165 174 184 192 
23
4 8 12 13 20 37 41 48 60 70 72 73 
82 99 107 113 116 117 157 166 173 180 188 
25
22 27 28 29 40 50 60 70 72 80 83 84 
87 92 99 101 102 120 130 155 168 170 180 191 
200 
15
7 10 15 27 50 59 71 73 79 127 138 139 
148 152 164 
16
2 6 7 8 10 47 56 78 105 107 112 117 
131 151 165 188 
19
14 29 32 35 41 43 44 54 60 65 71 86 
89 92 97 126 160 188 193 
17
2 7 9 22 39 58 59 73 88 112 119 131 
139 159 168 175 193 
26
15 19 42 47 58 59 61 66 67 71 80 83 
86 93 101 108 118 130 144 157 161 166 167 174 
185 197 
18
10 17 37 38 62 65 80 107 113 121 123 124 
127 159 174 176 179 190 
19
1 22 25 53 67 74 77 84 106 108 111 120 
151 152 166 169 182 184 189 
17
20 24 40 52 66 71 73 86 94 128 129 132 
152 160 174 175 183 
25
3 11 20 22 31 43 44 45 48 51 62 70 
98 102 115 118 122 130 133 145 158 159 184 187 
188 
13
1 28 76 89 100 108 109 113 117 127 151 166 
185 
24
8 18 19 25 35 38 41 46 64 75 84 85 
116 119 127 134 150 154 159 161 171 172 180 191 
15
11 19 27 60 78 101 102 115 126 138 139 151 
176 196 197 
19
4 8 13 33 40 43 51 61 67 109 112 131 
132 137 149 158 165 190 200 
18
9 18 22 26 69 70 104 108 119 125 129 137 
141 155 176 184 194 195 
22
6 12 13 25 28 36 37 40 42 57 75 83 
112 116 125 132 134 159 174 177 182 185 
24
12 26 29 31 34 50 59 65 103 105 123 131 
136 139 143 144 153 154 164 182 187 189 195 200 
22
1 14 22 53 57 58 60 66 84 96 102 120 
123 126 127 128 161 163 164 175 189 195 
17
9 10 36 47 79 86 93 98 106 133 144 147 
155 161 165 168 188 
20
2 18 37 45 46 53 55 59 63 71 76 80 
108 111 122 136 145 152 174 187 
30
1 2 10 15 20 23 32 52 58 68 75 86 
99 103 106 107 112 115 118 119 120 131 133 136 
145 161 164 169 173 176 
15
35 44 59 64 70 76 101 102 112 144 160 162 
168 181 184 
27
5 26 29 35 37 50 52 67 74 87 95 102 
105 115 127 132 137 138 156 158 167 175 179 181 
188 197 199 
20
20 30 41 43 53 54 57 69 92 99 104 105 
115 136 161 165 171 174 179 181 
21
3 14 24 38 59 64 80 89 93 111 115 121 
130 137 145 157 164 170 175 178 180 
17
50 55 58 62 68 69 90 93 114 117 138 159 
167 171 176 185 195 
17
3 5 19 20 32 43 49 63 67 76 104 107 
119 149 153 160 193 
19
25 34 39 47 63 83 96 102 112 133 137 159 
161 166 170 177 180 181 194 
17
9 60 82 90 104 118 125 128 131 132 153 158 
168 170 175 181 199 
20
7 11 18 22 31 33 45 56 69 80 86 93 
117 118 148 152 163 179 186 188 
14
31 46 49 52 69 70 81 92 111 115 122 147 
181 194 
16
19 33 39 52 62 89 108 125 134 144 149 155 
160 166 174 199 
23
16 20 26 44 46 56 89 96 99 102 114 120 
126 136 149 152 156 165 173 179 183 196 198 
18
18 42 68 93 106 126 129 132 133 135 144 163 
165 172 178 179 195 199 
16
29 32 35 47 55 72 90 110 111 112 115 130 
154 163 173 193 
18
11 26 29 31 35 53 70 80 91 92 95 97 
113 123 140 145 146 168 
18
16 35 50 79 90 103 106 114 120 121 128 143 
168 175 179 187 194 195 
25
3 6 11 32 33 42 45 49 56 57 58 63 
79 97 117 126 132 150 154 157 163 168 171 174 
184 
25
4 5 17 19 30 34 35 43 45 48 51 52 
68 89 90 101 102 111 117 132 145 156 165 171 
182 
17
7 12 18 21 48 69 70 94 121 124 126 139 
142 143 144 159 195 
21
11 12 14 36 40 41 49 53 65 72 86 97 
107 123 144 152 153 167 170 171 188 
22
9 10 19 31 35 37 42 44 65 80 88 91 
124 129 142 145 147 157 183 184 195 198 
27
1 4 5 9 18 30 41 44 51 69 84 89 
102 105 117 121 122 135 145 150 152 153 166 173 
174 179 199 
22
1 8 9 15 17 21 29 55 64 65 76 91 
93 101 110 113 123 125 152 153 175 187 
24
4 12 21 22 36 67 75 81 95 100 107 126 
128 130 132 138 142 143 155 158 161 183 190 193 
24
2 25 53 57 66 67 77 84 98 103 110 115 
117 124 141 145 155 170 171 185 194 196 199 200 
19
6 26 27 29 37 69 77 94 95 107 110 115 
121 140 148 169 192 197 200 
17
14 19 23 60 67 75 87 97 110 129 154 165 
167 173 175 181 186 
23
6 12 24 42 44 59 62 63 70 86 99 101 
110 112 121 123 124 139 144 148 176 191 196 
25
2 11 13 16 26 31 45 77 92 101 113 122 
134 146 153 157 159 161 168 176 182 183 184 189 
190 
20
4 12 13 21 53 59 65 68 72 82 92 94 
95 96 124 149 153 170 187 198 
20
8 28 35 49 52 54 62 64 69 84 85 86 
94 149 164 167 169 176 181 185 
18
2 13 14 22 25 27 31 46 54 62 88 96 
98 152 168 178 181 193 
18
1 42 48 55 78 81 124 125 128 135 139 157 
162 168 170 174 178 198 
10
56 65 91 101 108 123 128 134 162 167 
22
14 38 44 45 59 63 64 69 78 82 83 110 
114 115 143 148 154 158 160 176 186 195 
14
1 30 35 45 54 56 66 83 130 140 146 150 
165 188 
21
11 67 69 70 84 86 96 103 114 115 119 124 
129 135 140 141 150 155 170 185 190 
17
14 26 36 38 58 66 73 86 93 95 98 108 
114 122 154 191 199 
21
16 18 25 31 47 52 55 59 76 92 96 102 
104 114 115 148 153 161 181 199 200 
22
10 13 17 31 38 40 51 54 60 82 92 109 
116 140 143 146 151 156 181 184 189 198 
22
23 26 28 38 41 63 68 69 83 86 99 101 
107 126 127 149 173 181 187 191 195 196 
21
5 6 7 9 10 17 20 23 27 46 56 61 
77 110 126 134 135 139 175 181 189 
23
8 17 18 28 37 46 57 66 78 99 116 131 
139 140 145 157 160 164 168 173 192 193 196 
22
15 34 36 56 84 87 94 95 98 111 119 125 
135 139 142 147 149 154 155 166 168 185 
26
7 11 16 22 26 30 48 49 56 67 70 72 
76 78 95 136 141 142 143 148 153 167 168 181 
191 195 
24
11 16 17 21 33 34 45 49 70 84 86 93 
109 115 120 126 132 138 139 146 150 163 167 193 
18
18 30 44 53 59 82 85 97 118 130 132 146 
159 166 178 181 186 194 
17
5 19 23 28 55 65 76 79 106 108 117 127 
135 136 163 167 195 
21
10 27 40 51 54 58 66 69 75 81 82 108 
120 141 143 150 161 163 164 174 191 
21
7 33 34 38 42 44 50 54 61 63 74 85 
125 149 156 161 168 170 173 175 189 
16
19 22 25 53 60 65 78 97 108 128 149 158 
162 180 182 195 
20
6 25 29 37 53 61 65 72 75 78 81 85 
100 109 110 112 116 125 144 156 
14
18 23 30 33 49 55 62 72 76 97 101 141 
165 169 
14
14 19 33 42 52 69 83 94 100 119 137 166 
177 180 
28
11 22 29 30 41 43 63 64 70 72 88 93 
103 105 107 111 114 115 118 125 128 142 153 161 
183 185 191 194 
14
9 37 44 45 53 56 70 72 80 118 120 168 
173 200 
14
14 20 49 53 66 67 70 92 101 147 152 175 
176 185 
18
12 16 28 33 47 57 60 74 95 110 112 133 
156 173 178 186 188 200 
22
4 7 9 17 23 32 36 55 58 60 76 83 
99 102 109 120 122 135 137 143 181 182 
19
7 14 20 32 52 58 76 86 88 90 109 111 
117 134 142 143 153 154 185 
19
11 31 42 43 55 77 84 90 110 119 120 131 
144 146 147 158 167 169 170 
19
7 13 17 19 62 67 79 99 110 123 129 131 
136 141 159 173 176 179 197 
24
1 27 28 33 41 48 50 63 64 72 77 82 
84 99 123 131 149 161 169 182 183 186 188 191 
23
6 13 19 30 31 49 60 62 72 79 84 95 
102 105 112 128 142 147 170 172 182 185 192 
20
7 29 43 46 48 49 54 66 71 105 126 145 
146 147 150 179 190 191 193 200 
20
11 42 83 84 89 90 97 103 109 110 117 121 
127 149 166 169 179 180 181 193 
17
3 49 54 56 61 66 76 77 110 122 128 152 
161 165 170 172 175 
19
9 15 34 40 44 59 77 81 91 96 105 107 
125 159 160 167 171 193 195 
20
9 25 33 34 55 59 75 83 95 99 107 111 
113 151 159 172 176 191 192 196 
22
7 23 25 35 54 66 77 85 87 96 97 104 
109 115 119 129 138 160 165 178 195 196 
16
8 15 27 53 60 66 78 84 87 116 120 122 
133 136 158 199 
20
6 22 27 36 37 39 40 42 43 44 47 59 
62 76 77 79 92 155 162 166 
21
5 9 26 48 68 70 76 84 95 107 109 113 
126 135 138 163 168 177 180 191 194 
25
4 11 15 17 29 56 61 64 75 81 91 109 
116 121 129 131 133 141 149 150 151 167 171 194 
198 
27
3 9 13 35 38 41 75 77 80 83 100 109 
112 122 123 131 140 141 149 150 156 161 172 176 
180 183 197 
17
5 31 36 46 50 57 87 103 111 129 136 146 
148 153 157 170 193 
19
31 43 46 55 63 83 115 117 120 124 127 138 
139 153 154 173 187 196 199 
21
3 21 23 27 30 40 50 56 57 68 75 79 
80 107 110 112 118 136 152 159 183 
27
5 7 18 28 29 51 58 60 77 79 81 87 
100 106 108 126 134 142 146 148 161 166 184 193 
196 198 200 
21
29 36 47 54 71 87 90 108 110 113 125 127 
149 152 161 168 174 178 185 189 195 
20
25 42 46 48 64 80 92 93 95 96 102 113 
120 140 144 154 171 183 184 198 
25
3 11 27 38 46 62 67 81 86 88 106 107 
111 127 137 141 142 162 167 178 180 188 189 192 
193 
23
26 27 28 38 46 48 61 63 69 73 79 80 
81 91 119 121 138 140 141 167 168 187 193 
23
14 21 28 30 56 65 67 69 73 83 84 88 
92 109 114 122 131 135 145 152 160 166 172 
16
37 41 65 75 98 99 103 112 123 132 133 136 
146 154 156 173 
14
25 50 53 90 105 106 111 112 124 135 150 157 
188 191 
28
13 14 35 36 43 61 63 66 69 74 81 92 
94 115 117 118 120 124 128 139 143 159 161 180 
183 186 191 200 
21
1 43 47 54 61 62 77 79 97 102 111 115 
124 128 134 154 157 167 175 197 200 
17
13 17 49 62 71 75 77 97 100 124 131 139 
146 148 150 183 193 
17
16 52 67 78 81 85 91 95 99 105 114 125 
130 148 177 186 199 
19
11 70 77 78 83 87 89 98 103 104 117 130 
145 155 162 163 164 190 197 
18
2 28 40 41 43 65 68 88 103 104 114 124 
151 152 154 160 190 198 
23
7 18 19 31 45 52 53 57 58 62 65 70 
90 98 103 113 116 120 130 137 141 161 180 
22
6 20 31 32 40 59 60 100 110 113 121 123 
130 154 155 161 163 164 169 186 191 193 
15
7 10 29 59 85 86 88 98 111 130 137 139 
166 169 196 
11
4 29 43 57 77 84 90 137 153 161 174 
17
2 28 30 37 42 43 45 46 62 65 129 139 
145 151 165 194 198 
14
8 16 27 45 54 96 99 115 125 157 163 179 
184 199 
23
8 12 14 16 18 34 51 64 79 82 87 88 
110 125 126 134 136 148 171 181 190 193 195 
17
3 4 13 21 39 50 52 55 58 64 84 97 
116 168 170 179 194 
24
6 8 16 35 47 55 82 85 87 102 104 106 
127 128 130 137 138 151 152 180 183 194 195 200 
20
3 14 24 35 36 40 45 53 57 62 77 101 
102 113 131 147 151 174 179 183 
29
3 24 28 30 38 39 41 42 59 66 67 69 
71 83 92 93 100 114 116 130 132 141 143 157 
166 168 170 176 183 
22
1 26 28 43 64 71 96 98 99 103 114 116 
119 120 121 122 133 134 139 150 179 198 
25
4 20 31 38 54 57 64 70 78 87 94 102 
104 111 113 130 132 139 143 145 153 172 181 186 
192 
11
2 64 75 82 112 126 137 144 162 166 193 
15
1 4 14 32 39 63 89 90 105 121 130 147 
165 181 184 
23
1 17 23 24 26 30 35 52 72 89 99 105 
106 121 126 134 137 143 167 172 177 189 195 
20
3 14 19 22 23 44 67 73 80 87 110 114 
117 126 145 162 176 192 195 200 
18
1 4 16 23 25 29 45 69 84 109 127 133 
135 136 154 160 168 185 
20
10 49 67 68 69 70 76 101 105 109 123 136 
137 143 146 166 168 173 183 199 
18
53 56 59 63 69 81 83 91 106 110 119 123 
131 132 179 180 188 195 
18
10 12 16 18 54 56 83 85 88 97 103 117 
121 153 168 182 189 192 
14
3 16 18 20 37 43 44 55 69 72 157 168 
186 198 
17
10 12 24 26 35 66 98 102 112 132 140 148 
149 158 160 177 198 
20
7 17 18 32 33 38 50 57 66 89 109 122 
135 138 157 158 163 180 186 190 
11
61 65 78 106 115 129 137 155 160 188 194 
18
6 17 23 83 92 104 106 111 115 117 119 131 
138 144 149 151 163 190 
21
9 12 13 14 18 22 31 37 62 69 93 100 
116 119 129 135 136 174 187 191 200 
13
2 24 25 46 51 53 63 67 89 135 186 189 
199 
26
4 14 39 52 57 62 66 83 99 107 109 114 
120 131 142 148 153 158 167 168 174 180 189 191 
195 199 
15
6 25 27 58 96 110 129 138 142 143 173 184 
186 188 199 
15
17 36 68 93 98 102 116 120 141 156 158 159 
164 166 196 
18
2 7 8 11 29 40 78 88 100 122 123 129 
134 147 149 154 178 181 
24
3 7 22 26 30 35 36 38 40 43 52 60 
61 62 67 71 107 125 140 147 151 164 174 179 
21
7 27 35 39 61 63 64 87 98 100 114 115 
131 133 136 142 147 154 163 172 181 
23
4 15 46 52 61 71 80 88 89 96 142 150 
151 154 156 157 161 170 172 175 185 189 200 
27
3 9 12 36 37 42 49 70 73 77 78 79 
87 88 92 105 126 131 132 138 156 162 164 167 
174 182 195 
16
4 5 15 18 34 56 60 66 75 76 99 117 
123 125 130 138 
17
16 20 22 32 38 45 50 52 56 57 63 96 
100 113 125 140 153 
14
6 12 17 48 57 67 71 86 103 119 152 154 
158 188 
23
18 29 37 48 52 63 76 86 88 108 118 127 
134 139 161 166 174 176 183 185 186 187 198 
24
5 14 27 36 37 49 50 52 54 64 67 71 
78 79 94 116 128 144 146 147 173 175 176 185 
12
28 58 67 71 91 96 100 117 137 151 157 164 
26
3 9 14 20 24 25 30 38 41 47 49 58 
60 83 84 89 99 122 128 130 135 141 153 169 
189 199 
26
3 4 5 17 21 23 25 36 41 42 44 46 
63 72 77 98 119 127 132 139 149 150 174 175 
178 193 
21
4 21 23 28 55 56 57 59 66 68 70 78 
106 114 143 148 149 151 164 167 180 
24
29 43 52 54 55 62 81 85 87 105 112 118 
123 127 155 157 159 160 176 177 178 186 192 194 
20
11 18 25 37 43 62 68 74 108 111 133 138 
139 144 149 165 170 189 192 195 
18
3 15 32 45 84 92 100 101 112 122 128 133 
136 138 141 154 184 199 
14
4 6 32 35 68 94 112 117 123 131 134 139 
147 150 
22
3 5 18 21 57 62 65 67 70 84 95 97 
99 102 109 118 126 138 148 158 179 198 
25
13 14 26 28 34 39 40 63 67 72 83 84 
92 93 94 110 145 153 154 157 158 165 169 174 
196 
13
43 47 53 71 79 81 82 84 105 107 118 126 
134 
27
6 11 27 32 34 41 50 64 65 66 90 94 
108 135 137 140 147 148 156 163 165 167 174 179 
182 192 200 
17
32 37 81 89 95 103 109 124 146 151 153 161 
167 168 191 194 199 
22
6 8 23 25 37 41 48 56 66 72 88 90 
98 116 130 133 134 155 156 162 166 200 
24
16 34 37 39 44 47 52 57 60 64 68 69 
72 78 80 83 102 115 122 125 137 154 165 198 
26
1 15 22 28 29 39 50 52 59 69 79 81 
93 99 114 117 120 124 128 131 152 155 162 174 
187 188 
24
19 25 29 34 52 54 78 83 90 92 93 98 
106 108 109 113 129 133 137 142 154 171 188 195 
19
8 9 50 61 72 76 83 113 116 137 142 143 
147 150 167 168 184 194 196 
24
3 5 9 23 25 44 45 46 50 61 73 81 
86 89 96 123 125 138 148 157 167 168 186 187 
19
7 9 24 39 41 61 75 96 104 115 121 143 
145 149 151 156 165 193 200 
24
2 7 12 42 44 59 63 70 72 89 96 109 
117 125 129 142 146 153 154 158 160 172 179 181 
12
34 53 60 80 84 87 125 140 152 166 173 186 
16
2 12 24 43 62 72 120 129 134 141 144 153 
160 164 173 177 
22
30 39 40 49 50 54 69 81 90 92 104 107 
110 113 115 121 127 151 152 192 198 200 
23
11 35 41 49 56 57 59 66 67 70 71 78 
98 101 113 116 124 131 138 140 145 168 178 
19
17 19 26 42 51 85 91 92 97 113 115 120 
122 142 167 168 171 181 183 
25
8 16 18 27 41 43 52 66 74 93 97 104 
107 116 123 130 136 137 141 143 144 148 178 195 
199 
15
11 13 17 47 65 78 97 116 139 154 173 187 
188 189 193 
20
1 12 29 30 39 66 74 78 92 95 97 130 
144 154 156 168 169 182 185 189 
11
3 28 82 93 123 131 143 146 159 163 196 
19
4 15 27 34 42 43 46 50 57 60 62 63 
71 129 154 157 167 169 199 
12
13 15 20 23 63 77 93 119 148 158 163 167 
27
14 16 25 33 49 60 66 67 74 79 83 91 
106 119 122 137 141 146 149 150 155 170 172 181 
193 195 197 
17
16 43 54 56 62 69 86 90 105 115 123 139 
141 148 157 162 169 
18
24 29 31 49 51 56 63 72 87 94 97 130 
132 146 152 153 155 163 
25
7 15 18 26 40 43 47 50 54 56 68 76 
79 81 90 110 119 124 129 145 148 167 170 184 
189 
17
7 10 16 24 27 37 40 58 88 121 135 137 
155 158 185 187 188 
18
5 26 34 39 53 55 56 58 69 78 85 96 
101 125 129 143 146 159 
23
2 8 37 45 48 60 70 84 85 89 93 128 
133 135 137 141 145 151 154 156 159 164 170 
19
18 27 59 67 71 75 85 91 94 99 105 113 
121 129 141 142 146 186 187 
16
19 24 49 70 74 104 117 121 134 135 149 158 
169 174 187 199 
14
4 37 70 77 101 109 131 135 148 150 162 176 
183 195 
19
14 20 31 36 38 51 53 67 69 72 90 92 
93 145 151 154 164 171 191 
19
5 34 37 47 50 59 72 77 83 122 125 142 
144 157 179 190 192 194 196 
18
12 31 36 44 88 96 116 119 128 142 145 147 
150 162 166 184 191 193 
24
1 3 10 13 17 29 52 59 65 73 90 96 
114 116 123 136 143 144 158 170 179 180 182 193 
23
7 27 34 36 44 45 50 66 86 88 90 98 
99 117 120 129 134 137 143 145 164 174 178 
15
15 32 35 47 62 88 94 97 106 120 131 135 
155 165 188 
22
4 10 15 29 59 61 62 73 82 85 109 110 
111 121 122 146 147 152 156 162 188 195 
20
10 28 33 38 39 46 62 64 81 90 113 114 
115 123 125 144 159 183 190 196 
15
4 55 64 69 76 77 89 101 115 151 155 165 
170 184 189 
25
5 14 17 25 29 43 44 45 57 66 91 95 
96 115 119 127 129 132 136 149 152 156 163 173 
175 
22
12 13 44 48 53 54 63 69 81 86 98 115 
131 134 138 154 161 168 170 185 188 200 
14
2 5 6 7 25 26 40 43 142 164 167 171 
183 196 
20
8 19 39 41 50 58 59 79 84 87 94 95 
99 100 119 121 130 160 191 198 
18
1 23 38 43 62 71 89 109 113 115 124 126 
127 138 142 168 192 197 
24
5 8 10 16 29 37 43 49 61 67 69 86 
92 99 105 109 110 116 144 145 147 155 161 164 
23
10 22 32 63 81 82 89 93 100 109 111 129 
130 131 137 140 147 151 152 178 182 195 196 
20
1 7 40 66 68 69 87 90 92 103 108 114 
117 118 143 169 177 185 188 195 
25
3 24 30 33 38 39 40 50 62 102 104 106 
107 113 117 133 148 149 152 156 157 160 173 194 
195 
16
1 6 8 9 13 21 24 44 65 70 117 156 
161 168 174 186 
14
2 18 62 74 76 93 109 124 130 147 169 172 
189 190 
18
25 32 43 45 70 81 85 95 101 136 138 143 
153 159 162 177 197 198 
19
1 13 29 31 41 48 49 71 75 76 79 118 
137 139 178 179 185 191 198 
23
29 34 35 46 59 61 69 70 79 80 97 101 
125 128 132 140 150 153 158 167 170 184 192 
20
28 37 46 50 55 58 88 108 115 121 132 135 
137 138 158 174 178 192 194 195 
20
16 45 54 61 63 92 96 110 118 133 138 143 
147 156 159 161 164 177 181 184 
13
4 28 49 55 71 91 103 110 133 140 153 155 
186 
26
7 10 17 18 23 26 32 36 57 63 75 77 
101 102 107 131 134 144 146 159 161 173 176 181 
188 199 
21
12 18 40 43 55 60 69 101 103 111 114 117 
119 122 141 142 160 168 175 187 199 
16
9 12 49 84 88 98 122 124 133 135 144 166 
168 172 174 178 
26
12 20 22 23 32 36 37 41 58 82 87 99 
109 119 121 124 140 144 145 150 159 161 182 190 
193 194 
15
6 17 25 40 44 63 76 79 90 96 98 111 
136 149 195 
21
4 11 31 32 40 50 86 96 102 104 117 126 
135 136 142 145 148 153 187 191 200 
16
32 39 60 91 95 103 107 109 131 139 145 163 
171 192 198 200 
20
5 13 19 23 25 29 66 74 94 100 106 110 
119 138 149 153 171 180 188 193 
15
1 12 13 16 39 70 74 84 109 119 125 156 
167 176 196 
26
7 21 26 34 38 39 53 56 60 79 81 90 
108 111 123 135 139 140 151 152 154 162 164 188 
194 197 
20
6 8 13 14 33 42 54 63 76 77 87 99 
106 108 144 145 146 148 154 187 
22
7 33 59 67 74 76 77 78 85 97 107 116 
117 127 132 148 150 154 155 178 192 196 
14
44 72 79 83 91 100 101 116 126 131 137 190 
194 200 
26
5 8 13 18 30 32 52 53 69 71 72 73 
81 99 107 110 115 116 129 138 140 148 154 171 
175 184 
14
9 19 46 56 75 79 103 104 110 128 131 158 
170 200 
14
11 18 28 64 78 81 86 100 116 126 147 154 
156 182 
25
2 9 25 34 38 40 41 79 85 95 96 98 
107 125 137 142 166 168 169 189 191 192 193 195 
196 
21
4 8 26 39 46 56 60 67 80 81 87 94 
102 120 134 144 170 176 188 191 196 
17
7 29 33 36 39 42 60 63 82 85 116 130 
140 145 151 161 165 
27
16 18 21 26 27 50 63 66 75 84 85 95 
99 100 103 114 117 123 133 137 146 150 153 184 
190 192 194 
15
5 26 40 47 61 63 89 94 106 126 143 147 
158 167 200 
16
6 48 67 80 108 110 112 137 141 143 153 156 
176 178 187 193 
24
1 19 28 30 51 55 66 75 84 85 86 91 
109 129 131 136 137 142 146 158 165 181 183 200 
16
8 51 58 60 69 82 99 131 157 161 167 174 
178 187 197 199 
18
13 24 28 33 42 58 71 72 73 87 99 106 
152 155 161 174 177 194 
15
5 15 24 51 72 75 83 86 103 104 114 139 
150 163 187 
16
31 35 46 51 67 75 81 95 98 102 107 113 
119 125 129 169 
17
9 16 36 38 39 65 67 125 141 148 151 157 
167 177 187 193 199 
21
2 12 16 22 23 25 27 30 51 78 91 94 
100 118 141 155 183 184 186 189 195 
14
38 41 49 62 107 113 114 132 136 146 147 155 
167 191 
20
6 26 27 43 47 56 63 72 73 79 85 94 
98 103 157 166 169 186 188 194 
18
12 21 33 41 54 57 67 109 113 116 132 134 
145 164 178 181 182 200 
22
12 13 15 18 24 36 47 68 96 116 122 124 
126 130 132 141 150 173 181 192 199 200 
14
1 23 30 89 90 91 102 111 113 124 135 146 
152 188 
27
2 19 29 32 34 48 52 60 67 74 76 86 
87 92 95 121 137 142 150 155 167 176 182 184 
187 193 199 
18
18 24 25 33 35 38 58 64 68 77 88 104 
111 115 161 179 181 193 
26
5 9 23 25 47 57 58 89 99 106 111 112 
115 119 120 134 135 137 153 161 164 170 183 189 
196 200 
21
4 8 12 18 40 68 87 89 90 107 113 116 
119 124 132 135 137 147 164 177 184 
16
16 50 68 84 87 88 95 108 117 145 153 175 
182 189 197 200 
21
2 25 26 29 43 44 66 70 80 92 94 95 
105 124 140 145 154 163 176 179 198 
18
8 10 20 27 43 44 46 53 68 77 92 98 
124 151 159 179 186 196 
24
3 29 32 33 34 45 82 83 102 111 118 127 
132 133 142 144 145 148 152 155 157 178 189 196 
21
2 12 17 18 22 31 33 52 69 77 86 103 
125 158 160 162 171 178 181 187 198 
21
4 14 15 22 34 46 47 49 58 72 91 122 
154 158 159 160 163 176 183 184 189 
28
6 13 14 17 24 31 39 51 57 63 67 79 
83 90 105 111 112 126 138 160 171 172 182 184 
187 189 196 197 
18
1 23 48 50 78 80 84 92 113 125 126 127 
134 135 154 158 169 192 
20
17 19 29 33 35 61 84 86 106 111 122 125 
136 149 161 171 181 194 196 197 
21
14 23 27 32 33 50 61 90 97 120 121 122 
124 130 146 152 172 177 187 188 197 
13
7 16 28 41 72 83 102 126 141 170 174 188 
194 
16
43 49 65 72 77 85 112 137 145 147 156 157 
169 174 181 191 
15
19 22 33 50 57 77 97 99 130 133 139 143 
145 153 163 
14
15 18 30 40 59 62 121 128 133 140 145 147 
148 179 
21
38 50 53 55 57 59 62 71 74 79 80 81 
99 118 123 141 142 151 161 176 177 
22
3 4 8 12 18 48 53 63 66 68 111 117 
137 144 156 162 165 179 181 187 190 195 
20
2 4 5 17 20 24 25 28 69 83 97 98 
110 145 146 154 160 162 182 183 
21
3 13 16 18 26 30 37 45 58 63 70 76 
98 121 122 124 126 139 140 162 173 
19
11 14 46 47 53 78 96 101 107 118 121 130 
135 138 147 153 154 167 181 
13
18 26 50 53 55 58 81 123 133 146 156 177 
187 
22
4 7 29 35 43 48 55 62 70 98 115 118 
121 126 136 149 152 167 176 187 190 191 
20
11 29 35 40 48 55 61 71 82 85 115 117 
133 135 154 170 177 181 190 197 
21
18 20 31 40 49 52 65 87 109 126 128 134 
135 136 141 142 145 149 159 179 190 
20
8 26 33 55 57 58 73 80 81 86 93 107 
121 125 134 145 169 186 194 196 
20
1 2 5 30 32 33 40 61 76 81 92 97 
112 122 127 142 145 172 173 175 
18
4 5 6 15 51 87 90 94 106 111 123 124 
136 150 168 172 199 200 
