800 200
1 1 1 1 1 1 1 1 1 1 1 1 
1 1 1 1 1 1 1 1 1 1 1 1 
1 1 1 1 1 1 1 1 1 1 1 1 
1 1 1 1 1 1 1 1 1 1 1 1 
1 1 1 1 1 1 1 1 1 1 1 1 
1 1 1 1 1 1 1 1 1 1 1 1 
1 1 1 1 1 1 1 1 1 1 1 1 
1 1 1 1 1 1 1 1 1 1 1 1 
1 1 1 1 1 1 1 1 1 1 1 1 
1 1 1 1 1 1 1 1 1 1 1 1 
1 1 1 1 1 1 1 1 1 1 1 1 
1 1 1 1 1 1 1 1 1 1 1 1 
1 1 1 1 1 1 1 1 1 1 1 1 
1 1 1 1 1 1 1 1 1 1 1 1 
1 1 1 1 1 1 1 1 1 1 1 1 
1 1 1 1 1 1 1 1 1 1 1 1 
1 1 1 1 1 1 1 1 
14
7 12 39 56 77 94 130 140 143 144 147 150 
156 186 
13
9 15 22 33 72 84 106 115 117 120 127 132 
194 
19
1 15 25 33 37 56 58 74 84 93 106 108 
115 122 124 126 128 182 197 
16
4 15 18 25 51 61 86 91 104 114 118 136 
159 163 166 176 
21
1 3 4 30 39 53 66 110 116 127 134 135 
147 159 160 163 175 176 191 196 199 
18
2 13 18 24 46 60 115 126 149 150 151 160 
161 162 169 171 188 200 
24
8 18 20 46 50 56 81 95 97 114 116 121 
131 140 141 144 158 159 161 176 180 182 191 197 
24
6 17 33 50 52 57 65 71 73 100 101 107 
112 129 130 135 136 150 155 156 157 185 197 199 
20
21 28 31 36 39 47 53 54 66 78 85 89 
120 122 131 132 151 171 174 175 
19
1 4 12 30 44 46 80 81 112 116 127 139 
140 141 144 146 157 158 165 
18
3 16 19 31 40 56 63 74 80 102 120 127 
158 161 178 182 186 195 
14
14 23 29 68 70 96 100 113 118 132 134 145 
162 186 
16
9 10 27 43 45 51 57 61 72 99 119 137 
150 161 169 188 
12
6 18 40 50 65 105 125 161 163 166 181 189 
15
6 8 10 29 45 54 61 67 72 132 143 150 
177 179 197 
16
38 55 61 63 66 82 103 105 126 154 161 170 
171 175 179 190 
22
2 18 23 44 45 65 66 70 71 88 110 134 
138 142 143 148 156 163 176 196 199 200 
21
17 31 66 74 77 80 96 108 117 123 130 131 
139 143 148 157 160 173 184 191 196 
24
4 8 20 45 70 74 94 99 101 105 114 119 
123 134 138 142 147 157 169 171 178 180 181 198 
12
2 6 13 22 43 46 68 72 84 166 174 175 
14
1 21 50 51 87 96 98 105 128 130 136 146 
155 186 
27
6 21 22 24 30 32 39 44 46 48 49 56 
71 84 86 87 97 99 108 109 113 130 147 193 
194 195 198 
14
30 45 87 89 102 112 130 131 141 150 157 166 
185 188 
24
6 7 9 23 36 54 64 66 68 71 79 81 
107 110 119 137 138 146 157 183 184 190 196 199 
21
47 48 53 70 71 83 115 124 128 133 139 161 
162 171 175 176 180 186 187 190 193 
28
5 19 30 52 54 65 72 79 93 103 104 105 
106 112 126 127 128 129 131 136 137 141 153 158 
172 176 180 185 
30
2 3 12 37 39 50 55 57 64 67 73 74 
78 79 82 86 89 90 98 102 112 116 125 128 
132 135 137 161 169 184 
18
2 9 24 33 36 41 68 94 99 101 105 131 
143 158 160 174 183 186 
26
5 8 23 28 35 38 51 52 56 61 62 66 
78 87 88 127 129 131 135 157 158 168 170 185 
186 190 
22
4 10 17 19 44 59 84 87 94 103 110 128 
132 155 159 160 180 191 192 193 196 199 
17
8 45 50 52 55 68 78 96 100 109 116 122 
132 148 167 182 184 
21
2 7 9 19 33 38 46 71 93 97 107 109 
111 117 121 173 176 180 192 197 199 
27
21 41 56 64 71 86 87 92 94 98 115 119 
120 124 138 139 147 151 152 156 159 172 173 175 
182 186 187 
13
27 31 36 45 62 68 74 85 95 104 142 149 
163 
22
9 12 22 25 28 36 37 40 43 52 65 66 
79 84 92 125 138 158 166 181 188 190 
26
19 23 51 64 66 76 79 112 115 125 128 132 
140 141 142 150 164 165 168 170 176 179 183 189 
191 199 
26
7 28 31 34 42 48 54 57 68 71 77 84 
91 94 110 112 116 127 135 139 154 158 160 166 
182 187 
23
11 15 39 58 60 80 85 86 90 99 106 118 
127 138 141 144 148 152 159 162 170 198 200 
11
7 10 11 16 43 96 100 107 147 180 181 
25
18 22 28 37 45 50 69 70 74 81 93 107 
111 115 116 121 123 126 153 156 163 177 182 189 
192 
23
7 21 23 31 33 46 55 62 63 91 92 110 
118 122 125 143 151 154 157 168 181 184 193 
18
3 13 14 27 35 36 37 57 60 79 106 109 
118 130 140 153 166 180 
21
7 8 20 24 25 35 51 56 62 81 128 140 
146 161 165 178 180 186 187 195 198 
11
10 26 59 63 79 83 171 178 179 191 194 
17
5 7 17 30 31 63 71 73 79 97 109 119 
134 146 155 166 170 
27
8 22 27 33 43 46 50 52 63 69 70 71 
77 92 97 105 107 116 124 126 132 139 144 156 
188 192 197 
16
13 23 36 42 44 64 69 72 77 96 105 118 
122 171 173 193 
17
16 19 24 32 34 49 51 62 72 76 89 93 
105 115 139 147 194 
31
4 5 9 15 20 22 23 31 33 38 55 65 
66 67 74 77 81 85 91 107 119 120 134 143 
149 151 170 180 182 190 191 
20
6 25 26 27 32 42 60 85 103 123 124 132 
135 150 154 172 179 196 199 200 
16
6 7 51 65 71 79 87 90 98 102 110 116 
133 142 147 188 
18
16 18 43 53 63 73 85 100 127 129 137 146 
152 159 164 170 171 175 
17
6 17 18 26 30 70 76 114 132 149 164 171 
175 180 192 193 200 
19
1 14 28 36 39 50 82 84 99 110 115 136 
155 156 163 175 179 193 200 
28
2 7 15 29 33 39 43 44 50 58 63 69 
71 74 83 89 101 129 146 156 164 168 177 182 
183 193 195 198 
17
30 35 36 57 58 65 71 88 91 93 95 103 
122 134 165 188 197 
16
10 34 54 55 68 70 74 77 81 90 100 102 
151 155 171 176 
26
45 55 60 66 67 94 98 105 106 109 111 113 
122 123 128 132 133 134 145 147 151 152 156 162 
163 182 
11
21 22 35 42 67 81 84 110 120 164 179 
18
31 64 78 90 101 110 111 112 125 128 141 145 
157 163 171 185 189 200 
21
3 8 19 23 25 44 48 50 60 64 87 88 
100 106 125 128 136 141 143 152 156 
22
11 14 19 29 37 41 43 66 70 74 75 93 
94 118 126 129 139 161 164 166 175 177 
24
10 12 15 17 24 41 59 79 103 110 118 128 
130 141 157 166 176 179 181 182 187 189 194 199 
15
3 5 21 23 26 28 40 54 56 87 115 158 
175 181 182 
20
11 29 39 51 58 77 83 93 94 102 113 118 
147 157 174 179 180 192 195 196 
20
5 26 44 46 47 48 70 71 82 91 122 130 
148 157 163 166 175 179 186 189 
21
1 8 10 13 19 23 26 53 66 72 86 96 
98 99 115 128 146 151 156 159 170 
25
2 11 19 31 38 41 43 45 48 52 83 92 
94 95 107 109 127 134 139 158 159 162 180 183 
194 
20
10 12 20 24 47 49 54 85 86 91 102 116 
124 125 129 150 171 177 185 200 
14
6 18 39 43 51 63 72 85 97 112 114 158 
172 180 
22
10 11 17 18 20 22 24 29 46 49 85 101 
103 113 122 133 141 154 160 161 175 191 
22
1 25 40 51 58 60 61 72 93 96 114 132 
138 144 148 151 155 159 165 172 185 187 
21
2 12 26 49 72 77 87 90 99 101 104 112 
123 131 145 162 163 164 169 185 190 
17
4 53 64 73 85 91 92 106 108 119 123 130 
137 145 146 173 177 
24
12 16 18 25 38 40 42 50 58 64 69 80 
88 100 104 132 142 155 161 163 164 166 174 179 
25
1 39 44 55 56 58 59 67 70 86 90 91 
92 99 105 111 114 115 123 127 130 140 145 147 
192 
31
17 20 28 29 30 31 40 58 64 93 115 119 
127 134 137 142 147 156 157 159 167 170 177 181 
185 189 191 192 194 195 196 
16
3 38 41 44 49 55 66 88 99 102 139 147 
163 173 194 199 
20
5 43 87 93 94 95 100 104 113 117 124 126 
134 139 155 158 176 189 190 194 
22
3 13 28 30 32 38 49 62 73 79 83 87 
95 96 128 133 135 149 160 165 172 193 
21
1 2 13 17 28 33 35 42 43 45 57 88 
91 103 111 115 125 135 142 192 194 
20
17 21 22 43 50 57 70 83 103 104 120 122 
129 132 133 156 171 189 195 197 
21
2 9 23 51 53 81 82 88 89 92 96 99 
106 120 122 125 129 135 139 150 157 
17
7 29 30 31 36 38 43 94 106 107 119 138 
157 163 179 186 190 
24
1 7 9 17 21 27 45 56 64 74 83 85 
86 100 102 129 143 149 158 159 172 177 183 190 
22
14 23 31 32 33 43 51 56 59 72 83 89 
92 108 113 132 146 151 164 178 187 196 
14
45 47 73 74 75 82 152 154 158 168 172 182 
188 191 
20
8 12 14 37 39 47 49 71 78 79 104 120 
123 126 143 158 169 170 190 196 
14
2 54 70 93 103 106 107 109 111 116 171 191 
195 200 
13
1 7 53 62 64 89 91 97 109 112 137 149 
199 
18
1 11 13 27 57 73 86 109 112 131 138 161 
162 169 175 177 187 191 
22
10 17 22 37 50 52 59 61 81 94 116 122 
127 128 135 150 166 169 174 189 190 191 
23
3 7 8 15 39 49 69 87 89 114 117 123 
137 147 150 158 161 175 180 182 191 193 196 
26
3 21 32 34 45 48 49 67 84 87 98 107 
110 115 124 140 160 166 173 176 178 179 181 182 
188 190 
17
4 6 16 41 46 48 58 67 72 80 109 138 
149 164 172 188 190 
18
7 9 10 31 35 60 97 100 102 104 117 136 
144 145 166 172 188 192 
18
1 6 14 17 23 27 42 50 69 84 91 103 
106 122 135 138 159 172 
29
15 44 56 60 64 68 69 80 86 88 101 102 
105 106 111 126 130 131 135 139 141 152 157 168 
174 177 181 183 188 
17
10 11 34 42 48 70 85 118 124 134 135 136 
167 178 179 187 195 
24
10 11 35 52 59 65 85 86 89 96 99 104 
106 109 124 127 140 141 143 149 167 173 174 196 
16
28 34 38 53 66 73 81 84 91 142 147 152 
156 167 171 197 
23
25 47 58 71 86 89 94 101 120 121 122 132 
141 145 165 172 177 181 183 184 193 196 197 
17
11 22 42 49 50 52 55 76 98 103 109 124 
130 142 149 150 192 
21
9 11 26 29 41 52 72 78 103 104 120 127 
138 141 150 155 174 178 189 190 194 
21
3 5 7 10 18 24 36 52 68 89 97 106 
117 132 135 161 165 166 182 190 197 
20
4 22 28 31 33 55 59 63 68 70 88 107 
110 138 143 151 165 181 191 198 
23
5 9 11 41 42 62 64 67 68 73 95 97 
102 114 119 137 142 156 158 164 165 181 193 
22
10 12 23 25 29 30 32 45 54 56 59 61 
79 100 112 113 127 144 156 178 195 196 
17
2 4 20 26 32 34 40 74 85 119 125 128 
144 159 163 174 186 
25
4 5 14 16 50 52 54 61 66 90 95 97 
101 102 107 132 137 145 146 156 157 167 176 177 
182 
18
11 16 19 53 66 70 89 110 114 127 129 130 
138 164 181 182 185 198 
18
6 8 10 19 55 74 75 85 96 98 109 120 
149 167 177 183 187 192 
18
10 14 35 46 77 79 95 125 137 140 157 161 
164 165 167 169 187 193 
24
2 3 4 16 18 26 30 38 45 69 93 99 
108 110 113 115 119 122 133 137 176 191 197 198 
17
4 15 50 52 58 65 75 87 101 113 115 133 
150 159 179 187 195 
13
3 8 56 72 73 83 102 108 127 144 165 176 
184 
20
23 28 38 45 46 66 72 76 80 81 110 113 
123 124 128 155 156 157 190 200 
19
17 38 40 53 56 67 77 84 89 102 103 109 
113 134 153 165 167 170 178 
20
5 7 10 42 74 80 88 116 117 125 128 130 
134 169 171 174 180 186 187 200 
17
11 15 38 45 70 84 99 101 118 130 131 151 
163 185 190 191 194 
23
7 12 13 15 19 41 63 69 76 79 87 90 
110 119 120 125 126 147 152 155 161 163 166 
22
25 26 46 56 60 62 63 65 73 85 86 89 
101 102 110 145 157 169 170 182 187 188 
18
13 41 47 48 50 57 65 66 68 87 102 103 
121 130 139 153 156 167 
15
6 16 28 57 66 70 79 80 86 99 117 118 
154 156 165 
22
10 17 32 52 69 71 75 79 81 96 120 124 
126 128 129 136 156 163 164 165 183 196 
22
2 5 14 15 22 36 37 61 62 71 78 82 
89 113 126 128 129 150 187 188 192 193 
15
6 15 36 44 46 63 64 78 79 92 104 138 
145 168 182 
24
12 21 24 25 32 36 47 52 54 63 76 85 
98 121 126 147 148 151 162 163 165 171 184 185 
22
5 8 12 33 43 48 58 62 69 78 92 98 
104 118 122 128 132 134 135 150 181 188 
21
3 29 41 44 48 49 56 61 72 73 87 88 
89 111 112 119 128 149 161 189 196 
12
17 32 38 46 60 86 88 124 158 177 184 195 
25
6 16 18 19 29 46 53 57 67 68 76 89 
113 116 119 122 129 149 153 159 162 183 194 196 
200 
10
8 12 13 38 64 74 101 108 136 182 
26
9 22 25 42 58 59 70 83 91 92 99 101 
102 106 114 115 116 123 148 164 169 173 182 189 
191 198 
25
7 9 10 37 45 48 56 88 94 104 111 136 
142 144 145 148 154 158 163 167 169 177 181 194 
195 
20
2 19 29 34 36 54 55 63 76 84 98 102 
118 134 170 183 184 192 197 198 
20
12 18 25 31 41 62 65 68 77 87 100 113 
120 136 160 162 164 185 188 194 
21
2 4 10 26 45 70 77 84 100 105 118 119 
128 131 141 143 146 161 179 188 192 
26
24 31 33 38 41 44 57 62 78 89 109 111 
121 127 138 141 147 148 152 176 186 187 188 190 
193 196 
29
7 12 16 24 26 32 34 50 51 58 64 66 
67 74 80 89 96 117 118 122 124 126 133 144 
146 173 185 189 198 
18
33 46 69 82 85 89 97 124 126 128 136 145 
146 151 153 156 171 190 
15
54 69 87 117 118 131 133 135 143 154 164 165 
174 177 195 
23
8 28 34 45 68 79 88 116 124 134 139 141 
153 154 156 159 164 169 172 174 180 181 194 
28
5 7 22 24 26 41 49 51 55 62 65 89 
91 93 95 102 112 116 117 128 129 136 139 141 
149 171 185 194 
17
13 18 26 46 48 58 62 78 83 85 106 107 
150 152 180 189 199 
13
5 16 43 45 58 124 127 131 140 158 168 177 
185 
21
5 14 30 36 41 43 48 58 68 83 84 90 
96 106 110 122 135 147 151 180 194 
19
19 29 43 44 57 64 65 68 80 97 122 135 
160 164 165 176 178 185 188 
20
6 19 22 24 36 39 43 53 54 65 68 71 
94 99 127 128 153 163 166 174 
17
4 20 29 36 43 55 64 77 101 117 127 129 
137 140 148 186 188 
13
14 25 51 62 96 122 135 139 163 173 193 194 
195 
26
5 13 15 38 45 58 66 67 69 71 93 96 
101 111 120 121 129 131 132 137 147 158 160 161 
173 188 
18
23 28 41 49 52 59 62 66 72 75 105 143 
151 156 181 196 197 200 
15
22 28 41 55 57 61 66 70 76 92 98 99 
103 146 171 
20
47 50 52 70 76 81 82 83 106 107 110 118 
125 140 141 174 185 188 190 194 
19
18 20 29 31 36 39 47 54 62 72 88 98 
112 137 146 155 166 173 182 
20
33 36 38 45 74 76 85 90 96 98 132 155 
160 168 169 170 171 172 184 195 
23
7 17 18 25 33 35 50 52 53 55 57 89 
94 100 101 122 153 164 165 167 172 173 193 
18
30 39 47 81 83 93 106 108 109 132 146 149 
155 162 163 170 172 193 
20
5 25 49 51 66 71 95 113 121 123 146 158 
163 165 167 170 179 183 194 199 
17
3 6 39 40 49 54 65 81 83 102 110 132 
137 179 181 194 196 
20
4 21 24 27 34 35 37 46 59 72 74 88 
94 104 118 125 128 152 163 192 
24
3 7 14 17 36 44 52 58 66 71 76 78 
90 92 101 135 138 141 151 181 188 190 196 197 
16
10 15 38 53 97 124 130 147 149 164 165 168 
174 183 184 189 
19
5 7 26 37 45 68 70 89 108 113 124 141 
145 148 165 168 177 181 194 
23
2 13 27 28 39 41 67 79 81 93 103 106 
112 114 115 119 125 146 162 170 176 177 193 
21
9 34 50 58 93 95 106 108 110 117 123 131 
137 142 153 161 171 182 192 195 200 
25
6 10 16 33 48 62 63 64 81 82 88 108 
112 113 120 132 139 142 148 152 164 168 178 179 
198 
18
1 16 39 40 58 66 74 76 81 90 92 105 
116 137 158 160 174 177 
19
17 19 30 83 93 95 100 107 115 125 131 136 
145 146 152 177 190 198 199 
24
7 57 62 67 75 82 84 85 95 101 102 103 
105 111 117 132 136 150 155 156 163 167 174 176 
19
1 8 31 43 48 52 54 55 77 80 94 96 
106 120 121 138 139 171 181 
19
18 28 34 38 62 68 78 79 83 86 87 92 
107 114 127 156 168 175 183 
21
1 11 16 25 29 30 57 74 97 98 107 118 
121 134 144 149 164 167 189 191 192 
25
13 22 27 58 63 66 67 68 71 75 78 95 
99 119 123 124 132 137 146 163 174 176 185 188 
196 
23
1 3 8 10 14 34 35 42 59 60 63 84 
86 88 101 107 135 136 174 179 191 198 199 
27
5 13 14 18 21 40 51 53 67 79 83 90 
91 93 97 102 107 108 116 123 124 149 160 164 
171 196 197 
20
8 9 28 64 70 77 92 106 108 118 128 129 
133 141 142 148 156 160 169 191 
18
18 21 24 38 40 42 52 60 87 96 100 106 
107 117 163 170 176 181 
18
10 15 17 27 38 48 51 61 69 70 78 83 
84 118 129 152 170 178 
21
17 21 43 45 46 51 67 68 69 78 80 92 
109 117 119 120 127 132 133 134 141 
20
6 25 30 39 46 59 62 69 79 90 131 135 
137 140 143 147 150 162 170 184 
14
20 50 66 104 107 117 123 126 130 151 160 163 
175 176 
27
7 8 19 43 46 51 66 74 102 103 107 109 
111 116 119 126 131 132 136 150 158 159 160 164 
166 168 184 
24
20 24 29 41 49 51 60 76 79 83 84 93 
113 122 142 161 163 165 168 178 180 188 189 197 
18
6 9 14 27 50 61 67 70 76 77 83 117 
121 134 142 169 185 196 
15
2 14 27 48 68 73 79 89 97 111 128 134 
160 181 190 
20
2 13 15 18 29 31 35 55 89 91 102 107 
115 119 123 171 172 184 196 197 
18
41 54 76 83 90 95 103 110 121 132 134 136 
140 161 165 171 179 187 
24
3 9 13 39 47 50 60 68 69 71 73 74 
89 93 102 109 112 161 162 169 171 181 185 186 
17
42 52 62 98 101 103 111 115 119 123 125 129 
139 145 153 183 192 
17
8 12 17 46 51 53 54 72 76 103 108 144 
153 158 162 185 199 
12
21 49 54 66 76 88 111 132 167 178 190 195 
23
9 32 39 50 51 52 53 56 64 66 68 76 
80 86 101 106 116 118 138 152 161 164 168 
18
6 10 43 46 47 50 56 63 66 93 94 100 
117 151 157 162 170 197 
23
13 27 28 33 35 64 79 85 93 98 112 119 
126 129 142 146 148 149 151 172 176 178 192 
20
6 13 33 52 59 72 102 125 128 131 132 135 
138 143 151 156 177 180 184 197 
19
3 18 29 36 42 44 45 56 68 100 101 121 
149 160 161 162 173 196 199 
23
9 14 42 51 56 66 70 75 79 81 83 86 
88 119 121 128 132 162 164 172 174 187 194 
18
23 28 47 48 54 61 62 71 73 106 119 148 
150 155 157 172 180 189 
22
1 12 21 27 35 39 41 50 59 66 70 83 
99 103 114 118 122 128 139 174 191 196 
23
1 10 18 39 42 52 55 60 71 73 79 90 
94 98 103 114 128 137 139 142 157 181 199 
20
4 15 18 32 70 71 76 81 90 92 94 101 
112 119 129 135 161 164 176 182 
24
2 9 13 16 20 26 39 42 48 53 65 80 
86 87 88 100 111 118 120 137 151 165 174 194 
17
4 6 9 39 54 55 69 70 85 99 114 122 
155 168 180 182 185 
26
13 21 52 53 54 60 67 79 90 94 97 102 
107 109 110 120 124 140 141 145 159 161 168 173 
174 190 
26
10 16 23 33 37 48 53 61 63 64 80 89 
98 104 106 124 132 135 143 156 160 165 166 172 
195 197 
20
1 5 18 21 32 54 60 90 101 112 117 126 
135 140 144 160 166 187 189 196 
18
14 18 21 24 31 35 44 47 50 63 65 74 
115 150 152 167 182 189 
25
3 10 13 26 30 34 44 51 65 75 78 92 
100 112 140 142 152 161 165 177 180 183 186 188 
191 
27
4 12 35 40 47 54 61 74 76 92 93 111 
116 122 135 136 147 154 158 162 165 181 182 183 
189 198 199 
21
1 11 52 77 93 106 115 117 118 122 136 142 
143 154 155 163 164 172 176 184 197 
27
6 26 28 40 49 57 72 79 80 94 104 115 
117 120 124 125 129 132 136 146 153 154 165 176 
183 186 192 
16
5 22 24 36 41 71 97 102 116 120 128 135 
149 154 172 199 
23
10 17 31 35 43 44 45 47 49 54 60 62 
67 86 105 114 127 134 145 160 177 192 195 
21
1 19 38 45 53 56 72 77 95 97 120 126 
129 139 143 163 179 180 183 189 199 
24
10 27 35 46 47 48 52 61 66 78 89 99 
114 119 124 130 148 153 159 166 167 171 179 197 
16
16 26 41 77 82 88 91 100 107 144 145 152 
154 164 179 198 
20
16 20 25 26 29 33 72 73 82 101 108 110 
124 154 155 163 172 174 181 196 
22
5 20 35 45 51 57 62 64 72 82 92 93 
95 115 125 132 136 137 180 185 189 193 
16
5 22 24 38 76 102 105 110 132 134 138 162 
172 175 183 200 
21
2 14 20 22 39 45 64 73 91 94 108 109 
128 148 150 155 162 175 179 181 183 
22
12 14 23 27 37 47 49 55 117 120 122 124 
132 142 150 164 166 176 177 182 190 197 
20
13 15 21 37 48 60 64 69 71 82 89 90 
101 114 154 158 166 171 172 198 
15
44 46 51 52 67 72 78 81 146 166 169 184 
186 187 189 
25
2 14 19 21 41 45 46 52 55 56 60 64 
73 78 109 110 113 117 118 128 144 157 160 171 
190 
19
19 22 31 32 35 39 41 56 81 87 105 131 
136 142 153 160 177 179 187 
27
1 3 12 16 19 30 40 48 58 80 89 90 
110 113 119 121 129 130 133 142 146 149 162 164 
188 189 190 
21
1 4 15 22 26 30 34 36 44 47 82 85 
88 100 113 120 136 137 138 178 182 
21
2 5 10 16 32 38 43 47 78 94 109 126 
127 135 137 173 178 192 193 194 197 
17
11 12 17 39 46 65 76 82 84 104 114 136 
147 156 163 193 194 
20
16 37 38 44 47 48 53 56 61 93 94 95 
110 129 133 188 190 191 198 200 
17
3 8 40 56 60 91 92 93 94 108 138 139 
140 146 150 168 192 
22
6 16 19 31 33 43 47 50 51 56 67 77 
114 121 123 146 148 157 159 169 197 200 
28
1 3 12 14 15 16 22 36 43 56 66 70 
85 91 100 104 111 116 123 132 134 135 163 164 
166 177 184 199 
16
6 12 20 21 28 30 35 45 75 91 102 108 
110 112 162 180 
23
15 17 25 44 49 59 71 78 83 84 88 102 
120 121 127 144 150 159 170 172 181 184 192 
23
3 11 19 39 41 43 50 58 78 79 92 102 
109 141 142 143 149 159 163 174 176 183 198 
13
12 13 37 72 94 99 128 134 150 169 176 185 
188 
16
22 30 50 68 69 70 85 116 128 157 161 163 
168 174 181 184 
25
4 6 28 34 47 55 56 57 76 82 87 90 
101 110 121 133 141 143 148 150 168 170 185 186 
188 
20
19 43 49 51 63 69 71 93 106 109 144 146 
149 155 165 183 184 192 196 200 
27
13 17 32 36 42 45 48 51 54 77 95 96 
97 99 106 108 112 118 125 131 155 163 175 176 
177 183 185 
15
5 10 20 26 44 75 99 100 106 113 159 183 
184 189 190 
22
1 8 15 25 38 41 49 51 52 55 63 64 
66 80 109 114 137 139 167 170 175 197 
22
2 4 38 44 50 52 56 58 61 62 69 77 
85 127 128 132 133 151 185 186 190 197 
20
9 17 35 44 51 64 65 83 96 102 135 139 
143 145 150 151 185 190 195 197 
24
3 8 24 26 29 40 52 57 60 82 94 100 
103 108 141 149 155 158 161 167 173 184 185 194 
12
65 91 94 113 139 145 148 155 163 181 183 198 
24
6 16 30 37 42 43 48 52 63 72 84 89 
93 109 116 131 140 159 170 176 180 185 197 198 
16
24 25 38 63 65 96 109 118 120 141 150 152 
162 164 166 171 
20
47 57 71 80 86 88 89 95 97 99 108 114 
123 127 159 164 169 177 179 197 
19
1 13 14 21 25 39 62 82 86 90 94 99 
115 131 136 148 152 176 178 
20
2 8 15 29 30 31 35 43 56 68 69 70 
75 77 85 93 135 165 175 180 
21
13 17 46 57 72 74 87 97 111 128 148 158 
161 164 169 170 171 179 186 187 195 
27
10 14 19 23 26 29 30 34 42 44 46 48 
57 70 74 94 109 110 123 149 150 161 173 177 
180 191 197 
20
3 4 7 15 22 25 27 28 29 31 43 78 
85 100 104 106 113 126 150 186 
12
42 46 49 89 105 113 123 135 145 148 160 165 
12
15 31 79 85 142 143 146 152 175 189 191 194 
21
13 16 18 21 31 32 33 38 49 56 60 64 
71 76 85 107 119 143 157 185 189 
22
6 9 20 23 34 46 69 70 77 97 119 127 
137 148 150 159 163 168 181 186 188 190 
18
13 14 30 32 52 57 64 75 84 89 110 115 
118 128 137 156 170 171 
13
8 12 18 57 69 85 90 104 106 113 120 142 
182 
26
1 6 15 29 42 54 60 72 75 121 125 126 
137 140 145 149 152 164 171 173 180 181 182 187 
188 197 
21
6 25 40 48 51 56 66 73 77 78 102 108 
165 166 167 170 175 184 185 186 199 
17
10 15 21 33 50 64 67 83 88 119 133 139 
154 159 173 188 196 
25
13 17 18 23 32 33 39 51 76 79 92 99 
100 109 110 115 126 139 141 145 164 167 193 197 
200 
15
5 18 24 50 54 62 99 105 107 119 122 130 
144 164 165 
12
8 19 29 40 66 86 115 139 149 162 166 194 
22
6 24 25 40 50 64 75 81 90 98 112 117 
124 126 129 130 140 156 169 194 195 200 
22
7 10 12 33 41 54 58 64 97 102 109 119 
134 136 142 146 157 158 163 165 182 186 
19
1 28 44 80 84 89 91 97 99 114 120 126 
142 143 157 162 164 169 184 
16
7 22 45 59 64 70 83 108 117 130 135 144 
168 170 176 196 
23
3 12 16 36 37 46 57 64 67 71 74 87 
96 101 115 124 138 143 145 182 186 192 197 
23
22 35 42 44 70 76 77 87 89 92 96 102 
109 110 122 128 129 166 168 181 188 192 197 
16
10 11 12 18 28 34 53 60 61 64 76 107 
110 115 149 187 
24
6 11 14 27 33 38 40 49 83 88 93 96 
105 106 109 146 148 153 155 168 171 176 192 196 
21
7 10 26 30 44 48 62 75 92 95 96 103 
125 126 136 150 155 166 171 172 191 
21
2 11 17 21 29 33 34 39 40 43 53 72 
91 93 96 103 113 130 145 171 183 
19
1 19 21 57 59 70 73 79 95 130 136 140 
151 158 160 170 186 190 200 
19
33 43 52 53 61 82 91 96 103 109 116 140 
144 145 150 167 171 181 187 
26
7 8 17 22 28 30 39 45 56 60 64 74 
75 78 86 89 92 93 97 101 119 173 183 192 
197 200 
22
2 10 16 38 42 46 59 65 82 84 87 100 
106 114 122 132 138 140 158 169 175 180 
10
31 57 74 83 94 99 100 118 123 124 
17
23 29 61 63 69 70 71 81 86 103 120 135 
141 160 174 176 200 
17
7 12 27 30 39 54 63 66 70 88 120 135 
148 156 158 165 181 
16
31 33 47 63 68 89 98 99 107 115 119 130 
144 149 184 192 
22
2 20 23 34 50 65 71 77 85 87 95 103 
113 125 133 153 167 181 183 184 190 200 
27
12 17 25 29 30 38 43 61 65 66 68 88 
96 109 123 136 149 150 153 164 169 174 179 186 
190 191 192 
15
5 11 33 43 54 69 79 84 113 133 145 151 
166 177 181 
28
13 15 28 32 47 48 56 61 70 73 85 87 
98 100 105 111 115 121 124 127 130 132 133 154 
161 168 181 194 
15
15 50 60 76 81 85 88 118 120 143 146 162 
169 189 195 
25
13 19 31 41 45 46 68 80 81 85 86 112 
114 118 119 124 134 145 154 161 174 182 183 193 
194 
18
1 12 21 28 32 42 67 76 83 99 120 131 
166 172 186 189 192 197 
14
58 71 98 105 106 107 122 126 135 141 161 163 
172 187 
22
3 24 26 28 42 44 50 59 67 90 95 96 
99 105 124 129 134 167 168 191 199 200 
19
1 20 21 30 38 40 54 65 78 80 83 106 
116 123 157 173 178 189 191 
20
2 10 12 21 35 57 63 72 80 85 87 91 
97 113 116 134 147 176 179 185 
28
10 12 48 58 59 60 66 68 70 72 77 88 
98 100 114 117 121 126 133 152 154 162 175 176 
180 191 192 199 
25
1 15 19 26 33 34 38 43 45 47 48 54 
57 59 64 84 99 108 136 168 174 179 185 192 
197 
29
2 9 17 19 20 25 28 38 44 54 67 74 
88 96 102 103 105 111 125 130 136 140 146 152 
172 174 186 193 197 
15
20 29 32 50 56 70 72 78 118 132 141 143 
145 183 189 
33
4 5 25 36 37 39 41 54 55 63 64 66 
70 74 81 84 85 112 123 134 136 153 156 160 
163 166 168 179 180 190 191 193 199 
28
4 6 19 22 52 54 60 74 83 96 109 112 
113 122 132 135 136 148 149 155 157 161 164 166 
169 175 180 192 
17
4 13 16 28 29 43 74 98 107 127 138 155 
163 169 172 177 194 
19
7 21 55 56 61 65 67 70 73 83 86 93 
99 118 142 155 182 187 188 
17
8 14 24 31 36 40 54 76 83 96 116 135 
143 167 171 176 186 
16
12 27 51 64 66 71 84 95 103 114 134 136 
148 162 168 193 
19
6 9 15 25 31 48 50 55 77 124 125 129 
130 133 134 164 167 177 195 
24
8 12 15 20 24 30 35 37 46 78 101 103 
113 118 119 123 128 142 159 164 171 193 197 199 
24
14 19 25 30 38 44 51 56 59 61 67 68 
73 82 90 95 98 118 146 149 160 169 179 180 
25
22 38 41 45 48 57 65 69 74 76 84 95 
96 103 106 118 126 127 138 142 148 175 184 188 
193 
19
12 13 14 29 40 44 53 66 73 80 105 123 
131 140 147 161 162 183 199 
18
6 27 29 59 64 68 70 124 140 154 157 165 
176 180 181 183 195 200 
16
26 41 43 76 100 116 120 122 127 129 132 133 
149 185 192 193 
31
1 11 21 22 29 35 41 59 69 73 78 79 
81 83 88 93 96 100 113 118 140 141 142 150 
156 169 178 179 186 187 193 
18
13 19 20 22 34 37 39 52 59 64 83 98 
101 138 147 162 171 175 
15
28 29 37 60 67 73 100 107 118 122 127 156 
169 180 199 
18
3 12 29 31 33 35 40 64 67 78 85 87 
104 151 169 181 193 198 
19
14 15 32 41 59 61 67 73 102 103 104 117 
120 122 124 138 159 190 197 
12
9 15 17 32 54 85 100 149 152 160 171 184 
24
2 3 6 7 39 68 74 92 95 101 110 116 
117 122 129 141 148 152 169 177 179 192 194 200 
20
4 5 6 10 20 26 38 47 65 69 103 107 
108 127 137 139 155 174 179 182 
23
6 9 14 19 25 26 38 39 50 60 62 74 
99 107 127 146 160 172 178 179 180 187 196 
13
9 22 39 71 97 131 135 142 165 168 174 176 
177 
28
7 8 13 25 35 47 51 62 63 71 73 76 
78 99 102 106 114 119 124 137 144 152 154 178 
179 181 182 189 
17
10 13 18 44 60 68 86 90 107 125 128 132 
161 164 168 183 190 
22
8 33 42 58 61 74 79 83 98 100 129 132 
138 147 156 166 174 183 187 188 198 200 
20
7 19 23 24 25 31 37 57 59 62 97 128 
131 132 137 145 158 166 172 200 
19
3 8 23 24 25 43 46 50 52 53 98 106 
111 131 146 149 170 171 194 
20
6 21 33 35 36 55 60 95 106 114 124 131 
145 147 152 155 165 173 185 187 
16
42 45 86 102 106 107 114 122 127 141 153 158 
171 175 188 198 
13
29 45 66 90 119 123 125 159 163 185 189 190 
191 
18
6 19 21 25 46 77 79 83 85 114 119 122 
135 143 151 153 154 165 
19
4 19 42 43 59 60 64 69 89 91 99 103 
104 113 134 139 167 170 195 
13
4 17 22 29 43 75 81 88 89 119 157 171 
180 
16
3 8 12 20 32 60 64 66 94 100 106 116 
120 134 138 168 
24
13 14 25 34 49 54 59 63 66 75 78 89 
90 94 97 102 110 136 143 145 159 161 179 200 
23
3 14 44 50 53 65 74 83 94 96 97 103 
113 114 115 126 138 150 155 163 167 175 178 
19
7 10 19 22 28 45 67 76 79 95 104 114 
134 146 153 160 169 194 197 
18
14 16 29 42 59 65 78 102 121 154 160 162 
176 177 180 185 188 190 
19
9 26 33 36 51 75 79 86 90 94 106 118 
142 155 157 161 179 184 186 
18
2 3 5 10 63 81 84 92 95 100 121 129 
138 150 152 159 169 195 
22
13 20 25 40 43 44 72 73 89 90 97 103 
107 124 127 131 132 157 161 174 177 179 
20
3 27 28 39 41 51 65 86 94 111 121 133 
134 142 145 159 167 170 184 188 
21
4 6 9 11 21 56 59 78 99 113 115 116 
119 128 129 156 170 181 193 195 199 
14
5 10 19 36 45 53 72 88 116 130 132 155 
181 186 
17
28 31 34 37 50 72 81 93 108 111 120 139 
141 181 184 193 198 
37
1 4 11 21 25 30 32 40 41 48 49 60 
68 84 91 100 106 108 112 114 137 139 141 143 
147 155 161 169 172 176 180 182 186 189 191 192 
197 
17
5 22 27 57 79 87 92 93 100 114 122 136 
147 165 174 180 199 
19
9 12 25 38 39 50 66 87 88 115 134 145 
163 164 172 182 183 186 194 
11
35 36 46 57 70 79 90 107 132 191 194 
25
7 16 18 45 49 55 59 69 72 77 83 97 
101 110 113 125 145 159 160 166 169 176 180 184 
189 
13
43 44 71 76 103 112 117 151 160 182 184 189 
191 
18
3 11 18 30 34 40 43 64 66 75 116 126 
144 147 149 182 188 198 
20
7 18 28 44 63 67 82 83 87 88 99 103 
116 131 133 145 156 176 183 184 
17
17 34 39 42 43 53 61 68 77 81 85 100 
130 138 160 163 195 
18
9 16 25 51 70 89 90 93 96 100 107 109 
133 142 174 180 197 200 
23
7 8 19 25 30 35 40 49 58 65 78 80 
89 103 107 114 120 134 144 169 175 181 198 
23
17 19 21 37 38 51 61 79 81 82 83 109 
129 132 143 157 166 167 172 179 185 187 188 
18
5 18 32 36 44 47 65 69 84 96 99 113 
124 125 136 150 161 192 
19
32 43 45 53 68 70 82 98 100 102 109 120 
129 149 159 164 167 174 193 
17
7 25 36 42 49 52 72 73 84 93 97 113 
122 149 151 157 175 
21
22 31 32 34 45 60 65 71 74 79 81 84 
86 114 125 128 133 169 176 196 197 
25
5 13 22 28 31 50 52 59 60 68 74 79 
90 95 101 115 118 122 126 149 157 161 169 188 
198 
11
17 25 35 43 50 61 66 106 134 177 184 
12
4 16 19 46 54 55 73 101 109 141 152 154 
17
13 36 53 65 70 85 96 103 127 130 144 151 
153 168 179 195 196 
17
11 13 19 32 62 63 72 113 116 117 123 132 
137 146 149 171 178 
18
9 12 26 29 33 69 72 73 75 94 110 116 
118 152 165 182 184 196 
17
9 17 21 49 59 61 85 88 103 128 129 131 
164 165 169 172 184 
16
2 5 20 51 60 71 90 99 100 101 102 118 
136 143 156 163 
25
2 10 35 47 60 66 72 79 88 98 100 103 
108 111 117 121 124 134 150 158 162 166 184 190 
191 
13
6 18 26 34 85 88 136 151 152 179 186 196 
198 
16
5 15 54 58 68 81 88 99 100 120 126 136 
164 169 184 192 
20
3 9 40 68 95 98 104 106 107 112 113 124 
136 137 140 165 184 189 194 195 
25
6 9 13 26 27 29 32 40 47 54 56 58 
74 82 104 116 131 132 137 166 168 177 185 192 
194 
15
8 12 18 24 33 78 80 94 108 139 153 163 
172 176 189 
21
23 25 26 37 45 48 52 69 77 78 99 104 
113 117 133 134 151 158 163 170 178 
19
2 11 12 38 66 86 93 97 98 121 125 126 
142 149 154 160 178 183 199 
16
13 29 36 53 84 107 130 143 146 150 166 167 
170 175 182 191 
22
12 39 41 51 83 93 103 104 106 110 116 135 
138 146 149 155 170 172 182 188 192 196 
21
1 30 41 46 88 113 127 130 141 144 147 148 
165 166 177 178 179 181 182 191 192 
20
6 7 8 16 18 23 48 54 59 60 63 76 
81 99 125 140 144 173 182 183 
20
3 4 15 20 25 36 43 66 71 73 77 88 
91 96 130 140 141 151 179 190 
16
22 23 37 46 68 77 80 82 98 107 113 126 
135 137 174 200 
25
24 33 36 45 64 73 75 78 89 90 91 98 
99 121 123 130 132 148 150 152 166 175 180 188 
194 
23
14 18 21 26 43 50 62 65 71 75 77 81 
85 88 102 105 110 129 133 138 150 152 162 
20
9 13 19 24 31 43 45 46 47 77 90 96 
100 101 117 158 159 169 177 192 
17
7 21 26 31 53 72 82 83 113 122 126 137 
152 182 183 185 194 
24
2 8 11 32 37 45 48 61 62 83 85 94 
103 108 126 128 135 138 142 147 155 166 195 200 
22
3 21 27 40 55 62 74 75 81 90 92 99 
104 107 108 109 136 140 173 178 181 198 
20
9 20 23 24 33 36 56 61 73 74 108 109 
126 130 137 139 169 181 186 192 
18
3 9 12 14 45 58 71 72 77 92 93 101 
125 149 153 177 198 199 
12
1 8 48 62 67 90 92 135 138 170 187 191 
17
13 17 29 42 44 62 95 103 104 131 134 153 
173 174 181 186 189 
23
1 4 13 25 32 39 43 44 61 78 116 121 
134 137 143 144 152 155 157 163 168 170 199 
11
10 27 43 97 132 161 171 172 175 180 186 
22
5 13 21 45 57 82 86 88 104 109 132 136 
146 149 155 169 171 176 177 180 195 200 
24
10 12 17 21 28 41 50 54 56 64 88 103 
119 128 129 144 146 148 156 159 165 167 171 194 
20
62 64 70 79 84 91 100 103 110 128 138 142 
164 167 169 181 188 196 197 198 
24
6 14 25 27 28 43 56 61 67 74 83 85 
95 120 125 135 137 142 156 158 175 176 179 190 
17
6 19 23 33 41 46 49 78 91 107 113 138 
140 149 151 169 177 
14
4 23 30 49 53 56 74 107 109 115 123 145 
152 155 
27
4 16 28 43 45 47 49 69 86 93 97 101 
105 117 124 125 135 142 149 152 157 172 181 187 
189 195 200 
19
9 14 19 23 39 45 59 60 72 94 104 114 
126 142 144 153 170 175 186 
19
14 39 63 69 82 88 91 105 124 134 149 161 
176 178 181 184 187 193 195 
21
5 17 25 40 46 47 58 78 93 94 104 106 
110 117 118 124 151 168 170 171 178 
19
29 36 56 60 61 80 86 101 110 115 122 142 
145 151 152 173 185 188 194 
27
2 8 16 19 21 30 40 54 63 68 72 73 
78 80 84 98 115 117 119 130 133 134 142 145 
149 161 169 
13
2 43 49 53 79 81 114 118 134 140 172 184 
189 
21
11 24 33 42 43 55 56 60 63 73 78 85 
92 105 121 131 147 152 161 181 188 
18
17 34 45 51 52 54 83 101 102 103 137 140 
151 162 171 172 185 191 
19
9 11 22 32 49 57 62 68 71 101 111 113 
130 133 157 174 182 190 192 
18
33 46 48 51 52 55 58 69 87 91 96 107 
122 127 133 185 186 200 
24
10 23 26 27 38 50 53 59 66 70 83 105 
128 134 140 154 159 166 169 172 175 183 191 194 
23
34 36 47 48 51 53 59 68 94 101 119 125 
131 136 139 141 158 160 176 182 188 189 192 
17
2 13 21 22 59 78 87 92 108 131 134 158 
161 166 176 179 184 
25
3 4 25 29 44 48 49 60 67 68 84 94 
95 98 101 111 114 120 126 131 134 149 162 175 
191 
20
10 15 56 60 61 73 80 119 121 131 135 138 
149 153 158 163 174 177 193 195 
22
2 25 45 52 53 55 62 69 73 75 81 82 
97 99 110 111 137 154 155 168 178 196 
26
14 16 20 24 36 40 54 62 74 82 90 100 
107 113 120 145 146 151 167 170 182 190 191 196 
198 200 
22
2 6 13 18 23 24 36 37 46 54 55 72 
82 92 96 115 119 131 133 146 178 180 
27
2 12 40 43 44 46 57 59 60 67 70 80 
93 104 109 112 123 126 131 140 142 146 150 163 
170 196 197 
20
7 15 18 20 41 64 69 71 97 102 105 123 
131 148 162 174 175 176 182 193 
20
16 23 24 35 37 46 69 96 101 124 129 132 
150 151 154 159 163 172 178 196 
25
17 21 27 30 35 47 64 92 99 104 115 125 
126 135 139 146 153 158 159 162 164 168 179 190 
192 
18
8 14 27 45 54 63 64 74 77 93 94 105 
154 163 171 189 190 192 
17
40 43 49 61 62 85 91 92 95 108 127 133 
139 146 178 179 194 
20
6 10 19 25 33 39 41 61 62 81 85 110 
114 117 119 134 148 155 158 179 
18
11 27 40 45 61 75 82 86 100 126 135 141 
143 147 153 168 169 193 
14
12 37 42 48 51 92 95 96 110 121 142 171 
178 194 
26
1 19 27 47 52 71 82 90 94 96 101 102 
103 118 119 140 141 144 146 165 177 180 182 187 
196 199 
12
23 25 34 41 48 83 92 114 144 176 182 200 
10
28 36 84 91 109 121 122 130 164 184 
19
10 12 16 18 40 43 46 59 64 97 100 101 
105 116 126 132 142 163 181 
19
7 19 23 29 44 52 56 81 83 99 115 144 
147 157 160 165 178 183 199 
24
1 2 7 9 14 23 28 40 47 48 55 56 
64 68 98 123 146 151 159 160 168 178 195 200 
22
12 24 31 37 48 52 77 81 83 92 94 95 
105 109 115 124 144 152 155 160 170 183 
20
11 19 31 38 56 61 84 88 92 95 99 105 
108 114 132 133 144 156 157 185 
21
13 14 23 38 41 48 51 76 112 122 123 127 
152 153 163 164 169 170 176 183 188 
21
10 15 16 21 36 38 39 42 68 80 81 84 
107 110 127 129 157 166 167 168 173 
22
6 7 8 12 35 43 50 58 71 79 104 118 
120 149 152 167 168 172 173 180 181 194 
23
6 20 23 30 36 47 67 69 79 81 95 104 
120 131 132 147 157 160 178 179 186 187 191 
28
14 23 26 38 42 47 51 53 54 73 75 90 
91 107 109 110 123 125 139 141 145 156 170 172 
177 179 184 188 
23
7 9 10 12 15 27 44 47 48 61 89 117 
118 121 124 131 132 137 160 164 170 187 190 
20
4 16 21 33 63 76 78 80 82 83 84 101 
109 111 114 128 131 153 169 194 
21
4 5 9 20 23 26 28 39 43 48 73 90 
100 115 117 133 143 144 153 163 168 
23
8 11 13 18 34 36 66 68 85 93 96 102 
112 113 140 153 155 157 158 162 163 177 196 
19
5 31 34 38 60 61 63 72 101 107 108 111 
112 130 132 134 158 168 179 
14
5 18 20 37 52 66 77 81 82 100 140 145 
160 166 
21
13 25 26 28 35 48 55 58 59 63 66 68 
76 82 86 89 97 105 123 145 153 
20
2 10 14 19 24 32 34 50 61 65 93 100 
127 143 151 153 159 167 178 192 
21
6 11 18 22 33 34 42 59 65 66 70 78 
84 85 90 147 177 178 179 183 195 
24
14 28 36 45 52 61 62 73 79 80 107 111 
113 118 119 121 125 129 130 146 165 169 192 195 
14
8 9 18 27 59 67 95 114 146 157 159 169 
176 193 
25
30 34 40 45 51 54 59 68 73 76 79 95 
108 112 122 123 159 162 166 169 174 182 190 198 
200 
24
15 22 58 61 69 71 75 86 95 102 127 129 
132 133 141 154 157 158 166 173 174 178 182 194 
18
9 16 22 24 42 49 66 70 83 91 99 108 
110 124 128 129 136 199 
17
9 13 14 32 33 57 67 73 88 93 97 115 
116 145 146 183 192 
22
1 3 12 13 29 37 77 82 88 90 92 109 
130 131 134 143 151 159 164 176 178 181 
13
21 57 58 67 81 83 87 136 142 146 149 159 
162 
25
7 9 10 12 15 16 21 35 54 57 80 85 
92 99 118 144 147 157 162 164 167 171 178 184 
187 
16
3 4 13 27 49 61 84 86 110 115 128 143 
146 156 185 191 
26
7 12 16 18 20 22 35 45 48 53 59 61 
67 79 83 89 90 97 119 121 126 165 173 175 
180 183 
21
14 36 39 40 61 62 65 69 85 98 102 140 
142 147 151 160 165 167 178 186 195 
23
3 5 12 14 34 35 49 53 54 75 78 85 
105 109 112 118 123 129 139 150 155 160 173 
20
10 36 45 49 55 56 66 85 94 133 134 142 
149 155 169 172 179 183 184 195 
19
8 22 25 46 47 54 64 73 85 86 94 107 
116 125 136 146 157 189 199 
21
8 36 38 78 83 84 86 89 92 98 108 111 
114 116 117 121 127 139 156 177 197 
25
3 10 13 30 34 37 41 52 55 56 73 84 
94 99 102 106 122 128 147 162 170 179 185 188 
196 
19
17 24 39 51 57 74 75 76 90 106 121 144 
157 166 176 180 183 184 199 
22
20 24 28 33 45 50 68 69 73 75 85 96 
97 107 111 124 130 136 146 171 174 193 
18
17 24 33 36 38 46 76 78 99 101 107 112 
125 140 148 158 180 192 
22
24 42 60 62 69 87 90 91 92 93 104 113 
115 119 128 168 179 189 193 194 196 198 
20
21 22 43 49 53 61 66 73 81 86 87 90 
97 113 142 158 159 169 183 187 
23
1 11 18 22 26 29 53 54 63 68 73 85 
97 104 109 117 123 135 146 154 155 173 179 
24
6 7 14 24 33 37 50 55 58 61 63 84 
88 89 100 101 133 146 169 175 176 187 190 191 
25
2 3 13 16 31 38 39 45 47 56 69 98 
101 113 138 152 159 161 165 167 170 186 188 194 
198 
24
1 13 14 30 33 45 46 49 59 73 78 87 
105 141 153 156 159 167 175 187 193 194 195 200 
21
15 20 21 23 34 42 49 50 57 59 93 108 
111 121 144 169 175 184 191 192 200 
19
4 22 53 63 65 66 86 105 116 135 137 139 
153 173 178 182 186 194 197 
15
30 36 41 51 60 80 81 84 87 104 128 136 
167 174 192 
11
1 25 64 115 118 129 143 176 181 188 200 
24
5 18 31 37 44 46 55 58 82 84 89 91 
102 107 116 130 138 139 151 158 160 189 192 197 
25
10 14 17 18 20 25 33 34 36 38 41 50 
60 79 93 110 137 145 148 163 168 178 185 186 
192 
25
1 3 6 18 23 45 60 62 67 70 77 78 
90 97 111 114 124 140 144 146 152 180 182 190 
193 
21
2 4 9 15 33 42 44 69 73 74 86 101 
122 129 131 174 177 180 186 191 199 
20
13 38 44 56 60 69 71 80 81 85 95 99 
108 109 160 162 173 174 178 179 
24
8 27 38 40 41 43 44 49 53 55 58 73 
76 80 84 98 123 134 139 154 169 178 192 200 
21
6 22 26 32 33 44 61 72 75 84 93 95 
102 111 165 176 177 180 182 185 191 
22
4 7 10 19 31 62 80 82 102 107 128 130 
136 157 164 165 167 168 169 175 188 192 
18
5 8 23 25 29 41 47 58 61 70 71 79 
84 93 94 113 115 148 
24
1 2 12 29 33 35 51 55 56 67 82 84 
91 94 99 108 122 131 132 135 144 146 163 166 
18
3 19 53 55 75 99 100 103 104 106 107 121 
126 148 150 168 190 199 
19
9 10 13 14 29 30 35 42 50 55 74 92 
93 130 135 142 143 160 167 
16
10 43 49 50 53 79 83 97 100 129 133 149 
173 185 192 200 
21
9 11 54 68 70 78 105 126 127 134 140 143 
146 149 155 158 162 174 183 195 196 
18
9 13 15 43 68 76 91 95 101 106 107 109 
128 133 170 171 182 186 
22
5 19 21 28 50 51 52 77 78 91 95 98 
128 136 139 142 151 178 180 185 186 190 
32
4 5 16 17 18 25 29 31 38 55 60 78 
79 82 89 90 91 94 95 96 108 117 128 143 
147 148 149 169 177 191 194 195 
25
14 33 40 50 51 55 60 68 71 83 85 87 
97 106 110 114 117 127 131 138 145 181 185 187 
193 
17
15 19 35 46 57 59 65 66 83 97 99 110 
130 148 174 178 182 
19
20 29 38 39 44 61 64 80 92 95 112 134 
135 139 159 171 175 180 182 
20
23 36 60 63 65 71 72 73 74 92 96 125 
145 146 155 167 176 179 180 193 
20
4 50 52 55 58 61 66 96 107 113 139 142 
144 147 152 160 173 186 195 199 
24
5 15 24 27 37 42 57 63 66 67 73 74 
78 97 103 110 111 112 133 139 151 165 177 200 
13
1 22 34 37 52 62 97 110 123 131 134 147 
191 
20
12 15 27 32 37 45 49 52 72 73 95 98 
105 119 134 155 162 176 178 186 
22
13 22 23 31 52 59 75 79 102 112 121 137 
146 148 154 155 157 160 182 187 194 197 
18
19 20 28 39 44 56 61 83 97 107 115 148 
153 159 161 164 180 195 
20
4 8 16 35 39 54 80 81 109 123 137 162 
163 172 184 189 190 191 193 200 
24
12 17 21 23 36 38 49 75 77 84 97 99 
107 108 110 123 130 131 133 154 155 157 166 181 
22
8 22 28 29 50 55 73 80 93 104 120 127 
160 161 172 174 185 189 191 193 195 199 
22
1 8 21 23 33 36 37 40 42 50 70 79 
93 106 110 122 144 156 163 171 182 198 
26
1 2 3 4 5 27 32 33 36 39 47 81 
84 111 127 134 142 147 152 160 164 187 188 194 
196 199 
22
17 24 26 30 56 58 68 71 73 75 79 80 
88 95 112 115 124 130 149 155 177 188 
18
6 16 58 63 65 66 89 117 126 129 149 162 
165 167 170 179 190 193 
13
3 7 10 12 80 84 91 97 134 160 171 172 
182 
21
3 8 10 11 13 15 16 21 32 33 39 44 
125 130 139 146 152 172 174 189 194 
18
19 21 30 38 43 44 52 80 100 103 126 157 
169 188 192 193 196 200 
18
15 52 54 62 71 78 97 107 118 122 124 128 
145 149 164 171 172 197 
25
2 8 11 34 35 41 46 49 50 56 58 61 
67 69 104 110 116 119 121 135 148 158 159 189 
193 
24
16 24 31 32 47 63 64 77 78 80 89 100 
103 105 107 108 118 125 146 150 157 167 169 178 
20
2 13 27 28 29 61 63 74 75 86 97 98 
101 108 117 161 164 173 175 192 
13
38 63 64 67 102 105 118 127 160 163 165 183 
195 
31
2 27 41 45 56 59 75 84 85 93 104 105 
118 124 134 138 143 148 157 158 160 163 171 173 
176 177 179 180 184 191 200 
24
4 21 33 40 44 48 77 79 84 94 109 112 
115 116 117 118 121 128 135 163 164 177 187 188 
16
3 4 14 56 71 113 120 132 133 134 141 183 
185 191 192 199 
17
2 13 16 53 54 65 88 89 94 99 113 120 
125 139 143 177 179 
24
10 26 37 44 45 54 57 61 72 79 80 123 
124 126 128 151 154 164 165 171 176 179 182 199 
25
11 23 24 37 61 66 67 70 74 81 82 88 
89 95 136 143 144 151 159 171 178 182 188 190 
192 
24
1 6 19 21 23 31 39 46 52 55 82 96 
111 112 115 140 141 145 150 152 168 184 187 192 
22
7 17 27 75 78 84 86 88 91 92 93 95 
100 134 142 145 151 152 161 170 185 196 
15
29 35 49 95 127 144 152 159 163 166 174 193 
197 199 200 
27
1 2 20 23 43 44 45 48 53 69 83 87 
94 102 107 111 113 116 147 154 177 181 183 186 
196 197 200 
22
41 43 50 51 54 72 79 83 86 101 111 116 
141 144 157 158 171 172 183 191 196 197 
17
12 46 61 79 87 97 101 104 125 127 152 156 
166 178 181 190 198 
16
9 23 36 39 41 51 73 74 87 92 124 148 
161 170 171 190 
20
21 24 26 30 37 43 71 75 122 123 148 154 
158 162 172 176 186 187 195 196 
17
2 4 9 22 24 30 32 55 56 66 78 87 
99 130 161 172 179 
22
7 14 17 35 53 54 63 73 84 88 92 95 
97 125 127 131 142 147 153 161 167 185 
20
7 11 16 27 30 50 56 59 66 72 82 84 
87 102 103 114 136 179 183 195 
17
16 31 43 62 84 96 100 111 112 113 122 154 
155 180 187 188 194 
20
5 27 35 41 48 57 61 81 84 97 111 118 
121 141 155 164 171 177 178 189 
19
2 3 5 6 27 43 48 64 74 94 99 101 
108 114 119 138 146 173 174 
19
8 13 26 29 40 44 46 48 50 70 77 103 
111 130 135 167 170 187 199 
21
8 12 17 38 41 50 57 61 76 83 88 90 
94 118 131 140 149 150 182 183 187 
22
4 19 23 36 42 86 87 95 96 104 132 135 
140 145 149 153 154 156 164 172 179 200 
17
10 13 55 72 73 83 95 98 105 107 115 126 
141 150 159 165 179 
20
16 30 48 61 63 64 68 85 86 106 108 121 
152 159 162 164 165 169 170 200 
16
25 69 82 90 97 103 106 109 124 146 172 177 
179 183 199 200 
21
9 10 20 28 42 49 50 56 64 73 88 90 
111 115 121 141 156 167 177 181 182 
26
12 14 19 23 25 34 45 47 52 54 65 70 
71 74 87 91 107 126 138 147 158 164 165 179 
193 196 
20
13 20 37 48 50 64 86 103 111 124 128 139 
150 152 158 165 166 178 190 194 
18
33 34 55 56 63 74 94 95 108 120 133 140 
163 181 183 188 192 199 
17
1 26 48 55 65 79 103 109 117 122 123 135 
141 154 171 173 195 
24
19 22 25 29 43 49 60 76 77 79 86 102 
113 115 119 120 124 133 137 167 169 172 189 197 
22
5 6 14 26 33 45 61 63 67 69 73 77 
92 93 104 106 135 137 139 160 180 190 
26
3 13 25 29 35 58 68 81 83 87 104 108 
111 122 123 132 134 138 146 162 171 179 188 189 
194 196 
15
36 37 42 43 47 59 66 73 83 114 130 165 
179 180 186 
15
1 23 25 35 42 76 91 95 97 104 107 130 
150 159 177 
22
3 13 36 50 52 54 79 95 96 102 111 118 
119 125 146 151 152 169 174 175 184 195 
17
9 21 26 43 48 54 65 67 79 80 84 132 
143 158 160 175 190 
26
5 6 14 15 33 40 45 48 54 70 73 89 
97 104 110 111 115 130 131 135 138 140 155 158 
171 183 
20
14 25 30 32 36 51 54 67 69 82 84 86 
100 106 110 130 147 153 180 184 
25
10 12 19 39 42 47 60 69 70 86 92 113 
116 127 129 145 146 148 156 158 163 172 178 180 
181 
23
4 5 7 17 18 23 25 33 51 57 60 97 
100 109 110 122 125 126 130 133 180 185 192 
17
25 32 41 60 66 74 77 102 107 110 123 132 
141 156 159 161 162 
24
5 8 17 34 35 38 49 71 76 87 89 98 
102 104 108 126 144 148 150 151 154 158 180 199 
20
11 20 45 51 55 57 73 74 84 104 106 119 
122 123 127 142 143 175 190 196 
21
2 14 23 30 31 43 47 71 74 80 83 89 
92 106 123 157 167 180 188 190 199 
24
10 27 33 54 56 65 72 77 85 86 100 104 
108 109 128 146 148 167 170 175 184 191 193 195 
26
9 15 18 27 29 43 48 52 57 59 62 74 
78 93 94 102 131 133 135 148 150 158 164 175 
181 184 
22
15 36 47 61 75 84 93 98 104 106 114 119 
125 127 157 165 177 186 191 192 195 197 
22
10 12 13 18 21 32 37 38 51 56 57 62 
78 87 92 126 134 145 176 181 192 200 
23
12 13 14 16 30 40 50 65 70 71 75 78 
90 104 110 114 119 122 130 149 177 190 198 
23
11 13 21 25 33 42 46 49 57 59 65 66 
78 87 100 111 137 141 170 171 187 189 195 
19
5 16 17 19 32 38 92 105 117 125 141 157 
158 182 187 188 192 196 198 
23
2 3 4 5 33 37 38 40 49 57 64 75 
81 104 123 135 139 149 154 167 176 179 194 
26
13 17 34 36 45 49 58 59 61 66 70 77 
78 79 89 104 123 133 139 143 144 153 178 180 
187 188 
27
6 10 11 28 38 51 54 70 79 81 93 95 
96 107 122 129 130 131 134 141 145 152 158 166 
191 199 200 
24
2 17 19 21 26 27 48 49 57 69 80 107 
113 117 133 137 142 151 156 162 163 175 181 187 
21
1 17 20 21 23 25 42 51 64 66 71 74 
78 80 91 110 131 143 176 180 194 
19
5 11 15 26 33 36 52 55 82 86 103 118 
120 135 142 158 188 195 198 
22
19 20 29 31 43 58 64 71 84 89 95 118 
134 137 140 146 154 156 168 172 190 198 
11
5 12 38 46 71 77 84 95 109 131 175 
17
11 18 19 43 47 63 64 67 72 128 129 134 
149 157 162 181 200 
21
1 12 27 33 39 54 61 73 75 77 81 85 
90 106 123 124 132 148 163 176 180 
15
8 18 29 30 46 63 77 92 124 125 131 133 
155 157 196 
14
20 27 34 46 57 67 77 90 128 147 159 162 
171 178 
14
22 23 25 44 55 56 76 98 130 147 161 178 
192 200 
20
8 14 16 28 35 55 62 83 91 95 97 103 
114 127 136 138 139 145 147 162 
21
2 3 34 37 61 68 85 86 96 103 105 107 
109 130 141 153 167 179 180 191 196 
17
37 40 59 62 102 106 107 111 120 125 144 149 
162 163 165 191 197 
17
21 40 42 56 58 66 69 73 77 82 84 103 
150 159 171 174 200 
15
39 52 55 63 72 90 91 103 108 122 133 134 
147 149 183 
17
4 9 20 25 40 57 60 77 92 93 94 95 
100 117 141 169 198 
22
6 19 25 50 57 59 70 76 93 94 100 104 
111 116 119 126 137 138 161 176 182 192 
19
19 25 30 45 49 73 90 110 116 121 124 128 
129 133 134 150 158 168 172 
16
15 19 26 29 36 37 59 76 78 83 99 107 
115 128 184 198 
22
3 7 16 17 28 30 32 34 49 70 80 96 
102 106 119 134 135 165 167 171 175 197 
19
15 26 31 41 44 45 47 53 54 74 83 109 
112 130 137 138 175 193 198 
20
58 60 76 97 105 108 116 123 137 146 154 158 
159 170 172 173 183 186 187 188 
24
3 10 11 21 28 33 44 52 61 71 102 107 
113 120 132 135 146 157 158 159 169 186 192 197 
14
27 45 48 51 53 55 90 100 134 145 155 159 
164 176 
19
3 4 8 13 15 19 27 29 33 53 57 72 
116 124 126 153 163 178 189 
10
5 13 53 55 56 128 139 145 156 198 
23
2 6 12 42 48 70 80 82 89 98 100 109 
113 131 149 158 165 170 171 172 179 186 190 
12
7 17 63 79 82 100 101 120 121 143 169 194 
19
2 3 16 31 35 37 49 55 61 64 77 90 
106 120 157 161 173 178 181 
16
5 12 18 34 44 62 80 84 85 89 115 136 
137 141 159 167 
19
44 48 50 55 60 62 63 66 86 87 90 97 
134 138 151 162 172 175 189 
17
3 8 16 50 58 80 81 86 96 109 121 124 
127 129 141 158 161 
20
10 21 33 34 38 39 45 52 53 57 75 94 
110 125 136 149 159 173 175 180 
27
23 30 35 42 52 53 64 72 75 78 99 103 
113 119 121 130 133 135 141 145 149 153 154 172 
187 189 199 
16
28 32 42 47 52 83 112 121 125 133 154 155 
160 171 176 188 
16
30 58 61 64 65 89 93 123 134 157 158 171 
178 184 191 197 
20
6 7 29 35 42 50 67 74 90 93 109 124 
126 129 153 154 183 185 187 194 
21
26 39 62 67 83 88 91 103 110 115 116 121 
145 153 156 162 173 174 180 192 200 
21
34 36 49 54 57 65 71 75 79 91 92 112 
144 158 165 166 170 176 185 186 198 
21
14 21 45 52 79 85 97 98 105 107 115 116 
118 143 157 159 163 169 171 195 200 
16
1 2 6 12 38 46 51 54 62 75 84 103 
114 124 127 163 
15
19 20 22 23 48 73 80 84 128 133 147 164 
172 174 191 
19
12 13 18 26 50 60 61 67 84 97 109 112 
113 116 120 131 178 189 191 
15
14 39 42 68 100 101 114 132 140 142 149 151 
179 187 200 
23
9 18 45 51 52 55 56 70 92 95 111 113 
116 121 122 124 131 133 137 157 161 174 189 
22
12 18 45 47 51 63 76 83 87 93 97 99 
101 114 122 123 124 125 157 167 186 197 
19
1 32 40 73 83 85 105 107 120 128 135 146 
163 164 169 171 187 191 194 
16
16 26 63 76 89 98 104 110 112 115 118 136 
163 164 176 185 
14
10 32 66 84 102 114 130 144 161 179 181 183 
192 194 
24
25 30 36 40 45 47 48 50 52 57 64 72 
85 88 89 110 119 123 127 141 148 161 188 189 
28
9 13 15 23 27 30 34 36 39 48 51 56 
70 72 93 98 106 107 114 117 121 134 145 156 
166 168 173 200 
21
12 15 23 32 35 81 86 87 100 102 114 139 
144 162 164 167 169 176 181 185 198 
26
17 23 24 29 44 56 67 72 80 103 106 133 
146 157 158 162 170 175 177 178 182 183 184 191 
196 198 
20
1 40 61 66 69 73 90 91 108 112 119 122 
123 130 159 160 162 187 193 195 
19
34 36 38 47 69 72 110 123 126 134 136 147 
151 158 161 162 165 181 198 
18
7 22 56 63 75 76 86 94 113 130 133 135 
162 164 165 169 186 197 
16
11 15 25 37 39 40 49 51 64 87 120 141 
144 172 177 200 
15
4 26 27 31 55 65 83 84 85 99 112 118 
144 155 172 
19
18 29 43 44 47 49 72 82 84 88 93 114 
125 129 131 138 148 153 193 
21
12 24 29 39 41 57 74 77 97 100 104 115 
125 132 139 143 148 158 173 197 198 
17
3 9 10 15 45 71 75 91 94 102 118 130 
132 141 156 172 173 
23
6 10 18 20 41 45 75 79 80 82 88 93 
99 115 117 121 122 126 135 136 141 190 196 
17
2 11 20 27 38 82 95 114 118 122 123 140 
142 159 185 187 197 
26
2 6 17 19 29 30 48 61 86 89 91 111 
112 115 119 126 129 134 141 150 154 167 173 194 
196 200 
17
1 27 28 34 39 42 82 88 97 114 123 126 
136 141 173 180 182 
27
10 16 21 24 36 39 41 44 54 55 59 67 
72 80 85 106 118 121 123 128 131 148 153 169 
173 183 197 
21
1 3 13 27 29 41 43 50 59 71 81 83 
85 127 150 159 166 169 173 183 191 
20
6 17 23 29 30 33 38 49 56 70 79 85 
116 117 118 122 127 137 197 198 
18
5 6 12 52 61 70 81 94 106 117 119 147 
156 158 171 192 198 199 
15
1 13 17 24 47 94 124 134 137 144 165 186 
188 197 198 
22
25 32 36 43 47 49 67 79 83 93 96 124 
126 128 136 139 142 173 175 177 182 192 
17
8 19 31 37 39 51 62 80 94 122 165 167 
171 175 186 196 200 
13
3 6 48 50 62 100 134 138 152 162 173 195 
198 
24
12 13 17 20 29 32 47 65 71 82 94 111 
116 118 126 143 148 155 158 169 180 189 192 197 
17
3 22 25 26 34 43 52 70 101 116 117 127 
128 133 152 164 184 
21
14 16 21 32 39 52 55 70 81 84 93 105 
106 110 118 138 157 169 172 189 192 
25
3 4 5 21 27 33 53 59 62 63 68 87 
93 112 117 119 132 138 155 157 158 162 166 181 
199 
20
11 23 30 35 37 40 54 86 112 114 120 131 
133 138 145 147 161 166 172 189 
25
4 16 19 28 29 31 33 43 58 66 76 89 
106 112 135 137 138 142 154 158 161 165 166 183 
192 
21
13 22 40 54 65 92 95 101 102 104 116 119 
124 125 135 136 168 173 184 188 198 
22
7 11 14 31 47 48 65 76 88 91 103 113 
120 127 139 155 159 167 186 189 198 200 
17
5 6 10 11 21 27 39 41 49 81 83 93 
114 154 171 187 188 
22
9 14 18 20 29 32 42 48 59 60 62 63 
65 69 72 82 83 126 130 182 193 197 
26
9 15 18 24 32 48 49 50 62 74 97 100 
123 124 127 145 147 149 153 159 172 180 185 193 
195 196 
23
34 69 73 78 83 88 93 99 101 102 103 123 
127 142 150 159 172 173 174 185 187 194 197 
17
13 25 82 92 110 115 127 129 130 133 145 158 
165 172 176 185 196 
26
5 8 9 10 22 24 31 38 40 45 52 56 
62 99 121 133 137 138 153 165 169 173 175 180 
187 197 
15
35 48 57 68 90 101 113 135 138 140 147 164 
169 175 189 
19
21 36 46 50 54 66 85 93 95 102 109 113 
125 152 160 184 188 192 194 
16
33 52 58 80 88 101 110 115 121 129 136 147 
152 174 184 189 
16
10 11 17 30 64 66 92 96 102 110 125 128 
155 163 185 196 
26
5 7 11 16 27 29 38 58 62 63 65 71 
97 98 100 108 117 140 142 164 176 182 183 191 
198 200 
24
4 38 39 40 41 51 53 70 71 76 81 87 
88 94 104 106 112 119 142 148 164 167 181 192 
16
21 39 104 114 130 133 141 148 162 168 173 174 
183 194 196 197 
20
1 7 13 19 34 38 49 60 62 75 84 96 
117 119 125 157 161 164 167 168 
24
4 13 23 33 42 60 70 79 84 99 102 112 
113 114 124 145 146 147 152 153 166 172 180 183 
19
36 38 39 40 45 47 48 72 75 78 92 98 
100 113 128 154 157 164 194 
24
4 6 10 30 31 41 64 84 88 101 108 112 
114 121 124 129 133 135 147 159 167 187 195 200 
24
4 5 16 32 34 38 50 66 75 98 110 111 
120 127 141 144 161 162 167 171 183 185 194 198 
23
3 6 16 20 36 43 60 70 88 92 93 100 
106 110 116 128 138 142 164 168 170 180 198 
18
20 27 44 50 65 67 88 90 93 104 109 110 
141 151 163 174 190 197 
23
11 20 40 43 49 62 69 80 89 101 114 115 
124 132 134 135 155 161 174 175 177 190 200 
26
8 26 27 43 45 53 55 56 60 70 71 76 
83 91 100 109 110 116 119 120 122 131 145 166 
178 196 
19
6 11 23 30 37 46 52 55 58 62 67 70 
74 78 79 86 97 146 172 
23
21 24 25 26 36 40 47 49 63 83 99 106 
107 109 135 138 145 157 164 165 167 173 181 
17
12 16 31 33 44 55 70 79 94 105 122 125 
140 150 175 179 189 
23
3 5 7 15 22 28 29 72 73 74 86 89 
126 127 145 147 148 151 156 179 180 187 195 
21
2 8 59 66 82 89 102 106 109 116 117 122 
145 149 151 152 161 168 173 176 196 
16
15 31 46 53 59 83 86 88 99 115 123 132 
177 182 193 194 
18
5 13 24 28 53 61 64 71 84 86 103 149 
152 156 167 169 173 191 
20
1 13 28 40 86 87 104 107 116 117 121 126 
139 153 158 168 169 196 197 198 
20
8 12 51 59 76 82 95 97 113 114 130 138 
143 165 168 183 185 188 194 196 
16
5 20 34 42 46 60 62 73 79 109 112 120 
173 188 193 200 
19
21 37 39 52 56 57 58 63 65 70 88 111 
112 129 131 138 150 174 184 
23
2 17 24 45 52 53 54 65 79 82 95 114 
128 132 141 153 165 170 172 174 178 195 196 
10
4 8 14 60 64 116 150 161 179 191 
14
16 17 64 73 79 80 85 121 138 141 143 154 
186 200 
20
12 22 34 36 40 41 43 47 75 88 91 112 
118 121 131 139 140 144 178 185 
20
2 4 11 19 41 43 46 62 76 87 90 100 
115 116 135 152 158 161 185 190 
20
4 6 7 11 12 13 24 27 28 48 67 78 
81 93 107 121 131 190 191 197 
27
10 12 15 24 25 28 40 41 45 49 56 81 
84 87 89 101 128 132 139 140 157 160 163 172 
179 189 190 
18
2 9 24 38 44 64 65 76 78 93 119 120 
139 150 162 178 185 190 
19
1 28 30 46 52 54 78 80 81 87 92 123 
144 153 161 178 185 187 195 
16
6 12 24 32 35 57 67 73 124 127 137 138 
142 145 191 199 
24
2 7 11 17 34 37 42 46 52 56 68 82 
87 95 110 112 121 123 146 174 178 191 195 200 
21
14 37 39 40 51 61 63 76 77 78 106 133 
139 148 163 170 176 179 183 191 195 
17
3 14 31 58 71 73 74 75 87 106 125 129 
145 159 178 185 188 
11
26 60 64 71 78 91 101 123 128 180 185 
18
10 15 31 42 45 69 77 84 92 97 106 131 
138 147 174 184 185 189 
15
20 25 26 31 33 37 61 103 111 134 150 163 
172 180 181 
21
7 9 26 36 38 41 53 54 66 73 96 102 
103 106 129 152 153 160 169 185 186 
25
5 11 22 30 36 43 49 53 55 56 66 83 
91 94 95 99 110 148 169 179 184 188 189 192 
194 
18
18 42 49 60 70 71 84 86 100 106 109 113 
122 136 141 151 180 183 
21
2 13 17 23 24 28 42 63 67 76 88 106 
110 112 116 118 165 175 177 186 195 
23
10 14 22 26 42 43 50 60 61 64 65 95 
97 102 112 119 124 130 132 163 176 182 188 
22
2 4 7 11 13 15 23 32 34 35 36 43 
54 65 66 110 126 152 167 176 184 200 
17
5 43 44 46 55 67 69 77 81 83 85 97 
131 143 160 163 176 
19
8 15 28 29 37 50 52 78 86 101 112 119 
139 143 146 152 165 166 167 
13
1 11 29 34 40 41 57 60 72 116 126 142 
159 
22
8 14 29 33 34 39 43 49 59 67 80 97 
102 109 112 117 127 132 133 171 187 188 
15
4 6 12 28 38 69 87 109 116 127 131 132 
134 145 195 
26
1 6 19 38 54 55 60 61 67 70 74 85 
90 101 118 127 136 137 138 139 151 156 160 172 
185 189 
21
7 10 18 26 27 29 37 51 56 70 81 84 
108 123 125 126 134 137 161 166 173 
25
1 4 15 17 24 34 41 48 52 61 68 72 
82 87 108 112 116 119 121 136 158 166 167 181 
193 
21
2 3 5 31 35 37 40 60 69 76 91 112 
127 134 143 144 162 169 171 173 181 
21
25 43 44 54 57 62 71 86 107 108 126 131 
149 156 175 181 183 188 190 191 197 
23
5 6 7 17 24 30 35 43 44 45 55 61 
85 90 105 111 117 118 130 140 143 161 169 
21
6 15 28 40 58 59 74 78 87 96 107 119 
121 132 138 146 152 167 170 177 190 
20
8 26 27 30 31 37 44 45 60 61 62 70 
84 95 112 122 148 176 192 193 
26
9 14 17 24 29 31 33 51 78 80 86 88 
90 102 106 110 111 115 148 154 155 157 173 174 
185 198 
18
8 17 23 30 38 39 42 55 67 68 83 99 
112 120 153 169 182 185 
21
15 23 29 36 51 52 57 61 67 78 116 121 
128 140 147 149 168 170 172 177 180 
23
18 20 22 34 45 47 51 54 70 79 112 115 
133 141 147 151 168 169 183 185 187 189 190 
24
2 3 4 9 33 39 53 54 60 62 73 96 
100 109 135 148 150 151 152 170 172 184 198 200 
15
9 43 55 74 80 152 156 163 165 168 171 179 
184 187 197 
13
11 16 40 62 69 103 134 140 151 156 183 190 
193 
15
45 79 80 85 92 99 103 107 121 125 136 145 
157 174 181 
21
2 7 9 10 24 44 50 66 76 103 104 110 
112 114 125 128 139 165 171 176 183 
23
16 25 32 38 40 45 54 62 72 82 92 102 
107 117 119 124 143 145 149 155 184 185 192 
18
15 21 22 34 49 57 68 71 76 92 96 100 
105 112 133 151 165 185 
14
1 7 31 33 54 82 89 96 97 109 126 147 
183 184 
11
6 37 52 53 61 93 118 119 144 150 173 
23
22 53 59 70 80 89 92 93 94 109 114 119 
122 126 140 144 148 158 171 173 177 180 182 
17
1 10 12 34 68 75 78 82 97 114 137 152 
175 181 186 193 198 
21
13 17 22 33 34 53 69 83 99 107 113 128 
133 139 145 166 172 177 182 194 196 
25
14 22 32 40 63 65 70 76 79 91 96 101 
108 114 128 132 155 156 159 175 178 188 194 197 
200 
24
7 8 9 25 30 38 56 71 76 84 99 104 
106 123 127 135 139 145 164 167 168 181 182 197 
20
17 32 40 63 67 69 72 74 87 89 91 92 
103 125 126 131 174 176 191 193 
23
8 13 27 33 36 54 57 85 88 89 102 129 
132 143 150 157 159 161 168 180 185 193 197 
18
29 31 32 34 39 89 91 93 105 107 118 125 
156 162 178 179 194 200 
23
4 15 17 19 26 29 44 45 52 93 94 105 
106 112 119 132 143 144 151 183 189 192 194 
18
49 69 81 86 88 93 98 100 119 159 172 175 
179 181 182 185 188 193 
16
7 12 34 63 82 93 95 118 127 136 156 165 
169 170 174 178 
20
9 14 18 29 41 49 53 63 72 82 87 88 
90 98 109 122 124 151 177 197 
17
2 45 54 68 70 73 97 102 118 123 124 129 
136 137 153 190 195 
18
22 25 54 57 61 64 81 82 92 122 123 142 
156 160 162 168 193 199 
18
42 52 71 74 76 83 88 92 98 102 122 123 
136 141 184 193 197 199 
23
34 35 38 40 41 48 53 55 62 67 81 123 
126 133 140 154 162 169 178 184 186 187 198 
26
1 21 23 24 25 45 49 54 56 71 77 80 
93 99 121 123 125 135 142 144 145 148 163 174 
189 192 
19
5 16 23 32 40 42 52 60 77 89 102 104 
123 124 141 146 152 189 200 
22
5 10 11 15 29 33 40 42 52 89 90 93 
94 105 116 123 132 138 161 163 164 173 
21
1 20 35 37 40 47 49 52 54 70 72 87 
117 121 127 152 157 176 183 191 197 
23
6 9 12 21 26 37 41 49 55 70 81 82 
84 111 116 122 125 139 140 163 171 182 189 
14
7 18 39 45 58 103 105 109 123 148 173 174 
176 197 
28
9 13 18 19 23 35 45 51 77 78 82 99 
102 103 109 113 114 115 118 120 132 142 157 167 
168 170 176 181 
24
4 38 74 79 93 101 103 109 122 126 137 141 
146 149 160 164 165 166 170 173 176 184 185 198 
26
3 19 26 35 40 46 63 68 70 76 80 89 
92 103 104 115 118 119 138 139 144 150 152 167 
175 176 
26
2 3 11 13 22 48 54 56 70 84 91 93 
98 99 101 106 117 124 127 129 148 154 168 172 
181 190 
21
8 14 20 29 44 53 57 77 81 84 90 94 
106 111 122 133 147 152 159 164 177 
17
19 27 29 30 38 86 90 93 95 101 127 159 
165 170 171 178 196 
21
2 22 33 40 53 69 70 71 74 78 91 98 
100 101 128 140 161 164 175 179 184 
26
3 14 32 42 46 51 63 76 77 83 87 94 
98 106 110 115 123 126 138 152 162 163 174 180 
183 189 
20
2 5 12 16 23 32 46 56 59 99 106 114 
121 132 135 136 146 160 164 198 
21
2 3 6 10 14 22 30 31 39 40 57 61 
63 66 82 92 114 132 175 183 197 
18
9 10 20 24 30 43 51 63 70 72 83 84 
108 112 127 130 168 177 
19
10 26 42 43 53 57 59 77 89 122 131 139 
145 156 162 178 184 188 193 
15
28 33 51 72 86 125 129 135 136 144 151 153 
193 194 199 
20
7 17 21 37 42 50 61 63 98 100 103 108 
128 129 135 149 150 170 175 190 
20
21 22 30 31 34 40 42 43 59 68 69 73 
101 118 126 144 163 175 192 198 
20
18 24 57 63 68 69 71 86 126 142 143 147 
150 154 157 161 163 186 190 198 
19
7 12 31 32 47 62 67 78 83 103 124 128 
149 153 164 173 189 195 196 
8
4 57 71 92 105 141 157 195 
25
1 11 15 31 34 57 75 86 90 95 106 110 
111 120 129 155 164 173 174 180 183 184 186 192 
198 
28
8 10 13 19 29 31 43 81 86 88 91 94 
96 99 101 104 111 114 117 119 124 136 141 146 
175 178 188 198 
26
23 27 29 30 42 46 61 67 69 76 87 92 
97 101 120 130 137 157 160 161 163 164 170 173 
177 199 
18
2 12 39 55 59 69 74 78 80 110 117 138 
141 148 160 178 182 189 
25
2 5 17 25 31 34 38 52 55 60 74 76 
89 115 116 121 129 135 137 143 147 167 176 193 
194 
17
7 17 29 36 44 70 71 72 89 109 119 122 
127 149 151 177 187 
20
5 8 12 13 21 28 34 36 42 49 68 70 
72 97 104 105 114 129 180 189 
27
1 3 4 5 15 22 43 64 65 83 85 91 
107 120 136 145 149 156 157 166 173 187 188 194 
196 198 199 
18
12 21 47 56 59 85 92 97 98 101 105 115 
119 135 141 145 148 169 
26
1 5 7 8 9 23 27 29 48 49 66 75 
76 84 85 86 88 90 94 122 123 158 164 167 
170 190 
16
1 5 14 16 18 23 26 28 48 86 87 90 
106 135 173 178 
20
2 3 4 9 14 20 44 46 57 67 68 108 
117 136 141 154 182 183 187 188 
27
1 9 15 19 35 36 64 69 89 91 94 95 
113 124 129 137 138 141 142 154 160 166 179 186 
191 196 198 
18
13 14 35 46 49 102 104 120 136 145 148 150 
151 171 183 186 189 199 
16
13 46 51 62 73 76 90 107 132 148 151 159 
160 167 184 199 
16
24 38 54 60 63 67 72 85 137 143 163 171 
178 179 186 187 
