800 200
1 1 1 1 1 1 1 1 1 1 1 1 
1 1 1 1 1 1 1 1 1 1 1 1 
1 1 1 1 1 1 1 1 1 1 1 1 
1 1 1 1 1 1 1 1 1 1 1 1 
1 1 1 1 1 1 1 1 1 1 1 1 
1 1 1 1 1 1 1 1 1 1 1 1 
1 1 1 1 1 1 1 1 1 1 1 1 
1 1 1 1 1 1 1 1 1 1 1 1 
1 1 1 1 1 1 1 1 1 1 1 1 
1 1 1 1 1 1 1 1 1 1 1 1 
1 1 1 1 1 1 1 1 1 1 1 1 
1 1 1 1 1 1 1 1 1 1 1 1 
1 1 1 1 1 1 1 1 1 1 1 1 
1 1 1 1 1 1 1 1 1 1 1 1 
1 1 1 1 1 1 1 1 1 1 1 1 
1 1 1 1 1 1 1 1 1 1 1 1 
1 1 1 1 1 1 1 1 
17
49 51 54 58 61 79 106 109 110 113 135 145 
146 161 170 177 182 
21
6 8 18 30 39 54 65 66 75 78 103 105 
111 112 117 144 150 177 186 198 199 
21
4 18 42 44 73 79 82 96 118 119 136 145 
147 152 153 154 164 169 175 181 190 
21
18 19 31 39 52 60 69 73 87 104 106 124 
129 132 136 137 153 155 181 187 195 
19
3 19 27 32 40 50 61 71 76 94 96 115 
136 140 144 163 188 192 194 
21
7 9 18 21 38 40 48 55 61 69 84 103 
105 114 120 134 135 150 151 171 175 
13
4 23 44 69 83 106 129 141 145 160 163 182 
199 
16
3 6 8 43 44 55 65 79 86 89 92 128 
167 175 185 190 
15
9 12 13 35 66 124 128 143 153 154 158 162 
172 179 198 
20
3 6 15 16 26 27 40 84 86 105 106 108 
111 112 115 118 122 144 151 163 
15
17 24 64 85 87 103 105 133 134 139 140 156 
183 186 188 
22
8 18 19 23 25 45 53 61 65 83 89 98 
120 127 129 152 153 154 155 169 170 194 
17
1 25 33 38 47 88 98 110 111 113 119 120 
128 136 142 170 172 
17
4 7 19 38 45 49 96 102 116 126 133 134 
163 179 187 189 197 
22
8 30 35 57 60 64 65 81 82 83 84 116 
124 133 135 136 137 143 145 149 173 178 
20
3 21 23 33 39 57 74 95 96 102 121 131 
132 138 146 156 175 178 181 184 
17
17 24 37 38 46 67 73 98 121 122 130 155 
167 171 175 191 194 
16
2 6 18 19 33 35 55 59 64 79 100 101 
109 113 141 181 
15
20 29 55 59 65 74 81 85 95 128 140 156 
173 180 183 
15
20 26 38 42 79 101 115 127 138 140 151 174 
176 177 179 
19
22 28 34 36 71 79 83 90 100 102 105 108 
110 125 133 134 139 154 189 
19
31 32 46 59 68 73 129 134 143 146 149 156 
163 171 177 185 186 192 195 
18
16 20 35 45 47 53 59 60 77 93 99 105 
122 130 132 144 149 184 
26
5 7 17 21 29 34 44 45 47 48 64 66 
78 80 88 90 104 111 121 131 135 143 144 157 
160 162 
20
14 21 24 25 27 39 52 60 63 73 94 126 
129 140 157 161 168 171 173 188 
17
1 11 26 53 54 58 88 96 113 121 125 136 
152 170 175 180 195 
18
3 9 14 16 24 38 59 60 96 101 125 158 
162 174 178 182 186 200 
21
1 12 27 35 55 59 69 73 79 92 107 113 
114 126 155 156 165 169 181 186 198 
25
1 9 17 19 24 45 51 74 85 90 96 99 
107 109 113 114 124 134 138 141 151 152 162 164 
168 
22
5 14 23 34 35 41 47 87 92 96 110 113 
117 121 142 145 154 160 176 181 189 192 
28
11 18 21 22 24 26 27 28 42 52 58 63 
67 79 82 83 104 107 115 125 130 134 144 147 
161 173 174 199 
25
14 23 26 32 35 37 42 44 48 63 72 78 
81 102 110 114 124 127 135 154 166 167 182 187 
188 
25
7 41 51 60 69 70 73 83 96 97 106 115 
121 129 132 136 145 146 154 156 165 170 183 184 
192 
19
3 8 14 20 24 26 34 35 48 57 65 111 
117 136 147 162 173 174 194 
26
7 8 11 12 23 27 29 31 33 52 70 72 
87 96 99 102 124 130 138 144 145 155 156 173 
185 193 
22
4 33 36 51 59 61 79 87 89 97 98 104 
117 118 120 125 133 146 154 156 169 191 
19
3 4 11 20 90 92 98 100 122 124 125 135 
136 140 145 148 149 163 172 
19
6 13 29 30 38 41 63 72 79 100 125 126 
133 137 142 150 174 183 188 
20
5 41 45 52 55 59 63 77 80 93 98 106 
133 145 155 161 177 179 181 183 
16
34 40 42 45 50 64 92 100 115 130 133 161 
171 178 180 186 
22
8 46 51 54 60 61 72 78 96 97 105 106 
107 112 119 129 132 134 156 162 173 177 
16
53 81 84 89 91 97 108 116 119 124 128 143 
161 177 183 194 
24
4 13 35 45 46 53 83 91 106 108 115 117 
120 124 127 130 138 139 147 155 166 177 183 197 
23
10 18 31 32 34 40 50 53 55 70 101 103 
104 108 119 146 159 165 169 172 180 184 187 
11
21 53 60 83 93 98 114 118 136 164 187 
18
10 67 72 76 81 82 95 96 98 99 108 110 
121 125 126 151 169 189 
23
1 5 17 18 24 30 51 59 76 81 89 99 
114 122 133 136 144 152 153 171 187 188 189 
18
11 16 17 45 55 65 77 83 97 99 114 119 
123 130 178 189 195 200 
22
5 15 16 17 21 55 66 84 95 106 109 110 
111 114 124 130 134 138 145 147 163 186 
24
1 4 8 13 14 27 42 50 53 56 72 75 
83 85 89 102 104 105 129 151 164 170 182 185 
21
1 6 17 29 34 47 60 81 92 109 128 129 
134 138 140 144 156 162 192 195 200 
22
6 11 21 24 25 31 36 65 66 73 83 100 
129 136 142 144 165 171 173 186 192 193 
16
18 24 30 36 41 51 79 103 106 116 127 129 
157 171 172 174 
27
1 8 11 13 15 21 33 38 52 68 70 71 
73 74 75 85 104 105 119 120 122 131 150 163 
164 169 182 
24
8 14 30 31 34 40 44 49 59 68 78 88 
110 117 123 126 130 132 137 138 151 170 191 194 
13
6 28 39 48 53 63 65 72 77 114 143 162 
181 
15
9 31 32 39 44 52 97 114 133 135 148 166 
173 175 187 
23
13 18 21 34 38 49 50 62 66 79 83 88 
89 92 93 96 114 131 134 143 148 158 166 
23
9 15 29 36 43 50 54 56 73 75 85 90 
98 99 114 124 136 137 155 162 189 193 197 
23
6 9 25 38 55 78 81 89 90 96 108 110 
123 133 134 135 139 143 147 150 171 179 181 
18
2 15 21 58 63 102 105 106 117 131 135 164 
173 174 178 185 189 191 
20
10 13 18 19 36 42 48 87 105 116 127 128 
130 135 138 139 162 165 172 182 
17
27 53 62 67 82 86 98 119 128 129 134 136 
140 157 159 169 175 
18
22 42 47 69 87 89 97 100 106 124 134 135 
138 144 158 186 192 199 
18
7 14 20 37 54 56 59 67 68 72 81 128 
138 142 161 165 183 186 
25
7 17 25 30 35 37 48 62 64 73 75 77 
84 105 117 122 127 144 147 156 159 162 186 191 
193 
28
1 8 19 24 25 30 38 39 40 46 56 68 
77 80 88 99 118 128 144 150 159 160 161 170 
175 185 188 194 
16
18 30 40 50 79 103 106 127 131 134 141 147 
164 171 178 196 
13
2 19 25 72 78 97 138 148 165 178 186 189 
195 
18
3 10 52 55 68 69 72 86 100 102 133 138 
150 151 152 162 173 186 
18
3 8 26 40 43 63 68 85 86 97 144 149 
151 153 174 190 196 199 
13
27 34 39 76 105 122 124 151 156 181 188 190 
193 
24
17 38 56 58 82 85 112 114 131 133 137 147 
151 159 162 166 177 178 180 192 193 194 197 200 
18
2 10 23 31 74 75 77 105 108 111 120 123 
126 133 142 154 174 177 
14
6 15 23 81 87 111 117 125 131 145 156 175 
176 195 
29
2 3 13 21 33 36 41 43 44 46 54 58 
61 71 80 81 85 90 124 132 159 160 165 169 
174 182 184 192 198 
31
3 27 39 40 43 47 50 54 55 58 69 73 
79 82 99 100 106 109 110 113 144 147 157 163 
171 173 174 187 193 194 199 
28
18 28 43 49 50 51 70 71 73 82 83 88 
90 110 111 113 123 131 132 138 139 148 151 155 
157 159 193 198 
23
16 19 26 38 46 49 59 60 61 70 72 85 
89 97 122 124 130 149 165 167 180 196 199 
12
24 50 86 96 120 139 149 157 162 177 191 198 
19
2 11 23 64 73 86 100 115 117 119 121 138 
142 150 155 162 180 182 191 
20
4 13 26 30 66 71 75 77 92 105 106 111 
116 118 129 174 180 184 196 198 
24
11 15 18 20 39 42 44 45 52 58 65 81 
88 93 112 115 137 138 143 170 172 179 186 188 
23
38 43 64 70 78 87 92 101 105 118 119 124 
130 143 151 155 162 163 166 168 175 182 197 
24
5 10 13 14 24 29 49 57 63 73 74 79 
82 90 117 151 158 160 164 170 172 176 181 193 
11
7 24 25 61 62 66 69 99 120 128 176 
26
1 3 7 13 26 29 39 40 65 66 76 85 
90 94 108 115 118 128 137 147 155 163 171 172 
174 199 
20
26 30 35 46 56 63 70 74 82 87 93 104 
109 129 137 157 159 182 199 200 
22
16 18 40 59 65 68 75 87 90 100 107 114 
121 126 130 132 133 147 156 180 182 194 
16
1 16 18 24 27 77 78 86 92 105 109 115 
119 127 142 151 
12
2 10 11 65 125 133 146 156 160 166 176 181 
23
17 25 38 45 49 59 61 83 88 91 92 93 
103 114 128 138 139 142 154 168 177 185 200 
25
7 9 17 21 60 62 78 82 86 87 90 101 
117 122 125 129 130 131 138 150 161 175 179 183 
192 
22
4 10 21 33 38 48 49 57 66 70 82 89 
95 107 108 116 121 147 158 166 190 192 
21
15 22 33 37 38 41 43 84 100 101 132 145 
159 161 166 167 172 174 183 192 196 
24
14 16 21 24 28 31 45 78 80 84 87 116 
124 137 158 168 175 177 186 192 194 195 197 198 
21
15 31 35 36 39 40 46 62 67 69 74 77 
92 103 109 111 138 161 167 171 194 
15
14 16 40 55 67 77 78 89 100 109 115 132 
136 172 195 
19
3 15 20 31 37 45 92 93 116 127 133 153 
162 170 175 185 190 193 194 
17
4 9 11 18 27 34 48 53 74 83 133 142 
147 158 161 177 199 
13
7 27 40 56 77 83 100 126 127 166 184 185 
193 
20
6 7 23 27 29 34 42 62 65 68 94 95 
102 119 124 161 172 181 185 196 
22
21 29 34 39 41 47 56 61 94 95 98 123 
125 142 143 159 173 175 181 182 184 196 
18
13 18 30 33 42 55 69 78 84 92 108 114 
125 131 155 182 183 187 
22
2 7 18 27 36 46 70 79 87 89 93 102 
103 115 122 125 140 160 167 187 193 196 
11
3 6 37 50 116 121 127 176 185 195 198 
29
6 18 24 26 33 41 47 68 71 74 89 92 
99 101 105 106 113 114 121 123 134 143 146 150 
169 177 180 186 194 
20
7 12 13 23 25 61 67 74 81 83 89 92 
113 132 137 148 156 172 173 191 
14
10 16 19 25 26 45 46 77 97 107 141 150 
194 195 
24
6 20 32 47 63 70 79 80 89 90 96 102 
106 116 121 136 140 158 160 193 194 195 196 199 
31
12 17 23 36 52 66 67 68 69 75 92 93 
95 106 113 116 132 136 140 147 148 149 154 155 
170 176 185 186 189 192 196 
18
21 25 42 51 64 80 98 107 108 124 126 132 
160 163 180 184 188 192 
20
7 12 30 45 46 82 89 96 124 129 134 135 
136 137 145 158 171 175 177 180 
21
1 10 18 34 61 72 76 83 85 95 96 105 
110 120 128 138 179 181 183 189 194 
14
6 8 35 37 57 79 87 98 115 118 135 153 
157 190 
19
16 20 21 25 29 37 45 46 47 50 53 82 
107 110 119 136 181 194 200 
25
3 24 26 33 35 38 44 48 57 69 92 97 
99 102 103 106 124 129 158 160 163 173 183 191 
198 
16
22 26 28 30 34 41 77 81 91 102 141 163 
179 183 193 200 
22
5 7 15 21 28 36 40 53 55 59 71 75 
77 79 83 84 99 115 130 137 140 189 
19
7 11 28 64 69 73 83 84 95 97 99 100 
109 129 130 149 155 159 178 
33
6 11 13 15 23 24 25 27 33 34 50 57 
70 78 81 84 85 95 99 110 114 117 134 135 
144 153 160 162 174 177 182 183 188 
17
11 13 25 36 37 55 68 81 94 97 98 103 
136 151 152 164 190 
19
2 17 33 36 44 50 61 68 73 80 83 87 
92 111 127 135 142 157 198 
27
2 4 5 8 14 29 35 37 38 47 65 80 
82 96 103 119 120 122 123 126 142 144 145 154 
157 185 197 
20
10 25 43 60 66 88 93 104 123 130 149 152 
154 165 169 172 177 184 194 197 
29
13 27 35 45 48 55 73 76 95 103 118 120 
128 129 132 136 138 144 145 146 156 157 164 180 
184 187 192 197 198 
23
5 7 10 18 27 36 38 54 61 86 107 118 
131 134 142 153 155 160 171 182 185 193 197 
24
9 23 29 30 35 37 39 58 92 102 119 120 
124 130 132 138 140 141 157 176 183 189 194 199 
24
12 36 56 62 72 73 86 98 106 114 116 124 
125 128 133 134 145 150 152 161 166 179 191 199 
18
3 25 38 48 50 73 80 97 109 124 143 144 
150 151 177 183 184 199 
12
29 50 60 67 70 83 84 101 164 171 176 184 
20
5 7 10 25 30 36 37 60 74 75 98 123 
131 137 154 162 178 180 192 199 
20
1 12 15 20 24 29 41 53 54 64 66 67 
82 92 114 126 151 153 154 180 
25
17 26 52 56 82 88 99 110 114 118 121 122 
123 130 147 150 152 153 156 161 166 169 192 193 
194 
20
1 9 12 29 60 62 64 68 84 88 100 105 
114 117 138 150 171 188 189 191 
17
12 31 42 75 82 84 108 135 137 146 152 163 
167 173 186 189 191 
19
17 22 42 45 47 53 59 67 69 82 96 119 
128 129 154 168 179 182 198 
19
15 16 18 21 26 31 36 40 65 76 79 94 
109 111 121 127 135 144 165 
21
5 6 10 12 26 42 45 46 85 97 104 120 
122 128 130 133 135 140 143 184 196 
13
34 47 75 79 84 88 100 118 153 156 160 171 
187 
17
17 24 31 55 69 70 95 123 133 154 156 159 
161 165 175 191 193 
18
17 18 58 59 62 65 82 91 92 93 127 140 
143 163 164 185 190 195 
15
6 11 16 25 40 42 43 52 55 80 83 104 
137 138 159 
17
16 19 29 37 64 81 86 114 120 122 128 140 
142 162 181 187 199 
22
45 49 53 55 74 76 90 106 110 112 115 116 
127 132 133 151 152 156 163 178 185 198 
28
6 9 32 37 50 52 53 60 63 71 99 109 
111 113 117 123 128 129 130 131 140 144 163 171 
174 192 197 200 
20
28 37 40 43 70 72 81 108 109 118 119 126 
134 136 137 143 144 145 161 176 
19
6 16 18 27 28 32 44 53 56 60 83 94 
95 113 141 177 179 193 198 
18
22 34 51 57 65 67 92 108 124 125 136 137 
141 153 157 172 177 184 
19
16 22 34 37 46 48 56 67 69 78 82 85 
98 109 115 118 128 170 183 
24
3 12 26 29 30 46 50 60 61 74 82 85 
86 99 135 136 142 172 173 181 182 186 195 198 
15
18 35 56 65 72 98 114 120 121 145 147 148 
176 179 184 
25
12 38 39 45 49 57 69 74 90 91 108 113 
119 120 136 138 152 172 175 186 188 190 196 197 
198 
23
13 20 27 38 39 41 63 64 67 84 93 95 
97 107 109 114 139 151 154 173 175 177 197 
23
1 7 8 12 22 30 39 49 52 53 55 67 
82 84 93 94 104 107 109 156 164 165 179 
21
38 46 52 64 66 78 97 112 116 118 124 133 
138 149 152 161 170 185 190 192 200 
19
11 67 79 83 85 103 111 126 139 147 152 155 
167 169 170 173 184 187 197 
25
10 11 17 18 29 45 46 52 56 62 69 84 
103 106 109 116 134 141 142 143 144 151 156 184 
197 
15
3 27 44 47 57 58 64 69 81 93 132 133 
134 174 199 
24
19 21 26 38 58 61 67 90 104 114 124 125 
126 128 130 135 136 170 172 173 178 183 193 199 
19
7 20 21 34 35 38 42 43 45 73 96 101 
112 121 124 146 159 182 185 
27
1 3 5 32 34 40 44 59 61 63 68 76 
83 85 102 113 124 127 134 138 145 147 168 171 
175 189 196 
23
1 6 20 21 27 33 36 62 69 71 111 112 
117 119 133 147 157 172 181 186 187 189 190 
21
19 21 23 36 46 55 57 103 105 125 130 135 
144 149 159 166 185 192 197 199 200 
17
6 28 40 45 49 78 90 92 111 133 145 147 
152 167 175 178 193 
19
25 26 30 31 35 44 58 66 69 78 84 85 
96 97 121 139 146 189 192 
19
26 27 30 38 39 52 61 78 83 89 93 97 
115 143 152 159 165 173 176 
22
22 28 29 36 53 70 77 103 104 109 110 120 
127 132 135 150 156 163 181 184 191 196 
21
6 7 14 17 28 37 46 58 63 75 78 127 
133 140 149 153 162 174 175 176 187 
20
3 6 11 14 37 39 47 52 55 81 103 109 
129 135 146 164 176 180 187 198 
21
26 33 66 88 97 98 107 111 112 147 149 150 
156 173 174 178 182 188 192 193 200 
23
3 13 16 28 29 37 48 54 59 65 80 89 
103 113 118 138 152 169 174 182 190 191 195 
21
6 15 24 25 28 35 39 41 64 80 88 100 
103 128 138 164 165 173 192 194 200 
18
3 31 37 50 55 70 73 81 84 94 112 132 
141 149 152 172 196 200 
28
7 19 23 24 29 43 46 62 63 73 78 83 
85 88 90 96 98 117 130 135 139 151 165 171 
179 183 184 191 
21
2 11 12 28 35 38 39 48 52 62 69 86 
120 126 144 157 161 170 174 193 198 
23
25 27 35 39 48 55 57 60 75 85 86 94 
96 100 116 132 141 148 162 175 178 183 195 
28
7 14 18 25 32 33 52 62 78 98 106 113 
121 128 129 132 133 134 136 165 171 175 180 183 
184 189 199 200 
16
4 7 17 31 34 39 43 77 78 88 98 117 
125 128 133 136 
20
15 25 26 30 34 50 56 65 71 76 116 117 
127 139 142 157 163 173 176 185 
19
19 26 34 45 61 74 76 93 94 126 127 137 
141 142 174 180 187 194 198 
20
2 10 13 14 21 63 96 108 116 134 147 151 
156 165 169 179 185 190 196 197 
21
3 12 16 25 60 66 70 78 85 98 116 130 
138 144 146 147 149 152 159 168 187 
18
6 29 35 41 46 52 53 57 61 69 71 76 
84 98 101 135 136 173 
19
1 5 6 14 19 20 55 88 95 98 120 128 
147 159 179 187 189 197 198 
18
1 4 12 31 34 35 39 61 72 99 115 119 
123 137 148 170 173 177 
23
9 10 17 18 42 47 51 56 59 77 95 96 
116 124 128 138 146 158 177 178 189 191 195 
14
5 8 10 39 49 85 115 121 125 130 154 159 
194 200 
23
8 17 18 34 38 44 45 55 73 77 79 85 
95 97 108 112 133 134 141 158 171 198 200 
23
5 12 30 55 65 75 78 87 90 94 98 104 
106 121 125 127 134 148 162 163 167 181 189 
12
3 56 60 69 75 82 103 118 139 169 186 199 
25
24 34 41 44 50 70 76 78 83 88 89 91 
94 109 112 116 138 149 157 164 174 177 180 186 
192 
13
10 22 46 71 77 92 103 108 110 130 143 172 
186 
13
9 40 45 49 62 99 101 109 131 133 156 168 
194 
20
9 15 16 19 37 67 76 80 104 105 113 117 
126 137 142 160 161 174 179 181 
19
5 25 34 54 55 95 105 107 108 116 129 141 
156 165 177 180 181 191 192 
19
4 6 12 29 31 37 38 41 53 56 60 62 
128 131 141 173 175 186 192 
19
10 15 18 50 54 63 65 84 114 145 146 147 
150 152 161 162 170 182 187 
13
9 14 24 39 60 70 72 110 114 116 125 143 
184 
20
8 17 34 37 41 44 66 72 74 79 81 110 
115 163 167 178 181 187 188 194 
27
13 24 32 38 39 57 64 69 73 77 82 104 
108 112 113 119 120 127 145 146 156 157 161 167 
169 171 182 
16
1 26 32 36 43 78 83 85 102 113 114 138 
146 169 173 195 
24
6 12 22 31 42 46 50 52 81 96 101 107 
120 126 139 143 154 155 165 166 167 171 179 199 
17
1 3 18 39 69 72 105 114 141 143 146 160 
168 175 178 186 194 
23
14 16 32 33 37 46 74 80 81 86 96 99 
102 124 125 136 144 148 149 152 178 186 196 
17
2 51 68 86 94 95 130 135 137 139 161 177 
178 186 188 193 194 
24
16 17 25 27 30 39 46 50 57 61 69 73 
120 122 125 147 150 153 157 177 187 190 191 195 
17
13 22 33 36 71 96 112 114 123 129 132 152 
157 158 175 184 195 
16
5 14 17 35 42 58 67 75 86 111 113 116 
135 151 167 193 
22
5 9 11 22 39 44 62 71 89 92 93 99 
103 104 125 140 145 166 167 183 184 187 
18
8 20 24 28 29 88 99 111 114 115 122 125 
131 132 136 179 184 192 
18
16 47 54 58 66 71 73 77 78 79 85 90 
121 136 157 167 174 176 
23
9 17 18 26 29 33 49 52 60 74 86 90 
95 111 114 123 128 152 161 165 166 182 184 
21
16 30 60 64 72 74 76 82 84 98 102 105 
107 119 123 126 129 155 172 179 191 
21
4 34 43 50 53 55 61 75 77 84 91 100 
130 146 159 164 173 176 178 190 197 
23
18 47 55 60 63 66 81 82 87 89 94 96 
115 120 124 126 129 138 146 149 166 178 186 
22
9 13 17 33 34 48 66 73 84 112 117 129 
131 146 153 155 157 158 175 182 188 198 
11
21 24 40 114 115 120 125 132 149 159 187 
20
5 10 16 18 22 33 40 56 57 59 77 79 
110 124 161 164 174 184 187 198 
25
8 9 14 36 48 51 52 57 61 66 67 76 
90 99 107 111 122 124 130 147 157 163 172 184 
198 
18
8 28 41 60 68 80 85 87 97 107 110 117 
136 144 147 167 179 184 
20
12 23 49 50 51 61 63 65 72 82 109 139 
141 146 158 170 171 178 183 190 
15
6 9 18 23 60 92 95 108 109 115 127 137 
162 179 198 
22
14 19 20 60 62 66 70 74 88 91 100 107 
121 128 129 130 132 152 173 183 185 198 
13
11 37 40 58 65 68 70 72 137 152 176 188 
194 
19
12 33 36 42 53 56 69 86 88 97 110 118 
151 164 165 177 193 194 197 
15
63 65 66 78 85 103 118 123 144 145 149 159 
177 192 197 
18
9 10 17 19 28 55 68 74 86 91 106 131 
140 145 158 180 193 197 
20
5 53 70 74 76 81 84 92 96 111 116 126 
130 136 145 158 160 187 190 191 
19
10 19 30 34 46 48 62 65 76 83 84 101 
105 106 121 125 137 141 177 
19
2 14 25 27 39 40 50 59 66 104 106 114 
120 126 146 156 160 184 198 
30
7 8 12 26 29 37 41 62 69 81 84 98 
100 109 120 125 126 127 129 132 134 140 141 149 
158 162 175 188 196 200 
22
1 5 14 19 23 27 40 58 76 79 86 90 
98 100 128 129 135 172 176 181 182 185 
21
1 3 12 14 21 56 57 61 73 84 88 93 
107 126 148 159 162 167 176 184 200 
17
1 34 57 72 79 94 104 105 114 119 129 142 
143 166 172 177 198 
18
13 25 56 62 88 89 95 105 113 122 144 152 
160 162 166 192 195 197 
25
14 17 19 22 26 34 39 62 64 70 81 85 
99 104 118 121 125 138 144 146 157 159 162 171 
190 
21
9 21 36 44 49 60 66 72 91 95 106 109 
115 125 126 132 136 139 150 186 193 
15
12 30 31 38 42 56 59 81 99 134 141 164 
180 194 195 
15
21 39 54 64 95 96 100 102 104 125 160 184 
185 195 199 
25
3 18 23 31 32 44 63 69 75 77 85 94 
96 111 113 120 125 128 132 138 173 180 184 194 
200 
14
19 24 39 45 61 69 79 87 93 98 137 147 
187 191 
22
1 15 17 19 20 23 28 32 33 35 41 55 
60 114 154 155 169 174 180 183 186 188 
17
4 11 18 19 50 60 72 75 79 105 133 134 
141 162 169 187 188 
20
11 25 34 47 59 79 104 119 122 125 128 133 
136 142 156 160 179 183 193 198 
19
8 15 16 27 31 37 47 52 60 77 79 102 
106 109 115 117 166 198 200 
21
19 26 29 44 45 50 71 84 86 101 102 123 
128 145 147 154 155 161 189 192 199 
25
4 13 25 32 33 52 72 78 80 84 96 100 
101 108 135 137 139 153 163 171 172 182 192 193 
199 
15
3 21 22 29 37 50 55 60 71 75 104 140 
159 178 191 
20
2 13 15 24 29 35 39 48 52 63 80 86 
97 109 115 128 135 154 185 190 
26
25 35 36 38 54 60 68 73 76 79 92 104 
107 118 119 129 130 131 132 140 157 173 177 191 
192 200 
29
7 13 14 19 22 25 28 31 34 37 40 47 
56 73 79 100 101 108 112 114 127 128 139 141 
144 145 150 194 199 
23
4 33 35 49 61 65 66 83 96 98 103 106 
109 124 128 131 146 154 155 164 188 194 196 
18
6 24 28 39 63 70 71 98 111 120 140 141 
156 164 192 193 194 199 
18
21 28 59 62 71 83 85 102 107 112 118 119 
121 136 137 163 165 185 
23
2 5 6 8 14 21 27 35 50 65 69 84 
92 93 131 162 173 174 177 181 187 194 198 
21
5 16 33 34 46 49 64 68 78 79 88 111 
112 117 125 142 152 159 171 182 197 
19
21 28 39 43 57 78 79 89 95 113 121 124 
134 137 146 151 161 183 193 
17
43 44 64 98 119 127 134 149 150 154 160 172 
173 178 187 189 198 
24
14 17 25 33 49 55 67 73 94 102 109 111 
119 135 138 140 141 146 153 171 174 179 183 192 
18
16 28 49 52 55 73 88 96 101 115 119 137 
145 148 157 160 188 194 
22
2 5 13 16 20 22 23 26 42 70 80 99 
114 119 124 129 165 174 176 183 185 193 
18
19 27 39 52 65 79 92 99 109 112 116 119 
129 139 154 155 188 199 
13
40 41 48 75 82 112 134 142 146 147 149 151 
152 
29
1 29 51 53 54 55 59 60 63 65 67 68 
95 101 105 110 116 133 141 146 152 154 157 158 
163 182 185 186 187 
21
1 6 9 19 20 30 35 39 52 57 78 86 
112 118 119 125 150 183 187 190 198 
15
18 32 41 46 57 64 72 79 109 143 154 178 
180 185 197 
16
2 8 43 50 71 79 100 105 123 131 136 144 
147 151 168 197 
28
3 5 17 29 33 39 40 42 69 72 76 77 
85 96 97 105 107 114 119 138 139 145 147 151 
156 161 184 195 
17
15 48 54 67 68 87 93 97 116 123 130 148 
166 170 175 185 189 
20
1 17 24 25 40 49 55 78 93 96 107 115 
138 146 150 159 164 176 178 192 
21
23 28 29 43 52 61 85 87 88 92 94 113 
140 141 153 159 162 181 184 188 194 
15
3 32 33 43 65 82 88 92 107 114 115 128 
176 192 194 
22
3 8 20 21 28 36 37 67 71 84 87 103 
136 145 155 157 166 169 179 186 199 200 
22
10 12 34 40 44 50 52 71 82 88 97 114 
132 139 142 147 155 169 171 179 182 193 
20
6 15 16 19 30 55 57 61 93 94 101 104 
108 137 149 151 171 194 196 198 
21
42 46 47 51 52 62 84 85 90 95 96 108 
112 117 118 122 132 134 139 158 165 
22
4 12 23 26 29 37 38 57 58 61 72 75 
80 82 86 91 114 142 155 172 197 198 
25
3 16 19 23 24 33 36 41 49 58 65 69 
91 101 110 122 131 136 159 163 167 175 189 190 
191 
19
22 26 27 30 48 50 51 56 87 89 104 116 
124 126 134 144 186 190 196 
21
6 10 16 32 35 51 52 57 58 60 99 101 
104 114 119 141 158 162 178 186 195 
18
7 9 58 71 80 81 83 84 94 96 100 108 
112 147 160 172 179 196 
13
13 25 27 41 60 82 109 131 140 151 169 184 
196 
20
11 47 53 68 75 90 93 100 107 121 126 134 
140 146 153 170 177 185 195 198 
22
6 28 41 43 47 52 71 89 92 114 120 126 
127 134 140 142 154 157 169 171 174 192 
26
7 9 17 23 25 31 33 34 36 40 45 69 
81 83 93 97 100 108 109 128 146 155 157 161 
169 184 
14
16 18 20 26 37 75 87 91 92 123 126 142 
181 200 
25
7 12 14 19 20 25 34 63 83 96 101 106 
108 110 113 123 135 136 171 172 178 179 182 183 
197 
23
15 18 21 52 55 67 71 94 96 98 101 104 
109 111 117 122 131 132 133 148 174 178 179 
21
3 18 20 23 25 48 57 60 66 78 82 94 
122 127 130 144 146 149 176 189 193 
15
7 15 17 45 55 97 105 109 132 137 142 156 
184 186 196 
14
25 39 52 74 96 98 99 102 113 126 132 161 
180 190 
25
1 8 17 18 29 31 38 46 64 74 75 77 
91 95 105 106 111 121 148 152 154 161 189 198 
199 
26
2 7 13 16 32 36 38 61 71 73 81 89 
90 91 96 104 105 107 108 116 126 140 156 180 
185 200 
22
1 18 23 36 42 64 67 91 93 96 98 108 
114 130 136 142 151 152 155 171 175 187 
12
2 12 23 40 69 70 82 131 151 168 187 189 
22
9 15 23 30 45 58 63 66 73 101 108 110 
113 130 136 143 157 161 164 166 188 200 
22
4 5 17 40 55 67 81 93 100 106 109 113 
124 151 169 170 179 184 190 197 198 199 
24
4 19 22 26 32 48 54 58 66 73 81 100 
103 109 127 143 148 151 153 159 162 172 182 198 
27
8 10 31 44 48 54 58 69 70 80 87 95 
99 113 115 116 117 124 135 138 143 154 161 167 
172 175 192 
21
4 12 25 34 40 50 55 59 62 73 88 89 
97 108 116 122 128 129 137 191 196 
22
6 21 38 54 62 75 82 92 104 112 114 132 
137 138 141 147 153 160 167 192 195 197 
17
7 19 32 36 57 68 84 94 111 117 120 144 
160 172 180 181 193 
16
5 15 48 49 83 89 90 109 117 128 133 134 
138 183 195 196 
10
11 15 25 86 95 124 161 165 173 185 
22
2 8 11 20 29 38 41 46 56 57 60 71 
77 105 128 144 153 154 165 166 167 176 
14
5 7 12 13 20 63 66 80 115 134 164 167 
191 192 
16
4 23 30 52 56 59 84 87 88 102 111 116 
118 124 130 166 
15
11 12 27 53 61 77 86 113 114 141 159 160 
186 195 199 
15
5 32 48 62 70 71 88 98 109 120 147 156 
157 168 186 
19
16 17 28 33 41 44 54 64 74 81 86 91 
130 132 139 150 155 176 183 
15
11 24 28 33 37 39 44 57 66 93 132 142 
160 170 190 
16
4 32 39 60 87 93 103 111 121 122 131 132 
143 162 164 171 
22
5 10 42 47 57 63 83 84 86 105 127 128 
136 141 142 144 150 154 160 163 171 183 
18
5 32 40 48 57 59 71 73 92 98 105 118 
121 124 128 138 142 174 
21
3 11 61 76 93 95 111 119 124 126 127 133 
135 147 148 155 156 161 162 164 195 
19
9 27 30 46 52 66 70 71 80 90 92 108 
115 137 148 156 157 174 191 
20
13 14 33 47 55 58 60 67 68 71 82 102 
116 133 140 148 167 176 191 198 
16
6 25 31 37 87 90 106 108 135 155 162 163 
164 165 171 186 
21
3 18 21 48 55 84 86 92 107 108 118 119 
129 131 164 174 175 181 187 193 197 
22
2 18 35 46 47 62 65 70 73 104 107 117 
122 124 139 143 155 165 176 179 194 199 
26
4 24 30 38 48 49 63 66 86 87 88 94 
98 109 110 112 114 123 131 133 147 171 175 180 
194 200 
23
8 15 16 22 57 69 71 75 88 91 98 123 
138 139 145 150 159 160 161 169 175 177 185 
27
6 10 11 21 35 37 38 76 77 79 83 108 
111 121 144 145 152 155 163 166 168 171 173 175 
178 192 194 
21
8 21 42 53 59 77 92 97 99 102 105 112 
143 147 175 180 187 188 192 198 199 
19
13 15 29 31 34 50 55 86 92 109 133 142 
149 162 167 170 178 190 196 
22
7 10 22 24 25 43 70 71 79 80 84 97 
98 105 113 114 126 135 152 153 187 197 
21
25 27 39 54 60 72 73 82 83 87 107 133 
142 147 151 156 158 159 164 167 196 
20
3 7 10 13 22 24 29 43 56 65 83 89 
90 96 100 105 116 138 150 170 
24
4 9 21 26 30 39 46 49 52 66 67 70 
76 80 83 86 121 132 138 154 167 171 173 182 
14
31 43 44 64 69 83 101 106 123 130 168 175 
180 192 
20
3 9 10 13 14 31 39 44 45 50 53 59 
63 81 96 102 113 141 179 197 
20
4 19 43 54 55 63 72 79 87 89 98 105 
106 108 113 128 139 146 154 171 
16
14 29 31 38 40 43 74 116 122 146 156 158 
159 164 172 176 
15
12 23 49 68 86 93 112 119 120 126 141 146 
184 193 195 
18
6 23 27 39 41 50 62 66 70 76 77 88 
104 124 135 139 141 176 
15
3 11 15 17 50 69 71 83 110 134 148 155 
165 167 183 
23
1 4 11 27 35 38 42 43 45 80 81 93 
113 115 118 122 129 136 144 146 153 165 200 
19
3 5 11 12 16 32 50 65 68 69 71 80 
82 98 116 125 140 171 192 
28
6 9 13 35 37 46 47 48 50 62 64 70 
79 88 91 97 109 118 126 133 139 169 173 176 
189 190 191 199 
18
7 14 32 33 43 44 58 59 73 107 131 141 
151 160 161 169 174 175 
14
1 8 11 17 25 40 46 68 69 80 112 120 
131 168 
20
5 29 33 41 48 61 68 76 88 89 104 109 
124 146 167 169 193 194 196 200 
22
14 17 36 39 47 51 63 64 77 90 92 114 
135 138 145 153 160 169 172 173 185 191 
12
34 40 58 64 85 89 106 122 135 154 167 191 
17
12 28 29 36 55 82 97 116 123 130 131 138 
141 155 175 183 188 
19
6 22 26 54 70 73 80 81 85 91 101 112 
130 133 135 173 190 194 196 
19
3 5 23 42 45 72 77 95 105 107 108 113 
123 126 135 142 196 199 200 
26
16 20 25 29 35 40 45 59 84 89 90 97 
107 109 120 129 131 134 141 149 161 176 178 180 
191 197 
26
3 5 13 20 30 38 42 44 49 50 72 73 
75 76 85 86 90 97 104 124 149 160 168 174 
183 191 
29
6 9 13 16 35 38 46 59 75 77 87 92 
96 103 105 110 118 120 128 131 136 141 148 149 
174 175 176 177 185 
24
6 12 29 32 39 53 62 78 83 85 93 94 
98 99 135 137 139 157 166 169 170 174 176 187 
17
8 35 40 44 61 63 90 95 97 103 137 167 
174 177 181 188 196 
25
11 12 14 15 28 34 36 62 81 91 94 95 
101 106 115 130 135 136 139 145 159 171 172 186 
192 
17
2 21 29 44 48 68 86 90 104 106 114 117 
135 170 175 176 182 
17
40 58 61 62 73 78 91 107 112 134 135 146 
163 168 180 186 190 
21
3 5 8 23 28 39 46 47 48 55 70 75 
83 86 92 98 101 112 176 187 199 
24
22 38 39 55 58 61 65 72 74 77 86 89 
93 101 118 122 131 147 149 155 168 175 193 194 
24
16 27 50 60 61 64 69 71 76 85 96 119 
134 143 153 159 163 166 173 181 185 188 192 193 
16
14 19 28 38 64 70 79 83 103 106 121 140 
180 189 194 198 
26
3 26 40 54 55 56 66 69 89 95 98 99 
103 104 114 130 131 135 136 152 159 161 162 164 
190 199 
19
2 13 29 32 48 62 72 76 99 111 112 126 
138 141 156 159 162 171 180 
22
2 24 32 33 40 46 56 65 67 72 74 87 
98 109 110 113 133 134 135 139 146 147 
19
17 33 48 52 53 83 84 88 89 100 102 126 
132 139 142 151 157 178 197 
21
2 3 16 23 27 34 37 39 77 78 88 89 
126 135 142 162 166 167 174 191 194 
23
12 18 21 24 35 46 77 81 82 102 104 110 
125 132 141 145 151 161 165 178 181 186 192 
17
17 21 58 60 63 73 81 84 86 102 113 126 
130 139 147 168 181 
17
3 10 39 47 60 77 86 89 91 104 148 160 
173 185 186 194 195 
18
15 50 51 66 79 86 109 111 129 131 136 141 
159 161 164 166 182 183 
14
14 40 44 55 61 65 105 111 127 132 141 156 
167 192 
31
2 6 16 20 23 36 37 40 43 56 61 64 
65 66 81 89 92 122 135 137 140 155 169 170 
176 181 182 183 187 198 199 
21
12 16 28 44 49 58 74 77 79 82 92 113 
119 128 132 138 140 143 151 181 188 
19
16 22 30 34 35 43 44 62 79 82 85 124 
138 146 165 167 183 198 200 
22
3 5 14 29 40 50 54 74 84 90 118 131 
135 136 142 145 146 159 163 167 173 194 
27
11 14 17 34 36 50 53 55 67 69 90 106 
111 119 125 127 130 132 141 149 151 154 167 170 
184 188 198 
27
2 13 15 23 28 46 51 57 69 74 80 90 
91 111 128 137 149 150 169 176 180 181 184 185 
190 191 198 
13
24 44 47 63 91 94 97 104 170 172 175 185 
186 
22
4 13 31 39 40 52 66 69 76 98 106 116 
121 136 146 153 155 157 158 166 182 191 
23
7 13 15 27 28 38 41 45 56 67 71 74 
87 90 102 103 123 130 133 163 175 186 192 
25
1 3 16 20 32 36 60 67 69 78 79 83 
89 95 107 120 126 131 133 136 137 158 162 191 
198 
11
7 11 24 39 54 154 163 166 173 185 191 
18
47 55 64 76 77 82 95 96 107 113 115 141 
155 166 179 181 184 189 
21
1 17 28 65 75 79 82 83 84 85 88 110 
125 127 134 154 160 171 179 193 200 
19
14 33 39 45 47 72 73 85 95 103 105 118 
124 138 154 160 162 168 180 
14
2 73 74 76 85 91 94 124 135 145 167 193 
198 199 
15
6 10 57 64 65 74 75 90 117 120 124 129 
163 175 182 
15
3 5 20 28 38 50 53 60 77 85 114 156 
171 183 184 
21
8 13 15 18 21 25 28 32 36 43 49 70 
88 104 108 110 133 172 187 190 193 
19
29 31 33 41 51 68 95 97 102 116 128 141 
159 165 166 180 184 191 199 
19
1 20 51 60 63 65 71 81 96 98 105 121 
124 127 130 132 138 160 189 
15
17 40 42 43 59 63 70 109 141 164 168 172 
174 193 194 
17
2 7 13 18 32 43 48 74 97 100 123 139 
146 150 151 152 158 
16
5 9 45 62 95 99 108 113 133 140 178 186 
188 197 199 200 
21
1 11 15 25 33 40 45 53 67 84 92 103 
127 145 154 165 166 186 187 194 195 
14
12 56 64 107 115 119 127 130 132 142 149 177 
190 194 
23
1 2 6 12 15 17 21 40 46 57 63 71 
97 107 125 135 139 141 151 159 171 190 195 
19
5 15 40 46 50 52 75 79 92 106 122 131 
134 166 167 179 184 187 199 
12
2 22 23 39 58 89 90 100 115 166 169 182 
16
23 31 74 78 90 102 103 108 131 147 162 165 
166 176 181 191 
12
1 28 31 35 49 51 74 92 118 157 174 195 
17
5 18 40 64 72 87 89 95 130 149 160 165 
182 186 192 195 199 
19
6 7 22 28 32 42 60 73 76 83 97 109 
115 127 136 143 148 184 193 
15
16 45 53 77 79 90 93 94 106 110 116 119 
125 165 198 
35
1 4 24 36 38 59 63 65 66 69 72 75 
78 80 88 91 115 116 118 120 123 131 144 147 
153 156 158 162 176 180 183 187 193 197 199 
28
7 17 34 38 41 47 74 84 94 97 107 108 
110 112 113 115 119 126 128 133 135 156 158 163 
182 184 197 199 
27
1 6 19 22 41 42 46 54 55 72 89 96 
103 109 110 111 116 117 121 132 139 140 151 154 
157 173 177 
14
16 27 28 29 30 34 50 60 64 75 83 113 
158 171 
22
8 21 35 37 50 59 73 77 80 98 101 107 
123 130 150 153 164 165 169 173 184 191 
19
1 26 29 40 44 52 56 62 66 76 114 118 
127 134 136 140 170 178 184 
20
6 38 40 47 59 63 69 81 97 104 113 118 
134 140 141 152 154 183 185 199 
18
41 51 56 70 76 81 87 103 109 112 113 140 
152 172 174 192 196 199 
13
4 33 41 63 66 83 109 114 118 140 144 146 
174 
16
31 50 61 65 69 73 75 78 99 104 132 145 
170 193 196 200 
25
1 3 10 18 32 41 45 63 65 81 89 93 
100 102 117 125 131 145 152 156 171 174 177 178 
199 
21
10 22 36 53 64 71 92 93 102 104 122 124 
129 142 144 150 161 165 175 184 194 
22
1 18 23 34 36 43 50 64 91 92 94 95 
98 106 124 129 132 142 144 153 155 185 
18
23 24 30 49 57 60 74 84 89 111 136 152 
156 165 167 176 193 196 
22
5 16 21 33 37 60 68 75 85 109 134 141 
142 149 152 167 173 176 184 188 191 199 
29
4 13 34 36 41 42 52 89 94 96 100 118 
121 125 126 141 146 148 149 150 152 158 159 160 
175 181 186 194 199 
12
6 17 45 55 65 81 96 121 168 171 191 199 
22
3 12 24 40 51 56 62 69 84 88 95 105 
114 120 152 157 168 169 177 179 184 200 
16
8 9 14 27 37 38 59 71 74 79 84 91 
93 155 174 181 
18
5 6 8 17 23 38 54 55 62 70 81 86 
98 104 107 156 173 182 
26
8 15 21 23 34 39 45 51 60 73 77 85 
88 95 102 129 135 143 147 152 161 167 170 172 
176 190 
23
1 9 10 16 28 32 34 36 37 47 57 59 
86 92 99 128 144 151 165 169 170 174 187 
27
7 8 9 19 42 45 48 65 68 70 72 78 
80 92 96 119 129 131 143 146 162 176 181 186 
194 197 199 
28
7 9 17 20 23 29 31 36 47 49 78 84 
104 105 110 114 119 123 142 153 154 157 159 165 
176 183 188 200 
25
11 14 22 25 45 52 57 82 84 96 97 98 
105 108 119 123 131 137 149 188 190 191 193 196 
198 
25
1 4 11 47 55 59 63 73 83 84 89 92 
108 111 114 118 121 123 130 141 149 170 174 178 
195 
20
15 30 45 62 73 75 78 81 91 104 113 120 
123 129 136 160 169 178 182 193 
19
20 32 50 61 65 69 72 82 86 98 99 104 
109 131 134 139 150 157 183 
14
1 7 16 52 86 98 103 124 126 140 144 156 
161 171 
19
1 20 23 26 43 71 73 81 111 114 119 127 
131 139 168 174 176 189 196 
18
30 33 40 44 49 52 54 59 74 101 109 112 
113 122 145 180 185 194 
20
4 11 12 13 19 30 47 68 73 87 138 158 
161 168 170 180 181 189 191 198 
28
4 22 31 41 65 68 92 93 94 101 115 117 
121 122 128 134 145 147 151 164 167 172 174 175 
181 192 196 199 
21
14 20 35 72 77 83 84 85 88 91 102 113 
121 125 131 136 162 167 171 176 189 
18
2 3 19 23 26 30 38 47 88 99 103 111 
154 156 163 180 184 194 
15
10 17 36 41 101 127 141 142 143 152 161 166 
178 183 189 
15
2 15 42 54 55 71 97 100 126 128 147 164 
169 182 190 
15
8 32 56 65 71 73 81 134 138 146 147 160 
178 184 188 
29
1 17 19 27 53 57 61 89 92 98 107 108 
120 127 128 133 137 139 140 143 149 150 160 164 
172 175 177 187 191 
20
2 12 13 18 22 28 37 43 56 57 88 105 
118 126 150 172 177 193 197 198 
16
32 33 36 49 81 84 91 102 129 158 166 175 
180 182 189 200 
22
8 30 75 87 97 103 108 111 134 135 140 143 
158 161 164 166 167 170 189 192 196 198 
18
19 32 63 66 74 80 87 96 106 110 134 142 
148 150 164 172 183 188 
23
7 17 21 25 28 32 37 38 59 62 64 67 
83 87 88 95 107 125 137 140 162 166 174 
31
3 11 14 15 19 21 35 45 53 55 62 69 
72 73 74 90 98 103 109 127 136 140 141 142 
169 170 179 181 183 195 197 
25
8 13 21 24 27 41 43 52 58 67 79 84 
91 103 123 140 149 150 153 154 162 182 183 192 
196 
20
4 31 32 40 50 68 85 86 88 95 98 131 
133 136 153 159 172 178 187 188 
20
1 5 21 50 61 72 78 103 105 106 117 153 
164 165 171 177 184 187 193 197 
20
1 7 11 17 27 32 66 70 71 75 79 96 
97 98 105 108 119 120 125 185 
26
6 26 48 52 53 60 90 96 99 113 116 127 
135 138 143 144 154 159 160 173 176 182 184 186 
187 189 
24
21 25 28 34 47 58 72 73 75 78 82 86 
97 137 140 142 160 162 165 171 172 182 184 191 
10
11 32 37 41 115 117 134 147 155 165 
30
7 11 13 19 25 32 42 48 49 58 64 66 
68 70 71 72 83 105 108 112 115 116 152 154 
161 166 168 178 181 186 
22
4 7 12 25 37 40 58 72 95 113 121 122 
124 127 140 141 151 186 187 189 193 200 
16
14 35 40 62 77 82 87 91 92 112 145 185 
189 191 198 199 
22
2 10 17 22 32 35 36 40 42 54 67 80 
83 97 119 132 141 143 149 163 192 194 
22
13 28 30 32 41 56 58 60 61 70 75 78 
79 89 90 118 125 161 167 171 184 199 
18
1 24 26 43 45 51 58 59 76 94 109 138 
146 157 164 169 188 189 
19
7 14 20 23 25 26 38 62 81 82 84 91 
94 107 111 117 143 171 195 
16
45 48 62 63 68 98 101 109 128 129 147 163 
181 182 191 200 
21
9 15 36 59 61 70 83 96 116 121 123 124 
127 129 137 146 152 153 154 156 184 
21
29 32 38 48 56 67 78 91 92 95 109 111 
116 120 151 155 171 173 177 181 194 
26
2 6 7 12 13 17 18 33 39 43 53 57 
68 69 74 76 83 86 113 121 130 156 172 174 
176 195 
22
19 28 32 41 46 47 59 65 71 78 80 81 
92 103 116 158 171 183 185 188 189 196 
19
36 37 39 47 57 59 61 68 70 89 102 111 
117 123 128 150 166 168 171 
14
15 46 52 54 63 120 133 144 147 177 186 188 
189 193 
28
4 20 23 34 37 44 55 57 69 75 85 92 
112 115 123 127 133 134 146 148 152 154 156 182 
185 188 191 196 
23
12 17 22 36 50 56 65 85 88 109 111 125 
136 147 153 161 170 175 176 189 190 194 198 
27
2 5 6 17 21 25 29 31 32 41 43 51 
56 61 63 64 76 87 93 96 110 124 127 129 
130 175 191 
23
3 25 35 38 41 46 56 82 83 86 91 94 
113 117 144 145 154 159 160 163 166 181 196 
19
15 26 33 53 69 87 108 113 117 118 121 126 
127 129 144 164 168 182 198 
18
6 27 29 33 60 64 68 70 77 78 87 105 
125 151 174 176 184 197 
23
7 10 32 38 67 86 90 95 99 108 109 117 
122 123 127 135 138 143 163 174 187 189 199 
23
18 27 36 42 43 52 61 62 69 70 80 86 
104 122 126 129 134 151 163 169 177 180 194 
21
3 38 56 67 76 85 102 108 111 129 135 141 
142 150 151 158 167 177 178 185 200 
22
7 35 36 38 54 64 71 74 82 91 99 107 
129 139 143 145 146 152 157 164 174 175 
18
2 8 11 19 24 30 40 53 55 71 93 110 
114 116 118 129 139 182 
15
8 13 26 56 61 93 102 121 122 129 146 157 
185 187 197 
18
22 50 66 68 92 102 105 108 119 131 133 138 
145 155 164 191 196 200 
26
6 9 14 15 20 24 33 39 44 46 76 82 
106 116 119 122 123 128 141 152 156 162 166 179 
193 199 
20
38 39 45 59 64 70 88 101 133 140 145 150 
151 153 158 167 178 184 193 197 
23
15 20 21 23 41 43 56 60 76 79 83 94 
111 119 136 137 140 142 150 179 186 192 200 
25
3 27 28 31 33 37 54 65 66 85 90 91 
111 145 157 158 159 168 171 175 179 192 194 195 
198 
22
11 29 36 44 45 47 48 67 68 92 98 100 
116 130 134 138 140 142 152 157 159 195 
20
4 8 9 30 44 45 53 58 67 73 85 105 
117 126 129 142 173 176 191 194 
20
2 5 18 28 58 61 64 72 76 125 129 148 
149 159 169 173 177 185 192 198 
26
2 7 23 35 36 40 58 62 63 66 68 69 
74 87 92 103 104 105 109 120 126 146 147 186 
190 191 
29
4 11 12 37 50 52 53 57 64 70 71 79 
88 99 103 105 111 120 148 150 160 162 182 183 
184 187 189 191 200 
21
4 16 20 34 37 43 55 62 66 77 92 115 
134 138 149 151 156 164 187 193 195 
19
7 8 12 14 24 25 28 74 77 79 91 108 
115 121 127 150 153 158 176 
25
3 16 18 47 61 64 79 91 103 105 113 119 
122 123 138 142 149 159 160 166 171 176 181 193 
194 
19
9 11 12 20 42 52 59 79 90 93 99 113 
123 127 139 145 164 184 194 
12
4 9 36 58 71 83 117 121 137 144 169 171 
25
14 22 30 39 42 49 54 63 65 67 68 72 
75 80 108 113 114 119 135 140 149 150 153 172 
174 
21
6 26 30 41 46 47 48 54 72 73 89 90 
108 111 114 124 127 147 155 161 188 
13
14 55 64 70 82 83 97 98 139 163 166 184 
198 
13
18 37 56 64 114 116 127 135 148 155 159 183 
188 
18
16 18 25 27 32 36 42 47 104 112 115 123 
125 129 145 166 183 193 
19
8 13 35 42 61 86 89 97 106 126 146 148 
151 156 167 168 170 193 195 
17
20 36 43 45 49 50 61 62 87 96 103 115 
123 124 127 152 158 
21
18 20 41 49 79 84 87 89 103 105 108 116 
152 155 159 160 166 168 185 186 199 
12
7 48 63 70 82 126 144 146 148 153 165 167 
20
15 32 41 43 70 79 83 109 111 131 134 140 
142 149 150 158 179 185 186 188 
18
13 19 28 29 51 55 74 80 96 97 109 115 
120 133 150 183 195 196 
30
2 8 26 47 54 55 58 63 76 80 86 91 
93 101 103 116 120 121 130 138 141 153 154 158 
168 170 172 180 194 196 
27
9 19 21 37 39 41 46 52 59 67 73 76 
79 85 104 107 108 114 123 143 154 166 173 179 
186 187 196 
20
6 7 29 40 41 58 77 93 103 119 136 139 
141 142 143 149 150 174 194 200 
25
3 5 12 14 15 18 20 23 26 34 37 61 
63 68 74 86 87 95 100 139 142 163 167 189 
193 
18
10 24 38 41 43 51 53 74 80 87 114 123 
135 157 161 177 182 199 
16
5 29 71 73 74 75 104 125 142 153 171 172 
181 188 196 199 
30
13 30 36 45 46 60 65 75 76 81 95 101 
104 107 112 113 114 120 138 145 150 152 155 162 
166 173 176 189 192 199 
20
5 23 31 32 40 53 55 62 78 89 103 114 
121 131 132 141 156 163 179 184 
24
6 8 21 23 24 46 52 82 101 112 114 117 
118 120 124 149 152 154 163 170 172 174 187 192 
14
17 36 44 54 64 96 108 113 119 140 152 161 
172 196 
19
10 33 42 56 67 68 88 91 99 105 108 122 
130 135 144 175 179 185 195 
23
30 60 67 75 81 82 83 96 98 104 115 128 
129 134 152 169 176 180 182 185 188 196 197 
24
1 24 44 64 69 72 75 77 86 90 100 114 
115 118 134 147 149 150 157 158 164 183 185 188 
24
16 17 29 34 35 36 42 53 58 92 97 98 
99 119 136 142 145 152 155 158 160 172 176 193 
11
5 22 24 40 58 77 143 149 186 195 197 
24
1 3 4 27 38 40 48 55 57 58 64 67 
92 100 107 115 140 146 149 171 172 178 183 195 
15
9 42 48 54 62 66 83 100 113 122 138 144 
155 162 181 
17
4 6 8 53 62 64 71 77 82 101 108 130 
151 153 165 194 197 
23
8 16 20 21 39 40 84 85 86 92 98 107 
109 121 126 128 133 143 145 146 149 181 188 
18
3 4 21 36 40 50 61 77 97 129 130 147 
154 157 165 168 183 189 
20
8 10 15 48 58 59 65 76 82 94 113 114 
129 145 157 161 169 188 190 191 
16
3 8 40 50 81 92 111 124 137 144 153 167 
176 185 186 188 
21
9 15 20 35 42 45 47 57 72 83 98 99 
108 116 120 133 156 168 174 175 198 
17
13 22 28 48 55 56 57 67 72 80 91 98 
119 134 157 191 194 
19
2 3 11 24 41 42 52 62 72 87 105 111 
128 133 153 155 163 182 200 
16
23 36 42 69 86 87 91 96 98 127 132 133 
135 146 170 191 
13
18 32 49 51 90 91 93 125 129 139 144 157 
158 
26
1 3 11 14 19 21 33 34 35 39 54 56 
66 78 81 93 100 117 125 126 130 136 142 160 
164 175 
26
10 11 19 21 23 31 40 54 61 76 81 90 
109 116 120 122 126 131 139 141 151 155 164 174 
191 199 
22
4 5 7 15 32 35 41 49 55 80 82 98 
99 115 146 147 153 158 162 182 186 188 
20
19 29 38 51 57 80 94 95 98 120 128 145 
152 154 155 158 161 168 171 185 
27
7 8 10 16 18 20 23 26 32 38 43 50 
59 76 96 101 111 116 129 131 135 149 151 152 
157 180 184 
18
2 5 7 23 29 48 63 86 93 100 107 145 
148 154 170 181 183 187 
15
9 16 27 29 50 58 62 69 117 127 135 158 
175 177 194 
20
2 23 25 51 54 58 65 79 103 111 119 129 
140 150 170 171 187 189 198 199 
24
10 15 25 30 31 34 36 39 57 72 94 95 
96 98 100 104 126 129 144 146 148 162 185 199 
27
1 16 19 27 44 52 74 75 78 79 87 88 
90 95 99 100 114 116 128 140 146 150 170 172 
181 188 194 
19
19 20 21 33 37 42 46 49 58 59 90 108 
110 117 133 136 153 157 161 
19
17 22 23 30 63 65 69 80 85 105 116 132 
134 136 160 165 169 174 183 
13
11 39 49 67 73 74 106 108 115 129 144 167 
183 
18
18 24 38 39 40 66 74 87 98 115 139 142 
144 161 164 165 178 197 
22
6 9 17 21 22 40 48 58 62 63 79 107 
108 111 117 118 130 150 154 161 173 175 
24
5 18 27 30 32 36 38 42 45 47 53 54 
59 87 99 105 120 124 128 137 154 157 177 192 
15
6 8 15 16 47 56 66 87 110 117 132 138 
186 195 197 
25
2 3 9 10 15 17 28 34 41 51 62 71 
79 87 100 102 122 124 142 158 171 188 196 198 
199 
27
14 16 17 31 33 36 47 59 71 81 82 92 
97 105 108 119 121 130 135 142 145 153 155 157 
167 169 177 
19
6 7 19 26 29 36 37 48 62 81 86 96 
102 117 118 143 180 186 197 
21
9 17 36 68 76 86 89 102 104 119 123 124 
133 150 151 156 159 170 180 182 186 
27
3 8 9 22 23 26 35 40 41 66 70 91 
107 112 120 123 135 136 140 141 146 147 153 159 
174 182 183 
17
12 23 27 29 41 43 50 75 77 100 115 135 
136 167 176 178 186 
20
11 12 14 27 28 29 36 38 48 67 78 79 
109 113 117 126 147 150 179 189 
16
32 42 47 82 93 103 115 118 136 158 168 173 
180 181 186 200 
26
2 22 24 33 39 42 46 50 59 64 67 91 
95 101 109 125 126 134 144 145 149 156 160 164 
167 188 
26
25 33 40 44 47 54 56 58 65 78 86 87 
91 93 100 112 123 124 134 136 142 180 182 189 
193 198 
16
28 39 47 56 67 72 90 92 123 127 150 153 
156 167 177 189 
25
1 17 20 31 37 41 51 52 58 61 71 78 
79 84 93 97 101 109 110 126 127 141 169 175 
198 
14
7 24 30 31 38 72 78 130 133 145 146 153 
154 194 
19
7 15 18 23 26 33 44 95 98 104 110 112 
114 118 126 142 175 180 191 
19
1 6 10 35 36 67 68 76 92 97 105 114 
121 138 149 155 169 174 179 
21
9 23 24 29 40 43 73 85 90 101 111 116 
120 140 162 164 166 173 176 184 197 
19
4 11 12 16 25 29 36 38 54 66 100 111 
113 134 154 155 164 170 193 
28
3 25 33 56 58 60 76 79 82 83 85 89 
91 103 104 105 110 122 125 138 140 145 170 177 
183 186 192 195 
23
8 11 14 34 40 41 70 72 81 83 84 92 
95 108 127 129 133 147 160 173 178 182 198 
16
14 23 33 41 50 58 64 82 108 119 133 137 
143 148 192 195 
28
33 45 53 61 71 74 78 85 93 94 108 110 
120 129 140 147 148 156 158 159 164 165 172 173 
175 187 192 195 
24
4 12 17 38 44 60 61 63 72 73 85 93 
94 97 112 117 127 131 137 144 149 151 162 176 
18
13 66 67 78 93 109 135 138 142 144 146 162 
172 177 180 187 190 199 
18
16 18 29 33 64 81 94 96 101 116 117 131 
136 140 168 170 183 188 
16
4 8 22 32 70 74 81 86 98 114 126 133 
143 155 164 172 
24
6 8 10 20 23 30 48 66 75 81 94 101 
115 117 121 122 129 144 151 175 182 184 189 191 
14
12 16 34 89 107 130 135 151 152 158 169 180 
182 199 
21
20 25 32 44 46 49 63 64 66 72 78 90 
106 107 116 119 120 121 133 145 166 
25
6 13 23 33 42 53 60 61 96 97 101 103 
104 109 127 131 144 157 162 167 173 185 190 192 
196 
20
1 5 14 27 28 38 40 44 50 65 83 85 
88 89 93 101 145 161 170 196 
20
3 5 6 26 27 77 79 104 116 117 119 127 
133 134 140 146 151 169 172 192 
28
4 6 23 25 31 45 48 59 60 70 71 90 
96 97 98 103 112 119 124 142 164 166 176 182 
183 190 193 194 
16
4 11 24 30 38 60 64 68 70 83 115 138 
162 169 175 192 
21
10 16 21 33 39 53 59 79 86 97 104 111 
113 119 131 139 147 149 169 175 194 
26
4 16 26 37 61 67 69 72 86 89 90 97 
117 120 121 123 127 134 142 157 162 163 164 166 
174 199 
19
8 18 23 24 28 38 50 59 73 115 130 134 
143 149 158 172 179 180 184 
28
5 12 16 19 20 22 27 40 44 53 59 63 
72 82 83 90 113 114 136 141 155 165 168 171 
175 176 183 189 
19
3 9 35 38 58 63 66 88 89 103 127 135 
142 182 185 186 190 198 200 
28
4 6 10 19 29 45 49 50 63 80 88 95 
96 113 117 125 126 137 138 143 161 166 168 176 
182 187 188 197 
20
10 21 29 40 53 61 64 69 81 82 98 106 
118 120 163 167 175 179 183 195 
18
2 20 28 29 36 46 50 55 102 106 111 120 
125 140 143 179 193 195 
19
5 14 19 23 24 50 63 65 73 90 91 102 
118 141 150 158 168 179 190 
20
5 38 40 42 50 56 59 67 74 79 85 112 
113 118 121 130 131 136 137 190 
12
14 28 46 48 62 71 92 96 126 176 184 197 
28
3 4 18 22 35 41 43 78 81 84 88 89 
114 115 124 129 137 140 142 143 149 166 170 173 
174 175 181 199 
17
20 68 73 76 98 117 121 132 133 136 147 150 
152 164 165 166 172 
24
9 10 11 14 25 46 47 48 66 69 78 83 
109 112 119 141 147 152 158 159 165 180 183 195 
19
5 22 29 33 42 44 46 54 57 71 117 129 
155 162 163 170 183 194 196 
20
17 20 34 48 53 73 80 95 97 99 100 102 
106 120 131 141 142 146 163 176 
19
4 6 23 30 44 61 71 72 86 101 106 116 
118 158 175 180 188 189 192 
13
22 35 74 111 119 143 145 153 155 174 175 182 
197 
23
24 28 33 50 58 72 74 96 99 103 106 122 
125 134 136 146 148 155 164 172 175 177 182 
21
7 30 37 38 51 70 75 82 89 95 105 109 
111 120 124 138 143 145 174 175 198 
21
7 21 25 28 39 51 60 79 89 97 114 128 
139 140 156 163 164 169 176 177 182 
18
1 23 53 57 67 73 78 95 116 123 135 146 
153 167 172 173 179 199 
20
14 18 23 47 66 68 69 95 99 109 110 112 
137 139 143 157 160 161 166 186 
19
2 8 28 37 48 68 72 77 92 99 110 121 
124 138 142 149 157 169 173 
18
12 14 15 23 25 52 65 70 73 76 101 115 
120 123 130 134 135 149 
20
6 31 39 73 74 76 79 84 88 91 95 106 
109 130 142 145 148 159 192 199 
21
14 15 53 56 68 73 106 107 119 125 126 137 
140 164 168 178 180 184 186 192 197 
20
24 26 36 41 47 55 72 74 78 81 91 105 
109 118 122 136 153 194 196 198 
12
11 22 31 43 102 125 136 146 154 156 187 197 
25
5 7 17 23 26 27 46 68 71 82 101 102 
122 126 132 136 139 155 156 161 172 180 184 188 
199 
17
10 13 16 38 45 50 52 77 97 106 113 118 
128 156 162 180 199 
17
1 6 26 30 31 43 69 99 108 114 131 139 
144 153 177 182 194 
24
13 29 35 37 39 55 63 70 74 79 84 97 
107 110 114 115 131 141 149 152 170 178 190 196 
17
7 15 62 63 68 86 92 97 104 133 149 154 
156 159 182 185 191 
16
9 25 35 49 61 70 73 83 101 120 128 132 
140 143 174 189 
17
34 37 40 50 52 82 92 112 115 129 131 133 
140 141 152 154 181 
21
6 15 24 27 28 46 48 61 92 118 127 130 
132 143 148 163 164 174 176 194 195 
26
24 26 29 30 35 57 62 67 70 74 78 81 
89 92 107 110 120 126 130 143 147 158 172 195 
197 198 
19
11 13 15 23 25 32 39 81 95 99 103 104 
105 114 129 141 145 160 175 
18
7 50 57 59 63 66 67 99 107 111 114 124 
136 145 146 157 162 191 
20
7 34 41 50 65 88 89 92 97 110 112 115 
118 139 152 169 170 173 177 185 
15
1 5 27 29 31 85 91 124 130 159 160 171 
181 183 198 
27
4 7 9 23 30 39 43 44 53 83 94 97 
107 108 112 115 127 135 139 144 156 158 166 167 
170 183 193 
20
4 13 14 23 52 61 90 91 110 115 117 122 
135 140 147 155 171 179 190 192 
22
14 24 40 42 54 56 60 66 69 84 105 113 
114 145 159 163 167 171 184 188 195 200 
27
3 5 7 25 29 52 58 61 77 87 104 115 
121 124 135 137 138 140 142 146 155 160 170 178 
183 186 190 
14
10 14 22 36 51 92 93 94 96 117 145 146 
179 184 
24
17 31 33 37 42 47 56 58 61 64 108 109 
111 113 129 144 145 147 155 156 177 186 189 193 
22
13 22 29 54 59 60 61 73 77 91 94 101 
103 110 113 119 143 149 154 169 184 196 
10
20 29 36 46 57 76 78 94 99 175 
15
3 18 20 25 46 63 66 72 95 104 120 134 
159 173 187 
23
22 36 39 40 53 65 77 88 100 107 129 141 
144 161 166 168 171 172 174 180 192 194 199 
12
25 43 69 74 76 92 97 113 132 152 154 195 
22
5 8 29 34 41 44 76 94 95 102 119 129 
130 136 140 141 163 167 168 178 183 191 
24
1 16 35 44 45 50 67 93 94 96 97 101 
110 121 123 127 137 143 154 169 174 180 184 187 
12
3 42 124 130 135 140 148 164 171 181 186 199 
17
15 25 36 38 56 61 65 69 75 109 113 124 
134 176 183 187 192 
19
1 4 5 10 13 22 24 38 47 54 58 69 
88 104 142 162 164 176 185 
15
11 17 28 34 36 48 75 77 87 88 89 92 
149 177 181 
16
13 39 54 61 73 103 106 118 133 153 161 173 
177 186 190 199 
21
11 16 21 26 27 31 55 58 77 104 109 130 
138 140 150 162 168 171 175 186 196 
12
3 8 68 82 109 133 139 147 152 156 192 195 
20
3 4 8 33 47 53 63 91 101 114 137 141 
147 149 155 156 175 186 197 200 
24
6 12 21 24 46 57 60 62 66 72 75 77 
84 93 100 120 122 123 139 140 143 151 166 173 
17
1 6 16 17 47 63 67 75 87 109 125 148 
152 153 156 158 166 
19
2 12 16 27 37 65 67 76 90 91 92 93 
105 115 126 142 144 151 156 
27
12 16 17 28 37 43 47 63 76 78 87 91 
96 102 106 113 116 118 127 129 130 140 149 153 
178 188 194 
24
3 8 32 33 40 42 44 52 73 78 81 82 
86 109 122 132 156 158 162 167 170 177 191 198 
22
4 8 11 13 14 20 27 50 57 58 69 101 
128 134 135 149 157 160 172 185 189 198 
22
2 5 8 9 27 28 35 39 52 72 73 77 
78 93 110 111 130 131 143 145 172 196 
25
2 8 15 26 28 29 46 60 71 78 82 91 
102 106 117 127 137 143 157 171 181 189 190 191 
197 
16
14 32 38 52 87 96 101 116 124 153 155 156 
159 164 178 179 
17
5 46 48 72 73 74 81 91 99 115 126 129 
153 166 184 189 197 
16
8 16 18 42 49 61 65 96 108 123 145 157 
159 165 195 199 
32
4 11 24 26 35 37 39 42 48 53 56 65 
72 77 83 86 92 100 114 117 120 121 126 138 
140 151 154 170 179 186 193 196 
23
3 8 13 25 33 52 54 62 63 64 67 79 
87 112 119 133 145 146 162 169 186 188 195 
18
1 8 16 17 41 46 57 66 72 80 100 122 
137 145 146 162 177 200 
22
4 6 13 23 24 32 43 45 58 77 81 92 
99 100 101 106 129 134 143 168 169 181 
14
17 20 31 41 52 68 76 77 79 115 150 153 
155 161 
14
8 18 38 44 46 67 70 104 105 116 136 179 
186 193 
16
21 52 63 109 110 113 124 135 139 142 149 153 
155 160 165 173 
19
8 26 43 51 66 73 79 81 84 114 126 132 
133 152 156 159 184 188 191 
16
6 11 19 20 46 85 93 127 132 142 155 157 
176 188 195 197 
20
8 13 17 19 33 49 53 64 68 93 97 136 
141 148 155 171 175 178 186 197 
25
5 11 21 25 35 62 71 85 87 95 98 102 
117 129 130 132 135 139 140 150 173 176 188 192 
200 
20
2 3 26 46 91 92 103 106 110 112 119 120 
152 155 156 161 164 176 189 193 
20
2 3 11 31 49 70 82 84 90 95 96 119 
132 135 144 150 160 166 186 195 
20
17 27 37 40 59 63 82 83 90 94 106 108 
109 111 136 142 155 169 176 191 
26
1 13 20 21 25 30 34 43 51 65 68 69 
99 109 110 111 122 137 146 151 164 180 185 188 
189 199 
18
6 7 45 53 54 60 64 67 68 108 112 146 
147 166 173 178 182 194 
21
1 22 30 47 54 58 59 70 76 96 97 103 
114 125 131 132 153 157 170 178 188 
22
3 14 23 28 37 40 43 57 85 89 101 108 
109 131 140 166 167 169 176 183 186 187 
11
14 24 37 81 90 119 139 141 174 177 192 
19
18 21 23 37 39 43 52 59 60 78 90 97 
103 105 123 124 157 170 196 
30
7 11 15 29 36 39 43 45 49 50 61 66 
70 74 76 79 96 97 104 117 119 134 135 151 
158 169 181 183 196 198 
18
45 54 60 67 86 90 100 101 111 115 129 138 
145 146 148 194 195 199 
22
4 27 58 68 69 78 96 108 110 113 116 131 
139 146 156 159 163 169 189 193 195 196 
24
15 18 19 23 49 55 58 59 66 68 96 100 
104 116 119 134 138 144 145 155 168 175 181 186 
18
10 35 44 46 57 65 69 71 87 95 98 133 
134 144 154 163 183 188 
16
6 9 19 27 36 39 66 77 96 114 131 143 
145 147 182 196 
20
2 6 10 17 55 64 67 68 86 89 117 121 
123 125 142 164 165 167 190 196 
20
1 7 10 12 18 20 47 63 68 79 96 98 
100 103 132 164 171 187 195 196 
20
3 7 19 21 26 32 46 47 81 88 98 126 
127 140 148 154 165 184 191 194 
16
6 25 32 42 70 72 110 116 134 136 141 147 
149 169 171 196 
21
8 17 19 22 26 54 59 60 71 87 92 106 
120 123 124 141 153 159 161 177 190 
12
5 13 18 79 85 89 107 138 143 162 166 169 
24
14 26 36 39 54 59 62 65 77 88 92 97 
103 104 111 116 124 136 143 147 149 161 164 195 
16
2 4 7 11 23 48 57 96 105 118 132 134 
139 170 174 176 
20
6 10 20 27 44 49 52 57 79 98 107 108 
110 113 119 130 137 158 160 180 
16
1 27 31 43 64 73 74 93 142 150 167 174 
176 181 182 193 
13
11 15 35 47 60 63 75 142 146 152 174 177 
194 
21
5 15 23 31 92 97 103 106 109 116 126 130 
131 172 173 174 177 180 185 187 193 
22
3 7 24 33 35 38 56 62 75 78 81 86 
97 121 127 128 150 156 162 187 192 194 
22
3 7 8 38 41 76 95 105 110 124 127 131 
132 133 153 168 172 177 186 187 191 194 
24
4 6 13 21 32 41 48 54 65 71 77 102 
106 109 116 130 131 132 138 145 149 175 192 199 
29
2 13 18 29 32 34 43 46 57 62 66 73 
78 85 95 99 103 127 137 139 143 152 153 156 
168 191 193 197 199 
22
2 13 21 22 26 40 43 60 73 74 85 103 
109 125 136 141 147 161 175 176 179 184 
16
2 32 46 67 82 87 94 98 105 107 125 135 
138 152 158 160 
15
2 14 25 63 90 108 119 138 140 144 145 149 
155 191 193 
19
6 36 38 56 64 65 67 77 83 93 94 100 
114 120 126 164 174 183 196 
25
18 26 37 47 60 75 77 78 84 87 98 104 
112 119 121 128 137 140 141 144 155 158 175 199 
200 
20
7 9 11 19 21 23 31 38 73 75 83 91 
94 107 136 151 152 163 190 195 
14
21 39 69 70 73 79 90 101 133 135 141 147 
172 176 
20
6 24 33 78 84 90 93 103 105 106 111 113 
114 122 138 165 167 179 180 192 
29
8 9 16 22 23 25 28 31 32 35 39 41 
44 47 52 60 81 122 133 138 144 153 154 156 
167 168 177 183 200 
24
19 21 23 31 40 51 54 58 60 65 79 87 
102 124 132 139 141 148 164 173 174 187 192 195 
22
11 19 46 54 68 71 91 101 122 123 130 136 
148 154 157 167 171 172 173 174 176 182 
14
11 12 17 27 37 62 69 90 96 100 101 132 
170 177 
20
12 18 25 33 43 49 62 68 82 101 109 112 
125 135 157 159 168 179 180 191 
11
11 20 68 74 79 88 136 150 166 176 193 
17
11 47 61 63 65 72 88 104 115 126 133 146 
163 172 174 178 190 
20
16 31 35 43 44 78 86 90 91 93 119 121 
129 141 148 152 173 175 182 183 
22
7 25 28 32 75 96 98 101 109 116 121 131 
142 145 146 147 152 157 159 174 182 189 
24
5 11 17 36 49 55 59 60 74 76 89 93 
96 109 112 129 133 134 136 145 156 166 170 192 
15
4 16 29 30 34 44 66 75 110 124 134 181 
182 183 190 
16
8 17 25 31 45 50 71 83 117 121 126 132 
147 179 180 184 
19
3 9 14 23 30 35 57 69 95 96 119 121 
148 154 160 167 173 177 195 
20
5 22 25 31 38 40 56 65 94 95 99 100 
107 113 124 150 157 164 185 186 
10
5 18 77 87 99 100 109 112 157 158 
16
25 38 43 45 49 55 60 68 84 107 120 177 
179 190 194 199 
19
8 13 15 52 55 70 89 97 109 115 131 138 
144 155 164 173 191 197 200 
20
6 25 26 86 90 91 93 105 109 122 125 133 
137 142 160 163 166 171 186 193 
17
36 50 57 61 69 91 111 129 140 148 157 161 
165 168 183 197 199 
17
25 36 60 62 65 74 91 102 110 121 127 135 
137 138 146 170 199 
20
7 9 24 35 37 38 53 57 78 81 89 106 
112 117 126 130 135 150 165 196 
16
19 20 22 35 50 58 70 73 78 87 95 110 
124 134 155 173 
12
22 27 32 39 63 93 118 120 176 183 192 195 
33
3 5 19 26 30 35 46 58 64 72 88 90 
93 95 98 113 114 117 126 132 142 143 147 152 
156 160 164 173 176 177 178 182 184 
31
6 21 28 30 37 40 41 45 52 72 73 78 
83 89 104 105 112 137 138 142 148 150 151 154 
155 166 176 180 186 197 198 
27
3 8 10 13 37 43 44 46 47 49 53 54 
58 63 80 85 92 99 101 118 121 145 147 152 
166 173 200 
19
46 49 54 61 66 84 91 99 104 105 130 147 
154 159 162 173 176 182 194 
22
4 8 12 28 36 45 56 69 91 92 97 125 
126 132 137 145 160 162 164 165 173 181 
22
6 17 18 19 21 37 41 50 54 80 87 88 
126 133 147 148 149 154 171 176 181 190 
23
16 22 23 30 32 65 70 82 100 110 117 126 
135 137 153 168 176 180 181 183 187 191 198 
21
2 3 16 44 45 55 81 85 88 92 116 117 
125 129 155 166 172 176 186 191 192 
19
12 37 41 42 62 79 82 99 102 107 114 123 
128 129 131 139 155 163 177 
19
11 14 22 33 43 46 80 105 111 113 118 120 
121 128 135 164 165 177 198 
9
4 12 14 22 112 114 150 154 168 
21
3 5 18 45 54 55 72 100 106 114 115 118 
126 129 139 150 152 154 168 169 176 
19
30 39 63 65 77 100 108 121 133 134 149 153 
163 167 169 170 173 179 186 
20
5 15 41 49 54 90 109 118 128 133 136 140 
142 149 150 153 158 184 193 197 
19
1 5 18 25 28 64 70 71 96 120 123 146 
157 160 169 186 188 195 200 
28
5 7 10 23 42 45 63 64 72 78 95 100 
101 114 117 122 125 129 130 136 148 157 176 178 
184 188 192 196 
16
14 16 34 46 67 109 126 129 138 145 153 165 
167 170 176 182 
13
14 31 60 69 76 82 84 88 115 150 159 162 
192 
17
8 18 20 22 37 47 59 62 90 116 120 126 
140 152 165 179 197 
16
36 38 39 69 85 117 118 120 124 140 145 156 
161 177 192 193 
21
9 10 18 25 31 47 48 51 54 56 68 76 
82 89 109 111 139 158 168 175 193 
13
33 38 74 76 78 83 93 94 139 149 161 163 
165 
15
38 54 55 60 66 71 81 88 95 133 142 154 
160 167 195 
30
28 31 32 35 40 55 59 68 80 82 84 88 
89 90 92 101 102 107 111 113 114 129 143 145 
150 163 170 176 182 185 
16
2 26 32 46 48 49 70 75 96 113 120 140 
141 159 166 171 
15
5 9 15 23 37 47 98 111 121 131 133 143 
150 180 189 
17
2 14 22 47 76 112 117 141 178 179 183 187 
188 189 192 197 199 
30
8 14 15 17 21 38 43 64 67 68 79 87 
103 114 116 124 129 137 138 139 148 149 165 167 
169 171 177 179 183 197 
21
4 12 15 20 25 27 38 43 56 57 59 88 
94 95 102 106 148 152 154 167 180 
23
3 5 6 20 39 54 62 87 91 96 101 111 
118 140 142 149 150 154 165 172 183 195 199 
11
62 81 100 106 112 124 151 152 159 174 181 
20
4 14 24 31 36 39 45 53 65 83 90 101 
105 106 133 135 162 172 174 181 
24
8 13 17 35 57 59 60 63 86 94 95 102 
104 107 112 117 118 119 144 148 162 169 188 193 
19
2 21 25 35 63 68 77 80 91 93 100 101 
103 111 143 148 185 190 196 
24
2 8 11 16 22 24 25 31 32 42 47 55 
63 90 91 93 96 107 109 134 146 166 181 192 
21
6 31 43 49 56 72 81 83 88 93 111 112 
118 119 146 151 165 169 170 171 190 
17
12 24 26 33 61 64 68 74 78 92 100 111 
120 126 144 157 164 
23
3 11 13 14 34 37 42 46 49 58 67 78 
89 104 108 109 126 127 144 163 183 193 194 
20
1 6 31 57 61 63 75 79 80 82 93 102 
124 131 154 158 167 175 177 200 
15
23 27 40 55 59 73 94 98 119 132 133 170 
177 179 197 
26
16 18 21 27 30 32 43 52 59 67 86 89 
91 98 109 118 150 156 170 175 177 178 183 186 
193 198 
26
2 8 19 33 35 38 42 46 70 71 72 78 
82 90 104 114 138 153 156 166 177 179 181 186 
188 200 
16
1 7 16 43 49 81 82 83 85 96 121 133 
181 187 189 191 
16
11 15 22 36 46 49 93 99 101 121 124 130 
153 164 166 179 
22
6 28 31 39 40 47 60 70 74 75 79 86 
110 112 123 126 138 173 179 187 188 199 
14
12 31 40 43 85 95 111 132 133 139 143 161 
171 173 
15
9 41 52 54 66 67 79 96 110 119 130 131 
133 140 145 
26
8 36 40 45 62 78 80 87 92 99 100 105 
112 115 116 121 124 127 159 160 161 179 185 191 
196 198 
8
8 49 67 99 101 169 188 191 
14
13 21 35 41 44 77 78 80 83 90 115 129 
171 190 
15
9 16 42 60 68 71 75 112 125 142 151 168 
175 178 183 
16
5 33 38 44 46 48 88 106 120 137 153 160 
169 177 180 190 
18
3 36 37 64 65 83 96 100 111 113 118 127 
152 155 156 167 184 199 
22
6 7 26 38 42 43 45 64 72 92 105 122 
124 130 135 147 161 167 170 179 181 183 
13
1 11 45 57 103 106 131 134 155 162 179 192 
196 
18
24 34 40 44 55 58 82 83 86 96 99 112 
115 131 146 166 174 181 
13
18 22 26 27 41 55 63 80 108 124 141 154 
166 
11
7 16 39 54 102 104 132 154 168 176 195 
16
4 12 23 29 35 36 41 53 89 93 105 108 
112 132 138 187 
22
8 19 22 27 30 32 34 38 41 50 59 76 
88 114 115 134 141 150 157 168 179 199 
17
4 17 27 46 53 61 81 85 95 104 112 113 
144 154 162 173 176 
26
3 4 22 23 32 41 50 60 61 65 69 76 
78 79 99 100 123 130 139 145 152 162 179 182 
183 190 
24
13 28 30 44 51 53 60 83 86 89 91 118 
127 128 136 158 162 165 166 171 176 187 188 198 
19
5 24 28 31 34 49 83 89 99 112 126 135 
138 163 166 172 174 178 182 
16
2 14 26 31 48 51 81 84 90 107 118 140 
158 161 164 183 
21
3 6 8 22 32 34 44 45 59 65 90 96 
106 116 120 126 162 163 172 181 196 
26
5 16 19 27 32 38 52 62 68 80 98 103 
113 121 131 143 144 146 150 154 162 168 169 190 
194 197 
11
4 15 18 41 52 56 76 81 150 161 175 
25
1 7 11 21 22 35 64 70 72 75 84 86 
95 96 97 114 116 117 133 143 158 169 193 198 
199 
