800 200
1 1 1 1 1 1 1 1 1 1 1 1 
1 1 1 1 1 1 1 1 1 1 1 1 
1 1 1 1 1 1 1 1 1 1 1 1 
1 1 1 1 1 1 1 1 1 1 1 1 
1 1 1 1 1 1 1 1 1 1 1 1 
1 1 1 1 1 1 1 1 1 1 1 1 
1 1 1 1 1 1 1 1 1 1 1 1 
1 1 1 1 1 1 1 1 1 1 1 1 
1 1 1 1 1 1 1 1 1 1 1 1 
1 1 1 1 1 1 1 1 1 1 1 1 
1 1 1 1 1 1 1 1 1 1 1 1 
1 1 1 1 1 1 1 1 1 1 1 1 
1 1 1 1 1 1 1 1 1 1 1 1 
1 1 1 1 1 1 1 1 1 1 1 1 
1 1 1 1 1 1 1 1 1 1 1 1 
1 1 1 1 1 1 1 1 1 1 1 1 
1 1 1 1 1 1 1 1 
25
28 31 34 38 49 50 67 71 79 89 98 110 
111 118 120 127 129 131 139 160 167 170 172 177 
197 
20
5 8 13 17 24 38 69 73 76 78 97 129 
146 149 157 158 163 165 170 182 
20
6 21 25 42 52 65 78 96 124 131 144 160 
161 173 174 176 183 184 191 197 
19
11 16 72 78 83 94 109 122 145 151 163 167 
171 174 178 185 186 196 197 
16
11 15 27 40 61 72 81 90 103 108 110 112 
119 122 130 136 
20
17 36 55 87 90 93 101 119 153 158 160 161 
166 172 176 181 184 188 193 196 
11
7 10 19 21 68 89 98 128 130 183 184 
14
1 30 33 39 44 58 71 82 110 132 139 159 
192 200 
14
12 30 37 43 51 55 56 79 85 97 117 145 
159 179 
17
20 23 30 34 37 44 57 70 72 88 142 160 
177 178 179 189 195 
22
7 19 41 53 56 59 60 70 77 86 88 105 
122 127 129 144 162 166 168 173 174 192 
21
11 27 47 56 57 62 65 70 86 87 89 111 
114 120 145 147 149 151 171 175 186 
17
10 14 44 52 64 66 88 93 96 103 107 113 
131 147 155 157 199 
17
7 10 12 17 27 43 47 59 83 107 125 138 
143 150 156 181 194 
21
1 2 20 32 39 49 63 65 76 86 94 108 
116 127 129 134 137 138 152 157 159 
28
19 20 21 26 27 28 36 41 46 59 60 76 
83 95 98 119 120 127 133 134 138 141 149 169 
181 185 197 200 
17
8 12 22 23 70 78 114 129 134 157 159 175 
177 187 188 195 197 
18
10 12 18 22 23 42 45 56 65 94 99 104 
113 143 146 157 178 192 
24
15 28 32 33 48 53 56 78 80 83 110 112 
116 133 138 141 164 170 172 175 177 183 199 200 
25
11 13 27 33 36 52 61 65 69 101 104 106 
109 128 129 134 147 153 156 165 168 169 173 177 
188 
19
9 17 21 31 45 55 64 70 73 88 89 102 
112 126 146 154 163 179 192 
34
17 19 26 29 31 41 44 46 54 61 71 77 
80 91 98 102 103 106 111 124 127 133 134 139 
142 144 146 153 155 166 181 188 194 197 
28
11 13 20 30 32 40 44 45 63 64 68 75 
81 88 97 104 110 111 115 120 122 137 159 161 
166 170 190 191 
17
2 4 16 29 60 68 89 96 118 125 127 133 
162 182 190 192 194 
18
2 4 5 19 51 54 58 68 74 83 87 111 
112 126 137 139 176 180 
22
1 11 19 35 36 50 51 53 64 77 79 83 
85 96 105 112 124 136 145 148 169 198 
20
1 22 25 51 57 77 89 91 99 107 110 122 
140 180 183 187 190 194 196 198 
19
23 31 32 37 63 66 79 80 87 89 104 108 
116 119 134 135 144 176 196 
14
6 9 11 43 50 67 106 110 114 117 176 179 
190 198 
23
26 28 39 48 58 71 72 98 110 124 127 133 
145 158 160 171 173 174 178 181 189 191 193 
20
8 13 18 44 45 50 63 85 122 125 143 146 
148 152 155 159 166 178 187 188 
20
9 24 52 54 65 66 72 73 87 90 100 119 
129 138 145 164 165 168 177 179 
16
15 16 20 29 63 71 72 81 93 97 142 148 
158 165 168 171 
21
8 11 14 19 20 36 40 46 62 88 92 98 
100 104 116 124 139 141 147 175 176 
20
7 36 41 46 52 63 64 65 67 68 75 82 
93 120 128 173 178 184 194 197 
21
7 28 36 47 61 87 98 105 109 125 126 128 
129 133 145 150 156 157 159 169 174 
16
10 28 44 53 56 59 108 110 128 139 144 151 
156 171 180 181 
21
12 13 32 34 48 69 74 76 86 101 137 138 
145 146 150 153 156 161 179 182 192 
20
6 19 32 40 84 93 107 111 117 119 127 131 
155 157 159 161 165 178 193 198 
27
2 16 20 32 37 55 72 77 82 83 87 91 
92 104 108 120 128 133 141 143 155 157 171 176 
178 197 198 
14
14 54 71 73 88 93 97 100 107 118 119 128 
130 188 
25
7 16 21 45 49 52 61 66 71 73 90 96 
104 111 112 117 127 133 143 154 159 171 175 189 
193 
18
6 10 22 28 38 52 89 106 119 131 142 146 
148 163 176 179 188 189 
20
1 15 22 27 55 97 101 102 114 137 138 141 
152 158 169 170 172 176 179 198 
10
5 84 91 108 130 136 143 170 176 179 
24
4 5 14 17 46 51 53 57 67 89 94 99 
100 107 108 111 133 135 137 145 152 161 177 184 
13
20 28 41 72 87 94 95 118 145 159 166 167 
181 
28
2 28 39 45 53 56 68 69 73 77 81 93 
97 103 113 117 125 129 148 150 154 155 174 180 
189 196 197 200 
18
8 16 18 30 31 41 75 77 84 86 102 136 
147 156 161 188 194 200 
18
10 36 38 42 51 60 62 76 83 90 128 131 
139 142 144 161 176 179 
22
11 33 43 45 57 58 78 98 99 102 109 111 
116 136 145 149 162 170 174 183 186 188 
19
7 9 34 45 48 52 82 87 94 107 125 142 
149 158 160 170 178 188 189 
32
2 8 9 21 42 44 50 74 81 85 109 113 
114 115 120 122 127 130 136 142 143 144 147 155 
159 165 166 174 182 188 190 198 
19
19 25 67 74 84 87 90 92 94 121 144 153 
160 161 165 168 169 183 189 
24
2 5 12 16 17 41 45 51 54 69 71 76 
86 96 97 99 113 120 148 154 158 172 189 193 
14
25 63 81 98 102 105 108 116 123 129 133 136 
171 192 
26
11 21 25 27 30 31 32 48 56 58 59 70 
80 102 103 111 112 116 117 129 154 163 176 178 
182 194 
20
8 14 17 19 26 34 40 44 50 54 55 58 
60 63 123 130 136 156 180 189 
23
7 14 43 54 69 80 84 93 94 96 101 102 
110 113 127 139 149 168 170 175 189 190 194 
19
20 25 39 51 60 80 88 102 112 113 116 117 
125 144 149 157 162 177 183 
13
3 11 38 62 75 80 86 100 104 115 125 139 
189 
24
10 13 17 20 28 49 65 66 73 78 82 83 
99 100 122 130 142 147 151 154 159 160 162 188 
15
8 31 37 50 59 72 77 107 109 134 138 148 
171 175 195 
22
9 13 20 28 40 45 46 48 56 57 59 63 
69 83 84 91 137 149 155 176 184 193 
16
29 46 57 58 73 82 97 115 116 122 133 148 
166 168 194 197 
28
1 5 16 19 21 44 53 57 79 90 99 100 
102 104 114 119 122 123 130 131 143 146 149 159 
178 183 197 199 
22
23 24 26 32 49 50 54 64 65 71 74 101 
106 111 117 123 135 153 155 175 179 184 
24
6 36 41 42 55 58 61 67 74 86 88 90 
94 112 127 130 135 138 145 152 158 159 168 186 
16
2 4 5 11 26 80 82 103 111 118 156 165 
175 176 186 196 
23
4 18 22 30 48 50 72 78 87 89 98 101 
110 116 121 137 142 158 160 163 168 171 194 
19
21 37 48 52 62 70 77 103 104 110 136 139 
143 144 146 148 180 183 198 
28
3 20 22 43 44 48 50 51 61 63 66 74 
88 89 117 118 119 129 130 137 144 146 163 179 
183 185 194 196 
20
8 10 20 21 46 51 64 82 85 88 114 122 
123 136 140 147 148 165 188 198 
25
1 8 16 34 42 47 57 63 87 93 95 105 
114 116 117 123 126 131 134 144 157 165 190 193 
200 
19
8 20 21 36 59 85 86 90 93 96 120 125 
141 153 159 190 196 197 199 
21
14 17 30 34 35 37 49 64 72 100 103 117 
155 156 158 159 166 169 171 181 188 
20
9 12 14 35 38 59 66 67 75 114 115 134 
139 140 154 158 175 179 181 199 
18
29 37 40 57 59 60 63 88 105 107 121 123 
126 152 158 162 186 192 
18
38 54 85 96 97 98 102 120 129 139 145 161 
167 173 182 184 194 195 
32
10 27 46 53 60 64 71 72 73 89 91 97 
98 100 103 109 120 123 126 127 128 140 143 164 
166 167 175 183 191 195 197 199 
11
6 14 80 86 117 119 138 151 160 168 188 
20
1 13 18 37 65 69 80 97 102 108 123 132 
148 159 165 179 180 187 188 195 
17
9 18 23 31 35 36 40 51 78 79 83 95 
117 125 126 185 186 
18
4 27 41 44 62 64 68 83 89 98 108 112 
124 128 146 187 191 195 
20
2 6 9 18 26 51 78 92 93 94 104 108 
122 164 173 175 185 187 188 192 
16
12 21 34 37 44 63 75 76 107 127 136 143 
171 178 194 197 
26
11 16 24 33 35 54 61 68 71 77 82 84 
92 93 105 112 125 130 131 160 167 171 177 180 
187 199 
18
10 20 26 36 52 53 74 81 104 111 124 145 
150 156 184 191 193 199 
21
2 47 51 53 55 70 100 108 118 122 125 136 
138 149 150 153 161 168 172 183 200 
12
14 36 38 53 73 75 90 114 133 161 179 188 
20
16 18 28 31 40 42 52 53 60 66 84 86 
93 94 109 128 165 168 179 184 
20
13 18 21 38 53 55 57 67 72 73 78 88 
121 133 138 152 153 164 185 200 
25
1 7 13 14 21 33 43 50 51 65 66 69 
79 85 91 102 105 118 128 129 130 136 175 178 
184 
23
4 19 22 23 40 68 75 76 80 90 95 96 
111 126 135 143 147 159 169 173 185 193 196 
22
26 37 39 43 52 69 74 81 83 89 101 138 
140 147 148 154 156 157 158 167 182 183 
16
31 40 66 74 89 91 93 102 118 130 135 162 
173 175 183 191 
20
8 26 39 56 67 73 84 88 94 109 113 118 
129 145 161 163 168 177 198 200 
24
2 10 33 34 44 57 64 86 88 92 98 104 
107 111 112 123 125 142 144 154 168 172 173 188 
21
9 14 48 50 74 77 83 86 91 94 100 105 
122 126 136 144 147 169 177 181 182 
22
16 29 32 39 40 54 81 85 92 99 111 135 
141 142 149 152 180 182 184 187 197 199 
19
4 7 46 56 58 71 92 104 115 130 137 140 
141 143 161 164 175 178 194 
14
13 16 19 38 39 55 62 77 112 133 138 147 
168 195 
22
8 19 21 22 38 39 64 77 96 97 118 125 
129 135 146 159 165 168 193 194 198 200 
19
15 17 20 24 45 63 67 70 74 75 90 92 
104 123 163 166 182 184 189 
32
14 17 27 33 42 43 46 49 51 57 72 73 
81 87 102 103 106 107 115 119 124 130 134 136 
137 151 159 161 168 185 195 200 
22
9 24 30 41 44 46 57 67 75 89 98 111 
125 126 129 133 135 146 164 171 185 200 
24
10 21 30 31 33 36 40 41 49 62 67 73 
85 93 112 128 130 148 153 162 165 167 172 191 
13
1 10 43 84 95 131 139 153 162 163 168 177 
199 
17
4 22 46 53 55 57 108 113 119 128 136 140 
150 156 165 183 187 
24
8 10 23 35 40 54 60 65 91 97 98 99 
100 104 105 116 126 138 148 150 170 171 179 197 
23
22 34 45 54 58 79 83 86 95 101 102 111 
115 125 134 151 152 161 164 172 177 185 193 
18
7 17 26 28 32 38 41 72 73 76 117 139 
140 152 156 167 170 178 
27
8 13 29 30 39 40 45 54 56 58 59 61 
70 79 81 103 109 112 117 123 135 144 158 161 
170 194 195 
22
11 17 19 26 29 52 73 90 93 94 95 98 
103 106 107 117 122 180 183 189 194 196 
21
2 14 16 21 43 45 71 74 106 108 124 126 
135 152 161 163 170 173 186 190 191 
23
8 9 31 48 50 55 63 76 83 84 86 95 
99 121 123 137 149 150 170 177 181 187 199 
23
4 21 22 38 50 58 60 64 66 67 80 85 
87 109 129 130 142 155 174 178 185 195 196 
16
5 8 24 29 42 66 74 83 105 118 128 142 
158 171 172 179 
19
7 11 12 17 30 45 51 61 69 71 80 97 
113 126 127 134 143 162 165 
21
4 19 27 30 40 42 60 70 81 91 111 124 
133 135 139 148 154 187 193 198 199 
20
4 11 24 26 44 50 51 59 66 79 95 101 
106 131 144 168 169 193 195 198 
28
10 15 31 32 41 44 49 66 74 86 87 96 
100 107 113 120 143 146 147 152 157 165 177 182 
190 193 195 197 
15
28 30 56 71 78 81 86 111 118 128 160 161 
184 194 199 
17
14 19 30 36 69 76 82 86 109 125 145 146 
150 153 163 194 196 
18
13 36 38 46 51 60 63 67 79 128 133 143 
154 161 166 170 188 190 
25
25 31 32 39 46 48 50 52 58 70 77 89 
98 123 138 144 146 149 157 170 171 176 188 191 
200 
27
5 21 28 31 37 39 54 57 59 60 62 65 
66 68 73 82 87 88 96 115 123 136 137 151 
189 193 200 
16
3 15 47 48 54 58 59 60 63 77 86 93 
115 153 156 192 
22
5 25 43 44 58 67 79 89 102 113 114 136 
142 145 159 165 171 172 178 190 191 200 
19
8 11 34 49 50 55 57 67 70 106 121 140 
141 150 169 180 184 190 198 
18
10 28 31 48 52 79 87 100 126 130 132 135 
154 168 180 184 187 198 
20
12 33 35 56 58 81 85 87 105 107 118 119 
120 121 125 132 163 165 168 177 
18
17 20 46 49 57 58 105 107 132 138 139 151 
153 168 177 184 190 200 
18
5 9 16 20 24 38 72 78 90 120 133 141 
154 157 160 177 186 191 
19
25 30 42 61 78 96 106 116 124 130 145 168 
171 175 177 189 193 195 199 
19
2 5 12 34 61 70 86 99 115 119 137 139 
158 162 165 186 189 194 198 
20
6 8 16 34 35 50 60 73 80 83 91 100 
101 123 132 147 155 156 160 200 
22
7 17 20 24 37 41 42 64 85 88 94 97 
108 123 140 142 145 148 150 167 179 185 
17
28 37 69 79 107 115 134 147 149 156 163 173 
174 179 188 191 195 
17
8 11 22 36 37 42 50 54 55 67 71 77 
107 111 169 193 195 
24
2 6 22 31 37 57 64 76 78 82 97 99 
105 116 120 123 128 133 135 144 148 190 197 198 
23
1 18 35 38 39 67 73 85 86 91 93 96 
113 123 124 143 152 157 160 171 175 193 197 
22
8 9 10 44 52 63 69 73 83 93 96 110 
127 131 150 157 161 165 166 169 183 194 
18
8 34 46 58 71 74 76 85 87 90 113 126 
145 176 183 185 189 190 
21
8 21 37 43 54 73 74 89 91 93 103 123 
127 137 152 158 159 161 169 176 179 
20
15 16 20 26 27 54 61 64 84 85 97 99 
109 114 123 133 143 148 159 164 
15
35 39 52 65 68 69 77 88 97 113 121 124 
137 152 161 
16
2 7 13 26 43 49 62 70 95 104 119 127 
128 141 167 186 
22
2 7 32 34 35 42 53 64 67 74 112 114 
137 143 153 154 164 168 177 192 194 196 
24
7 8 12 28 37 50 52 58 59 63 92 97 
104 108 114 115 118 119 124 135 138 154 157 161 
14
16 36 49 94 101 107 117 123 133 144 148 164 
179 185 
21
4 18 19 30 50 61 67 68 76 80 90 93 
97 122 130 138 142 150 162 176 195 
18
28 57 70 72 95 109 122 130 138 151 152 154 
167 175 177 181 182 187 
21
10 11 24 46 52 89 94 95 110 116 127 128 
131 145 151 152 153 157 159 175 188 
22
17 18 33 59 65 66 70 71 83 86 95 113 
114 140 141 145 146 150 170 176 184 186 
25
10 13 38 39 58 75 83 89 93 99 101 120 
123 124 125 141 145 149 153 167 170 183 188 190 
192 
26
23 24 25 26 29 37 50 55 61 67 70 97 
98 100 104 108 128 136 159 166 170 172 175 176 
186 190 
18
21 29 32 40 46 62 80 97 104 113 149 154 
162 171 174 175 183 192 
27
4 9 19 23 32 39 54 65 72 73 84 91 
93 99 101 104 108 116 117 151 161 167 168 177 
189 194 195 
25
4 5 8 16 18 23 35 36 43 48 55 62 
80 93 95 97 99 106 152 160 161 172 176 180 
186 
25
13 16 20 22 34 37 38 44 54 60 72 74 
107 108 131 141 142 144 147 161 168 172 185 187 
189 
22
15 23 35 38 40 78 106 113 126 129 132 134 
150 156 157 159 162 174 177 179 182 189 
16
16 28 34 35 36 42 47 51 65 79 105 107 
110 116 172 184 
17
1 3 4 36 39 55 57 59 61 75 83 113 
128 130 149 159 174 
17
1 5 6 24 37 38 58 68 99 110 114 132 
156 158 161 168 182 
28
2 9 10 12 16 22 30 34 50 51 53 57 
71 97 108 115 121 125 129 135 136 144 147 164 
168 181 183 192 
17
15 33 34 35 41 56 71 79 87 118 127 128 
153 161 165 175 196 
15
4 10 11 18 80 83 89 97 105 122 125 135 
154 159 197 
14
4 19 43 57 85 90 123 137 148 171 177 182 
188 193 
26
2 19 21 23 24 29 54 58 64 77 80 86 
92 102 103 107 115 124 125 133 134 168 170 176 
179 192 
12
1 13 28 31 33 43 48 74 107 166 181 198 
14
18 23 30 34 56 81 89 121 123 132 136 148 
171 177 
21
10 14 24 37 45 68 81 89 92 95 98 112 
127 132 134 137 138 143 147 167 182 
17
3 4 40 50 57 63 67 81 95 108 125 147 
165 167 176 186 194 
17
16 25 26 30 35 64 77 91 92 109 110 134 
145 154 165 168 169 
22
8 9 17 32 33 38 75 87 107 126 129 137 
141 144 151 155 163 164 172 175 177 198 
21
15 22 25 35 44 59 75 82 87 95 97 107 
113 119 121 128 154 171 183 187 190 
20
15 44 45 86 88 103 110 122 126 133 136 137 
140 141 145 149 176 182 193 198 
29
4 24 25 39 50 57 59 61 63 65 82 83 
88 97 101 107 123 124 130 154 155 162 167 174 
183 188 189 194 197 
21
7 12 15 16 37 59 60 65 66 80 84 111 
117 118 123 129 131 139 151 165 196 
19
7 15 25 28 43 56 64 68 69 84 90 101 
105 110 125 129 145 162 186 
14
3 15 45 73 80 113 116 133 141 145 157 181 
192 196 
20
4 11 15 20 51 85 86 100 110 127 129 142 
151 167 183 186 187 188 192 193 
22
13 16 27 33 44 49 58 65 73 95 106 110 
115 124 138 142 145 169 178 190 196 197 
19
17 26 57 82 85 95 98 107 109 121 126 133 
156 169 170 173 182 183 186 
22
5 8 12 15 16 33 41 46 48 53 61 66 
68 71 82 106 122 128 129 133 189 200 
26
7 20 23 26 28 40 73 93 94 110 111 112 
114 122 128 133 136 139 146 150 166 171 179 194 
195 197 
23
8 10 11 20 33 39 43 54 59 62 70 72 
82 94 110 121 129 133 159 165 167 177 182 
22
4 19 23 44 46 50 52 71 91 92 96 109 
115 118 132 138 178 180 181 191 192 196 
22
21 31 33 38 40 51 74 75 80 85 87 89 
96 107 110 133 137 148 154 157 171 177 
23
9 13 20 21 22 31 42 77 79 80 99 109 
111 112 118 130 133 153 158 160 171 177 198 
23
10 11 13 19 20 35 54 58 62 73 77 86 
96 109 114 116 121 128 134 142 147 166 188 
15
14 20 31 33 65 66 71 112 153 168 173 174 
185 196 197 
22
7 8 13 23 43 45 64 69 70 75 96 104 
114 128 133 144 152 154 158 169 180 183 
28
10 25 53 60 67 74 76 82 89 94 97 112 
116 121 127 130 133 143 145 160 162 167 170 179 
189 197 198 200 
20
4 16 21 28 32 34 37 44 46 52 53 61 
107 117 118 139 143 145 188 192 
14
5 6 28 33 40 79 82 100 103 109 128 175 
180 200 
17
15 17 26 28 31 40 42 43 57 67 91 92 
99 105 117 118 122 
19
3 16 31 36 59 82 85 87 102 104 108 129 
130 156 164 174 178 180 185 
15
65 101 117 120 123 128 132 133 137 138 140 147 
168 169 191 
25
12 31 32 47 49 59 74 75 78 81 92 104 
117 122 123 131 137 140 155 175 177 181 183 191 
196 
31
11 14 19 20 23 37 50 56 58 59 64 65 
72 73 82 93 96 105 117 118 129 133 149 157 
160 166 170 172 182 183 197 
26
12 25 36 39 46 47 55 78 86 95 101 104 
108 113 118 121 123 135 138 151 152 156 167 168 
176 177 
23
9 14 16 18 19 39 40 51 54 59 74 75 
87 93 96 102 124 126 128 137 140 152 160 
24
14 25 27 30 34 57 58 69 73 77 78 85 
86 88 97 102 103 129 131 132 143 156 183 191 
23
5 8 25 44 64 75 79 82 89 90 95 97 
98 128 131 133 140 145 157 173 182 183 184 
22
10 16 47 49 67 72 78 87 114 116 135 140 
144 153 157 160 161 164 182 195 197 198 
18
5 50 60 63 64 66 85 94 101 103 138 142 
144 168 176 177 197 200 
24
7 11 30 42 43 56 63 64 65 74 85 89 
95 113 124 126 127 135 138 141 153 160 172 197 
23
3 14 32 44 62 67 75 76 77 83 84 94 
120 130 135 141 142 147 157 178 191 196 199 
14
5 20 37 54 62 70 76 80 102 110 124 125 
141 176 
20
7 8 13 44 73 82 84 87 91 108 119 125 
131 134 140 169 178 182 193 199 
22
21 29 32 33 57 66 80 106 118 121 127 132 
139 148 155 173 179 181 186 187 188 199 
17
3 14 33 42 48 57 89 95 136 137 152 153 
158 160 168 174 192 
17
9 39 41 46 49 50 58 65 108 112 124 135 
149 152 182 193 200 
20
25 30 31 35 38 43 64 83 87 90 91 96 
109 119 149 150 166 177 179 191 
20
24 36 37 38 42 70 76 102 103 116 123 132 
152 157 169 182 188 189 190 192 
20
5 17 59 60 64 71 86 92 95 98 114 115 
118 125 146 148 160 174 176 198 
15
21 37 85 86 90 94 101 110 131 132 138 145 
159 167 185 
15
20 21 56 61 65 82 132 135 151 159 166 172 
179 184 197 
22
3 6 11 31 48 57 78 95 99 100 101 108 
109 124 139 141 148 155 189 190 192 195 
13
4 5 37 66 104 138 145 155 162 170 182 190 
195 
21
7 9 30 48 58 66 69 71 76 88 94 105 
128 142 149 155 169 176 180 186 189 
23
6 7 35 41 42 50 54 57 78 88 89 93 
116 128 134 135 137 172 174 181 190 191 193 
12
28 36 45 49 64 71 73 78 82 127 134 149 
13
40 55 100 108 109 121 130 156 163 168 177 186 
197 
30
1 8 15 20 27 36 44 47 59 75 81 89 
90 101 108 120 122 123 141 147 153 160 163 174 
178 180 190 191 192 198 
24
16 20 24 43 46 61 65 72 76 84 105 112 
120 130 147 149 150 152 161 164 169 181 188 199 
15
8 16 26 30 41 42 72 73 87 89 114 121 
153 168 177 
16
32 41 60 73 78 86 103 106 111 123 128 132 
145 157 174 188 
16
1 16 19 21 32 44 58 98 136 145 149 155 
175 177 194 198 
24
6 7 16 17 28 30 40 48 53 54 74 133 
136 143 145 146 158 172 178 189 190 192 194 199 
14
37 49 75 89 90 109 137 143 144 161 177 180 
184 194 
21
17 25 32 39 49 71 91 96 98 113 126 134 
139 155 159 165 169 173 175 176 190 
17
9 20 27 31 53 65 92 94 135 139 141 151 
164 171 176 190 194 
16
14 53 55 64 66 69 92 112 115 145 167 168 
171 181 182 183 
26
1 11 14 16 23 58 61 67 74 80 91 95 
96 99 106 107 117 122 147 153 157 164 172 178 
185 192 
21
19 22 38 42 43 51 55 56 62 75 80 83 
93 106 114 128 140 157 160 161 184 
18
9 11 18 19 30 40 46 48 55 60 89 95 
103 104 125 132 142 159 
23
6 9 10 21 28 37 61 62 66 70 73 93 
96 99 108 112 123 137 140 172 176 179 185 
17
21 23 34 38 46 57 66 83 114 119 126 128 
129 139 167 180 185 
19
2 9 15 31 34 35 54 72 90 95 113 125 
141 144 163 172 186 190 191 
18
4 7 9 13 21 46 54 55 59 62 124 144 
148 160 177 191 196 198 
15
40 46 57 59 79 98 100 105 132 137 150 159 
167 179 194 
18
3 5 11 33 37 50 69 72 92 110 114 146 
164 165 172 186 187 195 
19
1 9 12 17 52 57 62 68 87 100 116 133 
141 149 161 163 166 172 181 
15
21 36 38 42 62 69 77 85 156 165 167 180 
181 183 190 
19
26 35 36 39 54 76 81 92 99 119 121 124 
136 137 147 167 192 198 200 
16
19 23 27 35 70 90 107 109 115 128 148 160 
165 172 191 199 
20
24 27 35 38 40 44 52 68 79 92 108 111 
117 129 143 152 163 166 169 187 
17
2 22 36 47 67 68 107 108 116 129 132 146 
153 174 182 185 199 
26
15 17 22 36 44 45 56 82 85 86 87 88 
89 93 108 114 125 126 128 129 133 165 171 183 
190 194 
14
15 20 22 23 30 54 71 85 116 129 130 131 
189 196 
16
15 16 18 20 31 32 47 67 76 77 95 109 
132 135 159 164 
20
21 22 48 50 61 62 72 80 92 101 108 113 
117 121 139 143 145 175 179 189 
16
14 58 66 83 113 127 137 151 163 164 167 174 
185 188 190 195 
14
6 13 20 32 38 41 84 94 102 127 168 170 
174 181 
24
7 16 17 21 24 33 34 39 56 66 69 75 
77 78 84 94 95 98 100 111 125 172 181 182 
16
6 20 36 66 67 72 81 93 96 100 105 108 
138 142 147 157 
19
1 16 23 36 45 53 59 65 78 91 103 110 
120 122 138 169 188 190 200 
15
3 54 67 77 85 87 88 117 121 127 137 144 
146 156 158 
17
5 16 24 34 43 50 61 65 72 108 110 115 
118 125 132 142 181 
15
15 20 32 38 46 60 86 90 93 95 101 124 
126 132 147 
18
7 20 24 25 57 58 60 86 88 117 132 149 
150 158 163 165 188 196 
23
22 26 36 48 61 62 82 87 89 98 106 109 
118 143 148 153 154 159 162 164 181 186 200 
14
30 67 73 87 102 107 115 129 143 166 169 179 
190 191 
18
13 15 18 20 35 43 62 72 74 83 93 104 
119 148 152 166 167 172 
22
6 10 19 21 28 33 35 38 39 48 73 90 
101 111 117 123 144 150 167 172 188 191 
19
4 12 18 33 35 43 46 64 114 115 118 130 
144 162 168 187 190 197 198 
20
1 4 38 48 56 58 61 65 84 91 103 112 
113 128 143 157 165 166 169 173 
21
4 6 7 9 35 44 56 80 86 88 112 125 
126 137 146 148 154 158 167 195 196 
25
4 16 21 25 27 29 35 36 49 51 56 59 
66 70 74 75 100 103 121 155 158 167 170 175 
192 
14
17 18 24 30 43 59 114 124 141 155 156 162 
172 177 
19
6 19 51 53 68 71 73 74 77 95 101 118 
124 128 144 153 156 182 200 
27
6 13 14 24 30 34 38 50 56 60 68 72 
81 82 85 96 100 103 105 123 127 129 135 144 
154 157 159 
17
27 45 50 54 73 88 99 103 106 111 116 124 
150 153 164 172 189 
21
6 13 23 33 35 44 51 52 56 105 112 115 
118 130 138 156 167 172 178 181 196 
22
5 10 22 43 46 50 62 77 86 88 104 105 
108 109 118 120 122 162 166 182 191 195 
14
6 27 39 70 72 78 95 96 154 164 168 171 
185 196 
21
9 10 25 39 57 66 68 69 81 87 91 92 
121 124 143 149 162 165 175 179 197 
14
1 7 8 26 27 32 46 63 71 78 107 115 
124 149 
17
3 9 34 46 49 54 101 113 119 126 153 157 
159 175 186 190 191 
18
1 32 33 36 47 62 66 86 91 100 105 111 
118 141 147 149 170 184 
23
7 9 14 26 27 32 33 36 40 41 42 47 
54 59 85 102 118 127 129 146 177 192 194 
21
11 22 23 31 36 37 49 63 66 74 80 82 
87 103 109 119 143 162 166 168 197 
17
4 6 7 12 30 37 38 44 70 73 81 116 
119 123 128 142 198 
24
8 12 16 18 22 31 32 40 53 59 83 84 
87 108 131 134 136 147 156 166 170 177 189 196 
22
5 9 20 30 32 42 48 58 61 69 80 84 
85 92 93 116 119 134 144 175 196 200 
24
2 4 12 18 20 37 60 66 69 77 80 96 
99 114 116 118 148 160 165 166 176 186 192 198 
11
11 12 22 25 55 83 101 123 183 191 197 
15
1 27 41 54 65 68 104 110 120 142 156 171 
178 191 198 
14
10 14 29 32 35 57 72 87 149 185 188 190 
194 195 
21
11 12 18 33 50 54 55 70 75 106 124 137 
140 142 165 173 176 178 181 184 200 
16
9 22 23 36 54 62 64 69 97 126 156 164 
165 172 176 185 
20
5 9 17 24 34 47 69 71 88 93 114 116 
124 127 132 143 158 182 187 189 
22
5 40 43 50 58 78 88 93 94 117 126 136 
145 146 149 161 170 178 179 187 196 200 
18
13 18 22 37 46 69 85 92 100 103 116 138 
154 155 162 174 186 190 
13
55 74 85 105 126 127 141 160 161 174 180 187 
191 
24
5 15 20 23 28 36 42 59 61 64 86 88 
94 101 114 119 122 124 128 144 145 147 195 199 
16
7 41 46 53 54 57 65 73 77 107 116 145 
163 166 185 188 
24
4 7 9 27 34 58 76 77 80 103 104 111 
112 126 132 134 140 146 151 162 164 168 179 192 
23
9 10 16 20 69 96 114 116 117 132 138 139 
140 144 155 171 172 174 180 188 191 194 200 
16
6 39 49 70 77 78 83 88 91 106 121 153 
169 176 181 189 
20
8 22 36 72 82 89 102 103 113 126 128 136 
145 148 157 179 186 187 189 197 
22
3 19 21 23 31 48 52 86 88 94 100 102 
106 109 110 124 130 139 152 153 159 195 
11
6 7 45 47 73 79 85 125 149 177 184 
14
16 34 37 84 87 97 102 103 121 123 132 147 
152 192 
22
8 14 25 31 51 58 64 70 100 101 105 119 
133 139 146 152 158 181 187 190 195 200 
18
21 32 37 59 64 65 74 99 111 134 150 152 
175 184 189 190 195 200 
31
6 18 26 27 32 36 40 42 44 47 55 57 
58 93 95 110 134 137 143 151 154 155 159 165 
168 172 181 183 187 194 200 
22
1 2 8 13 33 52 66 70 72 79 89 90 
91 112 118 127 158 161 178 189 191 198 
20
2 15 17 26 29 48 51 55 75 89 119 121 
134 142 145 157 166 181 184 188 
19
7 8 39 44 59 68 70 79 92 104 113 131 
135 142 143 156 157 164 188 
17
19 20 39 56 68 74 88 89 91 112 127 133 
135 154 160 179 200 
22
7 12 14 26 27 28 39 51 52 53 61 76 
92 110 118 132 136 141 149 159 184 189 
17
10 18 27 43 47 50 58 73 80 85 91 93 
101 120 172 183 192 
13
8 21 49 66 73 87 97 121 124 136 143 167 
168 
16
7 10 29 36 57 77 92 94 97 114 141 154 
174 177 178 197 
20
13 22 30 46 47 69 71 101 102 128 134 135 
146 148 156 158 162 165 185 188 
15
8 57 61 69 86 98 114 130 138 149 150 171 
186 192 200 
20
10 11 24 32 48 60 72 74 91 97 117 118 
132 147 153 156 160 161 166 187 
19
1 2 12 15 21 27 33 38 51 76 85 141 
149 151 165 171 175 183 189 
25
12 16 31 34 35 38 48 54 63 71 73 83 
96 124 127 129 142 166 175 178 179 181 186 191 
198 
10
34 36 37 91 94 122 144 172 192 200 
18
16 17 19 32 37 42 46 52 71 80 83 84 
106 110 113 128 143 192 
18
19 29 47 64 89 105 109 121 146 153 163 167 
174 175 180 184 186 192 
16
21 38 48 52 78 79 99 105 123 149 162 163 
167 173 182 191 
12
15 27 65 69 70 71 85 95 124 156 174 176 
22
20 23 26 30 33 37 47 56 58 63 86 90 
101 106 107 132 150 153 171 179 184 190 
16
26 39 55 67 70 79 85 94 99 120 133 136 
166 175 177 182 
24
3 20 22 33 43 45 64 66 83 84 94 100 
104 108 119 122 139 142 144 149 164 169 170 188 
27
1 2 18 24 31 50 51 59 66 68 87 101 
109 110 111 121 130 138 139 143 144 170 174 176 
178 191 199 
22
2 13 38 57 59 60 72 77 79 83 119 123 
136 138 146 150 155 156 163 166 168 186 
15
28 54 57 58 67 68 75 95 112 121 123 133 
138 139 183 
17
3 31 34 44 47 62 93 94 96 98 105 111 
123 125 128 151 157 
12
14 21 22 38 59 73 75 105 131 133 155 160 
22
9 17 36 41 42 52 53 57 77 86 96 104 
121 124 127 133 138 142 161 170 187 195 
23
1 6 29 38 41 45 54 74 80 86 93 125 
127 136 147 150 162 166 172 183 185 192 195 
14
1 4 6 7 10 11 25 63 74 89 110 179 
187 189 
28
19 33 45 54 60 82 94 105 109 115 118 121 
122 125 137 139 140 141 147 149 150 160 172 179 
187 195 197 198 
24
13 29 37 63 72 86 95 114 118 119 121 133 
138 144 145 148 154 161 163 170 178 180 182 198 
16
4 7 15 24 43 51 52 64 79 114 124 151 
152 158 178 192 
24
4 6 8 10 13 25 71 83 86 98 99 101 
106 114 121 134 148 150 154 169 179 181 187 189 
22
2 27 44 51 54 59 63 69 85 89 94 124 
131 133 139 140 146 167 179 189 196 200 
19
39 46 54 56 63 69 77 82 125 126 132 163 
165 182 185 186 190 194 200 
17
3 27 56 61 76 81 102 120 122 143 144 152 
154 157 185 190 194 
21
2 3 5 18 21 41 46 63 81 87 89 90 
103 130 134 151 154 159 190 191 197 
19
17 40 71 83 84 87 95 97 105 109 111 131 
135 163 172 173 192 195 200 
25
16 20 21 22 25 26 30 33 41 45 48 65 
72 73 78 99 114 142 150 160 161 170 173 174 
193 
15
7 12 23 27 28 41 77 111 125 133 149 158 
173 195 198 
27
19 29 35 41 46 50 54 55 56 57 66 91 
94 95 99 105 106 107 113 118 133 137 146 154 
164 180 200 
16
6 9 26 27 32 40 59 80 103 110 120 145 
158 176 195 199 
25
2 14 58 64 70 73 75 79 81 85 86 101 
105 116 128 132 147 154 158 162 174 178 179 181 
187 
22
4 9 28 30 48 57 70 73 77 80 84 97 
104 113 116 120 137 155 171 180 193 199 
24
1 2 8 10 13 15 24 38 40 54 62 65 
102 124 126 127 132 137 157 174 175 179 183 199 
24
7 8 27 33 34 48 56 57 63 70 79 81 
101 102 113 116 120 124 129 130 131 134 156 174 
24
13 14 29 53 55 56 62 64 74 82 100 124 
128 131 136 141 159 160 165 171 184 186 196 198 
16
4 24 25 26 27 28 35 72 80 109 118 127 
129 162 174 194 
18
17 55 99 101 109 111 115 126 134 138 143 145 
149 154 157 163 179 187 
19
20 22 23 47 63 68 89 100 109 112 128 129 
131 142 145 168 173 177 183 
20
6 15 23 43 45 53 60 80 100 101 106 109 
140 150 154 165 185 191 194 196 
17
6 16 26 68 75 86 88 90 106 118 125 138 
146 161 165 167 196 
24
5 9 14 19 32 38 64 75 90 92 113 114 
125 134 141 143 153 169 170 174 178 187 190 196 
26
1 2 6 13 21 26 33 38 52 78 79 105 
111 119 129 130 137 138 143 146 153 155 159 160 
171 193 
15
18 23 48 57 64 66 72 80 106 122 124 152 
162 177 197 
26
9 17 24 27 30 45 46 49 55 64 72 86 
91 92 102 114 121 124 136 145 153 165 174 187 
193 198 
14
16 22 26 42 79 138 151 153 164 171 179 185 
188 194 
27
9 21 38 39 41 53 62 68 74 86 125 127 
128 134 140 145 155 157 158 161 163 168 169 172 
177 182 196 
19
5 10 17 21 34 56 62 64 74 92 101 109 
110 133 135 143 148 154 167 
10
18 41 63 69 86 112 124 127 195 198 
16
22 46 53 66 83 93 101 106 124 134 154 171 
173 181 194 196 
16
1 7 33 60 83 95 119 136 140 147 155 171 
176 178 185 195 
20
11 18 24 29 30 34 36 41 55 61 66 97 
101 114 116 161 162 181 191 193 
22
3 10 46 64 75 78 82 89 98 113 114 116 
126 139 140 141 143 163 164 173 194 200 
19
10 20 35 43 52 59 63 66 75 78 82 86 
93 111 128 173 174 189 195 
23
13 26 30 33 37 39 57 63 77 85 89 92 
93 95 97 115 118 128 137 149 172 193 200 
14
40 43 77 84 93 103 126 128 129 130 138 141 
164 180 
20
4 13 22 28 31 34 39 40 50 59 63 65 
77 94 111 141 159 171 185 196 
19
6 32 38 39 71 83 85 87 103 116 121 130 
137 157 167 171 175 176 191 
15
11 15 24 35 45 47 52 66 101 121 136 151 
167 171 173 
20
8 14 43 57 61 84 90 91 95 112 119 122 
125 138 152 162 163 168 188 197 
14
47 61 63 88 93 99 117 143 150 161 163 172 
176 186 
26
11 19 23 24 31 40 46 51 53 62 67 81 
95 96 108 113 118 150 152 154 168 169 179 185 
189 194 
28
3 10 21 23 26 30 34 38 44 50 85 88 
90 121 122 125 138 152 161 162 166 167 168 173 
179 184 186 194 
21
8 9 21 24 28 47 53 79 92 100 121 132 
133 136 137 149 155 157 175 178 193 
25
23 24 28 34 43 50 56 70 82 85 91 117 
121 142 146 159 163 165 166 170 174 180 188 192 
197 
18
4 15 17 21 48 59 61 67 72 82 94 100 
118 138 151 158 170 177 
26
1 4 10 44 50 62 73 74 76 77 80 82 
85 90 94 98 103 105 120 150 162 170 178 180 
189 196 
18
1 22 36 50 68 70 82 99 107 108 122 139 
140 156 158 165 171 180 
20
3 31 33 70 76 81 85 90 119 122 136 153 
166 168 176 180 188 189 191 195 
14
14 48 56 82 88 100 105 110 111 117 133 162 
169 182 
27
2 10 29 34 36 43 52 56 57 72 87 104 
106 107 110 111 122 126 131 145 169 179 184 187 
195 197 198 
15
2 5 14 71 94 117 147 151 162 169 170 187 
190 193 194 
15
19 30 34 59 77 80 81 83 113 130 137 142 
145 180 197 
18
11 22 34 50 55 71 73 94 95 96 133 134 
138 146 153 164 184 188 
23
5 7 21 29 33 47 53 72 81 83 106 109 
120 129 132 150 155 159 160 164 183 186 188 
18
3 16 21 25 36 59 65 74 81 95 110 158 
159 167 168 182 194 195 
21
20 23 43 47 89 91 108 113 122 139 151 155 
159 171 175 176 177 179 186 188 190 
23
9 10 11 19 21 22 23 30 38 39 54 62 
67 69 89 123 133 139 172 181 182 183 192 
25
3 4 8 10 13 26 27 31 36 53 63 67 
68 72 74 86 89 101 103 143 147 149 152 172 
178 
22
2 5 13 24 34 40 53 65 70 73 84 95 
99 145 148 153 155 156 165 167 190 195 
21
17 30 34 39 40 41 55 64 69 79 85 90 
103 105 112 140 155 159 165 166 182 
21
6 11 14 27 31 37 71 85 89 92 107 128 
135 149 161 169 170 175 187 193 196 
20
5 15 39 44 54 59 67 72 78 96 104 121 
125 131 137 140 170 173 176 177 
14
22 23 24 25 41 48 88 104 105 129 139 178 
193 199 
20
6 11 12 27 37 40 49 53 78 81 82 91 
108 112 117 121 154 163 166 200 
18
3 4 5 30 48 107 122 131 132 136 139 143 
146 155 157 173 174 179 
23
1 3 52 53 64 69 71 76 84 85 88 108 
134 136 146 164 175 179 193 194 196 199 200 
14
19 27 32 50 69 90 94 109 112 124 133 135 
144 174 
21
1 5 9 14 36 46 49 51 55 56 65 85 
90 97 98 106 135 146 156 195 200 
23
10 30 33 42 48 49 53 58 63 71 88 101 
111 117 118 141 142 157 168 172 174 177 188 
14
1 7 25 32 59 65 76 83 86 134 147 155 
188 190 
17
8 42 46 88 98 100 114 117 124 132 141 148 
166 168 171 182 199 
21
7 8 14 36 40 47 49 51 52 68 87 119 
125 141 143 156 159 160 178 182 192 
24
10 18 22 32 34 46 56 70 72 75 90 96 
99 103 108 111 116 118 134 152 171 189 198 200 
22
8 12 18 23 27 31 53 66 67 68 82 88 
90 91 138 145 169 173 178 179 182 191 
18
19 23 29 35 37 57 59 68 95 111 113 119 
146 157 170 174 184 200 
32
6 11 13 21 22 30 37 42 46 60 73 86 
89 91 104 106 108 116 127 130 132 136 139 146 
151 155 161 164 170 174 182 188 
23
26 29 31 39 44 49 68 70 71 92 96 110 
117 128 130 133 145 152 156 160 162 166 194 
15
1 8 11 40 79 131 132 133 160 162 169 177 
187 190 196 
14
8 14 31 41 56 57 58 93 95 111 133 137 
140 166 
18
1 23 37 42 45 50 52 63 79 89 100 105 
110 133 134 140 166 188 
18
12 23 39 41 46 55 64 71 82 83 88 117 
141 146 172 174 177 190 
24
3 4 28 52 54 92 111 112 123 132 135 143 
153 155 161 165 166 169 179 180 184 186 197 200 
15
15 16 22 42 48 63 81 82 126 128 138 151 
153 161 200 
18
2 4 12 21 22 27 30 48 71 72 79 81 
115 120 125 148 154 196 
22
3 10 22 33 35 39 53 58 64 70 74 103 
105 118 154 157 162 164 165 167 186 192 
22
10 13 17 21 28 31 51 73 79 92 100 108 
129 134 136 144 163 167 173 174 176 184 
22
8 16 20 37 46 51 97 101 106 124 134 135 
138 155 156 158 159 162 182 190 195 197 
26
16 22 43 45 46 48 49 53 79 86 90 96 
98 103 106 107 110 119 123 140 144 149 154 155 
190 195 
24
20 35 40 48 62 67 76 95 104 105 127 129 
135 139 144 146 154 160 166 168 177 181 188 199 
19
23 24 36 42 43 65 71 74 81 89 93 94 
95 99 111 138 144 161 185 
14
4 15 17 29 60 63 74 84 109 113 126 154 
186 187 
20
3 9 13 44 49 57 61 65 66 72 73 75 
84 86 128 144 145 152 153 155 
18
2 5 13 35 43 44 45 48 55 91 101 121 
126 159 160 162 176 190 
23
34 35 38 63 66 67 68 80 87 102 114 119 
123 137 153 158 159 161 164 167 168 176 182 
26
17 32 33 41 46 47 54 62 74 80 82 83 
85 141 152 155 163 167 169 170 172 177 182 186 
197 199 
18
23 27 33 46 63 90 99 108 111 128 133 142 
150 176 189 195 197 198 
15
29 35 39 42 43 61 65 69 78 80 97 101 
124 145 160 
19
13 18 23 30 33 43 49 54 57 58 59 60 
76 115 136 149 158 166 194 
23
6 52 65 77 86 89 92 108 115 117 131 133 
136 138 147 157 158 160 164 172 182 184 191 
21
3 12 13 14 30 34 49 57 60 73 82 103 
113 122 147 154 155 173 182 184 191 
19
3 13 29 35 72 80 84 86 90 108 110 125 
132 135 141 153 163 167 199 
17
31 32 37 51 54 82 93 94 101 104 105 110 
131 137 144 189 200 
27
13 20 21 38 41 44 47 53 73 74 79 83 
84 90 97 107 121 130 133 155 158 174 176 180 
183 185 195 
21
10 27 45 48 50 57 59 67 79 84 89 99 
108 111 115 118 161 178 191 194 196 
18
33 52 58 61 70 79 104 106 122 124 126 128 
132 133 148 176 186 187 
15
4 17 19 77 112 114 122 151 155 158 175 181 
183 187 197 
15
20 28 36 94 101 119 120 131 132 142 148 172 
177 180 190 
24
3 10 16 23 25 27 28 38 44 47 60 64 
79 88 94 113 118 131 134 160 165 185 190 195 
23
7 39 45 62 68 72 76 83 84 108 109 121 
124 134 146 151 156 159 162 170 177 181 189 
22
27 33 38 41 51 53 57 76 77 96 98 110 
119 125 140 141 147 157 162 165 169 177 
22
20 22 47 63 70 73 74 85 105 112 116 128 
139 140 143 144 167 177 191 194 195 198 
19
3 9 24 27 37 53 60 85 91 97 99 115 
130 163 164 169 179 187 197 
18
3 9 13 20 33 42 51 54 65 69 94 98 
108 119 123 176 191 198 
22
6 14 18 39 45 58 64 65 66 81 86 120 
122 133 135 136 141 146 150 162 167 185 
22
1 21 29 30 32 39 40 41 62 65 73 80 
96 108 125 166 171 173 183 187 188 196 
21
1 11 16 32 43 44 45 62 70 72 90 100 
102 107 115 116 164 177 181 182 185 
22
15 22 28 29 33 43 53 61 64 69 73 81 
99 115 117 119 136 139 145 152 166 199 
20
26 32 34 62 79 80 82 84 96 102 110 114 
134 136 140 155 157 163 170 172 
20
1 33 48 49 61 63 68 75 80 81 91 92 
120 133 137 146 182 183 190 193 
18
2 4 12 14 16 27 57 61 75 93 118 119 
137 159 167 190 192 197 
15
1 6 18 25 28 41 50 54 60 63 73 95 
97 103 190 
26
13 16 18 22 33 51 67 73 75 79 87 88 
93 101 103 104 106 109 114 135 145 146 151 158 
166 184 
15
8 21 25 37 46 67 75 86 87 99 104 120 
178 193 195 
22
18 29 33 40 44 46 57 78 84 93 94 97 
102 124 152 172 181 182 183 188 190 191 
23
1 5 7 44 55 58 63 64 66 69 77 101 
103 119 133 136 139 145 152 158 161 172 195 
25
22 43 44 45 47 70 71 78 79 81 88 96 
102 110 113 128 129 136 146 151 153 163 164 175 
189 
15
7 30 45 57 65 83 113 124 140 154 155 162 
167 168 178 
20
3 12 17 30 31 34 39 40 45 53 87 94 
104 110 112 115 144 151 167 187 
20
7 10 15 39 47 59 60 70 81 97 126 128 
146 151 154 163 165 180 188 192 
21
25 39 44 50 55 57 59 92 100 107 127 128 
139 141 143 145 153 157 162 193 196 
17
3 4 30 33 51 54 55 89 93 103 128 139 
141 156 181 187 188 
16
6 14 34 37 49 68 73 85 95 105 111 118 
141 172 179 190 
24
1 20 26 35 55 65 67 83 84 86 91 112 
120 123 129 138 144 166 169 172 175 181 197 200 
19
3 4 29 34 53 62 87 89 112 114 127 141 
147 162 163 177 186 198 200 
22
12 13 27 38 50 58 73 83 91 97 98 106 
108 120 131 134 141 156 166 175 187 192 
15
10 19 41 47 55 61 89 94 95 130 150 152 
161 178 180 
21
15 16 22 27 55 64 89 101 107 140 141 142 
144 150 152 155 164 171 172 186 199 
26
7 9 11 19 27 35 36 39 47 59 70 71 
77 83 94 108 110 121 131 134 150 160 170 176 
179 197 
20
4 25 27 43 46 52 69 80 84 87 107 114 
140 152 154 166 171 180 185 197 
28
6 21 27 41 50 62 66 68 72 76 82 90 
101 102 108 109 117 124 130 137 141 159 164 168 
182 185 192 197 
24
40 41 42 44 54 55 80 89 90 92 98 99 
117 121 154 155 160 164 167 177 178 179 182 185 
17
17 22 41 81 83 88 106 109 118 121 147 157 
168 190 192 197 198 
18
11 18 22 43 57 78 86 108 109 112 131 132 
133 137 144 152 183 198 
16
9 19 33 52 55 74 89 104 109 112 124 142 
150 178 181 186 
18
4 15 19 30 60 78 82 88 119 120 141 158 
159 165 169 185 188 189 
18
9 11 27 46 48 60 83 91 99 107 135 149 
154 166 168 187 191 198 
24
19 26 32 44 52 54 60 64 68 71 76 79 
84 91 92 107 109 110 130 133 158 177 179 192 
24
10 14 15 18 20 22 23 30 46 54 78 83 
84 89 101 109 116 125 137 163 170 174 178 181 
29
2 7 9 22 23 32 44 53 58 61 81 86 
88 94 121 123 124 136 138 147 157 160 167 169 
177 181 183 198 199 
15
43 47 67 85 99 109 111 127 131 143 146 149 
152 153 182 
20
5 23 24 30 34 83 85 92 105 115 122 124 
141 144 145 150 153 171 185 197 
12
22 28 43 76 87 106 116 154 159 164 173 187 
16
14 20 29 35 54 58 73 84 107 114 115 129 
174 185 188 195 
20
18 21 44 79 86 88 90 96 107 119 120 132 
141 148 150 154 155 161 181 195 
23
4 24 37 38 55 57 59 61 66 67 69 81 
86 88 112 130 149 156 171 178 184 191 195 
20
12 17 20 41 46 53 61 71 75 92 97 107 
109 113 122 123 125 133 155 195 
29
6 13 21 61 63 70 75 77 78 84 87 88 
92 97 112 121 129 130 140 145 150 152 155 157 
168 180 182 189 196 
20
9 10 30 49 50 69 71 74 81 92 94 103 
113 132 137 150 167 177 178 197 
23
6 40 56 59 66 77 79 98 99 100 104 105 
112 115 118 139 146 169 170 173 174 178 200 
23
6 9 24 36 49 59 73 75 87 102 104 105 
110 113 114 119 123 133 144 148 184 191 194 
19
15 34 38 59 67 72 74 75 80 88 92 108 
109 110 111 123 125 188 190 
20
16 17 23 24 32 33 39 55 73 76 79 90 
108 123 126 140 154 166 170 171 
25
1 18 20 43 44 64 65 71 74 96 103 105 
107 111 118 125 130 132 140 143 159 167 177 195 
199 
16
41 43 46 49 78 80 83 107 123 124 136 163 
169 171 177 191 
25
2 9 46 47 63 72 78 90 92 114 118 119 
123 134 144 159 160 161 176 178 183 188 190 194 
199 
22
27 38 45 47 57 65 80 83 85 86 94 109 
142 143 171 173 174 177 179 185 193 195 
26
1 14 27 36 48 57 60 70 73 78 83 87 
88 93 94 96 109 112 116 140 145 152 156 163 
166 174 
20
6 11 12 13 17 28 49 56 73 82 96 98 
124 134 141 147 149 152 158 181 
20
1 5 15 21 32 35 36 64 83 89 91 95 
99 121 135 140 141 143 152 176 
23
32 34 35 45 51 52 53 65 79 93 103 110 
111 113 114 129 164 168 174 193 194 195 200 
18
11 19 24 46 51 58 62 67 75 98 107 145 
148 156 163 167 173 199 
19
1 6 11 37 55 66 74 82 83 93 106 116 
129 137 138 167 173 180 184 
21
15 18 21 29 34 42 46 48 50 57 60 83 
85 120 135 156 158 162 166 182 185 
31
5 8 9 18 22 23 28 52 56 61 62 63 
83 89 98 107 111 115 116 117 129 133 150 161 
163 172 173 176 183 195 200 
15
13 14 22 36 65 67 75 78 138 177 185 188 
189 192 193 
25
3 10 17 22 29 39 45 64 66 68 76 79 
84 94 100 105 124 135 148 159 160 166 168 171 
198 
28
2 3 9 17 28 33 36 49 53 69 70 76 
82 100 101 104 109 135 137 146 148 149 157 158 
164 166 176 184 
15
3 17 32 34 67 88 96 101 108 134 148 159 
186 195 197 
28
5 29 31 36 58 63 64 68 75 79 82 87 
88 95 117 143 145 153 154 161 162 173 176 179 
182 187 191 195 
25
5 13 17 21 40 44 47 49 56 64 81 83 
99 104 114 115 117 124 129 130 131 132 151 180 
194 
18
19 22 49 56 58 73 85 92 112 133 141 156 
160 167 168 169 181 186 
21
8 13 19 27 40 65 68 83 131 132 136 144 
147 150 151 162 169 181 189 193 195 
22
4 10 18 28 40 47 57 59 61 62 73 75 
83 85 112 117 135 161 163 189 191 192 
18
2 24 42 45 60 67 90 95 104 106 107 114 
132 161 164 172 188 195 
22
2 11 25 46 56 66 67 71 84 87 88 101 
104 117 127 134 153 155 162 164 169 189 
20
6 22 41 74 75 78 88 92 94 95 118 120 
122 141 145 165 176 180 182 196 
15
17 24 27 41 49 65 72 77 84 102 113 129 
143 171 172 
18
1 11 15 30 35 44 48 71 79 91 101 108 
137 139 140 146 173 185 
15
3 32 72 92 105 118 134 136 145 148 149 167 
170 173 200 
19
24 32 40 44 67 68 74 76 91 97 107 109 
131 137 164 170 189 191 198 
25
11 13 16 18 26 27 28 37 46 50 53 74 
95 106 110 126 139 143 146 152 155 179 187 190 
191 
20
12 13 18 32 35 43 44 47 55 61 69 117 
126 128 154 157 169 173 183 188 
16
5 23 35 47 53 54 55 89 109 128 150 153 
155 156 184 191 
22
11 15 26 42 60 65 71 77 84 86 88 95 
96 128 132 141 142 158 162 177 180 184 
19
4 5 9 51 56 59 62 75 78 81 99 102 
110 114 117 126 138 148 189 
20
1 23 25 32 34 36 61 72 76 78 88 89 
90 96 106 109 115 124 131 156 
15
10 46 57 58 65 106 107 110 131 157 166 182 
188 194 199 
17
12 35 37 48 54 95 97 102 103 113 136 156 
183 185 186 187 192 
31
7 8 15 16 23 31 34 49 50 52 63 76 
78 104 108 121 129 138 140 144 145 158 170 173 
176 181 182 185 187 195 200 
20
12 14 32 36 44 45 75 99 100 111 126 137 
148 157 170 172 173 180 194 197 
23
6 20 27 40 47 56 57 59 60 72 94 99 
122 138 149 157 163 164 174 180 185 197 198 
26
6 10 17 20 24 27 30 35 50 65 82 85 
91 93 96 108 114 145 146 147 152 161 162 175 
186 199 
13
6 10 16 18 19 30 32 52 68 107 127 129 
140 
20
3 8 16 38 51 57 72 73 79 107 115 119 
140 142 151 152 160 179 193 195 
25
1 21 26 54 76 80 81 84 85 89 90 93 
99 114 117 119 148 149 164 180 182 186 192 193 
199 
14
18 43 71 87 90 112 115 116 119 126 135 140 
147 171 
17
19 38 40 73 79 81 123 126 134 148 150 154 
165 168 183 196 200 
20
4 11 12 23 46 48 50 59 81 105 107 111 
115 124 140 147 150 160 174 192 
18
26 58 59 63 65 68 77 92 93 115 119 132 
134 136 161 189 190 192 
19
5 10 17 38 40 50 53 63 70 80 83 91 
98 110 134 136 149 159 180 
24
10 11 15 19 22 25 29 35 49 53 76 90 
91 97 101 105 124 143 155 156 162 163 172 179 
22
6 12 13 18 20 22 43 59 60 86 93 96 
99 102 110 144 146 156 171 173 176 191 
22
20 27 38 40 43 59 64 68 72 78 80 88 
116 127 130 147 151 152 179 190 191 193 
22
7 28 29 37 51 58 60 62 73 79 104 116 
132 140 148 155 161 163 170 171 179 183 
25
5 14 29 30 31 36 40 47 55 75 79 83 
91 104 112 123 136 140 141 150 155 178 184 185 
195 
17
26 29 30 31 48 49 65 68 70 78 88 103 
113 150 167 183 195 
17
8 24 56 61 63 72 75 76 94 128 143 144 
152 191 192 198 200 
20
3 10 12 13 17 22 24 35 36 38 48 55 
61 96 124 125 129 156 172 176 
23
4 21 27 30 35 36 37 39 70 85 97 98 
105 123 129 133 155 164 176 181 182 186 197 
19
1 15 21 29 38 60 62 73 80 83 109 128 
133 158 163 169 174 180 185 
19
11 23 30 33 41 55 69 75 85 87 107 118 
138 140 145 162 178 185 194 
28
5 9 10 11 13 24 26 29 33 37 41 42 
71 72 73 89 103 105 114 116 121 128 138 144 
152 163 165 196 
17
1 7 17 33 42 66 102 143 147 152 155 157 
170 177 178 186 191 
16
4 6 27 32 96 122 130 150 152 166 167 177 
179 183 186 193 
16
4 7 14 39 58 63 81 83 139 140 146 163 
169 170 181 193 
24
14 19 22 38 43 53 58 83 90 103 104 106 
107 109 124 137 144 152 153 156 167 172 176 195 
19
17 27 43 51 56 61 73 83 88 98 101 103 
105 131 149 158 164 175 188 
23
11 16 29 37 68 69 73 84 86 116 122 133 
140 151 155 157 161 164 168 182 184 189 200 
22
2 13 14 21 28 30 35 46 59 89 97 107 
120 133 139 147 148 158 162 182 187 196 
20
5 10 21 43 51 61 80 82 92 94 99 109 
122 131 146 168 187 190 192 198 
24
6 8 9 27 29 33 36 38 44 52 60 61 
84 86 92 96 110 141 147 157 164 168 187 189 
19
6 18 21 34 40 52 60 79 83 98 103 119 
131 150 167 170 176 179 188 
20
2 15 18 26 47 84 85 88 90 100 116 130 
134 143 150 151 152 178 185 194 
10
31 59 62 79 81 158 165 169 185 191 
17
9 19 20 64 75 91 95 104 119 132 156 163 
175 179 182 191 192 
18
18 30 37 45 46 53 63 68 75 108 139 151 
159 160 162 179 182 199 
17
5 7 21 23 43 45 61 74 75 85 101 120 
130 137 158 185 187 
23
7 12 13 15 26 31 47 48 57 65 85 87 
94 95 123 128 151 153 158 161 174 187 192 
13
6 14 16 22 28 56 59 77 91 95 112 114 
195 
24
5 7 11 26 37 53 65 67 76 88 93 95 
100 106 108 115 128 130 136 137 149 191 196 197 
17
9 21 22 29 45 55 77 108 116 142 143 146 
150 155 169 171 178 
21
8 10 12 13 23 29 52 64 73 76 78 84 
100 103 127 134 170 171 176 188 200 
22
14 15 23 31 35 54 55 72 73 94 97 103 
109 112 129 135 136 148 161 162 179 200 
23
21 27 39 41 46 62 67 71 72 88 92 114 
132 146 148 155 159 166 172 174 182 185 195 
19
2 19 36 58 74 76 77 85 86 104 113 117 
130 133 144 162 164 189 198 
14
17 24 35 45 65 88 90 94 109 123 127 171 
185 189 
18
25 28 33 71 81 87 90 102 105 110 111 166 
168 170 174 190 191 196 
22
5 15 19 27 33 41 49 55 57 59 65 77 
84 86 99 103 122 130 137 157 175 183 
18
7 23 24 26 29 30 44 46 48 57 92 98 
100 102 117 132 184 188 
15
23 25 42 58 59 60 73 85 94 131 153 163 
169 188 196 
24
16 21 24 25 33 51 56 60 71 76 85 95 
101 102 117 124 130 132 138 145 164 165 183 199 
19
37 47 51 63 73 79 92 97 107 117 124 125 
129 132 139 149 183 185 191 
21
1 14 29 49 65 66 69 75 81 86 93 122 
126 136 138 145 150 160 167 179 195 
19
3 17 33 40 43 44 46 60 62 91 123 127 
131 146 171 175 178 193 195 
17
21 28 31 37 38 39 56 122 124 135 136 141 
149 175 178 180 188 
22
6 15 16 22 39 49 64 77 79 90 101 104 
116 118 122 141 148 168 171 192 194 195 
25
5 8 31 33 47 51 56 59 61 63 91 110 
114 117 118 124 130 137 141 143 159 164 172 185 
195 
17
4 12 23 40 52 57 87 97 103 120 127 129 
131 146 165 166 187 
19
8 22 23 28 32 47 67 89 95 102 105 107 
109 118 133 151 169 175 184 
13
7 25 54 64 70 84 95 114 162 166 191 193 
195 
18
9 14 51 54 58 59 68 93 98 118 124 134 
148 155 168 174 181 191 
20
6 13 44 54 70 77 84 92 101 124 132 141 
147 159 163 169 174 178 186 195 
23
4 12 27 40 64 65 68 69 92 108 116 118 
124 127 128 133 136 150 160 172 179 188 189 
18
2 9 29 30 38 49 56 59 65 103 107 111 
141 143 151 162 171 193 
20
8 23 25 38 47 70 75 92 101 106 135 148 
152 155 161 164 166 170 182 190 
21
17 20 23 29 42 59 66 75 79 97 104 115 
127 128 152 154 156 161 164 180 191 
29
1 2 3 9 16 24 30 39 48 52 54 69 
71 73 83 84 96 122 124 130 134 158 159 172 
174 178 179 194 195 
15
1 2 15 18 22 23 38 39 47 93 95 141 
183 196 198 
21
4 44 45 48 50 67 68 97 100 114 115 120 
131 138 150 157 171 178 182 189 197 
23
13 16 23 37 38 40 41 54 70 81 85 94 
114 128 129 134 146 160 167 191 192 199 200 
14
26 37 55 65 67 88 103 106 124 137 152 159 
191 193 
23
5 20 27 29 50 65 72 75 78 92 97 104 
107 109 110 118 122 126 135 141 181 186 187 
23
3 7 41 46 52 56 58 60 76 77 85 93 
109 110 115 118 125 127 134 140 147 165 188 
12
4 5 15 24 40 54 107 133 153 167 181 190 
16
5 11 22 28 38 75 92 108 128 143 148 153 
159 170 176 178 
29
8 9 16 26 51 55 58 67 76 81 85 103 
106 112 119 124 125 133 138 159 162 174 175 176 
179 180 191 193 195 
17
1 21 24 84 86 95 104 112 115 127 152 161 
172 180 182 194 196 
16
1 20 25 33 47 49 91 113 128 129 152 160 
186 188 190 195 
23
27 30 39 45 53 57 83 88 97 99 106 111 
115 125 131 146 167 174 180 189 191 193 194 
19
3 11 26 31 75 77 79 84 95 104 108 113 
128 133 141 157 174 181 190 
21
18 36 39 40 55 64 82 94 95 106 111 121 
124 138 144 145 149 156 166 187 195 
15
19 60 65 74 89 100 109 153 154 157 168 183 
185 194 198 
19
29 45 69 82 95 96 97 105 109 125 126 133 
136 138 166 167 184 186 195 
18
4 5 13 17 31 45 46 47 89 108 122 127 
137 151 162 163 165 185 
18
8 27 36 62 88 90 102 115 120 130 132 136 
157 160 168 189 192 198 
23
10 12 16 21 27 31 41 43 44 48 75 77 
109 123 127 128 130 150 160 165 170 172 199 
28
5 6 13 14 24 26 44 46 49 54 58 64 
68 85 88 102 114 133 142 146 147 157 158 167 
173 179 184 186 
26
4 15 24 29 41 49 51 53 69 71 73 92 
95 98 100 108 115 122 145 161 166 172 188 189 
190 195 
15
10 27 34 65 76 93 99 110 118 136 141 145 
175 180 198 
18
5 7 20 39 45 52 108 112 119 130 136 144 
145 170 184 188 192 199 
29
2 5 13 16 22 28 29 50 56 59 60 61 
72 73 89 105 120 125 127 130 148 164 168 173 
174 182 186 188 192 
19
5 6 23 39 44 50 52 83 91 102 116 139 
153 154 158 163 174 179 191 
17
11 32 45 72 75 83 97 99 102 123 141 145 
152 165 175 180 200 
21
5 32 43 44 47 55 91 92 97 103 117 121 
123 124 140 148 160 166 180 194 195 
12
10 81 88 92 94 119 149 150 153 155 178 190 
16
19 25 36 52 73 103 105 116 118 132 142 145 
147 156 179 182 
14
9 14 42 50 59 88 131 133 137 145 162 164 
197 198 
36
3 6 8 9 15 18 21 27 43 50 54 71 
77 80 85 94 96 100 107 108 113 117 124 128 
129 133 139 150 165 166 168 175 176 182 190 195 
15
11 24 51 58 60 87 90 107 130 150 170 183 
185 187 195 
16
5 11 74 76 99 102 104 151 159 163 164 173 
179 183 190 195 
19
17 19 37 40 50 58 66 68 98 104 128 129 
137 158 159 172 177 184 191 
22
17 32 36 37 38 46 60 61 71 74 81 82 
96 99 105 121 129 138 140 148 163 185 
19
1 23 44 46 92 93 99 101 109 116 122 124 
125 138 161 173 177 181 189 
25
23 38 44 45 57 64 78 117 122 124 127 132 
142 143 144 145 157 161 166 172 175 180 181 184 
193 
24
1 13 27 28 30 31 32 40 45 49 72 73 
83 87 105 112 114 139 172 183 188 191 192 199 
26
3 9 15 22 30 32 34 49 50 51 57 73 
74 76 90 91 97 102 111 136 143 171 173 180 
182 200 
19
6 7 31 48 76 90 114 116 117 121 123 135 
140 169 173 179 192 195 199 
24
3 8 25 34 39 51 54 72 76 85 91 92 
97 104 108 116 123 149 162 168 173 176 180 192 
17
18 29 31 57 70 77 80 96 106 113 117 130 
138 155 158 179 194 
17
19 30 33 43 53 64 88 113 125 135 139 141 
145 161 173 193 195 
20
7 30 48 61 69 71 77 81 86 101 105 125 
128 130 133 139 155 170 182 196 
16
12 22 33 41 54 57 58 69 98 124 134 137 
142 162 175 194 
23
2 10 29 34 37 40 45 47 50 68 91 103 
108 120 130 132 135 141 145 157 183 193 194 
15
10 13 16 31 55 66 112 121 126 129 152 155 
174 176 187 
18
13 18 32 33 44 63 69 73 77 82 84 87 
94 96 110 139 154 161 
18
14 64 75 89 94 113 118 144 146 158 161 164 
180 185 186 189 197 198 
19
9 24 42 47 61 62 72 85 86 90 96 127 
128 135 152 171 174 177 199 
22
9 10 16 25 46 51 55 58 59 74 86 97 
110 119 133 138 163 169 175 177 189 198 
21
3 15 33 41 44 52 73 76 79 82 84 91 
96 99 112 116 139 141 176 187 189 
18
5 7 8 23 42 54 74 86 88 124 142 144 
152 162 170 171 172 194 
15
14 27 36 39 67 82 83 85 88 125 137 142 
159 161 193 
20
14 15 25 34 44 48 49 89 93 107 129 144 
157 167 168 170 172 176 181 194 
19
7 9 16 20 30 61 67 101 102 109 111 123 
144 153 158 161 166 176 197 
27
4 9 11 16 19 22 23 24 25 39 41 56 
57 62 68 86 93 107 120 125 128 133 136 142 
143 155 192 
11
20 58 61 108 115 117 118 120 164 180 196 
19
8 29 40 57 61 73 80 81 82 87 145 147 
177 180 183 185 191 192 196 
18
20 22 25 32 34 55 59 63 67 77 82 100 
102 131 133 153 179 195 
12
24 33 47 59 110 111 119 124 133 150 159 194 
20
11 18 19 20 22 29 34 37 38 45 53 54 
67 76 89 90 129 140 141 179 
13
6 48 71 84 97 113 123 130 155 184 191 195 
197 
20
4 13 28 41 64 74 105 116 117 120 129 140 
144 161 169 170 181 182 187 195 
15
16 18 40 55 80 89 100 115 122 127 138 144 
147 160 193 
23
4 7 20 37 71 83 92 96 105 108 114 116 
117 127 138 150 151 152 153 159 186 189 198 
21
4 9 14 38 42 49 57 66 82 96 116 125 
127 128 137 138 142 150 166 173 186 
16
9 28 33 50 61 67 97 104 133 134 146 158 
162 163 173 185 
25
6 7 8 33 41 52 58 78 97 104 109 118 
122 134 135 147 154 159 162 163 173 179 194 199 
200 
21
35 40 41 45 62 73 79 87 88 93 97 115 
118 121 131 146 150 155 156 181 182 
14
13 20 41 74 77 91 95 121 132 139 143 144 
171 182 
19
4 7 27 30 39 72 77 117 123 133 139 151 
157 161 171 173 176 177 195 
15
18 32 53 58 71 78 87 98 118 128 140 153 
160 168 173 
16
16 21 32 40 47 94 117 139 143 151 157 164 
165 171 181 192 
15
18 19 30 61 71 74 83 94 104 147 154 167 
169 177 200 
21
1 3 7 10 18 20 38 49 50 59 63 76 
81 89 105 109 124 165 179 193 199 
13
3 60 80 82 103 124 149 156 166 172 174 178 
188 
21
5 35 40 55 69 72 77 89 116 132 137 159 
160 166 168 174 175 177 183 187 199 
12
9 22 25 26 32 39 65 74 133 153 156 167 
19
45 48 54 58 63 66 81 84 94 100 101 108 
109 124 130 135 161 184 197 
10
10 25 75 91 96 110 143 144 174 180 
19
3 22 26 34 35 37 45 47 53 79 81 88 
89 96 141 149 162 169 200 
17
1 4 16 22 23 30 40 43 65 72 111 127 
133 166 169 189 191 
14
9 17 46 48 68 70 77 79 106 118 134 159 
177 180 
18
10 11 21 22 23 24 40 41 43 57 99 108 
112 123 137 141 156 174 
19
4 14 16 23 62 74 98 106 107 108 111 122 
143 168 169 172 180 197 199 
15
6 10 13 14 24 50 58 78 108 143 154 160 
172 192 198 
26
2 3 4 23 28 41 45 51 55 62 69 70 
74 82 83 90 97 107 121 134 137 150 155 185 
187 196 
20
15 21 31 39 51 71 75 77 82 100 123 124 
140 157 158 159 163 167 174 177 
15
14 18 23 32 45 54 78 92 95 102 106 117 
146 172 176 
17
20 22 27 34 42 49 56 62 92 103 139 144 
149 158 161 166 170 
18
27 42 57 60 65 68 75 91 102 115 119 120 
129 145 151 163 185 192 
24
19 23 25 31 39 47 53 68 90 99 106 120 
133 143 144 153 161 170 173 180 182 185 189 197 
21
3 24 28 43 61 78 82 86 107 113 115 124 
128 150 163 167 170 171 175 188 192 
20
4 30 43 48 56 59 78 84 86 88 90 98 
103 110 118 120 134 135 144 196 
15
8 13 19 22 38 50 51 57 59 73 123 138 
139 146 154 
13
26 78 80 93 99 117 131 132 158 195 196 197 
198 
16
5 34 58 67 77 84 88 113 115 124 144 153 
160 177 180 184 
8
53 55 77 84 95 96 109 132 
16
15 22 37 40 64 68 74 76 83 89 119 165 
167 173 177 178 
14
9 13 16 23 35 44 64 65 66 106 121 135 
141 158 
10
33 50 55 58 61 62 116 119 194 200 
13
5 45 70 84 107 120 123 127 137 138 145 172 
200 
19
12 16 19 28 63 81 86 102 106 107 114 117 
118 139 143 153 157 163 172 
31
4 18 21 28 29 40 42 45 47 49 57 65 
67 73 88 95 107 121 124 131 132 138 139 140 
142 162 165 166 189 190 200 
25
6 23 24 26 37 38 48 51 65 71 74 76 
78 85 90 92 100 109 110 126 127 165 176 188 
194 
18
6 11 34 37 52 57 58 61 67 90 93 108 
126 139 151 179 181 190 
13
1 9 20 22 71 72 82 86 100 111 147 195 
198 
23
3 7 15 18 24 32 46 59 60 72 75 106 
107 109 117 128 174 177 181 183 184 190 194 
21
3 5 6 15 30 45 56 59 66 70 79 88 
91 94 113 121 125 142 146 174 193 
24
28 40 46 58 61 77 83 97 99 106 109 112 
113 115 122 128 133 135 140 151 152 153 191 193 
28
11 18 23 28 30 33 36 45 53 57 59 69 
82 102 107 114 119 124 127 130 137 144 150 162 
165 177 178 197 
19
5 7 24 48 49 94 122 123 135 139 148 149 
150 152 156 158 162 171 189 
13
16 28 41 43 60 79 96 101 104 119 146 172 
173 
19
10 16 51 84 86 91 104 109 112 120 132 151 
155 156 164 177 179 187 196 
15
20 33 39 42 74 80 113 117 146 152 157 164 
165 174 181 
19
5 22 44 45 52 55 73 79 93 100 106 108 
122 129 142 156 161 176 196 
19
3 5 9 34 35 44 45 47 59 71 75 103 
113 145 159 161 165 193 197 
17
5 16 27 32 38 96 109 116 136 138 139 148 
149 162 163 165 193 
23
10 20 29 31 43 63 67 71 73 77 82 101 
107 113 122 126 145 157 160 161 167 189 198 
18
18 32 44 63 71 85 93 114 126 132 139 149 
156 157 164 184 186 194 
18
29 42 56 65 66 68 82 94 109 124 125 130 
132 151 170 181 182 196 
19
30 46 66 72 74 82 99 105 109 116 117 118 
120 144 148 162 173 178 180 
18
6 17 43 46 56 81 83 120 124 127 132 135 
140 148 162 168 179 186 
22
11 13 15 36 40 63 67 87 99 104 107 108 
131 142 144 147 163 178 179 184 188 198 
20
7 8 9 25 40 47 55 58 70 91 94 117 
118 122 132 140 149 158 184 199 
13
63 81 99 116 123 124 126 137 142 174 178 182 
191 
18
18 42 45 50 64 87 95 129 130 136 137 138 
154 160 166 177 182 193 
21
2 23 37 38 41 62 69 73 91 102 124 129 
131 139 150 159 169 179 182 186 190 
19
9 40 43 49 58 85 86 107 108 126 131 139 
156 161 163 169 178 181 192 
14
15 40 63 65 105 110 117 122 143 158 161 169 
181 184 
21
11 13 19 41 43 46 66 71 80 101 102 106 
115 143 151 154 157 164 187 191 196 
23
15 20 29 43 80 87 91 94 95 111 117 128 
137 139 141 147 154 168 172 180 181 185 191 
25
10 20 30 37 38 39 47 70 83 85 88 104 
114 120 128 130 142 146 152 164 174 179 187 193 
199 
20
3 7 16 30 31 45 47 71 88 106 107 126 
127 131 137 144 149 170 191 192 
24
4 8 20 22 24 39 47 67 84 88 96 118 
122 146 148 149 156 158 165 171 174 183 197 200 
22
6 23 29 44 47 50 53 72 80 83 88 96 
115 133 141 142 154 165 166 173 176 195 
25
11 14 15 19 23 29 40 44 45 70 71 88 
92 98 114 136 150 156 159 178 185 190 195 197 
199 
24
1 2 3 27 30 32 33 55 56 77 89 91 
110 114 118 134 144 148 151 153 160 170 183 188 
16
7 8 10 46 48 57 114 120 131 137 142 155 
176 177 187 189 
13
1 52 58 65 95 118 138 141 153 155 177 195 
196 
8
37 45 53 55 58 64 90 96 
15
9 12 16 37 45 51 69 76 87 89 97 112 
120 146 154 
19
1 6 9 41 45 51 53 56 82 87 124 136 
137 139 146 170 179 183 184 
19
21 22 23 39 41 45 52 61 69 76 91 104 
114 123 128 129 146 166 186 
23
4 5 11 32 33 61 79 90 95 99 100 107 
124 137 138 141 144 162 165 168 176 181 200 
18
31 35 49 51 61 72 77 84 86 97 100 119 
126 147 183 185 187 188 
17
2 21 24 43 47 48 52 68 80 89 117 142 
149 157 166 172 174 
21
3 8 32 46 53 78 83 92 105 116 144 154 
160 161 167 181 185 187 188 194 197 
23
3 11 27 28 31 37 38 46 48 77 82 90 
97 130 138 139 160 164 172 175 177 179 181 
19
9 12 30 41 43 53 55 82 140 154 161 162 
166 167 170 172 174 196 198 
17
16 40 44 48 50 73 75 87 89 123 126 127 
136 155 167 176 190 
10
10 16 41 50 69 75 81 104 168 199 
19
1 7 42 43 45 53 59 76 79 83 105 129 
165 169 177 178 188 195 197 
18
1 7 14 32 56 57 61 74 78 93 108 112 
121 126 131 132 142 163 
16
9 12 40 45 52 53 69 99 102 117 120 130 
161 176 185 187 
17
4 25 40 49 51 59 65 115 120 125 127 128 
130 131 168 172 179 
17
11 29 38 62 68 94 105 112 116 123 132 144 
149 165 171 180 191 
17
21 26 50 66 68 73 83 89 113 118 142 170 
171 175 180 183 189 
13
2 15 24 34 39 61 112 116 132 144 145 186 
192 
21
29 31 41 43 66 67 77 80 91 99 101 111 
125 131 137 154 156 161 183 187 198 
19
13 30 38 41 54 65 66 68 73 79 100 110 
113 129 180 184 189 190 196 
21
6 14 31 38 39 41 47 62 70 73 76 88 
89 111 143 148 162 165 176 195 199 
21
11 32 54 58 78 86 92 94 98 109 114 121 
122 126 153 159 161 171 181 190 192 
24
10 14 16 33 45 46 54 57 70 73 76 83 
86 87 89 95 100 101 107 110 134 146 188 196 
22
6 31 33 39 41 60 66 69 83 84 89 92 
111 116 123 150 152 154 163 173 179 183 
14
4 5 26 27 33 76 112 122 140 167 173 192 
199 200 
22
6 16 24 26 47 53 54 55 69 90 97 99 
102 126 146 160 161 185 186 191 192 199 
21
5 9 51 62 64 74 76 85 88 94 108 115 
148 150 166 171 172 175 177 195 197 
20
1 3 11 16 21 28 34 39 40 47 56 61 
66 79 107 111 143 152 183 200 
21
2 50 59 62 63 71 93 95 115 120 123 130 
135 150 151 153 154 156 159 171 186 
16
5 29 55 56 98 107 111 117 119 123 140 149 
157 173 187 192 
22
20 35 37 39 55 64 67 70 80 107 115 116 
117 138 168 172 184 186 187 188 194 196 
23
7 14 22 28 34 42 55 84 93 94 110 117 
126 132 133 139 149 160 162 176 191 194 198 
26
5 12 14 21 40 41 47 49 51 68 69 79 
80 85 101 134 135 141 142 146 147 160 186 194 
196 200 
15
15 20 52 72 77 79 90 100 101 146 147 154 
178 184 191 
25
3 7 23 28 58 62 64 65 66 70 77 79 
101 108 110 125 140 158 161 164 170 178 187 188 
200 
26
3 6 10 20 22 36 46 48 63 74 76 77 
80 96 102 114 121 138 139 145 148 154 165 168 
171 193 
32
4 28 32 34 47 53 75 83 89 90 93 106 
107 116 121 124 130 133 138 143 144 146 148 150 
159 161 163 165 167 180 183 194 
18
5 14 24 30 48 55 58 65 72 98 100 112 
113 118 123 157 160 178 
15
16 23 30 57 70 81 83 96 103 143 151 159 
177 191 192 
17
15 19 48 49 68 74 87 88 91 112 123 135 
155 173 185 191 192 
21
13 23 28 30 40 59 81 103 108 116 117 121 
128 131 132 152 153 154 166 178 186 
15
15 27 34 35 52 74 78 82 85 88 107 114 
154 196 200 
15
34 37 55 69 80 83 84 96 109 124 135 145 
167 174 176 
28
28 39 41 47 52 54 59 66 67 69 87 89 
97 101 109 115 116 118 130 138 148 159 175 180 
187 193 194 198 
21
24 40 45 60 62 66 71 76 79 88 90 95 
96 116 122 127 144 145 146 171 189 
19
1 9 10 18 36 50 51 53 57 61 85 111 
148 158 164 171 173 185 196 
24
4 8 15 16 45 70 71 88 94 96 97 98 
109 112 121 137 141 150 158 162 179 186 188 193 
17
9 46 51 55 66 69 80 91 98 117 128 129 
158 174 176 179 194 
32
9 11 12 16 27 30 36 38 57 58 60 67 
69 88 101 106 111 115 117 130 131 136 144 147 
160 163 165 168 172 174 176 178 
