800 200
1 1 1 1 1 1 1 1 1 1 1 1 
1 1 1 1 1 1 1 1 1 1 1 1 
1 1 1 1 1 1 1 1 1 1 1 1 
1 1 1 1 1 1 1 1 1 1 1 1 
1 1 1 1 1 1 1 1 1 1 1 1 
1 1 1 1 1 1 1 1 1 1 1 1 
1 1 1 1 1 1 1 1 1 1 1 1 
1 1 1 1 1 1 1 1 1 1 1 1 
1 1 1 1 1 1 1 1 1 1 1 1 
1 1 1 1 1 1 1 1 1 1 1 1 
1 1 1 1 1 1 1 1 1 1 1 1 
1 1 1 1 1 1 1 1 1 1 1 1 
1 1 1 1 1 1 1 1 1 1 1 1 
1 1 1 1 1 1 1 1 1 1 1 1 
1 1 1 1 1 1 1 1 1 1 1 1 
1 1 1 1 1 1 1 1 1 1 1 1 
1 1 1 1 1 1 1 1 
22
1 7 9 14 15 18 27 36 40 44 78 89 
97 104 116 120 124 129 142 144 147 168 
21
3 19 23 26 28 34 85 86 96 103 106 124 
128 139 146 154 162 176 177 188 192 
25
6 13 31 36 64 83 86 99 104 111 113 118 
128 143 144 146 149 152 157 167 171 172 175 190 
198 
25
3 4 48 63 64 70 71 82 89 93 99 101 
112 116 122 132 136 153 155 160 179 183 184 193 
197 
19
3 13 25 44 46 49 57 65 66 103 106 112 
113 115 133 164 168 177 180 
35
4 9 11 23 26 31 34 37 47 60 62 66 
69 77 85 94 106 116 119 122 130 140 142 143 
151 163 164 167 170 175 180 183 190 191 192 
20
31 41 42 44 62 63 65 69 73 83 85 87 
95 113 114 126 132 168 171 194 
19
12 22 28 41 55 81 87 107 114 121 124 143 
151 161 179 180 181 184 185 
22
12 15 22 33 45 48 60 75 86 87 99 118 
125 133 134 143 167 169 173 178 185 194 
23
11 31 34 44 45 63 64 68 86 89 97 118 
121 138 148 152 154 155 160 168 179 181 190 
24
4 5 10 14 17 20 27 33 56 59 63 68 
86 92 104 110 113 128 140 180 186 188 195 199 
21
24 26 28 70 74 75 79 85 103 107 117 125 
135 149 153 159 177 189 196 198 199 
21
26 36 43 46 54 63 72 77 78 80 87 90 
108 111 140 153 170 176 189 191 197 
18
3 5 13 19 53 76 80 82 87 119 141 146 
167 168 178 186 193 194 
17
5 10 35 45 53 67 78 96 102 106 134 137 
145 154 188 189 197 
27
2 6 8 17 38 59 64 65 71 88 90 95 
101 102 121 129 146 156 157 163 166 173 185 186 
195 197 199 
19
5 6 11 20 25 28 41 58 66 84 93 106 
128 139 141 159 170 174 193 
20
1 4 10 12 21 23 27 29 35 43 44 67 
77 82 116 121 138 152 169 173 
7
41 45 99 104 145 195 196 
23
5 8 33 35 37 42 43 50 53 55 69 77 
78 82 85 87 109 112 134 153 160 191 193 
23
11 13 16 37 46 48 50 56 62 70 85 93 
95 103 106 116 132 138 144 176 183 185 200 
18
7 21 56 73 78 92 103 110 114 115 130 144 
145 149 159 160 169 174 
21
10 23 31 72 78 83 101 110 111 112 119 120 
134 140 142 148 152 159 173 187 195 
20
5 6 20 27 34 36 68 75 80 84 89 92 
106 147 149 166 167 179 181 199 
21
4 18 23 28 35 38 49 50 57 71 72 92 
98 142 145 152 167 174 177 189 199 
23
32 44 50 66 79 91 92 98 100 107 110 123 
125 147 152 161 167 175 178 179 182 193 199 
19
18 37 52 68 96 104 119 124 127 137 150 153 
162 167 168 170 178 191 200 
11
33 46 50 70 99 103 114 135 163 191 195 
17
12 26 31 36 46 56 62 76 78 84 101 115 
119 154 157 158 194 
26
5 12 14 17 24 38 46 48 59 60 74 80 
87 89 98 117 118 125 127 137 146 167 182 189 
191 194 
18
7 18 30 88 92 93 113 122 132 146 148 152 
153 168 169 181 199 200 
20
5 24 26 69 75 83 86 89 94 102 105 112 
129 145 146 169 174 181 182 197 
19
10 16 22 35 43 47 51 62 74 77 86 95 
124 136 156 161 164 184 200 
18
4 19 26 56 63 70 77 81 94 104 124 146 
173 174 177 178 182 183 
20
24 44 52 62 78 80 85 87 91 118 124 134 
141 150 155 157 167 174 178 196 
23
2 17 30 31 32 44 45 48 58 70 71 83 
88 108 116 133 144 159 169 180 186 192 195 
16
6 9 17 23 37 38 46 49 50 80 121 150 
157 175 190 191 
18
1 4 5 16 47 55 59 63 64 104 118 127 
145 149 167 168 185 197 
20
8 9 10 22 29 31 38 48 52 59 70 77 
101 135 138 139 142 185 186 198 
16
1 4 6 23 27 50 54 55 64 78 90 113 
145 147 159 182 
16
22 38 40 42 65 72 81 102 118 131 136 137 
142 152 155 187 
16
5 13 40 61 88 95 104 118 130 135 139 150 
152 162 168 188 
19
7 19 23 37 48 52 65 75 88 93 107 135 
140 146 169 175 184 190 196 
25
7 8 18 20 23 32 45 65 76 89 91 95 
105 126 130 147 148 149 153 164 170 184 188 190 
194 
20
8 12 20 28 29 44 80 85 92 97 98 130 
134 149 156 174 175 182 185 189 
22
14 20 39 43 55 58 60 68 76 81 84 98 
140 145 155 159 163 164 172 187 191 194 
19
17 18 28 49 60 76 89 98 108 120 122 143 
150 156 159 172 186 191 194 
17
2 14 35 48 59 61 72 76 100 126 150 156 
157 165 176 178 196 
25
4 10 15 16 21 28 29 30 37 53 59 60 
64 67 70 96 108 113 124 141 144 145 175 199 
200 
25
15 18 27 47 54 69 72 99 108 109 120 123 
141 144 160 162 164 165 167 174 177 184 185 188 
195 
16
5 12 27 44 53 56 57 68 74 81 105 115 
117 129 136 170 
17
73 81 95 96 103 108 109 124 130 143 164 166 
169 171 183 191 197 
18
9 24 29 31 32 39 43 54 60 68 69 87 
88 94 133 153 160 177 
18
3 20 23 29 35 40 43 53 71 75 106 107 
129 133 137 155 162 199 
18
9 47 50 68 69 78 83 84 99 102 105 106 
136 148 160 173 174 200 
26
15 34 37 40 51 56 70 77 80 86 104 105 
122 124 125 137 147 151 157 165 168 181 190 193 
195 196 
14
15 40 41 50 69 73 97 103 117 128 135 146 
164 198 
19
3 28 38 60 63 85 86 93 95 111 119 127 
136 145 155 170 172 195 197 
23
2 8 18 33 45 50 71 73 85 103 113 117 
148 152 153 158 167 176 181 182 184 186 190 
21
3 5 8 11 18 20 34 46 49 59 61 64 
67 86 110 114 133 136 148 163 196 
12
4 39 48 57 88 93 102 132 141 169 184 198 
18
21 27 29 60 62 77 94 100 116 122 148 149 
151 153 167 183 191 198 
26
4 7 12 15 35 43 45 69 70 71 72 80 
86 88 93 110 112 115 124 125 131 145 161 164 
174 179 
26
5 11 12 15 16 22 29 36 38 44 51 53 
56 67 68 70 73 83 87 90 116 158 159 163 
172 196 
20
6 7 18 21 23 25 63 66 76 86 98 101 
102 123 137 139 147 156 171 200 
17
7 20 33 36 65 72 86 89 98 127 134 142 
146 162 180 182 184 
13
10 11 28 53 65 84 88 106 111 124 141 170 
175 
14
19 37 45 91 96 99 116 120 136 144 145 155 
165 172 
20
5 13 16 36 37 52 53 68 79 82 104 105 
138 144 157 158 163 167 170 188 
17
10 13 15 16 18 37 54 82 109 119 129 140 
155 171 174 178 188 
22
7 29 40 42 46 49 51 63 65 88 92 113 
134 151 158 166 179 180 183 185 189 190 
28
1 4 16 20 24 33 34 38 43 55 64 80 
90 91 109 112 115 125 137 144 151 161 165 174 
177 186 198 199 
20
16 19 50 51 53 62 64 72 82 85 90 92 
109 137 138 144 159 185 189 196 
14
26 51 69 78 80 81 91 116 122 145 155 168 
190 197 
21
6 8 21 28 39 50 75 80 86 94 123 132 
136 138 139 152 160 188 193 198 199 
19
23 51 58 65 80 82 89 93 108 109 114 134 
148 152 162 168 192 194 196 
21
12 26 32 42 45 46 107 114 124 129 133 149 
153 158 160 162 166 167 186 189 197 
18
1 3 6 13 15 37 51 68 73 100 114 121 
139 148 155 163 169 187 
19
9 13 39 53 57 59 62 68 76 83 102 109 
113 116 137 151 157 168 194 
10
14 45 81 114 125 134 142 166 174 188 
23
25 31 34 36 38 80 109 114 119 122 124 129 
133 140 148 155 159 161 163 176 189 195 198 
16
40 46 50 67 71 76 79 85 108 114 136 159 
162 169 172 193 
20
3 14 16 22 39 48 50 53 84 96 112 120 
121 127 135 139 145 153 154 176 
23
4 6 7 15 19 27 29 49 62 63 98 101 
102 120 122 130 139 141 148 165 175 181 183 
18
13 34 42 48 61 64 79 102 116 125 169 182 
184 186 187 197 198 200 
18
6 9 21 54 58 69 80 81 83 99 104 164 
174 178 185 188 189 200 
16
2 18 50 71 73 108 115 122 146 147 154 164 
169 174 178 200 
14
10 13 39 62 67 74 105 106 110 118 121 137 
182 192 
22
2 16 17 18 23 37 43 44 62 77 92 99 
101 119 126 143 145 155 163 168 183 193 
20
5 7 10 24 56 66 85 116 126 127 137 146 
147 152 156 157 170 173 193 196 
19
7 9 13 17 28 40 50 53 62 80 101 105 
121 138 154 171 175 186 196 
26
3 9 12 19 20 39 44 50 64 65 82 92 
94 97 116 125 144 145 146 153 164 169 175 185 
188 189 
16
21 27 33 42 46 72 88 89 90 92 97 120 
125 154 165 173 
19
8 19 41 44 49 50 71 79 118 130 132 137 
143 150 168 184 190 195 199 
17
2 18 19 29 70 74 85 96 104 115 127 147 
155 180 185 186 199 
27
4 14 23 29 40 44 47 49 65 71 73 78 
93 95 97 99 112 113 123 125 130 135 165 168 
185 194 200 
12
5 9 20 27 49 67 70 72 74 85 144 169 
17
8 27 30 34 50 59 72 83 84 87 89 93 
98 118 144 173 181 
20
4 14 19 41 52 64 65 84 95 97 103 112 
113 120 129 131 152 164 165 180 
22
2 11 35 53 75 82 106 127 130 131 133 141 
144 146 148 152 158 178 183 186 189 196 
29
1 5 21 23 28 35 49 52 54 55 60 69 
74 83 90 95 104 106 119 128 132 136 146 154 
161 165 176 187 198 
22
16 18 21 30 34 39 42 63 67 69 72 76 
88 114 119 149 150 158 167 170 186 188 
25
5 11 26 32 35 44 55 57 59 61 64 68 
91 112 114 120 128 131 134 137 163 166 170 190 
192 
16
14 25 27 34 46 56 57 58 69 90 116 123 
144 148 184 188 
18
24 52 65 67 95 99 109 114 126 132 150 162 
166 167 175 185 197 198 
21
21 23 26 29 33 34 45 48 59 63 71 99 
100 112 131 162 167 174 182 188 191 
12
23 44 86 93 107 108 118 120 128 181 186 189 
19
2 10 11 13 16 19 20 49 64 65 69 76 
94 98 138 154 163 191 197 
18
11 15 20 73 79 83 90 101 103 111 115 117 
133 157 158 162 163 189 
16
14 28 62 77 82 87 97 104 110 112 120 148 
170 174 179 181 
18
10 27 38 46 52 57 62 84 91 94 100 102 
110 114 116 140 141 156 
22
1 8 15 44 45 60 61 70 78 80 85 94 
128 134 142 147 154 159 180 186 188 190 
14
10 20 21 27 32 49 54 78 79 97 124 127 
143 185 
21
29 34 38 40 43 45 71 75 85 93 101 113 
124 144 164 165 173 178 181 186 187 
17
1 5 10 30 40 55 59 74 82 84 86 98 
110 121 170 174 182 
17
3 18 29 34 51 52 58 59 61 68 74 108 
109 113 114 140 186 
20
5 9 16 19 36 40 64 71 73 82 84 97 
102 109 134 157 166 168 186 192 
24
6 8 17 18 22 24 25 35 40 45 68 69 
82 96 103 106 122 124 135 138 139 157 185 188 
15
13 19 22 29 41 91 94 111 119 131 158 169 
187 191 198 
23
13 30 36 37 40 47 50 55 77 81 86 99 
101 114 121 126 140 142 149 153 155 180 192 
26
10 19 26 32 46 49 50 51 88 89 95 110 
119 123 127 129 130 133 147 148 157 161 174 180 
189 192 
19
29 35 51 64 66 74 79 92 96 110 127 134 
136 137 139 141 164 181 189 
15
34 46 67 85 113 117 125 141 142 160 167 169 
184 187 196 
26
5 22 43 45 49 58 72 74 77 81 93 94 
97 98 112 119 136 141 159 162 164 177 179 187 
189 192 
12
8 11 19 22 30 65 87 106 122 151 166 183 
19
4 22 41 48 50 64 65 86 96 99 115 116 
125 140 149 162 167 169 173 
24
3 13 18 43 46 77 81 85 87 103 108 110 
118 122 129 145 157 166 167 170 176 181 189 192 
25
4 18 21 39 42 44 64 66 67 91 98 118 
135 144 146 147 151 152 166 171 173 177 178 198 
200 
18
8 11 14 30 39 41 49 83 84 91 93 95 
96 122 140 169 170 183 
22
2 7 16 33 38 41 54 62 64 67 79 82 
88 107 124 149 153 158 173 177 180 186 
14
20 37 54 76 81 89 98 109 121 125 146 161 
165 190 
13
4 14 16 27 31 107 111 126 143 145 155 156 
191 
16
16 17 49 57 75 87 90 110 116 117 123 124 
137 142 172 193 
16
4 5 16 33 39 40 42 47 91 111 113 144 
150 153 164 165 
17
3 14 25 31 35 40 41 72 76 101 112 123 
125 145 155 163 183 
16
29 30 43 67 84 90 97 107 127 155 159 171 
173 184 193 198 
14
23 36 75 82 95 109 112 115 123 147 155 175 
191 192 
15
5 8 36 46 56 62 64 66 112 125 138 148 
156 159 161 
22
13 14 25 26 41 48 50 69 73 100 101 103 
110 111 134 137 147 167 172 177 189 199 
21
8 13 14 17 20 39 49 72 75 96 100 108 
113 122 125 137 139 144 155 161 167 
19
11 18 33 45 46 62 78 89 91 95 98 100 
122 130 151 156 157 167 186 
24
7 27 33 34 40 57 62 65 74 93 99 104 
112 117 119 145 146 148 151 154 173 181 187 188 
18
5 6 18 22 26 32 42 50 51 63 69 74 
76 91 113 116 132 141 
26
2 8 14 26 27 38 48 50 55 72 82 85 
97 101 105 106 125 140 145 148 156 158 159 163 
164 186 
23
8 11 18 29 43 50 53 59 71 73 76 83 
106 111 113 137 143 149 165 170 178 186 197 
21
1 24 32 43 47 65 67 69 91 93 104 105 
130 137 140 143 152 162 185 196 200 
20
13 28 35 46 56 57 66 68 71 72 78 121 
133 142 143 145 169 172 183 185 
18
6 8 14 18 33 41 49 51 59 62 89 93 
108 117 124 162 187 200 
27
3 13 22 44 48 54 64 74 79 81 90 95 
102 115 117 125 132 146 151 152 154 155 173 185 
197 198 199 
26
5 6 7 19 21 34 38 58 63 66 67 69 
76 88 89 118 119 124 132 139 148 158 166 178 
188 198 
16
54 68 77 94 103 114 127 130 134 149 159 160 
167 170 193 194 
18
28 36 47 50 51 58 103 113 115 118 142 150 
163 164 167 172 174 184 
24
32 49 54 61 66 68 81 87 93 101 103 117 
119 123 126 140 148 157 167 179 183 189 190 198 
21
3 30 37 45 47 49 65 66 67 88 91 96 
103 115 129 136 154 156 164 166 196 
22
9 35 47 51 62 67 77 81 105 112 127 135 
142 146 150 153 164 169 178 182 183 184 
15
26 30 31 35 44 53 66 108 115 131 169 173 
185 189 195 
22
13 31 36 42 53 67 83 95 97 114 118 130 
132 145 158 168 173 179 187 189 193 196 
21
8 15 17 19 35 47 49 50 69 77 82 95 
102 104 118 125 128 132 151 168 194 
18
19 22 33 34 35 42 47 82 102 116 124 144 
153 154 176 181 184 199 
19
13 34 35 39 52 53 71 83 86 118 119 122 
123 133 136 148 158 185 194 
20
1 3 10 24 26 32 50 51 71 86 91 116 
119 128 142 148 171 188 197 198 
21
32 33 35 44 48 54 74 86 95 108 109 116 
119 120 144 145 162 163 174 180 189 
15
14 21 25 27 37 46 68 128 138 146 147 179 
182 196 198 
10
15 16 18 38 46 64 78 108 137 180 
18
7 10 49 61 64 86 101 106 108 118 141 144 
149 155 163 170 190 193 
20
27 31 39 67 78 84 91 93 96 97 108 112 
130 140 144 149 153 157 167 199 
18
5 25 66 71 86 88 91 96 98 110 114 119 
129 143 146 164 169 199 
20
9 16 28 36 39 43 56 66 90 100 109 112 
115 134 151 156 158 186 188 198 
17
28 43 64 70 73 88 116 129 138 142 143 145 
148 159 161 175 179 
24
13 24 29 32 43 52 62 64 70 72 81 86 
87 104 105 122 129 142 145 147 157 171 176 181 
17
9 13 26 65 70 103 107 112 121 127 151 152 
167 176 178 184 195 
22
8 21 27 46 47 53 54 58 69 77 78 127 
138 146 157 163 165 168 179 182 188 198 
14
22 39 73 82 84 88 99 102 107 119 149 163 
183 196 
11
25 30 37 57 62 83 90 127 132 186 199 
27
21 25 29 31 39 41 59 68 69 76 80 81 
96 103 107 129 132 137 142 143 144 158 173 174 
194 197 200 
14
36 37 67 73 92 96 114 118 143 176 184 194 
197 199 
32
2 14 22 26 28 33 43 44 47 57 60 66 
68 69 75 81 82 83 94 100 110 113 130 141 
142 144 158 165 168 180 186 191 
30
3 5 6 11 14 25 29 52 61 62 64 75 
87 89 90 93 102 108 113 118 121 129 138 140 
154 162 164 168 191 193 
13
14 21 42 67 96 101 103 128 139 151 185 188 
195 
24
1 4 10 14 22 27 41 44 45 56 65 75 
80 84 93 95 96 103 109 113 114 144 150 175 
16
10 16 39 53 62 69 70 72 74 105 124 127 
130 174 175 181 
14
13 18 21 26 28 54 81 105 118 127 151 157 
161 195 
18
6 13 51 55 73 97 104 105 110 137 144 154 
157 170 172 175 183 195 
24
12 14 23 33 40 57 74 75 108 125 126 127 
130 134 156 158 159 166 173 183 185 194 195 199 
20
11 18 25 40 45 72 78 89 92 98 106 116 
141 147 162 163 173 184 195 198 
23
13 14 16 35 46 56 62 64 74 80 116 120 
127 132 145 149 157 162 165 186 187 190 193 
20
2 10 20 23 29 34 43 44 67 72 77 86 
88 89 96 132 156 173 184 199 
17
3 13 28 29 31 42 64 67 128 146 151 158 
169 170 180 182 185 
25
20 26 29 33 37 41 44 45 47 65 73 88 
93 106 110 113 114 122 124 127 129 139 162 188 
191 
21
1 2 27 47 52 53 83 92 103 104 115 117 
121 147 152 157 164 168 186 187 196 
21
6 9 15 38 40 42 45 46 58 92 98 101 
102 107 112 119 140 163 169 187 189 
23
10 15 17 24 44 66 80 87 91 95 96 102 
136 139 141 159 168 169 177 182 187 188 194 
26
6 35 53 57 62 72 87 88 99 101 102 104 
107 116 131 141 158 164 169 175 177 183 192 193 
194 197 
14
7 9 15 23 56 75 86 111 112 118 144 149 
154 200 
19
3 48 56 68 70 77 84 102 104 109 121 130 
132 158 159 164 186 194 196 
21
10 18 25 27 38 39 70 81 83 88 91 94 
106 115 127 138 140 169 177 196 197 
18
2 5 6 12 72 80 83 90 92 96 120 128 
139 145 152 185 194 199 
17
12 38 42 50 63 75 93 97 103 108 130 157 
160 163 184 190 192 
21
7 52 77 80 86 110 111 114 118 126 127 130 
131 140 149 158 169 172 174 181 186 
26
20 30 40 55 56 57 58 66 72 79 85 87 
90 99 106 115 119 123 125 130 135 138 163 171 
177 194 
19
9 27 41 46 52 69 87 88 91 105 114 122 
134 161 169 178 183 189 200 
20
7 18 19 24 30 32 45 60 65 69 81 108 
111 125 133 139 152 183 190 192 
21
13 25 32 40 52 86 87 98 104 105 110 127 
128 129 146 151 157 169 178 192 195 
22
17 26 37 45 50 59 68 79 101 109 126 129 
137 138 142 143 150 151 164 166 195 197 
23
1 2 8 18 23 24 27 31 32 42 45 50 
51 100 109 114 121 139 157 168 175 188 195 
26
2 10 19 22 55 61 63 64 79 85 89 98 
99 104 132 137 143 144 159 164 169 173 176 179 
182 189 
30
6 10 26 28 29 30 32 35 53 54 80 88 
93 94 95 103 110 113 122 130 132 150 152 154 
160 162 163 173 175 184 
26
9 13 14 18 23 50 52 54 59 63 77 78 
101 104 114 117 127 156 160 161 163 177 183 187 
189 190 
22
4 5 7 17 20 27 36 40 43 79 80 89 
101 109 111 122 132 140 143 149 170 193 
20
1 6 14 30 31 33 38 45 47 58 72 97 
148 163 164 178 183 189 192 194 
19
8 9 17 23 31 39 54 59 65 68 72 130 
148 151 152 187 188 191 193 
16
12 14 39 65 85 86 88 96 112 126 127 140 
163 174 177 183 
28
2 3 11 15 18 19 20 26 57 79 81 90 
95 105 107 112 130 133 136 138 142 145 149 159 
161 184 191 197 
23
2 13 45 47 86 87 90 92 93 94 126 132 
134 140 143 146 154 155 162 166 168 185 194 
21
12 17 20 37 39 65 94 113 120 122 125 126 
132 150 157 165 171 192 193 194 198 
15
1 13 74 100 115 116 121 127 131 138 150 155 
171 186 198 
17
4 27 28 59 64 74 81 82 103 124 132 138 
143 152 184 193 195 
20
1 8 36 39 56 61 68 73 77 96 100 111 
112 118 119 122 135 151 179 188 
18
19 20 48 50 67 73 82 85 86 92 94 95 
105 141 151 154 198 199 
15
2 13 42 53 56 59 75 82 92 93 112 141 
154 174 193 
18
9 15 22 53 62 68 69 89 92 116 119 129 
138 140 158 161 163 188 
24
2 3 5 7 9 10 22 31 52 74 78 81 
83 96 102 109 114 120 123 134 137 138 156 175 
20
11 23 25 41 59 60 82 93 94 95 107 112 
114 123 129 132 154 173 176 180 
17
26 34 38 39 48 93 95 109 110 125 145 153 
156 160 177 179 191 
16
3 11 37 40 56 76 79 106 125 130 133 159 
161 178 190 194 
18
17 20 25 28 48 51 104 105 112 118 120 128 
132 170 184 185 192 195 
19
8 21 23 24 39 55 69 91 95 101 116 127 
154 166 167 170 193 195 197 
18
18 21 28 29 32 52 56 62 84 91 104 109 
118 120 122 133 184 188 
21
1 4 7 13 15 22 28 38 39 48 79 82 
90 120 126 135 139 143 152 166 170 
19
5 7 8 9 27 35 40 42 61 65 104 123 
137 138 154 168 171 184 194 
25
20 22 26 34 37 39 51 58 67 69 82 88 
91 108 113 141 163 169 177 181 185 188 190 192 
193 
22
7 8 17 18 19 32 34 42 57 58 71 92 
93 96 97 99 119 120 135 191 192 194 
24
28 31 32 34 37 39 55 57 69 77 93 107 
112 118 125 126 132 140 150 161 167 182 184 188 
13
2 34 38 47 48 57 97 149 161 167 182 186 
190 
18
10 16 37 38 50 57 76 81 85 109 116 123 
128 145 149 157 162 185 
27
4 6 8 11 13 14 17 21 22 26 66 70 
81 82 88 91 104 111 114 129 143 158 161 166 
172 173 199 
17
8 26 29 34 38 39 42 44 60 63 67 134 
163 166 172 179 194 
17
7 9 10 13 22 59 66 71 96 100 101 120 
137 139 141 150 179 
24
5 10 25 54 55 72 79 80 84 86 106 110 
112 120 122 127 128 134 167 185 188 189 191 198 
21
3 16 31 34 52 64 66 83 85 93 104 105 
117 124 137 138 149 167 175 189 196 
21
4 8 16 35 45 49 57 89 91 103 106 107 
119 123 141 146 163 173 175 176 183 
19
22 25 29 38 39 50 89 90 100 114 116 121 
134 144 149 167 172 199 200 
19
2 16 20 31 48 58 73 76 91 96 97 99 
109 110 113 124 131 143 173 
26
12 17 19 25 28 36 38 41 49 55 57 64 
72 85 93 95 107 108 116 126 134 148 162 169 
174 175 
18
17 39 47 51 61 68 82 83 85 103 107 119 
121 130 141 144 163 165 
26
4 8 19 26 29 32 37 62 63 71 87 96 
100 105 106 109 117 126 129 132 134 149 153 174 
181 195 
20
8 16 23 42 46 50 62 63 64 65 75 85 
93 95 116 139 141 173 180 191 
15
32 40 46 50 59 75 90 95 97 126 137 142 
162 181 192 
22
2 5 6 20 26 37 38 57 62 66 70 83 
86 89 110 136 156 164 175 185 194 199 
17
2 19 23 28 36 38 67 80 87 103 124 134 
138 148 156 162 164 
17
3 12 18 27 47 65 88 91 99 102 113 118 
132 139 173 175 198 
19
3 4 6 9 36 37 41 44 60 63 71 85 
107 116 123 130 141 165 200 
22
1 25 27 40 48 65 66 79 81 82 87 91 
102 133 135 163 167 169 173 186 192 194 
11
9 14 39 43 47 50 92 144 155 161 189 
32
16 25 28 34 50 62 65 72 86 88 92 105 
111 115 118 129 133 136 138 145 146 150 153 154 
159 164 169 170 180 186 191 194 
23
5 25 43 47 52 53 56 62 63 80 81 82 
83 90 108 125 129 138 139 146 153 178 187 
20
22 46 60 72 76 88 90 95 96 118 123 126 
127 137 146 149 160 182 195 199 
23
17 26 31 45 48 50 51 58 62 65 78 79 
83 89 98 102 117 146 162 171 175 176 192 
19
12 36 41 46 76 78 95 105 119 126 130 139 
151 157 164 167 169 189 192 
20
3 26 41 48 49 87 93 101 111 115 119 136 
146 155 164 166 174 181 193 194 
22
3 8 25 32 42 50 62 64 67 84 87 88 
106 127 129 131 133 140 156 164 165 182 
17
23 25 27 36 49 88 98 110 118 122 133 155 
180 185 187 190 199 
22
9 16 17 27 31 37 59 65 72 113 115 116 
118 122 125 139 144 150 165 168 198 199 
24
3 10 12 14 16 17 34 53 55 61 67 85 
107 131 140 147 150 152 169 171 172 176 183 199 
26
3 12 30 31 33 36 38 40 48 63 66 68 
75 85 102 118 119 122 130 134 143 170 178 181 
184 196 
27
4 5 6 13 16 21 23 30 32 42 51 109 
111 115 117 118 120 139 146 155 164 177 185 186 
190 191 196 
16
2 5 18 25 31 115 134 136 143 161 169 173 
188 190 192 193 
20
22 30 33 37 60 74 82 92 93 97 101 110 
130 138 140 149 151 161 167 171 
22
7 13 22 25 35 36 41 54 56 58 98 103 
121 129 135 137 147 160 169 188 197 200 
19
6 8 17 50 54 75 79 85 86 105 120 122 
142 143 150 164 165 173 192 
13
26 34 53 54 65 74 97 100 115 145 146 155 
183 
23
9 20 27 34 53 59 62 67 68 73 74 75 
90 106 109 118 136 149 159 171 176 183 193 
24
5 8 23 32 35 36 52 57 61 65 73 82 
88 90 94 95 105 112 116 135 139 158 173 199 
33
3 19 21 25 32 36 45 47 51 56 57 58 
64 65 69 71 75 99 112 115 116 121 133 138 
139 143 164 179 182 183 189 193 197 
16
13 29 48 49 74 89 97 106 120 131 132 136 
139 159 162 189 
18
10 11 14 28 40 54 63 64 94 97 111 131 
132 141 150 165 167 198 
19
8 52 71 80 97 111 118 120 125 129 135 146 
169 170 174 186 197 198 199 
24
17 19 28 42 55 62 64 70 72 81 97 101 
105 115 117 119 120 128 134 154 171 173 178 181 
22
11 15 33 35 42 51 62 66 69 80 97 99 
104 150 163 168 177 180 181 191 192 194 
20
7 11 39 47 58 72 74 88 89 106 107 118 
125 127 135 150 152 157 177 192 
23
20 22 28 32 43 64 69 75 89 106 122 125 
128 136 147 149 150 153 164 168 172 198 200 
23
7 18 24 25 43 46 47 48 68 73 83 87 
99 123 128 131 137 143 148 151 155 160 195 
12
32 48 93 97 126 127 131 140 156 157 180 184 
19
5 7 8 42 45 54 61 93 106 124 125 146 
148 154 167 174 179 183 200 
16
15 17 33 53 79 84 85 126 130 132 134 138 
165 181 185 189 
20
10 29 36 52 59 60 84 93 98 103 111 121 
124 129 150 157 158 161 177 183 
13
6 18 32 41 60 61 77 88 95 143 146 150 
172 
18
2 3 4 26 28 33 58 68 83 93 119 121 
122 167 175 180 191 194 
17
9 14 19 20 41 45 61 62 64 65 66 82 
121 130 140 167 174 
17
16 17 25 37 43 74 106 109 111 126 140 147 
154 181 182 190 197 
19
15 17 23 35 66 74 75 88 96 108 126 133 
139 146 149 166 173 184 192 
15
7 11 25 34 42 92 105 110 113 136 139 150 
159 162 168 
14
4 11 20 65 67 81 85 88 91 115 176 190 
191 194 
20
3 12 24 37 42 63 97 100 109 111 113 114 
129 139 143 145 149 157 191 194 
17
6 30 48 53 58 62 67 78 79 106 109 121 
151 152 176 183 194 
15
5 7 14 25 34 76 101 108 113 148 151 163 
168 174 183 
21
3 25 32 36 37 43 54 67 70 80 95 96 
108 112 123 142 145 159 160 164 173 
25
1 15 20 24 28 37 43 47 51 63 73 78 
85 97 99 116 117 122 128 160 161 168 171 181 
187 
15
6 11 18 27 29 53 54 57 64 72 114 121 
155 159 186 
15
4 8 12 24 49 67 85 121 138 157 168 172 
185 190 195 
19
10 11 15 21 41 48 56 66 89 93 117 119 
123 126 129 143 150 178 179 
19
4 27 39 48 49 53 65 66 91 92 96 102 
106 123 139 140 175 197 198 
22
5 21 26 29 34 43 62 64 67 88 97 103 
115 132 134 147 176 178 188 191 193 197 
16
30 37 42 49 68 75 80 84 109 114 149 150 
174 176 185 187 
20
3 4 27 39 41 43 48 70 71 95 112 115 
116 132 145 155 157 161 173 181 
17
18 23 39 43 59 69 71 74 79 84 93 110 
116 121 140 171 198 
25
18 25 47 52 61 67 77 84 85 86 102 103 
105 111 112 127 131 137 139 140 145 146 168 173 
192 
24
2 8 9 11 16 27 39 45 53 75 95 109 
111 117 118 119 144 157 160 173 180 185 190 194 
17
13 31 44 47 54 55 64 71 76 79 123 144 
146 155 177 179 180 
23
1 10 36 38 50 60 62 63 70 77 81 111 
112 119 121 122 127 131 157 176 177 182 185 
24
11 14 18 34 36 54 59 69 78 83 87 90 
91 95 106 122 143 149 161 162 189 193 196 197 
16
6 15 19 32 64 65 88 96 114 125 133 152 
156 164 172 200 
28
4 13 33 34 36 39 42 55 57 73 78 83 
84 101 111 112 114 117 125 126 133 134 137 141 
160 172 185 192 
21
3 21 29 31 45 59 60 61 71 73 79 82 
83 84 95 108 142 146 173 177 193 
20
9 13 31 37 47 49 67 68 77 90 97 107 
111 113 123 145 151 152 182 193 
24
1 6 14 17 24 32 40 46 55 59 67 78 
86 92 101 125 139 156 160 176 181 185 191 196 
17
9 21 27 58 60 61 75 108 113 146 147 170 
177 182 183 190 193 
16
19 20 45 62 63 100 104 115 117 128 139 148 
158 159 187 189 
19
30 31 40 49 64 70 77 85 91 103 111 131 
146 162 167 179 182 185 200 
23
10 15 26 33 41 50 52 56 74 78 84 95 
100 106 114 129 130 133 137 139 144 162 194 
22
3 9 31 39 40 41 45 63 67 81 82 98 
107 116 119 131 145 148 153 171 191 200 
19
4 8 23 29 36 40 44 45 50 106 119 127 
132 153 156 161 171 189 192 
21
3 23 32 39 46 77 80 83 86 116 121 122 
126 130 146 149 159 167 174 189 194 
22
4 11 24 28 32 38 59 62 66 72 75 80 
109 130 133 153 159 160 169 175 190 192 
19
2 15 18 28 45 47 54 76 84 110 129 153 
157 161 172 176 181 188 189 
12
7 18 45 62 63 69 80 81 109 125 134 179 
20
26 28 33 38 39 40 49 77 78 86 97 119 
131 151 155 157 171 177 186 192 
22
33 43 46 58 59 60 64 67 72 75 79 88 
110 115 128 141 149 156 159 178 180 184 
23
14 32 37 41 46 62 65 69 86 88 90 95 
107 113 114 117 127 131 144 147 160 175 197 
23
1 9 17 29 42 44 48 52 55 64 65 66 
84 94 98 105 107 113 119 145 154 165 168 
34
18 22 28 38 40 49 52 57 68 72 89 92 
93 100 102 103 104 106 108 116 117 119 124 129 
133 137 150 155 162 174 179 188 191 198 
26
16 20 29 41 48 50 52 53 72 85 92 103 
106 111 112 123 138 140 159 161 165 166 167 180 
185 189 
22
4 8 12 15 17 18 22 23 43 65 67 74 
78 94 95 97 100 167 169 177 195 196 
16
3 17 43 59 68 73 79 95 96 118 120 130 
137 167 183 192 
32
1 3 6 7 9 12 18 21 32 33 35 43 
47 48 53 59 72 74 89 90 96 122 130 157 
166 169 173 174 180 182 187 192 
20
10 13 16 30 42 68 78 80 83 84 86 98 
123 125 133 134 156 158 171 176 
27
14 16 21 34 39 46 55 57 60 65 67 68 
71 83 99 100 101 103 104 109 111 124 140 142 
152 163 170 
22
6 11 14 40 47 90 99 105 121 122 128 133 
146 157 160 161 170 176 177 188 195 200 
16
10 14 20 56 61 80 83 94 117 121 141 148 
162 166 174 184 
12
19 32 45 46 48 74 80 130 134 136 180 190 
19
2 4 10 21 35 59 65 68 90 91 95 107 
118 127 133 146 159 171 196 
23
1 8 12 46 54 56 61 80 82 97 102 104 
108 118 127 129 133 135 137 151 171 177 179 
21
5 9 15 17 51 52 64 75 96 99 107 108 
118 134 162 165 171 173 178 183 193 
25
6 13 15 16 40 66 68 69 81 84 88 91 
92 103 106 107 110 111 114 129 140 153 160 175 
200 
13
1 4 12 31 40 55 111 126 130 139 153 160 
163 
15
22 24 33 44 56 78 84 87 98 121 126 132 
159 160 188 
19
16 17 20 33 44 47 53 54 84 91 96 105 
128 139 151 153 165 171 189 
17
5 6 8 35 61 71 79 92 103 104 112 120 
128 133 140 191 198 
20
21 31 39 42 48 60 67 72 87 90 92 98 
116 129 133 140 152 169 193 199 
24
5 8 39 43 55 57 63 71 77 84 90 91 
107 110 111 121 127 136 144 154 165 171 185 198 
24
4 15 16 26 30 39 43 45 46 48 53 60 
77 92 102 103 114 115 126 141 147 171 189 196 
20
2 6 11 14 18 42 43 73 77 84 87 95 
118 125 132 157 188 197 198 199 
10
17 49 54 66 76 110 117 121 172 174 
22
2 5 36 47 48 55 59 60 64 74 88 100 
102 106 112 120 127 140 152 158 189 200 
25
16 38 47 48 57 63 80 84 94 97 106 114 
119 132 133 149 158 160 161 162 163 169 185 192 
193 
17
5 6 23 32 42 46 61 62 65 87 91 105 
115 124 137 181 193 
20
1 32 39 43 49 50 67 79 85 94 121 143 
152 161 170 171 177 185 194 197 
20
3 17 22 41 49 61 73 88 97 103 113 116 
117 123 124 135 152 169 179 190 
21
1 14 15 23 29 43 44 46 80 87 88 104 
114 125 141 147 154 157 171 180 192 
20
3 6 9 30 52 59 86 92 107 117 127 146 
152 169 173 174 181 187 189 198 
23
17 24 26 28 32 34 38 65 74 86 93 94 
98 102 124 128 129 139 172 173 181 183 190 
19
1 3 17 30 43 55 75 88 108 113 126 128 
131 145 152 174 183 184 185 
20
1 5 33 34 37 38 41 42 65 71 76 80 
84 89 106 139 146 151 184 198 
15
36 41 43 82 91 102 110 118 120 146 147 154 
159 160 173 
20
2 30 33 35 37 47 49 51 96 102 106 136 
141 148 151 165 167 181 185 189 
20
27 37 43 55 61 72 84 85 101 102 112 127 
134 140 145 157 183 188 189 197 
24
6 7 9 12 15 16 19 25 39 45 60 62 
94 102 108 116 133 135 139 146 160 170 180 199 
23
17 32 42 54 64 67 74 79 80 106 117 121 
130 132 139 149 158 165 177 179 188 189 197 
22
1 2 19 23 27 28 29 30 34 40 46 59 
88 116 121 142 152 154 159 162 183 188 
16
5 9 14 23 48 53 73 78 92 130 144 152 
154 155 171 184 
18
3 4 9 24 25 37 49 58 106 107 110 113 
139 146 158 164 174 188 
21
1 2 12 17 20 34 50 53 66 68 105 112 
137 144 156 158 159 161 167 170 177 
18
6 7 26 32 37 47 55 66 93 108 125 127 
131 140 142 155 166 178 
25
2 12 28 29 48 59 65 67 78 83 85 88 
102 110 125 128 137 140 146 150 160 176 191 193 
196 
21
1 22 26 33 53 58 85 86 100 109 119 128 
131 133 146 158 160 161 166 183 193 
18
3 6 14 17 29 31 35 37 43 73 97 106 
110 134 139 162 174 197 
18
3 30 39 46 64 93 103 107 109 122 126 128 
140 149 160 165 172 177 
20
3 12 14 41 43 45 46 47 52 93 94 106 
107 108 154 157 168 176 192 197 
23
10 17 33 38 39 43 50 52 53 55 77 87 
120 123 127 128 133 135 143 154 157 163 188 
20
3 9 18 27 29 30 37 42 54 67 89 102 
104 106 115 138 146 151 154 158 
17
12 20 22 24 33 56 86 100 107 111 112 120 
139 155 176 183 197 
19
5 8 14 31 34 54 55 56 94 95 114 134 
148 158 188 191 193 196 200 
20
1 30 31 53 56 61 82 96 111 120 129 131 
141 151 154 157 165 179 195 200 
18
13 35 40 48 49 52 63 86 88 104 105 112 
125 126 131 136 178 180 
16
10 30 44 52 56 75 84 100 108 117 135 138 
143 146 159 184 
17
7 10 18 27 28 30 45 51 53 78 79 88 
134 154 157 166 200 
19
1 4 31 33 34 35 39 41 42 45 50 57 
67 71 80 92 104 131 199 
22
9 23 27 35 37 51 54 61 66 68 87 100 
102 125 129 135 139 149 163 166 168 180 
22
5 10 13 35 40 44 72 85 87 93 108 116 
136 138 157 162 163 175 181 193 196 198 
20
8 11 17 22 31 37 40 73 74 100 105 114 
115 120 123 149 155 161 188 196 
19
34 42 55 60 63 80 90 108 110 126 138 140 
143 146 155 170 180 195 196 
22
1 25 45 62 72 73 77 89 94 97 106 123 
135 141 145 163 171 175 190 193 198 200 
22
1 2 6 14 17 32 37 38 43 50 53 59 
65 77 83 85 131 134 158 161 162 176 
19
7 13 35 63 74 88 99 112 118 149 152 155 
161 163 167 172 185 194 195 
18
10 11 30 32 46 60 71 77 82 94 97 109 
115 117 120 153 185 193 
21
5 7 8 12 13 18 19 22 26 39 63 71 
72 103 133 136 138 145 148 173 176 
20
5 24 28 32 45 61 80 87 90 101 105 106 
120 140 165 175 181 182 190 199 
15
12 19 47 50 81 82 83 87 111 117 118 125 
171 186 189 
15
3 32 33 40 44 60 62 65 77 85 111 137 
141 158 186 
20
7 18 20 33 37 42 62 66 67 80 89 92 
104 110 120 153 162 174 178 179 
18
3 7 17 37 48 51 100 129 134 139 141 144 
149 162 166 174 179 181 
18
6 10 20 39 44 51 57 89 104 130 141 151 
157 172 174 176 181 195 
26
2 11 15 39 41 45 48 49 51 56 64 65 
99 101 102 104 121 125 131 143 162 171 177 178 
179 195 
19
2 5 16 19 20 23 40 54 85 93 109 129 
137 161 165 168 176 185 187 
23
10 20 22 29 39 50 80 88 113 122 128 130 
132 135 138 146 160 168 172 181 194 197 199 
14
21 25 34 49 70 78 85 108 125 128 146 162 
167 187 
16
1 46 56 62 68 105 106 132 152 155 163 167 
170 174 175 183 
18
16 50 64 75 83 96 113 126 134 150 158 161 
165 170 181 184 188 199 
20
10 14 29 49 58 64 68 70 102 114 117 128 
132 145 154 155 160 169 181 182 
16
19 33 35 87 96 102 106 133 158 162 169 171 
175 188 193 197 
28
14 16 32 36 42 44 59 66 74 75 80 82 
94 111 112 118 120 122 132 144 146 147 163 164 
167 183 190 195 
19
6 15 22 24 32 45 51 54 64 67 106 116 
128 129 184 187 188 195 199 
14
8 15 20 31 40 49 55 81 88 97 99 122 
154 163 
17
25 37 41 53 73 76 100 103 112 126 133 146 
147 165 174 185 190 
12
53 104 107 115 117 131 133 176 178 186 191 198 
23
2 3 11 15 18 29 33 37 38 50 52 61 
84 97 130 138 139 146 165 184 186 187 194 
19
4 35 57 65 78 79 85 86 93 98 104 125 
127 138 173 181 186 188 189 
24
6 15 17 27 46 70 74 77 78 81 95 99 
107 121 137 139 145 146 147 154 170 173 183 186 
19
3 28 33 75 77 79 102 104 109 111 113 132 
139 140 155 177 182 197 200 
17
24 58 63 66 71 79 97 108 134 136 137 148 
158 165 171 175 194 
18
7 8 22 35 37 52 55 59 95 146 151 160 
162 173 179 181 197 199 
18
3 9 25 27 36 37 41 48 57 63 65 69 
74 98 103 113 145 200 
19
18 22 29 31 37 58 69 78 83 102 104 111 
119 122 123 124 136 140 194 
23
21 47 62 64 72 82 85 86 103 108 123 129 
134 135 140 153 166 172 173 174 175 179 196 
22
5 9 13 15 26 28 35 50 51 52 65 69 
98 115 117 126 152 153 154 162 175 191 
20
1 13 15 21 22 33 34 61 74 78 87 129 
131 138 145 162 178 185 187 189 
21
1 8 29 42 45 51 59 62 68 72 75 98 
101 123 139 141 154 165 174 181 183 
22
2 6 9 15 25 47 50 51 61 72 79 80 
88 90 93 115 116 130 141 152 159 200 
18
2 3 8 15 20 32 38 47 73 75 80 81 
97 111 114 146 158 172 
20
6 12 22 25 30 38 39 40 45 48 69 76 
81 84 85 110 113 164 171 189 
18
24 28 30 45 50 69 103 106 112 135 148 153 
156 159 162 170 181 194 
18
43 46 72 82 84 87 100 115 116 130 134 142 
144 150 185 189 190 198 
22
6 35 50 53 68 76 83 86 92 107 113 131 
144 145 146 159 175 179 188 195 197 198 
19
9 11 13 28 32 39 55 69 75 92 95 96 
104 106 129 130 144 158 163 
12
3 20 55 65 76 77 82 87 166 172 173 186 
16
16 18 29 32 68 73 83 94 97 114 116 123 
142 161 186 199 
22
32 47 54 61 71 88 99 113 120 123 124 129 
138 144 152 166 170 172 179 182 186 199 
19
8 14 32 54 67 81 92 93 94 116 120 121 
134 144 166 175 179 185 186 
22
12 33 40 62 67 68 71 97 101 103 108 131 
139 141 149 158 167 171 174 183 188 199 
19
7 32 42 46 50 67 75 78 88 99 102 112 
142 160 164 165 167 178 200 
28
12 19 20 32 34 39 41 69 71 79 80 91 
93 108 109 113 121 126 136 140 142 143 148 155 
173 177 189 200 
17
16 24 60 62 76 80 86 111 122 124 131 143 
146 158 182 190 191 
21
5 13 19 21 44 65 75 81 87 104 111 127 
147 150 164 167 174 179 180 193 196 
18
6 22 51 63 81 95 98 100 105 131 138 156 
168 172 176 189 190 193 
24
9 10 12 28 57 98 111 113 115 121 124 126 
132 139 141 143 148 150 157 165 166 170 190 199 
16
3 11 19 25 31 46 53 55 63 79 119 127 
129 134 147 167 
19
8 10 54 55 61 66 72 97 109 117 125 132 
140 144 146 148 167 179 190 
23
8 19 21 32 33 42 51 52 59 84 88 90 
105 111 113 119 125 129 142 146 154 158 181 
16
13 18 30 35 38 44 62 85 87 93 94 103 
167 169 188 196 
19
12 25 47 56 60 64 68 75 78 105 124 134 
140 146 153 156 159 167 195 
11
23 33 51 87 119 121 127 142 176 189 195 
23
21 24 44 57 66 71 80 94 97 104 107 114 
115 116 124 131 139 154 163 172 177 186 191 
26
11 14 15 16 17 21 25 34 49 61 79 95 
103 111 112 121 123 130 132 135 144 149 172 182 
196 199 
17
3 10 18 26 40 47 66 90 97 98 100 147 
175 176 196 197 200 
13
3 12 39 40 41 73 80 88 101 124 174 182 
188 
17
8 10 14 26 27 52 66 92 137 143 160 161 
167 179 182 185 188 
17
4 20 21 24 30 33 66 81 82 104 110 113 
115 118 137 191 192 
19
6 32 49 55 61 79 90 93 96 102 106 133 
140 150 161 162 171 181 195 
19
11 25 38 41 45 47 52 66 69 73 90 93 
118 146 165 168 178 180 199 
24
1 3 9 15 18 23 50 51 56 67 78 105 
117 123 141 144 148 159 162 175 176 178 183 197 
16
19 30 32 37 38 41 74 76 128 141 143 174 
177 183 195 197 
20
18 22 36 48 56 64 105 107 117 131 142 149 
151 153 165 168 172 175 182 183 
19
12 20 27 30 31 36 39 56 106 112 113 140 
151 160 179 184 185 187 195 
13
17 49 53 58 59 91 92 94 123 127 185 187 
200 
17
21 28 38 44 49 51 65 72 83 85 95 119 
125 128 142 159 179 
23
4 7 8 21 25 28 38 45 82 87 95 117 
126 128 149 151 158 163 170 172 186 192 195 
16
4 6 18 34 48 67 109 130 137 149 163 182 
189 191 198 199 
22
1 4 5 17 29 48 63 65 70 79 81 87 
99 101 109 130 147 169 183 184 191 194 
16
12 25 26 79 80 86 101 106 115 135 140 149 
160 192 198 200 
25
14 15 22 26 27 35 36 40 45 50 83 87 
94 98 118 122 136 144 147 152 154 155 156 157 
187 
20
32 34 37 43 45 66 95 103 105 114 116 128 
135 136 137 139 144 145 151 198 
9
37 43 49 59 64 77 101 149 178 
25
7 40 45 61 62 85 90 92 95 98 106 107 
108 115 122 127 135 151 156 171 176 179 181 185 
188 
14
6 17 42 51 59 62 65 67 93 122 172 185 
192 197 
21
16 21 31 43 46 47 56 73 79 88 90 91 
97 107 111 126 156 160 187 192 194 
15
4 29 40 58 64 70 110 116 119 128 144 150 
177 182 193 
19
9 13 15 25 56 62 63 77 100 103 113 116 
139 143 149 154 164 168 190 
18
5 7 12 30 36 50 64 67 73 74 76 110 
124 126 154 187 190 193 
21
3 13 15 16 28 32 35 50 90 94 120 138 
152 157 174 188 190 193 196 197 200 
21
6 9 12 13 17 18 29 44 46 56 62 73 
75 83 84 91 112 146 152 159 174 
21
16 29 32 47 51 67 72 73 75 78 89 90 
97 118 139 148 156 157 158 168 182 
21
1 10 11 22 27 48 55 63 86 101 104 122 
126 135 143 151 161 162 189 190 198 
19
7 20 22 27 41 52 61 84 94 106 118 121 
122 123 132 167 171 182 196 
21
7 9 49 62 69 71 83 87 105 107 112 130 
139 141 142 143 146 156 158 179 180 
21
5 22 29 32 49 50 58 60 71 76 85 88 
91 105 120 123 139 158 173 174 183 
22
12 24 33 41 69 70 82 93 97 101 103 132 
141 148 149 169 172 173 174 175 184 193 
30
20 22 32 50 57 68 74 79 89 93 97 99 
108 110 112 124 133 139 141 149 155 156 160 163 
165 168 171 179 185 195 
15
6 31 35 43 54 73 74 81 90 92 112 126 
145 154 179 
24
5 9 10 11 40 53 54 60 65 71 72 74 
75 96 100 103 107 108 116 118 153 161 170 186 
19
3 8 10 21 25 40 44 55 74 85 86 107 
114 118 131 138 151 172 185 
26
3 16 22 46 66 67 72 82 84 98 101 113 
123 125 127 129 136 137 146 149 158 165 167 176 
179 184 
20
19 31 32 65 67 72 84 85 99 100 103 137 
152 159 160 183 186 190 191 197 
23
9 24 34 42 44 52 60 65 71 90 92 97 
98 128 140 149 153 172 173 177 184 192 196 
18
10 11 20 28 31 57 65 79 93 123 134 145 
156 157 165 178 186 190 
16
3 33 54 93 94 102 112 114 116 122 125 141 
143 163 178 185 
10
9 30 49 56 79 86 142 146 151 182 
17
23 24 39 50 64 80 81 83 85 86 104 110 
143 152 154 182 194 
17
14 20 25 38 49 50 101 103 109 131 145 150 
156 159 161 182 199 
18
3 4 17 23 28 40 49 55 57 59 99 105 
120 128 147 183 184 185 
19
31 32 34 42 44 59 62 66 76 92 95 100 
105 112 138 140 154 185 200 
15
13 14 26 31 59 87 88 101 119 134 138 147 
154 162 171 
23
12 13 21 29 36 41 45 62 63 65 66 91 
100 124 132 135 141 152 153 158 169 174 189 
18
12 15 30 31 39 45 46 47 55 65 77 96 
140 154 158 163 165 195 
20
6 30 34 64 77 90 99 100 101 118 123 125 
127 141 153 158 174 186 187 197 
27
12 33 39 44 47 51 75 78 84 85 86 89 
94 102 108 112 114 120 125 127 133 134 141 148 
159 161 174 
19
2 18 20 21 69 78 83 86 114 119 130 132 
142 148 160 173 185 194 197 
16
11 21 49 50 76 86 90 120 123 133 136 139 
152 154 184 186 
18
4 7 47 51 56 71 100 103 107 113 139 141 
144 162 175 178 194 198 
19
22 37 38 40 50 55 62 71 93 120 122 125 
126 151 155 159 186 195 200 
22
1 6 11 21 22 26 41 43 45 55 58 69 
99 114 150 154 159 171 181 191 192 193 
21
1 8 9 12 22 33 45 47 58 68 71 72 
83 85 90 125 137 165 167 182 191 
21
6 15 29 32 33 47 51 63 72 82 85 96 
97 117 122 126 128 155 164 182 195 
23
10 19 23 30 31 43 50 63 71 104 106 113 
119 124 136 146 161 164 165 169 179 191 198 
20
16 22 48 55 57 62 79 82 95 101 127 132 
142 143 151 164 168 170 174 179 
18
6 7 16 22 44 54 75 86 95 98 108 126 
131 137 156 161 167 188 
24
1 4 10 28 41 46 47 53 68 75 87 115 
118 122 123 127 128 145 152 155 166 183 197 199 
17
6 8 9 28 69 73 79 93 103 104 130 138 
154 158 191 192 195 
23
1 2 6 14 20 32 41 53 54 73 88 92 
95 100 112 123 130 135 137 171 177 195 197 
17
13 38 44 56 58 61 76 81 86 87 101 111 
125 132 136 156 194 
24
2 5 9 14 15 21 23 33 34 48 57 59 
61 71 97 103 105 114 127 138 155 165 186 198 
30
20 21 22 32 37 42 43 48 49 52 57 58 
60 67 81 83 87 114 122 130 131 140 152 156 
158 160 167 172 177 184 
20
4 18 19 23 29 32 40 51 55 56 57 68 
100 108 113 129 140 159 173 183 
14
31 65 67 68 88 101 122 129 132 133 145 159 
160 195 
21
2 18 30 37 41 51 97 98 105 110 111 117 
139 144 151 157 161 167 168 180 200 
25
24 27 29 40 64 67 74 76 78 100 101 106 
111 121 132 138 141 158 159 185 186 187 194 195 
197 
22
12 32 34 35 48 51 55 84 85 91 92 111 
112 120 152 154 163 166 167 171 192 198 
27
10 17 19 42 46 47 53 66 69 74 87 95 
98 99 105 135 142 152 153 157 158 163 166 172 
177 183 186 
29
1 9 38 47 51 52 75 77 80 95 97 101 
109 117 118 120 129 136 139 144 147 153 155 176 
178 187 189 197 200 
19
19 24 25 27 60 65 71 77 81 89 106 112 
123 127 128 167 183 190 195 
26
1 9 21 51 67 68 69 73 77 80 86 102 
106 111 119 123 129 132 142 143 148 157 169 174 
176 177 
26
1 7 8 12 21 39 41 55 83 89 91 112 
117 129 135 140 157 164 168 178 180 182 188 192 
196 197 
23
3 4 8 10 11 22 31 44 46 87 90 98 
108 123 129 135 140 161 162 163 166 173 174 
18
6 17 23 30 63 72 74 76 84 90 106 107 
114 130 157 167 178 195 
17
7 36 39 51 70 88 121 139 143 149 154 158 
168 172 174 180 190 
30
2 7 10 19 21 30 31 38 39 40 53 69 
70 79 84 87 92 99 101 110 125 126 135 142 
149 163 167 181 194 199 
18
4 14 15 17 40 46 55 65 82 113 115 127 
138 154 156 180 187 192 
30
4 5 10 11 12 25 37 44 45 46 76 87 
107 108 111 114 116 117 133 142 146 148 149 150 
166 173 178 179 190 200 
23
6 10 13 20 41 43 59 81 91 99 103 108 
116 117 119 122 126 127 130 146 171 175 178 
17
11 77 81 85 86 96 109 114 146 152 154 155 
157 172 184 185 187 
14
15 44 48 49 54 99 103 107 120 141 152 155 
159 166 
19
19 33 68 80 110 112 117 123 130 151 154 160 
169 170 172 177 181 182 190 
14
18 21 34 82 98 99 119 122 123 145 184 190 
196 197 
24
2 4 34 35 40 41 57 62 68 74 75 77 
83 97 98 124 132 137 142 143 157 175 178 193 
19
11 27 38 40 48 61 66 72 73 96 110 113 
125 127 156 164 169 184 197 
19
2 16 23 24 29 34 52 85 91 104 106 120 
130 143 154 158 172 185 199 
28
5 7 21 29 43 46 53 55 64 67 77 98 
114 119 120 122 126 135 136 140 141 144 146 152 
156 157 174 177 
19
22 28 33 35 44 45 52 56 82 100 101 105 
108 123 126 143 174 189 191 
18
11 21 25 42 44 49 66 74 76 78 87 107 
113 151 154 167 171 184 
21
6 23 28 33 36 51 57 62 69 85 109 122 
129 131 169 173 175 181 187 191 194 
31
8 9 12 16 21 27 28 30 33 38 60 65 
79 80 82 100 102 107 108 131 137 146 156 159 
174 175 178 184 185 189 193 
22
7 22 38 55 58 60 61 62 68 82 96 113 
118 119 124 126 127 133 139 146 149 158 
17
10 18 31 33 53 61 63 74 92 142 144 159 
172 175 182 190 194 
25
9 23 29 30 36 53 60 70 80 89 90 92 
97 98 103 109 130 140 150 155 169 174 192 193 
200 
22
2 9 10 30 32 36 41 45 48 57 60 64 
76 82 84 88 99 122 132 180 188 196 
21
3 6 7 27 46 61 62 82 87 95 107 122 
123 135 143 146 150 159 160 166 168 
21
5 13 19 21 23 28 34 43 67 68 75 96 
112 115 123 131 140 160 164 167 192 
12
3 5 17 45 50 63 76 77 115 148 163 199 
27
33 45 51 73 80 86 88 90 107 121 123 133 
135 136 137 138 142 158 163 166 174 175 184 189 
191 195 199 
14
5 11 32 49 52 63 79 98 103 105 121 137 
169 173 
20
4 8 10 36 55 66 73 75 78 96 102 111 
124 145 149 172 178 187 191 199 
24
5 9 13 18 19 29 39 44 51 74 82 92 
93 112 117 146 150 155 164 170 172 173 185 199 
13
7 10 17 28 30 47 59 79 101 134 139 149 
178 
27
1 7 15 20 27 28 33 35 41 44 50 58 
62 80 81 89 92 95 112 114 117 121 133 167 
173 182 192 
20
13 16 18 31 46 48 89 100 107 111 114 116 
121 140 149 151 162 183 189 197 
22
2 49 50 59 61 86 92 99 109 111 116 117 
119 135 143 148 163 174 182 194 197 200 
9
24 71 95 120 128 131 139 152 184 
21
3 4 34 40 51 53 66 69 76 78 89 91 
96 114 128 147 150 163 174 191 200 
17
3 8 9 22 35 38 76 106 146 154 156 157 
161 165 169 188 198 
23
12 28 51 61 62 67 70 76 78 79 86 94 
96 122 123 128 133 154 155 160 164 173 196 
17
30 31 32 44 52 58 82 96 121 124 130 134 
142 144 165 179 183 
21
4 11 17 33 36 37 53 65 80 115 116 127 
135 143 148 153 162 176 177 192 194 
16
9 44 47 50 56 70 74 81 105 112 118 123 
147 154 170 186 
29
22 27 29 38 41 49 52 53 80 81 84 93 
102 103 130 131 139 149 151 155 157 173 174 177 
179 183 195 196 199 
25
17 20 27 30 39 40 52 62 64 66 73 77 
79 96 134 146 147 157 165 169 172 175 184 189 
191 
20
1 9 12 13 29 42 65 75 99 117 134 139 
145 149 155 164 173 174 193 198 
19
3 6 11 40 41 43 67 74 108 112 114 119 
127 129 144 170 187 191 196 
19
1 10 25 54 65 69 99 121 126 132 149 151 
157 158 167 169 173 179 197 
22
3 5 21 27 45 50 51 53 57 79 82 92 
100 115 137 138 147 175 178 187 189 198 
11
21 44 46 47 75 87 91 107 129 136 145 
29
16 20 23 24 25 30 33 43 55 61 62 67 
73 81 84 89 98 115 116 118 129 139 151 165 
167 168 177 178 186 
25
1 8 30 38 41 47 51 68 71 80 81 82 
96 99 109 112 114 122 127 133 137 151 164 187 
188 
17
2 4 9 22 24 56 59 73 102 113 121 133 
140 141 160 173 183 
14
4 19 29 73 85 96 115 131 142 152 162 166 
177 191 
19
8 13 18 47 60 69 70 73 76 78 99 106 
116 122 137 147 173 180 182 
25
12 24 36 39 42 59 62 78 87 93 98 102 
105 121 124 131 133 138 148 153 167 173 180 183 
200 
17
27 45 51 59 78 88 99 107 112 149 150 158 
170 171 178 186 189 
23
4 5 6 20 21 28 30 35 61 89 91 93 
127 128 130 140 143 144 147 155 168 176 190 
24
24 27 30 49 57 61 67 80 89 95 99 104 
133 136 141 144 146 153 173 175 181 189 198 200 
27
8 28 29 38 46 48 51 57 59 67 69 71 
93 94 138 145 146 150 156 165 173 178 179 183 
187 189 197 
23
8 40 55 61 75 77 81 87 91 102 103 111 
115 120 121 128 139 145 159 165 172 176 197 
15
1 2 3 10 12 25 63 78 82 97 112 137 
155 159 170 
24
5 8 20 24 25 37 43 45 53 62 63 101 
102 119 126 137 141 161 168 176 177 180 188 197 
19
2 15 25 26 33 46 47 85 94 105 108 124 
129 130 138 142 146 185 186 
27
13 15 17 23 25 30 47 49 66 68 89 91 
93 100 112 127 130 146 151 155 162 180 187 189 
190 198 200 
22
38 54 61 67 68 69 75 76 79 91 98 105 
116 118 127 139 142 152 158 173 195 198 
19
2 9 17 22 23 28 40 43 51 54 79 88 
113 118 121 123 126 165 171 
26
2 13 14 18 24 27 41 48 54 67 78 79 
89 95 99 103 117 123 124 125 150 161 169 179 
181 195 
18
7 13 15 29 54 95 102 103 118 135 141 142 
144 145 155 161 174 175 
14
1 7 16 17 24 30 50 60 82 119 135 159 
194 197 
19
4 8 9 31 44 49 59 65 73 79 85 91 
104 105 132 143 183 184 199 
16
19 31 37 39 44 73 84 104 119 124 127 170 
184 187 190 200 
24
17 43 50 56 59 74 77 79 91 99 106 107 
129 132 135 138 148 155 170 172 182 187 188 190 
21
14 19 35 38 39 54 65 86 92 110 136 145 
148 151 161 166 171 183 188 195 200 
15
19 24 37 55 83 86 109 134 142 152 172 173 
177 178 187 
21
4 9 66 68 77 81 84 86 101 108 130 141 
153 159 169 174 176 178 188 189 193 
19
19 24 28 29 41 42 43 61 75 83 91 104 
109 129 133 147 161 171 179 
16
15 24 34 40 57 58 84 95 97 116 145 159 
174 175 180 197 
18
15 16 17 18 35 44 82 89 91 96 99 104 
111 114 116 140 154 169 
26
1 12 21 29 33 47 66 72 73 81 91 103 
106 112 128 145 147 157 169 170 173 183 189 193 
194 195 
22
12 16 21 22 33 34 50 51 71 72 77 82 
110 120 135 140 144 153 156 182 191 194 
23
5 15 17 18 28 33 37 43 51 67 69 75 
83 92 126 131 137 149 151 169 178 183 195 
16
18 24 41 43 44 49 76 81 104 114 141 150 
167 172 197 199 
27
28 36 52 56 60 64 67 68 74 81 97 98 
100 109 110 112 115 133 134 140 147 149 170 172 
182 186 194 
21
13 38 52 58 62 65 76 85 90 103 111 115 
129 134 145 152 165 166 194 198 200 
21
4 32 34 44 47 58 75 82 93 96 112 135 
143 146 152 161 174 175 178 182 184 
17
19 51 53 60 63 71 82 91 96 104 109 146 
150 158 159 164 183 
12
3 12 16 48 50 89 106 120 159 173 180 191 
17
27 31 40 44 64 95 98 123 126 135 142 150 
152 164 169 191 200 
25
12 26 37 48 55 67 90 93 95 97 111 112 
118 127 128 129 136 149 161 167 171 177 183 184 
190 
15
11 26 37 38 94 98 101 107 112 113 133 144 
155 185 189 
18
1 11 28 56 60 78 88 93 104 107 118 131 
134 137 142 165 187 195 
12
11 50 110 119 127 132 165 167 173 182 183 198 
25
1 14 30 43 52 53 60 65 74 75 76 89 
93 97 98 101 122 128 132 142 152 164 172 192 
195 
24
12 16 28 35 44 61 73 79 83 99 107 115 
122 127 136 145 148 149 151 166 168 177 187 196 
16
10 22 26 39 46 52 67 68 92 117 140 160 
167 174 188 197 
19
7 19 29 37 40 49 50 54 84 105 111 120 
145 165 172 178 190 191 193 
15
3 4 46 55 68 70 84 132 133 136 156 172 
193 194 195 
22
2 6 7 14 26 39 46 47 63 66 88 107 
123 124 129 144 150 169 175 186 193 197 
17
6 24 30 42 51 74 89 101 109 111 119 131 
135 148 158 179 198 
21
6 19 22 36 43 53 62 67 69 73 77 80 
85 105 110 115 125 128 131 169 177 
16
4 13 40 60 72 86 96 130 153 173 179 180 
181 182 191 197 
16
2 5 7 27 37 39 48 73 83 90 93 119 
121 173 192 199 
18
1 7 18 19 47 57 66 74 76 81 121 141 
143 155 159 171 184 187 
24
9 20 31 32 33 36 41 45 46 47 49 57 
74 95 106 112 137 146 152 160 166 173 177 179 
25
3 8 18 20 23 30 34 39 49 55 62 64 
67 72 76 91 102 119 120 123 154 161 164 178 
183 
18
6 9 10 32 35 38 42 69 77 82 98 113 
132 135 137 159 160 179 
27
1 8 14 15 21 23 28 41 57 58 64 75 
81 83 86 89 90 99 103 113 116 136 142 143 
164 174 186 
27
53 57 66 78 81 84 86 89 105 116 122 131 
132 134 140 141 149 156 161 163 164 168 174 186 
188 194 199 
17
1 4 25 34 47 48 51 57 63 74 96 108 
154 162 164 171 176 
25
13 16 25 31 32 37 47 49 50 52 53 65 
77 85 94 95 115 133 136 145 156 185 189 195 
200 
13
3 16 50 56 67 69 96 120 126 143 172 175 
190 
24
4 12 20 30 39 45 47 63 73 81 98 109 
111 138 144 146 150 153 159 166 177 179 181 187 
24
8 10 23 46 52 53 54 64 95 96 97 103 
113 119 134 146 150 157 165 171 176 180 195 198 
17
10 13 19 23 51 80 89 97 109 111 116 123 
127 132 143 178 185 
20
8 11 14 15 46 53 67 94 101 106 113 114 
121 125 155 164 166 170 181 191 
17
5 10 21 25 28 30 33 60 73 76 81 105 
109 124 136 142 147 
25
4 5 6 17 20 23 24 26 31 46 52 57 
68 70 87 94 112 120 145 161 171 175 193 196 
198 
25
1 8 12 14 18 36 38 58 59 61 62 67 
68 75 81 86 91 94 114 123 142 149 151 163 
172 
20
36 46 48 51 60 72 78 100 101 105 110 119 
121 122 126 137 152 162 165 167 
21
7 17 32 48 65 70 75 89 90 97 115 126 
131 132 142 150 155 187 188 193 200 
14
15 27 52 62 69 90 100 111 144 160 162 185 
190 193 
14
20 35 36 39 54 71 81 119 120 131 152 162 
183 197 
11
15 16 78 111 112 118 138 150 153 157 164 
17
6 17 19 25 26 65 85 107 114 124 139 143 
144 163 164 190 191 
16
3 12 19 24 31 46 53 55 61 95 119 131 
170 187 189 196 
17
4 22 27 48 49 50 54 71 76 85 92 123 
135 164 169 189 191 
17
2 7 52 70 91 100 103 118 127 136 144 148 
163 165 169 179 182 
16
15 58 74 93 96 97 98 114 115 135 161 175 
181 185 196 198 
17
9 19 63 71 84 97 103 120 125 131 133 151 
165 171 172 173 188 
21
23 44 53 62 73 76 86 89 90 97 112 113 
123 130 133 139 140 148 167 175 179 
7
19 53 78 98 137 190 194 
24
1 15 18 19 29 30 41 46 49 60 61 83 
94 108 117 119 121 127 136 158 178 187 193 196 
20
12 16 18 27 60 65 98 102 106 118 132 147 
160 165 169 174 177 180 182 196 
13
10 42 53 93 107 115 123 131 150 154 167 179 
186 
26
8 19 22 30 33 46 51 58 60 75 78 80 
87 91 107 122 125 129 139 146 153 163 179 182 
190 196 
26
10 12 26 38 39 41 53 60 62 71 72 80 
82 94 96 100 107 114 116 120 133 138 139 153 
164 194 
18
12 19 36 43 46 61 79 83 84 87 147 148 
153 154 179 181 182 189 
21
1 2 23 24 30 36 42 44 51 64 70 83 
94 124 128 131 133 180 188 190 197 
30
5 10 18 26 33 35 38 39 47 49 57 60 
62 65 71 87 90 91 98 100 102 130 141 151 
163 178 182 183 197 199 
22
16 18 21 34 36 59 75 93 98 99 127 132 
148 154 156 158 163 171 173 176 177 199 
17
8 69 71 75 87 94 95 96 105 112 121 129 
136 139 141 142 150 
28
4 13 25 28 30 33 41 43 67 68 74 103 
107 117 118 126 144 148 161 163 165 174 178 183 
185 186 192 199 
18
28 47 48 60 68 79 86 92 102 105 110 119 
122 134 156 158 163 170 
22
2 19 20 48 61 64 74 80 85 88 94 110 
111 114 121 135 141 142 153 171 180 200 
16
1 10 16 44 84 104 113 122 124 133 136 143 
159 178 181 193 
22
1 30 34 38 47 49 50 59 66 68 89 92 
93 94 106 114 128 139 149 176 180 186 
19
1 12 29 30 42 52 57 98 104 105 119 132 
153 156 163 167 170 181 187 
18
2 17 23 43 57 71 74 80 96 108 130 134 
136 150 171 172 191 200 
19
6 13 27 31 56 66 77 79 81 82 110 119 
139 141 161 164 189 193 195 
32
16 17 27 28 33 35 44 54 59 66 67 72 
73 74 76 81 89 94 104 112 120 122 124 126 
141 142 150 162 163 171 172 199 
18
10 13 17 29 30 43 53 65 71 79 97 105 
114 165 169 173 183 199 
16
2 3 6 14 15 20 38 46 47 58 99 114 
134 135 160 180 
12
22 30 36 52 62 64 74 78 93 112 173 179 
21
5 12 14 25 56 60 81 83 94 97 114 135 
137 138 141 143 146 165 178 185 197 
21
2 16 47 50 52 59 71 72 76 113 127 145 
153 155 164 171 175 185 187 188 199 
24
5 15 20 28 29 45 55 58 63 86 113 116 
117 122 125 130 133 145 148 154 165 169 176 200 
18
11 34 43 50 55 65 91 96 152 153 163 170 
171 186 188 193 194 199 
24
16 20 21 23 26 28 36 60 71 81 88 89 
90 101 103 104 122 127 134 148 149 158 162 169 
25
7 21 24 34 35 49 74 80 84 87 98 103 
107 116 131 137 145 154 155 160 163 176 182 193 
197 
20
2 14 38 46 57 70 72 82 105 114 127 130 
151 155 169 180 189 195 198 199 
20
3 5 6 18 23 28 55 90 102 109 155 159 
161 167 172 179 180 181 183 194 
25
2 13 14 22 39 43 48 65 67 82 83 101 
105 112 125 145 147 151 158 168 174 182 192 193 
198 
17
4 9 13 15 37 52 56 59 77 80 89 108 
118 122 142 150 173 
25
7 18 22 30 40 42 47 48 53 60 63 83 
87 110 125 146 150 154 155 156 166 171 181 194 
199 
23
8 23 32 34 38 55 57 62 70 75 81 83 
98 105 123 133 140 142 149 162 177 184 200 
25
18 25 28 29 39 40 46 51 67 75 78 80 
94 104 110 112 114 127 140 160 171 177 178 184 
187 
15
14 62 68 75 80 97 107 109 123 135 148 155 
186 192 197 
21
8 10 14 18 22 29 31 39 42 49 51 86 
113 119 121 147 160 169 179 185 193 
19
1 10 29 42 46 48 54 61 92 101 112 128 
131 133 152 164 165 182 198 
15
16 18 31 47 67 99 108 114 126 139 142 145 
152 194 199 
19
11 36 43 47 56 69 70 77 83 100 101 115 
134 142 144 156 169 191 192 
15
6 17 41 56 87 90 101 107 114 116 148 149 
174 183 187 
25
8 20 23 27 45 47 56 62 68 70 81 96 
97 98 113 122 143 163 174 175 176 190 193 199 
200 
21
2 9 44 50 67 71 75 76 92 95 97 101 
106 114 119 145 153 161 166 179 181 
28
5 9 33 37 44 48 50 55 63 66 71 76 
102 107 113 128 132 138 142 145 148 151 162 166 
168 172 183 186 
21
26 27 32 35 43 47 58 69 71 74 85 93 
94 108 124 136 137 175 194 199 200 
20
31 32 54 56 57 60 61 68 82 103 105 120 
137 148 159 171 177 180 184 185 
23
7 14 32 48 52 59 63 66 94 99 110 124 
127 133 141 142 144 146 152 190 194 198 199 
14
2 8 14 21 24 31 58 117 125 162 172 177 
189 196 
22
2 7 21 41 48 54 55 56 60 77 98 102 
107 121 143 147 152 156 158 163 164 184 
20
20 43 75 80 87 91 100 106 107 109 139 140 
145 161 168 170 182 183 184 186 
13
16 26 44 48 61 64 75 80 85 106 131 149 
151 
23
5 16 23 32 46 55 62 71 74 82 84 129 
133 144 149 160 161 162 164 173 176 183 188 
17
5 23 37 45 82 89 100 105 115 117 127 136 
138 143 161 186 198 
21
21 23 25 32 44 49 52 74 100 109 110 111 
116 130 132 169 172 173 174 178 185 
26
3 9 23 32 33 39 43 54 57 59 63 73 
81 91 116 119 121 122 143 148 152 169 172 191 
193 199 
20
22 28 30 38 41 53 58 63 71 72 73 95 
101 112 134 136 139 150 185 193 
13
10 55 65 68 74 85 94 154 157 172 180 182 
190 
18
7 28 44 49 64 66 75 90 95 100 131 134 
152 160 166 170 171 174 
13
17 18 39 55 56 67 68 74 113 130 132 179 
181 
19
5 14 18 19 21 29 53 61 81 90 96 116 
128 134 151 153 162 166 189 
15
15 16 26 36 55 80 84 85 86 112 118 127 
175 179 193 
21
4 18 22 25 36 39 56 64 69 81 95 99 
102 106 114 126 131 155 160 178 185 
28
6 8 10 15 25 29 31 32 36 47 50 58 
68 77 80 87 94 96 106 117 125 133 135 154 
160 173 177 190 
29
12 22 25 38 43 50 63 73 75 78 81 90 
91 97 100 103 112 113 127 137 138 145 150 151 
153 167 176 177 196 
14
15 45 51 52 58 61 63 80 94 118 119 136 
150 200 
21
16 19 24 28 38 39 44 46 48 57 67 77 
92 99 104 118 159 171 172 190 198 
15
9 15 25 26 34 50 68 105 112 153 155 161 
176 179 189 
20
2 3 21 31 44 53 54 58 66 72 85 90 
108 117 141 164 166 181 184 191 
19
2 12 14 16 37 58 63 70 87 93 96 129 
135 140 145 153 154 183 189 
26
2 5 16 17 21 25 43 46 47 54 60 78 
85 93 94 100 113 125 126 133 137 143 155 156 
185 194 
21
4 6 7 17 35 38 43 49 89 90 95 96 
103 104 132 155 167 178 183 190 199 
23
5 13 22 24 26 27 51 57 58 72 97 99 
109 114 130 142 146 159 164 171 172 184 192 
12
2 37 52 64 68 72 88 101 109 115 141 174 
16
2 29 39 61 65 73 75 88 107 108 112 113 
131 138 156 187 
18
10 20 35 46 50 51 61 85 87 105 109 134 
141 142 143 161 162 171 
16
7 35 58 65 69 88 90 122 124 126 130 138 
157 178 187 194 
24
1 10 14 36 38 47 48 55 79 80 84 86 
105 113 115 123 124 137 148 150 171 172 181 190 
25
2 5 17 25 30 37 38 46 64 75 78 80 
92 93 107 113 116 121 123 135 154 164 165 172 
176 
18
1 2 14 34 40 44 47 53 65 87 88 104 
134 138 166 184 194 200 
22
8 13 31 36 51 56 63 81 86 99 109 121 
123 134 135 140 143 144 146 156 165 200 
22
4 27 31 37 38 44 67 69 70 77 95 113 
120 127 135 149 150 166 174 179 187 195 
21
8 18 22 26 27 35 42 48 52 56 74 78 
82 85 113 116 128 133 147 168 185 
19
21 24 31 33 49 74 75 88 110 127 132 156 
165 176 180 184 187 188 199 
22
9 31 43 45 46 68 69 75 79 80 81 92 
94 97 103 104 109 117 128 154 158 182 
22
6 10 20 26 33 34 39 40 71 86 101 115 
116 130 149 158 162 165 177 178 187 197 
25
5 10 24 37 38 52 54 56 62 68 69 77 
85 113 115 136 146 149 152 160 164 165 171 172 
191 
19
3 6 19 30 36 38 40 57 61 69 70 85 
101 106 128 137 159 173 174 
24
3 18 25 26 43 46 48 71 74 76 90 92 
99 100 101 109 140 143 162 167 173 192 193 199 
21
1 9 26 27 40 50 56 65 79 90 95 97 
100 104 105 127 152 159 163 172 188 
25
2 6 30 33 39 40 42 46 47 55 58 60 
65 71 84 116 122 130 152 167 168 170 171 179 
181 
21
10 18 38 54 56 61 62 70 73 99 105 130 
134 136 139 140 154 162 169 197 198 
18
6 32 35 36 42 43 52 58 63 67 92 130 
137 158 182 188 191 193 
17
4 31 45 58 62 68 90 112 118 122 154 160 
161 167 171 183 196 
22
3 9 28 34 35 42 59 66 68 73 97 102 
110 127 137 139 155 162 177 185 191 198 
20
2 8 14 16 19 20 56 78 79 88 90 101 
110 111 128 143 148 160 164 174 
18
7 23 24 39 52 69 88 89 90 103 110 112 
119 132 154 162 191 199 
21
9 13 16 43 44 46 65 71 82 98 107 116 
128 130 134 139 140 152 159 164 183 
18
16 23 24 60 85 99 100 104 105 110 120 139 
144 160 174 182 191 193 
22
12 13 17 40 48 59 65 66 68 75 83 88 
111 118 140 152 156 157 164 168 169 171 
15
10 26 52 74 80 82 88 89 116 143 151 164 
182 192 197 
20
18 20 73 88 92 120 121 123 135 143 145 151 
154 157 159 162 167 180 191 193 
18
5 23 26 39 43 46 52 68 77 82 113 127 
142 164 173 176 182 191 
28
15 26 37 38 43 44 50 55 60 63 68 72 
74 98 102 104 108 113 114 120 127 139 142 147 
148 170 174 182 
19
3 12 13 28 34 56 58 81 88 90 107 135 
140 145 153 172 175 186 200 
21
7 37 42 53 56 57 71 76 79 81 84 85 
89 94 104 132 149 160 168 197 198 
19
4 13 66 87 109 113 126 132 136 143 157 165 
175 176 185 187 189 190 192 
18
5 20 27 29 31 35 60 62 73 76 87 111 
125 136 152 155 156 199 
18
10 19 34 53 71 85 90 94 115 156 158 159 
166 167 179 192 194 199 
17
23 34 39 46 51 81 85 89 102 115 137 142 
143 152 156 166 193 
24
5 22 23 25 26 31 33 41 44 47 48 62 
82 93 102 105 106 115 132 137 157 170 186 188 
19
34 36 40 67 75 100 101 102 105 119 156 159 
162 176 177 180 190 192 197 
13
9 17 64 66 77 82 96 106 142 154 178 179 
189 
20
11 14 71 74 79 82 84 104 107 111 115 131 
132 145 149 155 157 168 177 183 
18
2 3 4 39 41 46 62 94 97 122 140 152 
153 160 161 163 184 195 
23
11 24 40 42 51 53 64 69 83 90 92 100 
106 109 113 131 134 152 166 169 171 175 197 
14
15 23 31 43 47 55 84 89 97 99 116 135 
154 198 
20
20 25 32 33 38 44 52 57 66 75 91 94 
97 103 113 120 126 142 153 156 
19
8 16 25 26 29 47 67 76 84 89 106 111 
113 126 140 145 171 175 185 
23
7 9 20 23 63 68 74 78 96 105 107 108 
111 116 118 132 137 140 158 173 177 198 199 
22
12 26 29 31 41 46 49 56 60 61 72 83 
84 103 126 146 150 153 167 175 195 197 
16
13 21 22 29 32 63 69 82 96 102 109 141 
156 163 179 200 
17
22 28 58 81 101 103 104 111 134 136 144 145 
160 170 173 176 193 
19
18 33 38 42 47 66 82 98 99 103 132 156 
160 162 166 168 172 177 187 
25
18 23 35 36 47 59 60 65 69 81 85 97 
102 108 109 110 140 142 148 164 170 185 189 192 
198 
21
37 38 40 43 51 57 83 92 99 101 104 109 
112 119 144 145 163 164 165 168 176 
27
13 14 17 20 24 31 35 39 48 54 55 63 
66 70 85 103 107 109 128 143 145 156 160 178 
188 195 200 
15
7 17 29 30 34 41 87 115 128 131 139 149 
176 184 199 
23
10 43 53 64 72 78 81 88 110 114 136 140 
150 152 153 154 174 177 179 187 195 196 200 
26
11 13 14 16 19 22 30 34 38 44 47 57 
66 81 98 102 109 124 132 142 153 154 162 188 
194 199 
22
3 27 45 51 53 60 65 66 71 78 110 118 
132 136 138 140 158 166 182 184 188 197 
24
20 41 44 55 58 61 68 74 84 92 97 98 
104 108 114 128 130 131 158 164 167 183 187 194 
22
1 16 35 57 59 71 82 86 97 112 113 114 
116 126 128 144 148 150 165 178 181 198 
19
6 25 69 79 104 111 124 129 132 137 138 139 
144 149 151 166 176 185 198 
24
1 10 12 17 19 24 52 59 61 63 110 122 
136 141 147 158 160 162 167 174 178 184 191 192 
23
12 22 26 50 52 80 82 84 99 110 113 118 
119 123 138 139 146 148 156 164 167 169 184 
25
6 20 22 31 39 41 56 73 74 79 94 97 
98 123 126 128 130 136 141 142 144 151 165 169 
177 
11
35 40 62 86 132 138 154 159 172 183 198 
14
91 97 98 102 126 140 142 155 163 170 180 183 
188 200 
21
5 26 34 35 58 64 73 82 87 88 89 99 
105 109 112 115 121 159 161 178 180 
