400 200
1 1 1 1 1 1 1 1 1 1 1 1 
1 1 1 1 1 1 1 1 1 1 1 1 
1 1 1 1 1 1 1 1 1 1 1 1 
1 1 1 1 1 1 1 1 1 1 1 1 
1 1 1 1 1 1 1 1 1 1 1 1 
1 1 1 1 1 1 1 1 1 1 1 1 
1 1 1 1 1 1 1 1 1 1 1 1 
1 1 1 1 1 1 1 1 1 1 1 1 
1 1 1 1 1 1 1 1 1 1 1 1 
1 1 1 1 1 1 1 1 1 1 1 1 
1 1 1 1 1 1 1 1 1 1 1 1 
1 1 1 1 1 1 1 1 1 1 1 1 
1 1 1 1 1 1 1 1 1 1 1 1 
1 1 1 1 1 1 1 1 1 1 1 1 
1 1 1 1 1 1 1 1 1 1 1 1 
1 1 1 1 1 1 1 1 1 1 1 1 
1 1 1 1 1 1 1 1 
57
2 7 9 11 14 15 16 20 22 25 28 32 
33 34 36 37 45 49 51 55 58 61 63 67 
75 78 80 81 84 87 94 95 97 100 101 113 
123 126 131 133 135 136 138 140 143 148 151 153 
161 162 163 165 170 176 187 193 195 
60
3 4 5 13 17 20 21 26 28 42 43 53 
55 67 73 75 78 79 81 82 84 85 86 95 
99 106 107 109 111 112 127 128 130 131 136 137 
139 140 141 142 145 146 147 151 154 158 162 163 
164 165 166 167 170 176 181 185 186 188 189 191 
52
2 6 7 10 13 17 21 25 30 41 45 52 
59 66 68 94 99 103 107 111 113 125 127 130 
131 134 137 138 139 140 141 143 144 148 152 153 
157 158 160 173 181 183 184 185 188 189 190 191 
192 195 197 199 
50
7 10 14 16 18 27 39 49 50 51 59 61 
73 74 76 79 84 87 88 89 92 100 101 108 
109 112 114 117 123 126 127 129 132 143 144 151 
156 158 160 170 178 185 187 193 194 195 197 198 
199 200 
57
1 2 4 5 9 21 25 33 34 37 38 45 
47 50 52 53 54 58 60 61 68 69 75 79 
83 92 94 100 103 105 106 109 110 111 114 129 
149 150 152 153 155 157 158 159 161 165 168 169 
170 173 174 180 183 187 193 194 197 
60
1 5 7 8 9 14 16 18 22 25 26 28 
31 34 35 36 39 41 43 48 50 55 58 61 
68 69 71 83 89 92 101 107 109 118 122 129 
131 133 135 137 139 140 149 152 154 157 160 161 
163 167 168 170 173 175 180 181 186 188 193 195 
65
1 3 4 6 8 10 14 17 18 19 22 23 
25 26 28 36 42 43 47 48 49 51 52 56 
58 61 65 67 69 73 76 77 79 80 85 86 
87 97 104 108 113 114 115 118 127 129 130 132 
138 139 141 143 144 149 154 158 161 165 176 181 
183 184 193 197 198 
61
6 8 14 22 25 29 32 33 35 38 40 41 
43 45 49 55 60 62 64 66 67 75 77 86 
90 101 104 105 107 109 110 115 116 119 122 124 
125 128 129 133 134 139 141 143 149 151 153 156 
161 165 168 175 176 178 183 184 187 192 193 198 
199 
52
1 9 15 18 25 26 29 38 39 40 46 50 
51 57 60 71 73 82 88 90 91 95 96 101 
103 105 109 113 116 118 124 128 132 133 136 146 
148 149 150 151 153 156 157 163 165 169 171 173 
179 189 192 194 
57
3 6 10 21 26 30 31 32 40 50 52 54 
59 65 66 73 78 85 87 89 90 92 97 102 
103 104 105 110 116 119 123 128 130 131 132 135 
137 139 144 145 149 151 152 158 160 161 166 172 
179 183 184 185 188 192 193 198 200 
59
2 3 9 13 16 31 32 35 36 43 45 47 
49 50 53 56 66 67 68 70 71 75 76 79 
80 81 83 85 90 93 97 98 101 111 113 114 
116 121 129 132 137 141 142 143 144 146 148 152 
153 159 164 173 174 179 181 185 191 195 197 
60
4 7 16 19 21 22 23 24 26 30 33 48 
51 55 57 62 65 68 70 74 75 78 80 85 
91 93 95 96 99 100 104 106 114 117 120 123 
124 125 126 127 128 131 133 137 138 141 143 146 
147 157 159 165 168 172 180 185 186 193 195 200 
55
2 7 9 10 16 17 32 37 47 48 49 51 
64 66 67 70 71 74 77 83 84 86 89 90 
104 106 110 112 114 116 117 127 129 132 139 144 
145 149 150 152 153 154 157 158 159 164 165 170 
173 182 186 188 189 194 199 
50
8 14 16 17 19 22 24 33 34 35 38 40 
48 49 53 54 61 68 72 74 75 76 82 85 
87 93 94 96 102 110 129 131 137 138 139 141 
149 150 153 155 156 158 160 162 164 169 177 182 
191 199 
62
1 2 6 7 9 15 17 21 22 23 25 26 
30 33 34 35 37 38 50 55 57 64 74 79 
83 84 89 91 92 99 100 102 103 104 105 109 
111 114 120 122 123 127 129 133 140 146 154 161 
163 164 167 168 169 178 182 183 184 186 188 192 
197 200 
54
6 12 17 22 30 32 33 34 38 47 48 49 
52 53 54 56 60 61 64 65 67 72 76 78 
82 85 86 96 97 101 106 116 118 121 132 133 
141 144 156 157 158 161 164 167 171 172 178 179 
183 186 188 198 199 200 
56
2 8 11 18 25 26 33 38 41 47 48 52 
58 60 65 71 73 80 81 88 89 91 96 100 
107 109 112 113 117 119 124 126 128 133 138 144 
147 152 153 157 159 161 162 163 164 165 166 170 
171 177 181 185 186 192 195 197 
55
1 6 10 14 15 18 22 30 31 34 36 39 
43 48 55 61 67 71 76 77 84 85 87 88 
90 92 94 95 97 102 104 105 107 112 113 124 
126 133 134 142 144 146 151 156 157 163 164 165 
169 171 174 185 186 187 191 
57
11 16 17 20 23 25 26 33 37 41 50 51 
54 56 57 62 65 66 67 75 81 83 85 86 
87 96 99 104 107 109 110 115 122 126 128 129 
130 134 137 138 142 144 146 155 162 164 172 173 
175 176 184 185 189 195 196 197 198 
64
1 3 6 22 24 28 30 31 32 34 35 39 
42 48 50 56 58 62 67 73 76 79 80 83 
85 86 87 91 95 100 101 104 119 121 124 125 
128 131 133 134 135 136 138 139 141 144 145 146 
150 157 159 160 166 169 173 175 184 189 190 191 
192 194 196 198 
51
1 9 15 19 25 33 34 36 39 42 45 46 
51 52 53 57 58 59 63 71 78 80 81 87 
92 98 100 101 102 106 109 111 120 122 123 128 
137 141 144 145 150 152 154 161 169 170 172 177 
184 189 199 
65
1 3 4 5 9 16 17 20 21 23 34 35 
38 40 42 43 44 45 46 47 48 53 59 62 
63 64 74 77 79 80 86 87 91 92 105 110 
116 119 123 124 126 130 133 134 136 139 141 153 
157 161 162 165 167 170 171 174 175 177 182 183 
185 188 190 195 199 
65
5 8 15 16 20 22 23 24 27 28 29 35 
36 45 48 49 51 52 54 60 62 63 65 69 
72 79 80 83 86 91 99 100 107 110 113 116 
120 121 124 126 128 134 136 141 142 147 148 152 
153 159 164 165 166 167 171 173 182 186 189 190 
194 195 196 198 200 
67
1 2 7 8 10 15 24 25 26 31 43 44 
46 47 48 52 53 54 58 59 60 64 65 68 
70 71 74 75 76 80 82 90 91 102 107 109 
111 112 113 115 117 122 124 125 129 134 137 142 
151 152 153 154 155 158 162 164 175 176 181 183 
186 190 191 192 194 197 200 
49
3 6 18 22 29 32 37 38 43 44 45 49 
50 52 56 62 75 82 88 94 101 105 107 110 
111 112 113 114 115 117 121 137 140 144 157 160 
163 169 170 171 174 178 180 184 186 189 192 196 
200 
67
4 5 7 9 10 11 13 15 18 21 25 26 
28 31 32 37 40 43 46 47 48 53 56 63 
64 69 70 72 74 75 77 80 84 85 86 90 
91 99 100 102 103 115 116 119 121 123 124 125 
126 128 145 147 149 151 156 157 162 169 170 174 
175 179 185 189 190 191 192 
60
2 4 9 10 12 19 33 35 38 41 42 44 
47 55 56 57 61 64 65 73 76 80 81 83 
84 86 87 88 89 91 93 94 108 113 117 126 
138 140 142 143 144 148 152 155 157 161 164 165 
166 168 173 176 177 178 183 184 187 188 194 196 
64
5 6 10 13 18 20 21 28 33 35 40 43 
44 53 54 58 59 67 70 74 76 78 81 83 
86 87 89 91 99 102 103 106 109 114 117 118 
120 126 127 128 130 140 144 145 147 149 151 153 
155 156 157 160 163 171 172 173 174 180 182 186 
187 188 192 196 
66
1 4 6 7 10 13 14 16 17 20 39 40 
41 43 45 47 49 51 53 61 69 70 72 78 
81 83 84 85 86 87 88 89 104 111 117 119 
123 125 128 133 138 141 143 144 145 146 150 151 
164 165 167 168 171 173 174 176 177 179 189 191 
192 193 195 196 199 200 
62
12 13 19 20 23 28 33 39 41 43 46 47 
52 53 54 59 60 66 67 69 71 72 73 76 
88 89 90 91 92 110 111 119 123 124 125 126 
128 129 131 132 136 138 140 142 147 151 153 154 
156 164 167 168 169 176 178 181 183 186 187 194 
196 200 
61
1 4 8 9 11 14 17 18 21 22 23 26 
30 33 35 39 41 46 47 48 50 53 54 55 
56 57 59 63 69 89 90 93 96 97 101 103 
109 117 121 123 126 131 134 140 141 148 159 160 
163 164 167 171 173 178 181 184 189 190 192 193 
199 
51
5 12 13 18 23 27 39 47 50 51 52 57 
64 70 75 78 79 83 88 89 91 92 94 96 
97 100 102 107 108 112 115 122 126 128 131 134 
137 138 140 144 146 147 148 149 151 165 172 181 
187 189 199 
49
1 7 8 9 12 13 17 18 21 22 27 29 
33 37 41 44 47 49 51 61 66 68 72 75 
87 88 101 107 110 117 121 129 130 131 137 138 
144 147 160 162 163 170 176 182 187 190 194 199 
200 
54
3 4 6 7 14 21 33 34 36 41 45 52 
60 61 62 63 66 67 69 88 93 94 95 97 
103 106 107 112 115 116 118 122 126 127 133 135 
138 140 141 142 145 146 149 162 166 170 173 181 
188 192 194 195 196 198 
62
4 5 7 9 10 15 17 19 22 26 28 29 
31 33 35 40 41 49 51 52 60 67 69 70 
74 78 80 82 84 89 91 95 96 98 99 100 
103 106 110 112 113 119 125 131 133 134 135 142 
150 156 160 169 170 171 180 183 188 189 190 197 
198 200 
57
1 3 10 12 14 15 16 17 21 24 29 30 
34 38 40 46 50 52 56 59 64 65 68 71 
72 78 79 80 82 83 84 88 91 93 100 107 
112 116 117 118 120 125 139 141 142 145 152 154 
155 160 161 164 165 166 179 186 187 
59
2 3 7 8 18 19 21 22 29 34 35 43 
57 59 62 64 65 67 70 77 85 86 89 99 
101 106 113 118 122 123 128 129 131 132 134 135 
138 139 140 142 143 145 148 150 154 156 158 161 
162 164 171 174 178 181 186 187 191 192 199 
56
1 4 5 6 9 13 17 20 23 27 34 35 
37 43 44 48 49 52 56 59 67 73 77 83 
85 89 93 99 100 103 104 106 107 112 115 116 
120 121 126 137 145 149 152 153 155 156 169 171 
175 177 183 184 190 194 195 199 
69
2 4 5 6 10 15 21 22 23 24 25 26 
28 29 32 34 35 41 47 51 54 56 58 59 
63 65 70 72 76 77 79 82 84 85 88 93 
95 98 102 105 110 114 116 118 121 122 126 136 
143 146 147 149 151 154 156 157 160 163 165 168 
172 173 177 178 179 189 197 198 200 
61
2 3 8 11 18 19 20 21 24 34 36 39 
50 51 53 57 58 61 62 63 69 70 73 74 
76 77 79 80 89 92 95 97 101 102 105 109 
111 125 129 130 133 137 144 147 152 153 154 162 
168 169 171 172 176 179 181 183 184 185 189 190 
197 
59
1 8 13 19 25 34 35 36 38 39 41 42 
44 45 46 47 55 58 61 62 63 68 71 76 
81 82 85 88 96 107 111 113 126 127 131 133 
139 141 142 147 148 154 155 157 160 162 164 165 
168 170 172 174 175 178 179 180 182 187 194 
63
2 8 13 18 22 32 36 38 43 45 48 54 
56 58 59 63 65 67 70 71 72 75 77 79 
80 82 83 88 89 90 91 97 106 110 112 114 
115 117 125 126 132 133 136 146 149 150 154 155 
160 161 168 170 171 174 176 178 182 186 187 188 
190 191 192 
64
7 12 14 18 25 26 29 43 45 47 49 52 
53 54 62 63 67 77 78 81 82 83 84 85 
88 89 91 93 94 96 97 99 101 103 105 108 
109 111 113 117 121 123 125 128 136 137 138 139 
141 146 155 159 161 163 164 165 180 181 183 188 
191 193 197 200 
56
1 3 15 17 19 20 22 23 26 31 33 34 
36 40 45 46 56 58 61 68 75 78 89 92 
100 102 108 117 125 127 128 130 131 132 134 135 
137 138 142 146 149 156 161 166 167 170 172 176 
177 178 179 187 189 190 193 198 
55
3 7 9 13 15 19 25 27 29 35 37 46 
49 50 51 62 64 69 73 79 83 84 89 94 
95 97 99 104 107 109 114 117 118 119 122 123 
133 138 140 142 145 148 153 155 158 167 174 176 
177 185 186 187 192 196 200 
50
1 2 5 6 10 13 17 18 31 35 43 49 
57 61 62 73 78 80 90 91 95 100 103 106 
107 108 110 111 112 114 120 126 129 131 132 135 
147 150 156 160 161 163 174 181 184 185 192 194 
196 197 
54
3 7 9 16 20 31 32 34 36 41 42 43 
44 49 54 63 66 70 74 75 82 84 88 91 
95 96 97 103 105 107 114 116 117 122 124 128 
140 145 148 157 160 162 164 166 167 168 171 173 
185 186 191 192 194 195 
51
2 10 12 13 16 18 23 29 30 32 35 36 
58 59 62 69 70 75 89 92 96 97 99 106 
112 116 121 122 128 137 142 143 144 146 154 157 
159 160 161 163 168 170 180 182 183 188 190 192 
193 194 196 
52
2 3 14 15 20 23 24 25 26 27 28 32 
35 43 46 47 48 49 50 52 54 57 61 68 
76 80 83 94 100 101 105 106 107 109 113 122 
127 131 134 141 144 145 146 156 158 170 172 177 
184 186 191 197 
58
3 10 12 18 22 23 24 27 30 31 37 43 
47 50 53 56 58 62 70 72 80 82 84 90 
93 95 96 98 100 103 104 106 110 112 120 125 
129 130 134 136 145 146 147 148 151 157 160 166 
168 175 177 182 191 192 193 195 197 200 
66
1 2 6 7 8 16 18 19 21 25 28 29 
31 35 47 56 57 60 62 67 68 72 74 75 
76 78 80 82 84 85 89 90 93 94 95 105 
108 109 110 113 116 120 121 123 127 129 130 132 
134 137 141 144 153 154 169 170 172 175 176 178 
183 186 189 193 194 200 
47
3 17 23 26 34 44 48 51 57 58 59 62 
64 65 67 72 73 79 88 93 94 97 99 102 
103 104 106 108 115 120 127 132 134 140 147 149 
153 158 159 161 169 171 178 189 193 197 200 
70
5 7 9 10 16 18 25 27 29 30 32 37 
41 43 45 47 48 49 54 61 64 66 67 68 
69 71 77 85 88 91 95 104 105 106 108 111 
115 117 120 122 126 128 129 130 136 141 147 149 
153 158 159 160 162 163 165 171 173 174 176 177 
178 179 183 184 186 190 191 192 198 200 
58
2 8 9 10 16 18 35 36 37 39 42 43 
47 49 51 53 55 56 60 64 65 71 72 77 
79 80 82 85 93 104 110 111 122 128 129 130 
131 135 140 141 142 153 154 156 162 164 165 166 
168 170 175 179 183 186 189 196 199 200 
57
1 2 5 14 15 16 23 25 32 37 41 43 
46 50 57 58 61 62 64 71 74 77 80 84 
86 93 95 98 102 104 105 107 110 112 114 115 
117 121 134 137 145 146 157 159 171 178 182 184 
185 186 187 188 189 190 191 195 198 
54
4 10 20 22 30 31 32 34 36 39 48 49 
53 54 55 63 64 69 73 79 82 87 89 92 
94 96 100 102 104 105 110 113 121 123 124 125 
127 130 133 135 140 143 148 162 164 168 171 173 
175 181 189 191 198 199 
70
1 5 7 13 15 20 21 27 29 30 32 34 
42 44 45 46 47 51 53 55 59 63 67 69 
70 71 74 81 85 86 90 94 103 106 109 111 
113 115 116 118 120 121 134 135 136 140 143 150 
151 153 156 157 161 162 168 170 172 173 175 177 
179 180 185 187 189 191 193 194 197 199 
56
2 4 6 8 13 21 29 31 35 38 41 43 
48 60 61 66 69 73 74 89 92 93 95 97 
100 105 107 111 112 113 114 116 117 120 128 129 
131 132 134 135 136 139 142 155 158 159 161 168 
169 171 173 177 180 182 189 199 
51
1 5 10 11 16 22 32 33 34 35 42 47 
54 56 61 63 64 69 70 78 80 82 84 91 
96 98 102 103 104 113 115 121 123 128 134 135 
136 137 148 149 154 175 177 186 187 189 192 195 
196 197 200 
71
1 5 6 8 15 16 25 29 30 31 32 33 
34 35 37 39 41 42 43 46 49 50 52 54 
55 58 60 61 65 66 67 72 77 78 79 80 
87 88 94 95 102 105 107 109 110 111 117 119 
120 125 129 130 131 132 137 141 144 147 151 159 
162 167 175 178 179 180 181 182 185 195 199 
62
2 6 7 8 9 17 20 22 23 29 30 34 
40 43 45 48 49 51 59 60 63 65 66 72 
74 79 89 91 92 97 100 105 107 113 114 117 
118 120 121 126 128 135 138 143 145 148 151 152 
161 162 163 164 165 167 170 172 176 181 182 192 
193 195 
61
1 4 5 6 12 17 18 21 22 27 30 31 
32 33 35 45 47 62 67 69 78 79 85 88 
92 93 96 103 104 109 111 113 119 120 126 132 
135 136 148 150 151 153 155 160 161 162 168 172 
173 175 180 181 183 184 186 193 195 196 198 199 
200 
50
7 20 27 30 33 36 39 41 46 50 53 57 
63 70 80 82 90 92 95 101 102 105 118 119 
120 121 122 124 125 126 133 135 138 140 151 152 
159 164 165 172 173 175 177 181 182 183 191 193 
197 200 
55
1 14 17 29 37 40 44 45 48 52 61 70 
72 74 75 77 79 84 86 88 89 90 91 94 
104 105 108 110 111 112 117 122 123 128 131 137 
142 147 148 150 159 163 164 167 168 175 179 182 
183 185 189 191 192 196 200 
57
23 25 43 46 48 49 51 55 56 62 63 70 
74 76 78 81 82 89 95 97 101 103 107 109 
110 111 112 116 118 119 124 134 135 137 138 139 
144 147 149 153 156 158 161 163 166 168 174 175 
177 181 182 186 189 193 195 198 199 
67
8 10 12 15 16 21 24 30 34 36 42 43 
46 48 49 51 57 58 59 62 64 65 66 68 
69 71 76 77 79 84 85 87 94 95 96 99 
100 104 105 106 108 118 121 125 128 146 154 157 
158 161 162 163 171 172 173 174 175 180 184 185 
186 187 189 191 194 197 198 
59
1 6 7 8 9 11 12 17 19 24 25 31 
32 34 45 48 54 55 56 57 64 70 71 72 
73 80 83 94 96 100 101 104 107 109 114 120 
121 125 128 132 134 138 139 146 148 152 161 165 
166 170 171 172 173 175 181 182 188 196 199 
65
1 5 7 8 9 13 18 21 22 23 26 28 
30 31 36 43 44 50 51 52 54 63 64 67 
72 73 74 80 82 84 86 90 95 97 101 102 
105 107 109 110 112 132 133 136 137 140 142 143 
144 145 147 154 156 161 166 172 175 176 181 182 
185 190 191 195 197 
52
2 3 6 15 16 17 26 27 28 36 40 45 
51 58 62 65 67 69 75 76 78 85 86 87 
89 91 92 94 98 102 106 109 112 116 118 122 
125 126 128 137 138 142 146 156 159 160 161 164 
170 191 194 195 
49
11 15 20 26 29 33 34 36 42 43 45 46 
48 59 71 83 89 91 92 117 118 119 120 123 
125 131 133 135 136 141 143 146 148 149 152 153 
154 155 156 159 160 163 173 177 178 179 180 190 
198 
53
1 8 11 16 17 18 27 30 32 33 46 49 
64 68 72 76 79 81 84 87 88 90 93 94 
95 97 102 107 111 114 118 119 120 124 131 134 
136 142 144 148 149 150 152 154 166 167 173 176 
178 189 194 197 200 
62
4 9 10 18 28 31 34 37 38 39 41 42 
45 46 47 51 52 53 54 55 59 68 69 75 
82 83 85 86 88 93 95 102 114 115 124 125 
126 128 132 133 134 136 137 140 142 150 151 156 
160 162 164 166 167 170 172 173 183 185 190 191 
195 197 
55
8 14 17 18 21 22 25 27 31 32 34 36 
38 43 49 51 67 74 78 79 84 87 90 92 
93 94 98 101 104 116 120 121 126 127 131 135 
139 145 149 152 157 158 164 167 170 177 184 186 
191 192 193 194 196 197 199 
56
1 2 3 5 10 12 13 17 24 26 30 45 
49 51 57 59 62 68 77 79 89 90 92 94 
96 102 103 111 113 115 118 122 125 127 132 133 
140 142 147 149 150 152 157 160 161 163 169 171 
175 181 186 187 188 189 196 199 
64
3 4 5 9 10 17 18 19 21 22 28 33 
34 37 39 42 45 46 48 49 52 53 54 55 
56 57 59 68 70 74 75 76 77 78 79 81 
83 88 90 92 93 95 100 104 105 107 108 109 
112 117 127 132 142 159 161 167 172 174 175 181 
183 188 193 199 
58
2 3 6 8 9 12 16 26 27 28 29 30 
40 44 46 50 55 56 62 64 67 71 73 75 
76 77 84 86 87 88 93 94 97 99 101 103 
105 106 113 114 123 131 132 134 140 144 148 153 
154 155 156 157 165 183 188 195 196 199 
59
1 10 11 14 17 19 21 22 27 29 36 38 
39 43 44 48 53 61 66 70 76 79 80 81 
93 95 97 99 104 105 107 109 112 114 116 117 
118 125 127 129 131 132 133 140 145 150 155 158 
159 161 167 172 173 176 179 180 187 190 193 
61
9 13 16 23 24 29 31 37 39 43 49 52 
53 54 55 62 64 66 68 69 71 75 78 81 
83 85 87 88 89 90 92 94 98 102 104 105 
108 109 114 119 120 121 123 132 134 143 146 148 
151 152 155 159 162 165 166 167 168 170 172 177 
187 
59
2 5 6 12 14 15 25 30 33 37 38 40 
42 46 47 50 52 56 57 59 66 71 72 89 
92 93 101 104 105 108 113 122 125 132 134 135 
149 155 156 158 160 161 162 165 173 175 176 178 
179 180 182 183 185 186 188 190 191 193 196 
62
1 3 4 6 10 11 12 16 22 23 25 28 
33 37 40 41 44 45 49 51 52 53 59 60 
68 70 75 76 88 92 94 97 107 108 109 110 
111 113 116 118 120 128 129 140 142 145 146 147 
148 149 150 155 157 166 171 180 181 182 183 188 
191 192 
59
1 4 9 13 15 21 23 29 30 32 35 37 
40 41 42 43 45 57 65 68 69 71 72 79 
83 85 88 89 98 100 102 106 117 118 120 123 
124 130 134 135 141 148 150 153 155 157 158 164 
168 169 170 177 179 180 182 189 193 197 200 
60
1 6 7 9 12 15 18 21 22 31 32 36 
37 38 40 41 46 48 49 51 53 55 56 63 
65 80 86 88 93 96 98 99 101 110 111 114 
115 116 117 118 131 132 135 141 143 146 147 149 
152 159 169 170 177 181 182 183 184 189 192 200 
60
2 3 10 13 17 19 21 26 33 35 39 48 
49 50 51 58 60 64 65 67 68 82 83 84 
86 87 97 98 103 104 112 117 122 127 133 134 
137 138 139 140 141 142 145 147 149 153 155 158 
167 171 172 175 177 178 183 185 189 195 196 197 
66
2 12 13 17 19 21 27 28 35 37 44 45 
48 50 52 54 55 65 72 73 74 75 76 77 
78 80 82 83 87 89 90 91 92 95 96 104 
109 111 125 127 131 133 135 137 138 140 142 145 
147 149 150 151 152 157 161 163 170 171 173 179 
181 185 186 187 188 189 
65
1 2 8 11 12 13 16 17 25 28 29 38 
45 46 53 55 56 58 62 63 66 69 70 72 
73 78 81 82 87 88 89 96 98 106 109 110 
112 113 120 128 132 140 143 144 147 148 152 155 
159 165 166 167 173 174 177 179 180 183 185 186 
189 191 192 195 197 
58
1 2 8 10 13 15 16 17 20 24 28 29 
30 31 35 66 67 70 73 77 79 80 84 86 
87 88 89 92 99 100 104 105 106 111 112 114 
117 118 121 126 127 131 136 140 141 144 153 164 
165 170 171 179 183 185 187 190 191 197 
55
5 10 19 20 29 36 37 39 42 48 49 51 
55 56 63 67 68 70 71 76 77 80 82 83 
84 85 88 92 93 95 97 99 115 117 121 130 
136 138 143 155 156 157 159 160 161 162 163 164 
171 176 180 182 184 192 195 
62
3 4 5 7 9 10 13 21 23 25 26 27 
31 32 35 37 39 44 52 54 56 57 59 69 
70 76 87 89 93 96 100 107 108 110 112 116 
119 120 121 124 126 127 135 137 139 141 142 144 
151 152 158 163 166 170 179 180 181 184 187 189 
194 197 
59
2 3 9 13 18 20 26 42 43 54 65 67 
75 80 81 82 88 92 94 105 106 108 109 110 
113 115 116 117 119 120 122 123 127 128 130 133 
140 145 146 149 151 152 160 162 163 164 166 169 
177 178 181 182 186 187 189 190 191 194 199 
75
1 6 10 11 12 14 15 20 21 22 23 24 
28 29 30 36 40 41 42 52 56 61 65 67 
75 76 78 82 84 90 91 94 95 96 97 98 
99 100 111 112 115 116 119 124 125 127 128 129 
130 133 137 141 142 144 147 151 152 153 160 165 
168 170 172 177 178 179 180 181 184 185 188 189 
192 193 198 
70
1 3 4 6 7 11 12 17 19 21 22 30 
31 32 34 36 37 38 48 49 57 58 61 65 
71 73 74 79 82 90 91 93 95 97 98 101 
112 113 118 120 121 122 127 129 133 135 136 138 
141 145 146 153 154 155 156 160 162 164 167 173 
174 182 183 184 185 188 190 192 196 197 
59
6 7 8 10 12 14 15 16 18 21 24 28 
30 33 34 40 45 51 52 58 63 65 72 73 
75 80 81 82 86 87 88 91 104 111 112 113 
117 118 122 126 139 141 145 146 149 154 156 158 
160 166 168 169 173 176 180 182 183 186 194 
60
3 5 9 10 14 15 16 18 27 30 32 38 
39 41 43 51 52 53 57 58 60 62 63 64 
73 76 78 79 80 82 84 89 95 97 107 114 
115 116 120 121 123 133 136 137 139 141 145 149 
156 158 162 163 164 181 182 183 184 187 192 196 
64
1 8 12 16 18 24 25 31 33 41 47 49 
51 54 57 58 59 61 63 67 68 82 83 87 
95 96 97 98 102 103 104 110 113 123 126 129 
130 135 137 139 140 141 142 146 147 149 155 158 
159 160 162 166 167 168 173 177 182 183 192 193 
194 197 198 199 
58
1 2 11 13 16 19 22 30 31 33 34 38 
43 47 52 53 55 58 60 62 65 68 70 73 
74 82 84 87 92 93 99 105 109 110 114 117 
118 120 138 143 145 152 153 158 160 165 172 175 
176 177 183 185 187 189 190 191 193 195 
52
2 16 18 23 27 32 34 35 52 53 61 62 
63 70 72 74 83 86 87 88 90 95 97 100 
106 109 116 117 118 126 131 133 137 141 143 145 
153 156 159 169 171 172 175 177 180 182 183 185 
187 194 198 199 
54
2 3 6 7 13 15 17 18 21 27 28 30 
34 41 57 58 59 64 68 73 77 84 85 86 
87 88 89 90 92 93 97 98 103 109 111 114 
115 118 121 124 134 135 148 153 167 169 174 175 
179 180 181 184 189 195 
65
4 6 8 13 18 20 21 22 24 29 30 36 
37 40 41 46 50 55 60 62 64 67 68 73 
78 81 83 85 91 92 95 104 106 107 110 112 
114 117 121 122 123 126 127 128 129 134 136 137 
139 146 149 153 154 156 160 168 170 172 173 175 
179 180 189 191 192 
71
2 3 5 8 9 10 15 21 22 29 39 43 
44 47 48 49 52 53 55 60 62 64 67 72 
78 79 81 83 84 85 88 91 96 100 102 104 
105 107 111 113 116 129 130 134 136 137 142 143 
144 145 146 148 149 151 156 157 169 170 176 177 
180 182 183 185 186 189 191 192 195 197 198 
60
1 2 5 18 19 24 27 29 31 32 45 47 
51 53 54 55 56 59 65 68 71 74 75 79 
80 81 82 84 86 87 92 93 94 97 98 99 
102 103 104 106 119 120 121 122 133 137 138 142 
144 146 148 149 165 170 177 178 179 181 192 196 
61
1 2 5 7 15 17 19 22 24 26 29 30 
45 46 55 56 60 61 62 63 65 69 70 71 
73 77 80 84 89 91 92 94 98 102 105 106 
111 113 114 120 122 126 130 136 146 147 150 151 
154 155 163 164 180 185 190 192 195 196 198 199 
200 
53
1 9 15 18 23 33 42 45 46 50 52 56 
60 62 69 70 72 78 80 81 88 90 96 102 
104 108 112 117 125 126 128 132 133 138 139 144 
145 150 151 154 155 160 165 169 178 183 185 186 
189 191 192 194 196 
62
4 5 6 8 9 12 20 22 30 32 39 41 
48 50 54 55 57 61 64 70 71 74 77 79 
88 89 92 94 100 101 102 103 104 109 110 116 
117 118 119 120 128 130 132 135 136 143 144 145 
147 149 150 151 157 165 167 173 179 185 190 191 
192 197 
55
1 3 4 18 20 21 30 32 36 37 44 48 
59 60 61 62 64 66 73 75 76 77 81 86 
93 101 102 103 105 107 115 119 120 122 130 133 
134 137 141 145 152 153 156 158 159 162 166 168 
169 178 179 183 189 191 193 
70
1 5 6 7 9 15 18 19 20 25 26 28 
30 31 33 34 38 45 48 53 55 58 64 70 
71 75 76 84 85 86 90 93 94 106 108 113 
116 117 119 126 127 130 136 137 138 142 146 152 
155 156 160 161 162 163 165 167 172 173 174 176 
177 179 180 181 183 186 192 194 196 198 
71
4 5 9 12 13 15 16 17 18 22 26 27 
33 34 36 38 39 43 57 59 62 64 67 70 
72 77 78 94 95 96 97 103 105 108 113 117 
120 122 124 127 128 131 136 139 140 141 143 145 
147 153 154 158 159 162 165 167 171 174 176 178 
179 180 184 185 186 188 189 190 191 196 199 
58
1 4 7 9 11 15 17 19 24 33 37 40 
42 43 46 47 49 50 58 65 66 67 69 70 
71 74 82 84 87 88 91 93 96 101 102 107 
113 115 116 119 121 124 130 133 141 152 154 157 
164 167 169 170 184 185 192 194 197 199 
69
5 7 9 10 18 19 20 27 32 37 38 42 
45 49 52 54 57 59 60 61 62 64 66 71 
73 77 78 81 82 85 91 92 97 99 100 103 
106 108 112 114 117 121 122 124 125 128 131 133 
134 138 139 141 143 144 146 148 160 162 165 169 
171 173 174 180 183 187 192 193 200 
64
1 2 6 8 9 21 27 28 33 34 37 39 
41 42 43 44 51 55 56 60 62 63 64 65 
70 72 75 78 81 83 87 91 97 98 100 103 
110 111 112 115 121 123 125 126 135 141 143 149 
150 151 161 163 164 171 173 174 178 183 189 194 
195 196 197 198 
64
1 4 9 13 16 17 28 34 36 38 39 40 
42 43 49 52 53 61 62 65 71 73 77 82 
88 98 99 101 106 108 109 110 113 119 121 122 
126 127 129 135 136 139 144 146 148 149 151 152 
156 157 159 163 164 169 172 176 177 181 182 183 
185 194 197 200 
57
6 9 11 16 17 18 19 20 23 27 32 33 
35 36 39 40 41 53 61 62 65 67 68 70 
72 75 80 89 97 99 100 101 104 105 109 120 
128 141 142 144 147 150 152 155 156 161 162 165 
167 174 177 183 187 189 191 196 197 
69
1 2 3 5 8 9 10 11 12 14 16 21 
25 29 33 35 41 45 47 54 56 57 62 63 
66 68 72 74 75 89 92 94 95 99 101 107 
108 109 110 112 114 122 125 132 135 139 141 143 
146 149 150 153 155 159 166 168 169 174 176 178 
183 184 186 187 189 190 193 194 199 
60
3 6 7 12 15 21 23 28 29 30 32 35 
39 40 42 45 50 54 55 57 60 64 71 72 
73 75 77 79 80 86 87 91 94 96 99 108 
109 111 112 116 121 128 129 130 135 138 145 147 
149 154 155 165 172 176 177 179 185 186 197 198 
53
1 4 9 13 19 29 30 36 42 43 46 54 
55 58 60 70 73 79 80 83 85 87 88 90 
91 93 106 108 110 112 113 115 119 126 130 133 
135 138 143 145 147 151 155 156 158 171 174 180 
188 192 193 196 197 
69
1 9 12 13 20 24 28 31 33 37 38 41 
44 45 49 52 57 58 61 66 71 72 75 76 
82 87 88 90 94 95 96 97 108 114 116 118 
122 123 124 125 126 127 130 132 133 136 138 139 
141 146 147 148 153 156 162 168 172 173 175 177 
178 180 181 183 186 187 188 189 193 
56
1 7 9 11 16 20 24 27 34 35 40 42 
45 47 49 50 52 67 71 72 75 76 82 87 
89 91 92 94 108 115 116 121 122 130 133 134 
136 143 150 152 163 167 168 173 174 175 176 185 
186 188 190 191 192 194 197 198 
66
2 6 9 10 11 14 17 18 20 21 24 25 
27 29 30 31 33 35 39 40 43 46 48 49 
55 56 63 75 76 80 89 92 101 102 104 105 
106 108 113 116 121 123 128 133 138 140 145 146 
147 150 151 159 160 166 167 168 169 170 176 179 
180 185 189 190 192 193 
70
13 22 23 24 26 27 30 31 35 44 45 48 
52 53 54 56 58 62 65 70 73 74 76 77 
79 80 82 90 92 94 95 100 105 106 113 115 
117 120 122 123 125 127 128 135 136 139 143 149 
150 152 154 156 158 162 165 166 167 170 171 172 
174 178 179 182 185 186 188 195 196 197 
61
4 7 16 19 20 22 24 29 38 43 52 53 
55 56 62 65 70 71 81 84 88 92 94 98 
99 100 101 103 104 111 114 118 124 125 126 128 
129 134 136 142 152 154 162 164 165 166 170 173 
174 177 183 184 185 186 187 188 189 194 196 198 
200 
58
8 16 19 21 22 23 24 25 27 30 33 34 
37 53 54 59 60 61 67 70 71 72 75 78 
79 86 93 94 95 96 99 100 119 122 123 124 
126 131 135 144 151 152 154 156 157 158 161 165 
177 179 180 181 184 186 189 191 194 200 
56
5 6 8 9 12 16 19 24 27 30 36 42 
50 54 59 61 63 64 65 68 71 73 76 77 
82 85 90 91 92 93 100 102 106 109 110 111 
117 124 125 128 131 137 138 141 144 166 169 170 
174 177 179 180 183 186 187 198 
61
14 18 21 24 26 28 29 30 32 36 37 38 
40 46 47 53 56 59 60 66 69 70 71 73 
87 88 89 90 91 92 93 94 96 97 109 130 
132 134 136 138 142 144 145 147 152 155 156 159 
160 167 170 172 174 175 178 180 182 183 188 192 
195 
61
5 6 10 19 20 26 27 28 31 32 33 34 
38 42 43 47 60 69 70 76 79 81 84 86 
88 93 94 96 97 99 107 108 110 113 122 123 
126 128 129 130 133 139 143 153 155 160 162 163 
164 165 171 172 174 175 176 180 184 185 190 193 
195 
69
2 4 5 6 9 11 13 15 20 25 34 38 
39 42 44 47 48 55 58 64 66 68 70 71 
75 77 80 83 86 91 92 93 96 97 99 100 
104 108 113 119 120 121 122 129 131 134 136 138 
141 142 143 145 147 155 156 158 161 170 172 174 
176 178 183 184 187 189 190 195 200 
65
5 8 9 11 14 17 20 24 26 28 31 34 
36 37 38 39 42 43 44 47 48 49 50 57 
60 62 68 69 72 80 85 86 89 92 101 103 
104 105 106 116 117 119 120 127 128 130 133 134 
139 140 143 146 147 152 154 161 163 169 170 171 
181 184 187 189 190 
68
2 5 7 8 11 13 16 18 20 23 25 31 
36 39 42 43 45 49 54 58 60 64 67 73 
76 84 85 87 92 93 96 97 98 99 104 105 
107 108 109 112 115 116 134 135 136 137 139 140 
145 147 153 154 158 159 161 167 168 169 172 174 
178 179 181 187 188 189 198 200 
65
4 5 7 9 12 13 16 19 20 21 22 23 
27 33 35 42 43 44 49 50 51 52 60 62 
67 71 72 73 74 75 76 77 82 89 92 93 
96 101 104 110 116 117 119 123 126 128 129 133 
135 139 140 144 150 155 158 161 164 168 183 186 
191 192 193 197 198 
67
2 3 4 5 7 12 15 17 24 26 27 29 
33 38 39 43 44 45 49 51 60 62 65 68 
69 70 73 74 77 80 85 86 89 93 94 97 
106 108 109 110 120 123 125 127 132 136 137 140 
143 152 153 156 157 158 162 163 168 169 171 176 
177 178 185 190 194 198 199 
61
3 4 13 14 15 17 19 36 38 52 54 56 
57 61 64 65 70 71 72 77 80 82 84 86 
88 92 94 102 103 105 108 109 113 114 116 118 
123 124 127 128 131 136 139 140 146 147 148 150 
153 161 163 165 166 170 173 183 185 186 187 191 
193 
54
1 2 4 12 13 14 33 35 37 43 44 49 
50 52 55 56 61 63 64 67 71 83 87 88 
89 93 94 100 107 115 118 119 120 125 127 138 
139 142 148 152 153 154 163 166 170 173 178 182 
183 184 188 189 193 196 
53
2 6 7 8 9 13 25 39 45 51 53 54 
60 62 65 67 72 77 78 80 83 84 87 88 
91 94 101 103 108 112 117 121 128 129 133 135 
136 138 139 140 142 147 150 155 156 159 177 182 
186 189 192 193 197 
59
2 7 12 14 23 24 27 30 40 44 45 47 
53 57 59 63 66 67 70 73 74 77 79 84 
88 91 92 94 97 98 101 103 104 105 109 114 
117 119 122 125 132 133 138 141 146 152 159 161 
164 165 172 173 177 182 184 185 189 197 198 
57
4 9 10 27 28 34 45 47 48 53 57 59 
68 69 70 77 78 86 88 91 92 94 95 96 
102 110 113 115 122 124 127 132 136 138 140 144 
146 147 149 150 151 156 160 161 166 167 171 172 
176 178 182 183 186 192 196 199 200 
58
1 3 4 5 9 10 18 21 23 24 29 35 
42 44 51 52 54 56 58 63 67 68 80 81 
85 87 88 91 97 101 108 109 112 113 119 122 
125 132 133 134 136 146 147 148 151 155 157 159 
162 170 175 178 179 182 183 186 193 196 
66
6 10 13 18 23 25 30 38 40 43 44 46 
47 48 49 53 55 59 69 73 78 81 83 84 
85 86 90 92 97 99 105 107 109 111 114 116 
120 121 128 132 133 135 141 143 144 146 148 149 
150 151 153 154 156 158 164 165 166 168 172 176 
182 186 188 190 192 193 
59
2 5 11 12 23 29 33 36 37 40 45 56 
58 59 60 62 63 67 70 76 79 82 92 93 
95 96 97 98 105 106 109 118 120 127 132 133 
134 136 139 140 141 142 143 148 151 152 153 158 
160 174 176 178 182 184 186 191 194 197 198 
52
6 9 15 29 31 37 42 43 44 53 55 56 
73 75 78 89 93 100 103 104 107 111 120 122 
124 128 130 132 133 138 139 143 145 146 148 154 
158 162 170 171 172 173 174 180 182 184 185 187 
190 194 196 199 
50
2 3 5 7 8 12 16 22 29 43 46 53 
54 56 57 61 63 65 68 73 85 98 99 100 
104 105 107 108 112 122 128 134 143 144 152 159 
161 164 167 170 172 175 178 180 187 191 192 193 
194 199 
63
2 4 5 6 8 10 15 19 20 22 23 26 
27 40 44 47 51 64 68 69 70 72 76 78 
80 81 84 86 88 93 94 98 100 102 115 116 
118 119 123 125 126 127 135 139 141 143 151 152 
154 155 156 159 165 173 175 179 180 183 184 190 
191 193 199 
61
1 2 13 15 26 28 29 30 32 35 39 40 
42 45 47 50 54 57 59 65 66 67 68 69 
72 74 75 77 82 83 84 85 86 90 91 95 
98 101 113 114 115 116 117 135 144 151 156 161 
163 164 168 169 171 173 176 180 184 191 193 195 
200 
74
3 4 5 12 13 15 17 20 24 26 28 30 
34 37 39 41 42 43 45 46 48 50 51 52 
57 60 68 70 73 76 81 86 87 90 91 97 
99 100 101 103 104 110 115 116 118 120 121 126 
131 136 140 143 144 146 148 150 151 154 155 157 
158 159 163 164 165 166 170 171 176 187 189 190 
191 193 
71
4 6 15 17 21 23 24 25 29 30 32 39 
51 53 57 58 59 61 64 65 69 72 73 76 
77 78 79 81 84 85 88 94 96 98 100 101 
102 104 113 114 115 116 119 122 128 129 131 132 
133 134 136 139 145 149 151 153 154 155 156 159 
161 163 165 170 173 184 185 191 192 193 199 
70
1 2 5 6 7 9 14 16 19 20 22 23 
28 29 30 40 44 45 46 60 63 65 68 69 
73 77 83 94 99 101 105 108 111 112 114 116 
117 123 128 129 131 132 133 136 137 147 149 151 
156 160 161 162 164 167 168 170 172 173 174 178 
182 186 187 189 190 191 192 193 196 197 
66
8 9 10 11 13 16 17 19 20 21 31 34 
35 36 41 44 57 58 63 67 71 76 77 81 
83 84 87 91 92 95 98 101 102 106 108 109 
112 116 123 124 129 132 134 138 139 140 142 147 
150 152 153 154 157 167 169 173 175 181 182 185 
189 190 192 193 196 199 
59
1 4 6 7 11 17 18 19 22 23 25 26 
29 35 36 38 47 52 54 62 63 65 79 83 
84 86 87 89 91 92 98 102 105 111 115 117 
125 126 129 131 133 134 137 149 153 157 160 168 
170 172 177 178 182 183 190 193 196 198 199 
52
3 5 6 10 17 20 21 24 26 29 30 31 
39 41 42 44 52 54 55 59 61 65 75 88 
89 95 107 108 111 114 118 126 129 133 135 138 
139 140 142 154 158 163 170 171 172 174 177 179 
180 181 189 200 
66
5 6 9 13 18 23 24 26 27 28 29 35 
37 42 45 47 48 52 64 66 68 71 74 82 
84 86 90 92 95 97 98 99 101 105 107 109 
112 115 117 125 126 128 130 131 132 142 145 146 
147 148 151 152 157 165 166 168 176 177 178 179 
181 183 187 188 189 192 
49
8 14 24 29 30 31 35 37 41 44 45 47 
51 52 55 58 64 70 73 76 80 83 86 96 
99 101 105 109 111 117 134 135 136 137 138 140 
145 148 149 153 159 162 168 176 177 178 181 192 
197 
50
2 7 11 14 16 17 18 19 23 26 32 41 
43 47 54 56 57 58 60 64 70 71 75 88 
93 97 99 104 106 107 111 118 123 127 130 138 
140 151 152 153 156 158 164 167 173 176 183 191 
195 196 
54
1 7 8 16 18 19 28 29 30 32 35 37 
40 43 44 45 49 52 53 60 62 65 66 69 
74 76 77 80 83 97 98 101 106 110 119 121 
122 127 131 132 135 143 146 148 151 152 169 173 
176 180 187 191 194 197 
61
2 3 7 9 14 15 16 18 20 23 24 33 
34 35 37 41 46 51 53 65 66 68 74 76 
78 81 82 84 94 101 102 104 109 111 112 116 
124 125 128 132 137 141 144 145 148 153 161 163 
166 172 178 179 182 183 185 187 188 196 197 199 
200 
63
10 11 12 13 14 17 18 20 24 25 26 32 
36 38 40 48 52 53 56 58 60 62 66 69 
72 73 74 82 85 87 88 93 94 95 96 99 
102 104 109 114 115 118 123 127 128 130 131 132 
145 148 151 152 158 159 161 167 172 173 181 184 
197 199 200 
59
2 5 6 7 13 29 30 32 36 37 38 39 
44 45 46 48 51 52 63 65 66 76 83 85 
88 92 93 94 95 98 102 103 104 110 111 118 
123 124 126 129 130 131 136 138 143 148 150 155 
156 165 169 177 178 182 185 188 190 192 195 
56
3 7 8 18 19 20 22 23 27 30 32 35 
39 43 45 50 51 58 67 68 69 72 74 79 
84 85 86 98 99 100 102 105 114 116 128 133 
135 140 144 150 160 161 165 167 173 176 181 184 
185 187 188 191 193 195 198 200 
56
1 4 5 10 11 12 13 27 28 30 32 33 
39 42 49 58 67 71 81 83 84 85 88 91 
103 106 107 109 113 120 121 122 125 126 131 134 
135 136 138 139 142 148 152 155 156 159 168 171 
185 189 190 191 192 197 198 199 
51
2 5 6 10 14 15 16 24 29 34 36 39 
40 52 55 60 64 66 69 71 72 73 82 86 
88 90 98 105 108 112 114 128 130 136 141 144 
150 157 161 164 169 175 178 184 186 190 192 196 
197 198 199 
68
2 4 6 8 14 18 19 21 24 27 29 31 
34 38 41 55 56 59 60 61 65 66 68 73 
77 86 88 91 92 97 99 100 101 102 103 107 
113 116 117 126 132 137 140 141 142 143 144 145 
146 147 155 157 159 161 162 166 175 178 179 180 
184 190 192 193 194 195 197 199 
57
1 3 6 7 8 13 14 15 16 22 26 27 
38 44 46 48 50 51 55 57 59 62 68 72 
73 76 78 81 85 93 111 112 113 114 116 118 
119 127 130 132 135 136 139 142 143 151 173 174 
175 176 178 180 181 185 186 187 194 
71
2 4 7 8 11 12 14 15 18 22 24 26 
29 30 37 42 43 52 54 55 58 59 62 65 
69 72 77 79 86 87 93 95 100 102 104 108 
112 113 114 116 121 122 124 125 126 127 129 131 
134 136 137 138 143 146 152 154 156 157 158 160 
162 165 168 169 171 183 188 189 192 193 196 
63
2 7 8 11 13 15 17 25 30 31 32 33 
38 39 41 42 47 49 50 55 57 61 67 68 
69 72 75 77 79 81 84 98 107 109 111 114 
117 118 125 127 132 133 137 142 153 155 160 162 
163 166 168 169 173 177 179 180 184 189 191 194 
196 197 198 
61
6 12 16 17 20 23 25 26 27 30 34 35 
39 43 44 45 49 51 54 56 59 66 68 70 
72 73 79 80 82 91 92 93 97 99 100 101 
103 105 110 112 113 114 118 121 131 132 133 140 
144 145 149 150 152 162 164 165 166 169 177 178 
195 
67
2 3 4 10 15 16 17 19 21 22 23 31 
34 38 40 50 52 53 56 57 59 61 62 64 
65 66 67 74 75 81 85 87 91 92 93 95 
106 109 113 118 120 121 122 124 127 129 130 131 
132 134 139 142 146 153 157 158 164 167 170 173 
178 179 180 183 184 186 195 
64
8 20 21 22 27 32 38 42 49 50 51 52 
53 54 55 59 60 62 63 64 70 73 75 78 
80 81 84 96 99 101 108 110 123 125 129 130 
132 135 137 139 142 145 153 154 155 156 159 160 
162 164 166 169 171 173 176 177 179 182 184 191 
194 195 196 198 
55
10 14 15 23 24 25 26 30 31 37 38 39 
43 46 49 54 58 63 64 66 67 68 70 73 
74 79 80 86 87 88 91 101 103 107 115 127 
128 131 142 147 153 155 156 161 164 167 171 173 
174 175 178 186 190 192 196 
61
2 6 8 9 10 15 18 22 23 29 36 41 
46 54 57 61 62 66 67 69 85 86 93 94 
102 104 107 109 111 117 122 124 130 134 136 137 
138 139 142 144 151 152 153 154 155 161 162 164 
167 168 169 177 178 180 184 185 186 188 190 194 
198 
49
7 9 10 12 13 15 17 24 25 28 35 39 
40 46 47 48 51 53 57 62 69 71 72 88 
94 99 104 105 106 115 118 123 131 134 143 144 
157 159 162 164 167 170 172 177 180 191 192 193 
195 
60
1 3 8 14 16 18 21 23 26 29 30 33 
35 38 39 43 44 47 48 50 51 53 54 55 
59 76 82 86 87 91 94 96 97 98 109 116 
117 118 125 128 136 142 145 146 151 152 157 159 
162 163 167 170 174 175 176 178 179 188 197 198 
62
1 6 16 18 19 20 22 24 31 35 39 41 
42 45 47 48 54 55 56 57 58 60 61 62 
69 70 75 80 82 84 87 89 92 93 102 108 
109 110 118 120 124 126 127 128 130 149 150 152 
154 156 159 164 169 174 179 181 185 187 194 195 
199 200 
62
2 4 8 10 16 19 20 24 33 35 39 40 
41 48 50 51 52 55 57 58 60 61 63 67 
71 76 79 80 81 83 88 97 107 108 114 116 
117 122 123 127 130 131 132 135 136 138 149 159 
160 163 169 172 176 177 178 181 184 185 188 198 
199 200 
64
2 5 8 14 18 23 26 27 28 33 35 39 
40 42 44 51 52 58 59 61 63 64 66 68 
79 80 81 86 87 90 94 99 100 105 106 111 
113 114 119 122 128 129 130 133 138 141 146 156 
162 163 167 173 176 179 181 182 184 185 186 188 
194 197 199 200 
59
1 6 11 13 14 16 23 30 35 40 42 46 
47 53 56 60 64 65 69 70 71 72 75 77 
87 89 91 96 100 108 110 112 113 116 125 131 
134 137 142 143 144 148 149 150 151 152 155 156 
161 163 164 170 173 175 177 183 184 185 187 
62
4 6 13 15 18 19 22 25 26 27 29 31 
34 36 37 40 41 45 48 55 60 62 65 70 
72 75 77 85 92 94 96 109 112 114 116 117 
118 119 122 124 126 127 128 130 131 134 137 144 
145 150 151 154 157 160 163 170 174 178 179 188 
191 193 
68
3 5 8 17 18 32 36 37 38 39 41 46 
48 49 51 52 55 56 57 58 64 65 69 75 
77 78 81 82 84 91 92 93 94 99 100 101 
102 103 107 110 112 113 120 121 122 124 127 138 
146 148 149 155 158 161 162 164 166 167 169 177 
179 182 183 189 192 196 197 198 
59
7 10 18 19 25 26 28 32 33 39 40 42 
44 46 55 65 79 83 86 89 94 95 96 97 
101 104 108 109 113 115 116 126 127 128 133 135 
137 139 140 141 142 143 145 152 153 159 163 164 
166 169 173 176 177 178 188 194 195 198 199 
66
2 5 11 14 15 26 27 28 30 31 32 42 
44 45 47 50 51 54 60 61 64 69 75 78 
79 82 83 86 88 95 99 109 112 120 122 124 
125 128 130 133 135 139 146 148 150 155 158 159 
160 161 166 167 171 174 177 180 181 182 186 187 
189 190 192 195 197 199 
57
1 2 3 4 8 12 16 17 29 41 44 47 
49 52 56 66 67 68 73 83 85 90 91 92 
93 106 110 111 113 114 117 122 124 125 127 131 
132 134 137 139 142 146 148 150 152 154 165 168 
170 171 173 177 187 194 196 198 200 
56
2 10 16 20 22 25 32 35 36 37 41 45 
46 59 60 66 69 70 71 72 73 74 76 77 
79 86 87 90 91 93 95 99 101 107 109 110 
117 125 129 133 140 145 152 153 157 160 161 162 
173 180 184 185 189 190 195 198 
69
4 6 8 17 21 23 24 25 28 29 30 31 
33 34 38 39 40 41 52 53 54 55 58 61 
65 66 75 81 82 84 86 88 89 90 91 92 
93 94 97 98 111 113 117 121 123 130 131 132 
134 138 139 140 142 143 144 151 153 156 158 160 
162 167 170 181 182 186 191 194 195 
50
1 2 8 10 16 19 20 35 41 42 48 49 
50 53 56 57 58 61 69 70 78 79 81 82 
86 90 94 95 96 99 100 106 107 108 120 124 
130 136 148 151 157 165 170 175 186 190 193 197 
198 200 
60
1 2 6 16 17 28 29 30 32 33 34 35 
40 41 42 47 53 54 56 58 64 72 73 77 
85 86 89 92 97 99 100 102 105 107 108 110 
116 117 118 119 122 124 126 130 131 137 140 141 
142 144 154 155 164 166 168 175 177 179 182 192 
59
5 6 7 13 16 19 26 29 30 31 34 35 
43 48 51 54 55 57 59 68 69 72 79 84 
86 87 89 96 99 103 105 106 111 115 116 125 
128 131 135 137 138 139 140 141 144 158 159 164 
165 167 168 171 172 184 187 189 192 197 200 
61
4 5 6 7 8 9 12 15 22 27 30 31 
35 48 49 50 51 56 57 59 60 63 69 70 
72 73 86 87 89 93 96 98 99 102 103 104 
107 108 111 112 115 118 124 125 129 130 141 143 
145 153 160 163 166 171 180 183 190 192 193 195 
198 
61
4 6 9 11 12 13 16 20 26 27 31 32 
34 36 39 40 43 44 48 50 56 59 60 66 
74 79 81 84 86 87 88 90 91 92 98 110 
114 115 121 126 128 136 138 139 146 147 148 155 
158 159 161 162 165 171 175 176 179 183 185 189 
197 
62
1 7 11 16 23 24 34 35 39 42 45 47 
48 54 58 59 63 64 71 73 80 81 88 89 
95 96 100 104 110 113 114 122 123 124 126 128 
133 134 147 148 149 151 152 153 154 159 160 161 
162 168 169 170 174 178 179 180 183 185 186 191 
195 200 
68
1 2 3 5 7 8 9 10 11 14 17 18 
19 22 26 27 31 39 44 45 46 47 51 55 
59 60 62 66 75 77 81 83 87 91 93 95 
98 101 102 104 113 120 123 126 128 129 130 132 
133 135 139 140 142 150 152 154 158 159 164 167 
168 169 173 174 175 176 181 193 
63
3 7 9 13 16 17 18 19 29 36 37 38 
39 40 42 48 50 52 57 60 63 64 65 76 
79 83 85 97 98 99 101 107 108 109 112 116 
118 119 120 122 124 125 127 129 130 131 132 136 
145 146 151 152 156 159 164 166 170 171 175 176 
188 194 200 
51
9 10 23 33 34 41 43 57 60 62 66 67 
71 72 76 78 82 83 86 88 92 94 95 97 
103 105 106 108 112 115 121 129 132 133 137 147 
150 160 161 166 168 169 171 181 183 185 188 189 
192 195 197 
66
1 2 5 7 8 14 15 23 27 29 30 33 
34 39 42 43 53 55 57 59 65 66 69 71 
72 74 78 81 82 86 87 94 95 97 101 106 
107 108 113 114 117 119 122 125 130 131 134 137 
141 142 143 145 149 152 156 157 159 160 165 171 
178 179 180 181 190 199 
62
8 14 15 20 25 27 28 31 32 33 36 38 
44 45 48 49 51 55 60 63 64 65 74 77 
81 82 83 85 88 90 96 99 103 105 110 111 
115 117 120 123 125 127 140 147 150 153 159 161 
164 166 170 171 177 179 180 182 184 192 195 197 
198 199 
62
2 4 15 17 18 19 23 30 31 35 37 43 
44 46 52 63 64 65 67 69 71 73 82 88 
89 90 91 93 98 101 110 112 113 122 124 125 
127 131 132 133 137 142 143 145 146 153 156 159 
163 164 166 167 169 171 172 173 181 182 185 188 
192 193 
78
6 8 12 16 17 21 30 31 32 33 36 41 
42 49 50 54 58 59 60 67 72 74 75 77 
79 81 82 83 86 88 89 91 93 94 95 96 
97 98 100 101 103 106 112 113 114 115 116 117 
119 123 128 129 131 133 135 137 143 152 154 155 
156 157 159 160 162 163 165 170 174 175 177 178 
179 180 185 194 197 200 
56
5 6 7 11 13 29 34 40 41 42 43 48 
54 62 67 74 83 84 88 94 96 97 101 109 
121 124 125 126 128 130 131 132 133 134 139 140 
142 143 145 151 153 154 155 164 165 172 175 179 
181 182 188 189 190 192 193 197 
58
4 5 9 16 19 20 21 22 24 26 28 36 
41 49 50 51 55 62 63 67 68 72 74 80 
83 86 89 90 91 92 93 95 97 99 103 104 
106 107 109 115 116 119 123 129 131 132 135 146 
147 148 150 159 167 173 176 185 193 199 
63
7 8 9 11 15 16 17 19 29 36 38 42 
45 46 50 51 52 53 63 66 67 69 76 77 
79 81 85 87 92 93 94 98 100 108 116 119 
120 121 125 127 130 133 134 135 136 138 139 146 
157 161 164 167 169 170 172 174 176 181 187 190 
194 197 200 
52
6 7 9 12 15 16 25 27 30 31 33 44 
47 56 57 62 67 68 70 78 81 86 91 94 
96 98 100 102 103 104 106 109 128 129 135 140 
141 143 145 149 154 160 161 163 164 168 172 185 
186 188 190 198 
63
1 2 4 8 15 17 21 25 26 27 29 31 
32 33 35 40 43 51 53 54 57 61 63 74 
78 79 83 84 85 87 92 97 100 101 104 105 
108 110 114 116 120 129 130 139 140 141 143 146 
147 149 151 159 162 163 164 180 186 189 190 192 
195 198 199 
66
1 2 3 6 7 9 13 14 15 16 17 19 
22 29 35 36 37 39 41 42 50 57 62 68 
69 71 74 76 77 81 82 88 89 90 94 96 
98 102 104 106 109 117 121 123 125 128 136 139 
141 151 155 156 157 162 163 165 166 167 169 170 
172 176 182 192 196 197 
63
1 5 6 14 18 21 24 29 32 39 40 45 
47 48 49 50 53 54 58 62 64 65 67 72 
75 80 82 85 86 89 93 100 101 102 107 108 
110 111 116 117 120 122 124 135 139 144 151 152 
156 160 162 165 166 169 172 174 175 176 179 180 
181 187 190 
59
3 13 16 18 19 21 23 29 32 33 48 50 
51 58 59 67 80 98 99 104 105 114 117 119 
124 129 130 132 133 135 139 140 141 147 149 150 
155 157 160 161 162 163 164 169 170 175 176 178 
179 183 184 185 187 188 190 191 194 196 200 
64
1 2 3 8 10 11 14 16 19 20 28 39 
40 42 44 48 51 52 54 58 59 64 65 67 
68 82 89 90 91 97 98 101 106 107 108 110 
112 115 119 125 126 130 133 134 135 137 139 143 
148 157 158 162 167 168 171 173 174 186 188 190 
192 197 198 200 
53
2 10 13 20 21 30 33 42 43 50 51 52 
53 56 58 60 65 66 71 72 75 79 81 84 
95 97 99 101 102 104 109 122 127 131 138 140 
141 143 145 148 154 156 158 174 175 183 184 188 
190 191 192 197 199 
54
2 8 9 14 15 17 21 24 26 37 41 47 
51 56 59 61 63 74 76 78 80 81 85 88 
89 93 94 95 96 97 100 103 104 105 108 112 
120 122 123 125 132 134 135 150 157 158 159 165 
168 177 186 189 196 197 
57
2 9 14 17 20 22 34 36 40 44 45 46 
49 50 55 62 63 65 66 69 72 75 79 83 
89 93 94 101 102 104 105 109 110 118 121 126 
127 128 129 133 144 149 152 156 158 163 170 175 
183 186 188 189 190 194 195 198 199 
65
1 3 4 5 10 13 16 17 18 19 27 28 
35 38 39 44 45 49 50 53 57 59 60 64 
66 67 69 70 76 78 82 83 86 87 88 90 
91 93 94 97 103 105 106 107 108 120 122 123 
128 132 138 140 148 153 157 161 162 170 173 174 
177 184 186 188 198 
63
4 7 14 16 18 20 21 23 24 25 29 32 
42 43 45 50 53 57 60 63 64 66 67 74 
76 79 80 89 90 93 101 104 105 111 112 118 
122 130 132 137 139 140 141 142 150 151 154 163 
166 169 176 177 178 181 184 185 187 189 190 193 
195 196 200 
52
9 17 18 20 23 26 27 28 33 35 40 41 
42 43 48 49 51 54 55 56 66 68 75 85 
96 99 104 107 123 125 127 128 130 131 132 147 
151 152 157 164 165 166 169 171 173 175 184 192 
195 196 197 199 
57
1 2 6 8 16 18 19 22 26 32 36 41 
44 47 51 53 55 57 70 79 81 85 88 95 
97 100 102 103 105 106 107 113 117 118 120 122 
126 132 133 138 139 141 144 148 149 154 156 166 
172 177 178 179 182 187 189 193 194 
67
1 3 4 6 7 8 10 15 16 21 24 26 
27 33 34 35 37 38 40 42 45 47 51 55 
57 63 64 65 67 69 74 83 86 91 97 102 
103 105 106 113 116 121 122 127 128 130 142 144 
146 148 149 151 156 157 161 166 171 173 175 176 
177 179 185 194 195 196 197 
63
3 4 8 9 12 14 18 19 20 21 22 26 
33 36 39 44 46 58 60 61 62 64 65 67 
72 80 83 92 93 94 95 97 98 99 101 103 
111 112 116 126 130 133 134 140 143 148 150 152 
156 157 158 162 165 166 167 173 175 177 186 187 
191 194 196 
70
3 4 8 12 15 18 20 21 28 37 43 46 
48 53 56 60 61 65 67 68 70 73 77 81 
83 88 89 91 92 93 97 99 100 101 104 105 
107 108 113 122 128 130 132 133 134 136 137 140 
144 145 146 149 153 154 155 158 164 165 168 169 
170 171 181 184 190 191 192 193 196 200 
58
1 2 5 13 16 23 25 26 31 32 37 41 
54 57 62 65 70 86 88 90 91 95 97 98 
99 101 102 108 112 114 116 117 124 125 127 131 
134 135 136 140 145 148 156 157 158 161 165 167 
173 177 179 182 188 189 192 193 197 198 
63
3 7 10 16 17 18 19 20 22 24 26 31 
33 39 40 46 49 51 56 63 65 66 71 76 
83 88 93 97 98 101 104 105 106 111 115 117 
119 120 121 125 126 127 136 137 140 141 153 158 
159 160 162 166 171 174 176 178 182 183 184 186 
191 192 198 
53
1 2 10 12 19 20 21 22 24 31 39 42 
49 51 52 57 60 64 66 74 76 80 84 91 
93 101 105 106 108 109 112 114 117 122 123 130 
131 134 143 147 151 155 156 173 176 180 182 184 
186 189 190 194 200 
56
3 5 7 10 19 21 23 24 33 41 42 44 
46 51 54 55 57 60 74 77 78 79 84 85 
86 91 104 111 115 120 121 124 130 134 135 136 
138 140 143 144 151 152 154 160 163 165 166 171 
174 176 177 180 183 196 199 200 
65
3 4 7 11 13 15 19 22 24 25 26 28 
31 34 38 41 47 51 52 53 55 58 63 65 
67 68 69 70 71 72 79 91 93 96 97 98 
104 105 107 111 114 116 117 118 126 127 132 135 
137 141 143 144 147 155 156 162 163 165 168 184 
185 187 191 192 193 
49
1 2 5 11 12 26 33 34 35 37 42 46 
61 64 74 89 93 95 98 100 105 108 109 112 
118 121 125 128 135 137 141 142 145 148 154 156 
159 161 167 171 179 180 182 186 188 193 196 198 
199 
65
1 3 6 8 10 12 13 20 30 31 42 45 
47 48 51 57 61 63 65 70 80 82 86 94 
95 100 101 102 103 107 114 115 120 122 124 127 
129 131 135 137 139 140 147 148 149 151 156 157 
158 164 166 168 170 171 175 176 177 178 179 182 
187 189 191 195 196 
62
4 10 11 12 16 18 20 26 38 40 46 47 
49 50 51 52 60 61 66 75 77 79 80 81 
84 86 91 92 96 102 104 109 111 113 114 115 
116 117 118 127 132 135 138 143 144 148 150 151 
153 163 165 166 169 170 172 176 186 190 191 192 
194 198 
61
3 5 6 7 9 13 21 22 26 28 29 31 
33 37 55 57 59 60 66 70 71 72 74 75 
83 84 85 87 89 94 99 104 114 119 123 130 
135 136 138 139 145 146 148 149 152 153 156 159 
161 163 164 165 166 170 185 187 191 193 194 198 
200 
61
2 3 4 6 9 10 16 22 23 26 27 31 
32 35 46 50 52 53 62 63 70 74 75 76 
77 80 91 93 96 98 102 103 104 108 109 110 
112 113 121 122 125 130 133 135 138 140 141 146 
152 157 166 167 175 177 180 181 187 188 189 193 
200 
62
7 9 16 19 22 29 30 37 40 42 43 44 
45 47 49 50 53 56 58 59 63 65 69 70 
74 91 94 97 100 101 108 112 120 126 128 130 
131 134 136 137 151 154 156 157 160 163 164 165 
166 170 173 174 175 176 182 183 184 187 188 189 
194 195 
58
4 8 9 11 17 18 21 34 36 38 40 42 
48 50 53 68 72 78 80 84 86 98 104 108 
112 115 117 118 122 125 126 127 130 132 133 134 
139 142 144 145 147 150 153 156 162 165 166 171 
176 180 181 182 185 188 190 193 195 200 
55
2 4 6 8 9 18 19 20 23 28 32 35 
37 39 49 51 56 58 59 61 64 65 77 78 
84 87 89 90 91 95 108 109 110 113 114 119 
123 127 133 135 138 140 142 143 147 149 155 158 
163 164 165 169 175 182 196 
63
1 5 6 7 8 12 13 17 18 24 27 28 
29 36 39 41 42 45 47 53 61 65 69 70 
71 73 77 86 87 93 95 101 102 106 107 113 
118 122 125 126 128 129 132 136 145 146 149 150 
151 160 167 171 172 175 177 178 179 181 183 184 
185 187 190 
59
3 4 5 7 13 14 15 16 18 22 24 27 
36 48 52 53 54 63 64 65 68 69 70 71 
75 76 79 82 88 90 100 101 111 114 119 120 
130 134 135 141 143 145 147 150 151 152 153 159 
161 163 164 169 171 173 178 186 187 188 197 
63
3 13 15 20 21 31 32 34 35 36 38 40 
43 48 58 60 66 68 70 71 72 73 74 75 
80 87 90 93 94 99 100 101 103 107 114 115 
118 119 122 125 129 135 136 137 142 144 153 154 
159 160 167 171 173 176 179 183 184 186 189 194 
195 196 198 
60
11 16 18 19 20 21 23 31 34 48 50 60 
68 69 71 72 81 85 87 89 93 96 100 102 
105 106 111 113 115 120 121 122 125 128 129 131 
132 134 137 140 141 143 145 146 148 149 152 154 
160 161 164 169 175 180 181 182 188 195 199 200 
58
1 2 4 5 6 13 14 19 21 22 23 34 
37 40 42 46 48 49 50 51 53 59 63 72 
77 80 84 86 87 88 92 94 97 100 104 110 
118 119 125 126 130 131 132 133 145 149 160 164 
171 174 178 185 187 188 192 193 197 198 
64
3 5 15 16 18 19 27 32 33 34 35 39 
41 44 53 59 60 66 67 68 73 77 78 81 
83 86 87 94 96 97 99 105 110 114 116 117 
121 125 126 134 135 137 138 142 144 145 147 148 
149 150 155 156 166 167 169 170 172 176 178 186 
187 197 198 200 
50
1 2 3 4 16 17 23 29 30 35 42 54 
57 59 67 69 70 73 83 85 86 88 95 96 
105 108 109 110 111 113 117 119 122 132 136 143 
144 149 150 152 157 161 166 171 172 178 180 181 
197 200 
65
1 2 7 8 9 10 14 18 19 20 22 23 
26 29 31 32 34 39 43 46 57 58 60 64 
67 70 73 74 78 79 83 84 87 88 89 96 
98 99 104 105 108 110 114 115 121 122 124 133 
138 140 143 145 150 151 152 164 165 170 173 175 
176 180 181 192 193 
66
1 3 9 11 12 13 15 21 24 29 31 37 
41 46 56 64 72 73 75 77 81 87 88 89 
92 94 95 96 97 98 102 104 107 109 112 126 
127 129 135 136 141 150 151 152 154 155 156 157 
159 160 161 163 169 170 171 175 176 178 179 181 
190 192 193 194 196 197 
71
2 3 7 10 21 24 26 29 30 31 34 36 
39 40 41 43 45 48 50 51 55 60 66 68 
72 76 77 78 81 84 85 88 92 94 96 97 
100 101 102 104 106 107 108 109 110 111 112 115 
122 123 124 125 127 131 139 141 143 150 155 156 
159 166 168 169 171 175 182 188 190 191 192 
67
1 2 5 10 11 15 24 25 28 32 33 35 
36 43 47 48 51 57 58 60 61 63 65 66 
72 78 79 80 81 82 83 84 86 87 92 95 
99 100 104 108 110 112 113 117 123 128 131 133 
141 142 147 149 159 160 162 165 166 173 176 177 
179 182 185 186 188 190 198 
57
6 12 18 21 23 24 28 48 49 50 54 55 
62 66 67 81 82 84 91 92 93 94 95 96 
97 102 103 105 110 114 117 120 122 123 125 126 
128 129 132 134 141 142 146 150 151 152 160 162 
164 168 170 172 181 187 190 191 193 
58
3 5 11 18 22 24 26 30 34 37 39 44 
48 52 54 56 57 60 64 65 67 71 72 74 
77 79 82 87 97 100 106 107 109 112 113 114 
127 134 135 137 138 141 153 155 156 162 166 170 
172 174 178 181 183 188 196 197 198 200 
67
3 5 9 10 16 17 20 24 27 33 35 38 
40 41 46 53 54 55 56 60 65 68 72 73 
77 78 80 81 83 84 89 92 93 94 97 100 
102 103 107 110 119 121 124 125 128 129 131 134 
139 141 147 152 153 159 160 163 167 168 173 174 
180 181 192 194 196 198 200 
61
4 10 15 19 20 21 23 26 37 42 44 54 
56 58 59 61 67 69 77 80 85 86 88 89 
93 96 97 100 102 110 111 116 119 120 122 125 
130 135 136 142 144 145 148 153 154 155 156 162 
167 169 170 172 173 175 176 178 183 186 188 194 
195 
58
4 10 15 17 19 22 29 30 31 32 33 34 
37 38 40 42 49 58 60 62 69 73 74 79 
84 89 92 93 94 95 96 97 100 103 119 127 
129 130 131 133 135 140 146 150 159 161 164 166 
168 170 172 181 184 192 194 196 199 200 
56
3 4 16 18 23 24 27 30 34 38 40 42 
44 45 48 56 61 62 65 66 73 78 79 81 
83 90 98 99 105 108 110 111 117 120 123 125 
134 145 151 154 155 157 158 159 160 166 169 170 
172 173 174 177 178 180 194 200 
65
2 4 6 13 18 24 25 36 41 42 46 49 
50 54 55 62 65 69 71 72 74 75 76 78 
80 83 84 86 90 93 95 98 99 108 109 110 
116 119 123 124 127 129 130 136 137 144 145 150 
156 163 164 166 168 175 177 178 179 184 186 187 
192 193 194 195 198 
60
10 13 15 17 18 25 31 37 42 44 48 50 
56 57 59 61 62 63 72 82 83 84 85 90 
93 97 98 99 107 110 111 113 114 118 122 126 
130 132 133 139 140 149 152 155 158 159 160 162 
164 170 172 176 178 183 187 188 191 194 197 199 
64
1 11 14 25 27 30 32 37 44 46 47 55 
56 57 62 63 66 73 74 76 81 82 84 85 
86 89 92 94 99 103 104 108 112 117 119 122 
125 131 133 134 135 136 137 144 145 147 150 151 
154 164 167 168 171 172 177 179 180 182 185 186 
187 190 195 198 
64
10 16 17 18 24 27 31 33 34 37 38 39 
41 42 45 47 48 49 59 60 63 66 69 70 
75 77 80 82 90 95 96 98 105 108 112 115 
119 120 123 125 126 128 134 141 142 143 144 145 
146 148 157 161 163 164 168 171 174 179 180 181 
184 186 187 189 
62
7 10 12 17 24 27 28 32 33 34 36 38 
41 42 51 55 58 64 66 67 68 69 70 71 
72 76 79 80 82 85 106 107 111 112 116 118 
120 123 132 134 138 143 152 155 157 159 162 163 
165 167 170 173 180 183 184 185 187 189 190 192 
194 198 
56
2 5 6 8 9 12 14 18 22 25 26 29 
38 40 49 54 55 56 57 59 62 63 69 70 
73 77 85 86 87 97 100 101 103 107 112 114 
115 119 120 122 129 136 148 151 154 156 158 163 
166 171 175 177 181 184 185 187 
60
1 3 4 6 7 8 10 12 13 14 17 19 
21 24 26 29 31 37 38 45 52 55 63 67 
70 71 75 76 78 80 87 89 90 95 103 105 
108 110 117 119 124 131 137 138 140 141 143 145 
148 153 154 164 172 173 174 175 180 189 191 199 
57
6 8 9 13 15 20 24 26 35 41 44 53 
65 66 67 69 77 79 91 92 93 98 101 107 
109 113 116 125 126 132 134 136 142 145 149 151 
152 154 155 156 157 161 163 166 167 169 172 173 
177 182 183 185 187 191 195 196 198 
61
4 14 16 17 18 22 24 28 30 37 41 46 
47 50 52 53 54 60 62 63 69 71 74 75 
76 90 91 98 99 101 104 110 112 114 118 122 
131 135 136 139 143 146 148 152 154 155 156 157 
169 171 172 179 180 181 182 183 185 187 196 197 
200 
63
7 9 10 12 14 20 21 30 33 35 40 42 
43 52 53 57 61 62 63 66 69 70 72 74 
76 78 79 82 83 84 88 92 93 94 99 111 
112 113 119 124 125 128 129 132 138 140 142 146 
149 154 155 162 166 170 172 174 175 177 180 181 
182 186 191 
61
1 2 4 9 10 12 13 15 16 18 27 28 
33 35 41 58 59 61 64 66 67 76 77 79 
82 87 90 96 97 101 102 104 106 108 112 114 
117 118 120 122 124 125 127 129 140 142 145 151 
152 153 158 171 173 174 179 181 183 186 187 188 
190 
56
1 5 7 19 23 24 36 37 42 45 46 48 
54 61 63 75 77 79 80 90 92 98 107 108 
114 116 118 119 121 122 123 124 132 133 135 137 
139 140 145 147 153 159 160 161 163 172 175 178 
179 180 181 183 187 196 197 199 
55
8 10 19 25 26 28 35 41 42 48 50 52 
53 67 73 76 77 78 80 85 86 89 95 97 
101 103 105 109 110 113 114 121 125 126 127 128 
129 130 131 135 143 145 150 151 167 168 170 176 
177 182 183 186 191 192 198 
55
4 5 6 7 8 15 22 29 30 33 34 36 
38 50 51 57 68 71 76 77 81 82 87 91 
95 96 104 105 107 108 113 117 118 120 124 125 
133 134 136 137 138 139 140 149 151 153 160 170 
174 175 184 185 186 197 199 
61
2 4 5 8 9 15 17 18 19 32 39 41 
45 48 56 57 60 66 68 69 70 76 80 91 
94 97 98 103 106 107 108 110 112 113 123 124 
127 129 131 138 141 144 146 147 154 155 157 158 
162 169 171 176 181 187 188 189 190 192 193 194 
199 
63
1 6 10 15 16 21 22 24 33 38 39 43 
44 49 50 55 58 60 61 64 65 66 72 73 
78 82 86 93 98 103 104 105 106 109 110 112 
113 114 115 118 126 128 138 141 142 143 149 150 
152 153 156 159 161 162 164 167 173 175 180 188 
194 195 197 
59
1 2 3 12 13 15 16 18 22 24 28 29 
36 46 48 50 53 60 62 64 65 66 70 71 
75 76 78 82 84 86 89 94 99 101 116 120 
125 127 131 132 134 136 141 142 144 145 153 159 
162 163 171 172 176 178 181 189 192 198 199 
62
5 6 7 9 10 17 20 26 28 32 36 44 
45 49 50 60 62 63 72 75 76 78 84 85 
86 93 97 98 100 101 102 107 110 112 115 117 
121 122 126 134 142 144 145 146 147 148 151 156 
157 161 165 166 167 169 172 174 185 189 191 195 
197 199 
69
2 4 7 8 10 14 16 19 20 21 25 26 
30 32 33 38 41 44 46 48 49 51 55 56 
57 58 60 70 76 81 82 83 92 96 103 107 
108 112 113 117 118 120 127 129 135 141 143 144 
151 152 153 155 159 163 167 169 171 173 174 175 
177 179 183 186 187 188 190 193 195 
50
3 6 11 13 26 32 34 41 48 57 59 63 
64 71 80 84 86 90 92 96 97 101 102 110 
119 124 127 136 141 144 145 149 154 157 161 162 
164 170 171 176 177 178 179 185 190 191 194 197 
198 199 
59
1 2 10 11 13 14 16 26 27 37 40 44 
49 52 61 62 64 65 74 81 82 84 85 90 
92 93 95 96 97 100 104 105 109 117 123 124 
126 130 131 132 133 134 135 137 138 140 144 145 
148 149 161 174 178 183 185 188 189 190 198 
61
6 10 19 22 24 25 26 27 28 29 30 33 
36 38 39 47 48 50 52 56 59 61 69 73 
74 80 89 90 93 94 96 97 99 102 105 107 
112 123 124 127 130 132 133 134 135 138 139 142 
144 155 156 157 163 169 171 174 175 181 193 194 
199 
60
4 9 12 14 23 34 37 41 48 50 51 53 
55 58 62 65 66 71 73 74 75 78 81 89 
91 94 96 97 100 101 102 105 110 111 112 114 
117 122 130 131 134 136 150 152 153 155 156 160 
161 165 168 170 178 180 184 186 188 190 193 200 
57
1 4 11 15 20 27 32 39 41 43 44 45 
46 57 60 62 66 71 75 76 77 86 88 91 
98 103 107 122 127 128 129 131 132 133 134 144 
146 148 149 153 154 159 160 161 162 163 168 173 
175 179 181 182 184 185 192 195 197 
53
10 13 17 20 21 22 30 37 46 48 53 58 
67 76 78 81 87 95 100 103 105 121 122 125 
127 130 131 132 133 137 138 142 143 148 150 153 
155 156 157 162 163 166 167 173 175 176 179 184 
188 192 194 195 199 
59
3 4 5 6 12 15 17 19 21 23 28 29 
30 33 37 42 43 49 51 62 66 73 76 77 
82 83 88 92 100 101 102 105 108 111 112 114 
115 118 124 128 130 135 138 145 148 151 153 156 
158 160 168 170 171 172 176 179 180 196 198 
46
4 13 16 19 26 31 34 41 56 58 62 67 
72 77 78 80 81 87 88 91 96 101 103 110 
113 119 122 134 136 139 141 142 150 151 153 165 
168 169 170 175 179 185 188 192 194 195 
74
4 5 12 25 28 31 32 35 37 40 41 42 
45 46 48 51 57 58 59 60 61 65 66 68 
70 72 73 85 86 88 90 96 101 103 104 108 
111 113 114 115 118 119 120 123 124 125 127 128 
129 130 131 132 136 137 144 145 146 148 154 157 
162 164 167 172 175 179 190 192 194 195 196 197 
198 200 
57
1 6 7 8 10 19 22 26 27 29 34 35 
36 40 46 51 53 57 60 61 68 74 86 88 
91 92 94 97 100 103 105 107 109 112 114 120 
122 129 130 134 135 142 156 158 166 172 175 178 
179 181 182 184 186 190 191 192 200 
66
1 2 3 17 19 20 21 22 24 27 29 32 
37 38 43 48 53 57 58 59 61 63 65 68 
69 73 76 78 79 81 83 84 87 88 92 98 
102 103 108 109 110 114 115 116 117 119 122 123 
124 131 134 143 149 154 156 159 161 173 179 181 
186 188 190 192 193 198 
56
1 18 20 21 23 25 29 31 32 35 37 39 
42 53 57 64 66 68 69 71 72 76 79 89 
94 96 102 108 109 110 120 121 123 129 131 133 
136 142 147 149 151 154 157 162 164 169 172 173 
174 182 183 185 189 194 195 199 
61
1 2 5 8 16 17 18 20 21 22 30 32 
34 37 38 50 53 55 58 59 61 64 66 70 
77 82 87 88 94 95 96 99 104 106 109 111 
115 117 121 122 123 125 134 139 140 142 147 149 
153 155 156 159 160 165 167 168 170 171 174 177 
181 
62
1 6 14 15 18 23 26 28 36 38 39 45 
48 50 55 60 61 62 66 67 71 73 75 76 
80 82 91 93 95 99 109 111 113 118 122 124 
126 127 128 131 132 134 136 138 140 146 148 152 
159 164 165 168 169 171 173 178 179 182 183 189 
192 200 
62
3 5 6 10 13 14 15 16 22 25 29 30 
33 36 37 40 53 56 57 58 59 60 62 63 
65 68 69 75 76 77 86 91 92 94 99 102 
106 110 112 115 117 123 134 135 138 140 143 146 
155 156 158 160 163 164 165 169 174 181 184 187 
192 194 
55
4 12 14 22 23 24 25 27 33 39 41 46 
52 57 59 61 63 74 75 79 80 81 91 94 
96 103 107 111 116 118 123 124 125 128 131 132 
135 136 139 141 148 150 152 162 166 167 169 173 
174 175 180 186 187 188 199 
54
3 9 17 18 21 30 32 35 36 37 38 39 
43 44 51 58 63 64 70 71 75 76 77 78 
92 95 96 98 107 110 118 119 121 124 131 139 
143 144 148 150 151 153 156 158 161 162 171 173 
177 180 188 189 195 198 
61
1 7 10 11 21 26 29 30 31 32 35 37 
39 46 47 48 54 56 60 62 64 76 87 94 
96 100 105 110 111 112 115 116 119 120 121 123 
124 125 126 129 132 138 141 142 145 147 148 156 
159 168 175 177 183 186 188 189 190 194 198 199 
200 
72
3 5 6 7 8 13 14 15 16 17 20 22 
23 27 28 36 37 38 41 42 46 47 54 56 
60 63 66 67 69 75 78 79 80 82 89 94 
95 97 98 104 106 109 110 112 120 130 137 138 
140 142 143 149 150 153 155 156 161 162 164 165 
170 174 177 180 181 184 185 187 189 191 194 197 
60
10 12 16 18 24 30 34 35 40 41 43 45 
50 56 57 61 64 68 69 70 75 76 82 84 
85 86 89 91 95 96 97 108 111 112 113 119 
123 130 131 133 134 142 146 150 152 154 155 156 
157 163 169 170 171 172 177 179 182 184 195 198 
63
7 10 15 16 18 20 22 23 27 36 41 43 
47 49 56 61 65 72 74 80 83 84 86 87 
88 92 93 98 101 102 106 107 108 113 119 120 
123 124 128 130 132 133 137 138 139 147 149 151 
155 158 163 169 176 184 186 188 192 194 195 196 
197 198 200 
60
2 3 5 11 12 13 14 20 22 23 27 35 
39 41 42 48 53 56 59 60 66 67 72 74 
75 76 85 87 91 92 95 99 101 103 108 113 
115 119 126 132 133 135 136 142 146 147 153 154 
156 157 159 161 162 163 164 172 174 190 191 192 
51
2 4 11 15 26 30 31 33 34 36 37 39 
41 47 48 50 54 66 69 73 75 77 79 81 
82 84 86 91 97 98 99 106 113 119 121 122 
137 143 145 151 154 156 170 173 178 181 183 190 
191 194 198 
62
4 8 9 10 11 12 13 16 17 19 26 30 
35 40 42 43 45 46 47 49 50 51 56 62 
66 67 73 80 85 87 97 108 109 111 114 115 
116 117 123 126 129 138 139 140 143 145 146 147 
153 156 158 165 169 171 173 183 185 187 188 190 
191 200 
58
3 8 10 13 18 20 28 36 38 39 40 42 
53 56 60 61 62 64 71 75 78 80 81 85 
86 90 95 104 107 109 121 122 126 128 131 132 
133 134 135 136 137 138 142 143 147 150 152 155 
158 159 172 175 179 180 182 184 187 191 
67
2 9 10 11 12 15 16 17 19 21 22 28 
29 31 32 33 34 37 38 41 42 44 46 54 
58 65 66 70 72 73 82 84 94 95 97 103 
105 106 111 112 115 116 119 129 130 132 134 137 
140 142 143 145 153 155 160 162 163 166 169 170 
172 182 183 186 193 195 197 
63
1 5 10 11 15 16 17 23 26 31 32 35 
40 44 48 55 67 69 70 78 82 83 85 87 
89 94 100 102 103 107 111 112 115 117 119 120 
122 124 125 126 128 137 140 148 155 156 157 159 
162 166 167 169 170 173 175 176 181 182 187 188 
189 190 192 
47
14 18 29 32 45 46 51 52 55 59 62 63 
67 70 74 80 82 83 84 89 91 96 100 101 
103 105 106 107 108 109 112 119 121 132 133 149 
154 162 168 169 174 176 181 189 190 196 197 
52
2 6 9 15 17 19 24 29 31 34 36 44 
48 49 56 58 59 60 61 66 71 74 76 77 
78 83 85 88 91 94 95 103 111 113 114 116 
118 120 121 124 133 142 148 150 157 160 161 165 
183 185 193 200 
67
1 4 5 7 9 11 13 14 18 24 26 29 
32 34 35 39 40 44 45 46 47 52 53 56 
57 58 66 72 75 78 80 82 83 93 94 104 
107 111 112 114 115 116 119 123 127 129 130 132 
133 134 138 139 140 156 160 162 163 167 168 169 
179 181 189 190 191 192 196 
69
1 6 8 14 15 16 24 25 27 29 31 32 
33 34 40 43 44 47 48 49 51 59 60 65 
66 73 78 79 82 92 94 100 101 102 103 104 
106 108 117 118 122 124 125 128 129 136 139 143 
144 145 146 153 155 159 160 163 164 167 171 173 
174 177 178 181 182 187 194 196 200 
55
15 16 17 25 32 33 37 39 40 42 43 46 
48 51 52 54 56 57 63 64 65 68 70 71 
73 86 96 101 102 104 111 118 121 122 125 127 
130 134 135 138 140 146 150 151 158 159 170 172 
175 178 181 183 189 198 199 
72
1 2 3 4 5 8 9 12 16 21 24 25 
27 28 29 31 33 34 38 44 46 53 59 62 
63 65 66 69 70 74 75 77 78 79 80 83 
85 90 91 92 97 99 101 102 108 113 120 122 
123 128 130 132 141 147 150 156 157 158 159 168 
173 174 175 176 179 184 186 187 191 194 198 200 
65
3 9 13 21 24 30 33 40 48 55 57 62 
63 64 65 66 67 68 70 72 73 74 75 77 
79 80 83 86 88 90 91 94 95 104 107 108 
109 118 121 122 124 127 139 140 142 144 147 148 
150 153 156 161 162 163 167 169 171 172 173 176 
178 181 189 194 195 
58
2 5 14 15 17 20 29 37 38 41 44 45 
48 51 55 62 70 72 78 80 83 84 85 86 
89 92 99 106 107 113 121 124 128 129 135 136 
140 141 143 147 148 157 158 159 163 164 165 166 
167 176 177 178 185 187 191 194 196 197 
65
1 9 24 25 26 29 30 33 34 36 42 43 
46 47 49 51 54 55 58 61 62 64 65 67 
74 75 81 86 87 88 93 97 100 103 104 108 
111 113 120 121 128 131 132 133 135 137 138 140 
143 146 149 153 157 158 162 164 170 172 173 177 
182 185 192 194 195 
72
6 12 13 19 20 21 24 27 28 29 30 31 
33 34 36 37 40 44 49 51 55 61 62 66 
68 72 73 76 77 78 80 83 84 85 86 88 
89 94 95 100 107 113 115 116 119 120 121 127 
130 131 132 133 134 136 139 141 147 155 159 164 
170 171 175 180 182 189 191 192 195 196 198 199 
56
3 4 6 16 17 18 22 27 31 33 34 35 
36 39 40 41 43 44 46 50 51 55 56 59 
80 85 86 94 97 103 104 105 107 110 114 120 
121 124 134 136 139 140 143 144 145 149 150 157 
159 170 172 176 184 189 193 196 
62
1 7 8 10 12 18 20 21 23 25 33 36 
40 41 50 60 65 75 78 80 82 90 92 94 
98 107 110 115 116 119 122 124 126 131 136 138 
140 144 145 150 151 154 155 158 161 162 163 165 
167 169 170 171 172 175 177 179 181 185 186 191 
192 197 
64
3 6 12 15 16 19 22 24 27 34 38 40 
44 49 52 53 55 61 63 68 71 73 74 77 
82 88 91 97 101 103 109 110 113 115 117 118 
122 127 129 131 135 136 142 146 147 148 153 154 
155 156 158 160 162 163 167 168 171 174 175 176 
179 189 194 198 
49
4 9 11 18 19 23 24 30 33 50 52 57 
60 63 64 72 91 104 105 106 113 114 115 116 
120 133 134 137 138 140 141 144 147 150 152 157 
165 166 167 171 172 174 183 185 186 187 190 192 
200 
60
2 5 7 8 11 13 16 17 21 23 30 31 
33 35 40 41 44 45 46 47 48 53 58 67 
69 71 73 81 82 87 91 96 97 99 101 105 
106 107 108 110 118 119 123 131 134 136 142 144 
149 159 162 163 164 165 179 181 183 186 191 197 
51
1 10 13 14 17 18 25 34 35 36 40 41 
44 54 55 68 72 79 83 84 93 97 105 106 
108 113 114 118 120 122 125 126 128 131 132 133 
142 147 149 151 153 154 160 168 170 174 184 187 
193 197 199 
66
4 5 6 7 12 13 15 18 19 20 25 26 
27 31 34 38 40 47 49 51 58 59 60 61 
63 72 80 82 85 91 93 98 102 105 106 108 
109 110 112 119 120 126 127 129 130 135 141 142 
147 148 150 151 155 156 159 161 164 175 177 179 
183 186 188 195 197 198 
62
4 6 8 9 13 16 19 23 27 32 49 52 
54 55 58 59 60 61 64 72 73 74 82 85 
86 89 93 95 96 99 102 103 105 111 116 125 
127 133 135 136 140 145 146 147 149 150 151 152 
155 162 164 172 177 179 182 184 187 189 192 194 
195 197 
61
1 2 3 6 10 16 21 27 28 29 30 40 
44 45 48 50 54 57 62 64 70 84 86 90 
91 95 107 111 112 113 118 119 120 122 125 127 
128 130 136 141 144 145 150 151 163 165 168 169 
170 171 174 175 176 179 184 188 189 191 195 197 
199 
53
1 4 10 11 12 24 34 36 41 42 49 52 
54 63 64 66 70 76 77 81 86 87 92 93 
95 107 112 119 123 124 127 131 132 135 137 138 
143 144 145 149 151 152 153 156 159 161 162 167 
169 182 186 191 197 
58
11 13 16 18 24 25 28 38 41 42 44 46 
47 50 53 54 58 60 62 63 65 66 70 71 
79 80 81 84 87 89 93 96 104 108 109 113 
116 119 122 126 134 138 141 144 151 154 157 159 
162 163 165 166 172 174 175 184 191 200 
46
5 8 13 14 17 31 34 35 36 43 47 48 
50 53 55 58 62 66 82 93 96 102 103 106 
108 111 121 125 128 131 135 139 142 143 146 150 
153 154 160 166 171 176 182 186 187 197 
56
4 13 15 18 22 23 29 33 40 43 46 47 
48 51 57 58 60 67 70 71 75 76 84 91 
94 99 101 104 108 109 113 117 127 130 132 134 
142 143 152 153 159 161 162 164 166 168 171 174 
179 180 181 186 189 196 198 200 
52
1 5 13 23 26 27 29 30 40 42 44 48 
52 53 58 63 66 68 73 75 76 78 80 81 
85 88 92 93 94 97 110 120 131 135 140 142 
144 145 146 147 155 158 161 164 165 170 178 180 
185 188 192 200 
55
1 2 9 14 15 17 27 32 33 39 41 51 
55 57 58 65 68 69 73 85 88 89 92 94 
99 102 104 111 115 120 126 132 134 140 144 145 
146 150 155 157 158 159 160 161 163 166 177 178 
183 186 187 188 193 197 199 
55
1 2 4 11 25 32 37 38 40 43 44 46 
48 51 58 60 62 64 66 67 74 82 83 88 
89 91 93 95 113 114 118 120 122 125 127 128 
134 144 147 152 153 163 166 172 174 175 179 187 
188 190 191 193 196 197 198 
62
1 7 9 11 16 18 21 31 32 35 37 43 
44 46 48 50 53 57 60 62 63 65 67 69 
75 78 79 80 81 85 94 97 98 107 108 119 
122 123 124 130 132 137 145 146 148 149 150 151 
159 160 162 164 169 170 175 180 181 185 189 190 
194 200 
62
1 10 14 22 26 29 31 32 33 34 36 40 
41 42 44 46 47 52 53 56 60 65 67 75 
78 79 81 89 93 94 101 103 104 114 115 117 
122 131 133 135 138 140 141 145 146 149 152 153 
156 157 163 171 176 180 182 189 190 193 195 196 
197 199 
59
3 4 6 9 10 11 13 17 18 21 22 23 
24 26 27 29 31 33 35 42 45 59 60 63 
66 68 70 71 72 85 86 88 89 93 103 106 
109 117 120 121 125 132 134 139 144 148 154 159 
161 164 167 172 173 174 180 187 188 190 198 
56
2 3 4 10 16 19 22 25 28 29 31 35 
40 43 47 49 52 54 55 62 68 70 71 77 
81 82 84 91 96 99 101 110 113 119 121 126 
130 131 140 141 142 144 146 147 148 152 159 162 
173 175 177 179 184 189 197 200 
49
1 2 4 8 16 17 22 23 25 28 31 36 
44 67 68 76 78 80 83 86 97 98 100 106 
110 114 116 117 119 125 128 129 130 131 137 139 
140 148 149 150 153 154 159 160 164 169 172 176 
193 
57
7 11 12 15 16 18 19 22 24 28 34 37 
38 40 45 47 48 56 59 61 62 67 73 74 
81 83 90 91 96 106 112 127 130 131 132 133 
134 135 136 137 147 150 151 153 154 155 157 161 
166 167 169 171 178 184 185 191 195 
63
2 3 14 15 24 27 28 30 36 39 41 43 
46 49 50 53 54 55 56 59 60 64 68 69 
70 71 75 76 79 84 85 90 94 100 102 104 
106 110 111 115 116 120 125 126 146 148 149 152 
158 160 162 166 167 181 185 187 188 190 193 194 
195 198 200 
51
5 6 8 11 15 21 22 25 28 29 32 35 
37 41 47 49 52 60 69 71 79 86 92 94 
95 100 101 106 107 110 112 125 127 128 133 135 
142 147 149 152 155 159 161 173 178 180 185 188 
192 198 199 
54
3 5 6 7 11 13 15 16 17 25 38 45 
46 49 52 54 61 65 67 70 72 75 77 79 
87 89 95 99 101 102 105 106 107 110 112 115 
120 124 126 128 144 147 156 161 171 172 174 175 
176 181 190 191 195 199 
49
2 4 7 18 19 20 21 23 26 30 38 42 
44 59 60 66 67 69 73 79 80 81 87 90 
96 108 116 124 125 127 131 135 139 144 153 157 
159 161 163 165 167 173 174 178 179 181 189 191 
194 
69
3 4 5 6 11 13 14 17 18 20 21 22 
30 36 40 41 44 47 50 53 57 58 59 67 
69 70 71 72 74 78 80 86 87 88 103 107 
111 116 117 120 124 125 133 135 136 140 141 145 
147 148 150 151 153 154 159 164 166 167 173 175 
176 183 184 185 187 188 190 191 199 
63
4 11 14 15 24 26 28 29 30 35 37 42 
43 46 49 51 52 60 63 69 71 72 73 78 
82 83 84 85 88 92 94 102 108 110 117 118 
119 120 121 126 129 130 134 137 139 140 146 148 
149 151 153 154 160 161 162 167 171 175 177 179 
184 185 186 
66
1 3 4 12 17 18 21 24 26 28 32 33 
39 42 47 49 50 54 56 57 59 60 63 65 
70 74 75 78 79 80 82 83 85 88 93 100 
102 103 105 108 114 117 119 121 122 123 125 130 
134 149 151 154 156 158 160 168 169 172 174 177 
178 182 183 184 189 191 
73
1 6 7 8 9 12 16 22 27 28 30 31 
34 38 40 48 50 51 57 62 66 69 70 71 
74 75 78 79 80 81 83 84 86 89 94 100 
104 105 107 108 110 111 114 115 121 122 123 125 
134 135 136 139 141 143 154 155 157 161 166 170 
176 177 179 180 181 183 186 191 192 194 196 197 
200 
52
3 8 23 24 25 26 27 30 31 33 36 40 
42 46 48 59 63 67 72 79 83 84 89 90 
93 94 96 97 99 101 102 109 113 118 121 123 
125 140 148 160 166 168 176 179 182 184 186 188 
192 196 197 199 
61
1 2 3 4 6 11 15 18 21 34 35 37 
41 42 46 48 51 54 55 59 61 67 69 70 
71 73 75 79 83 87 94 97 100 102 113 118 
125 126 137 141 147 149 151 158 160 164 170 173 
174 175 177 178 179 184 186 187 188 190 191 195 
196 
67
2 4 6 8 10 11 12 17 20 21 22 25 
27 29 33 34 36 50 56 58 59 60 64 65 
66 72 73 75 86 91 92 96 97 99 102 108 
111 115 116 119 126 132 135 144 151 153 158 159 
169 171 172 174 175 176 180 183 184 186 187 190 
191 192 194 195 196 197 198 
73
3 5 12 15 24 25 26 29 33 37 39 40 
41 45 46 48 55 56 60 63 64 65 66 69 
71 79 80 88 89 92 97 98 102 103 105 107 
108 110 111 112 116 122 131 132 133 135 136 138 
143 144 146 147 148 151 155 156 160 161 165 167 
168 170 173 174 175 177 181 184 185 186 195 197 
200 
63
1 3 12 15 17 19 21 24 27 30 31 38 
40 41 45 46 48 49 54 55 56 58 59 60 
63 78 81 83 89 97 100 102 103 104 108 110 
112 113 115 117 122 126 128 131 133 156 158 159 
160 161 167 169 171 172 175 177 181 183 184 191 
193 196 197 
63
3 4 5 8 11 14 15 22 26 29 33 35 
48 49 51 55 56 57 60 62 67 68 70 74 
75 80 82 84 90 95 96 103 112 113 116 121 
124 126 129 131 132 133 135 143 144 146 149 150 
159 165 168 170 173 176 180 181 184 185 188 192 
193 194 195 
58
2 3 12 22 30 31 33 36 38 39 41 46 
49 50 51 52 58 59 63 66 71 72 74 81 
86 90 92 95 96 100 101 106 110 117 131 133 
134 139 146 148 153 154 155 156 157 163 165 166 
170 173 174 178 184 186 191 192 196 199 
54
4 7 15 17 21 25 26 29 30 31 35 46 
50 53 63 66 71 75 76 84 85 87 88 89 
94 96 98 102 106 107 113 119 137 139 144 145 
146 150 151 155 175 176 178 181 182 184 187 188 
189 190 192 197 198 199 
58
7 8 11 16 17 19 20 23 25 29 30 32 
39 41 43 46 49 53 55 59 64 73 75 76 
78 79 83 87 92 93 95 97 102 103 105 121 
124 132 134 135 137 138 140 143 144 148 149 152 
153 154 161 167 174 182 184 189 190 191 
64
2 3 4 9 10 13 14 16 18 21 27 28 
33 34 38 42 43 49 51 55 57 64 65 66 
68 74 78 79 80 83 89 90 92 96 102 113 
115 117 120 123 126 130 131 133 135 141 142 145 
148 153 156 158 161 162 164 167 168 172 175 176 
183 190 195 197 
66
2 3 4 7 12 15 18 19 23 31 33 36 
41 45 46 48 52 54 55 56 58 59 63 68 
71 74 76 78 82 85 87 88 94 97 102 105 
121 123 124 129 131 132 133 134 135 137 143 147 
149 152 154 155 157 159 160 162 166 178 183 186 
187 192 193 194 196 198 
61
2 5 8 9 11 14 17 18 20 21 23 25 
26 32 39 56 58 59 61 62 63 64 65 67 
68 72 79 82 89 95 98 100 101 106 111 114 
115 116 117 122 124 125 127 128 129 141 146 151 
152 154 165 166 170 174 177 182 184 185 189 191 
197 
61
1 3 7 8 11 13 14 17 19 20 21 23 
24 26 33 34 37 39 42 45 47 52 57 60 
63 64 65 71 72 74 88 93 94 95 96 105 
108 113 119 120 122 128 134 135 147 152 153 154 
155 158 160 163 166 168 170 182 184 192 194 195 
197 
52
2 4 9 20 32 34 35 36 40 46 47 49 
52 53 54 57 60 63 70 78 79 86 87 99 
105 108 110 113 116 119 121 122 124 125 126 128 
136 145 147 148 151 152 159 162 165 166 170 176 
185 187 191 192 
62
3 8 9 10 13 16 21 25 32 40 42 43 
47 48 52 53 55 58 61 63 65 70 75 83 
85 87 90 91 92 97 98 102 105 106 114 120 
123 124 125 127 128 130 133 137 140 148 154 156 
158 159 160 167 169 171 177 186 188 190 191 195 
196 199 
64
5 11 12 14 15 16 18 20 27 29 36 39 
43 45 48 50 53 62 63 67 69 74 81 82 
83 84 88 91 92 95 102 105 115 118 119 125 
126 127 131 132 138 140 149 153 154 155 159 160 
161 164 171 172 174 178 180 181 185 186 187 188 
193 194 195 198 
51
1 4 6 14 25 27 28 31 39 55 56 59 
61 63 68 74 87 90 95 99 105 107 113 116 
118 119 122 127 128 131 132 133 136 137 140 142 
144 150 153 155 164 168 171 181 182 187 188 190 
192 197 198 
55
6 7 8 10 14 17 19 21 23 24 29 32 
33 34 35 37 38 39 49 50 59 60 64 72 
75 77 78 79 91 97 99 108 109 116 117 120 
121 122 123 124 132 138 147 148 149 155 158 162 
163 165 168 170 171 176 194 
56
2 3 5 10 27 29 32 34 35 40 47 48 
52 54 55 57 58 66 68 71 74 80 81 86 
87 91 92 93 101 102 103 107 112 116 118 119 
120 122 123 132 135 136 142 149 153 157 160 166 
167 173 174 179 187 189 191 197 
58
1 3 8 13 15 16 17 25 27 28 32 34 
41 42 43 44 49 50 54 57 62 63 65 68 
90 93 95 98 105 107 109 111 117 128 129 130 
143 145 150 154 155 157 158 160 161 165 168 169 
171 173 177 181 182 187 190 198 199 200 
56
9 15 16 20 22 28 29 31 37 47 50 54 
58 59 60 64 67 68 70 75 80 81 87 92 
99 104 105 110 112 115 117 120 122 124 125 131 
137 138 142 148 151 153 157 159 162 168 169 172 
173 184 186 188 189 193 197 199 
44
5 19 20 29 31 32 35 37 39 40 41 61 
64 73 74 75 76 77 79 81 85 90 91 93 
108 113 116 117 120 126 127 138 152 153 155 159 
170 174 175 177 181 184 186 193 
54
1 4 9 18 22 25 28 45 46 47 49 50 
52 54 55 66 69 70 71 75 78 92 93 99 
102 106 107 110 113 114 115 117 119 122 130 131 
135 136 137 138 140 145 159 161 162 177 178 179 
180 187 188 193 194 199 
69
1 3 4 5 6 7 8 9 10 11 12 13 
24 28 29 32 37 41 43 44 45 46 50 53 
54 55 58 60 65 67 69 71 75 80 85 91 
92 93 96 101 105 113 115 120 121 124 127 131 
133 135 137 138 141 143 158 160 161 165 166 169 
172 175 179 180 186 188 190 191 195 
60
4 5 12 13 14 24 29 30 31 33 37 38 
39 43 46 52 53 57 59 62 64 69 72 73 
76 78 79 80 83 86 97 101 104 109 111 113 
117 124 128 130 134 135 137 142 144 148 155 157 
161 162 173 180 184 185 186 189 190 194 195 198 
69
2 3 6 9 10 11 17 23 26 28 38 40 
41 45 50 51 52 54 57 61 62 64 66 67 
69 71 73 74 75 81 87 92 93 95 99 101 
103 105 106 108 112 114 120 123 125 131 134 138 
139 140 141 142 146 149 151 155 158 159 162 163 
165 166 176 177 187 188 190 194 195 
72
6 7 8 13 14 16 23 24 29 31 39 43 
45 46 52 57 61 62 63 64 66 68 69 71 
77 78 79 83 86 87 90 92 95 99 100 101 
103 105 110 112 114 116 118 121 124 125 128 131 
134 136 137 141 146 147 153 154 156 159 160 161 
164 169 171 174 175 181 182 183 189 191 199 200 
61
1 3 8 10 18 20 24 25 27 30 31 33 
34 35 40 42 47 48 50 51 63 64 69 70 
75 82 83 85 86 87 98 100 107 108 120 123 
125 135 138 141 142 144 147 150 153 158 161 165 
167 169 171 173 180 183 185 186 188 191 192 194 
198 
48
6 8 10 12 17 25 29 30 34 44 47 54 
56 57 63 66 68 73 76 78 81 82 89 93 
95 101 105 106 110 111 112 114 117 133 135 145 
153 157 165 167 169 172 181 187 192 197 199 200 
69
3 16 20 23 24 27 29 35 37 41 43 45 
46 48 50 53 61 63 65 70 72 73 77 78 
80 81 82 86 87 89 90 93 97 99 106 107 
108 110 115 120 121 124 127 128 130 131 138 141 
142 146 149 152 154 156 158 161 162 163 167 178 
179 182 184 186 191 195 196 197 199 
69
4 5 7 8 11 13 14 15 18 20 21 24 
26 27 29 30 35 36 43 52 53 54 59 62 
63 64 65 76 77 81 82 85 91 92 95 97 
101 105 108 109 113 115 127 131 134 136 138 139 
140 154 155 160 161 163 171 172 175 179 181 183 
185 186 190 192 193 194 197 198 199 
67
1 3 4 5 9 11 12 13 15 21 22 25 
26 35 37 43 44 46 47 50 55 59 65 69 
73 76 77 79 80 84 92 97 103 107 108 110 
111 114 117 119 120 122 123 128 131 134 138 139 
140 142 143 145 146 152 153 155 156 160 163 165 
166 175 185 188 190 193 198 
49
1 8 10 15 17 20 32 33 41 44 55 61 
70 75 79 80 82 85 88 91 92 99 103 107 
108 111 113 119 123 126 137 138 142 143 151 158 
161 162 165 166 169 172 174 189 190 192 196 198 
199 
61
3 7 8 14 15 17 18 19 23 24 28 45 
48 50 52 56 63 66 68 71 72 74 77 81 
85 86 87 88 91 92 94 97 98 99 104 110 
111 114 127 128 131 134 137 141 143 145 153 155 
160 164 169 170 172 174 176 177 180 183 187 189 
191 
49
3 4 14 17 22 23 25 32 35 44 45 48 
56 58 60 70 79 82 89 90 94 95 98 99 
105 107 109 113 114 116 119 120 126 127 130 131 
134 138 144 148 151 153 168 172 174 180 191 193 
198 
51
1 9 14 16 18 21 22 30 31 33 41 48 
52 54 59 62 64 66 69 70 71 78 80 81 
92 98 99 103 105 106 107 120 126 128 130 140 
154 165 168 172 176 180 181 183 186 188 191 192 
194 198 199 
59
2 4 5 9 24 27 30 36 38 39 47 49 
50 57 63 64 69 72 73 75 76 77 81 82 
83 89 90 96 100 102 103 104 105 111 113 115 
134 138 139 142 150 151 155 160 162 165 167 169 
173 175 178 180 182 186 187 190 192 195 196 
47
2 7 9 15 18 25 26 27 29 31 33 37 
43 45 46 48 50 58 59 61 62 63 66 80 
82 85 89 96 101 110 117 120 123 127 128 131 
134 144 146 147 148 153 156 165 171 181 185 
64
1 4 5 6 9 13 19 22 23 31 36 42 
52 55 56 58 60 61 62 64 67 68 73 77 
80 82 84 86 87 91 92 94 96 97 98 99 
101 103 106 108 110 114 116 120 121 126 135 136 
137 141 142 144 150 155 158 162 163 164 176 179 
182 189 192 197 
56
5 6 9 13 15 22 25 26 34 36 42 46 
48 60 61 62 65 66 72 80 81 82 83 85 
89 92 93 94 95 98 101 107 109 112 118 121 
124 128 130 135 137 138 148 153 155 161 165 169 
170 172 180 183 185 192 193 198 
66
4 10 14 16 17 18 19 23 25 27 29 30 
31 36 37 46 49 50 51 53 56 62 65 67 
71 72 73 76 77 78 80 83 86 88 90 92 
94 105 112 113 117 122 127 133 138 139 140 141 
145 149 150 159 163 167 168 174 175 179 180 181 
185 186 187 188 190 199 
58
1 2 3 5 9 13 14 16 17 19 21 22 
24 25 32 33 35 38 40 46 49 52 53 55 
60 66 68 69 72 75 76 77 83 84 87 93 
94 98 106 108 109 110 111 112 114 133 135 136 
145 156 157 161 166 179 187 194 196 198 
65
7 9 11 13 21 23 25 27 30 33 34 35 
38 39 41 43 45 46 47 49 50 53 55 56 
58 63 70 71 72 73 74 75 80 86 94 95 
106 108 110 112 119 120 124 125 132 134 137 141 
144 146 147 148 156 157 160 163 172 176 179 181 
183 189 194 197 198 
68
2 5 10 11 12 13 15 17 20 21 32 34 
35 39 45 48 49 51 52 55 67 69 70 72 
76 77 85 97 98 104 105 109 110 114 115 116 
118 120 122 124 131 132 145 147 151 153 154 155 
158 159 160 162 163 165 166 169 171 174 177 178 
180 181 188 193 196 198 199 200 
65
5 13 17 25 26 30 34 35 37 39 43 46 
47 48 50 52 58 60 63 67 69 74 75 76 
82 83 89 90 91 93 98 99 102 103 111 117 
119 122 124 126 129 133 135 137 138 142 156 158 
159 163 164 165 169 170 173 176 178 184 185 186 
188 189 192 195 196 
57
2 3 4 5 6 11 16 21 24 31 37 39 
42 45 49 54 57 62 65 68 71 72 73 78 
79 85 90 91 92 100 101 105 107 109 116 117 
118 120 121 127 128 129 132 137 139 141 145 146 
156 162 164 165 166 172 173 178 182 
54
4 5 6 8 17 20 21 24 29 35 37 43 
48 51 55 58 61 64 69 71 72 74 78 89 
90 91 94 106 108 115 124 134 135 139 143 145 
146 147 157 158 161 165 174 176 177 178 180 182 
183 186 188 190 197 200 
62
3 7 11 14 16 21 24 29 33 36 37 40 
44 46 53 56 60 61 71 73 75 76 82 83 
88 92 99 105 106 108 110 111 114 121 129 130 
133 137 138 141 147 148 151 153 154 158 160 161 
163 165 167 171 174 175 178 182 184 186 191 192 
193 194 
55
1 3 4 5 6 8 21 22 32 40 41 42 
44 56 61 65 66 68 72 73 80 81 82 85 
88 90 91 103 104 105 112 114 122 124 129 134 
135 138 142 145 149 153 158 161 163 164 165 166 
167 171 173 186 187 188 194 
55
2 3 6 7 9 12 18 19 21 23 29 33 
37 41 44 47 58 61 69 70 71 73 75 79 
81 82 86 91 96 98 101 103 105 111 117 138 
139 140 141 142 146 147 155 160 167 171 173 175 
179 187 193 195 196 197 199 
63
3 16 18 22 24 26 27 28 30 34 35 36 
41 43 45 47 50 52 54 55 56 60 61 62 
63 66 67 69 72 76 79 82 85 89 91 95 
102 107 119 122 126 128 129 133 146 150 152 161 
163 164 168 170 171 173 178 184 185 186 190 193 
197 198 199 
46
3 4 11 13 15 19 20 22 24 27 32 37 
38 41 44 49 60 70 71 75 77 78 90 97 
99 102 114 122 123 125 127 129 132 137 139 143 
146 149 150 156 160 162 163 170 171 197 
67
2 4 6 8 11 17 18 20 26 39 40 41 
43 45 50 53 54 55 56 58 62 66 67 69 
70 73 75 78 80 81 83 85 86 88 92 94 
99 105 111 112 113 114 116 119 123 132 133 138 
139 140 141 142 143 144 151 153 155 166 167 170 
177 178 187 188 191 192 194 
73
1 2 3 6 8 13 15 18 22 24 25 30 
32 34 35 39 42 45 48 51 56 57 58 63 
64 67 69 71 74 76 78 82 83 86 87 93 
94 95 98 100 102 104 105 114 120 121 122 125 
127 130 131 132 134 139 141 143 145 150 151 156 
157 159 161 162 166 172 176 177 178 179 186 196 
199 
56
9 10 13 21 22 23 25 29 31 32 33 42 
44 45 47 51 59 60 63 68 72 74 76 80 
84 89 92 94 98 99 104 107 111 114 118 119 
122 123 131 132 133 135 140 150 156 161 167 168 
172 176 177 193 194 195 196 198 
64
1 2 3 5 15 16 17 18 21 25 26 27 
28 33 36 40 47 51 53 54 60 62 65 68 
70 71 73 77 78 79 83 85 89 93 94 95 
97 99 105 106 114 115 117 127 128 130 141 148 
150 152 153 160 162 167 169 170 171 176 179 182 
183 184 194 196 
63
1 4 7 9 11 12 16 26 35 37 38 40 
41 50 55 57 58 61 63 67 73 74 77 83 
85 87 92 93 96 98 100 101 102 104 110 112 
121 129 134 136 139 141 142 154 155 156 163 166 
169 171 173 176 179 182 183 185 186 188 189 190 
194 198 200 
62
2 4 5 13 15 26 28 30 31 32 34 42 
46 50 54 55 58 62 67 68 70 71 72 74 
75 81 84 86 87 89 92 97 98 101 115 120 
125 127 133 136 139 140 142 143 144 145 146 150 
152 154 155 162 164 167 174 180 185 187 189 190 
192 197 
53
4 6 11 12 14 18 21 27 29 34 43 44 
45 49 52 55 56 61 67 71 78 83 84 87 
89 90 96 98 99 101 105 117 120 128 135 138 
145 147 152 154 155 158 167 171 174 175 182 183 
188 189 193 194 197 
59
2 6 8 9 10 17 19 30 47 48 54 55 
57 58 60 61 63 64 67 69 71 76 78 81 
82 86 87 90 93 94 97 99 100 103 106 109 
111 112 113 116 117 120 122 125 129 135 140 141 
143 145 155 167 168 174 177 183 186 194 200 
56
7 10 11 12 13 26 41 43 46 49 50 56 
62 67 68 69 72 75 90 91 98 99 103 108 
110 115 117 119 121 124 130 132 133 136 138 145 
148 150 151 155 158 161 167 168 169 171 174 176 
177 179 181 186 187 188 195 196 
64
1 3 4 7 8 9 12 13 17 21 26 28 
34 35 36 43 45 50 54 55 70 75 78 82 
83 84 85 86 89 94 98 104 105 110 111 112 
116 118 119 128 131 133 134 136 138 139 141 144 
145 147 149 150 151 156 161 163 172 175 178 180 
181 185 194 200 
56
7 8 13 15 18 23 24 30 31 34 35 39 
45 46 50 52 57 58 61 62 69 71 75 76 
78 83 92 93 94 100 110 111 115 117 118 121 
122 123 128 130 131 138 139 147 148 158 160 162 
165 173 175 179 181 186 192 196 
52
3 11 15 17 18 23 28 29 34 37 39 40 
52 58 59 60 63 68 69 71 78 81 83 84 
87 92 93 94 95 96 107 120 122 131 133 135 
140 143 144 150 151 154 155 156 165 166 170 173 
177 186 190 191 
62
7 10 13 14 15 20 22 25 30 33 34 36 
44 46 47 50 51 59 63 65 71 79 83 85 
87 89 91 94 100 101 103 107 109 113 120 121 
123 126 136 139 142 143 146 148 149 150 153 154 
156 159 161 164 165 173 176 179 181 186 187 188 
193 198 
70
1 10 11 13 14 15 16 17 18 24 27 32 
33 42 43 45 48 49 51 54 56 59 60 65 
67 68 73 74 76 77 78 82 86 87 90 93 
99 104 105 111 113 118 120 125 128 131 132 133 
134 137 138 139 141 144 146 149 150 158 159 163 
166 175 186 190 193 195 196 198 199 200 
63
1 4 5 8 15 17 25 27 29 34 35 37 
41 45 46 47 54 59 61 62 64 67 70 71 
75 78 82 84 86 90 93 99 100 101 103 105 
111 114 115 116 117 122 123 128 129 130 132 141 
145 153 155 157 159 160 166 168 171 172 174 177 
178 185 200 
57
6 8 10 11 13 15 17 20 21 25 28 34 
39 43 50 54 65 68 72 76 77 78 79 82 
85 86 91 92 95 99 102 103 105 124 125 127 
128 131 134 139 143 146 149 151 162 171 173 175 
176 182 183 187 189 190 191 199 200 
54
12 21 23 24 26 27 28 30 32 35 38 42 
55 69 73 74 76 77 78 79 80 82 83 84 
85 93 94 96 103 106 107 115 118 119 120 121 
124 128 130 132 134 137 138 139 140 154 155 164 
176 177 180 187 188 190 
74
1 3 5 8 13 14 16 21 25 26 30 33 
34 35 38 40 43 44 45 47 54 59 61 64 
65 73 74 76 77 78 85 86 88 90 92 93 
94 98 100 108 109 110 114 115 117 118 119 120 
126 129 136 137 138 139 142 147 151 152 155 159 
162 165 169 171 173 175 176 177 182 183 185 188 
190 193 
61
1 2 6 10 11 15 18 23 27 28 32 33 
38 42 44 49 53 58 59 61 69 73 74 77 
79 81 83 87 90 93 95 97 98 99 101 103 
107 110 117 125 126 128 138 140 142 143 145 146 
149 158 163 164 169 178 182 183 186 190 193 197 
199 
52
1 7 10 13 28 31 34 37 39 48 50 55 
62 66 68 70 74 75 80 86 88 92 96 98 
101 102 103 108 110 113 114 124 130 131 132 133 
136 140 144 154 157 172 175 177 180 183 184 185 
192 194 196 198 
60
2 4 8 11 12 15 18 19 26 29 31 32 
35 38 42 43 44 45 48 51 55 58 63 73 
74 76 78 81 87 90 93 98 101 103 106 109 
112 116 123 137 141 142 151 153 154 156 160 161 
163 164 170 172 178 180 181 186 188 194 197 199 
57
1 5 6 8 10 13 14 16 22 28 30 31 
36 37 43 45 58 59 69 70 71 75 81 83 
90 97 101 103 117 118 121 126 128 129 133 136 
137 138 145 147 148 152 154 156 161 166 170 171 
172 173 174 175 176 180 183 189 199 
