75 50
1 1 1 1 1 1 1 1 1 1 1 1 
1 1 1 1 1 1 1 1 1 1 1 1 
1 1 1 1 1 1 1 1 1 1 1 1 
1 1 1 1 1 1 1 1 1 1 1 1 
1 1 
2
8 11 
6
4 11 15 25 33 39 
9
7 26 32 36 37 38 42 44 49 
7
8 12 13 22 28 30 43 
10
2 4 6 22 23 31 36 39 42 48 
7
8 10 15 22 26 33 48 
1
22 
3
3 8 41 
6
14 21 39 40 45 46 
9
8 22 23 25 37 38 39 43 48 
6
7 22 29 30 46 47 
5
15 30 31 49 50 
7
4 9 14 19 20 32 38 
6
14 23 31 36 43 47 
6
4 14 33 37 43 46 
3
7 24 27 
4
16 17 27 31 
2
27 36 
7
1 9 15 21 28 31 46 
3
16 40 44 
7
2 12 25 31 33 38 43 
6
7 8 20 26 39 50 
2
20 40 
4
6 11 26 42 
4
18 22 28 38 
6
8 19 31 39 44 47 
8
1 4 13 17 26 30 38 48 
6
6 8 10 26 38 47 
7
18 29 30 31 41 42 50 
5
3 8 24 33 35 
6
9 25 34 41 47 49 
6
2 5 17 33 35 38 
6
3 15 19 23 25 42 
4
9 28 29 31 
5
10 11 14 25 28 
5
8 24 31 43 49 
4
5 14 34 40 
5
7 16 24 26 27 
3
27 35 50 
3
29 30 31 
5
12 16 18 19 27 
2
13 39 
7
4 14 26 35 36 41 47 
8
7 10 26 27 28 31 34 45 
6
2 16 20 23 30 50 
6
1 16 29 40 46 50 
6
25 27 34 44 45 47 
9
4 10 13 20 22 28 29 30 47 
8
1 5 7 8 10 11 16 37 
10
6 8 10 19 22 25 40 44 48 49 
6
26 27 33 34 46 47 
4
1 15 18 32 
11
8 14 16 20 25 26 30 31 39 47 48 
8
1 12 28 35 38 39 47 48 
3
4 7 47 
6
4 22 23 27 32 34 
8
1 5 16 27 28 37 40 47 
9
6 8 13 16 17 28 32 45 48 
3
11 45 47 
4
4 6 7 38 
4
3 6 11 32 
3
2 8 47 
7
7 10 16 23 37 46 50 
4
19 30 31 47 
5
10 40 42 44 47 
5
2 19 22 26 38 
1
18 
7
13 28 30 31 33 44 47 
5
1 9 17 35 44 
5
12 20 30 36 50 
8
12 13 18 24 31 37 45 49 
10
4 12 20 30 31 36 37 42 44 48 
4
15 44 45 47 
2
6 37 
6
15 22 23 24 36 44 
