75 50
1 1 1 1 1 1 1 1 1 1 1 1 
1 1 1 1 1 1 1 1 1 1 1 1 
1 1 1 1 1 1 1 1 1 1 1 1 
1 1 1 1 1 1 1 1 1 1 1 1 
1 1 
3
6 16 44 
7
17 19 20 34 39 43 48 
5
9 11 35 44 46 
2
18 21 
4
21 25 29 50 
4
5 41 46 49 
2
9 34 
4
4 11 16 40 
3
10 13 50 
2
17 26 
9
3 4 15 25 33 36 39 48 49 
7
7 13 17 19 24 36 42 
6
7 8 11 15 29 45 
7
9 10 22 25 36 38 49 
4
18 26 30 43 
4
14 15 21 47 
7
5 15 18 43 44 45 46 
6
1 15 27 28 38 45 
4
4 19 31 37 
5
2 30 31 33 48 
5
12 16 21 22 36 
5
11 13 33 41 47 
4
16 38 39 43 
3
35 37 39 
4
3 11 12 48 
8
9 10 19 30 33 34 46 50 
5
7 14 22 35 46 
4
8 17 21 26 
5
5 19 25 31 36 
3
27 41 42 
2
17 39 
5
3 12 29 36 49 
6
9 10 18 39 45 50 
5
16 22 23 40 50 
4
6 8 12 20 
6
11 12 19 21 35 38 
6
28 35 38 45 47 49 
6
13 17 18 27 45 48 
2
18 42 
4
5 6 9 22 
1
11 
3
3 11 43 
6
4 10 29 35 44 47 
6
12 20 21 34 44 48 
7
9 12 18 20 30 39 45 
2
3 4 
3
10 14 38 
6
11 27 33 36 45 47 
8
14 25 34 36 37 46 48 50 
9
2 18 22 25 30 33 37 40 48 
3
7 16 32 
11
1 2 7 8 9 12 23 25 38 42 47 
1
48 
8
3 4 13 26 28 30 42 47 
5
3 13 17 33 40 
9
1 8 12 26 31 38 40 41 42 
3
1 17 34 
4
10 12 18 44 
1
49 
1
25 
4
5 24 42 45 
4
9 30 32 41 
4
11 20 22 29 
6
6 14 19 36 44 45 
3
15 30 32 
5
3 18 21 30 39 
8
4 12 16 18 19 39 46 47 
3
2 16 36 
6
14 15 19 30 39 44 
5
10 21 24 40 43 
10
3 7 10 15 16 23 29 31 33 47 
7
4 8 12 41 43 44 46 
8
9 11 12 18 27 34 37 45 
6
9 15 22 24 28 50 
8
8 10 16 30 34 35 38 50 
