75 50
1 1 1 1 1 1 1 1 1 1 1 1 
1 1 1 1 1 1 1 1 1 1 1 1 
1 1 1 1 1 1 1 1 1 1 1 1 
1 1 1 1 1 1 1 1 1 1 1 1 
1 1 
2
34 48 
8
2 4 15 22 24 38 39 42 
5
7 20 28 31 47 
4
4 22 37 48 
7
9 25 27 29 33 35 42 
5
1 29 42 47 48 
3
31 32 43 
5
2 5 19 34 41 
5
2 9 33 36 50 
4
2 43 44 49 
4
20 29 31 33 
4
17 20 43 46 
3
12 25 29 
6
2 4 10 26 30 34 
3
29 40 44 
4
1 9 27 32 
8
4 7 11 17 19 23 45 47 
7
6 20 22 31 33 34 43 
4
24 35 38 43 
2
17 45 
6
12 14 20 22 23 44 
7
2 7 15 20 31 40 50 
4
14 20 37 42 
4
26 30 31 42 
5
2 15 20 27 36 
7
2 9 11 29 30 42 47 
10
2 6 19 23 28 35 36 37 42 46 
5
1 4 17 28 40 
6
21 30 37 39 40 42 
6
7 15 19 37 40 41 
5
6 40 42 44 45 
3
11 17 34 
7
6 17 19 31 34 46 49 
6
2 6 7 13 14 47 
8
4 6 11 31 39 41 43 45 
5
18 26 27 36 37 
1
43 
1
22 
5
2 18 19 36 48 
8
4 6 9 21 23 30 33 39 
6
9 24 32 36 40 47 
6
13 15 16 21 38 50 
6
15 20 27 40 41 49 
4
11 23 44 50 
5
9 16 21 46 50 
3
18 31 42 
2
14 28 
8
2 25 27 31 32 33 34 40 
1
33 
9
10 11 17 21 24 31 33 37 41 
6
16 25 29 32 35 47 
7
2 11 12 21 25 41 43 
3
5 24 32 
3
20 30 34 
3
19 33 49 
6
8 13 24 32 39 47 
5
13 14 35 39 48 
2
36 37 
7
2 19 32 35 39 40 42 
2
33 46 
5
16 19 34 38 50 
5
13 15 37 43 46 
5
2 3 14 20 30 
3
22 33 35 
3
7 25 48 
5
8 15 35 38 47 
9
11 12 14 15 22 29 37 45 47 
1
41 
3
21 38 40 
6
8 15 18 25 40 47 
3
8 13 45 
9
4 18 20 23 26 34 36 38 39 
5
3 24 42 48 50 
6
3 14 15 35 47 50 
4
10 13 22 40 
