75 50
1 1 1 1 1 1 1 1 1 1 1 1 
1 1 1 1 1 1 1 1 1 1 1 1 
1 1 1 1 1 1 1 1 1 1 1 1 
1 1 1 1 1 1 1 1 1 1 1 1 
1 1 
6
9 14 16 35 43 45 
3
8 17 29 
9
3 5 6 10 20 24 32 33 48 
3
24 32 33 
5
4 17 29 46 48 
8
6 9 16 24 34 35 38 47 
3
14 20 39 
2
1 19 
5
6 8 24 34 46 
5
20 21 22 35 45 
6
6 7 9 10 25 50 
4
5 11 19 30 
3
7 12 46 
2
10 33 
3
5 41 42 
2
12 28 
6
13 16 19 28 41 45 
2
44 46 
4
2 17 18 42 
5
10 14 28 33 42 
4
28 38 39 42 
7
10 12 23 25 40 43 47 
7
20 21 24 32 38 49 50 
7
1 3 18 35 36 41 46 
6
3 26 34 35 36 42 
4
7 8 33 41 
2
8 14 
9
3 7 15 33 35 38 39 43 50 
4
2 3 6 46 
4
2 13 16 36 
5
5 6 13 27 32 
3
20 25 44 
6
3 13 17 26 32 44 
2
6 22 
6
21 27 36 38 40 41 
4
5 16 28 46 
6
7 26 32 37 40 50 
4
30 33 38 40 
6
2 7 21 27 31 34 
2
31 42 
3
4 31 37 
7
3 11 17 24 38 41 48 
5
11 12 13 25 38 
3
26 33 42 
5
12 13 24 34 50 
4
6 10 18 24 
6
9 11 15 21 36 39 
9
11 15 20 27 28 35 36 39 46 
5
5 11 33 37 38 
5
7 22 28 43 48 
9
8 10 23 25 26 36 39 44 47 
3
6 16 20 
4
7 13 26 48 
5
5 14 22 31 46 
4
11 22 34 42 
5
4 18 20 24 29 
4
18 35 37 46 
8
10 13 16 18 31 35 36 45 
6
5 12 23 32 44 49 
3
2 34 48 
5
1 22 31 34 42 
1
40 
5
21 26 33 40 46 
6
18 25 35 45 49 50 
5
1 22 26 30 33 
3
2 31 43 
7
1 7 18 24 28 35 36 
3
24 31 32 
6
15 19 25 26 42 50 
2
33 40 
6
3 24 26 27 35 36 
4
11 29 31 37 
9
7 9 11 15 23 26 28 31 41 
4
3 26 29 50 
2
27 44 
