200 50
1 1 1 1 1 1 1 1 1 1 1 1 
1 1 1 1 1 1 1 1 1 1 1 1 
1 1 1 1 1 1 1 1 1 1 1 1 
1 1 1 1 1 1 1 1 1 1 1 1 
1 1 
30
2 5 7 8 9 11 12 13 14 16 18 19 
21 23 25 27 28 29 32 34 36 37 41 42 
43 44 45 46 47 48 
23
1 2 4 10 13 14 17 19 20 22 24 25 
27 30 31 32 34 39 43 44 46 49 50 
23
3 4 5 7 10 12 16 17 20 24 26 27 
30 31 32 35 37 39 42 43 44 47 48 
24
2 4 5 6 7 8 12 13 14 16 19 20 
22 24 25 26 27 33 37 42 43 46 47 48 
22
1 2 6 13 14 15 17 19 20 25 29 31 
32 39 40 41 42 43 44 46 49 50 
24
2 3 5 8 11 12 14 16 23 25 26 27 
31 33 34 35 39 40 42 44 47 48 49 50 
22
3 4 6 7 12 14 16 19 21 23 25 26 
27 29 32 33 34 35 37 41 42 43 
25
1 3 5 6 7 9 10 11 13 15 16 21 
23 24 25 26 27 28 29 30 35 41 43 45 
48 
25
2 6 7 8 10 11 12 13 15 16 19 20 
23 27 29 32 34 36 38 40 43 44 45 46 
47 
34
1 2 3 4 5 6 7 8 10 11 13 16 
19 20 21 22 23 25 27 28 29 30 31 33 
34 37 40 42 43 46 47 48 49 50 
25
1 2 3 4 5 6 8 12 13 15 17 18 
19 23 24 28 31 36 37 45 46 47 48 49 
50 
27
5 6 8 9 10 12 13 17 18 19 20 21 
22 25 26 29 31 32 36 37 38 39 41 42 
43 45 48 
26
1 6 7 8 11 14 15 16 17 21 23 25 
26 28 30 33 34 35 36 38 39 40 43 45 
49 50 
22
1 3 4 5 6 9 10 11 12 14 15 17 
21 23 25 26 30 31 39 40 41 49 
28
1 4 5 6 7 11 13 15 16 17 19 20 
25 26 27 28 29 31 33 35 39 42 43 44 
46 47 48 49 
23
2 3 6 9 10 11 12 16 21 22 24 28 
29 36 38 41 43 44 45 47 48 49 50 
22
1 3 5 6 9 12 16 18 21 23 29 31 
34 35 37 39 40 41 44 45 46 50 
29
1 4 5 8 9 10 11 18 20 21 23 24 
26 29 30 33 36 37 38 39 40 41 42 43 
44 45 46 47 50 
24
1 3 5 7 8 10 12 14 16 17 18 24 
25 26 30 37 39 40 41 43 45 47 49 50 
24
5 6 8 10 11 12 14 15 16 20 23 24 
25 26 27 28 29 35 36 38 40 45 48 49 
20
4 5 6 9 12 17 18 19 20 21 23 24 
26 29 30 34 37 42 44 50 
28
3 5 7 9 10 12 15 16 18 19 23 24 
26 27 29 30 33 35 36 37 38 39 41 43 
44 47 48 50 
30
2 5 7 10 12 14 16 19 21 22 23 25 
27 28 29 31 32 33 34 35 36 37 41 42 
43 44 45 46 48 49 
27
1 2 4 5 8 9 12 13 14 15 17 19 
20 21 25 27 29 30 34 35 36 37 38 40 
43 46 49 
27
1 4 7 9 10 12 14 15 17 18 19 22 
23 24 25 26 28 29 31 35 36 38 40 42 
43 47 50 
27
1 2 3 4 8 9 11 13 14 16 17 19 
21 22 23 27 30 31 33 39 40 42 44 47 
48 49 50 
20
1 4 5 6 7 8 11 13 14 21 24 26 
28 29 32 34 36 41 42 46 
21
2 3 4 11 16 17 18 20 21 26 28 32 
33 34 36 38 39 43 46 47 48 
24
4 7 8 9 10 11 12 13 14 15 16 20 
22 23 25 29 30 34 38 40 41 44 45 50 
22
1 2 3 4 8 12 13 14 16 17 18 21 
23 24 27 30 32 36 37 39 40 45 
26
1 2 4 7 9 10 14 17 20 21 22 27 
28 30 31 32 33 35 37 38 41 42 44 46 
47 48 
26
1 4 12 14 16 20 22 23 25 26 28 29 
30 32 35 36 37 38 40 42 43 44 45 46 
47 49 
29
1 4 7 8 9 10 14 16 20 21 22 23 
24 25 26 27 30 31 33 35 37 38 39 40 
43 45 46 47 50 
24
2 7 8 10 11 12 14 15 16 17 23 24 
28 29 30 31 33 34 36 40 42 43 46 48 
24
1 2 6 7 9 10 11 12 13 16 17 18 
20 22 25 29 32 40 42 43 45 46 47 49 
26
1 3 4 6 7 9 10 11 13 14 17 19 
20 21 25 27 28 30 32 33 34 39 40 43 
44 48 
25
3 8 10 11 13 14 18 19 20 21 23 24 
26 27 28 29 32 34 37 38 42 43 45 49 
50 
29
2 3 4 5 6 9 10 11 12 15 16 18 
19 21 24 25 28 30 33 34 35 36 38 39 
40 43 44 46 49 
23
1 2 4 5 10 11 13 18 19 20 23 24 
25 28 30 31 34 38 39 40 43 44 48 
21
2 3 4 7 8 9 11 13 14 16 20 22 
25 26 30 32 33 35 36 43 49 
26
2 4 7 8 10 15 17 19 20 24 25 27 
28 29 30 31 34 37 38 39 40 41 43 45 
46 47 
23
2 4 6 7 8 9 11 13 14 15 20 21 
22 26 30 31 32 35 37 40 42 44 45 
28
4 6 8 9 11 12 14 15 16 17 19 20 
25 26 27 30 32 33 34 35 36 39 41 43 
45 46 48 50 
24
1 2 4 6 7 10 11 12 17 20 21 22 
24 27 30 31 35 39 41 42 43 47 48 49 
28
2 3 5 6 7 8 9 11 12 13 14 18 
22 24 26 27 31 34 35 36 37 39 40 41 
45 48 49 50 
23
2 3 4 5 6 7 8 9 14 16 21 26 
27 28 29 31 32 33 34 37 38 46 49 
27
2 3 4 5 6 9 11 13 14 15 17 18 
21 22 23 25 26 27 28 31 32 34 39 40 
44 45 49 
19
1 2 4 5 9 11 12 14 16 18 19 24 
29 33 36 37 39 47 50 
30
1 2 3 7 9 10 14 16 18 19 20 22 
23 26 28 29 30 31 32 33 34 35 36 37 
38 39 43 45 47 49 
21
1 2 7 9 10 12 13 16 18 23 26 27 
29 30 32 34 35 42 43 46 49 
22
1 3 4 8 10 16 18 19 21 23 26 30 
31 35 36 39 40 41 43 44 47 49 
26
2 4 5 6 8 9 11 14 16 18 19 20 
22 23 28 30 32 33 34 36 37 39 41 43 
45 47 
24
1 2 6 8 12 16 17 19 23 24 25 28 
29 32 34 35 36 38 40 41 42 48 49 50 
22
1 3 4 8 11 14 18 26 29 30 31 33 
36 37 38 39 40 43 44 45 48 49 
19
5 7 9 13 16 18 21 22 23 26 28 29 
30 31 34 38 40 44 50 
28
3 6 7 8 11 13 15 16 18 19 21 26 
28 29 31 33 37 38 39 40 41 42 43 44 
46 48 49 50 
23
1 3 4 6 14 15 17 20 21 23 27 30 
34 35 37 40 41 43 44 46 47 48 49 
17
4 5 11 13 14 17 18 20 27 30 31 34 
38 40 41 43 49 
27
4 5 7 8 10 11 12 15 21 23 24 26 
27 28 30 32 34 35 36 38 39 42 43 46 
47 49 50 
22
3 9 10 11 12 14 15 18 20 21 23 24 
26 27 29 31 38 39 41 46 47 49 
26
3 5 6 8 9 12 14 15 17 18 19 21 
22 24 26 28 29 30 33 35 37 38 43 46 
47 49 
26
1 2 3 6 9 10 12 14 16 18 19 21 
25 26 28 31 33 35 39 40 41 43 46 47 
49 50 
31
2 3 5 6 7 8 10 11 13 21 22 23 
24 26 27 28 29 30 32 33 35 36 37 38 
39 43 44 45 48 49 50 
27
2 5 6 7 9 12 13 14 15 23 25 26 
28 29 30 32 33 34 37 38 40 41 42 43 
46 47 48 
23
1 2 3 5 6 7 8 9 15 16 17 19 
21 23 25 26 32 33 37 39 40 44 46 
26
2 3 4 6 9 12 17 20 25 26 27 28 
29 30 31 32 34 35 36 37 39 41 42 44 
46 50 
25
3 4 6 7 10 11 13 16 19 21 23 24 
27 28 29 30 32 33 36 37 40 41 42 47 
48 
25
1 2 3 5 6 8 9 10 15 16 17 19 
22 23 26 27 29 35 38 40 41 43 44 45 
49 
34
1 2 3 4 5 7 8 9 10 12 13 14 
16 19 20 21 22 23 25 27 29 30 31 32 
34 35 41 42 43 44 45 46 48 50 
24
4 9 11 12 13 14 15 21 22 23 24 25 
28 29 31 32 36 38 40 41 43 47 48 49 
24
3 4 7 8 13 14 16 17 18 20 21 24 
27 34 35 37 38 40 41 42 43 45 46 50 
28
1 2 4 5 6 7 9 11 12 13 14 15 
18 20 23 24 25 26 29 31 35 40 42 44 
47 48 49 50 
34
1 6 7 10 11 12 13 14 15 16 18 19 
21 22 23 25 27 28 30 34 35 36 38 39 
40 41 42 43 44 45 46 48 49 50 
24
1 2 4 5 6 11 14 18 20 21 24 30 
33 35 36 37 39 40 43 44 45 46 49 50 
26
3 6 8 9 11 12 13 15 16 18 19 21 
23 24 26 29 30 31 32 35 36 39 41 43 
48 49 
29
2 3 8 9 10 12 13 16 17 18 19 21 
22 23 24 29 31 32 33 34 35 36 37 38 
40 42 44 46 50 
26
3 4 7 8 11 13 15 17 18 19 20 21 
22 23 25 27 32 34 35 37 38 39 40 43 
45 47 
23
1 2 5 7 9 11 12 20 24 25 29 30 
31 32 36 40 41 42 43 44 45 48 50 
27
7 10 11 12 13 17 18 21 22 25 26 27 
29 30 32 33 34 35 36 37 40 41 42 44 
46 48 50 
28
1 2 3 6 7 10 11 14 15 16 17 18 
20 22 24 27 31 33 34 36 37 39 40 41 
46 47 48 50 
26
1 5 7 8 9 13 16 18 21 22 25 26 
28 29 30 31 34 35 38 41 42 43 45 48 
49 50 
30
2 3 4 9 10 11 12 13 16 19 20 21 
23 25 27 28 30 31 32 34 36 38 41 42 
45 46 47 48 49 50 
25
1 2 3 5 10 14 17 18 19 21 22 24 
25 26 27 30 31 36 37 38 39 40 44 47 
49 
27
1 3 4 7 8 9 10 11 13 14 15 21 
22 24 25 26 30 31 33 34 35 37 39 41 
42 45 48 
31
1 2 4 5 7 9 10 11 14 15 16 17 
22 23 25 29 30 31 32 33 35 37 38 39 
40 41 42 43 45 47 49 
28
5 6 7 10 11 14 15 16 17 18 21 22 
24 25 26 27 33 34 36 38 40 41 43 44 
45 46 47 48 
27
2 3 6 10 12 13 14 16 18 19 23 24 
27 28 29 32 34 37 38 39 40 42 43 45 
47 49 50 
23
2 4 6 8 15 16 17 18 19 20 28 32 
34 35 36 38 39 40 41 42 43 46 48 
28
1 2 6 7 9 11 13 14 15 16 17 19 
20 22 23 27 29 35 38 39 40 41 42 44 
45 46 47 48 
22
2 6 7 8 9 10 13 15 16 18 19 22 
23 25 29 30 31 42 43 44 46 49 
28
4 5 8 10 11 12 13 14 15 19 22 24 
27 28 29 30 31 32 33 34 35 36 38 41 
46 47 48 49 
22
2 4 9 10 11 13 17 18 20 22 25 26 
27 28 29 30 31 34 42 44 47 50 
27
1 2 4 5 6 12 13 15 17 20 21 23 
25 27 28 32 33 34 35 36 37 39 40 42 
44 49 50 
21
1 5 6 9 10 12 13 14 15 16 18 21 
24 25 27 28 33 43 46 47 49 
24
1 2 4 6 12 14 15 16 17 19 20 23 
24 27 28 30 31 35 39 41 43 47 48 50 
22
9 12 13 14 16 18 21 22 24 25 26 29 
32 33 36 37 39 40 42 43 44 50 
24
2 6 8 9 11 13 16 19 20 22 23 25 
26 31 32 33 34 35 38 39 42 45 46 50 
23
1 2 3 6 9 10 11 15 17 19 20 21 
23 31 33 34 37 41 44 46 47 48 50 
28
1 6 7 8 9 10 11 12 15 16 18 19 
20 27 29 31 33 34 35 38 39 40 42 43 
44 46 48 49 
28
2 3 4 11 12 13 14 15 17 19 20 21 
22 24 26 27 28 29 34 36 37 38 39 41 
44 46 47 49 
27
5 6 7 9 10 14 15 17 18 22 24 25 
27 30 31 32 33 34 36 37 40 42 43 46 
47 48 49 
31
1 2 3 5 8 9 10 12 13 14 15 17 
18 20 23 26 27 28 31 33 34 35 37 38 
39 40 42 43 46 47 50 
24
5 8 11 12 14 15 16 17 20 21 23 25 
26 29 30 32 34 36 39 40 43 44 47 50 
27
2 4 5 6 10 11 12 13 14 18 20 23 
24 27 30 31 32 33 34 37 38 40 42 45 
48 49 50 
23
3 7 9 10 11 12 14 17 21 23 25 26 
29 31 32 35 41 42 43 44 46 47 50 
30
2 3 4 5 6 7 8 11 12 18 19 22 
23 24 25 26 28 30 32 35 36 37 38 40 
42 43 45 46 48 50 
28
1 3 4 5 6 7 9 10 11 15 16 17 
18 20 21 22 25 26 28 30 32 33 35 40 
41 44 45 50 
22
1 2 4 5 6 9 17 18 21 25 28 29 
30 32 34 35 40 41 43 46 48 50 
28
1 2 3 5 6 7 10 12 13 14 15 17 
18 21 23 26 28 29 33 35 36 37 40 42 
46 47 49 50 
17
2 3 6 8 11 12 13 15 19 29 30 40 
44 46 47 48 50 
28
2 4 6 9 10 12 14 18 22 23 24 25 
26 27 29 30 31 34 35 37 39 40 42 44 
45 46 47 48 
25
2 3 5 7 9 11 14 18 19 22 24 26 
27 28 29 33 36 38 40 41 42 43 44 49 
50 
28
1 2 4 6 7 12 14 15 16 18 19 20 
21 26 28 29 32 33 34 35 36 37 38 40 
41 43 45 49 
31
1 3 4 5 8 9 16 17 20 22 23 24 
28 29 30 31 32 33 34 35 36 37 38 39 
40 41 43 44 45 47 48 
23
3 4 6 8 11 12 13 19 22 23 24 26 
27 29 33 34 39 40 41 43 44 47 49 
26
1 2 4 7 8 11 12 13 15 16 17 19 
21 22 24 27 28 31 33 35 38 40 41 43 
48 50 
28
2 6 7 9 10 14 16 17 18 19 20 21 
23 25 26 30 33 35 37 39 40 41 43 44 
45 48 49 50 
24
1 4 5 9 14 15 16 17 19 27 28 29 
30 32 33 34 38 39 42 43 45 46 48 50 
21
2 3 5 9 11 13 15 18 19 20 23 25 
29 30 31 32 37 38 41 42 49 
27
1 2 4 5 8 10 12 14 17 19 21 22 
24 25 26 28 31 33 36 38 40 41 44 45 
47 49 50 
28
1 2 3 5 10 11 12 13 19 20 22 23 
24 26 29 30 32 33 34 35 36 37 38 39 
40 42 45 49 
24
2 5 7 8 10 12 13 15 16 18 19 20 
23 24 25 26 30 31 34 40 43 44 46 49 
29
3 6 7 9 10 14 15 17 18 19 20 21 
23 24 25 26 28 29 34 35 36 38 41 43 
45 46 48 49 50 
23
1 6 8 11 12 14 15 16 18 20 21 22 
26 29 30 31 33 35 40 42 43 47 49 
32
2 3 4 6 7 8 9 11 14 15 17 20 
21 22 23 24 25 27 30 31 32 33 36 37 
38 39 40 42 43 44 46 48 
35
1 4 6 7 8 9 10 11 17 18 19 20 
21 22 23 24 25 27 28 29 30 31 32 33 
34 35 38 39 40 41 44 46 47 49 50 
25
1 2 3 5 7 8 10 11 12 13 14 17 
18 20 22 23 30 31 32 41 42 43 44 47 
48 
25
1 2 7 10 12 13 14 15 17 19 24 27 
28 30 32 33 37 39 40 41 42 44 45 46 
50 
22
9 10 13 15 16 17 18 20 21 24 25 28 
29 31 33 34 35 38 40 42 43 49 
26
3 6 8 9 11 13 19 20 21 23 25 27 
29 32 33 34 35 36 37 38 39 43 45 47 
48 50 
27
2 9 12 14 16 17 19 21 23 24 26 28 
29 30 31 32 33 34 35 36 39 40 43 45 
47 49 50 
23
2 3 4 8 10 13 18 19 26 27 28 33 
34 36 38 41 42 43 44 45 47 48 50 
27
1 2 4 7 8 10 14 15 16 24 26 27 
28 30 31 32 33 37 38 40 41 42 45 46 
47 48 49 
20
2 4 12 15 17 18 19 20 22 25 26 33 
36 37 38 39 40 46 47 49 
23
2 6 8 9 12 15 19 20 23 24 25 26 
27 31 34 37 38 41 44 45 47 48 49 
30
1 2 4 5 9 10 11 12 13 16 17 18 
19 20 21 22 23 25 29 31 32 33 36 37 
38 41 42 45 47 48 
26
1 2 4 6 7 8 12 13 14 15 18 22 
23 24 25 26 28 30 31 33 34 40 41 44 
45 50 
29
1 2 4 5 7 11 12 13 17 19 21 22 
23 24 29 30 32 34 36 37 38 39 40 42 
43 47 48 49 50 
34
1 2 3 4 5 6 8 9 11 13 14 18 
19 20 21 23 27 28 29 30 32 33 35 36 
37 39 41 42 44 45 46 47 48 49 
21
1 3 4 6 7 8 10 11 18 20 22 23 
24 29 30 33 35 44 45 46 47 
22
1 4 5 10 11 15 16 24 27 28 29 32 
35 36 40 41 43 44 46 47 48 49 
24
3 5 6 7 10 11 14 18 19 20 22 25 
27 29 30 34 35 38 39 40 41 45 48 50 
26
1 4 5 6 7 9 10 11 14 16 17 18 
19 24 25 27 30 31 34 37 38 39 40 42 
45 48 
23
1 3 5 7 8 11 14 15 16 20 24 28 
29 32 36 39 40 43 45 46 47 48 50 
28
2 4 6 7 9 12 17 18 19 20 21 22 
23 24 26 28 29 30 31 32 36 38 40 41 
42 45 46 47 
19
2 5 9 10 21 23 25 26 29 30 32 34 
36 37 39 41 43 45 47 
23
4 8 12 14 18 19 22 23 24 25 26 27 
34 35 36 37 38 39 41 44 45 47 50 
19
1 6 12 13 14 16 18 19 22 25 26 30 
34 42 43 44 46 48 50 
25
2 7 11 12 13 14 15 18 19 20 21 22 
26 27 30 35 37 40 41 42 43 44 45 47 
49 
22
1 3 5 6 10 12 15 17 18 19 21 25 
27 28 29 33 36 37 38 43 47 50 
25
1 2 4 5 8 9 11 17 23 24 25 27 
28 29 32 35 40 41 42 44 45 46 47 49 
50 
30
3 4 5 6 7 9 10 12 13 15 16 17 
19 20 21 25 26 28 29 31 33 36 38 39 
42 43 44 45 47 49 
28
1 3 4 5 7 8 11 13 15 17 18 19 
22 25 27 28 29 32 36 38 39 41 42 43 
46 48 49 50 
21
2 3 4 5 7 8 10 13 15 16 18 22 
23 28 29 33 35 42 45 46 48 
25
5 7 8 9 10 12 13 15 19 23 25 26 
28 30 31 33 34 37 39 40 42 43 44 45 
49 
23
3 4 6 14 15 16 17 19 23 24 27 28 
33 35 36 37 39 40 41 44 47 48 49 
26
1 2 5 8 9 10 13 14 15 18 19 22 
26 28 30 31 32 35 36 39 40 42 45 47 
48 49 
25
1 2 3 5 6 7 11 14 15 17 18 20 
21 22 28 31 32 35 36 38 41 43 47 48 
49 
22
3 4 5 6 8 9 11 13 16 19 21 23 
27 28 29 30 31 35 38 39 46 49 
20
5 6 8 12 14 16 18 20 21 22 27 30 
35 38 39 42 43 45 48 49 
34
1 5 6 7 8 9 10 12 13 14 15 20 
21 23 24 25 27 28 29 30 31 33 34 35 
38 39 40 42 43 44 45 47 48 50 
28
1 2 4 5 6 7 8 9 11 15 16 17 
19 24 25 28 31 32 35 36 37 39 40 41 
43 44 46 47 
28
3 4 5 7 11 12 13 15 17 18 21 23 
24 25 26 28 31 32 33 34 37 39 40 42 
43 46 47 50 
27
3 4 5 11 12 13 15 16 19 21 22 23 
26 27 29 30 31 32 34 35 37 38 39 40 
41 47 49 
22
1 4 5 10 14 15 19 20 27 28 29 30 
32 34 36 39 42 43 46 47 49 50 
28
1 4 5 6 7 9 10 16 20 21 22 26 
27 28 29 31 32 34 37 38 39 40 41 44 
45 46 47 48 
30
1 2 5 6 7 11 12 13 15 16 17 19 
20 21 23 25 26 27 29 31 33 36 39 41 
42 43 44 46 47 48 
28
4 5 6 8 13 14 16 17 18 19 22 23 
25 26 28 29 30 31 32 34 35 36 39 41 
44 46 47 50 
29
1 2 4 6 10 12 13 15 16 19 20 21 
22 24 25 26 28 30 31 32 35 36 39 44 
45 46 48 49 50 
28
2 3 6 8 9 12 13 15 17 19 20 22 
23 25 26 28 30 32 33 35 36 38 39 40 
45 46 48 49 
16
4 7 10 15 22 25 27 31 32 33 37 39 
42 44 48 49 
27
1 2 3 4 5 9 13 14 16 17 18 19 
21 25 28 30 33 34 35 36 37 41 44 45 
46 49 50 
25
3 5 7 8 9 10 13 14 17 22 23 25 
29 30 32 33 37 40 42 43 44 45 47 48 
50 
27
1 4 5 9 11 12 13 14 16 17 20 22 
26 27 28 30 31 32 33 36 37 38 41 43 
47 48 50 
27
1 6 7 9 10 11 12 14 15 16 17 18 
20 24 25 27 29 31 35 37 38 39 42 43 
45 46 48 
23
1 2 8 9 14 20 21 24 25 26 27 28 
30 35 36 38 42 43 44 45 46 48 49 
26
5 7 9 10 11 13 16 17 18 19 21 22 
23 26 29 31 33 35 36 38 39 41 44 45 
46 48 
27
1 2 3 4 10 18 19 20 21 22 25 26 
27 29 32 33 34 36 38 39 41 42 44 45 
46 47 48 
17
1 3 7 8 12 17 19 22 25 26 28 30 
35 36 38 40 48 
29
5 6 7 8 9 11 12 15 17 18 20 21 
25 26 27 28 31 34 35 37 38 39 40 41 
42 45 47 49 50 
23
1 2 3 9 11 12 13 18 20 21 26 27 
28 31 32 33 36 40 41 43 44 45 46 
26
5 7 13 14 15 16 18 20 22 23 24 27 
29 30 31 33 34 35 36 38 39 40 46 47 
48 49 
25
1 2 3 4 5 8 10 13 14 16 18 20 
22 24 26 29 31 32 34 35 39 42 43 49 
50 
31
1 3 4 5 6 7 9 10 14 15 17 18 
19 22 24 25 26 30 31 33 34 35 36 37 
38 43 44 45 47 48 50 
24
2 4 5 6 9 10 13 14 16 25 26 27 
28 29 31 33 34 36 40 44 45 47 48 50 
18
3 6 9 10 15 16 18 20 23 25 30 32 
33 34 36 39 42 44 
23
2 4 5 6 7 8 9 11 12 13 21 25 
27 30 31 39 42 43 44 45 47 49 50 
28
2 3 4 6 7 8 9 11 12 15 16 18 
23 24 25 28 30 31 33 35 36 37 39 40 
42 44 47 50 
26
1 4 7 11 12 14 17 19 20 21 24 29 
30 31 32 33 34 37 38 39 40 42 43 46 
47 48 
33
1 2 3 5 6 9 11 12 13 14 15 16 
19 21 22 23 26 27 28 29 31 32 33 35 
37 40 41 42 43 45 46 47 50 
23
4 5 9 10 11 12 13 16 17 18 19 22 
23 24 26 29 30 34 35 36 40 41 44 
23
2 5 6 8 10 12 13 14 16 18 19 20 
21 30 33 34 35 36 38 41 42 45 50 
27
1 2 4 5 7 9 11 12 19 20 22 26 
31 32 33 34 35 37 38 39 40 41 44 46 
47 48 50 
24
1 3 4 5 6 7 14 16 17 18 22 23 
27 29 30 31 32 33 35 36 40 48 49 50 
27
1 2 3 5 6 8 9 11 14 15 16 17 
18 19 22 23 32 34 35 38 40 41 42 43 
44 47 50 
24
1 3 4 5 10 11 12 16 18 20 21 23 
25 27 28 30 31 33 34 36 41 46 47 50 
23
4 7 8 12 13 17 19 22 25 26 27 29 
32 33 35 37 39 40 41 44 45 48 49 
26
2 3 5 6 9 13 14 15 17 19 21 22 
23 25 28 29 30 31 32 33 34 35 41 44 
47 48 
28
4 5 7 8 9 11 12 13 14 16 17 20 
21 27 29 30 31 32 33 39 40 41 42 43 
45 46 48 49 
22
4 5 8 9 15 22 24 26 28 32 33 34 
35 36 37 40 41 42 43 45 48 50 
